   7  1 85  0.0
  72.5 321.4 72.1 321.6 71.8 321.9 71.5 322.5 71.2 323.1 70.9 323.7 70.6 324.3
  70.4 325.0 70.1 325.8 69.9 326.5 69.6 327.6 69.4 328.6 69.2 329.7 68.9 330.8
  68.7 331.8 68.4 332.8 68.1 333.8 67.8 334.7 67.6 335.6 67.3 336.4 67.0 337.2
  66.8 338.0 66.5 338.8 66.2 339.6 66.0 340.4 65.7 341.2 65.5 341.9 65.2 342.6
  65.0 343.4 64.7 344.1 64.5 344.9 64.3 345.6 64.1 346.4 63.8 347.2 63.7 347.8
  63.5 348.4 63.4 349.0 63.3 349.7 63.2 350.4 63.1 351.2 63.0 352.0 62.9 352.8
  62.9 353.8 62.9 354.9 62.9 356.0 62.9 357.2 62.8 358.5 62.8 359.7 62.7   1.0
  62.5   1.6 62.4   2.2 62.2   2.7 62.0   3.2 61.8   3.7 61.6   4.1 61.4   4.5
  61.3   4.8 61.1   5.2 60.9   5.5 60.8   5.8 60.6   6.1 60.5   6.4 60.3   6.7
  60.1   7.0 60.0   7.3 59.8   7.4 59.7   7.5 59.6   7.7 59.5   7.9 59.4   8.1
  59.4   8.3 59.4   8.5 59.4   8.8 59.5   9.0 59.5   9.3 59.5   9.6 59.5   9.9
  59.4  10.1 59.4  10.4 59.3  10.7 59.2  11.0 59.0  11.3 58.9  11.6 58.7  12.0
  58.5  12.3 58.5  12.7 58.4  13.0 58.3  13.4 58.2  13.7 58.0  14.1 57.9  14.5
  57.7  14.7 57.5  15.0 57.3  15.3 57.1  15.5 56.8  15.8 56.5  16.1 56.2  16.4
  55.9  16.7 55.6  16.7 55.2  16.8 54.9  16.8 54.5  16.8 54.2  16.9 53.8  16.9
  53.5  16.6 53.1  16.4 52.8  16.1 52.5  15.8 52.2  15.6 51.9  15.3 51.6  14.9
  51.3  14.5 51.1  14.1 50.9  13.7 50.7  13.3 50.6  12.9 50.4  12.5 50.3  12.1
  50.2  11.7 50.2  11.3 50.2  10.9 50.2  10.6 50.2  10.2 50.2   9.8 50.2   9.4
  50.2   8.9 50.1   8.5 50.1   8.1 50.1   7.7 50.2   7.2 50.3   6.8 50.3   6.3
  50.4   5.8 50.4   5.4 50.5   4.9 50.5   4.4 50.5   3.8 50.5   3.3 50.6   2.7
  50.6   2.1 50.6   1.5 50.6   0.9 50.7   0.3 50.7 359.6 50.7 358.6 50.8 357.5
  50.8 356.4 50.9 355.2 51.0 354.0 51.1 352.7 51.1 351.4 51.2 350.1 51.2 348.7
  51.2 347.3 51.2 345.9 51.1 344.5 51.0 343.1 50.8 341.8 50.6 340.4 50.4 339.1
  50.1 337.7 49.8 336.4 49.5 334.7 49.2 333.0 48.8 331.3 48.5 329.5 48.2 327.9
  47.9 326.2 47.7 324.8 47.4 323.4 47.2 322.2 47.1 321.0 46.9 319.8 46.8 318.8
  46.8 317.8 46.7 316.8 46.5 315.9 46.6 315.1 46.7 314.2 46.7 313.5 46.8 312.8
  46.8 312.1 46.8 311.5 47.1 310.9 47.3 310.3 47.6 309.8 47.9 309.3 48.2 308.8
  48.5 308.4 48.8 308.1 49.1 307.8 49.5 307.4 50.0 307.1 50.4 306.7 50.9 306.6
  51.3 306.4 51.8 306.2 52.3 305.9 52.8 305.9 53.3 305.8 53.9 305.7 54.4 305.6
  54.9 305.7 55.4 305.9 56.0 306.0 56.5 306.1 57.0 306.5 57.4 306.8 57.9 307.1
  58.3 307.5 58.7 307.9 59.1 308.3 59.4 308.7 59.6 309.2 59.9 309.6 60.1 310.1
  60.3 310.3 60.5 310.5 60.8 310.8 61.0 311.1 61.2 311.4 61.4 311.7 61.6 312.0
  61.7 312.3 61.9 312.7 62.0 313.1 62.1 313.5 62.2 313.6 62.4 313.8 62.5 314.0
  62.6 314.2 62.7 314.4 62.8 314.6 62.9 314.8 62.9 315.0 63.0 315.1 63.1 315.3
  63.1 315.5 63.2 315.6 63.3 315.8
   7  2 85  0.0
  72.5 321.4 72.3 321.6 72.1 321.9 72.0 322.2 71.8 323.0 71.7 323.8 71.5 324.7
  71.4 325.5 71.3 326.3 71.1 327.1 71.0 327.9 70.9 328.7 70.7 329.5 70.6 330.3
  70.5 331.0 70.3 331.7 70.1 332.4 69.9 333.1 69.7 334.0 69.4 334.9 69.2 335.7
  68.9 336.5 68.6 337.2 68.2 337.9 67.9 338.6 67.6 339.4 67.2 340.2 66.8 340.9
  66.3 341.5 65.9 342.1 65.4 342.7 65.0 343.2 64.6 343.7 64.2 344.2 63.8 344.7
  63.5 344.9 63.2 345.2 62.9 345.5 62.6 345.8 62.3 346.2 62.0 346.5 61.8 346.9
  61.5 347.1 61.3 347.4 61.0 347.6 60.7 347.9 60.4 348.1 60.2 348.4 60.0 348.6
  59.8 348.7 59.6 348.6 59.5 348.6 59.3 348.5 59.2 348.5 59.1 348.4 59.0 348.2
  58.9 348.1 58.9 347.9 58.7 347.7 58.5 347.5 58.3 347.2 58.1 347.0 58.0 346.7
  57.9 346.4 57.9 345.9 57.8 345.3 57.8 344.8 57.9 344.2 57.9 343.6 57.9 343.0
  57.8 342.4 57.8 341.8 57.9 341.2 57.9 340.5 58.0 339.8 57.9 339.1 58.0 338.3
  58.0 337.6 58.0 336.8 58.1 336.1 58.2 335.4 58.2 334.7 58.3 334.0 58.3 333.3
  58.4 332.6 58.5 331.9 58.5 331.2 58.6 330.5 58.6 329.8 58.7 329.1 58.8 328.4
  58.8 327.7 59.0 326.9 59.1 326.1 59.2 325.2 59.2 324.3 59.3 323.3 59.4 322.3
  59.5 321.3 59.7 320.3 59.7 319.3 59.9 318.2 60.0 317.2 60.1 316.2 60.2 315.1
  60.3 314.0 60.5 312.9 60.6 311.7 60.8 310.5 61.0 309.3 61.1 308.1 61.3 306.9
  61.4 305.7 61.5 304.4 61.6 303.1 61.8 301.8 61.9 300.4 62.0 299.0 62.3 297.7
  62.5 296.4 62.7 295.1 62.9 293.8 63.1 292.6 63.3 291.4 63.4 290.3 63.6 289.2
  63.7 288.1 63.8 287.1 63.9 286.0 64.0 285.0 64.1 284.0 64.2 282.9 64.3 282.0
  64.4 281.0 64.5 280.1 64.6 279.2 64.6 278.3 64.6 277.5 64.6 276.7 64.6 276.0
  64.6 275.2 64.7 274.5 64.7 273.8 64.7 273.0 64.8 272.3 64.9 271.6 64.9 270.8
  64.9 270.1 64.9 269.4 64.9 268.8 64.9 268.1 65.0 267.4 65.0 266.8 65.0 266.1
  65.1 265.5 65.1 264.8 65.2 264.2 65.3 263.6 65.4 263.0 65.4 262.4 65.5 261.9
  65.6 261.3 65.7 260.8 65.8 260.3 65.9 259.9 66.0 259.4 66.1 258.9 66.2 258.3
  66.3 257.6 66.5 257.0 66.6 256.4 66.8 255.8 66.9 255.2 67.0 254.7 67.2 254.3
  67.3 253.8 67.5 253.4 67.7 253.1 67.9 252.7 68.1 252.4 68.4 251.9 68.5 251.4
  68.7 250.9 68.9 250.5 69.1 250.1 69.3 249.8 69.5 249.5 69.8 249.3 70.0 249.0
  70.2 248.8 70.5 248.2 70.7 247.6 70.9 247.1 71.0 246.6 71.2 246.1 71.3 245.6
  71.5 245.2 71.7 244.8 71.9 244.5 72.1 244.1 72.4 243.3 72.5 242.5 72.6 241.8
  72.7 241.0 72.8 240.2 72.9 239.5 73.0 238.7 73.0 238.0 73.1 237.3 73.1 236.6
  73.2 236.0 73.2 235.3 73.2 234.7 73.2 234.1 73.2 233.5 73.2 232.8 73.2 232.2
  73.1 231.6 73.1 231.0 73.0 230.5 73.0 229.9 72.9 229.3 72.9 228.8 72.8 228.2
  72.8 227.7 72.7 227.2 72.7 226.7 72.6 226.2 72.6 225.7 72.5 225.2 72.5 224.7
  72.4 224.2 72.4 223.8 72.4 223.3 72.4 222.9 72.4 222.4 72.3 222.0 72.3 221.5
  72.3 221.1 72.3 220.7 72.2 220.3
   7  3 85  0.0
  72.5 321.4 72.3 321.8 72.2 322.2 72.0 322.6 71.9 323.1 71.8 324.0 71.6 325.0
  71.5 326.0 71.4 327.0 71.3 328.1 71.1 329.1 71.0 330.1 70.8 331.1 70.7 332.0
  70.5 333.0 70.3 333.9 70.1 334.8 69.9 335.6 69.7 336.8 69.3 337.8 69.0 338.8
  68.6 339.6 68.2 340.4 67.7 341.1 67.2 341.6 66.7 342.1 66.1 342.5 65.5 342.9
  64.9 343.0 64.3 343.1 63.7 343.2 63.1 343.0 62.5 342.7 61.8 342.5 61.2 341.8
  60.5 341.2 59.9 340.6 59.2 339.7 58.4 338.8 57.5 337.9 56.8 336.8 56.1 335.6
  55.3 334.4 54.6 333.0 54.0 331.6 53.3 330.4 52.6 329.0 52.0 327.7 51.3 326.5
  50.6 325.2 49.9 324.0 49.4 322.6 49.0 321.3 48.6 320.0 48.2 318.6 47.9 317.4
  47.6 316.1 47.3 315.0 46.9 313.9 46.5 312.8 46.1 311.8 45.7 310.8 45.3 309.7
  44.9 308.6 44.6 307.4 44.3 306.4 44.1 305.4 43.7 304.5 43.4 303.5 43.1 302.6
  42.8 301.7 42.4 300.9 41.9 300.2 41.5 299.2 41.1 298.3 40.7 297.3 40.3 296.5
  39.8 295.6 39.5 294.7 39.1 293.7 38.7 292.8 38.3 291.9 38.1 291.0 37.8 290.1
  37.6 289.2 37.4 288.2 37.2 287.3 37.2 286.4 37.2 285.5 37.3 284.6 37.3 283.8
  37.6 283.0 37.9 282.2 38.2 281.6 38.6 281.0 39.0 280.4 39.4 279.9 39.8 279.5
  40.3 279.1 40.8 279.0 41.3 279.0 41.9 279.0 42.4 279.1 42.9 279.5 43.4 280.0
  43.9 280.5 44.3 281.1 44.7 281.9 45.1 282.7 45.5 283.5 45.9 284.4 46.2 285.4
  46.6 286.4 46.9 287.6 47.2 288.8 47.2 290.0 47.3 291.3 47.3 292.6 47.1 293.9
  46.9 295.1 46.7 296.2 46.4 297.3 46.1 298.2 45.7 299.1 45.3 299.9 44.9 300.7
  44.5 301.3 44.1 301.9 43.6 302.3 43.1 302.6 42.6 302.8 42.1 302.9 41.5 303.1
  40.9 303.0 40.4 302.8 39.7 302.7 39.1 302.4 38.5 302.0 37.9 301.7 37.3 301.1
  36.7 300.6 36.2 299.9 35.5 299.3 35.0 298.4 34.5 297.6 34.0 296.6 33.5 295.6
  33.4 294.4 33.3 293.3 33.2 292.0 33.2 290.7 33.4 289.4 33.7 288.1 34.0 287.0
  34.6 285.6 35.2 284.5 35.9 283.6 36.5 282.8 37.2 281.9 37.9 281.2 38.7 280.6
  39.6 280.0 40.2 279.4 40.8 278.9 41.4 278.4 42.1 277.9 42.8 277.5 43.5 277.0
  44.3 276.5 45.2 276.1 46.0 275.6 46.3 275.1 46.7 274.7 47.0 274.2 47.4 273.7
  47.8 273.1 48.2 272.6 48.7 272.1 49.2 271.5 49.3 270.9 49.4 270.3 49.6 269.7
  49.8 269.1 50.0 268.4 50.2 267.8 50.1 267.1 50.1 266.4 50.0 265.8 49.9 265.1
  49.9 264.3 49.9 263.6 49.6 262.9 49.4 262.1 49.2 261.3 49.0 260.6 48.8 259.8
  48.4 259.0 48.1 258.2 47.8 257.3 47.5 256.6 47.2 255.8 46.7 255.0 46.2 254.2
  45.7 253.3 45.3 252.7 45.0 251.9 44.4 251.2 44.0 250.3 43.6 249.7 43.2 249.1
  42.8 248.4 42.5 247.7 42.1 247.0 41.8 246.2 41.5 245.7 41.2 245.3 40.9 244.8
  40.7 244.4 40.4 243.9 40.2 243.4 40.0 242.9 39.8 242.8 39.6 242.7 39.4 242.6
  39.1 242.5 38.9 242.4 38.7 242.3 38.5 242.3 38.3 242.2 38.1 242.1 37.8 242.0
  37.6 242.2 37.3 242.3 37.1 242.4 36.8 242.5 36.5 242.6 36.2 242.7 35.9 242.8
  35.6 242.9 35.2 243.1 34.9 243.2
   7  4 85  0.0
  72.5 321.4 72.4 321.7 72.2 321.9 72.1 322.2 71.9 322.5 71.8 322.8 71.7 323.2
  71.6 323.6 71.5 324.1 71.3 324.6 71.2 325.2 71.1 325.8 70.9 326.5 70.8 327.2
  70.7 327.9 70.5 328.7 70.3 329.6 70.1 330.4 69.9 331.2 69.7 332.2 69.5 333.3
  69.2 334.3 68.9 335.4 68.5 336.5 68.1 337.5 67.6 338.6 67.1 339.2 66.6 339.9
  66.1 340.5 65.5 341.0 64.9 341.2 64.3 341.4 63.6 341.6 62.9 341.4 62.1 341.2
  61.3 341.1 60.5 340.6 59.7 340.2 58.9 339.4 58.1 338.7 57.2 338.0 56.4 337.0
  55.7 336.0 54.9 335.0 54.3 333.9 53.6 332.8 52.9 331.7 52.4 330.5 51.9 329.3
  51.4 328.1 50.8 326.8 50.5 325.5 50.1 324.2 49.8 322.8 49.5 321.5 49.3 320.2
  49.1 318.7 49.0 317.3 48.9 315.8 48.9 314.2 49.0 312.7 49.0 311.2 49.2 309.7
  49.4 308.3 49.6 307.0 50.0 305.7 50.4 304.4 50.8 303.1 51.4 301.8 51.9 300.6
  52.5 299.4 53.2 298.2 53.9 297.0 54.6 295.8 55.2 294.7 55.9 293.5 56.5 292.4
  57.2 291.3 57.8 290.2 58.4 289.2 59.1 288.1 59.8 287.0 60.4 285.9 61.0 284.8
  61.6 283.6 62.2 282.5 62.8 281.4 63.3 280.2 63.9 279.1 64.4 277.9 64.8 276.8
  65.3 275.6 65.7 274.3 66.1 273.0 66.5 271.7 66.8 270.3 67.1 268.9 67.5 267.5
  67.8 266.1 68.0 264.7 68.4 263.3 68.6 262.0 68.8 260.6 69.0 259.2 69.1 257.8
  69.2 256.4 69.3 255.0 69.3 253.6 69.3 252.2 69.3 250.9 69.4 249.6 69.4 248.4
  69.4 247.2 69.4 246.1 69.4 245.1 69.4 244.0 69.4 243.0 69.4 242.0 69.3 241.0
  69.3 240.1 69.2 239.1 69.2 238.1 69.1 237.2 69.1 236.3 69.1 235.5 69.1 234.7
  69.1 233.9 69.1 233.1 69.1 232.2 69.1 231.4 69.2 230.6 69.2 229.7 69.2 228.8
  69.2 227.9 69.3 227.0 69.3 226.1 69.3 225.1 69.2 224.2 69.2 223.2 69.2 222.2
  69.1 221.2 69.1 220.2 69.0 219.0 69.0 217.9 69.1 216.6 69.1 215.3 69.2 213.8
  69.2 212.4 69.3 210.8 69.4 209.2 69.5 207.5 69.6 205.8 69.6 204.0 69.7 202.1
  69.7 200.0 69.7 197.9 69.6 195.7 69.5 193.3 69.4 191.0 69.2 188.7 69.1 186.4
  68.9 184.2 68.7 182.0 68.4 179.9 68.2 177.8 68.0 175.7 67.8 173.7 67.6 171.9
  67.4 170.0 67.1 168.1 66.9 166.3 66.6 164.5 66.4 162.7 66.0 160.9 65.7 159.3
  65.4 157.6 65.2 156.0 64.9 154.3 64.7 152.6 64.5 150.8 64.3 149.1 64.2 147.4
  64.1 145.7 64.1 143.9 64.1 142.2 64.2 140.5 64.2 138.8 64.3 137.1 64.3 135.4
  64.5 133.7 64.6 132.1 64.8 130.5 65.0 129.0 65.2 127.4 65.4 126.0 65.7 124.6
  65.9 123.4 66.2 122.2 66.5 121.1 66.7 120.0 67.0 118.9 67.2 117.9 67.5 116.8
  67.7 115.9 68.0 114.9 68.4 114.3 68.7 113.7 69.1 113.0 69.4 112.4 69.8 111.9
  70.2 111.3 70.6 110.9 71.0 110.5 71.5 110.2 72.0 109.8 72.4 109.5 73.0 109.0
  73.5 108.5 74.0 108.0 74.5 107.4 75.0 106.3 75.5 105.3 76.0 104.2 76.4 103.1
  77.0 101.4 77.4  99.7 77.9  97.8 78.3  95.8 78.7  93.5 79.1  90.9 79.4  88.2
  79.7  85.4 80.0  82.5 80.4  79.8 80.7  79.4 81.0  78.9 81.3  78.4 81.6  78.0
  82.0  77.5 82.3  77.1 82.8  76.7
   7  5 85  0.0
  72.5 321.4 72.5 321.3 72.4 321.3 72.4 321.3 72.4 321.3 72.4 321.3 72.3 321.4
  72.3 321.5 72.2 321.6 72.2 321.7 72.1 321.9 72.0 322.1 72.0 322.3 71.9 322.3
  71.8 322.3 71.8 322.3 71.7 322.4 71.6 322.4 71.5 322.5 71.4 322.5 71.3 322.6
  71.2 322.7 71.1 322.8 71.0 322.9 70.9 323.0 70.8 323.2 70.7 323.3 70.6 323.6
  70.5 323.8 70.4 324.2 70.2 324.5 70.1 324.9 69.9 325.4 69.8 325.9 69.7 326.5
  69.5 327.1 69.4 327.7 69.3 328.4 69.1 329.1 68.8 329.9 68.6 330.7 68.4 331.5
  68.1 332.4 67.8 333.2 67.5 334.0 67.1 334.8 66.7 335.5 66.3 336.2 65.7 336.9
  65.2 337.3 64.6 337.6 64.0 337.9 63.3 338.2 62.7 338.1 61.9 338.0 61.2 337.5
  60.5 337.1 59.7 336.7 58.9 336.0 58.1 335.3 57.4 334.6 56.7 333.5 56.0 332.4
  55.3 331.4 54.8 330.2 54.2 329.0 53.7 327.9 53.3 326.7 53.0 325.5 52.6 324.3
  52.2 323.1 52.1 321.9 51.9 320.7 51.8 319.5 51.7 318.3 51.7 317.1 51.6 315.8
  51.7 314.5 51.8 313.2 51.9 311.9 52.2 310.6 52.5 309.5 52.9 308.4 53.2 307.2
  53.6 306.1 54.1 304.9 54.5 304.1 55.0 303.3 55.6 302.5 56.2 301.6 56.8 301.0
  57.4 300.4 57.9 299.8 58.5 299.1 59.1 298.5 59.6 298.0 60.1 297.3 60.6 296.9
  61.0 296.4 61.4 295.8 62.0 295.2 62.5 294.5 63.1 293.9 63.6 293.3 64.2 292.6
  64.7 292.3 65.3 291.9 65.9 291.5 66.5 291.1 67.1 290.9 67.6 290.7 68.1 290.5
  68.7 290.4 69.1 290.3 69.6 290.1 70.0 289.9 70.4 289.6 70.8 289.4 71.2 289.1
  71.5 288.8 71.8 288.4 72.1 288.0 72.5 287.6 72.8 287.2 73.1 286.7 73.4 286.2
  73.8 285.6 74.1 285.0 74.4 284.8 74.7 284.5 75.0 284.3 75.3 284.0 75.6 283.7
  75.9 283.5 76.2 283.2 76.5 283.5 76.7 283.9 77.0 284.2 77.2 284.6 77.3 285.0
  77.5 285.5 77.6 285.9 77.7 286.4 77.8 286.9 77.9 287.4 78.0 288.0 78.1 289.1
  78.2 290.3 78.2 291.6 78.3 293.0 78.3 294.5 78.3 296.0 78.3 297.5 78.3 299.1
  78.3 300.7 78.2 302.3 78.1 303.9 78.0 305.4 77.9 306.9 77.7 308.0 77.6 309.2
  77.4 310.4 77.2 311.5 77.0 312.6 76.7 313.6 76.5 314.6 76.2 315.5 75.8 316.4
  75.5 316.8 75.2 317.2 74.9 317.6 74.6 317.9 74.2 318.2 73.9 318.5 73.5 318.4
  73.2 318.2 72.9 318.1 72.5 317.9 72.2 317.7 71.8 317.6 71.4 317.2 71.1 316.7
  70.8 316.3 70.5 315.9 70.1 315.5 69.8 315.1 69.5 314.5 69.2 313.9 68.9 313.2
  68.6 312.6 68.3 312.0 68.0 311.4 67.7 310.8 67.3 310.0 67.0 309.1 66.7 308.2
  66.4 307.3 66.2 306.4 66.0 305.5 65.8 304.5 65.6 303.3 65.4 302.1 65.3 301.0
  65.0 299.9 64.8 298.8 64.6 297.8 64.3 296.8 64.0 295.8 64.0 294.9 63.9 293.8
  63.8 292.9 63.6 292.0 63.5 291.1 63.4 290.3 63.2 289.5 62.9 288.8 62.7 288.1
  62.3 287.5 62.2 286.9 62.1 286.3 62.0 285.7 61.9 285.1 61.8 284.7 61.6 284.3
  61.5 283.9 61.5 283.6 61.4 283.4 61.4 283.1 61.3 282.9 61.2 282.7 61.2 282.6
  61.1 282.4 61.0 282.3 61.0 282.2 60.9 282.1 60.9 282.0 60.8 281.9 60.8 281.9
  60.7 281.8 60.7 281.8 60.6 281.8
   7  6 85  0.0
  72.5 321.4 72.5 321.5 72.5 321.5 72.5 321.5 72.5 321.5 72.4 321.4 72.4 321.4
  72.4 321.2 72.4 321.1 72.3 320.9 72.3 320.7 72.2 320.4 72.2 320.2 72.2 319.9
  72.0 319.6 71.9 319.3 71.8 319.2 71.6 319.0 71.5 318.9 71.4 318.8 71.2 318.7
  71.1 318.7 70.9 318.6 70.8 318.5 70.6 318.5 70.4 318.4 70.2 318.4 70.0 318.4
  69.8 318.1 69.6 317.9 69.5 317.6 69.3 317.4 69.2 317.1 69.1 316.9 68.9 316.7
  68.8 316.4 68.7 316.2 68.7 315.9 68.4 315.7 68.2 315.5 68.0 315.3 67.8 315.0
  67.6 314.7 67.4 314.5 67.3 314.3 67.2 314.0 67.2 313.8 67.1 313.6 67.1 313.4
  67.1 313.2 67.1 313.0 67.1 312.8 67.1 312.7 67.2 312.6 67.2 312.6 67.2 312.5
  67.3 312.5 67.4 312.6 67.4 312.7 67.5 312.8 67.5 313.0 67.6 313.2 67.7 313.5
  67.8 313.8 67.8 314.2 67.9 314.6 68.0 315.2 68.1 315.8 68.1 316.4 68.2 317.0
  68.4 317.8 68.5 318.6 68.6 319.5 68.7 320.6 68.7 321.7 68.8 322.9 68.8 324.2
  68.8 325.6 68.7 327.0 68.7 328.5 68.5 329.9 68.3 331.2 68.1 332.6 67.8 333.8
  67.6 335.1 67.2 336.2 66.7 337.2 66.2 338.0 65.6 338.8 65.1 339.2 64.4 339.6
  63.7 339.9 63.1 339.8 62.3 339.7 61.5 339.5 60.7 339.1 59.9 338.7 59.0 338.0
  58.1 337.3 57.2 336.6 56.3 335.6 55.5 334.6 54.7 333.5 53.9 332.3 53.1 331.0
  52.5 329.7 51.8 328.4 51.2 327.0 50.7 325.6 50.3 324.0 49.8 322.4 49.5 320.9
  49.2 319.3 49.0 317.7 48.9 316.1 48.7 314.7 48.7 313.3 48.8 311.9 49.1 310.6
  49.3 309.4 49.6 308.1 49.9 307.0 50.2 305.8 50.6 304.6 50.9 303.4 51.5 302.3
  52.0 301.3 52.6 300.2 53.1 299.2 53.7 298.2 54.3 297.2 55.0 296.2 55.6 295.2
  56.2 294.2 56.8 293.2 57.5 292.2 58.2 291.2 58.8 290.2 59.5 289.2 60.2 288.2
  60.9 287.0 61.5 285.8 62.1 284.6 62.7 283.3 63.3 282.0 63.9 280.6 64.4 279.2
  64.9 277.8 65.4 276.4 66.0 274.9 66.4 273.3 66.8 271.8 67.1 270.3 67.5 268.8
  67.8 267.2 68.0 265.7 68.3 264.1 68.5 262.5 68.6 260.9 68.7 259.4 68.8 257.9
  68.8 256.4 68.9 255.0 68.9 253.6 68.9 252.3 68.9 251.1 68.8 249.9 68.8 248.8
  68.7 247.7 68.6 246.6 68.5 245.7 68.4 244.8 68.4 243.9 68.3 243.1 68.2 242.4
  68.2 241.8 68.1 241.2 68.1 240.6 68.1 240.1 68.0 239.6 68.0 239.2 68.1 238.9
  68.1 238.5 68.1 238.2 68.0 237.8 68.0 237.5 68.0 237.2 68.0 237.2 67.9 237.2
  67.9 237.1 67.8 237.1 67.7 237.1 67.6 237.1 67.6 237.1 67.5 237.0 67.4 237.0
  67.3 237.0 67.1 237.0 67.0 237.0 66.9 237.0 66.8 237.0 66.6 237.0 66.5 237.0
  66.3 237.0 66.1 237.1 66.0 237.1 65.8 237.1 65.6 237.1 65.4 237.0 65.2 237.0
  65.0 236.9 64.8 236.9 64.6 236.8 64.4 236.7 64.2 236.5 63.9 236.4 63.7 236.4
  63.5 236.3 63.3 236.3 63.1 236.2 62.8 236.2 62.5 236.1 62.3 236.0 61.9 235.9
  61.6 235.9 61.2 235.9 60.8 235.9 60.4 235.8 60.0 235.8 59.5 235.7 59.0 235.7
  58.5 235.6 57.9 235.5 57.4 235.3 56.8 235.1 56.3 234.9 55.7 234.7 55.2 234.4
  54.7 234.1 54.2 233.8 53.7 233.5
   7  7 85  0.0
  72.5 321.4 72.6 320.4 72.7 319.5 72.7 318.6 72.8 317.8 72.8 317.0 72.9 316.3
  72.9 315.7 72.9 315.1 72.8 314.6 72.8 314.1 72.7 313.8 72.7 313.4 72.7 313.2
  72.7 312.9 72.6 312.7 72.6 312.6 72.5 312.4 72.4 312.3 72.4 312.2 72.2 312.2
  72.1 312.2 72.0 312.2 71.9 312.1 71.7 312.0 71.6 312.0 71.4 312.0 71.2 312.0
  71.0 312.0 70.7 311.9 70.4 311.9 70.1 311.8 69.8 311.8 69.5 311.5 69.2 311.2
  68.9 311.0 68.7 310.7 68.4 310.4 68.1 310.1 67.8 309.8 67.5 309.2 67.2 308.6
  66.8 308.0 66.5 307.5 66.2 306.9 65.8 306.4 65.5 305.4 65.2 304.3 64.9 303.2
  64.8 302.0 64.6 300.8 64.5 299.6 64.3 298.4 64.1 297.1 64.0 295.9 63.9 294.3
  63.8 292.8 63.8 291.2 63.8 289.6 63.9 288.0 64.0 286.4 64.1 284.8 64.3 283.2
  64.5 281.6 64.7 280.0 65.0 278.5 65.3 277.0 65.6 275.5 66.0 274.1 66.4 272.7
  66.9 271.6 67.3 270.4 67.7 269.2 68.1 267.9 68.5 267.3 68.8 266.7 69.2 266.1
  69.6 265.5 70.0 264.8 70.3 264.1 70.7 263.8 71.0 263.5 71.3 263.2 71.6 262.8
  71.8 262.4 72.1 261.9 72.3 261.7 72.6 261.5 72.8 261.3 73.1 261.0 73.4 260.7
  73.6 260.4 73.9 260.1 74.1 259.7 74.3 259.3 74.5 259.0 74.6 258.6 74.8 258.2
  74.9 257.8 75.1 257.4 75.4 257.0 75.6 256.6 75.8 256.2 76.1 255.7 76.3 255.5
  76.5 255.2 76.7 255.0 76.9 254.8 77.1 254.5 77.3 254.3 77.6 254.2 77.8 254.1
  78.0 254.1 78.2 254.1 78.4 254.1 78.7 254.2 78.9 254.3 79.2 254.6 79.4 254.9
  79.6 255.4 79.9 256.0 80.1 256.7 80.3 257.5 80.5 258.6 80.8 259.8 80.9 261.3
  81.1 263.1 81.2 265.0 81.3 267.1 81.3 269.4 81.3 271.7 81.3 274.0 81.2 276.2
  81.1 278.3 80.9 280.1 80.8 281.7 80.7 283.2 80.6 284.5 80.4 285.7 80.3 286.8
  80.1 287.8 79.9 288.7 79.7 288.9 79.6 289.1 79.4 289.3 79.2 289.4 79.1 289.5
  78.9 289.5 78.8 289.6 78.7 289.6 78.6 289.7 78.5 289.7 78.4 289.7 78.4 289.7
  78.4 289.6 78.4 289.6 78.4 289.5 78.4 289.4 78.4 289.4 78.5 289.5 78.5 289.7
  78.6 290.0 78.7 290.3 78.7 290.8 78.8 291.3 78.9 292.0 79.0 292.8 79.0 293.6
  79.1 294.6 79.2 295.7 79.2 296.9 79.2 298.1 79.2 299.5 79.2 300.9 79.1 302.3
  79.1 303.8 79.0 305.3 78.8 306.8 78.6 308.4 78.3 309.9 78.1 311.4 77.8 312.9
  77.5 313.9 77.2 314.8 76.9 315.6 76.6 316.4 76.2 317.2 75.8 318.0 75.5 318.3
  75.1 318.6 74.8 319.0 74.4 319.4 74.1 319.8 73.8 320.2 73.4 320.3 73.1 320.3
  72.7 320.3 72.3 320.4 71.9 320.4 71.5 320.1 71.1 319.9 70.8 319.6 70.5 319.4
  70.2 319.1 69.9 318.9 69.7 318.3 69.4 317.8 69.2 317.3 69.0 316.8 68.7 316.3
  68.5 315.8 68.4 315.3 68.3 314.7 68.2 314.2 68.1 313.6 68.0 313.0 67.9 312.0
  68.0 310.9 68.0 309.8 68.0 309.0 68.0 308.1 68.0 307.2 68.1 306.2 68.2 305.2
  68.2 304.1 68.2 303.0 68.3 301.8 68.4 300.5 68.5 299.2 68.7 297.9 68.8 296.5
  69.0 295.1 69.1 293.8 69.3 292.4 69.4 291.0 69.6 289.7 69.8 288.3 70.0 286.9
  70.3 285.9 70.5 284.8 70.7 283.7
   7  8 85  0.0
  72.5 321.4 72.1 321.5 71.7 321.5 71.4 321.7 71.1 321.8 70.7 321.8 70.4 321.8
  70.0 321.6 69.7 321.4 69.4 321.2 69.1 321.1 68.8 320.9 68.5 320.6 68.2 320.4
  67.9 320.1 67.7 319.7 67.2 319.4 66.8 319.0 66.3 318.7 65.8 318.3 65.4 317.8
  65.0 317.2 64.7 316.6 64.3 316.0 64.1 315.4 63.5 314.8 63.0 314.1 62.6 313.4
  62.2 312.8 61.9 312.1 61.6 311.3 61.0 310.6 60.5 309.8 60.0 309.1 59.7 308.3
  59.3 307.6 58.7 306.8 58.2 306.1 57.7 305.4 57.3 304.5 57.0 303.6 56.5 302.7
  56.0 301.8 55.6 300.8 55.3 299.8 54.9 298.8 54.6 297.8 54.2 296.8 54.0 295.7
  53.6 294.9 53.3 294.0 53.1 293.0 52.9 292.1 52.7 291.1 52.4 290.1 52.2 289.1
  52.0 288.1 51.8 287.1 51.6 286.3 51.4 285.5 51.2 284.8 51.0 284.1 50.8 283.5
  50.6 282.8 50.4 282.2 50.3 281.6 50.1 281.1 50.0 280.5 49.8 280.1 49.7 279.6
  49.5 279.3 49.3 278.9 49.2 278.6 49.0 278.2 48.8 277.9 48.6 277.6 48.4 277.2
  48.3 276.9 48.1 276.6 48.0 276.2 47.9 275.9 47.7 275.4 47.5 274.9 47.3 274.4
  47.2 273.8 47.1 273.2 47.0 272.6 46.9 271.9 46.8 271.2 46.7 270.5 46.7 269.7
  46.6 268.9 46.6 268.1 46.7 267.2 46.8 266.2 47.0 265.2 47.1 264.2 47.3 263.1
  47.6 261.9 47.8 260.8 48.0 259.7 48.5 258.4 48.8 257.1 49.2 255.8 49.6 254.6
  49.9 253.4 50.3 252.3 50.6 250.9 50.9 249.6 51.2 248.2 51.4 247.0 51.6 245.8
  51.8 244.7 52.0 243.7 52.0 242.7 52.1 241.7 52.1 240.7 52.1 239.8 52.0 238.9
  51.8 238.1 51.6 237.5 51.4 236.8 51.2 236.2 51.0 235.7 50.6 235.2 50.2 234.7
  49.8 234.3 49.4 233.9 48.9 233.7 48.4 233.4 47.8 233.2 47.2 233.0 46.6 232.8
  45.9 232.6 45.1 232.3 44.4 232.0 43.4 231.7 42.4 231.2 41.4 230.9 40.4 230.3
  39.4 229.8 38.5 229.2 37.5 228.6 36.6 227.8 35.8 227.0 34.9 226.0 34.2 224.9
  33.4 223.8 33.0 222.6 32.5 221.4 32.1 220.2 31.7 218.9 31.7 217.9 31.6 216.8
  31.6 215.8 31.9 214.8 32.2 213.9 32.5 212.8 32.8 211.8 33.4 210.9 34.0 210.1
  34.6 209.4 35.3 208.8 36.0 208.2 36.8 207.7 37.6 207.3 38.4 206.9 39.3 206.7
  40.2 206.4 41.2 206.3 42.2 206.2 43.2 206.1 44.2 206.0 45.2 206.0 46.1 205.9
  47.1 205.9 48.1 205.9 49.1 206.0 50.0 206.1 50.9 206.3 51.8 206.5 52.6 206.7
  53.3 207.0 54.0 207.3 54.5 207.6 55.0 207.8 55.5 208.1 56.2 208.3 56.8 208.4
  57.4 208.6 58.0 208.7 58.5 208.9 59.0 208.8 59.5 208.8 59.9 208.7 60.2 208.6
  60.6 208.2 60.9 207.8 61.0 207.3 61.2 206.8 61.3 206.3 61.4 205.7 61.6 205.1
  61.7 204.5 61.8 203.8 61.8 203.2 61.8 202.4 61.8 201.7 61.8 201.0 61.8 200.2
  61.8 199.3 61.6 198.5 61.4 197.7 61.2 196.8 61.0 195.9 60.7 195.0 60.4 194.0
  60.1 193.1 59.8 192.2 59.5 191.3 59.1 190.5 58.7 189.7 58.2 189.0 57.8 188.2
  57.4 187.7 56.8 187.2 56.3 186.6 55.8 186.1 55.3 185.8 54.7 185.4 54.2 185.0
  53.6 184.6 53.1 184.3 52.5 184.0 51.9 183.6 51.3 183.3 50.7 183.0 50.1 182.7
  49.4 182.4 48.8 182.2 48.1 182.0
   7  9 85  0.0
  72.5 321.4 72.5 321.9 72.4 322.4 72.3 322.9 72.2 323.4 72.1 323.9 71.9 324.4
  71.6 325.0 71.3 325.6 71.0 326.1 70.6 326.6 70.1 327.0 69.6 327.3 69.1 327.3
  68.5 327.2 67.9 327.1 67.3 326.6 66.7 326.2 66.0 325.7 65.4 325.2 64.7 324.4
  64.1 323.6 63.4 322.8 62.7 321.8 61.9 320.7 61.2 319.4 60.6 318.1 60.0 316.7
  59.4 315.4 58.9 313.9 58.4 312.4 57.9 310.8 57.6 309.2 57.2 307.6 57.1 305.9
  56.9 304.2 56.7 302.5 56.8 300.8 56.7 299.2 56.8 297.6 56.9 296.1 56.9 294.7
  57.2 293.3 57.4 291.9 57.9 290.6 58.4 289.3 59.0 288.2 59.7 287.2 60.4 286.2
  61.2 285.4 62.0 284.7 62.8 284.1 63.5 283.5 64.2 283.0 64.9 282.4 65.6 281.9
  66.2 281.5 66.8 280.9 67.3 280.4 67.8 280.0 68.2 279.6 68.6 278.9 69.0 278.3
  69.3 277.7 69.7 277.1 70.0 276.5 70.4 276.1 70.8 275.6 71.1 275.2 71.4 274.8
  71.7 274.4 72.0 274.0 72.2 273.6 72.5 273.4 72.8 273.2 73.1 273.0 73.4 272.8
  73.6 272.6 73.9 272.4 74.1 272.2 74.3 272.1 74.6 271.9 74.7 271.6 74.8 271.3
  74.9 270.9 75.0 270.4 75.1 269.9 75.2 269.4 75.3 268.8 75.4 268.3 75.5 267.7
  75.4 267.1 75.3 266.5 75.2 265.9 75.2 265.2 75.2 264.4 75.3 263.6 75.1 262.6
  75.1 261.5 75.0 260.3 75.0 258.8 74.9 257.3 74.8 255.5 74.6 253.5 74.5 251.5
  74.3 249.3 74.1 247.1 73.9 244.7 73.7 242.5 73.5 240.1 73.4 237.7 73.2 235.2
  73.0 232.6 72.9 230.0 72.7 227.2 72.5 224.3 72.4 221.5 72.2 218.5 72.1 215.5
  72.0 212.5 71.9 210.1 71.8 207.6 71.7 205.3 71.7 203.1 71.6 200.9 71.6 198.8
  71.6 196.8 71.6 194.8 71.5 192.8 71.5 190.8 71.5 188.8 71.4 186.7 71.4 184.6
  71.4 182.5 71.3 180.3 71.3 178.2 71.4 176.0 71.5 173.8 71.6 171.6 71.7 169.4
  71.8 167.2 71.8 165.0 71.9 162.9 71.9 160.7 71.9 158.6 72.0 156.4 72.0 154.3
  72.1 151.5 72.1 148.8 72.0 146.2 72.0 143.7 71.9 141.7 71.8 139.8 71.6 137.9
  71.4 136.2 71.2 134.5 71.0 132.8 70.7 131.1 70.4 129.5 70.0 127.9 69.7 126.3
  69.3 124.9 69.0 123.5 68.6 122.0 68.2 120.7 67.8 119.3 67.4 117.9 67.0 116.7
  66.6 115.4 66.3 114.3 65.9 113.2 65.5 112.2 65.2 111.2 64.8 110.3 64.5 109.4
  64.1 108.6 63.7 107.8 63.4 107.2 63.2 106.6 62.9 106.0 62.6 105.6 62.3 105.1
  61.9 104.7 61.6 104.4 61.2 104.1 60.8 103.9 60.5 103.7 60.2 103.5 59.8 103.4
  59.4 103.2 59.0 103.0 58.6 102.9 58.1 102.8 57.6 102.8 57.1 102.4 56.6 102.1
  56.2 101.8 55.7 101.5 55.3 101.1 54.8 100.7 54.4 100.3 54.0  99.9 53.8  99.5
  53.6  99.1 53.4  98.8 53.2  98.5 53.0  98.2 52.8  97.9 52.5  97.6 52.3  97.3
  52.0  97.0 51.7  96.8 51.4  96.5 51.1  96.2 50.8  95.8 50.6  95.5 50.5  95.1
  50.4  94.8 50.2  94.5 50.0  94.2 49.9  93.9 49.7  93.5 49.5  93.1 49.3  92.8
  49.1  92.4 48.9  92.1 48.7  91.8 48.6  91.5 48.6  91.2 48.5  90.9 48.5  90.7
  48.4  90.4 48.4  90.2 48.3  89.9 48.3  89.7 48.2  89.4 48.2  89.2 48.2  89.0
  48.1  88.7 48.1  88.5 48.1  88.2
   7 10 85  0.0
  72.5 321.4 72.5 322.0 72.6 322.5 72.6 323.1 72.6 323.7 72.6 324.3 72.6 324.9
  72.6 325.5 72.6 326.1 72.5 326.7 72.5 327.3 72.5 327.9 72.4 328.5 72.3 329.0
  72.2 329.5 72.0 330.0 71.8 330.4 71.6 331.5 71.4 332.5 71.2 333.4 70.8 334.2
  70.5 334.8 70.1 335.3 69.6 335.7 69.1 336.2 68.5 336.5 67.9 336.7 67.4 336.8
  66.8 336.8 66.3 336.7 65.7 336.6 65.3 336.1 64.8 335.6 64.2 335.0 63.7 334.4
  63.1 333.6 62.6 332.8 62.0 331.9 61.4 331.1 60.9 330.1 60.5 329.1 60.1 328.1
  59.7 327.1 59.3 326.0 58.9 324.9 58.6 323.7 58.2 322.5 57.8 321.3 57.4 320.2
  57.0 319.0 56.7 317.8 56.3 316.6 56.0 315.3 55.7 314.3 55.5 313.3 55.2 312.2
  54.9 311.1 54.7 310.0 54.4 308.7 54.2 307.4 54.0 306.0 53.7 305.0 53.5 304.0
  53.3 303.0 53.1 302.0 52.8 300.9 52.6 299.8 52.4 298.7 52.1 297.5 51.9 296.3
  51.7 295.4 51.6 294.5 51.4 293.7 51.3 292.8 51.2 291.9 51.1 291.0 51.0 290.1
  50.9 289.2 50.8 288.3 50.7 287.5 50.6 286.6 50.5 285.9 50.4 285.1 50.3 284.4
  50.2 283.7 50.1 283.1 49.9 282.5 49.8 282.3 49.6 282.1 49.4 281.9 49.2 281.7
  48.9 281.4 48.6 281.1 48.3 280.8 47.9 280.5 47.5 280.3 47.1 280.1 46.7 279.9
  46.2 279.6 45.6 279.4 45.1 279.1 44.5 278.8 43.9 278.5 43.4 278.0 42.8 277.5
  42.3 277.0 41.9 276.4 41.5 275.8 41.1 275.2 40.8 274.5 40.4 273.7 40.2 273.0
  39.9 272.2 39.7 271.5 39.7 270.8 39.8 270.1 39.8 269.4 39.8 268.7 39.8 268.0
  39.8 267.4 40.1 266.7 40.4 265.7 40.7 264.8 41.0 263.9 41.5 263.1 42.0 262.4
  42.5 261.7 43.0 260.9 43.6 260.1 44.0 259.3 44.6 258.4 45.3 257.5 46.0 256.7
  46.8 255.9 47.3 255.2 47.9 254.5 48.5 253.8 49.1 253.1 49.7 252.3 50.3 251.6
  50.8 250.8 51.2 250.0 51.7 249.1 52.3 248.3 52.9 247.5 53.2 246.8 53.5 246.0
  53.9 245.2 54.2 244.4 54.6 243.6 54.7 242.9 54.9 242.2 55.1 241.5 55.3 240.8
  55.5 240.2 55.8 239.6 55.8 239.0 55.9 238.4 56.0 237.9 56.1 237.3 56.2 236.9
  56.3 236.5 56.5 236.1 56.6 235.7 56.7 235.3 56.7 235.0 56.8 234.6 56.8 234.3
  56.9 234.0 57.0 233.8 57.2 233.5 57.3 233.3 57.4 233.0 57.6 232.8 57.7 232.6
  57.9 232.3 58.1 232.1 58.3 232.1 58.5 232.2 58.7 232.2 59.0 232.2 59.3 232.3
  59.5 232.4 59.8 232.5 60.0 232.6 60.3 232.7 60.6 232.8 60.8 232.9 61.0 233.0
  61.2 233.2 61.4 233.3 61.5 233.5 61.7 233.7 61.8 233.9 61.9 234.1 62.0 234.3
  62.1 234.1 62.2 234.0 62.3 233.9 62.3 233.7 62.4 233.5 62.5 233.4 62.5 233.2
  62.5 233.0 62.5 232.8 62.6 232.7 62.6 232.4 62.6 232.2 62.6 231.9 62.6 231.6
  62.7 231.3 62.7 231.0 62.8 230.6 62.8 230.2 62.9 229.8 62.9 229.3 63.0 228.9
  63.0 228.4 63.1 227.9 63.1 227.5 63.2 227.0 63.3 226.6 63.4 226.2 63.4 225.8
  63.5 225.4 63.6 224.9 63.6 224.5 63.7 224.1 63.7 223.7 63.8 223.3 63.9 222.9
  64.0 222.5 64.1 222.2 64.1 221.7 64.2 221.1 64.3 220.5 64.4 220.0 64.5 219.5
  64.5 218.9 64.6 218.4 64.7 217.9
   7 11 85  0.0
  72.5 321.4 72.6 320.8 72.7 320.2 72.8 319.7 72.9 319.1 72.9 318.7 73.0 318.3
  73.1 317.9 73.1 317.6 73.2 317.3 73.2 317.0 73.3 316.7 73.3 316.5 73.4 316.3
  73.4 316.2 73.4 316.1 73.5 316.1 73.5 316.2 73.6 316.3 73.6 316.4 73.6 316.6
  73.7 316.9 73.7 317.3 73.7 317.7 73.8 318.1 73.8 318.7 73.8 319.2 73.9 319.8
  73.9 320.4 73.9 321.0 73.9 321.6 73.9 322.2 73.9 322.8 73.9 323.5 73.9 324.1
  73.9 324.7 73.8 325.3 73.8 325.9 73.7 326.5 73.6 327.1 73.5 327.7 73.4 328.2
  73.3 328.8 73.1 329.2 72.9 329.7 72.7 330.0 72.4 330.4 72.1 330.7 71.8 331.0
  71.4 331.5 71.1 332.0 70.7 332.4 70.2 332.6 69.6 332.9 69.1 333.0 68.6 333.0
  68.0 333.0 67.4 332.9 66.9 332.5 66.3 332.0 65.7 331.5 65.0 330.7 64.4 330.0
  63.7 329.2 63.2 328.3 62.6 327.3 62.0 326.4 61.5 325.4 61.0 324.3 60.5 323.2
  59.9 322.0 59.5 320.7 58.9 319.4 58.5 318.1 58.0 316.7 57.6 315.2 57.2 313.9
  56.9 312.5 56.6 311.0 56.3 309.5 56.0 308.0 55.8 306.6 55.7 305.3 55.5 303.9
  55.4 302.5 55.3 301.2 55.2 299.9 55.2 298.7 55.1 297.4 55.1 296.2 55.0 294.9
  55.1 293.6 55.1 292.3 55.2 291.0 55.6 289.7 55.9 288.4 56.3 287.2 56.8 286.0
  57.3 284.8 57.9 283.7 58.5 282.6 59.2 281.7 59.9 280.9 60.6 280.0 61.3 279.3
  61.9 278.7 62.6 278.0 63.3 277.5 64.0 277.1 64.7 276.6 65.4 276.2 66.0 275.8
  66.5 275.3 67.1 274.8 67.6 274.3 68.1 273.8 68.6 273.1 69.1 272.5 69.6 271.9
  69.9 271.2 70.2 270.6 70.5 270.0 70.9 269.3 71.2 268.7 71.5 268.1 71.8 267.5
  71.8 266.8 71.8 266.1 71.8 265.4 71.9 264.6 72.0 263.8 71.9 262.9 71.8 261.9
  71.7 260.8 71.8 259.6 71.6 258.3 71.5 256.9 71.5 255.3 71.4 253.5 71.3 251.7
  71.2 249.8 71.0 247.8 70.9 245.7 70.8 243.4 70.6 241.0 70.4 238.5 70.3 235.7
  70.1 232.9 70.0 230.2 69.9 228.2 69.8 226.2 69.8 224.3 69.7 222.4 69.6 220.5
  69.6 218.7 69.5 216.9 69.5 215.3 69.4 213.6 69.4 212.1 69.3 210.6 69.3 209.2
  69.2 207.8 69.2 206.5 69.2 205.2 69.2 204.0 69.2 202.8 69.2 201.6 69.2 200.4
  69.2 199.2 69.2 198.1 69.2 197.0 69.3 195.9 69.3 194.8 69.4 193.8 69.4 192.7
  69.5 191.7 69.5 190.7 69.5 189.7 69.6 188.7 69.6 187.7 69.6 186.7 69.7 185.6
  69.7 184.6 69.7 183.5 69.8 182.5 69.8 181.5 69.9 180.5 69.9 179.4 70.0 178.4
  70.1 176.5 70.2 174.6 70.3 172.6 70.3 170.6 70.4 168.6 70.5 166.5 70.5 164.5
  70.6 162.5 70.6 160.5 70.7 158.6 70.8 156.7 70.8 154.8 70.9 152.9 70.9 151.0
  71.0 149.1 71.0 147.2 70.9 145.2 70.9 143.2 70.9 141.2 70.8 139.2 70.7 137.2
  70.6 135.3 70.4 133.4 70.2 131.5 69.9 129.6 69.7 128.0 69.4 126.3 69.1 124.6
  68.8 123.0 68.5 121.4 68.2 119.8 67.9 118.3 67.6 117.0 67.3 115.8 67.0 114.6
  66.6 113.4 66.3 112.3 65.9 111.2 65.6 110.4 65.2 109.6 64.8 108.9 64.4 108.2
  64.0 107.6 63.7 107.0 63.4 106.6 63.1 106.2 62.8 105.8 62.4 105.5 62.0 105.2
  61.6 105.0 61.2 104.8 60.7 104.8
   7 12 85  0.0
  72.5 321.4 72.8 320.6 73.0 319.7 73.3 318.8 73.6 317.9 73.8 316.9 74.1 316.0
  74.3 315.0 74.6 313.9 74.9 312.9 75.1 311.9 75.4 310.8 75.7 309.8 76.0 308.7
  76.2 307.7 76.5 306.7 76.8 305.7 77.1 304.6 77.4 303.6 77.7 302.5 78.0 301.5
  78.2 300.4 78.6 299.4 78.9 298.3 79.2 297.1 79.4 295.8 79.7 294.5 79.9 293.2
  80.1 291.9 80.4 291.0 80.6 290.1 80.8 289.2 81.0 288.4 81.2 287.7 81.4 287.0
  81.6 286.3 81.8 285.8 82.0 285.3 82.2 284.8 82.5 284.7 82.7 284.6 83.0 284.4
  83.2 284.2 83.5 284.0 83.7 283.8 84.0 283.5 84.2 283.2 84.6 283.0 84.9 282.7
  85.2 282.3 85.5 281.8 85.8 281.2 86.2 280.4 86.7 279.6 87.0 278.5 87.4 277.1
  87.7 275.2 88.0 272.6 88.2 269.1 88.6 263.5 88.9 254.5 89.1 239.0 89.2 215.0
  89.1 185.6 89.0 160.6 88.8 144.1 88.6 134.2 88.2 127.8 87.9 123.4 87.6 120.0
  87.2 117.3 86.8 115.0 86.4 113.1 85.9 111.5 85.6 110.6 85.3 110.0 85.0 109.5
  84.6 109.2 84.3 109.0 84.0 109.0 83.8 110.3 83.5 111.5 83.3 112.8 83.0 114.0
  82.7 115.1 82.4 116.2 82.0 117.3 81.7 118.4 81.3 119.4 80.8 120.2 80.4 120.9
  79.9 121.6 79.4 121.7 79.0 121.8 78.5 121.9 78.1 122.0 77.6 122.0 77.2 121.7
  76.8 121.3 76.3 120.8 75.9 120.3 75.5 119.6 75.1 118.9 74.7 118.1 74.3 117.2
  73.9 116.3 73.6 115.5 73.2 114.6 72.9 113.6 72.5 112.5 72.2 111.4 71.9 110.2
  71.7 109.4 71.5 108.7 71.3 107.8 71.2 107.0 71.1 106.1 71.0 105.2 70.9 104.3
  70.8 103.5 70.8 102.6 70.8 101.8 70.8 101.0 70.8 100.3 70.8  99.5 71.0  98.9
  71.1  98.2 71.3  97.6 71.5  97.0 71.7  96.4 72.0  95.9 72.3  95.4 72.6  94.5
  73.0  93.6 73.4  92.8 73.8  92.0 74.2  91.3 74.7  90.5 75.1  89.6 75.6  88.8
  76.1  88.1 76.6  87.2 77.1  86.4 77.6  85.5 78.1  84.6 78.7  83.7 79.2  82.8
  79.7  81.9 80.1  81.0 80.6  80.2 81.1  79.4 81.5  79.3 81.9  79.1 82.2  79.0
  82.5  78.9 82.8  78.7 83.1  78.5 83.3  78.4 83.5  78.2 83.7  77.9 83.8  77.7
  84.0  77.5 84.1  77.3 84.2  77.1 84.4  76.8 84.5  76.6 84.6  76.3 84.6  76.1
  84.7  75.8 84.8  75.5 84.8  75.2 84.9  74.9 84.9  74.6 85.0  74.3 85.0  74.0
  85.0  73.7 85.1  73.3 85.1  73.0 85.1  72.7 85.2  72.4 85.2  72.1 85.2  71.7
  85.2  71.4 85.2  71.2 85.2  70.9 85.3  70.6 85.3  70.4 85.3  70.2 85.4  70.0
  85.4  69.9 85.5  69.7 85.6  69.6 85.6  69.5 85.7  69.4 85.7  69.4 85.8  69.4
  85.9  69.3 85.9  69.3 86.0  69.4 86.0  69.4 86.1  69.4 86.2  69.5 86.2  69.5
  86.3  69.6 86.4  69.7 86.5  69.8 86.6  70.0 86.6  70.1 86.7  70.3 86.7  70.4
  86.8  70.6 86.8  70.8 86.8  71.0 86.9  71.3 86.9  71.5 86.9  71.8 86.9  72.1
  86.9  72.4 86.9  72.7 86.9  72.9 86.8  73.2 86.8  73.4 86.7  73.7 86.7  73.9
  86.6  74.1 86.6  74.3 86.5  74.5 86.4  74.6 86.4  74.8 86.3  74.9 86.2  75.1
  86.1  75.2 86.1  75.3 86.0  75.5 86.0  75.5 85.9  75.5 85.9  75.5 85.9  75.5
  85.8  75.5 85.8  75.5 85.8  75.5
   7 13 85  0.0
  72.5 321.4 72.4 321.3 72.4 321.2 72.3 321.0 72.3 320.8 72.3 320.5 72.3 320.2
  72.3 319.9 72.3 319.5 72.4 319.0 72.5 318.6 72.5 318.0 72.6 317.4 72.7 316.8
  72.8 316.1 73.0 315.3 73.2 314.5 73.4 313.5 73.6 312.5 73.8 311.4 74.0 310.2
  74.3 309.1 74.6 308.0 74.9 306.8 75.2 305.5 75.6 304.0 75.9 302.6 76.2 301.1
  76.6 300.0 77.0 298.8 77.3 297.7 77.7 296.4 78.0 295.2 78.4 294.4 78.8 293.6
  79.2 292.6 79.6 291.6 79.9 290.5 80.2 289.3 80.6 288.7 80.9 288.1 81.2 287.3
  81.5 286.5 81.8 285.5 82.0 284.5 82.3 284.4 82.6 284.3 82.9 284.1 83.2 283.8
  83.4 283.4 83.7 283.0 83.9 282.6 84.1 282.2 84.5 282.7 84.8 283.3 85.1 283.9
  85.4 284.5 85.7 285.1 86.0 285.7 86.5 287.1 86.9 288.5 87.3 290.1 87.6 292.0
  87.9 294.4 88.1 297.5 88.5 301.7 88.7 307.7 89.0 316.7 89.1 329.9 89.2 348.3
  89.3  11.8 89.4  12.1 89.4  12.3 89.4  12.5 89.4  12.8 89.4  13.0 89.4  13.3
  89.4  13.5 89.4  13.8 89.4  14.0 89.3  14.2 89.3  14.5 89.3  14.7 89.3  15.0
  89.2  15.2 89.2  15.5 89.2  15.7 89.1  16.0 89.0  16.3 89.0  16.6 88.9  16.8
  88.8  17.1 88.8  17.4 88.7  17.7 88.6  18.0 88.6  18.3 88.6  18.6 88.5  18.9
  88.5  19.2 88.4  19.6 88.3  19.9 88.2  20.2 88.1  20.5 87.9  20.8 87.8  21.1
  87.6  21.4 87.4  21.7 87.1  22.0 86.7  22.3 86.3  22.6 85.8  22.9 85.4  22.9
  85.1  22.9 84.6  22.8 84.1  22.8 83.5  22.7 83.1  22.4 82.6  22.1 82.0  21.8
  81.4  21.4 80.9  20.9 80.3  20.4 79.8  19.9 79.3  19.3 78.8  18.8 78.2  18.2
  77.8  17.7 77.4  17.2 77.0  16.7 76.6  16.2 76.3  15.7 75.8  15.2 75.5  14.8
  75.1  14.5 74.8  14.2 74.4  13.8 74.2  13.5 73.9  13.2 73.7  13.0 73.5  12.8
  73.4  12.6 73.3  12.4 73.2  12.1 73.1  11.9 72.8  11.7 72.5  11.5 72.2  11.2
  72.0  11.0 71.8  10.9 71.6  10.7 71.4  10.6 71.3  10.4 71.2  10.3 71.1  10.1
  70.9  10.0 70.9   9.8 70.8   9.6 70.7   9.5 70.7   9.3 70.6   9.1 70.6   8.9
  70.6   8.6 70.6   8.4 70.7   8.2 70.7   7.9 70.5   7.7 70.3   7.4 70.1   7.2
  69.9   6.9 69.7   6.6 69.6   6.4 69.4   6.1 69.3   5.8 69.2   5.6 69.1   5.3
  69.0   4.9 69.0   4.6 68.9   4.3 68.9   3.9 68.8   3.5 68.6   3.2 68.5   2.8
  68.4   2.4 68.3   2.0 68.2   1.6 68.1   1.3 68.0   0.9 67.9   0.5 67.8   0.2
  67.7 359.8 67.4 358.9 67.2 358.0 66.9 357.1 66.6 356.3 66.4 355.5 66.0 354.7
  65.6 353.9 65.3 353.3 64.9 352.7 64.5 352.1 64.1 351.6 63.6 351.0 63.1 350.6
  62.6 350.3 62.1 349.9 61.5 349.5 61.0 349.3 60.4 349.1 59.9 348.8 59.3 348.5
  58.7 348.3 58.0 348.0 57.3 347.7 56.7 347.3 56.0 346.9 55.3 346.4 54.6 345.9
  53.8 345.4 53.1 344.8 52.4 344.2 51.6 343.7 50.9 343.0 50.1 342.4 49.3 341.8
  48.5 341.1 47.8 340.4 47.1 339.6 46.4 338.7 45.7 337.9 45.1 336.9 44.5 335.9
  44.0 334.9 43.5 333.8 43.0 332.6 42.6 331.5 42.3 330.3 42.0 329.1 41.7 327.8
  41.7 326.8 41.6 325.7 41.4 324.7
   7 14 85  0.0
  72.5 321.4 72.3 320.9 72.1 320.3 71.9 319.6 71.6 319.1 71.4 318.5 71.2 317.7
  71.0 316.9 70.8 316.1 70.7 315.1 70.5 314.0 70.3 312.8 70.1 311.6 69.9 310.2
  69.7 309.2 69.6 308.2 69.5 307.2 69.4 306.2 69.4 305.2 69.4 304.2 69.4 303.3
  69.5 302.3 69.6 301.4 69.7 300.5 69.8 299.7 70.0 298.8 70.2 297.5 70.4 296.3
  70.6 295.1 70.8 294.0 71.0 292.9 71.2 291.9 71.4 291.0 71.7 290.1 71.9 289.3
  72.2 288.6 72.5 287.7 72.8 286.8 73.0 285.9 73.3 285.2 73.6 284.4 73.8 283.7
  74.1 283.1 74.4 282.3 74.6 281.5 74.9 280.7 75.2 280.0 75.3 279.3 75.5 278.6
  75.7 277.9 75.8 277.3 76.0 276.7 76.1 276.1 76.3 275.4 76.4 274.6 76.4 273.9
  76.5 273.2 76.6 272.6 76.7 272.0 76.7 271.4 76.7 270.9 76.7 270.5 76.6 270.1
  76.6 269.7 76.6 269.3 76.5 268.9 76.4 268.6 76.3 268.2 76.2 267.9 76.0 267.6
  75.8 267.8 75.6 268.0 75.4 268.2 75.2 268.3 75.0 268.4 74.8 268.5 74.6 268.6
  74.3 268.6 74.1 268.7 73.8 268.6 73.6 269.0 73.3 269.4 73.0 269.6 72.8 269.9
  72.5 270.1 72.2 270.2 71.8 270.4 71.5 271.1 71.2 271.8 70.9 272.4 70.5 273.0
  70.2 273.5 69.8 273.9 69.4 274.6 69.1 275.3 68.7 275.9 68.4 276.5 67.9 277.0
  67.6 277.7 67.1 278.4 66.7 279.1 66.3 279.6 65.8 280.1 65.3 280.7 64.8 281.2
  64.2 281.7 63.6 282.1 63.0 282.5 62.4 282.9 61.7 283.2 61.0 283.2 60.4 283.3
  59.7 283.3 59.1 283.1 58.5 282.9 57.9 282.7 57.4 282.2 56.9 281.7 56.4 281.2
  55.9 280.7 55.5 280.0 55.2 279.3 55.0 278.6 54.9 277.9 54.7 277.2 54.5 276.5
  54.4 275.7 54.3 275.0 54.3 274.3 54.3 273.5 54.3 272.8 54.3 272.1 54.2 271.4
  54.4 270.8 54.5 270.1 54.7 269.3 54.8 268.5 54.8 267.7 55.0 266.9 55.1 266.0
  55.3 265.1 55.4 264.1 55.5 263.1 55.7 262.1 55.8 261.0 56.0 260.0 56.1 258.9
  56.2 257.9 56.2 256.7 56.3 255.6 56.4 254.5 56.5 253.3 56.6 252.1 56.8 251.0
  56.9 249.8 57.1 248.6 57.2 247.4 57.4 246.2 57.5 245.1 57.6 244.0 57.7 242.9
  57.9 241.8 58.0 240.9 58.2 240.0 58.5 239.2 58.7 238.4 59.0 237.7 59.2 237.1
  59.5 236.6 59.7 236.1 60.0 235.6 60.2 235.2 60.4 234.6 60.6 234.1 60.8 233.6
  61.0 233.2 61.2 232.8 61.4 232.5 61.6 232.3 61.7 232.1 61.9 231.9 62.0 231.8
  62.1 231.7 62.2 231.3 62.3 230.9 62.4 230.6 62.5 230.2 62.6 229.8 62.7 229.4
  62.8 229.1 62.8 228.7 62.9 228.3 63.0 228.0 63.0 227.6 63.1 227.3 63.2 226.9
  63.2 226.6 63.3 226.3 63.3 226.0 63.3 225.7 63.4 225.4 63.4 225.2 63.4 224.9
  63.4 224.7 63.4 224.5 63.3 224.4 63.3 224.2 63.3 224.1 63.3 224.0 63.2 223.9
  63.2 223.8 63.1 223.7 63.1 223.6 63.0 223.6 62.9 223.6 62.8 223.6 62.8 223.6
  62.7 223.6 62.6 223.6 62.5 223.6 62.4 223.6 62.3 223.5 62.2 223.5 62.1 223.4
  62.0 223.3 61.9 223.5 61.8 223.6 61.7 223.7 61.6 223.8 61.5 223.9 61.4 223.9
  61.3 223.9 61.2 223.9 61.0 223.8 60.9 223.7 60.8 223.6 60.7 223.4 60.6 223.2
  60.5 223.0 60.4 222.7 60.3 222.4
   7 15 85  0.0
  72.5 321.4 72.5 322.1 72.5 322.7 72.5 323.3 72.5 323.9 72.4 324.5 72.5 325.0
  72.6 325.6 72.7 326.1 72.7 326.6 72.8 327.1 72.8 327.6 72.8 328.1 73.0 328.6
  73.1 329.0 73.2 329.5 73.3 329.9 73.3 330.4 73.4 330.8 73.4 331.3 73.3 331.8
  73.3 332.2 73.3 332.8 73.3 333.3 73.3 333.9 73.3 334.6 73.2 335.3 73.1 336.0
  73.1 336.8 73.1 337.6 73.1 338.6 73.0 339.6 73.0 340.7 73.0 341.8 72.9 343.1
  72.9 344.5 72.8 346.0 72.7 347.5 72.6 349.1 72.5 350.6 72.3 352.0 72.1 353.3
  71.9 354.5 71.6 356.0 71.4 357.3 71.0 358.5 70.6 359.5 70.2   0.3 69.7   0.5
  69.2   0.8 68.7   1.1 68.2   1.3 67.6   1.5 67.0   1.7 66.4   1.9 65.6   2.0
  64.9   2.1 64.1   2.0 63.3   2.0 62.5   1.7 61.7   1.5 61.0   1.0 60.3   0.6
  59.7   0.1 59.1 359.5 58.6 358.4 58.0 357.2 57.5 355.9 56.9 354.6 56.4 353.3
  55.9 352.0 55.4 350.7 54.8 349.4 54.2 348.0 53.7 346.5 53.2 345.1 52.8 343.6
  52.5 342.1 52.2 340.5 51.9 338.9 51.7 337.5 51.5 336.1 51.3 334.7 51.2 333.4
  51.1 332.0 51.1 330.6 51.1 329.3 51.1 328.0 51.2 326.8 51.3 325.5 51.4 324.3
  51.5 323.0 51.6 321.8 51.6 320.5 51.6 319.3 51.6 318.0 51.5 316.7 51.5 315.5
  51.4 314.3 51.4 313.1 51.4 311.9 51.3 310.8 51.3 309.7 51.2 308.6 51.1 307.5
  51.0 306.5 50.8 305.5 50.7 304.5 50.5 303.5 50.5 302.6 50.4 301.7 50.3 300.8
  50.2 300.0 50.0 299.2 49.9 298.4 49.8 297.5 49.7 296.7 49.6 295.9 49.5 295.1
  49.4 294.4 49.4 293.6 49.4 293.0 49.3 292.3 49.3 291.7 49.3 291.1 49.3 290.5
  49.3 290.0 49.4 289.5 49.4 289.0 49.5 288.5 49.5 288.0 49.6 287.6 49.7 287.2
  49.7 286.8 49.8 286.4 49.8 286.1 49.9 285.7 50.0 285.3 50.1 285.0 50.3 284.7
  50.4 284.4 50.6 284.1 50.7 283.8 50.7 283.4 50.7 283.1 50.7 282.7 50.8 282.4
  50.8 282.0 50.8 281.7 50.9 281.3 50.9 280.9 50.9 280.5 51.0 280.2 51.0 279.8
  51.0 279.4 51.0 278.9 51.0 278.5 50.9 278.1 50.9 277.6 50.9 277.1 50.9 276.7
  50.9 276.1 50.9 275.6 51.0 275.1 51.1 274.6 51.2 274.0 51.3 273.4 51.3 272.8
  51.4 272.2 51.4 271.5 51.5 270.8 51.7 270.1 51.8 269.3 51.9 268.6 52.0 267.9
  52.2 267.1 52.4 266.3 52.5 265.5 52.6 264.7 52.7 263.8 52.8 262.8 52.8 261.8
  52.9 260.6 52.9 259.5 52.9 258.3 53.0 257.0 53.0 255.8 53.0 254.5 53.0 253.3
  53.0 252.0 52.9 250.6 52.8 249.3 52.7 247.8 52.5 246.4 52.4 245.0 52.2 243.7
  52.0 242.5 51.8 241.4 51.5 240.4 51.3 239.5 51.0 238.6 50.7 237.7 50.4 236.9
  50.0 236.1 49.7 235.2 49.3 234.5 48.8 233.8 48.4 233.2 47.9 232.5 47.4 231.9
  46.9 231.3 46.3 230.7 45.7 230.1 45.2 229.5 44.5 228.9 43.9 228.3 43.3 227.7
  42.7 227.1 42.1 226.4 41.5 225.7 41.0 225.0 40.5 224.3 40.0 223.5 39.7 222.9
  39.4 222.2 39.2 221.5 38.9 220.8 38.6 220.2 38.4 219.5 38.4 218.9 38.3 218.2
  38.3 217.5 38.3 216.8 38.3 216.2 38.3 215.5 38.6 214.8 38.9 214.1 39.1 213.4
  39.4 212.8 39.7 212.1 39.9 211.4
   7 16 85  0.0
  72.5 321.4 72.7 321.9 72.8 322.5 73.0 323.1 73.1 323.7 73.3 324.4 73.6 325.0
  73.8 325.8 74.1 326.5 74.3 327.8 74.6 329.1 74.9 330.6 75.2 332.3 75.5 334.1
  75.7 336.0 75.9 338.1 76.1 340.4 76.2 342.9 76.3 345.4 76.3 348.0 76.1 350.7
  76.0 353.2 75.7 355.8 75.4 358.1 75.0   0.3 74.4   0.8 73.8   1.3 73.1   1.6
  72.4   2.0 71.7   2.4 70.9   2.6 70.1   2.7 69.3   2.9 68.6   2.8 67.8   2.7
  67.1   2.4 66.4   2.1 65.7   1.8 65.1   1.4 64.5   1.0 63.9   0.6 63.3   0.3
  62.7   0.0 62.1 359.7 61.6 358.9 61.1 358.1 60.6 357.3 60.0 356.5 59.5 355.6
  59.2 354.9 58.9 354.1 58.6 353.2 58.2 352.4 57.8 351.5 57.7 350.7 57.6 349.8
  57.4 349.0 57.2 348.2 57.0 347.4 57.1 346.7 57.1 345.9 57.1 345.2 57.1 344.4
  57.1 343.6 57.4 342.8 57.7 342.0 58.0 341.1 58.3 340.3 58.6 339.4 59.0 338.6
  59.4 337.8 59.9 337.0 60.3 336.1 60.8 335.4 61.4 334.8 61.9 334.1 62.5 333.5
  63.1 332.9 63.7 332.4 64.2 331.8 64.7 331.4 65.2 330.9 65.7 330.4 66.1 330.0
  66.5 329.6 66.9 329.3 67.3 328.9 67.6 328.6 67.9 328.2 68.2 327.8 68.5 327.5
  68.7 327.2 69.0 326.9 69.2 326.6 69.5 326.3 69.7 326.0 70.0 325.7 70.3 325.4
  70.5 324.9 70.8 324.5 71.1 324.0 71.3 323.4 71.5 322.8 71.8 322.2 72.0 321.6
  72.2 321.0 72.4 320.2 72.6 319.3 72.8 318.5 73.0 317.7 73.2 316.9 73.3 316.1
  73.5 315.4 73.7 314.7 73.8 314.0 74.0 313.4 74.1 312.8 74.3 312.0 74.4 311.2
  74.6 310.4 74.7 309.7 74.9 309.0 75.0 308.3 75.2 307.7 75.4 307.0 75.5 306.3
  75.7 305.6 75.9 304.8 76.0 304.1 76.2 303.0 76.3 301.9 76.5 300.8 76.6 299.7
  76.7 298.5 76.7 297.4 76.8 296.4 76.9 295.4 77.0 294.4 77.0 293.4 77.0 292.5
  77.0 291.6 77.0 290.8 76.9 290.0 76.9 289.3 76.8 288.6 76.7 287.9 76.6 287.4
  76.4 286.9 76.2 286.5 76.0 286.2 75.8 285.8 75.5 285.4 75.3 285.2 75.0 285.0
  74.7 284.8 74.3 284.7 74.0 284.6 73.7 284.3 73.3 284.0 73.0 283.7 72.6 283.4
  72.3 283.0 71.9 282.7 71.6 282.0 71.3 281.3 70.9 280.6 70.6 279.9 70.2 279.2
  69.8 278.5 69.3 277.7 68.9 277.0 68.5 276.3 68.0 275.7 67.5 275.0 67.1 274.4
  66.6 273.7 66.1 273.1 65.6 272.4 65.2 271.7 64.7 270.8 64.3 270.0 63.8 269.2
  63.4 268.2 63.0 267.2 62.7 266.2 62.3 265.2 62.0 264.2 61.7 263.2 61.5 262.0
  61.3 260.8 61.2 259.6 61.0 258.2 60.8 256.9 60.7 255.5 60.6 254.1 60.5 252.7
  60.4 251.3 60.4 249.9 60.4 248.4 60.4 246.9 60.5 245.3 60.5 243.8 60.6 242.2
  60.8 240.6 61.0 239.0 61.3 237.4 61.5 235.9 61.9 234.4 62.3 233.1 62.7 231.6
  63.2 230.2 63.7 228.8 64.1 227.5 64.7 226.1 65.3 224.7 65.8 223.4 66.5 222.1
  67.2 220.7 67.8 219.3 68.5 218.0 69.3 216.7 70.1 215.4 70.9 214.2 71.8 212.9
  72.6 211.6 73.4 210.4 74.1 209.0 75.0 207.9 75.7 206.5 76.4 205.0 77.2 203.9
  77.8 202.6 78.4 201.1 79.0 200.3 79.6 199.4 80.1 198.3 80.7 198.1 81.2 197.8
  81.7 197.4 82.2 196.9 82.8 197.5
   7 17 85  0.0
  72.5 321.4 72.7 321.8 72.9 322.3 73.1 322.7 73.3 323.2 73.4 323.7 73.6 324.2
  73.8 324.8 74.1 325.3 74.3 325.9 74.6 326.5 74.8 327.2 75.0 328.0 75.3 328.9
  75.5 329.8 75.7 330.8 75.9 331.9 76.1 333.1 76.4 334.3 76.6 335.5 76.9 337.0
  77.0 338.5 77.2 340.2 77.3 342.0 77.3 343.9 77.4 345.8 77.4 347.7 77.4 349.6
  77.3 351.4 77.2 353.1 77.1 354.7 76.9 356.1 76.6 357.4 76.4 358.6 76.1 359.6
  75.8   0.5 75.5   0.8 75.2   1.1 74.8   1.5 74.3   1.8 73.8   2.1 73.3   2.4
  72.8   2.7 72.2   3.0 71.5   3.3 70.9   3.4 70.2   3.4 69.5   3.5 68.9   3.4
  68.2   3.3 67.6   3.2 67.0   3.0 66.4   2.8 65.8   2.6 65.3   2.4 64.7   2.1
  64.2   1.8 63.6   1.5 63.1   1.3 62.5   1.1 61.9   0.8 61.3   0.6 60.6   0.3
  59.9   0.0 59.3 359.7 58.8 358.9 58.2 358.2 57.7 357.4 57.2 356.6 56.6 355.8
  56.3 355.0 56.0 354.2 55.7 353.5 55.3 352.8 54.9 352.2 54.4 351.5 54.3 350.9
  54.2 350.2 54.0 349.6 53.7 349.0 53.5 348.5 53.2 347.9 53.2 347.4 53.2 346.8
  53.1 346.3 53.1 345.8 53.0 345.2 52.9 344.7 52.7 344.1 52.6 343.5 52.8 342.9
  52.9 342.3 53.1 341.6 53.2 341.0 53.3 340.4 53.3 339.7 53.7 339.0 54.0 338.4
  54.3 337.6 54.7 336.8 55.0 336.0 55.5 335.2 56.1 334.3 56.6 333.5 57.2 332.8
  57.8 332.1 58.4 331.3 59.1 330.8 59.7 330.3 60.4 329.8 61.1 329.4 61.7 329.0
  62.3 328.6 62.9 328.1 63.5 327.6 63.9 327.1 64.3 326.6 64.7 326.2 65.0 325.7
  65.4 325.3 65.7 324.9 66.0 324.5 66.4 324.2 66.7 323.9 67.0 323.7 67.3 323.4
  67.6 323.2 67.8 322.9 68.0 322.7 68.3 322.5 68.5 322.2 68.7 322.0 68.8 321.7
  69.0 321.5 69.1 321.3 69.3 321.1 69.4 321.0 69.6 320.9 69.7 320.9 69.8 320.9
  70.0 321.0 70.1 321.1 70.2 320.9 70.3 320.8 70.4 320.7 70.5 320.6 70.6 320.6
  70.7 320.6 70.8 320.8 70.9 320.9 71.0 321.2 71.1 321.5 71.1 321.9 71.2 322.4
  71.3 322.9 71.4 323.5 71.5 324.2 71.7 324.9 71.8 325.7 71.9 326.6 72.0 327.5
  72.1 327.7 72.2 328.0 72.3 328.3 72.4 328.7 72.5 329.2 72.6 329.7 72.6 330.2
  72.7 330.8 72.7 331.4 72.7 332.0 72.8 332.6 72.8 333.2 72.8 333.8 72.7 334.3
  72.7 334.9 72.7 335.4 72.6 335.9 72.5 336.4 72.4 336.8 72.3 337.3 72.1 337.7
  71.9 338.0 71.7 339.1 71.5 340.0 71.2 340.8 70.8 341.3 70.5 341.8 70.1 342.1
  69.7 342.4 69.3 342.6 68.8 342.8 68.4 342.8 67.9 342.8 67.5 342.7 67.1 342.6
  66.7 342.4 66.3 342.2 66.0 341.9 65.7 341.5 65.4 341.1 65.2 340.6 65.1 340.0
  65.0 339.4 64.7 338.8 64.5 338.0 64.3 337.3 64.1 336.5 64.0 335.7 63.6 334.8
  63.2 334.2 63.0 333.4 62.8 332.7 62.7 331.9 62.3 331.0 61.9 330.2 61.6 329.4
  61.4 328.6 61.2 327.9 60.8 327.0 60.4 326.2 60.0 325.4 59.8 324.6 59.6 323.8
  59.2 323.0 58.8 322.2 58.5 321.4 58.2 320.6 58.0 319.7 57.5 318.8 57.2 318.1
  56.8 317.3 56.6 316.6 56.4 315.8 56.1 315.0 55.8 314.2 55.6 313.7 55.4 313.1
  55.3 312.5 55.2 311.9 54.9 311.4
   7 18 85  0.0
  72.5 321.4 72.7 321.6 72.9 321.8 73.1 322.0 73.3 322.3 73.4 322.6 73.6 322.9
  73.8 323.2 74.0 323.6 74.1 324.0 74.3 323.8 74.5 323.5 74.7 323.3 74.9 323.1
  75.0 323.0 75.2 322.9 75.4 322.8 75.6 322.7 75.8 322.7 76.0 322.8 76.2 322.8
  76.4 322.6 76.5 322.4 76.7 322.3 76.9 322.2 77.1 322.1 77.3 322.1 77.4 322.2
  77.6 322.4 77.8 322.7 77.9 323.0 78.1 323.4 78.3 323.8 78.5 324.2 78.7 324.8
  78.9 325.4 79.1 326.2 79.3 327.0 79.6 327.9 79.8 328.8 80.0 329.8 80.1 330.9
  80.4 331.8 80.6 332.7 80.8 333.6 81.0 334.6 81.2 335.7 81.4 336.8 81.6 337.9
  81.8 339.1 81.9 340.3 82.1 341.6 82.4 342.8 82.6 344.1 82.9 345.4 83.1 346.9
  83.3 348.4 83.6 350.1 83.8 351.8 84.0 353.6 84.2 355.4 84.5 358.3 84.7   1.2
  84.9   1.4 85.1   1.6 85.2   1.8 85.3   2.0 85.4   2.1 85.5   2.3 85.5   2.3
  85.5   2.4 85.5   2.4 85.5   2.4 85.4   2.4 85.3   2.4 85.2   2.3 85.1   2.3
  84.9   2.2 84.8   2.1 84.6   2.1 84.4   2.0 84.1   1.9 83.8   1.8 83.6   1.6
  83.4   1.4 83.1   1.2 82.9   1.0 82.7   0.7 82.4   0.5 82.2   0.3 82.0   0.2
  81.8 359.9 81.6 358.4 81.4 356.9 81.2 355.4 80.9 353.9 80.7 352.5 80.4 351.0
  80.2 349.8 79.9 348.6 79.6 348.0 79.4 347.5 79.1 347.0 78.8 346.6 78.4 346.2
  78.1 345.9 77.8 345.7 77.5 346.0 77.2 346.3 76.9 346.6 76.6 346.8 76.3 347.0
  76.0 347.3 75.8 348.0 75.5 348.7 75.3 349.3 75.1 349.9 74.8 350.3 74.6 350.8
  74.3 351.1 74.1 351.3 73.8 351.5 73.5 351.9 73.3 352.3 73.0 352.7 72.7 353.1
  72.4 353.5 72.1 353.8 71.8 354.2 71.5 354.9 71.2 355.5 71.0 356.1 70.6 356.6
  70.2 357.1 69.8 357.5 69.5 357.9 69.1 358.3 68.7 358.5 68.3 358.7 67.9 358.9
  67.5 358.8 67.0 358.7 66.6 358.5 66.1 358.2 65.6 358.0 65.1 357.5 64.6 357.0
  64.1 356.5 63.5 356.1 63.0 355.3 62.5 354.5 61.9 353.8 61.4 352.8 60.8 351.8
  60.2 350.8 59.6 349.9 59.0 348.7 58.5 347.4 58.0 346.1 57.6 344.7 57.2 343.2
  56.9 341.5 56.6 339.9 56.5 338.2 56.3 336.6 56.2 334.9 56.1 333.3 56.1 331.7
  56.1 330.1 56.1 328.6 56.1 327.1 56.2 325.8 56.2 324.5 56.2 323.3 56.1 322.3
  56.1 321.3 56.0 320.4 55.9 319.6 55.9 318.6 55.8 317.7 55.7 316.9 55.5 316.1
  55.3 315.4 55.1 314.7 54.9 314.0 54.6 313.3 54.3 312.7 54.0 312.1 53.6 311.2
  53.2 310.3 52.7 309.5 52.2 308.6 51.7 307.8 51.3 306.7 50.9 305.7 50.4 304.8
  49.9 303.8 49.5 302.8 49.1 301.9 48.7 301.0 48.2 300.2 47.7 299.4 47.5 298.5
  47.3 297.5 47.0 296.6 46.8 295.7 46.7 294.9 46.7 294.0 46.6 293.3 46.6 292.6
  46.5 291.9 46.6 291.3 46.7 290.7 46.9 290.1 47.0 289.6 47.2 289.1 47.4 288.6
  47.7 288.1 47.9 287.7 48.2 287.3 48.5 287.2 48.7 287.1 49.0 287.0 49.3 287.0
  49.5 287.0 49.7 287.1 50.0 287.1 50.2 287.2 50.4 287.5 50.6 287.8 50.8 288.1
  50.9 288.4 51.0 288.7 51.0 289.1 51.1 289.4 51.1 289.7 51.2 290.0 51.2 290.3
  51.2 290.7 51.1 291.0 51.1 291.2
   7 19 85  0.0
  72.5 321.4 72.7 321.0 73.0 320.6 73.2 320.2 73.5 319.9 73.7 319.6 73.8 319.3
  74.0 319.1 74.2 318.7 74.4 318.4 74.6 318.0 74.8 317.6 75.0 317.3 75.2 316.9
  75.3 316.6 75.5 316.2 75.7 315.9 75.8 315.6 75.8 315.2 75.9 315.0 76.0 314.7
  76.1 314.2 76.2 313.7 76.2 313.2 76.3 312.6 76.4 312.0 76.5 311.5 76.5 310.9
  76.6 310.3 76.7 309.7 76.7 309.2 76.8 308.6 76.9 308.0 76.9 307.5 77.0 306.9
  77.1 306.4 77.1 305.9 77.2 305.4 77.2 305.0 77.3 304.6 77.4 304.3 77.5 304.2
  77.6 304.1 77.7 304.0 77.8 304.1 77.9 304.2 78.0 304.4 78.2 304.2 78.3 304.1
  78.5 304.1 78.7 304.2 78.9 304.4 79.0 304.7 79.2 305.1 79.3 305.6 79.5 306.2
  79.6 306.8 79.7 307.6 79.9 308.4 80.0 309.4 80.2 310.2 80.4 311.1 80.6 312.0
  80.8 313.0 80.9 314.0 81.1 315.0 81.2 316.1 81.4 317.2 81.5 318.3 81.6 319.4
  81.7 320.5 81.9 321.6 82.0 322.8 82.1 324.0 82.2 325.1 82.4 326.2 82.5 327.4
  82.7 328.6 82.8 329.8 82.9 331.1 83.1 332.4 83.3 333.8 83.4 335.2 83.6 336.7
  83.8 338.2 84.0 339.8 84.1 341.2 84.3 342.8 84.4 344.3 84.6 345.7 84.7 346.9
  84.7 347.8 84.7 348.5 84.7 349.0 84.7 349.3 84.6 349.2 84.5 349.0 84.4 348.4
  84.2 347.9 84.0 347.4 83.8 347.0 83.6 346.2 83.3 345.4 83.1 344.5 82.8 343.6
  82.4 342.7 81.9 341.8 81.5 341.1 81.1 340.2 80.6 339.3 80.1 338.4 79.5 337.5
  79.1 337.3 78.7 337.1 78.3 336.8 77.8 336.5 77.5 337.0 77.2 337.5 76.9 337.9
  76.6 338.3 76.3 338.6 76.1 338.9 75.8 339.2 75.6 340.2 75.4 341.3 75.3 342.4
  75.1 343.5 75.0 344.6 74.8 345.7 74.7 346.8 74.5 347.8 74.4 348.9 74.2 349.9
  74.0 350.8 73.8 352.6 73.6 354.3 73.3 355.8 73.1 357.2 72.7 358.4 72.4 359.3
  72.0   0.1 71.6   0.3 71.2   0.6 70.8   0.9 70.3   1.1 69.9   1.3 69.5   1.5
  69.0   1.7 68.5   1.9 67.9   2.1 67.4   2.3 66.8   2.4 66.1   2.5 65.3   2.6
  64.6   2.6 63.8   2.5 63.1   2.2 62.3   1.9 61.6   1.7 60.9   1.2 60.3   0.8
  59.7   0.3 59.2 359.8 58.7 358.7 58.1 357.6 57.6 356.5 57.2 355.3 56.6 354.1
  56.1 352.8 55.6 351.6 55.0 350.3 54.4 348.9 53.9 347.5 53.5 346.2 53.1 344.7
  52.8 343.3 52.5 341.8 52.2 340.3 51.9 338.7 51.7 337.4 51.5 336.0 51.3 334.6
  51.1 333.3 51.0 332.0 51.0 330.7 51.0 329.4 51.0 328.1 51.0 326.9 51.1 325.6
  51.1 324.3 51.1 323.1 51.1 321.8 51.0 320.5 50.9 319.1 50.8 317.8 50.6 316.6
  50.5 315.3 50.4 314.1 50.2 312.9 50.0 311.7 49.9 310.6 49.7 309.4 49.5 308.3
  49.2 307.2 49.0 306.1 48.7 305.1 48.5 304.1 48.2 303.1 48.0 302.1 47.8 301.2
  47.6 300.3 47.3 299.4 47.1 298.5 46.9 297.6 46.7 296.8 46.5 295.9 46.4 295.1
  46.2 294.3 46.1 293.6 46.0 292.8 45.9 292.1 45.8 291.3 45.7 290.5 45.7 289.8
  45.7 289.0 45.7 288.2 45.7 287.5 45.8 286.7 45.8 286.0 45.9 285.2 46.0 284.5
  46.2 284.0 46.4 283.4 46.7 282.8 46.9 282.2 47.1 281.6 47.3 280.9 47.5 280.3
  47.7 279.7 47.9 279.0 48.2 278.4
   7 20 85  0.0
  72.5 321.4 72.2 321.5 72.0 321.5 71.8 321.6 71.7 321.4 71.5 321.3 71.5 321.1
  71.4 320.9 71.4 320.6 71.3 320.3 71.3 320.0 71.4 319.6 71.5 319.2 71.6 318.7
  71.7 318.3 71.9 317.9 72.0 317.6 72.1 317.2 72.3 316.9 72.5 316.5 72.7 316.2
  72.9 315.8 73.1 315.3 73.2 314.9 73.4 314.5 73.6 314.0 73.8 313.6 73.9 313.2
  74.1 312.9 74.3 312.5 74.5 312.2 74.6 311.8 74.7 311.4 74.9 311.0 75.0 310.7
  75.1 310.3 75.1 309.9 75.2 309.6 75.3 309.2 75.4 308.9 75.4 308.6 75.5 308.3
  75.6 308.0 75.7 307.8 75.7 307.5 75.8 307.3 75.9 307.1 76.0 306.9 76.1 306.4
  76.2 305.8 76.3 305.3 76.4 304.7 76.5 304.2 76.6 303.7 76.6 303.2 76.7 302.7
  76.8 302.1 76.8 301.6 76.9 301.2 76.9 300.7 77.0 300.2 77.0 299.8 77.1 299.5
  77.2 299.2 77.3 299.0 77.4 298.9 77.4 298.8 77.5 298.9 77.6 299.0 77.8 299.2
  77.9 299.5 78.0 299.8 78.1 300.2 78.2 300.4 78.4 300.7 78.5 301.1 78.6 301.5
  78.7 302.0 78.8 302.6 78.9 303.3 79.0 304.0 79.1 304.8 79.2 305.6 79.4 306.6
  79.5 307.6 79.6 308.8 79.7 309.9 79.8 311.1 79.9 312.2 80.0 313.4 80.0 314.6
  80.1 315.6 80.2 316.6 80.3 317.6 80.3 318.6 80.4 319.7 80.4 320.7 80.5 321.7
  80.6 322.7 80.6 323.8 80.7 324.8 80.8 325.9 80.9 327.1 81.0 328.2 81.1 329.5
  81.2 330.7 81.3 332.1 81.4 333.5 81.6 335.0 81.7 336.6 81.8 338.1 81.9 339.5
  82.0 341.0 82.0 342.4 82.1 343.0 82.2 343.5 82.2 343.9 82.1 344.1 82.1 344.2
  82.1 344.2 82.0 344.1 81.9 343.9 81.8 344.8 81.7 345.7 81.5 346.3 81.3 346.7
  81.1 347.0 80.9 347.0 80.6 346.9 80.4 346.6 80.0 346.2 79.7 345.6 79.4 346.0
  79.0 346.3 78.8 346.5 78.5 346.6 78.2 346.7 77.9 346.7 77.7 348.7 77.5 350.7
  77.4 352.6 77.2 354.3 77.0 355.9 76.8 357.3 76.6 358.4 76.3 359.4 76.1   0.2
  75.7   0.4 75.4   0.8 75.1   1.3 74.7   1.7 74.3   2.0 73.9   2.4 73.5   2.9
  73.0   3.4 72.5   3.8 72.0   4.3 71.4   4.7 70.9   5.1 70.2   5.5 69.5   5.9
  68.9   6.1 68.2   6.3 67.4   6.5 66.7   6.5 65.9   6.6 65.1   6.4 64.3   6.3
  63.4   6.3 62.6   6.0 61.7   5.7 61.0   5.3 60.2   4.9 59.6   4.4 59.0   3.8
  58.3   3.2 57.7   2.6 57.1   2.0 56.7   1.4 56.2   0.7 55.9   0.0 55.6 359.4
  55.2 358.3 54.8 357.2 54.5 356.0 54.2 354.8 53.7 353.7 53.3 352.6 53.0 351.5
  52.5 350.4 52.1 349.2 51.7 347.9 51.3 346.7 50.9 345.5 50.6 344.3 50.3 342.9
  50.0 341.6 49.8 340.2 49.6 339.1 49.5 338.0 49.3 336.8 49.2 335.6 49.1 334.3
  49.0 333.1 48.9 331.8 48.9 330.4 48.9 329.1 48.9 327.9 49.0 326.6 49.1 325.4
  49.2 324.2 49.3 322.9 49.4 321.7 49.4 320.4 49.4 319.2 49.3 317.9 49.2 316.6
  49.1 315.4 49.0 314.1 48.9 312.9 48.7 311.7 48.6 310.5 48.4 309.4 48.2 308.4
  47.9 307.4 47.7 306.4 47.4 305.5 47.2 304.6 46.9 303.8 46.7 302.9 46.5 302.0
  46.3 301.2 46.0 300.3 45.7 299.5 45.5 298.7 45.3 297.9 45.0 297.1 44.8 296.3
  44.5 295.5 44.3 294.8 44.1 294.0
   7 21 85  0.0
  72.5 321.4 72.1 322.1 71.7 322.9 71.4 323.4 71.1 323.9 70.8 324.4 70.6 324.9
  70.5 325.5 70.3 326.0 70.2 326.5 70.1 327.0 69.9 327.6 69.8 328.2 69.9 328.8
  70.0 329.4 70.1 330.1 70.2 330.8 70.2 331.6 70.3 332.5 70.5 333.5 70.6 334.6
  70.8 335.7 70.9 336.9 71.1 338.3 71.3 339.7 71.4 341.2 71.5 342.8 71.5 344.5
  71.5 346.2 71.4 347.9 71.3 349.6 71.0 351.3 70.8 352.9 70.4 354.4 70.0 355.8
  69.6 357.2 69.1 358.3 68.5 359.3 67.9   0.2 67.2   0.4 66.4   0.6 65.6   0.8
  64.9   1.0 64.1   1.1 63.3   1.3 62.5   1.3 61.7   1.3 61.0   1.1 60.2   0.8
  59.5   0.5 58.8   0.2 58.1 359.8 57.6 359.1 57.0 358.3 56.5 357.4 56.0 356.4
  55.5 355.4 55.3 354.3 55.0 353.2 54.8 352.0 54.5 350.9 54.5 349.6 54.4 348.3
  54.4 347.0 54.5 345.6 54.6 344.1 54.7 342.6 54.9 341.1 55.2 339.5 55.4 338.0
  55.6 336.4 55.8 334.8 56.0 333.3 56.2 332.2 56.4 331.1 56.6 330.0 56.8 328.9
  57.1 327.7 57.2 326.6 57.3 325.5 57.4 324.4 57.6 323.2 57.6 322.1 57.7 320.9
  57.7 319.8 57.7 318.6 57.7 317.4 57.8 316.3 57.8 315.1 57.8 313.9 57.8 312.7
  57.8 311.6 57.8 310.4 57.8 309.2 57.8 308.0 57.9 306.9 57.8 305.9 57.7 304.9
  57.7 304.0 57.6 303.1 57.5 302.3 57.4 301.6 57.4 300.9 57.3 300.2 57.3 299.5
  57.3 298.9 57.3 298.3 57.2 297.7 57.2 297.2 57.1 296.6 57.1 296.1 57.1 295.7
  57.1 295.2 57.2 294.8 57.2 294.4 57.3 294.0 57.4 293.6 57.5 293.3 57.6 293.0
  57.8 292.6 57.9 292.3 58.1 292.0 58.3 291.7 58.5 291.3 58.7 291.0 59.0 290.7
  59.2 290.4 59.5 290.1 59.7 289.8 60.0 289.5 60.3 289.0 60.6 288.5 60.9 288.0
  61.2 287.5 61.5 287.0 61.8 286.5 62.1 286.1 62.5 285.4 62.8 284.8 63.2 284.2
  63.5 283.6 63.8 283.0 64.1 282.5 64.5 281.7 64.8 280.8 65.1 280.0 65.5 279.2
  65.7 278.4 65.9 277.6 66.1 276.9 66.4 275.9 66.6 274.9 66.8 273.9 67.0 273.0
  67.3 272.1 67.5 271.2 67.6 270.3 67.6 269.5 67.7 268.7 67.8 268.0 67.9 267.4
  67.9 266.8 67.9 266.3 67.9 265.9 67.9 265.5 67.9 265.2 68.0 265.0 68.0 264.8
  68.1 264.2 68.2 263.8 68.1 263.4 68.1 263.1 68.1 262.8 68.0 262.7 68.0 262.6
  67.9 263.0 67.9 263.4 67.9 263.9 67.8 264.4 67.9 265.1 68.0 265.7 68.1 266.0
  68.2 266.2 68.3 266.5 68.4 266.9 68.4 267.3 68.5 267.7 68.5 268.2 68.7 268.7
  68.8 269.3 68.9 269.9 69.0 270.5 69.1 271.2 69.1 271.9 69.2 272.6 69.3 273.3
  69.4 274.0 69.5 274.6 69.6 275.3 69.7 275.9 69.8 276.5 69.9 277.2 70.0 277.8
  70.1 278.4 70.2 278.4 70.3 278.4 70.4 278.5 70.4 278.6 70.5 278.7 70.5 278.8
  70.6 278.9 70.6 279.0 70.6 279.2 70.6 279.4 70.6 279.5 70.6 279.7 70.6 279.9
  70.5 280.2 70.4 280.4 70.4 280.5 70.3 280.7 70.2 280.8 70.1 280.9 70.0 281.0
  69.9 281.5 69.7 282.0 69.6 282.4 69.5 282.8 69.3 283.1 69.2 283.4 69.0 283.7
  68.8 284.0 68.7 284.3 68.6 284.5 68.4 284.7 68.3 284.9 68.1 285.1 68.0 285.3
  67.8 285.7 67.6 286.1 67.5 286.4
   7 22 85  0.0
  72.5 321.4 72.2 321.9 72.0 322.4 71.8 323.0 71.5 323.6 71.3 324.2 71.3 324.9
  71.2 325.6 71.1 326.4 71.0 327.2 71.0 328.2 71.1 329.2 71.1 330.3 71.2 331.6
  71.2 333.0 71.4 334.5 71.5 336.2 71.7 338.0 71.9 339.8 72.0 341.7 72.1 343.6
  72.1 345.3 72.2 347.1 72.2 348.8 72.1 350.6 72.1 352.4 72.0 354.2 71.9 356.0
  71.8 357.9 71.7 359.7 71.5   1.4 71.2   1.9 71.0   2.4 70.7   2.9 70.3   3.3
  70.0   3.7 69.6   4.1 69.2   4.5 68.8   4.9 68.4   5.2 67.9   5.6 67.5   6.0
  67.0   6.4 66.6   6.8 66.0   7.2 65.5   7.6 65.0   8.1 64.4   8.6 63.7   9.0
  63.1   9.4 62.4   9.8 61.6  10.1 60.9  10.2 60.2  10.3 59.5  10.4 58.7  10.2
  58.0  10.0 57.3   9.6 56.5   9.1 55.8   8.7 55.1   8.0 54.4   7.3 53.8   6.6
  53.3   5.8 52.7   5.0 52.2   4.2 51.7   3.4 51.3   2.6 51.0   1.7 50.7   0.8
  50.5 360.0 50.4 358.6 50.4 357.2 50.4 355.7 50.4 354.1 50.4 352.5 50.3 350.8
  50.4 349.1 50.4 347.3 50.6 345.5 50.8 343.6 51.1 341.7 51.4 339.8 51.6 337.8
  51.9 335.8 52.0 333.8 52.1 331.8 52.2 329.8 52.3 327.7 52.3 325.8 52.4 323.8
  52.5 321.8 52.6 319.9 52.7 318.0 52.7 316.2 52.8 314.4 52.7 312.7 52.7 311.0
  52.6 309.4 52.5 308.0 52.4 306.7 52.2 305.4 52.1 304.3 51.9 303.2 51.9 302.0
  51.8 300.8 51.7 299.8 51.6 298.8 51.5 297.8 51.4 297.0 51.3 296.2 51.1 295.5
  51.1 294.8 51.1 294.1 51.0 293.6 50.9 293.0 50.8 292.5 50.7 292.0 50.8 291.5
  50.8 291.0 50.9 290.6 50.9 290.1 50.9 289.7 50.9 289.4 50.8 289.0 50.7 288.7
  50.6 288.5 50.4 288.2 50.1 287.9 50.0 287.7 49.9 287.5 49.8 286.9 49.6 286.3
  49.4 285.7 49.1 285.2 48.8 284.7 48.5 284.2 48.1 283.8 48.1 283.3 48.0 282.8
  47.9 282.3 47.8 281.4 47.7 280.4 47.5 279.6 47.6 278.7 47.7 277.7 47.8 276.8
  47.8 275.8 47.9 274.8 48.0 273.8 48.0 272.7 48.1 271.9 48.3 271.1 48.5 270.4
  48.7 269.6 49.0 268.9 49.2 268.2 49.5 267.6 50.0 266.9 50.6 266.8 51.1 266.6
  51.6 266.4 52.1 266.1 52.6 266.1 53.0 266.2 53.5 266.2 53.9 266.2 54.3 266.1
  54.8 266.5 55.2 266.9 55.6 267.2 55.9 267.6 56.3 267.9 56.7 268.4 57.0 269.0
  57.2 269.5 57.5 270.1 57.8 270.6 58.0 271.1 58.3 272.0 58.5 272.8 58.7 273.7
  58.8 274.5 58.9 275.3 59.1 276.1 59.2 276.7 59.3 277.3 59.4 277.8 59.6 278.3
  59.7 278.7 59.9 279.0 60.1 279.3 60.3 279.9 60.5 280.4 60.9 281.0 61.3 281.6
  61.7 282.2 62.1 282.8 62.6 283.6 63.0 284.6 63.3 285.6 63.7 286.6 64.0 287.8
  64.3 289.0 64.4 290.1 64.6 291.1 64.7 292.2 64.7 293.3 64.7 294.3 64.7 295.4
  64.6 296.3 64.5 297.3 64.3 298.2 64.0 299.0 63.8 299.8 63.6 300.5 63.3 301.2
  62.9 301.9 62.6 302.4 62.2 303.0 61.8 303.4 61.4 303.5 61.0 303.6 60.5 303.7
  60.1 303.7 59.5 303.8 59.0 303.5 58.5 303.3 57.9 303.1 57.4 302.6 56.8 302.2
  56.1 301.8 55.4 301.5 54.7 301.1 53.9 300.7 53.1 300.2 52.3 299.7 51.3 299.2
  50.3 298.3 49.3 297.5 48.3 296.3
   7 23 85  0.0
  72.5 321.4 72.5 321.6 72.4 321.8 72.4 322.1 72.3 322.3 72.3 322.6 72.2 322.9
  72.1 323.2 72.1 323.5 72.0 323.8 72.0 324.2 72.0 324.7 72.0 325.2 72.1 325.6
  72.1 326.1 72.1 326.6 72.1 327.1 72.1 327.7 72.1 328.4 72.2 329.1 72.3 329.9
  72.4 330.7 72.5 331.6 72.5 332.5 72.7 333.5 72.8 334.7 72.9 335.9 73.1 337.2
  73.2 338.6 73.3 340.1 73.5 341.8 73.6 343.5 73.7 345.3 73.8 347.2 74.0 349.2
  74.1 351.1 74.2 352.6 74.2 354.1 74.3 355.6 74.3 357.1 74.3 358.6 74.3   0.1
  74.3   0.5 74.3   0.8 74.2   1.2 74.2   1.6 74.1   2.0 74.0   2.4 74.0   2.8
  73.9   3.3 73.8   3.8 73.7   4.3 73.5   4.8 73.4   5.2 73.2   5.7 73.0   6.1
  72.8   6.5 72.6   6.9 72.3   7.2 72.0   7.6 71.7   7.9 71.4   8.2 71.1   8.5
  70.8   8.8 70.4   9.0 70.1   9.3 69.7   9.5 69.3   9.8 68.9  10.0 68.4  10.3
  68.0  10.5 67.5  10.9 67.0  11.2 66.5  11.6 65.9  12.0 65.3  12.3 64.6  12.6
  64.0  12.9 63.3  13.1 62.6  13.3 61.9  13.5 61.1  13.5 60.4  13.6 59.6  13.6
  58.8  13.5 58.0  13.4 57.2  13.1 56.5  12.8 55.8  12.5 55.2  12.0 54.6  11.6
  53.9  11.2 53.4  10.7 52.8  10.2 52.2   9.7 51.6   9.2 51.1   8.7 50.6   8.2
  50.1   7.7 49.6   7.2 49.2   6.6 48.8   6.0 48.5   5.4 48.1   4.8 47.8   4.1
  47.6   3.6 47.3   3.0 47.0   2.4 46.7   1.8 46.5   1.2 46.2   0.6 46.0 360.0
  45.9 359.0 45.7 358.3 45.6 357.4 45.5 356.6 45.4 355.8 45.4 354.9 45.3 354.1
  45.3 353.2 45.2 352.3 45.1 351.4 45.1 350.5 45.2 349.7 45.2 348.8 45.2 347.9
  45.4 347.1 45.5 346.2 45.6 345.4 45.8 344.6 45.9 343.8 46.0 343.0 46.1 342.3
  46.2 341.0 46.3 339.8 46.4 338.6 46.5 337.5 46.6 336.3 46.6 335.2 46.7 334.2
  46.8 333.1 46.9 332.1 46.9 331.0 47.0 330.0 47.1 329.0 47.2 328.1 47.3 327.1
  47.4 326.2 47.4 325.3 47.5 324.3 47.6 323.4 47.6 322.5 47.7 321.6 47.7 320.7
  47.7 319.8 47.7 319.0 47.7 318.1 47.8 317.2 47.7 316.3 47.7 315.5 47.7 314.6
  47.7 313.8 47.7 312.9 47.6 312.0 47.6 311.1 47.5 310.2 47.4 309.3 47.3 308.3
  47.2 307.3 47.0 306.3 46.9 305.3 46.8 304.2 46.6 303.1 46.5 302.0 46.4 300.9
  46.3 299.7 46.1 298.6 46.0 297.5 45.9 296.4 45.7 295.7 45.6 294.9 45.5 294.2
  45.3 293.4 45.2 292.6 45.1 291.8 45.0 291.0 44.8 290.1 44.7 289.3 44.7 288.4
  44.6 287.5 44.5 286.6 44.5 285.7 44.5 284.8 44.4 283.9 44.4 283.0 44.3 282.1
  44.3 281.1 44.2 280.2 44.1 279.2 44.1 278.2 44.0 277.2 44.0 276.2 44.0 275.2
  44.0 274.3 44.1 273.4 44.2 272.4 44.2 271.5 44.2 270.6 44.3 269.7 44.3 268.8
  44.3 268.0 44.4 267.1 44.4 266.3 44.5 265.5 44.6 264.7 44.6 263.8 44.7 263.0
  44.8 262.2 44.9 261.4 44.9 260.6 45.0 259.9 45.0 259.1 45.1 258.4 45.1 257.7
  45.1 257.1 45.2 256.5 45.2 255.8 45.2 255.3 45.3 254.7 45.3 254.1 45.3 253.6
  45.3 253.0 45.3 252.5 45.3 251.9 45.3 251.4 45.3 250.9 45.3 250.3 45.3 249.8
  45.3 249.3 45.2 248.8 45.2 248.3
   7 24 85  0.0
  72.5 321.4 72.4 321.7 72.4 322.0 72.3 322.3 72.3 322.6 72.2 323.0 72.2 323.3
  72.2 323.7 72.1 324.1 72.3 324.5 72.4 325.0 72.5 325.4 72.6 325.9 72.7 326.4
  72.8 326.9 72.9 327.5 73.0 328.0 73.1 328.5 73.4 329.1 73.6 329.6 73.8 330.1
  74.0 330.7 74.3 331.0 74.5 331.3 74.7 331.6 74.9 331.9 75.1 332.2 75.4 332.6
  75.6 333.0 75.8 333.4 76.0 333.9 76.2 334.1 76.4 334.3 76.5 334.5 76.7 334.8
  76.8 335.0 76.9 335.3 77.0 335.5 77.0 335.8 77.1 336.1 77.2 336.4 77.3 336.7
  77.4 337.0 77.5 337.4 77.6 337.7 77.7 338.0 77.8 338.3 77.8 338.7 77.9 339.0
  77.9 339.3 77.9 339.7 78.0 340.1 78.0 340.5 78.1 340.1 78.1 339.8 78.1 339.4
  78.0 339.0 77.9 338.6 77.9 339.0 77.8 339.5 77.7 340.0 77.6 340.6 77.6 341.2
  77.5 341.8 77.4 342.4 77.4 343.1 77.2 343.8 77.1 344.5 77.0 345.3 76.9 346.0
  76.8 346.7 76.7 347.5 76.5 348.2 76.4 349.0 76.2 349.7 76.1 350.4 75.9 351.1
  75.8 352.6 75.6 354.0 75.4 355.5 75.3 356.9 75.1 358.3 74.9 359.6 74.7   0.9
  74.5   1.2 74.2   1.5 74.0   1.7 73.7   2.1 73.5   2.5 73.2   2.8 72.8   3.1
  72.5   3.4 72.1   3.7 71.6   4.0 71.2   4.3 70.8   4.5 70.3   4.7 69.9   5.0
  69.4   5.2 68.9   5.5 68.3   5.8 67.8   6.0 67.2   6.3 66.6   6.6 65.9   6.8
  65.3   7.1 64.6   7.3 63.9   7.5 63.2   7.7 62.5   7.9 61.7   8.1 60.9   8.2
  60.1   8.3 59.3   8.3 58.5   8.2 57.7   8.1 57.0   7.7 56.3   7.4 55.6   7.1
  54.9   6.6 54.3   6.3 53.6   5.9 53.0   5.4 52.4   4.9 51.8   4.4 51.2   3.8
  50.9   3.2 50.4   2.5 50.0   1.8 49.6   1.1 49.2   0.4 48.8 359.6 48.5 358.4
  48.2 357.2 47.9 356.0 47.8 354.7 47.8 353.4 47.7 352.1 47.7 350.8 47.8 349.5
  47.9 348.1 48.0 346.8 48.2 345.5 48.4 343.9 48.8 342.4 49.0 340.9 49.3 339.3
  49.6 337.7 49.9 336.1 50.3 334.5 50.6 332.7 50.9 330.9 51.1 329.1 51.3 327.3
  51.5 325.5 51.7 323.7 51.8 322.0 51.9 320.4 51.9 318.8 51.9 317.2 51.9 315.6
  51.8 314.1 51.7 312.5 51.6 311.1 51.4 309.7 51.2 308.3 50.9 307.0 50.6 305.8
  50.2 304.5 49.8 303.3 49.3 302.0 48.9 300.7 48.6 299.4 48.1 298.1 47.7 296.9
  47.2 295.8 46.7 294.7 46.2 293.6 45.7 292.5 45.2 291.4 44.7 290.3 44.2 289.1
  43.8 287.9 43.3 286.8 42.9 285.6 42.6 284.4 42.2 283.2 42.0 281.9 41.8 280.7
  41.6 279.7 41.6 278.6 41.6 277.7 41.6 276.7 41.6 275.8 41.7 274.8 41.7 273.9
  41.8 273.0 41.8 272.1 41.9 271.1 42.0 270.2 42.1 269.1 42.2 268.0 42.5 266.8
  42.7 265.7 43.0 264.6 43.3 263.5 43.7 262.4 44.1 261.5 44.6 260.5 45.0 259.5
  45.3 258.6 45.7 257.8 46.1 256.9 46.5 256.1 47.0 255.3 47.3 254.5 47.6 253.8
  48.0 253.0 48.4 252.4 48.8 251.8 49.1 251.1 49.3 250.4 49.5 249.7 49.8 249.1
  50.1 248.4 50.4 247.9 50.6 247.4 50.8 246.9 51.0 246.5 51.2 246.0 51.5 245.6
  51.7 245.1 52.0 244.6 52.2 244.1 52.5 243.7 52.6 243.4 52.7 243.1 52.9 242.7
  53.0 242.4 53.2 242.0 53.4 241.7
   7 25 85  0.0
  72.5 321.4 72.4 321.1 72.3 320.8 72.2 320.5 72.1 320.2 72.1 320.0 71.9 319.7
  71.7 319.5 71.5 319.4 71.3 319.2 71.2 319.1 71.0 319.0 70.9 318.9 70.7 318.8
  70.6 318.8 70.4 318.8 70.3 318.9 70.2 318.9 70.0 319.1 69.9 319.2 69.8 319.3
  69.7 319.4 69.6 319.5 69.5 319.6 69.4 319.8 69.3 320.0 69.3 320.2 69.3 320.4
  69.3 320.7 69.3 320.9 69.4 321.1 69.4 321.3 69.5 321.6 69.5 321.9 69.6 322.1
  69.6 322.4 69.7 322.7 69.7 323.0 69.8 323.3 69.9 323.7 69.9 324.1 70.1 324.5
  70.3 325.0 70.5 325.4 70.6 326.0 70.8 326.5 71.0 327.1 71.1 327.7 71.2 328.4
  71.5 329.1 71.7 329.8 71.9 330.7 72.1 331.6 72.3 332.1 72.6 332.6 73.0 333.2
  73.2 333.8 73.5 334.5 73.7 335.3 73.9 336.1 74.2 337.0 74.4 337.5 74.7 338.2
  74.9 338.8 75.1 339.6 75.3 340.3 75.5 341.1 75.7 342.0 75.9 342.8 76.1 343.7
  76.3 344.3 76.5 344.8 76.7 345.4 76.9 345.9 77.0 346.5 77.2 347.1 77.3 347.7
  77.4 348.4 77.5 349.2 77.6 350.0 77.8 350.8 77.9 351.7 77.9 352.7 78.0 353.6
  78.1 353.7 78.2 353.8 78.2 353.8 78.2 353.9 78.3 353.9 78.2 353.9 78.2 353.9
  78.2 354.0 78.1 354.0 78.0 354.0 77.9 353.9 77.8 354.8 77.7 355.7 77.6 356.6
  77.5 357.4 77.4 358.2 77.3 359.0 77.1 359.7 77.0   0.4 76.9   0.5 76.7   0.7
  76.6   0.8 76.4   1.0 76.2   1.1 76.0   1.2 75.8   1.4 75.6   1.6 75.4   1.9
  75.2   2.2 74.9   2.4 74.7   2.7 74.4   2.9 74.0   3.1 73.7   3.3 73.3   3.6
  72.9   3.8 72.5   4.1 72.1   4.3 71.6   4.5 71.2   4.7 70.7   5.0 70.2   5.2
  69.7   5.4 69.1   5.6 68.5   5.8 67.9   6.0 67.2   6.2 66.5   6.3 65.8   6.4
  65.1   6.5 64.3   6.6 63.6   6.7 62.8   6.9 62.0   7.0 61.3   7.1 60.5   7.1
  59.7   7.0 59.0   6.8 58.3   6.6 57.6   6.4 56.9   6.1 56.2   5.8 55.5   5.5
  54.8   5.1 54.2   4.7 53.5   4.3 52.9   3.8 52.4   3.2 51.9   2.6 51.4   2.0
  50.9   1.3 50.4   0.6 49.9 359.9 49.5 358.8 49.1 357.6 48.7 356.4 48.4 355.1
  48.3 353.8 48.2 352.4 48.1 351.0 48.2 349.5 48.3 348.0 48.3 346.5 48.6 345.0
  48.8 343.5 49.1 342.0 49.3 340.4 49.6 338.8 49.9 337.2 50.2 335.6 50.5 333.8
  50.8 332.0 51.1 330.2 51.3 328.4 51.6 326.6 51.7 324.8 52.0 323.1 52.0 321.4
  52.1 319.7 52.1 318.0 52.0 316.3 52.0 314.7 52.0 313.1 51.9 311.6 51.7 310.2
  51.5 308.9 51.2 307.6 50.8 306.3 50.4 305.1 50.0 303.8 49.6 302.6 49.2 301.3
  48.8 300.0 48.4 298.7 47.9 297.5 47.5 296.4 47.1 295.3 46.6 294.2 46.0 293.1
  45.5 292.0 45.1 290.9 44.6 289.8 44.1 288.6 43.7 287.4 43.2 286.2 42.8 285.1
  42.5 283.9 42.3 282.6 42.1 281.4 41.9 280.1 41.7 279.1 41.7 278.1 41.6 277.2
  41.6 276.2 41.6 275.3 41.7 274.4 41.7 273.4 41.8 272.5 41.8 271.6 41.9 270.7
  42.1 269.7 42.2 268.6 42.3 267.4 42.5 266.3 42.8 265.1 43.0 264.0 43.3 263.0
  43.7 262.0 44.1 261.1 44.5 260.1 44.9 259.1 45.2 258.2 45.6 257.3 46.0 256.5
  46.4 255.7 46.7 254.9 47.0 254.1
   7 26 85  0.0
  72.5 321.4 72.5 321.0 72.5 320.6 72.5 320.2 72.5 319.8 72.4 319.4 72.3 319.0
  72.2 318.5 72.1 318.1 71.9 317.7 71.8 317.0 71.7 316.3 71.6 315.6 71.5 314.9
  71.4 314.2 71.3 313.6 71.2 313.0 71.1 312.4 71.0 311.9 70.9 311.5 70.9 311.0
  70.8 310.6 70.7 310.2 70.5 309.8 70.4 309.5 70.3 309.2 70.1 308.9 70.0 308.6
  69.9 308.6 69.7 308.6 69.6 308.5 69.5 308.5 69.3 308.4 69.2 308.3 69.0 308.2
  68.9 308.1 68.8 308.0 68.7 307.8 68.6 307.7 68.5 307.6 68.4 307.5 68.3 307.5
  68.2 307.4 68.1 307.4 68.0 307.3 67.9 307.4 67.8 307.4 67.8 307.4 67.7 307.4
  67.6 307.4 67.6 307.3 67.5 307.4 67.4 307.4 67.3 307.4 67.2 307.5 67.1 307.5
  67.0 307.6 66.8 307.7 66.7 307.8 66.5 307.9 66.4 308.0 66.2 308.1 66.1 308.2
  65.9 308.3 65.8 308.5 65.7 308.7 65.5 308.8 65.4 309.0 65.3 309.1 65.1 309.2
  65.0 309.3 64.9 309.5 64.7 309.6 64.6 309.7 64.4 309.8 64.2 309.9 64.0 309.9
  63.8 310.0 63.6 310.1 63.4 310.3 63.2 310.4 62.9 310.5 62.7 310.5 62.4 310.6
  62.2 310.7 61.9 310.8 61.6 310.9 61.3 311.0 61.0 311.0 60.7 311.1 60.4 311.2
  60.1 311.2 59.8 311.3 59.5 311.3 59.2 311.3 58.9 311.3 58.6 311.3 58.2 311.3
  57.9 311.3 57.6 311.3 57.4 311.3 57.1 311.2 56.8 311.2 56.6 311.1 56.3 311.0
  56.1 311.0 55.8 310.9 55.6 310.7 55.4 310.6 55.2 310.5 55.0 310.3 54.8 310.1
  54.6 310.0 54.5 309.8 54.3 309.6 54.2 309.4 54.0 309.2 53.9 309.0 53.7 308.6
  53.6 308.3 53.5 307.9 53.4 307.6 53.3 307.2 53.3 306.8 53.2 306.5 53.2 306.1
  53.1 305.7 53.0 305.2 53.0 304.8 52.9 304.4 52.9 303.9 52.8 303.4 52.8 302.9
  52.8 302.4 52.7 301.8 52.7 301.3 52.6 300.6 52.6 300.0 52.5 299.3 52.4 298.7
  52.4 297.9 52.3 297.2 52.2 296.5 52.1 295.7 52.1 294.9 52.0 294.1 52.0 293.3
  51.9 292.3 51.8 291.4 51.8 290.5 51.8 289.6 51.7 288.7 51.7 287.8 51.7 286.9
  51.7 286.0 51.7 285.1 51.7 284.1 51.7 283.2 51.7 282.2 51.6 281.3 51.6 280.4
  51.6 279.4 51.6 278.5 51.6 277.6 51.6 276.7 51.5 275.7 51.5 274.8 51.5 273.9
  51.4 273.0 51.4 272.1 51.3 271.2 51.3 270.3 51.2 269.4 51.1 268.6 51.0 267.7
  51.0 266.9 50.9 266.1 50.9 265.2 50.8 264.4 50.7 263.6 50.6 262.8 50.5 262.0
  50.4 261.2 50.3 260.4 50.2 259.6 50.1 258.8 50.0 258.0 49.8 257.1 49.7 256.2
  49.6 255.4 49.5 254.6 49.4 253.7 49.2 253.0 49.1 252.2 48.9 251.4 48.8 250.6
  48.7 249.8 48.6 249.1 48.5 248.3 48.3 247.6 48.2 246.9 48.0 246.2 47.8 245.5
  47.6 244.8 47.4 244.1 47.2 243.4 47.1 242.7 46.9 242.0 46.8 241.4 46.6 240.8
  46.4 240.2 46.2 239.6 46.1 239.0 46.1 238.5 46.0 238.0 45.9 237.3 45.7 236.7
  45.6 236.0 45.7 235.3 45.9 234.7 46.0 234.1 46.1 233.7 46.2 233.4 46.3 233.0
  46.4 232.6 46.4 232.2 46.5 231.8 46.7 231.4 47.0 231.0 47.2 230.6 47.4 230.2
  47.6 229.7 47.8 229.3 47.9 228.9 48.0 228.6 48.1 228.4 48.2 228.3 48.2 228.1
  48.2 228.0 48.3 227.9 48.3 227.7
   7 27 85  0.0
  72.5 321.4 72.6 320.8 72.7 320.2 72.8 319.6 72.9 319.1 72.9 318.6 73.0 318.1
  73.0 317.6 73.1 317.2 73.1 316.8 73.2 316.4 73.2 316.0 73.3 315.7 73.3 315.4
  73.3 315.1 73.3 314.8 73.2 314.5 73.2 314.2 73.2 313.9 73.1 313.6 73.1 313.3
  73.0 312.9 73.0 312.6 72.9 312.3 72.8 312.0 72.8 311.7 72.7 311.3 72.7 310.9
  72.7 310.5 72.6 310.1 72.6 309.7 72.6 309.2 72.5 308.7 72.5 308.1 72.5 307.5
  72.5 307.0 72.6 306.3 72.7 305.7 72.8 305.1 72.8 304.5 72.8 304.0 73.0 303.5
  73.2 303.0 73.3 302.5 73.5 302.0 73.6 301.5 73.7 301.1 73.8 300.7 73.9 300.2
  74.0 299.9 74.2 299.8 74.3 299.7 74.4 299.7 74.5 299.7 74.6 299.7 74.7 299.8
  74.7 299.9 74.8 300.0 74.8 300.1 74.8 300.3 74.8 300.5 74.8 300.7 74.8 301.0
  74.8 301.2 74.7 301.4 74.7 301.7 74.6 301.9 74.6 302.2 74.5 302.4 74.4 302.6
  74.4 302.9 74.3 303.1 74.2 303.4 74.1 303.6 74.0 303.8 73.9 304.0 73.8 304.1
  73.6 304.1 73.5 304.2 73.3 304.2 73.1 304.2 73.0 304.1 72.8 304.1 72.6 303.9
  72.5 303.8 72.4 303.6 72.3 303.5 72.1 303.3 72.0 303.0 71.9 302.8 71.8 302.7
  71.7 302.5 71.6 302.4 71.5 302.3 71.4 302.1 71.3 302.0 71.2 301.8 71.1 301.6
  71.0 301.5 70.8 301.3 70.7 301.1 70.6 300.9 70.5 300.7 70.3 300.5 70.2 300.3
  70.1 300.1 69.9 299.9 69.9 300.0 69.7 300.1 69.6 300.3 69.4 300.3 69.3 300.4
  69.2 300.4 69.0 300.3 68.9 300.2 68.7 300.1 68.6 300.0 68.6 299.8 68.6 299.6
  68.6 299.4 68.6 299.1 68.7 298.8 68.7 298.5 68.8 298.2 68.9 297.8 68.9 297.5
  69.0 297.2 69.2 296.9 69.3 296.5 69.4 296.2 69.6 295.9 69.8 295.5 70.0 295.2
  70.3 294.7 70.6 294.3 70.9 293.8 71.2 293.4 71.5 292.9 71.7 292.4 72.0 291.9
  72.3 291.3 72.6 290.7 72.9 290.0 73.1 289.2 73.3 288.4 73.6 287.5 73.7 286.5
  73.9 285.5 74.1 284.4 74.2 283.2 74.3 281.9 74.5 280.6 74.6 279.3 74.7 277.9
  74.8 276.7 74.9 275.4 74.9 274.2 75.0 273.0 75.0 271.9 75.1 270.9 75.1 269.9
  75.2 269.0 75.2 268.2 75.2 267.5 75.3 266.9 75.4 266.3 75.4 265.8 75.5 265.5
  75.6 265.1 75.6 264.9 75.7 264.7 75.8 264.6 75.8 264.6 75.9 264.7 76.0 264.8
  76.0 265.0 76.1 266.0 76.2 266.9 76.2 267.9 76.2 269.0 76.3 270.1 76.3 271.2
  76.4 272.2 76.4 273.1 76.4 274.0 76.4 274.8 76.5 275.5 76.5 276.2 76.5 276.8
  76.6 277.3 76.6 277.8 76.6 278.3 76.7 278.7 76.7 279.1 76.7 279.4 76.7 279.6
  76.7 279.8 76.6 280.0 76.6 280.1 76.6 280.1 76.6 280.1 76.6 280.0 76.6 279.9
  76.5 279.8 76.3 279.6 76.2 279.3 76.0 279.1 75.9 278.8 75.7 278.3 75.6 277.8
  75.5 277.3 75.4 276.9 75.2 276.4 75.1 276.0 75.0 275.5 74.8 275.1 74.7 274.7
  74.5 274.3 74.3 274.0 74.1 273.8 74.0 273.5 73.8 273.3 73.6 273.0 73.4 272.7
  73.2 272.5 73.0 272.2 72.7 272.0 72.5 271.7 72.2 271.5 71.8 271.2 71.6 270.6
  71.3 270.1 71.0 269.4 70.7 268.8 70.4 268.1 70.2 267.4 69.9 266.6 69.6 265.9
  69.4 265.2 69.2 264.4 68.9 263.7
   7 28 85  0.0
  72.5 321.4 72.6 320.5 72.7 319.6 72.8 318.7 73.0 317.9 73.1 317.1 73.2 316.3
  73.3 315.5 73.4 314.7 73.5 314.0 73.6 313.3 73.7 312.7 73.8 312.0 73.9 311.4
  74.0 310.9 74.0 310.3 74.1 309.8 74.1 309.4 74.2 309.0 74.3 308.7 74.3 308.4
  74.4 308.1 74.5 307.8 74.5 307.6 74.6 307.4 74.7 307.3 74.8 307.2 74.8 307.1
  74.9 307.0 75.0 307.0 75.1 306.9 75.1 307.0 75.2 307.0 75.3 307.1 75.3 307.2
  75.4 307.4 75.5 307.5 75.6 307.7 75.6 307.9 75.7 308.2 75.7 308.4 75.8 308.5
  75.8 308.7 75.9 308.9 75.9 309.0 75.9 309.2 75.9 309.3 75.9 309.4 76.0 309.5
  76.0 309.6 76.0 309.7 76.0 309.8 76.0 309.8 76.0 310.2 76.0 310.6 76.1 311.0
  76.1 311.5 76.1 311.9 76.1 312.3 76.0 312.7 75.9 312.6 75.8 312.4 75.7 312.2
  75.5 312.0 75.5 311.8 75.5 311.6 75.4 311.4 75.4 311.3 75.3 311.1 75.2 310.9
  75.1 310.8 75.0 310.6 74.9 310.5 74.7 310.4 74.6 310.3 74.4 310.2 74.2 310.2
  74.1 310.1 73.9 310.1 73.7 309.9 73.5 309.7 73.3 309.6 73.2 309.4 73.0 309.3
  72.8 309.2 72.6 309.2 72.5 309.1 72.3 309.1 72.1 309.1 72.0 309.2 71.8 309.2
  71.7 309.3 71.5 309.4 71.4 309.5 71.2 309.6 71.1 309.8 70.9 310.0 70.8 310.3
  70.6 310.5 70.5 310.7 70.4 310.9 70.2 311.1 70.1 311.2 69.9 311.4 69.8 311.4
  69.7 311.5 69.6 311.6 69.4 311.7 69.3 311.8 69.2 311.8 69.1 311.9 69.0 312.0
  68.9 312.1 68.8 312.1 68.7 312.2 68.6 312.2 68.6 312.3 68.5 312.4 68.5 312.4
  68.4 312.5 68.4 312.6 68.4 312.6 68.3 312.7 68.3 312.7 68.2 312.8 68.2 312.8
  68.1 312.8 68.0 312.9 67.9 312.9 67.8 312.9 67.7 312.9 67.6 312.9 67.5 312.9
  67.4 312.8 67.2 312.8 67.1 312.8 67.0 312.7 66.8 312.7 66.7 312.6 66.5 312.5
  66.4 312.4 66.2 312.3 66.1 312.1 65.9 312.0 65.7 311.9 65.5 311.8 65.3 311.6
  65.1 311.5 64.8 311.3 64.6 311.2 64.3 311.0 64.0 310.8 63.8 310.6 63.5 310.5
  63.2 310.3 62.9 310.2 62.6 310.0 62.3 309.9 62.0 309.7 61.7 309.4 61.4 309.3
  61.2 309.2 60.9 309.1 60.6 309.0 60.4 308.8 60.1 308.7 59.9 308.6 59.7 308.6
  59.4 308.6 59.2 308.6 59.1 308.6 58.9 308.5 58.7 308.4 58.6 308.3 58.4 308.2
  58.3 308.1 58.2 307.9 58.0 307.7 57.8 307.4 57.6 307.2 57.4 306.9 57.3 306.6
  57.1 306.2 56.9 305.9 56.8 305.6 56.6 305.2 56.5 304.9 56.4 304.5 56.2 304.2
  56.1 303.8 55.9 303.5 55.7 303.0 55.4 302.6 55.2 302.2 55.0 301.7 54.9 301.3
  54.7 300.8 54.6 300.3 54.4 299.7 54.2 299.2 54.0 298.6 53.8 298.0 53.6 297.3
  53.4 296.6 53.3 295.9 53.0 295.1 52.8 294.4 52.6 293.5 52.4 292.7 52.2 291.8
  52.1 290.8 51.9 289.9 51.8 289.0 51.6 288.1 51.5 287.1 51.3 286.2 51.2 285.2
  51.0 284.3 50.8 283.3 50.7 282.3 50.6 281.4 50.5 280.4 50.4 279.4 50.4 278.4
  50.4 277.3 50.3 276.3 50.3 275.3 50.2 274.3 50.1 273.3 50.0 272.3 49.9 271.4
  49.9 270.5 49.8 269.7 49.7 268.8 49.7 268.0 49.7 267.1 49.7 266.2 49.7 265.3
  49.7 264.5 49.7 263.6 49.6 262.8
   7 29 85  0.0
  72.5 321.4 72.4 321.1 72.3 320.8 72.2 320.4 72.1 320.0 72.1 319.6 72.0 319.1
  71.9 318.9 71.9 318.7 71.9 318.5 71.9 318.2 71.9 318.0 71.9 317.7 71.9 317.4
  71.9 317.1 72.0 316.9 72.0 316.6 72.1 315.8 72.1 315.1 72.1 314.4 72.1 313.7
  72.2 313.0 72.2 312.3 72.3 311.6 72.3 310.9 72.4 310.2 72.4 309.6 72.5 308.9
  72.5 308.3 72.6 307.7 72.6 307.1 72.7 306.5 72.7 306.0 72.7 305.5 72.8 304.9
  72.8 304.4 72.9 304.0 72.9 303.5 73.0 303.0 73.0 302.6 73.1 302.1 73.2 301.6
  73.2 301.2 73.3 300.8 73.4 300.3 73.5 299.9 73.6 299.5 73.7 299.0 73.8 298.6
  73.9 298.2 74.0 297.7 74.1 297.3 74.2 297.0 74.3 296.8 74.4 296.5 74.6 296.2
  74.7 296.0 74.8 295.7 74.9 295.5 75.0 295.2 75.1 295.0 75.2 294.7 75.3 294.5
  75.4 294.2 75.6 293.8 75.7 293.5 75.8 293.1 75.9 292.7 76.1 292.3 76.2 292.1
  76.4 291.9 76.5 291.6 76.6 291.3 76.7 291.0 76.9 290.7 77.0 290.3 77.1 289.9
  77.2 289.6 77.3 289.2 77.5 288.7 77.6 288.3 77.7 287.9 77.8 287.4 77.8 286.9
  77.9 286.4 78.0 285.9 78.0 285.4 78.1 285.0 78.2 284.7 78.2 284.4 78.3 284.0
  78.3 283.7 78.3 283.4 78.3 283.0 78.3 282.7 78.2 282.4 78.2 282.2 78.2 281.9
  78.1 281.6 78.1 281.4 78.0 281.3 78.0 281.2 77.9 280.8 77.9 280.6 77.8 280.3
  77.7 280.1 77.6 279.9 77.3 279.8 76.9 279.7 76.5 279.7 76.2 279.6 75.8 279.6
  75.5 279.5 75.2 279.4 74.9 279.2 74.6 279.1 74.3 279.1 73.9 279.0 73.7 279.0
  73.4 279.0 73.1 279.0 72.9 279.0 72.6 279.1 72.3 279.1 72.1 279.1 71.8 279.2
  71.6 279.5 71.3 279.9 71.1 280.3 71.0 280.6 70.9 281.0 70.8 281.3 70.6 281.7
  70.5 282.0 70.4 282.3 70.3 282.6 70.2 282.9 70.1 283.2 70.0 283.5 69.9 283.7
  69.9 284.4 69.8 285.0 69.8 285.7 69.8 286.4 69.7 287.1 69.7 287.9 69.7 288.6
  69.7 289.3 69.6 289.9 69.6 290.5 69.6 291.0 69.6 291.5 69.6 291.9 69.7 292.3
  69.6 292.7 69.6 293.0 69.5 293.4 69.5 293.6 69.5 293.9 69.5 294.0 69.5 294.2
  69.5 294.3 69.5 294.3 69.6 294.3 69.6 294.3 69.7 294.2 69.8 294.1 69.9 294.0
  70.0 293.8 70.1 293.6 70.3 293.0 70.4 292.5 70.6 291.9 70.8 291.4 71.0 290.8
  71.3 290.3 71.5 289.7 71.7 289.1 72.0 288.5 72.2 287.9 72.4 287.3 72.7 286.5
  72.9 285.8 73.1 284.9 73.3 284.0 73.5 283.1 73.6 282.0 73.8 280.9 73.9 279.8
  74.0 278.6 74.1 277.1 74.2 275.6 74.3 274.0 74.3 272.4 74.3 270.9 74.3 269.4
  74.3 268.0 74.4 266.7 74.3 265.5 74.3 264.4 74.3 263.5 74.2 262.6 74.2 261.8
  74.1 261.2 74.1 260.6 74.0 260.2 73.9 259.8 73.9 259.3 73.8 258.8 73.7 258.4
  73.7 258.0 73.6 257.7 73.5 257.5 73.4 257.3 73.3 257.1 73.2 257.0 73.1 256.9
  73.0 256.8 72.9 256.8 72.8 256.8 72.7 256.8 72.6 256.9 72.4 257.0 72.2 257.1
  72.1 257.2 71.9 257.4 71.7 257.6 71.5 257.8 71.3 258.0 71.1 258.2 70.9 258.4
  70.7 258.6 70.5 258.8 70.3 258.9 70.0 259.1 69.8 259.3 69.5 259.5 69.3 259.8
  69.0 260.0 68.7 260.2 68.5 260.4
   7 30 85  0.0
  72.5 321.4 72.2 320.8 72.0 320.4 71.7 319.9 71.5 319.6 71.3 319.2 71.0 318.9
  70.7 318.7 70.5 318.4 70.2 318.2 69.9 318.0 69.6 317.8 69.3 317.6 68.9 317.4
  68.6 317.3 68.3 317.2 67.9 317.1 67.6 317.1 67.2 317.2 66.9 317.2 66.5 317.3
  66.1 317.4 65.7 317.5 65.3 317.7 64.9 317.8 64.4 317.9 63.9 318.0 63.4 318.1
  62.9 318.2 62.4 318.3 61.9 318.4 61.4 318.2 60.9 318.1 60.4 317.9 59.9 317.6
  59.4 317.0 59.0 316.4 58.5 315.7 58.0 315.1 57.5 314.6 57.0 313.8 56.4 313.1
  55.9 312.3 55.4 311.4 54.9 310.5 54.3 309.7 53.7 308.9 53.2 307.8 52.5 306.8
  51.8 305.7 51.2 304.5 50.6 303.3 49.9 302.1 49.3 300.8 48.7 299.4 48.3 298.1
  47.9 296.7 47.5 295.4 47.3 294.0 47.0 292.7 46.8 291.4 46.8 290.1 46.8 288.8
  46.7 287.6 46.8 286.4 46.9 285.2 46.9 284.0 46.9 282.9 46.9 281.8 46.9 280.7
  46.9 279.6 46.9 278.6 47.0 277.6 47.0 276.6 47.0 275.7 47.2 274.7 47.3 273.7
  47.5 272.7 47.7 271.8 48.0 270.8 48.2 269.8 48.5 268.8 48.8 267.9 49.2 266.9
  49.5 265.9 49.9 265.0 50.3 264.0 50.6 263.3 51.0 262.6 51.4 261.9 51.8 261.1
  52.2 260.4 52.5 259.8 52.9 259.2 53.2 258.6 53.5 258.0 53.9 257.3 54.2 256.7
  54.5 256.2 54.9 255.8 55.2 255.3 55.4 254.9 55.7 254.4 56.0 253.9 56.2 253.4
  56.5 253.1 56.8 252.7 57.1 252.4 57.4 252.0 57.7 251.7 57.9 251.3 58.1 251.0
  58.3 250.7 58.5 250.3 58.7 250.0 58.9 249.7 59.1 249.4 59.3 249.0 59.5 248.7
  59.8 248.3 60.0 248.0 60.1 247.6 60.3 247.3 60.5 246.9 60.7 246.5 60.8 246.1
  61.0 245.6 61.2 245.2 61.4 244.7 61.7 244.2 61.9 243.7 62.1 243.2 62.3 242.8
  62.5 242.4 62.7 241.9 62.9 241.5 63.1 240.9 63.3 240.4 63.5 239.8 63.7 239.2
  63.8 238.6 64.0 238.0 64.2 237.3 64.3 236.7 64.5 236.0 64.6 235.3 64.8 234.6
  64.9 233.9 65.1 233.2 65.2 232.5 65.4 231.8 65.6 231.1 65.7 230.5 65.9 229.8
  66.1 229.1 66.4 228.5 66.6 227.9 66.8 227.3 67.0 226.7 67.2 226.2 67.4 225.6
  67.7 225.0 67.9 224.5 68.1 223.9 68.4 223.4 68.6 222.8 68.9 222.3 69.1 221.8
  69.4 221.2 69.6 220.7 69.9 220.2 70.1 219.7 70.4 219.2 70.7 218.7 71.0 218.2
  71.3 217.7 71.6 217.3 71.9 216.9 72.2 216.5 72.6 215.8 72.9 215.1 73.3 214.4
  73.6 213.7 73.9 213.0 74.3 212.3 74.6 211.3 75.0 210.3 75.3 209.2 75.6 208.1
  75.9 206.9 76.2 205.8 76.5 204.4 76.8 203.0 77.0 201.5 77.2 200.0 77.4 198.5
  77.6 197.1 77.7 195.7 77.8 194.3 77.8 192.9 77.9 191.6 77.9 190.4 77.8 189.2
  77.8 188.1 77.7 187.0 77.5 186.1 77.3 185.2 77.1 184.3 76.9 183.5 76.7 182.7
  76.4 182.1 76.1 181.5 75.7 180.9 75.5 180.5 75.2 180.1 74.9 179.8 74.5 179.5
  74.1 179.2 73.7 179.0 73.4 178.9 73.1 178.8 72.8 178.6 72.5 178.5 72.3 178.5
  72.0 178.4 71.8 178.4 71.5 178.3 71.3 178.2 71.1 178.1 70.9 178.1 70.8 178.0
  70.6 177.9 70.4 177.8 70.2 177.7 70.0 177.6 69.8 177.5 69.6 177.3 69.5 177.1
  69.3 176.9 69.1 176.7 68.9 176.4
   7 31 85  0.0
  72.5 321.4 72.2 321.1 71.9 320.8 71.6 320.7 71.4 320.6 71.1 320.5 70.8 320.4
  70.5 320.3 70.3 320.2 70.0 320.1 69.7 320.3 69.5 320.4 69.3 320.6 69.0 320.8
  68.8 321.0 68.6 321.1 68.4 321.3 68.2 321.4 68.0 321.5 67.8 321.6 67.6 322.2
  67.5 322.9 67.3 323.5 67.1 324.2 66.8 324.8 66.6 325.3 66.3 325.8 66.0 326.2
  65.7 326.9 65.4 327.4 65.1 327.9 64.7 328.2 64.3 328.4 64.0 328.6 63.6 328.9
  63.3 329.1 62.9 329.3 62.4 329.4 62.0 329.4 61.6 329.4 61.2 329.3 60.8 329.2
  60.4 329.0 60.0 328.8 59.7 328.6 59.5 328.1 59.2 327.6 58.8 327.1 58.3 326.6
  57.8 326.0 57.4 325.3 57.1 324.6 56.7 323.9 56.1 323.2 55.5 322.4 55.0 321.5
  54.6 320.6 54.2 319.7 53.6 318.8 53.1 317.8 52.6 316.8 52.2 315.8 51.6 314.8
  51.1 313.7 50.6 312.6 50.1 311.4 49.4 310.3 48.8 309.2 48.3 308.0 47.8 306.8
  47.3 305.7 46.8 304.6 46.3 303.4 45.7 302.3 45.3 301.2 44.8 300.2 44.4 299.0
  44.0 297.9 43.7 296.7 43.4 295.7 43.2 294.6 43.0 293.6 42.8 292.6 42.6 291.6
  42.6 290.7 42.5 289.7 42.4 288.8 42.3 288.0 42.3 287.2 42.3 286.4 42.3 285.6
  42.3 284.9 42.2 284.2 42.2 283.4 42.1 282.7 42.1 282.0 42.1 281.2 42.1 280.4
  42.0 279.6 42.0 278.8 42.0 277.9 42.0 277.1 42.0 276.2 42.0 275.5 42.1 274.8
  42.2 273.9 42.3 273.0 42.4 272.1 42.5 271.2 42.7 270.4 43.0 269.5 43.2 268.7
  43.4 267.9 43.7 267.1 44.0 266.3 44.3 265.5 44.6 264.6 44.9 263.7 45.3 262.8
  45.7 261.9 46.1 261.1 46.6 260.1 47.0 259.1 47.4 258.2 47.9 257.2 48.3 256.3
  48.7 255.3 49.1 254.3 49.4 253.3 49.8 252.3 50.2 251.3 50.6 250.4 51.0 249.5
  51.4 248.5 51.7 247.6 52.0 246.6 52.2 245.6 52.5 244.7 52.8 243.9 52.9 243.0
  53.1 242.0 53.3 241.1 53.5 240.1 53.7 239.1 53.8 238.1 53.9 237.0 54.0 235.9
  54.0 235.1 54.1 234.1 54.1 233.2 54.2 232.2 54.3 231.2 54.2 230.2 54.2 229.2
  54.2 228.1 54.2 227.0 54.1 225.8 54.0 224.6 53.9 223.2 53.7 221.6 53.4 220.1
  53.2 218.5 52.9 216.9 52.6 215.2 52.3 213.4 52.0 211.6 51.7 210.0 51.4 208.2
  51.1 206.4 50.9 204.5 50.6 202.7 50.4 201.0 50.2 199.4 50.1 198.0 50.0 196.6
  49.9 195.4 49.8 194.2 49.7 193.1 49.6 192.1 49.5 191.1 49.5 190.2 49.5 189.3
  49.5 188.5 49.5 187.6 49.6 186.8 49.8 186.0 49.9 185.2 50.1 184.5 50.3 183.9
  50.6 183.4 50.9 182.9 51.2 182.4 51.5 181.9 51.8 181.4 52.2 180.9 52.5 180.6
  52.9 180.4 53.3 180.1 53.7 179.8 54.1 179.5 54.6 179.5 55.0 179.6 55.4 179.7
  55.9 179.7 56.3 179.9 56.7 180.3 57.1 180.7 57.5 181.2 57.9 181.7 58.3 182.3
  58.7 183.0 59.1 183.8 59.4 184.7 59.7 185.6 59.9 186.6 60.1 187.7 60.4 188.7
  60.5 189.8 60.6 190.9 60.7 191.9 60.7 193.0 60.7 194.0 60.7 195.0 60.6 195.9
  60.6 196.7 60.4 197.5 60.3 198.2 60.1 198.8 59.9 199.3 59.7 200.1 59.6 200.7
  59.4 201.4 59.3 201.9 59.1 202.5 58.9 203.0 58.7 203.4 58.6 203.9 58.4 204.3
  58.2 204.7 58.1 205.0 58.0 205.4
