   8  1 85  0.0
  72.5 321.4 72.3 321.5 72.1 321.5 72.0 321.5 71.8 321.8 71.6 322.0 71.5 322.2
  71.3 322.4 71.1 322.5 71.0 322.6 70.8 322.8 70.6 322.8 70.4 322.9 70.2 322.9
  70.0 323.0 69.8 323.0 69.6 323.5 69.5 324.0 69.3 324.5 69.2 325.0 69.1 325.6
  69.0 326.1 68.8 326.6 68.7 327.1 68.6 327.6 68.5 328.1 68.4 328.6 68.3 329.1
  68.2 329.5 68.1 329.9 68.0 330.3 67.9 330.7 67.8 331.4 67.7 332.0 67.6 332.6
  67.5 333.1 67.3 333.6 67.1 334.0 67.0 334.4 66.8 334.7 66.6 335.0 66.4 335.3
  66.2 335.5 66.0 335.7 65.8 335.9 65.6 336.2 65.4 336.5 65.2 336.7 64.9 336.9
  64.7 337.1 64.5 337.2 64.3 337.3 64.1 337.4 63.9 337.5 63.7 337.6 63.5 337.7
  63.3 337.7 63.1 337.8 63.0 337.8 62.8 337.9 62.7 337.9 62.6 337.9 62.5 338.0
  62.4 338.0 62.3 338.1 62.2 338.1 62.2 338.2 62.1 338.3 62.1 338.3 62.1 338.4
  62.0 338.6 62.0 338.7 62.0 338.8 62.0 339.0 62.1 339.2 62.1 339.4 62.1 339.6
  62.1 339.9 62.2 340.3 62.2 340.6 62.2 341.0 62.2 341.5 62.2 341.9 62.2 342.5
  62.2 343.0 62.3 343.6 62.3 344.3 62.3 344.9 62.3 345.5 62.2 346.2 62.2 346.9
  62.2 347.6 62.2 348.3 62.2 349.0 62.2 349.7 62.1 350.4 62.1 351.1 62.1 351.9
  62.0 352.6 62.0 353.3 61.9 354.1 61.9 354.8 61.8 355.5 61.8 356.2 61.7 356.8
  61.6 357.4 61.5 358.0 61.3 358.5 61.2 359.0 61.1 359.5 60.9 359.9 60.8   0.3
  60.6   0.5 60.5   0.6 60.3   0.8 60.1   0.9 60.0   1.1 59.8   1.2 59.6   1.3
  59.4   1.4 59.2   1.5 58.9   1.6 58.7   1.6 58.5   1.7 58.2   1.8 57.9   1.9
  57.6   1.9 57.3   2.0 57.0   2.1 56.7   2.2 56.3   2.2 55.9   2.3 55.5   2.4
  55.1   2.4 54.6   2.5 54.2   2.5 53.7   2.5 53.3   2.4 52.9   2.3 52.5   2.2
  52.1   2.1 51.7   2.1 51.4   1.9 51.1   1.7 50.8   1.5 50.5   1.3 50.2   1.2
  49.9   1.0 49.6   0.8 49.4   0.6 49.1   0.3 48.9   0.1 48.7 359.9 48.2 359.5
  47.8 359.2 47.4 358.8 47.1 358.4 46.7 358.0 46.3 357.6 46.0 357.2 45.6 356.8
  45.3 356.3 45.0 355.9 44.6 355.5 44.2 355.1 43.8 354.7 43.4 354.3 43.0 353.9
  42.6 353.5 42.2 353.2 41.8 352.8 41.5 352.5 41.1 352.2 40.8 351.9 40.4 351.7
  39.9 351.4 39.5 351.2 39.1 351.0 38.7 350.9 38.3 350.7 37.9 350.6 37.5 350.4
  37.1 350.2 36.8 350.0 36.5 349.9 36.1 349.7 35.8 349.5 35.6 349.3 35.3 349.2
  35.0 349.0 34.8 348.8 34.6 348.7 34.3 348.6 34.1 348.5 33.9 348.4 33.7 348.3
  33.6 348.2 33.4 348.1 33.2 347.9 33.0 347.8 32.9 347.7 32.7 347.6 32.6 347.4
  32.4 347.3 32.3 347.1 32.2 347.0 32.1 346.8 32.0 346.7 31.9 346.6 31.8 346.6
  31.7 346.5 31.7 346.5 31.6 346.5 31.6 346.5 31.5 346.5 31.5 346.5 31.4 346.5
  31.4 346.6 31.4 346.6 31.3 346.7 31.2 346.7 31.1 346.8 31.0 346.8 30.9 346.8
  30.8 346.9 30.7 346.9 30.5 346.9 30.3 347.0 30.2 347.0 30.0 347.0 29.8 347.1
  29.6 347.2 29.5 347.4 29.3 347.5 29.2 347.5 29.1 347.6 29.0 347.7 28.8 347.7
  28.7 347.8 28.6 347.8 28.6 347.8
   8  2 85  0.0
  72.5 321.4 72.3 321.6 72.1 321.8 72.0 322.0 71.8 322.5 71.7 322.9 71.5 323.4
  71.4 323.8 71.3 324.3 71.2 324.7 71.1 325.2 71.0 325.7 71.0 326.1 70.9 326.6
  70.8 327.1 70.7 327.5 70.7 328.0 70.6 328.5 70.6 328.9 70.5 329.4 70.4 329.9
  70.4 330.3 70.3 330.8 70.2 331.2 70.2 331.6 70.1 332.1 70.0 332.5 69.9 333.2
  69.8 333.8 69.7 334.5 69.6 335.1 69.5 335.7 69.4 336.3 69.3 336.9 69.2 337.4
  69.2 337.9 69.1 338.3 69.0 338.7 68.9 339.0 68.8 339.3 68.7 339.5 68.6 339.7
  68.5 339.9 68.4 340.1 68.3 340.3 68.3 340.4 68.3 340.5 68.2 340.6 68.2 340.7
  68.1 340.8 68.0 340.8 68.0 340.8 67.9 341.1 67.8 341.3 67.7 341.4 67.6 341.5
  67.5 341.6 67.4 341.7 67.3 341.7 67.1 341.8 67.0 341.8 66.8 341.7 66.7 341.7
  66.5 341.7 66.4 341.6 66.2 341.6 66.0 341.5 65.9 341.5 65.7 341.5 65.6 341.6
  65.4 341.6 65.3 341.6 65.1 341.6 65.0 341.6 64.9 341.6 64.8 341.6 64.6 341.6
  64.5 341.5 64.4 341.5 64.3 341.4 64.2 341.3 64.2 341.2 64.1 341.1 64.0 341.0
  64.0 340.9 63.9 340.9 63.9 340.9 63.8 341.0 63.8 341.1 63.8 341.2 63.7 341.3
  63.7 341.4 63.7 341.6 63.7 341.8 63.6 342.0 63.6 342.3 63.6 342.5 63.6 342.8
  63.6 343.2 63.5 343.6 63.5 344.0 63.5 344.5 63.5 345.0 63.5 345.5 63.5 346.1
  63.4 346.8 63.4 347.5 63.4 348.2 63.4 349.0 63.4 349.8 63.4 350.6 63.4 351.4
  63.4 352.2 63.4 353.0 63.4 353.8 63.4 354.5 63.4 355.3 63.4 356.0 63.4 356.8
  63.4 357.5 63.4 358.2 63.4 358.8 63.4 359.4 63.3   0.0 63.3   0.2 63.3   0.5
  63.3   0.7 63.3   0.9 63.3   1.0 63.3   1.2 63.2   1.4 63.2   1.5 63.2   1.6
  63.2   1.8 63.1   1.9 63.1   2.0 63.0   2.1 63.0   2.1 63.0   2.2 62.9   2.3
  62.9   2.3 62.8   2.4 62.7   2.4 62.7   2.4 62.6   2.4 62.5   2.5 62.5   2.5
  62.4   2.5 62.3   2.4 62.2   2.4 62.1   2.4 62.0   2.4 61.9   2.3 61.8   2.3
  61.7   2.3 61.6   2.4 61.5   2.3 61.3   2.3 61.2   2.3 61.1   2.3 60.9   2.2
  60.8   2.2 60.7   2.1 60.6   2.0 60.4   1.9 60.3   1.8 60.2   1.7 60.1   1.5
  60.0   1.4 59.9   1.2 59.8   1.1 59.7   1.0 59.6   0.8 59.5   0.7 59.4   0.5
  59.3   0.3 59.2   0.1 59.1 359.9 58.9 359.5 58.7 359.1 58.5 358.7 58.3 358.3
  58.1 357.9 57.9 357.5 57.7 357.2 57.5 356.8 57.3 356.5 57.1 356.2 56.9 355.8
  56.6 355.5 56.4 355.1 56.1 354.8 55.8 354.4 55.6 354.1 55.3 353.8 55.0 353.4
  54.8 353.0 54.5 352.7 54.2 352.3 54.0 351.8 53.6 351.5 53.2 351.1 52.9 350.7
  52.5 350.2 52.1 349.8 51.8 349.3 51.4 349.0 51.1 348.6 50.9 348.3 50.6 347.9
  50.2 347.6 49.8 347.2 49.4 346.8 49.1 346.5 48.8 346.1 48.5 345.8 48.2 345.4
  48.0 345.0 47.8 344.5 47.6 344.3 47.4 344.0 47.1 343.7 46.8 343.4 46.6 343.1
  46.3 342.7 46.1 342.4 45.8 342.0 45.6 341.8 45.4 341.6 45.2 341.4 45.1 341.1
  44.9 340.9 44.8 340.7 44.7 340.4 44.6 340.1 44.5 339.9 44.3 339.6 44.0 339.3
  43.8 339.0 43.7 338.9 43.5 338.7
   8  3 85  0.0
  72.5 321.4 72.4 321.5 72.2 321.6 72.1 321.8 71.9 321.9 71.8 322.2 71.7 322.5
  71.5 322.9 71.4 323.2 71.3 323.5 71.1 323.8 71.0 324.2 70.9 324.5 70.9 324.8
  70.9 325.2 70.9 325.6 70.8 326.0 70.8 326.5 70.8 327.0 70.7 327.5 70.7 328.0
  70.8 328.6 70.8 329.2 70.8 329.9 70.9 330.5 70.9 331.3 70.9 332.0 70.9 332.7
  71.0 333.5 71.0 334.2 71.0 334.9 71.1 335.6 71.1 336.3 71.1 336.9 71.1 337.5
  71.1 338.1 71.1 338.7 71.1 339.2 71.0 339.7 71.0 340.2 71.0 340.7 70.9 341.1
  70.9 341.5 70.9 341.9 70.8 342.2 70.8 342.5 70.7 342.8 70.6 343.1 70.6 343.4
  70.5 343.6 70.4 343.8 70.4 344.0 70.3 344.1 70.3 344.2 70.3 344.3 70.3 344.4
  70.4 344.4 70.4 344.4 70.4 344.4 70.5 344.3 70.5 344.3 70.6 344.2 70.6 344.1
  70.7 344.0 70.7 343.9 70.7 343.8 70.7 343.7 70.7 343.5 70.7 343.4 70.8 343.3
  70.8 343.2 70.8 343.1 70.8 343.0 70.8 342.9 70.8 342.8 70.8 342.7 70.7 342.5
  70.7 342.4 70.7 342.2 70.6 342.1 70.6 341.9 70.5 341.7 70.5 341.5 70.4 341.3
  70.3 341.1 70.2 340.9 70.2 340.7 70.1 340.5 70.0 340.3 69.9 340.2 69.9 340.0
  69.8 339.9 69.7 339.7 69.7 339.6 69.7 339.5 69.6 339.3 69.6 339.2 69.6 339.0
  69.5 338.9 69.5 338.7 69.5 338.5 69.4 338.3 69.3 338.1 69.3 337.9 69.2 337.6
  69.1 337.3 69.1 337.0 69.0 336.7 68.9 336.3 68.8 336.0 68.7 335.6 68.6 335.2
  68.6 334.8 68.5 334.5 68.4 334.1 68.3 333.7 68.2 333.4 68.1 333.0 68.0 332.7
  67.9 332.4 67.8 332.1 67.7 331.9 67.6 331.7 67.6 331.5 67.5 331.3 67.4 331.1
  67.3 331.0 67.3 330.9 67.2 330.8 67.1 330.7 67.0 330.6 67.0 330.6 66.9 330.5
  66.8 330.5 66.8 330.5 66.7 330.5 66.7 330.5 66.6 330.4 66.6 330.4 66.5 330.4
  66.5 330.3 66.5 330.3 66.5 330.2 66.5 330.2 66.5 330.1 66.5 330.0 66.5 330.0
  66.5 329.9 66.5 329.9 66.5 329.9 66.5 329.8 66.5 329.8 66.4 329.8 66.4 329.8
  66.4 329.8 66.4 329.8 66.4 329.9 66.3 329.9 66.3 329.9 66.3 330.0 66.2 330.0
  66.2 330.1 66.1 330.2 66.1 330.2 66.0 330.3 66.0 330.4 65.9 330.7 65.8 331.1
  65.8 331.4 65.7 331.8 65.6 332.1 65.6 332.5 65.5 332.8 65.5 333.2 65.4 333.5
  65.4 333.8 65.3 334.1 65.3 334.5 65.2 334.7 65.1 335.0 65.0 335.3 64.9 335.6
  64.9 335.8 64.8 336.0 64.6 336.2 64.6 336.3 64.5 336.4 64.5 336.6 64.4 336.7
  64.4 336.8 64.3 336.8 64.2 336.9 64.2 336.9 64.1 336.9 64.1 336.9 64.0 336.9
  64.0 336.9 64.0 337.0 64.0 337.1 64.0 337.1 64.0 337.2 64.0 337.2 64.1 337.0
  64.1 336.7 64.2 336.5 64.3 336.3 64.4 336.0 64.5 335.8 64.6 335.5 64.6 335.3
  64.7 335.0 64.8 334.8 65.0 334.5 65.1 334.3 65.3 334.0 65.5 333.8 65.7 333.5
  65.9 333.3 66.1 333.1 66.4 332.8 66.6 332.5 66.9 332.2 67.2 331.9 67.4 331.6
  67.5 331.4 67.7 331.1 67.8 330.9 68.0 330.7 68.2 330.5 68.4 330.4 68.6 330.3
  68.8 330.3 69.0 330.3 69.3 330.3 69.5 330.3 69.8 330.4 70.1 330.5 70.4 330.6
  70.7 330.9 71.0 331.1 71.3 331.4
   8  4 85  0.0
  72.5 321.4 72.4 321.7 72.3 322.0 72.2 322.2 72.0 322.5 71.9 322.8 71.8 323.1
  71.7 323.5 71.6 323.9 71.4 324.3 71.4 324.7 71.4 325.1 71.4 325.5 71.4 325.9
  71.3 326.3 71.3 326.8 71.3 327.2 71.3 327.7 71.3 328.1 71.4 328.6 71.5 329.0
  71.5 329.5 71.6 330.0 71.7 330.5 71.8 331.1 71.9 331.6 71.9 332.2 72.1 332.8
  72.2 333.0 72.4 333.2 72.5 333.4 72.6 333.6 72.7 333.7 72.8 333.9 72.9 334.1
  73.0 334.3 73.1 334.5 73.2 334.7 73.3 335.0 73.4 335.2 73.4 335.4 73.5 335.7
  73.6 336.0 73.6 336.3 73.7 336.6 73.7 336.9 73.8 337.3 73.9 337.6 73.9 338.0
  73.9 338.4 74.0 338.7 74.0 339.1 74.1 338.8 74.1 338.6 74.1 338.3 74.1 338.0
  74.2 337.7 74.2 337.3 74.2 337.0 74.2 336.6 74.2 336.2 74.2 335.8 74.2 335.3
  74.2 334.9 74.1 334.4 74.1 333.9 74.1 333.4 74.1 332.9 74.0 332.4 74.0 331.9
  73.9 331.8 73.9 331.8 73.8 331.7 73.8 331.6 73.7 331.5 73.7 331.3 73.6 331.1
  73.6 330.9 73.5 330.6 73.5 330.4 73.4 330.0 73.3 329.7 73.3 329.3 73.2 329.0
  73.2 328.6 73.1 328.1 73.1 327.7 73.0 327.4 72.8 327.0 72.7 326.7 72.6 326.4
  72.5 326.1 72.3 325.8 72.2 325.6 72.0 325.3 71.9 325.1 71.8 325.1 71.6 325.1
  71.5 325.1 71.4 325.1 71.3 325.2 71.2 325.2 71.1 325.2 70.9 325.2 70.8 325.1
  70.7 325.1 70.7 325.1 70.6 325.1 70.5 325.1 70.4 325.1 70.3 325.0 70.2 325.0
  70.1 324.9 70.1 324.8 70.0 324.7 69.9 325.1 69.8 325.5 69.7 325.8 69.7 326.2
  69.6 326.5 69.5 326.7 69.4 327.0 69.3 327.2 69.2 327.3 69.1 327.4 69.0 327.5
  68.9 327.5 68.7 327.5 68.5 327.4 68.4 327.3 68.2 327.2 68.0 327.0 67.7 327.1
  67.5 327.1 67.3 327.1 67.1 327.1 66.9 327.1 66.7 327.0 66.4 327.0 66.2 326.9
  66.0 326.8 65.8 326.8 65.6 326.9 65.4 326.9 65.2 327.0 65.0 327.0 64.8 327.0
  64.6 327.1 64.4 327.1 64.1 327.2 63.9 327.3 63.7 327.4 63.6 327.5 63.4 327.6
  63.2 327.7 63.0 327.8 62.9 328.0 62.7 328.1 62.7 328.2 62.7 328.3 62.7 328.4
  62.7 328.5 62.7 328.6 62.7 328.7 62.7 328.9 62.8 329.0 62.8 329.1 62.9 329.3
  63.0 329.4 63.0 329.6 63.1 329.7 63.2 329.9 63.2 330.1 63.3 330.3 63.3 330.5
  63.4 330.8 63.4 331.0 63.4 331.3 63.4 331.6 63.4 331.9 63.4 332.2 63.4 332.5
  63.4 332.9 63.4 333.2 63.4 333.6 63.3 334.0 63.3 334.3 63.3 334.7 63.2 335.1
  63.2 335.5 63.1 335.9 63.1 336.3 63.0 336.7 62.9 337.1 62.9 337.5 62.8 337.8
  62.7 338.2 62.6 338.5 62.5 338.9 62.4 339.2 62.3 339.5 62.2 339.9 62.1 340.1
  62.0 340.4 61.9 340.8 61.8 341.2 61.7 341.5 61.6 341.8 61.5 342.2 61.3 342.5
  61.2 342.8 61.1 343.1 61.0 343.4 60.9 343.7 60.8 344.0 60.7 344.3 60.6 344.6
  60.4 344.8 60.3 345.0 60.2 345.2 60.1 345.4 60.0 345.6 59.9 345.7 59.8 345.9
  59.7 346.0 59.6 346.1 59.6 346.3 59.5 346.3 59.4 346.4 59.4 346.5 59.4 346.5
  59.3 346.6 59.3 346.6 59.2 346.6 59.2 346.6 59.1 346.6 59.1 346.6 59.0 346.5
  59.0 346.5 58.9 346.5 58.8 346.4
   8  5 85  0.0
  72.5 321.4 72.3 321.2 72.0 321.0 71.8 320.9 71.6 320.8 71.3 320.8 71.1 320.8
  70.8 320.8 70.5 320.9 70.3 320.9 70.0 321.1 69.7 321.0 69.4 321.0 69.1 321.0
  68.9 321.0 68.7 321.0 68.5 321.1 68.3 321.2 68.1 321.3 68.0 321.4 67.9 321.6
  67.8 321.8 67.7 322.0 67.6 322.3 67.6 322.7 67.6 323.1 67.5 323.5 67.5 324.0
  67.4 324.4 67.5 324.9 67.5 325.5 67.6 326.0 67.6 326.6 67.6 327.2 67.6 327.8
  67.7 328.4 67.8 329.0 67.9 329.7 68.0 330.3 68.1 330.9 68.2 331.6 68.3 332.3
  68.5 332.9 68.6 333.6 68.8 334.3 68.9 335.1 69.1 335.8 69.2 336.6 69.4 337.3
  69.5 338.1 69.7 338.9 69.8 339.8 69.9 340.6 70.0 341.5 70.1 342.2 70.2 342.8
  70.3 343.5 70.4 344.2 70.5 344.9 70.6 345.5 70.6 346.2 70.7 346.9 70.7 347.6
  70.8 348.2 70.8 348.9 70.9 349.5 70.9 350.1 71.0 350.7 71.0 351.4 71.0 352.0
  71.1 352.6 71.1 353.2 71.1 353.8 71.1 354.4 71.1 355.0 71.1 355.5 71.1 356.1
  71.2 356.6 71.2 357.2 71.2 357.7 71.2 358.3 71.2 358.8 71.3 359.3 71.3 359.9
  71.3   0.4 71.3   0.6 71.4   0.7 71.4   0.9 71.4   1.1 71.4   1.3 71.5   1.4
  71.5   1.6 71.5   1.8 71.6   1.9 71.6   2.1 71.6   2.3 71.6   2.4 71.7   2.6
  71.7   2.8 71.7   3.0 71.8   3.2 71.8   3.4 71.8   3.6 71.8   3.8 71.9   4.0
  71.9   4.3 71.9   4.5 71.9   4.8 71.9   5.1 71.9   5.4 71.9   5.7 71.9   5.9
  71.9   6.2 71.9   6.5 71.9   6.8 71.8   7.1 71.8   7.3 71.8   7.6 71.8   7.9
  71.8   8.2 71.8   8.4 71.7   8.7 71.6   9.0 71.6   9.2 71.5   9.5 71.5   9.7
  71.4  10.0 71.4  10.2 71.3  10.4 71.3  10.7 71.2  10.9 71.2  11.1 71.1  11.4
  71.1  11.6 71.0  11.8 71.0  12.1 70.9  12.3 70.8  12.5 70.7  12.7 70.6  12.9
  70.5  13.1 70.4  13.3 70.4  13.5 70.3  13.7 70.3  13.9 70.2  14.1 70.2  14.3
  70.1  14.5 70.1  14.7 70.0  14.9 70.0  15.1 69.9  15.3 69.9  15.5 69.8  15.7
  69.8  15.9 69.7  16.1 69.6  16.3 69.6  16.5 69.5  16.6 69.4  16.8 69.3  17.0
  69.2  17.2 69.2  17.4 69.1  17.6 69.0  17.8 68.9  18.0 68.8  18.1 68.7  18.3
  68.7  18.5 68.6  18.7 68.5  18.8 68.4  19.0 68.3  19.2 68.2  19.3 68.0  19.5
  67.9  19.6 67.8  19.8 67.7  19.9 67.5  20.1 67.4  20.2 67.2  20.4 67.1  20.5
  66.9  20.7 66.8  20.8 66.7  21.0 66.6  21.1 66.5  21.3 66.4  21.5 66.4  21.6
  66.3  21.8 66.3  22.0 66.2  22.2 66.2  22.4 66.2  22.6 66.2  22.8 66.2  23.0
  66.2  23.2 66.2  23.4 66.2  23.6 66.2  23.8 66.2  24.1 66.2  24.3 66.2  24.6
  66.2  24.8 66.2  25.0 66.2  25.3 66.2  25.6 66.2  25.8 66.3  26.1 66.3  26.4
  66.4  26.6 66.5  26.9 66.5  27.2 66.6  27.5 66.7  27.8 66.8  28.1 66.8  28.4
  66.9  28.8 67.0  29.1 67.0  29.4 67.1  29.7 67.2  30.1 67.3  30.4 67.5  30.7
  67.6  31.1 67.7  31.4 67.8  31.8 68.0  32.1 68.1  32.5 68.2  32.8 68.3  33.2
  68.4  33.5 68.5  33.9 68.6  34.3 68.7  34.7 68.8  35.1 68.9  35.6 69.0  36.0
  69.1  36.5 69.1  37.0 69.2  37.5
   8  6 85  0.0
  72.5 321.4 72.2 321.5 72.0 321.6 71.8 321.7 71.5 321.9 71.3 322.1 71.1 322.3
  70.8 322.5 70.5 322.8 70.3 323.1 70.0 323.4 69.7 323.6 69.4 323.9 69.1 324.1
  68.8 324.3 68.5 324.5 68.2 324.5 68.0 324.6 67.7 324.4 67.5 324.1 67.2 323.9
  66.9 323.6 66.6 323.4 66.3 323.2 65.9 322.9 65.7 322.6 65.4 322.2 65.1 321.9
  64.8 321.6 64.6 321.4 64.4 321.1 64.2 320.8 64.0 320.5 63.9 320.2 63.7 319.8
  63.5 319.4 63.2 319.0 63.0 318.6 62.8 318.1 62.6 317.7 62.4 317.4 62.3 317.0
  62.2 316.7 62.2 316.4 62.1 316.1 62.1 315.9 61.9 315.6 61.8 315.2 61.8 314.8
  61.7 314.4 61.7 314.1 61.6 313.7 61.6 313.3 61.6 312.9 61.6 312.6 61.6 312.3
  61.6 311.9 61.6 311.6 61.6 311.3 61.6 311.0 61.6 310.7 61.7 310.4 61.7 310.1
  61.8 309.8 61.8 309.5 61.9 309.1 61.9 308.8 62.0 308.4 62.0 308.1 62.1 308.0
  62.2 307.9 62.3 307.8 62.5 307.7 62.6 307.6 62.7 307.6 62.8 307.5 62.9 307.4
  63.0 307.3 63.1 307.1 63.1 307.0 63.2 306.8 63.2 306.7 63.2 306.5 63.2 306.3
  63.2 306.1 63.2 305.9 63.2 305.7 63.1 305.5 63.1 305.2 63.0 305.0 63.0 304.7
  62.9 304.4 62.8 304.1 62.7 303.7 62.8 303.4 62.9 303.0 63.0 302.7 63.0 302.3
  63.1 301.9 63.1 301.5 63.2 301.1 63.3 300.7 63.3 300.3 63.4 299.9 63.5 299.5
  63.7 299.0 63.8 298.5 63.9 298.0 64.0 297.5 64.0 296.9 64.1 296.4 64.2 295.8
  64.2 295.2 64.2 294.5 64.3 293.8 64.3 293.1 64.2 292.3 64.2 291.5 64.2 290.7
  64.2 289.9 64.2 289.1 64.1 288.2 64.1 287.4 64.2 286.5 64.3 285.6 64.3 284.8
  64.4 283.9 64.4 282.9 64.5 282.0 64.5 281.0 64.5 279.9 64.6 278.8 64.7 277.7
  64.7 276.6 64.7 275.5 64.8 274.4 64.9 273.3 65.0 272.2 65.1 271.1 65.3 269.9
  65.4 268.8 65.6 267.5 65.7 266.3 65.8 264.9 66.0 263.6 66.1 262.2 66.3 260.7
  66.4 259.1 66.6 257.6 66.7 256.0 66.9 254.4 67.0 252.7 67.2 251.0 67.4 249.3
  67.6 247.6 67.8 245.9 68.0 244.2 68.3 242.5 68.5 240.7 68.8 239.0 69.0 237.3
  69.2 235.6 69.4 233.8 69.6 232.2 69.8 230.6 70.0 228.9 70.3 227.2 70.5 225.6
  70.8 223.9 71.1 222.4 71.3 220.8 71.6 219.2 71.8 217.6 72.1 215.9 72.3 214.3
  72.6 212.7 72.9 211.1 73.2 209.4 73.5 207.7 73.8 205.9 74.2 204.2 74.6 202.9
  75.0 201.6 75.3 200.2 75.7 198.8 76.0 197.3 76.3 195.7 76.6 194.8 77.0 193.9
  77.3 192.9 77.7 191.8 78.1 190.8 78.6 190.5 79.0 190.2 79.4 190.0 79.8 189.9
  80.1 189.8 80.5 190.6 80.8 191.5 81.1 192.6 81.3 193.8 81.4 195.1 81.6 196.5
  81.7 197.9 81.7 199.3 81.8 200.7 81.9 202.0 81.9 203.2 82.0 204.3 82.1 205.3
  82.2 207.2 82.3 209.2 82.4 211.3 82.5 213.5 82.6 215.9 82.7 218.4 82.8 221.1
  82.8 224.0 82.8 227.0 82.9 230.0 82.9 233.0 82.8 236.0 82.8 238.9 82.7 241.6
  82.6 244.3 82.4 246.8 82.2 249.1 82.0 251.1 81.8 252.4 81.6 253.4 81.3 254.4
  81.1 255.2 80.8 256.0 80.5 256.7 80.2 257.2 79.9 257.7 79.6 257.6 79.3 257.4
  79.0 257.3 78.7 257.1 78.4 256.9
   8  7 85  0.0
  72.5 321.4 72.2 321.2 71.9 321.1 71.7 321.2 71.4 321.3 71.1 321.6 70.9 321.9
  70.6 322.2 70.3 322.7 69.9 323.1 69.6 323.8 69.3 324.5 69.0 325.2 68.6 325.9
  68.2 326.4 67.7 326.8 67.3 327.2 66.9 327.6 66.5 327.9 66.0 328.1 65.6 328.2
  65.2 328.5 64.9 328.7 64.5 328.8 64.0 328.8 63.6 328.8 63.2 328.9 62.8 329.0
  62.4 328.9 62.1 328.9 61.7 328.7 61.4 328.6 61.2 328.4 61.0 328.1 60.8 327.7
  60.5 327.2 60.2 326.6 59.9 326.0 59.6 325.6 59.3 325.2 59.1 324.8 58.9 324.4
  58.8 323.9 58.5 323.4 58.2 322.8 57.9 322.2 57.7 321.6 57.5 321.0 57.4 320.3
  57.3 319.4 56.9 318.6 56.6 317.8 56.4 317.0 56.2 316.1 56.0 315.3 55.8 314.4
  55.6 313.7 55.4 313.1 55.2 312.4 55.1 311.7 54.8 311.0 54.5 310.2 54.3 309.5
  54.1 308.6 53.9 307.7 53.8 307.1 53.6 306.4 53.5 305.8 53.4 305.1 53.3 304.3
  53.2 303.6 53.1 302.9 53.0 302.1 52.9 301.4 52.8 300.6 52.8 299.8 52.7 299.0
  52.7 298.2 52.7 297.4 52.8 296.6 52.8 295.8 52.8 295.0 52.8 294.2 52.7 293.4
  52.7 292.5 52.7 291.7 52.6 290.9 52.6 290.1 52.5 289.4 52.5 288.6 52.5 287.9
  52.5 287.1 52.4 286.4 52.3 285.8 52.3 285.1 52.3 284.4 52.3 283.8 52.1 283.1
  52.0 282.5 51.9 282.1 51.8 281.7 51.8 281.3 51.8 280.9 51.8 280.6 51.8 280.3
  51.9 280.0 51.8 279.7 51.7 279.4 51.7 279.2 51.7 279.0 51.6 278.8 51.7 278.6
  51.7 278.4 51.8 278.2 51.8 278.0 52.0 277.9 52.1 277.7 52.2 277.4 52.4 277.2
  52.6 276.9 52.8 276.7 53.1 276.5 53.3 276.3 53.5 276.0 53.7 275.8 53.8 275.6
  53.9 275.3 54.0 275.1 54.1 274.9 54.2 274.5 54.3 274.1 54.4 273.7 54.5 273.3
  54.7 272.9 54.8 272.6 55.0 272.2 55.2 271.9 55.2 271.5 55.4 271.2 55.5 270.9
  55.6 270.6 55.8 270.3 55.9 270.0 56.1 269.7 56.3 269.3 56.5 268.9 56.8 268.5
  57.0 268.1 57.2 267.7 57.3 267.3 57.5 266.9 57.6 266.5 57.8 266.2 57.9 265.8
  58.1 265.4 58.2 264.8 58.4 264.2 58.6 263.6 58.7 263.0 58.9 262.5 59.1 262.0
  59.2 261.5 59.4 261.0 59.6 260.6 59.7 260.2 59.9 259.8 60.0 259.4 60.1 259.0
  60.2 258.4 60.3 257.9 60.4 257.3 60.5 256.7 60.7 256.2 60.8 255.6 60.9 255.1
  61.1 254.6 61.2 254.2 61.3 253.7 61.5 253.3 61.7 252.8 61.8 252.4 62.0 252.0
  62.1 251.2 62.3 250.5 62.4 249.8 62.6 249.1 62.8 248.5 62.9 247.8 63.0 247.1
  63.1 246.4 63.2 245.8 63.4 245.1 63.5 244.4 63.6 243.7 63.7 243.1 63.8 242.4
  64.0 241.7 64.1 241.1 64.3 240.1 64.4 239.2 64.5 238.3 64.7 237.5 64.8 236.6
  64.9 235.8 65.0 235.1 65.0 234.4 65.1 233.7 65.2 233.0 65.3 232.4 65.4 231.7
  65.5 231.1 65.6 230.5 65.7 229.9 65.7 229.3 65.8 228.7 66.0 228.2 66.1 227.6
  66.2 226.7 66.3 225.9 66.4 225.0 66.5 224.2 66.6 223.4 66.6 222.6 66.7 221.8
  66.8 221.0 66.9 220.3 67.0 219.6 67.0 218.9 67.1 218.2 67.2 217.6 67.3 216.9
  67.4 216.2 67.5 215.6 67.5 214.9 67.6 214.3 67.7 213.6 67.8 213.0 67.9 212.4
  68.0 211.7 68.1 211.1 68.2 210.1
   8  8 85  0.0
  72.5 321.4 72.4 321.4 72.4 321.4 72.3 321.5 72.3 321.5 72.3 321.5 72.2 321.4
  72.2 321.4 72.2 321.4 72.2 321.4 72.1 321.3 72.1 321.3 72.1 321.3 72.1 321.2
  72.1 321.2 72.0 321.1 71.9 321.0 71.8 321.0 71.7 321.1 71.6 321.1 71.4 321.1
  71.2 321.1 71.0 321.0 70.8 321.0 70.5 321.0 70.2 320.9 69.9 320.9 69.7 321.3
  69.4 321.8 69.1 322.3 68.8 322.8 68.5 323.4 68.2 324.0 67.9 324.6 67.5 325.3
  67.1 326.0 66.7 326.7 66.3 327.3 65.8 327.9 65.4 328.5 65.0 329.1 64.6 329.7
  64.1 330.1 63.7 330.4 63.3 330.8 62.9 331.2 62.5 331.4 62.0 331.6 61.5 331.7
  61.0 331.9 60.4 332.1 60.1 332.2 59.9 332.2 59.7 332.2 59.6 332.1 59.5 332.0
  59.3 331.8 59.1 331.6 59.0 331.3 58.9 330.9 58.9 330.5 59.0 330.1 59.0 329.6
  59.1 329.1 59.3 328.6 59.4 328.1 59.6 327.6 59.5 327.0 59.5 326.5 59.5 325.9
  59.5 325.3 59.5 324.6 59.7 323.8 59.5 323.0 59.3 322.1 59.2 321.3 59.1 320.5
  59.1 319.6 58.8 318.8 58.6 318.0 58.5 317.2 58.4 316.4 58.3 315.6 58.1 314.7
  57.9 313.9 57.7 313.0 57.6 312.1 57.5 311.1 57.2 310.1 57.0 309.0 56.8 308.0
  56.6 306.9 56.4 305.8 56.2 304.7 56.1 303.5 55.9 302.3 55.7 301.2 55.6 300.0
  55.4 298.9 55.3 297.7 55.2 296.6 55.1 295.5 55.0 294.4 54.9 293.2 54.9 292.1
  54.8 291.0 54.7 289.9 54.5 288.8 54.4 287.7 54.2 286.5 54.1 285.5 53.9 284.4
  53.8 283.6 53.7 282.7 53.5 281.9 53.4 281.1 53.3 280.4 53.1 279.6 53.1 278.9
  52.9 278.2 52.8 277.6 52.6 276.9 52.5 276.3 52.3 275.8 52.2 275.2 52.1 274.7
  52.0 274.1 51.9 273.6 51.8 273.2 51.7 272.7 51.5 272.3 51.4 271.8 51.2 271.4
  51.1 271.0 50.9 270.5 50.8 270.2 50.6 269.8 50.5 269.4 50.4 269.1 50.3 268.7
  50.1 268.4 50.0 268.1 49.9 267.8 49.8 267.5 49.6 267.3 49.4 267.1 49.3 266.9
  49.1 266.7 49.0 266.5 48.9 266.3 48.7 266.1 48.6 265.9 48.5 265.8 48.5 265.6
  48.4 265.5 48.3 265.4 48.3 265.3 48.2 265.2 48.2 265.1 48.1 265.0 48.1 265.0
  48.1 264.9 48.1 264.9 48.1 264.9 48.1 264.9 48.1 264.9 48.1 265.0 48.1 265.0
  48.1 265.1 48.2 265.2 48.2 265.2 48.3 265.3 48.3 265.4 48.4 265.5 48.5 265.5
  48.6 265.6 48.6 265.7 48.7 265.7 48.8 265.8 48.9 265.8 49.1 265.9 49.2 265.9
  49.3 266.0 49.4 266.0 49.5 266.1 49.6 266.1 49.7 266.1 49.8 266.2 49.9 266.2
  50.0 266.2 50.0 266.2 50.1 266.0 50.2 265.8 50.3 265.6 50.4 265.4 50.4 265.2
  50.5 264.9 50.6 264.7 50.7 264.4 50.8 264.2 50.9 263.9 51.0 263.6 51.1 263.3
  51.2 263.0 51.3 262.7 51.4 262.4 51.5 262.1 51.6 261.8 51.8 261.5 51.9 261.2
  52.1 260.9 52.2 260.5 52.4 260.1 52.6 259.7 52.7 259.3 52.9 259.0 53.1 258.6
  53.2 258.2 53.4 257.9 53.6 257.5 53.8 257.1 54.0 256.7 54.2 256.4 54.4 256.0
  54.5 255.6 54.7 255.3 54.9 254.9 55.1 254.5 55.3 254.2 55.5 253.8 55.7 253.4
  55.9 253.1 56.1 252.8 56.4 252.4 56.6 252.1 56.8 251.8 57.0 251.5 57.3 251.2
  57.5 250.9 57.7 250.6 57.9 250.3
   8  9 85  0.0
  72.5 321.4 72.5 321.2 72.4 321.0 72.4 320.9 72.4 320.8 72.3 320.7 72.3 320.6
  72.2 320.6 72.1 320.6 72.1 320.6 72.0 320.6 71.9 320.7 71.8 320.7 71.7 320.8
  71.6 320.8 71.5 320.9 71.4 320.9 71.4 321.0 71.3 321.0 71.2 321.1 71.1 321.1
  71.1 321.2 71.0 321.3 70.9 321.3 70.9 321.4 70.8 321.5 70.8 321.5 70.7 321.6
  70.7 321.7 70.6 321.7 70.6 321.8 70.6 321.9 70.5 321.9 70.5 322.0 70.5 322.1
  70.4 322.2 70.4 322.2 70.4 322.3 70.3 322.4 70.3 322.4 70.2 322.5 70.1 322.5
  69.9 322.5 69.8 322.9 69.6 323.3 69.5 323.7 69.3 324.2 69.2 324.6 69.1 325.1
  69.0 325.5 68.8 326.0 68.6 326.5 68.5 326.9 68.2 327.4 68.0 327.9 67.7 328.7
  67.5 329.4 67.3 330.1 67.0 330.7 66.7 331.2 66.3 331.7 65.9 332.0 65.7 332.8
  65.4 333.4 65.1 333.8 64.9 334.2 64.6 334.4 64.3 334.5 63.9 334.6 63.6 334.8
  63.3 335.0 63.0 335.1 62.7 335.1 62.4 335.0 62.2 334.9 62.0 334.8 61.8 334.7
  61.7 334.6 61.6 334.5 61.6 334.3 61.6 334.2 61.7 333.9 61.8 333.7 61.9 333.4
  62.1 333.0 62.4 332.5 62.6 332.1 62.9 331.6 62.9 331.1 62.9 330.6 63.0 330.2
  63.1 329.7 63.2 329.3 63.3 328.8 63.5 328.4 63.7 328.0 63.7 327.6 63.7 327.2
  63.7 326.8 63.7 326.5 63.8 326.2 63.8 325.9 63.9 325.7 64.0 325.5 64.1 325.3
  64.3 325.1 64.4 325.0 64.6 324.8 64.8 324.7 65.0 324.6 65.1 324.5 65.3 324.4
  65.4 324.4 65.5 324.4 65.7 324.5 65.8 324.6 65.9 324.7 66.0 325.0 66.1 325.2
  66.1 325.6 66.2 326.0 66.3 326.5 66.4 326.9 66.5 327.5 66.5 328.0 66.6 328.5
  66.7 329.1 66.8 329.6 66.9 330.2 67.0 330.8 67.1 331.4 67.2 332.0 67.3 332.6
  67.4 333.2 67.6 333.8 67.7 334.4 67.9 335.0 68.0 335.6 68.1 336.2 68.3 336.9
  68.4 337.6 68.6 338.3 68.7 339.0 68.9 339.8 69.0 340.5 69.1 341.3 69.2 342.1
  69.4 342.9 69.5 343.7 69.6 344.6 69.6 345.5 69.7 346.4 69.8 347.4 69.8 348.3
  69.9 349.2 70.0 350.1 70.0 351.0 70.1 351.6 70.2 352.2 70.2 352.8 70.2 353.3
  70.3 353.9 70.3 354.5 70.4 355.1 70.4 355.6 70.4 356.2 70.4 356.8 70.4 357.3
  70.5 357.9 70.5 358.5 70.5 359.0 70.5 359.6 70.5   0.2 70.6   0.3 70.6   0.5
  70.6   0.7 70.6   0.9 70.7   1.1 70.7   1.2 70.7   1.4 70.8   1.6 70.8   1.8
  70.8   2.0 70.9   2.1 70.9   2.3 70.9   2.5 71.0   2.7 71.0   2.8 71.0   3.0
  71.1   3.2 71.1   3.4 71.2   3.5 71.2   3.7 71.2   3.9 71.3   4.1 71.3   4.3
  71.3   4.5 71.3   4.7 71.4   4.9 71.4   5.1 71.4   5.4 71.4   5.6 71.4   5.9
  71.4   6.2 71.4   6.5 71.4   6.8 71.4   7.0 71.4   7.3 71.4   7.6 71.4   7.9
  71.4   8.2 71.4   8.5 71.3   8.8 71.3   9.0 71.2   9.3 71.1   9.6 71.1   9.8
  71.0  10.1 70.9  10.3 70.9  10.6 70.8  10.8 70.7  11.1 70.7  11.3 70.6  11.5
  70.5  11.8 70.5  12.0 70.3  12.3 70.2  12.5 70.1  12.7 70.0  12.9 69.9  13.1
  69.7  13.3 69.6  13.5 69.6  13.7 69.5  13.9 69.4  14.1 69.3  14.2 69.2  14.4
  69.2  14.6 69.1  14.8 69.1  14.9
   8 10 85  0.0
  72.5 321.4 72.5 321.5 72.5 321.6 72.5 321.7 72.5 321.7 72.4 321.8 72.4 321.9
  72.4 321.9 72.4 321.9 72.4 322.0 72.4 322.0 72.3 322.0 72.3 321.9 72.3 321.9
  72.2 321.9 72.2 321.8 72.2 321.8 72.2 321.7 72.1 321.6 72.1 321.5 72.1 321.4
  72.1 321.2 72.0 321.1 72.0 320.9 72.0 320.7 72.0 320.8 71.9 320.8 71.9 320.8
  71.9 320.8 71.8 320.9 71.8 320.9 71.7 321.0 71.7 321.0 71.6 321.0 71.5 321.1
  71.4 321.1 71.3 321.2 71.2 321.2 71.2 321.3 71.1 321.3 71.0 321.4 70.9 321.4
  70.8 321.5 70.7 321.5 70.7 321.6 70.6 321.6 70.5 321.7 70.5 321.8 70.4 321.8
  70.3 321.9 70.3 321.9 70.2 322.0 70.2 322.1 70.1 322.1 70.1 322.2 70.1 322.3
  70.0 322.3 70.0 322.4 69.9 322.8 69.9 323.3 69.9 323.7 69.9 324.3 70.0 324.8
  70.0 325.4 70.1 325.4 70.1 325.5 70.1 325.5 70.0 325.5 70.0 325.5 69.9 326.0
  69.8 326.5 69.7 327.1 69.6 327.6 69.5 328.1 69.4 328.7 69.4 329.2 69.3 329.7
  69.2 330.2 69.0 330.6 68.9 331.0 68.7 331.4 68.5 331.7 68.3 332.0 68.0 332.2
  67.8 332.6 67.7 333.0 67.5 333.2 67.3 333.4 67.2 333.5 67.0 333.6 66.8 333.6
  66.6 333.5 66.5 333.4 66.3 333.2 66.1 333.0 66.0 332.7 65.8 332.5 65.7 332.3
  65.6 332.1 65.4 331.9 65.1 331.7 64.8 331.4 64.5 331.2 64.2 330.9 63.9 330.5
  63.7 330.2 63.4 329.7 63.3 329.2 63.1 328.6 63.0 327.8 62.7 327.1 62.4 326.4
  62.1 325.8 61.9 325.2 61.7 324.5 61.6 323.8 61.2 323.1 60.9 322.4 60.6 321.6
  60.3 320.9 60.1 320.1 59.9 319.3 59.5 318.4 59.2 317.4 58.8 316.5 58.6 315.6
  58.2 314.7 57.9 313.8 57.6 312.9 57.4 311.9 57.0 310.9 56.7 309.9 56.3 309.0
  56.0 308.0 55.7 307.0 55.4 306.0 55.2 305.0 54.9 304.0 54.8 302.9 54.6 301.8
  54.4 300.7 54.2 299.6 54.1 298.5 53.9 297.4 53.8 296.4 53.6 295.5 53.5 294.5
  53.4 293.6 53.3 292.6 53.2 291.7 53.2 290.7 53.1 289.8 53.0 288.9 52.9 287.9
  52.8 287.0 52.7 286.1 52.5 285.1 52.3 284.2 52.2 283.3 52.1 282.5 52.0 281.6
  51.8 281.0 51.7 280.4 51.6 279.8 51.5 279.2 51.4 278.5 51.3 278.0 51.1 277.4
  51.0 276.8 50.8 276.2 50.6 275.7 50.5 275.2 50.4 274.6 50.3 274.2 50.2 273.7
  50.1 273.2 49.9 272.8 49.8 272.4 49.7 272.0 49.6 271.6 49.5 271.2 49.3 270.9
  49.2 270.5 49.1 270.2 48.9 269.8 48.8 269.5 48.8 269.2 48.7 268.9 48.6 268.6
  48.5 268.3 48.5 268.1 48.4 267.8 48.3 267.6 48.1 267.4 48.0 267.2 47.9 267.0
  47.8 266.9 47.7 266.8 47.6 266.7 47.5 266.6 47.5 266.6 47.4 266.5 47.4 266.4
  47.3 266.4 47.3 266.4 47.3 266.3 47.2 266.3 47.2 266.3 47.2 266.3 47.2 266.3
  47.2 266.3 47.2 266.4 47.3 266.4 47.3 266.5 47.3 266.5 47.4 266.6 47.4 266.7
  47.4 266.8 47.5 266.9 47.5 267.0 47.6 267.1 47.7 267.2 47.7 267.3 47.8 267.4
  47.9 267.5 48.0 267.6 48.1 267.6 48.2 267.7 48.3 267.7 48.4 267.7 48.5 267.8
  48.6 267.8 48.7 267.8 48.8 267.8 48.8 267.8 48.9 267.8 49.0 267.7 49.0 267.7
  49.1 267.7 49.1 267.6 49.2 267.6
   8 11 85  0.0
  72.5 321.4 72.2 320.7 72.0 320.1 71.7 319.4 71.4 318.8 71.0 318.3 70.6 317.9
  70.2 317.5 69.9 317.2 69.5 316.8 69.2 316.4 68.9 316.1 68.6 315.9 68.2 315.6
  67.9 315.4 67.6 314.9 67.3 314.4 67.1 313.9 66.9 313.4 66.7 312.9 66.5 312.4
  66.4 312.0 66.1 311.5 65.8 311.1 65.5 310.6 65.3 310.1 65.0 309.7 64.8 309.3
  64.6 308.9 64.4 308.5 64.2 308.2 64.1 307.9 63.8 307.6 63.6 307.4 63.4 307.2
  63.3 307.0 63.1 306.8 63.0 306.7 62.9 306.6 62.8 306.5 62.8 306.3 62.7 306.1
  62.7 305.9 62.7 305.7 62.7 305.5 62.7 305.3 62.7 305.0 62.7 304.8 62.8 304.5
  62.8 304.2 62.9 303.9 62.9 303.6 62.8 303.3 62.8 302.9 62.7 302.6 62.7 302.3
  62.7 302.0 62.6 301.6 62.6 301.3 62.6 300.9 62.6 300.6 62.6 300.2 62.6 299.9
  62.4 299.6 62.3 299.2 62.2 298.9 62.1 298.5 62.0 298.2 61.9 297.8 61.8 297.5
  61.7 297.1 61.7 296.8 61.6 296.4 61.6 296.0 61.6 295.7 61.5 295.3 61.4 294.9
  61.3 294.5 61.2 294.2 61.1 293.8 61.0 293.4 61.0 293.0 60.9 292.6 60.9 292.2
  60.9 291.9 60.7 291.5 60.6 291.1 60.5 290.7 60.4 290.2 60.3 289.8 60.2 289.3
  60.2 288.8 60.1 288.4 60.1 287.8 60.0 287.3 59.8 286.9 59.7 286.4 59.6 286.0
  59.5 285.5 59.5 285.0 59.4 284.5 59.4 284.1 59.3 283.6 59.2 283.1 59.1 282.6
  59.1 282.1 59.0 281.6 59.0 281.1 59.0 280.6 59.0 280.1 59.0 279.6 59.0 279.1
  59.0 278.7 59.1 278.2 59.1 277.7 59.2 277.2 59.2 276.7 59.3 276.1 59.5 275.6
  59.5 275.1 59.6 274.6 59.7 274.0 59.9 273.4 60.0 272.9 60.1 272.3 60.3 271.6
  60.4 271.0 60.5 270.3 60.6 269.6 60.8 268.9 61.0 268.2 61.1 267.5 61.3 266.8
  61.4 266.1 61.5 265.4 61.7 264.7 61.9 264.0 62.0 263.3 62.2 262.6 62.3 262.0
  62.5 261.3 62.6 260.7 62.8 260.0 63.0 259.4 63.1 258.8 63.3 258.2 63.4 257.6
  63.6 257.0 63.7 256.4 63.9 255.8 64.0 255.2 64.2 254.7 64.4 254.2 64.6 253.7
  64.8 253.2 65.0 252.7 65.2 252.2 65.5 251.7 65.7 251.3 65.9 250.8 66.1 250.3
  66.3 249.8 66.5 249.3 66.8 248.8 67.0 248.3 67.2 247.8 67.4 247.3 67.7 246.8
  67.9 246.3 68.1 245.8 68.4 245.3 68.6 244.8 68.9 244.2 69.1 243.7 69.3 243.2
  69.5 242.6 69.7 242.1 69.9 241.5 70.2 241.0 70.4 240.4 70.6 239.8 70.9 239.2
  71.1 238.7 71.3 238.1 71.6 237.5 71.8 236.9 72.0 236.3 72.3 235.7 72.5 235.0
  72.7 234.3 72.9 233.6 73.2 232.9 73.4 232.2 73.6 231.5 73.8 230.8 74.1 230.1
  74.3 229.4 74.5 228.7 74.8 227.9 75.0 227.2 75.2 226.4 75.3 225.6 75.5 224.8
  75.7 224.0 75.9 223.2 76.1 222.4 76.2 221.7 76.4 221.0 76.6 220.3 76.7 219.5
  76.8 218.8 76.9 218.0 77.1 217.1 77.2 216.3 77.3 215.4 77.4 214.6 77.4 213.7
  77.5 212.8 77.6 211.9 77.7 210.9 77.8 209.9 77.9 208.9 78.0 207.9 78.0 206.9
  78.1 206.1 78.1 205.4 78.1 204.6 78.2 203.8 78.2 203.1 78.2 202.3 78.2 201.5
  78.2 200.8 78.2 200.0 78.2 199.3 78.1 198.6 78.1 197.9 78.1 197.2 78.0 196.5
  78.0 195.9 77.9 194.8 77.8 193.8
   8 12 85  0.0
  72.5 321.4 72.3 321.1 72.2 320.7 72.0 320.3 71.9 319.9 71.6 319.6 71.4 319.3
  71.1 318.9 70.8 318.6 70.5 318.1 70.2 317.7 69.9 317.2 69.6 316.6 69.2 316.0
  68.9 315.4 68.4 314.8 68.0 314.2 67.5 313.4 67.1 312.6 66.6 311.7 66.1 310.8
  65.6 309.9 65.1 308.9 64.6 307.7 64.1 306.5 63.6 305.3 63.2 304.0 62.7 302.7
  62.3 301.3 61.8 300.0 61.4 298.7 61.0 297.5 60.6 296.2 60.2 294.8 59.8 293.4
  59.4 292.0 59.0 290.6 58.6 289.1 58.2 287.7 57.9 286.3 57.6 285.0 57.3 283.7
  57.0 282.5 56.6 281.4 56.2 280.2 55.8 279.1 55.4 278.0 55.0 276.9 54.6 275.7
  54.3 274.6 54.0 273.5 53.7 272.5 53.4 271.5 53.2 270.5 53.0 269.6 52.7 268.7
  52.4 267.9 52.2 267.1 51.9 266.4 51.6 265.5 51.2 264.7 50.8 263.8 50.6 263.0
  50.5 262.2 50.3 261.4 50.2 260.7 50.0 260.0 49.8 259.1 49.7 258.3 49.6 257.5
  49.5 256.7 49.4 255.9 49.3 255.1 49.3 254.3 49.2 253.6 49.1 252.9 48.9 252.2
  48.8 251.6 48.8 251.0 48.7 250.4 48.6 249.9 48.6 249.4 48.4 248.9 48.3 248.5
  48.1 248.0 48.1 247.5 48.0 247.1 48.0 246.7 47.9 246.1 47.8 245.5 47.8 244.9
  47.7 244.3 47.5 243.8 47.5 243.2 47.4 242.7 47.3 242.2 47.1 241.7 47.0 241.2
  46.8 240.8 46.6 240.3 46.3 239.9 46.1 239.4 45.9 239.0 45.7 238.4 45.5 237.9
  45.2 237.3 44.9 236.6 44.6 236.0 44.6 235.3 44.6 234.6 44.5 233.9 44.5 233.1
  44.4 232.3 44.2 231.5 44.4 230.7 44.5 229.9 44.5 229.0 44.5 228.1 44.5 227.1
  44.8 226.2 45.1 225.2 45.3 224.3 45.6 223.3 46.0 222.4 46.5 221.6 46.9 220.8
  47.3 220.0 47.7 219.2 48.2 218.4 48.7 217.8 49.2 217.2 49.7 216.6 50.1 216.0
  50.6 215.7 51.1 215.3 51.5 214.9 51.8 214.4 52.2 214.0 52.5 213.8 52.8 213.7
  53.0 213.5 53.2 213.4 53.4 213.3 53.6 213.2 53.7 213.2 53.8 213.1 53.9 213.1
  54.0 213.1 54.0 213.0 54.0 213.3 54.0 213.5 54.0 213.8 53.9 213.7 53.8 213.6
  53.7 213.6 53.6 213.5 53.4 213.4 53.2 213.3 53.0 213.2 52.8 213.0 52.6 212.9
  52.4 212.7 52.1 212.4 51.9 212.2 51.7 211.5 51.5 210.8 51.3 210.0 51.1 209.2
  50.9 208.4 50.7 207.6 50.5 206.8 50.3 206.0 50.1 205.2 49.9 204.3 49.7 203.1
  49.6 201.9 49.5 200.7 49.4 199.4 49.4 198.1 49.3 196.8 49.2 195.5 49.3 194.1
  49.4 192.7 49.4 191.4 49.6 190.2 49.7 189.0 49.8 187.8 50.0 186.7 50.2 185.8
  50.4 184.9 50.5 184.1 50.7 183.3 51.0 182.5 51.3 181.8 51.6 181.1 52.0 180.5
  52.3 179.9 52.7 179.7 53.1 179.5 53.4 179.3 53.8 179.1 54.1 179.0 54.5 179.2
  54.9 179.4 55.2 179.6 55.6 179.9 55.9 180.2 56.2 180.6 56.4 181.3 56.7 182.1
  56.9 182.9 57.0 183.7 57.2 184.6 57.1 185.6 57.0 186.5 56.9 187.3 56.7 188.2
  56.4 189.0 56.1 189.7 55.8 190.3 55.4 190.6 55.1 190.9 54.8 191.1 54.4 191.4
  54.0 191.6 53.6 191.7 53.2 191.7 52.8 191.6 52.5 191.6 52.1 191.6 51.7 191.5
  51.3 191.3 51.0 191.0 50.6 190.7 50.3 190.5 49.9 190.3 49.6 189.8 49.3 189.4
  48.9 189.0 48.5 188.7 48.1 188.5
   8 13 85  0.0
  72.5 321.4 72.4 320.8 72.2 320.1 72.1 319.5 71.9 319.0 71.7 318.3 71.5 317.8
  71.3 317.2 71.2 316.7 71.0 316.2 70.8 315.7 70.5 315.2 70.3 314.8 70.0 314.5
  69.8 314.1 69.5 313.6 69.3 313.1 69.1 312.7 68.9 312.2 68.6 311.7 68.3 311.3
  68.1 310.9 67.8 310.4 67.5 309.6 67.3 308.8 67.1 308.0 66.8 307.1 66.5 306.2
  66.2 305.4 65.9 304.5 65.6 303.3 65.3 302.2 65.1 301.0 64.8 299.8 64.5 298.7
  64.3 297.5 64.0 296.3 63.8 295.1 63.6 294.1 63.3 293.2 63.1 292.3 62.9 291.4
  62.7 290.5 62.6 289.6 62.4 288.8 62.3 287.9 62.2 287.0 62.1 286.1 62.0 285.2
  61.9 284.2 61.8 283.5 61.8 282.7 61.8 282.0 61.9 281.2 61.9 280.5 62.0 279.8
  62.2 279.1 62.4 278.5 62.6 277.9 62.9 277.3 63.2 276.7 63.5 276.1 63.8 275.6
  64.3 275.2 64.7 275.1 65.2 275.0 65.7 275.1 66.2 275.1 66.8 275.6 67.3 276.1
  67.7 276.7 68.1 277.3 68.6 278.4 69.0 279.6 69.3 280.8 69.4 282.1 69.5 283.4
  69.5 284.6 69.4 285.9 69.3 287.0 69.1 288.0 68.8 289.0 68.4 289.9 68.0 290.6
  67.6 291.3 67.1 291.8 66.6 292.3 66.1 292.7 65.6 293.0 65.2 293.1 64.7 293.1
  64.2 293.2 63.7 293.2 63.3 293.0 62.9 292.7 62.5 292.6 62.1 292.4 61.7 292.3
  61.3 292.1 61.0 291.8 60.6 291.6 60.2 291.3 59.9 291.1 59.5 290.7 59.2 290.3
  58.8 289.9 58.5 289.6 58.1 289.2 57.8 288.9 57.4 288.5 57.1 288.1 56.7 287.7
  56.5 287.3 56.2 286.9 56.0 286.5 55.7 286.0 55.5 285.6 55.2 285.2 54.9 284.8
  54.7 284.4 54.4 284.0 54.1 283.7 53.9 283.3 53.7 282.9 53.6 282.5 53.4 282.1
  53.1 281.7 52.9 281.4 52.7 281.0 52.4 280.6 52.1 280.3 51.8 280.0 51.7 279.5
  51.6 279.0 51.5 278.6 51.4 278.2 51.2 277.8 51.0 277.4 50.9 277.0 50.7 276.7
  50.5 276.4 50.2 276.0 50.0 275.7 50.0 275.3 49.9 274.8 49.9 274.3 49.9 273.8
  49.8 273.3 49.7 272.9 49.6 272.4 49.5 272.0 49.6 271.5 49.7 271.1 49.8 270.7
  49.9 270.2 50.0 269.8 50.1 269.3 50.1 269.2 50.2 269.0 50.2 268.9 50.3 268.8
  50.3 268.8 50.3 268.7 50.2 268.7 50.2 268.7 50.2 268.8 50.1 268.9 50.1 269.0
  50.0 269.2 49.9 269.1 49.8 269.0 49.7 269.0 49.5 268.9 49.3 268.8 49.2 268.8
  48.9 268.7 48.7 268.6 48.4 268.6 48.1 268.5 47.8 268.5 47.5 268.1 47.2 267.7
  47.2 267.3 47.1 266.9 47.1 266.6 47.0 266.2 46.9 265.8 46.8 265.5 46.7 265.1
  46.5 264.7 46.3 264.4 46.1 264.0 45.9 263.7 46.0 263.0 46.1 262.7 46.1 262.3
  46.2 262.0 46.2 261.6 46.1 261.3 46.1 260.9 46.0 260.6 45.9 259.9 46.1 259.2
  46.4 258.8 46.6 258.4 46.8 257.9 47.0 257.5 47.2 257.2 47.3 256.8 47.4 256.4
  47.5 256.1 47.5 255.7 47.9 255.4 48.3 255.1 48.7 255.4 49.1 255.7 49.4 256.0
  49.8 256.3 49.7 256.7 49.6 257.0 49.5 257.3 49.3 257.5 49.2 257.8 49.1 258.1
  48.9 258.3 48.7 258.5 48.5 258.7 48.3 258.8 48.0 259.0 47.8 259.1 47.5 259.0
  47.3 258.8 47.0 258.7 46.8 258.6 46.6 258.5 46.4 258.3 46.2 258.3 45.9 258.2
  45.7 257.9 45.6 257.7 45.4 257.5
   8 14 85  0.0
  72.5 321.4 72.4 321.1 72.2 320.9 72.1 320.6 72.0 320.2 71.9 319.9 71.7 319.5
  71.6 319.2 71.4 318.8 71.2 318.4 71.1 318.0 70.9 317.6 70.7 317.2 70.6 316.8
  70.4 316.4 70.2 316.0 70.1 315.6 69.8 315.1 69.5 314.5 69.3 313.9 69.0 313.3
  68.8 312.6 68.5 312.0 68.1 311.3 67.7 310.7 67.3 310.1 66.9 309.5 66.5 309.0
  66.1 308.4 65.7 307.8 65.2 307.3 64.7 306.7 64.2 306.1 63.7 305.6 63.3 305.1
  62.8 304.5 62.4 304.0 61.8 303.5 61.3 303.0 60.7 302.6 60.2 302.1 59.7 301.7
  59.2 301.2 58.8 300.8 58.4 300.3 57.9 299.8 57.5 299.3 57.0 298.8 56.5 298.3
  56.1 297.8 55.7 297.3 55.3 296.6 54.9 296.0 54.5 295.4 54.1 294.7 53.7 294.1
  53.3 293.5 53.0 292.9 52.6 292.3 52.3 291.7 51.9 291.1 51.5 290.6 51.1 290.0
  50.8 289.4 50.5 288.8 50.3 288.2 50.0 287.6 49.7 286.9 49.3 286.4 49.0 285.9
  48.7 285.3 48.3 284.7 48.0 284.1 47.8 283.5 47.4 283.0 47.2 282.5 46.9 281.9
  46.7 281.4 46.5 280.9 46.3 280.4 46.2 279.9 45.9 279.4 45.6 279.1 45.4 278.8
  45.1 278.6 44.9 278.3 44.7 278.0 44.5 277.7 44.4 277.4 44.3 277.1 44.2 276.9
  44.1 276.6 44.0 276.3 43.9 276.0 43.9 275.9 43.8 275.8 43.8 275.7 43.7 275.6
  43.7 275.5 43.6 275.4 43.6 275.3 43.6 275.3 43.6 275.2 43.5 275.1 43.5 275.0
  43.5 274.9 43.5 274.9 43.5 274.8 43.4 274.7 43.4 274.6 43.4 274.5 43.4 274.4
  43.4 274.3 43.4 274.2 43.4 274.1 43.5 273.9 43.5 273.8 43.5 273.6 43.5 273.4
  43.6 273.2 43.6 272.9 43.6 272.7 43.7 272.5 43.8 272.2 43.8 272.0 43.8 271.7
  43.8 271.5 43.9 271.2 43.9 271.0 44.0 270.7 44.0 270.5 44.1 270.0 44.2 269.6
  44.3 269.1 44.4 268.7 44.5 268.2 44.6 267.7 44.6 267.3 44.5 266.8 44.5 266.3
  44.6 265.8 44.6 265.4 44.6 264.9 44.7 264.5 44.8 264.0 44.9 263.5 44.9 263.1
  44.9 262.7 45.0 262.2 45.1 261.8 45.2 261.4 45.3 260.9 45.4 260.5 45.6 260.1
  45.7 259.7 45.8 259.3 45.8 258.9 45.9 258.5 46.0 258.1 46.1 257.7 46.1 257.2
  46.3 256.7 46.4 256.2 46.5 255.8 46.5 255.3 46.6 254.9 46.7 254.5 46.8 254.1
  46.9 253.7 47.0 253.3 47.1 252.9 47.3 252.5 47.4 252.2 47.5 251.8 47.5 251.5
  47.6 251.1 47.6 250.8 47.7 250.5 47.8 250.2 47.8 249.8 47.9 249.5 47.9 249.2
  48.0 248.9 48.0 248.6 48.1 248.3 48.1 247.9 48.1 247.5 48.1 247.2 48.1 246.8
  48.1 246.5 48.1 246.2 48.1 245.8 48.1 245.5 48.1 245.1 48.1 244.8 48.1 244.5
  48.1 244.2 48.1 243.9 48.1 243.6 48.1 243.3 48.0 243.1 48.0 242.8 47.9 242.5
  47.9 242.3 47.8 242.0 47.8 241.8 47.7 241.6 47.6 241.3 47.6 241.1 47.5 240.8
  47.4 240.6 47.4 240.3 47.3 240.1 47.2 239.8 47.1 239.6 47.1 239.3 47.0 239.1
  47.0 238.8 46.9 238.6 46.9 238.3 46.8 238.0 46.7 237.7 46.6 237.5 46.5 237.2
  46.3 236.9 46.2 236.6 46.1 236.3 45.9 235.9 45.9 235.6 45.9 235.3 45.8 235.0
  45.8 234.7 45.7 234.4 45.6 234.1 45.6 233.7 45.5 233.4 45.4 233.1 45.2 232.8
  45.1 232.5 45.0 232.1 44.8 231.8
   8 15 85  0.0
  72.5 321.4 72.5 321.2 72.6 321.1 72.6 320.9 72.5 320.8 72.5 320.7 72.4 320.5
  72.4 320.5 72.3 320.4 72.1 320.3 72.0 320.3 71.8 320.0 71.6 319.7 71.5 319.5
  71.3 319.2 71.1 319.0 70.9 318.7 70.7 318.5 70.5 318.2 70.3 318.0 70.1 317.7
  69.9 317.5 69.7 317.1 69.6 316.6 69.4 316.2 69.2 315.9 68.9 315.5 68.7 315.1
  68.5 314.7 68.2 314.3 68.0 313.9 67.7 313.3 67.5 312.8 67.2 312.2 66.9 311.7
  66.6 311.2 66.3 310.6 65.9 310.2 65.6 309.6 65.3 309.1 64.9 308.5 64.6 308.0
  64.2 307.5 63.8 307.0 63.4 306.6 63.0 306.2 62.6 305.8 62.2 305.4 61.8 305.0
  61.4 304.6 61.0 304.1 60.6 303.7 60.2 303.3 59.8 302.8 59.3 302.4 58.9 302.0
  58.5 301.6 58.1 301.1 57.7 300.6 57.3 300.1 56.9 299.6 56.5 299.1 56.1 298.5
  55.7 298.0 55.4 297.4 55.0 296.8 54.7 296.2 54.4 295.6 54.1 294.9 53.7 294.2
  53.4 293.5 53.1 292.9 52.8 292.2 52.5 291.4 52.3 290.7 52.0 289.9 51.7 289.1
  51.4 288.4 51.2 287.7 51.0 286.9 50.8 286.1 50.5 285.2 50.3 284.3 50.0 283.4
  50.0 282.4 50.0 281.6 49.9 280.7 49.8 279.9 49.8 279.0 49.9 278.1 49.9 277.2
  49.9 276.3 50.0 275.4 50.1 274.5 50.3 273.6 50.5 272.8 50.7 271.9 51.0 271.1
  51.3 270.2 51.5 269.5 51.7 268.7 51.9 268.0 52.1 267.4 52.4 266.8 52.6 266.3
  52.8 265.8 53.1 265.3 53.3 264.8 53.4 264.3 53.6 263.8 53.8 263.3 54.0 262.8
  54.2 262.3 54.4 262.0 54.6 261.6 54.8 261.2 55.0 260.8 55.2 260.4 55.5 260.0
  55.7 259.6 55.9 259.2 56.2 258.8 56.4 258.5 56.7 258.3 57.0 258.1 57.3 257.9
  57.6 257.8 57.9 257.6 58.2 257.5 58.5 257.5 58.8 257.5 59.2 257.4 59.5 257.4
  59.9 257.4 60.2 257.4 60.6 257.4 61.0 257.4 61.5 257.4 61.9 257.4 62.4 257.4
  62.9 257.5 63.4 257.7 64.0 257.8 64.5 257.9 65.1 258.3 65.6 258.7 66.1 259.2
  66.7 260.0 67.2 261.0 67.7 262.1 68.1 263.2 68.6 264.3 68.9 265.3 69.2 266.5
  69.5 267.7 69.7 268.9 69.9 270.2 70.0 271.5 70.2 272.0 70.3 272.5 70.3 273.0
  70.4 273.4 70.4 273.8 70.5 274.1 70.5 274.4 70.6 274.7 70.6 274.9 70.6 275.0
  70.7 275.2 70.7 275.2 70.7 275.2 70.8 275.2 70.8 275.1 70.9 275.0 70.9 274.9
  70.9 274.6 71.0 274.4 71.0 274.1 71.0 273.8 71.1 273.4 71.1 273.0 71.1 272.5
  71.2 272.0 71.2 271.5 71.3 271.0 71.4 270.5 71.5 269.9 71.6 269.4 71.7 268.8
  71.9 268.2 72.0 267.7 72.1 267.1 72.3 266.3 72.5 265.6 72.7 264.9 72.9 264.3
  73.1 263.8 73.3 263.3 73.5 262.9 73.7 262.5 74.0 262.1 74.2 261.8 74.5 261.8
  74.7 261.7 75.0 261.8 75.2 261.9 75.5 262.0 75.7 262.1 75.9 262.2 76.2 262.3
  76.4 262.6 76.6 263.0 76.8 263.4 77.0 263.8 77.1 264.3 77.3 264.8 77.4 265.3
  77.5 265.8 77.7 266.3 77.8 266.8 77.9 267.2 78.0 267.6 78.0 268.0 78.1 268.6
  78.2 269.2 78.3 269.7 78.3 270.2 78.4 270.7 78.4 271.1 78.4 271.5 78.4 271.9
  78.5 272.3 78.5 272.7 78.6 273.1 78.6 273.4 78.7 273.8 78.7 274.2 78.8 274.5
  78.9 274.9 78.9 275.2 79.0 275.6
   8 16 85  0.0
  72.5 321.4 72.7 321.8 72.8 322.2 73.0 322.5 73.2 322.8 73.3 323.1 73.5 323.4
  73.7 323.6 73.8 323.8 74.0 323.9 74.2 324.0 74.3 324.2 74.5 324.5 74.6 324.7
  74.8 324.9 74.9 325.1 75.0 325.3 75.1 325.4 75.2 325.5 75.3 325.6 75.4 325.7
  75.5 325.7 75.6 325.8 75.7 325.7 75.7 325.7 75.8 325.6 75.9 325.5 75.9 325.5
  76.0 325.4 76.0 325.2 76.0 325.1 76.0 324.9 76.0 324.7 76.0 324.6 75.9 324.4
  75.9 324.3 75.8 324.1 75.7 324.0 75.6 323.8 75.5 323.6 75.4 323.3 75.3 323.1
  75.2 322.8 75.1 322.4 75.1 322.1 75.0 321.7 74.9 321.4 74.9 321.0 74.8 320.6
  74.7 320.2 74.7 319.9 74.6 319.5 74.4 319.1 74.3 318.7 74.2 318.3 74.0 317.9
  73.9 317.5 73.8 317.1 73.7 316.7 73.6 316.3 73.5 315.9 73.4 315.5 73.2 315.0
  73.1 314.6 72.9 314.3 72.7 313.9 72.5 313.5 72.3 313.1 72.1 312.7 71.9 312.3
  71.8 311.8 71.5 311.2 71.3 310.7 71.0 310.1 70.8 309.7 70.5 309.2 70.2 308.8
  69.9 308.5 69.6 307.9 69.3 307.5 69.0 307.0 68.6 306.6 68.3 306.2 67.9 305.8
  67.6 305.2 67.3 304.6 66.9 304.0 66.6 303.4 66.2 302.9 65.8 302.3 65.5 301.7
  65.1 301.0 64.7 300.4 64.3 299.8 63.9 299.2 63.5 298.7 63.1 298.2 62.6 297.7
  62.2 297.2 61.7 296.7 61.2 296.2 60.7 295.7 60.2 295.2 59.7 294.7 59.3 294.2
  58.7 293.6 58.2 293.1 57.6 292.6 57.1 292.0 56.5 291.4 55.9 290.8 55.3 290.1
  54.7 289.4 54.1 288.7 53.6 288.0 53.1 287.2 52.6 286.5 52.1 285.8 51.6 285.1
  51.1 284.4 50.6 283.7 50.1 283.0 49.6 282.2 49.2 281.5 48.8 280.8 48.4 280.0
  48.1 279.2 47.8 278.4 47.5 277.8 47.2 277.1 46.8 276.5 46.5 275.9 46.1 275.2
  45.7 274.5 45.3 273.9 45.0 273.3 44.7 272.7 44.5 272.0 44.3 271.4 44.1 270.7
  43.9 270.1 43.7 269.6 43.5 269.1 43.4 268.6 43.2 268.1 43.1 267.6 42.8 267.1
  42.6 266.6 42.4 266.1 42.2 265.5 42.0 265.0 41.9 264.5 41.7 264.2 41.6 263.8
  41.4 263.5 41.2 263.3 41.0 263.0 40.8 262.8 40.6 262.5 40.5 262.3 40.3 262.0
  40.1 261.8 39.9 261.5 39.8 261.3 39.6 261.0 39.5 260.8 39.3 260.6 39.2 260.3
  39.0 260.0 38.9 259.8 38.8 259.5 38.7 259.2 38.5 258.9 38.4 258.7 38.3 258.4
  38.2 258.1 38.1 257.8 38.0 257.5 37.9 257.2 37.8 257.0 37.7 256.7 37.6 256.5
  37.5 256.2 37.5 256.0 37.4 255.8 37.4 255.5 37.4 255.3 37.4 255.1 37.4 254.9
  37.4 254.7 37.4 254.4 37.4 254.2 37.4 254.0 37.4 253.8 37.4 253.6 37.4 253.5
  37.4 253.3 37.4 253.1 37.3 252.9 37.3 252.7 37.3 252.6 37.3 252.4 37.3 252.2
  37.3 252.0 37.3 251.9 37.2 251.7 37.2 251.6 37.1 251.4 37.0 251.3 37.0 251.1
  36.9 251.0 36.9 250.9 36.8 250.7 36.7 250.6 36.7 250.5 36.6 250.4 36.6 250.3
  36.5 250.2 36.5 250.1 36.4 250.0 36.3 249.9 36.3 249.8 36.2 249.7 36.1 249.7
  36.1 249.6 36.0 249.5 35.9 249.5 35.8 249.4 35.7 249.3 35.7 249.3 35.6 249.2
  35.5 249.2 35.4 249.1 35.4 249.0 35.3 248.9 35.2 248.9 35.2 248.8 35.1 248.7
  35.1 248.6 35.0 248.5 35.0 248.4
   8 17 85  0.0
  72.5 321.4 72.5 321.3 72.6 321.2 72.6 321.1 72.7 321.0 72.7 320.9 72.7 320.8
  72.8 320.8 72.8 320.7 72.8 320.7 72.9 320.6 72.9 320.6 72.9 320.6 73.0 320.5
  73.0 320.6 73.1 320.6 73.1 320.7 73.2 320.8 73.3 321.0 73.4 321.2 73.5 321.4
  73.6 321.7 73.7 322.0 73.9 322.4 74.0 322.8 74.2 323.0 74.4 323.1 74.6 323.3
  74.7 323.5 74.9 323.7 75.1 323.9 75.3 324.2 75.4 324.4 75.6 324.6 75.8 324.9
  75.9 325.1 76.1 325.4 76.2 325.5 76.4 325.5 76.5 325.6 76.6 325.6 76.8 325.6
  76.9 325.6 77.0 325.6 77.2 325.5 77.3 325.4 77.4 325.3 77.5 325.2 77.6 325.1
  77.7 324.9 77.8 324.8 77.9 324.6 77.9 324.4 78.0 324.2 78.1 323.9 78.1 323.5
  78.1 323.2 78.1 322.9 78.0 322.6 78.0 322.2 77.9 322.0 77.9 321.8 77.8 321.5
  77.8 321.2 77.7 320.9 77.7 320.5 77.7 320.1 77.7 319.6 77.6 319.1 77.6 318.6
  77.5 318.1 77.5 317.5 77.5 317.0 77.5 316.4 77.5 315.9 77.4 315.3 77.4 314.8
  77.3 314.2 77.3 313.7 77.2 313.1 77.2 312.6 77.2 312.1 77.2 311.6 77.1 311.0
  77.1 310.5 77.1 309.9 77.0 309.4 77.0 308.9 77.0 308.5 76.9 308.0 76.9 307.6
  76.8 307.1 76.7 306.7 76.7 306.3 76.6 305.8 76.5 305.4 76.4 305.0 76.3 304.6
  76.2 304.2 76.2 303.8 76.1 303.5 76.0 303.2 75.9 302.9 75.9 302.8 75.8 302.6
  75.8 302.5 75.7 302.4 75.7 302.4 75.6 302.3 75.6 302.3 75.6 302.3 75.5 302.4
  75.4 302.5 75.4 302.6 75.3 302.7 75.2 302.9 75.1 303.1 75.0 303.3 74.9 303.5
  74.7 303.8 74.6 304.1 74.4 304.4 74.1 304.7 73.9 305.0 73.6 305.3 73.3 305.6
  73.0 305.8 72.7 306.1 72.3 306.3 71.8 306.5 71.4 306.3 70.9 306.1 70.4 305.8
  69.9 305.6 69.4 304.8 68.8 304.0 68.3 303.2 67.9 302.5 67.4 301.3 67.0 300.1
  66.6 298.9 66.3 297.8 66.0 296.7 65.7 295.6 65.7 294.1 65.6 292.7 65.6 291.3
  65.6 290.0 65.6 288.8 65.6 287.7 65.7 286.7 65.9 285.9 66.0 285.1 66.2 284.8
  66.4 284.6 66.5 284.5 66.7 284.5 66.8 284.5 67.0 284.5 67.1 284.6 67.1 284.7
  67.2 284.8 67.2 285.0 67.2 285.2 67.2 285.4 67.1 285.7 67.1 285.9 67.0 286.2
  66.8 286.5 66.6 286.8 66.4 287.2 66.2 287.5 65.9 287.9 65.6 287.7 65.3 287.5
  64.9 287.4 64.5 287.4 64.0 287.4 63.5 286.8 62.9 286.1 62.3 285.6 61.7 285.1
  61.1 284.0 60.7 282.9 60.2 281.8 59.7 280.7 59.3 279.2 59.0 277.7 58.7 276.2
  58.4 274.7 58.3 273.3 58.3 271.8 58.5 270.2 58.8 268.8 59.1 267.5 59.5 266.2
  59.9 265.1 60.3 264.1 60.8 263.6 61.3 263.2 61.9 262.7 62.5 262.3 63.1 262.5
  63.7 262.8 64.3 263.0 64.9 264.0 65.3 265.1 65.6 266.2 65.9 267.3 66.2 268.4
  66.3 269.8 66.4 271.1 66.4 272.4 66.3 273.6 66.2 274.8 66.1 275.8 66.0 276.7
  65.7 277.4 65.5 278.0 65.2 278.6 64.9 279.1 64.6 279.5 64.3 279.9 64.0 280.2
  63.6 280.2 63.3 280.3 62.9 280.3 62.6 280.3 62.2 280.4 61.8 280.4 61.4 280.3
  61.0 280.1 60.7 280.0 60.3 279.8 59.9 279.7 59.6 279.4 59.2 279.2 58.9 279.0
  58.6 278.8 58.2 278.5 57.9 278.3
   8 18 85  0.0
  72.5 321.4 72.6 321.1 72.6 320.7 72.7 320.4 72.8 320.1 72.8 319.8 72.8 319.6
  72.9 319.3 72.9 319.0 72.9 318.8 72.9 318.5 73.0 318.3 73.0 318.1 73.0 317.9
  73.0 317.7 73.0 317.5 73.0 317.3 73.1 317.2 73.1 317.0 73.1 316.8 73.1 316.7
  73.1 316.6 73.1 316.4 73.1 316.3 73.1 316.2 73.1 316.1 73.1 316.0 73.1 315.9
  73.0 315.8 73.0 315.8 73.0 315.7 72.9 315.7 72.9 315.6 72.9 315.6 72.8 315.5
  72.8 315.5 72.8 315.5 72.7 315.5 72.7 315.5 72.7 315.5 72.7 315.6 72.7 315.7
  72.7 315.8 72.8 316.0 72.8 316.2 72.9 316.4 73.0 316.6 73.1 316.9 73.2 317.2
  73.3 317.6 73.5 317.9 73.6 318.2 73.7 318.5 73.9 318.8 74.0 319.0 74.2 319.2
  74.4 319.3 74.5 319.4 74.7 319.6 74.9 319.7 75.1 319.9 75.3 320.0 75.4 320.2
  75.6 320.3 75.7 320.4 75.9 320.5 76.0 320.6 76.1 320.7 76.2 320.6 76.4 320.6
  76.5 320.5 76.6 320.4 76.7 320.3 76.8 320.2 76.8 320.1 76.9 320.0 76.9 319.9
  77.0 319.7 77.0 319.6 76.9 319.5 76.9 319.4 76.8 319.3 76.7 319.1 76.6 319.0
  76.5 318.9 76.4 318.8 76.2 318.7 76.1 318.5 75.9 318.3 75.8 318.2 75.7 318.2
  75.5 318.1 75.4 318.0 75.3 317.9 75.1 317.7 75.0 317.6 74.8 317.4 74.7 317.2
  74.5 317.0 74.4 316.8 74.2 316.5 74.1 316.3 73.9 316.0 73.8 315.7 73.6 315.4
  73.5 315.1 73.3 314.8 73.1 314.5 72.9 314.2 72.7 313.9 72.6 313.6 72.4 313.3
  72.1 313.0 71.9 312.7 71.7 312.3 71.5 311.8 71.3 311.4 71.0 310.9 70.7 310.5
  70.5 310.0 70.2 309.6 69.8 309.1 69.5 308.6 69.2 308.1 68.9 307.6 68.5 307.2
  68.1 306.8 67.7 306.4 67.3 305.8 66.9 305.3 66.5 304.7 66.1 304.2 65.6 303.7
  65.2 303.2 64.8 302.6 64.3 302.1 63.9 301.5 63.4 301.0 62.9 300.5 62.5 300.0
  62.0 299.5 61.5 299.0 61.0 298.6 60.4 298.1 59.9 297.7 59.3 297.2 58.8 296.7
  58.2 296.2 57.7 295.6 57.2 295.0 56.8 294.4 56.3 293.8 55.7 293.1 55.3 292.4
  54.8 291.8 54.2 291.1 53.7 290.4 53.1 289.6 52.6 288.9 52.2 288.1 51.8 287.3
  51.3 286.5 50.9 285.8 50.5 285.0 50.1 284.3 49.7 283.5 49.4 282.8 49.0 282.0
  48.6 281.2 48.2 280.4 47.9 279.5 47.7 278.7 47.5 278.0 47.3 277.3 47.0 276.6
  46.8 275.9 46.6 275.1 46.3 274.4 46.0 273.7 45.7 272.9 45.3 272.2 45.0 271.4
  44.8 270.6 44.6 269.8 44.4 269.1 44.2 268.3 44.0 267.6 43.9 266.9 43.8 266.2
  43.6 265.6 43.5 264.9 43.3 264.3 43.0 263.6 42.9 262.9 42.8 262.3 42.7 261.6
  42.6 261.0 42.4 260.5 42.2 259.9 42.2 259.4 42.2 258.9 42.1 258.4 42.0 257.9
  41.9 257.4 41.8 257.2 41.7 256.9 41.6 256.7 41.4 256.4 41.3 256.2 41.1 255.9
  41.1 255.7 41.1 255.4 41.0 255.1 41.0 254.9 41.0 254.6 40.9 254.3 40.9 254.0
  40.8 253.8 40.7 253.4 40.7 253.1 40.6 252.8 40.6 252.4 40.6 252.0 40.5 251.6
  40.4 251.2 40.4 250.7 40.3 250.2 40.2 249.7 40.1 249.2 40.1 248.7 40.0 248.2
  39.9 247.7 39.8 247.3 39.7 246.9 39.5 246.5 39.4 246.1 39.3 245.8 39.1 245.4
  39.0 245.0 38.8 244.7 38.7 244.4
   8 19 85  0.0
  72.5 321.4 72.6 322.1 72.6 322.7 72.7 323.3 72.8 323.9 72.8 324.4 72.9 325.0
  73.0 325.4 73.0 325.9 73.1 326.3 73.2 326.7 73.3 327.0 73.4 327.3 73.5 327.6
  73.6 327.8 73.7 327.9 73.8 328.1 73.9 328.1 74.0 328.1 74.1 327.9 74.2 327.7
  74.3 327.5 74.4 327.2 74.6 326.9 74.7 326.5 74.8 326.1 74.9 325.7 75.0 325.3
  75.1 324.8 75.2 324.4 75.3 324.0 75.4 323.6 75.5 323.2 75.6 322.8 75.6 322.3
  75.7 321.9 75.8 321.5 75.9 321.1 76.0 320.7 76.1 320.2 76.2 319.4 76.2 318.5
  76.2 317.7 76.2 316.8 76.3 315.9 76.2 315.1 76.2 314.2 76.2 313.4 76.1 312.5
  76.1 311.6 76.0 310.8 75.9 310.3 75.8 309.9 75.7 309.4 75.6 308.9 75.5 308.4
  75.4 307.8 75.2 307.3 75.1 306.7 75.0 306.1 74.8 305.5 74.7 304.9 74.6 304.3
  74.4 303.7 74.3 303.2 74.2 302.6 74.1 302.0 74.0 301.4 73.9 300.9 73.8 300.4
  73.7 299.9 73.6 299.3 73.6 298.7 73.5 298.1 73.4 297.5 73.4 296.9 73.3 296.2
  73.3 295.5 73.2 294.8 73.2 294.1 73.2 293.4 73.2 292.7 73.2 291.9 73.1 291.1
  73.0 290.3 72.9 289.6 72.8 288.8 72.8 288.0 72.7 287.2 72.6 286.4 72.5 285.6
  72.4 284.8 72.3 284.0 72.2 283.2 72.0 282.3 71.9 281.5 71.8 280.7 71.7 279.8
  71.5 278.9 71.3 278.1 71.1 277.3 71.0 276.5 70.8 275.8 70.6 275.0 70.5 274.3
  70.3 273.6 70.1 272.9 70.0 272.3 69.8 271.6 69.6 270.9 69.4 270.3 69.2 269.7
  69.1 269.1 68.9 268.6 68.8 268.0 68.6 267.5 68.4 267.0 68.3 266.5 68.1 266.1
  67.9 265.6 67.8 265.1 67.6 264.6 67.5 264.2 67.4 263.7 67.2 263.3 66.9 262.9
  66.7 262.5 66.5 262.1 66.3 261.8 66.1 261.5 65.8 261.2 65.6 260.8 65.4 260.4
  65.2 260.0 64.9 259.6 64.6 259.2 64.4 258.9 64.1 258.6 63.8 258.4 63.5 258.1
  63.3 257.8 63.0 257.5 62.7 257.3 62.4 257.1 62.0 256.9 61.7 256.7 61.4 256.4
  61.1 256.1 60.9 255.8 60.6 255.5 60.3 255.2 60.1 255.0 59.8 254.7 59.5 254.4
  59.3 254.1 59.0 253.8 58.8 253.5 58.6 253.2 58.3 252.9 58.1 252.5 57.8 252.2
  57.6 251.9 57.5 251.6 57.4 251.2 57.3 250.9 57.2 250.5 57.1 250.1 57.0 249.8
  56.8 249.4 56.6 249.0 56.4 248.6 56.3 248.2 56.1 247.8 56.2 247.4 56.2 246.9
  56.3 246.5 56.3 246.0 56.2 245.5 56.2 245.0 56.1 244.4 56.0 243.8 56.1 243.2
  56.1 242.6 56.2 242.0 56.2 241.5 56.3 240.9 56.3 240.3 56.4 239.7 56.6 239.1
  56.7 238.5 56.9 237.9 57.0 237.3 57.1 236.7 57.1 236.0 57.3 235.3 57.5 234.6
  57.6 233.9 57.7 233.2 57.9 232.5 58.0 231.8 58.1 231.2 58.2 230.5 58.2 229.8
  58.3 229.1 58.4 228.4 58.4 227.7 58.4 227.0 58.5 226.3 58.5 225.6 58.5 224.9
  58.6 224.3 58.6 223.6 58.6 223.0 58.5 222.4 58.4 221.8 58.4 221.3 58.3 220.8
  58.3 220.3 58.3 219.8 58.0 219.4 57.8 218.9 57.7 218.2 57.5 217.4 57.4 216.7
  57.4 215.9 57.1 215.1 56.9 214.4 56.7 213.7 56.6 213.0 56.5 212.3 56.4 211.6
  56.1 211.0 55.9 210.3 55.6 209.4 55.4 208.5 55.2 207.6 54.8 206.7 54.5 205.9
  54.2 205.1 53.9 204.3 53.6 203.3
   8 20 85  0.0
  72.5 321.4 72.4 321.7 72.3 322.1 72.2 322.5 72.2 322.9 72.1 323.4 72.0 323.9
  72.0 324.4 71.9 325.4 71.9 326.5 71.8 327.5 71.8 328.6 71.7 329.6 71.7 330.7
  71.7 331.7 71.6 332.7 71.6 333.5 71.6 334.3 71.5 335.1 71.5 335.7 71.5 336.3
  71.4 336.8 71.4 337.2 71.3 337.6 71.3 338.0 71.2 338.3 71.1 338.5 71.1 338.7
  71.0 338.9 70.9 339.0 70.9 339.0 70.8 339.1 70.7 339.0 70.7 339.0 70.6 338.8
  70.6 338.7 70.5 338.5 70.4 338.3 70.4 338.0 70.3 337.8 70.3 337.5 70.3 337.3
  70.2 337.0 70.2 336.7 70.2 336.4 70.2 336.0 70.2 335.7 70.2 335.3 70.2 335.0
  70.3 334.6 70.3 334.1 70.4 333.7 70.5 333.3 70.5 332.9 70.6 332.5 70.7 332.1
  70.7 331.7 70.8 331.3 70.9 330.9 71.0 330.5 71.1 330.2 71.2 329.8 71.3 329.5
  71.4 329.2 71.5 328.9 71.6 328.6 71.7 328.3 71.8 328.0 72.0 327.8 72.1 327.5
  72.2 327.3 72.2 327.1 72.3 327.0 72.4 326.8 72.6 326.6 72.7 326.5 72.8 326.4
  72.9 326.2 73.0 326.1 73.1 326.0 73.2 325.9 73.3 325.8 73.5 325.7 73.6 325.7
  73.7 325.6 73.9 325.6 74.0 325.6 74.2 325.3 74.4 325.0 74.5 324.8 74.7 324.6
  74.9 324.5 75.1 324.4 75.3 324.4 75.5 324.5 75.7 324.6 75.9 324.7 76.2 325.0
  76.4 324.7 76.6 324.6 76.8 324.4 77.0 324.2 77.2 324.1 77.4 324.0 77.6 323.9
  77.7 323.9 77.9 323.9 78.0 323.9 78.2 323.7 78.4 323.5 78.6 323.3 78.8 323.1
  78.9 322.9 79.1 322.6 79.3 322.4 79.4 322.1 79.5 321.8 79.7 321.5 79.8 321.2
  79.9 320.9 80.1 320.6 80.2 320.1 80.3 319.6 80.4 319.0 80.4 318.5 80.4 318.0
  80.5 317.4 80.5 316.9 80.4 316.3 80.4 315.8 80.3 315.3 80.3 314.8 80.2 314.3
  80.1 313.8 80.0 313.3 79.9 313.0 79.8 312.7 79.7 312.4 79.7 312.0 79.6 311.6
  79.5 311.2 79.5 310.8 79.4 310.3 79.3 309.9 79.3 309.4 79.2 308.9 79.1 308.4
  79.1 307.9 79.0 307.4 79.0 306.9 78.9 306.4 78.9 305.9 78.9 305.4 78.8 304.9
  78.8 304.4 78.8 303.9 78.8 303.4 78.8 302.9 78.7 302.4 78.7 302.0 78.7 301.6
  78.6 301.2 78.6 300.8 78.6 300.5 78.5 300.2 78.5 299.9 78.4 299.7 78.4 299.4
  78.3 299.2 78.2 299.0 78.2 298.8 78.1 298.6 78.1 298.4 78.1 298.2 78.0 298.0
  78.0 297.7 78.0 297.5 78.0 297.4 78.0 297.2 78.0 297.1 78.0 297.0 78.0 296.9
  78.0 296.9 78.0 296.7 78.0 296.5 78.0 296.3 78.0 296.2 78.0 296.3 78.0 296.5
  77.9 296.7 77.9 297.0 77.9 297.3 77.8 297.6 77.8 297.9 77.8 298.3 77.7 298.7
  77.7 299.1 77.6 299.5 77.6 300.0 77.5 300.4 77.4 300.9 77.3 301.4 77.2 301.9
  77.0 302.5 76.9 303.0 76.8 303.5 76.6 304.1 76.5 304.6 76.3 305.1 76.1 305.6
  75.8 306.1 75.6 306.7 75.4 307.3 75.2 307.8 74.9 308.4 74.6 308.9 74.2 309.3
  73.7 309.7 73.3 309.9 72.8 310.1 72.3 310.3 71.7 310.4 71.1 310.2 70.5 310.1
  69.8 310.0 69.2 309.4 68.6 308.9 68.1 308.4 67.5 307.9 66.9 307.0 66.3 306.2
  65.7 305.4 65.1 304.5 64.6 303.6 64.0 302.7 63.4 301.7 62.9 300.8 62.4 299.8
  62.0 298.8 61.6 297.7 61.2 296.6
   8 21 85  0.0
  72.5 321.4 72.5 321.3 72.4 321.2 72.4 321.2 72.4 321.1 72.4 321.0 72.4 320.9
  72.4 320.8 72.4 320.8 72.5 320.7 72.5 320.6 72.5 320.5 72.6 320.5 72.6 320.4
  72.6 320.3 72.6 320.3 72.7 320.4 72.6 320.4 72.6 320.5 72.6 320.7 72.6 320.8
  72.5 321.0 72.5 321.3 72.4 321.5 72.3 321.8 72.2 322.2 72.1 322.5 72.1 322.9
  72.0 323.4 71.9 324.3 71.9 325.3 71.8 326.3 71.8 327.3 71.7 328.3 71.7 329.4
  71.6 330.4 71.6 331.4 71.5 332.5 71.5 333.4 71.5 334.3 71.5 335.1 71.4 335.8
  71.4 336.4 71.4 337.0 71.4 337.5 71.3 338.0 71.3 338.4 71.2 338.8 71.1 339.1
  71.1 339.3 71.0 339.6 70.9 339.7 70.8 339.8 70.8 339.9 70.7 339.9 70.6 339.9
  70.6 339.9 70.5 339.8 70.4 339.6 70.4 339.5 70.3 339.3 70.2 339.0 70.2 338.8
  70.1 338.5 70.1 338.3 70.0 338.0 70.0 337.7 70.0 337.4 70.0 337.2 69.9 336.9
  69.9 336.6 69.9 336.2 69.9 335.9 70.0 335.6 70.0 335.2 70.1 334.8 70.2 334.4
  70.2 334.0 70.3 333.6 70.4 333.2 70.4 332.8 70.5 332.4 70.6 332.0 70.7 331.7
  70.8 331.3 70.9 330.9 71.0 330.6 71.0 330.2 71.2 329.9 71.3 329.6 71.4 329.3
  71.5 329.0 71.6 328.8 71.7 328.5 71.8 328.2 72.0 328.0 72.1 327.8 72.2 327.6
  72.3 327.4 72.4 327.3 72.5 327.1 72.6 327.0 72.7 326.9 72.8 326.7 72.9 326.6
  73.0 326.5 73.1 326.4 73.3 326.4 73.4 326.3 73.5 326.2 73.6 326.2 73.8 326.2
  74.0 326.3 74.1 326.4 74.3 326.2 74.5 326.1 74.7 326.1 74.9 326.1 75.1 326.2
  75.4 326.4 75.6 326.6 75.8 326.8 76.0 327.1 76.2 327.4 76.4 327.3 76.6 327.2
  76.8 327.1 77.0 327.0 77.2 327.0 77.3 327.0 77.5 327.0 77.7 327.0 77.8 327.1
  78.0 327.2 78.1 327.3 78.3 327.0 78.5 326.8 78.6 326.5 78.8 326.3 79.0 326.0
  79.1 325.7 79.3 325.4 79.5 325.1 79.6 324.8 79.8 324.5 80.0 324.1 80.1 323.8
  80.2 323.3 80.3 322.8 80.4 322.3 80.4 321.7 80.5 321.2 80.5 320.6 80.5 320.0
  80.5 319.4 80.4 318.8 80.4 318.2 80.3 317.7 80.2 317.1 80.1 316.6 80.1 316.0
  80.0 315.5 79.9 315.0 79.9 314.5 79.8 314.1 79.8 313.6 79.8 313.0 79.7 312.5
  79.7 311.9 79.7 311.4 79.6 310.8 79.6 310.2 79.6 309.6 79.6 309.0 79.6 308.4
  79.6 307.9 79.6 307.3 79.6 306.6 79.6 306.0 79.6 305.4 79.6 304.8 79.7 304.2
  79.7 303.7 79.7 303.1 79.7 302.6 79.7 302.2 79.7 301.8 79.7 301.4 79.7 301.0
  79.7 300.7 79.7 300.4 79.7 300.1 79.7 299.8 79.7 299.5 79.6 299.3 79.6 299.0
  79.6 298.8 79.6 298.5 79.6 298.3 79.6 298.0 79.6 297.8 79.7 297.5 79.7 297.3
  79.7 297.0 79.8 296.8 79.8 296.5 79.9 296.3 79.9 296.0 79.9 295.8 80.0 295.7
  80.0 295.5 80.0 295.3 80.0 294.9 80.1 294.5 80.1 294.1 80.1 293.6 80.1 293.2
  80.1 292.7 80.1 292.2 80.1 291.8 80.0 291.3 80.0 290.8 80.0 290.3 80.0 289.8
  80.0 289.8 80.0 289.7 79.9 289.6 79.9 289.5 79.9 289.5 79.9 289.4 79.9 289.3
  79.9 289.2 79.8 289.1 79.8 289.0 79.8 288.9 79.7 288.8 79.7 288.7 79.7 288.6
  79.6 288.5 79.6 288.4 79.5 288.2
   8 22 85  0.0
  72.5 321.4 72.5 320.8 72.6 320.2 72.6 319.7 72.7 319.1 72.7 318.5 72.7 318.0
  72.7 317.4 72.7 316.9 72.7 316.3 72.7 315.8 72.6 315.3 72.6 314.8 72.6 314.2
  72.5 313.8 72.5 313.3 72.4 312.9 72.3 312.4 72.2 312.0 72.1 311.7 72.0 311.3
  71.9 311.2 71.8 311.1 71.7 311.1 71.5 311.1 71.4 311.1 71.3 311.2 71.2 311.4
  71.1 311.5 71.1 311.8 71.1 312.1 71.0 312.4 71.0 312.8 71.0 313.2 71.0 313.8
  71.0 314.3 71.1 315.0 71.1 315.7 71.1 316.4 71.2 317.1 71.2 317.8 71.2 318.6
  71.2 319.3 71.2 320.0 71.2 320.8 71.1 321.5 71.1 322.3 71.0 323.0 70.9 323.8
  70.9 324.6 70.8 325.5 70.8 326.3 70.7 327.2 70.7 328.2 70.6 329.1 70.6 330.1
  70.5 331.0 70.5 332.0 70.4 333.0 70.4 333.9 70.3 334.8 70.3 335.7 70.2 336.4
  70.2 337.1 70.1 337.7 70.0 338.3 70.0 338.8 69.9 339.5 69.8 340.2 69.7 340.9
  69.6 341.5 69.6 342.0 69.5 342.6 69.4 343.0 69.3 343.5 69.2 343.8 69.1 344.1
  69.1 344.4 69.0 344.5 68.9 344.7 68.8 344.7 68.7 344.7 68.6 344.7 68.6 344.6
  68.5 344.4 68.4 344.2 68.3 344.0 68.3 343.7 68.2 343.5 68.1 343.3 68.1 343.0
  68.1 342.8 68.0 342.5 68.0 342.2 68.0 341.9 68.0 341.9 68.0 341.8 68.0 341.8
  68.0 341.7 68.0 341.6 68.0 341.3 68.0 340.9 68.0 340.5 68.0 340.1 68.0 339.8
  68.1 339.4 68.1 339.0 68.1 338.6 68.1 338.1 68.2 337.7 68.2 337.3 68.2 336.9
  68.2 336.5 68.3 336.1 68.3 335.7 68.4 335.3 68.4 334.9 68.5 334.5 68.6 334.1
  68.7 333.7 68.8 333.3 68.9 332.9 68.9 332.5 69.0 332.1 69.1 331.8 69.2 331.4
  69.3 331.0 69.4 330.6 69.5 330.3 69.6 329.9 69.7 329.6 69.8 329.2 69.9 328.9
  70.0 328.5 70.1 328.2 70.2 328.1 70.3 328.0 70.4 327.9 70.5 327.9 70.6 327.8
  70.7 327.8 70.8 327.8 70.9 327.8 71.0 327.8 71.2 327.8 71.3 327.8 71.4 327.8
  71.6 327.7 71.7 327.6 71.9 327.5 72.0 327.3 72.2 327.4 72.3 327.6 72.4 327.6
  72.6 327.7 72.7 327.7 72.8 327.7 72.9 327.6 73.0 327.6 73.1 327.5 73.2 327.4
  73.3 327.2 73.4 327.1 73.5 326.9 73.5 326.7 73.6 326.5 73.7 326.3 73.7 326.1
  73.8 325.8 73.8 325.5 73.8 325.3 73.8 325.0 73.8 324.8 73.8 324.6 73.8 324.4
  73.7 324.2 73.6 324.0 73.5 323.9 73.4 323.8 73.3 323.7 73.1 323.6 72.9 323.5
  72.7 323.4 72.5 323.3 72.3 323.2 72.1 323.0 72.0 322.9 71.8 322.6 71.6 322.3
  71.5 322.1 71.4 321.8 71.2 321.5 71.1 321.3 70.9 321.0 70.8 320.8 70.6 320.5
  70.5 320.2 70.4 319.9 70.2 319.5 70.0 319.2 69.8 318.8 69.6 318.3 69.4 317.9
  69.3 317.4 69.1 316.9 68.9 316.4 68.7 315.9 68.4 315.4 68.1 314.8 67.8 314.3
  67.5 313.7 67.2 313.1 67.0 312.5 66.7 311.9 66.3 311.4 65.8 310.8 65.4 310.3
  65.0 309.9 64.6 309.4 64.2 308.9 63.7 308.4 63.3 308.0 63.0 307.6 62.5 307.1
  62.0 306.6 61.6 306.2 61.2 305.7 60.7 305.3 60.2 304.9 59.8 304.4 59.3 304.0
  58.9 303.6 58.5 303.2 58.0 302.8 57.6 302.3 57.2 301.9 56.8 301.5 56.5 301.0
  56.1 300.6 55.8 300.1 55.5 299.6
   8 23 85  0.0
  72.5 321.4 72.7 320.9 72.8 320.3 73.0 319.7 73.1 319.2 73.2 318.6 73.2 318.0
  73.3 317.3 73.4 316.7 73.5 316.1 73.6 315.5 73.7 314.8 73.7 314.2 73.8 313.6
  73.8 312.9 73.9 312.2 73.9 311.6 74.0 310.9 74.0 310.2 74.0 309.4 74.0 308.7
  74.0 308.1 74.1 307.4 74.1 306.8 74.1 306.2 74.1 305.5 74.1 304.9 74.1 304.3
  74.1 303.7 74.1 303.1 74.2 302.5 74.2 301.9 74.2 301.3 74.3 300.7 74.3 300.1
  74.4 299.5 74.5 298.9 74.6 298.3 74.6 297.7 74.7 297.1 74.7 296.4 74.7 295.8
  74.7 295.1 74.7 294.5 74.7 293.8 74.7 293.2 74.6 292.6 74.6 291.9 74.6 291.3
  74.7 290.6 74.7 289.9 74.7 289.1 74.6 288.3 74.6 287.4 74.5 286.5 74.5 285.6
  74.4 284.6 74.3 283.6 74.2 282.6 74.1 281.6 74.0 280.5 73.8 279.2 73.8 277.8
  73.8 276.4 73.7 275.1 73.7 273.7 73.6 272.4 73.6 271.0 73.5 269.7 73.4 268.4
  73.3 267.1 73.3 265.9 73.3 264.6 73.2 263.4 73.2 262.2 73.1 261.1 73.0 260.1
  72.9 259.1 72.8 258.2 72.7 257.3 72.5 256.5 72.4 255.8 72.3 255.1 72.2 254.4
  72.0 253.8 71.9 253.2 71.8 252.5 71.6 251.9 71.5 251.2 71.4 250.6 71.3 250.0
  71.2 249.4 71.1 248.8 70.9 248.3 70.8 247.8 70.6 247.3 70.5 246.8 70.4 246.3
  70.2 245.8 70.1 245.3 70.0 244.8 69.8 244.4 69.7 244.1 69.6 243.9 69.5 243.6
  69.4 243.3 69.3 243.1 69.2 242.8 69.2 242.6 69.1 242.3 69.0 242.1 68.9 241.8
  68.8 241.5 68.7 241.2 68.6 240.9 68.6 240.6 68.5 240.2 68.4 239.8 68.4 239.5
  68.4 239.1 68.4 238.7 68.4 238.3 68.3 237.9 68.3 237.4 68.3 237.0 68.2 236.6
  68.2 236.1 68.2 235.7 68.2 235.2 68.1 234.7 68.1 234.3 68.1 233.8 68.1 233.2
  68.1 232.7 68.0 232.2 68.0 231.7 68.0 231.1 68.0 230.6 68.0 230.0 68.0 229.4
  68.0 228.8 68.1 228.2 68.1 227.6 68.1 227.0 68.2 226.4 68.2 225.7 68.3 225.1
  68.4 224.4 68.4 223.7 68.5 223.0 68.6 222.3 68.7 221.6 68.8 220.8 68.9 220.0
  68.9 219.2 69.0 218.4 69.1 217.6 69.1 216.8 69.2 216.0 69.2 215.2 69.2 214.5
  69.2 213.8 69.2 213.1 69.2 212.5 69.2 211.8 69.2 211.2 69.2 210.6 69.2 210.1
  69.2 209.5 69.2 209.0 69.1 208.5 69.1 208.1 69.0 207.7 68.9 207.4 68.8 207.1
  68.6 206.9 68.5 206.7 68.3 206.5 68.0 206.4 67.7 206.3 67.4 206.3 67.1 206.2
  66.8 206.2 66.4 206.1 66.0 206.1 65.6 206.0 65.2 205.8 64.8 205.7 64.3 205.6
  63.8 205.5 63.3 205.2 62.7 205.1 62.0 205.0 61.3 204.9 60.6 204.6 59.9 204.3
  59.2 203.8 58.5 203.4 57.7 203.0 56.9 202.5 56.1 202.0 55.3 201.7 54.4 201.1
  53.5 200.6 52.7 200.0 51.9 199.3 51.3 198.5 50.6 197.7 50.0 197.0 49.4 196.3
  48.8 195.6 48.5 195.0 48.1 194.5 47.7 194.0 47.3 193.6 46.8 193.2 46.4 192.8
  45.9 192.5 45.4 192.0 45.0 191.6 44.8 191.2 44.6 190.8 44.4 190.4 44.1 190.0
  43.9 189.6 43.7 189.3 43.4 188.9 43.2 188.5 42.9 188.1 42.7 187.7 42.5 187.3
  42.4 186.9 42.4 186.5 42.3 186.1 42.2 185.7 42.1 185.3 42.1 185.0 42.0 184.6
  42.0 184.2 41.9 184.1 41.9 183.9
   8 24 85  0.0
  72.5 321.4 72.7 320.6 72.9 319.8 73.0 318.9 73.1 318.0 73.2 317.0 73.2 315.9
  73.2 314.8 73.1 313.6 73.1 312.4 73.0 311.2 72.8 309.9 72.7 308.5 72.5 307.1
  72.3 305.7 72.1 304.3 71.9 303.0 71.8 301.6 71.6 300.2 71.5 298.7 71.3 297.2
  71.2 295.7 71.1 294.1 70.9 292.6 70.7 291.0 70.6 289.4 70.5 287.8 70.4 286.3
  70.2 284.8 70.1 283.4 69.9 282.0 69.8 280.5 69.6 279.1 69.4 277.8 69.1 276.5
  68.9 275.2 68.6 274.0 68.4 272.9 68.1 271.8 67.9 270.7 67.7 269.6 67.5 268.5
  67.3 267.4 67.1 266.4 66.9 265.4 66.7 264.4 66.5 263.5 66.3 262.6 66.1 261.8
  65.9 261.0 65.7 260.2 65.5 259.4 65.4 258.6 65.2 257.8 65.1 257.1 64.9 256.3
  64.7 255.6 64.6 255.0 64.5 254.3 64.4 253.7 64.3 253.1 64.2 252.5 64.0 251.9
  64.0 251.4 64.0 250.8 63.9 250.3 63.9 249.8 63.8 249.2 63.7 248.7 63.6 248.2
  63.4 247.7 63.4 247.2 63.5 246.8 63.5 246.3 63.5 245.9 63.5 245.5 63.5 245.1
  63.5 244.8 63.5 244.5 63.4 244.2 63.4 244.0 63.5 243.8 63.5 243.6 63.6 243.5
  63.7 243.4 63.7 243.3 63.8 243.2 63.8 243.2 63.9 243.1 63.9 243.1 64.0 243.1
  64.0 243.1 64.1 243.2 64.1 243.3 64.2 243.4 64.2 243.5 64.2 243.6 64.2 243.7
  64.3 243.7 64.3 243.7 64.3 243.7 64.3 243.6 64.3 243.4 64.3 243.3 64.3 243.1
  64.3 242.8 64.3 242.5 64.3 242.2 64.2 241.9 64.2 241.5 64.2 241.1 64.1 240.7
  64.1 240.4 64.0 240.1 63.9 239.7 64.0 239.5 64.0 239.3 64.0 239.0 64.1 238.7
  64.1 238.4 64.1 238.1 64.1 237.8 64.1 237.5 64.1 237.3 64.1 237.0 64.1 236.8
  64.1 236.6 64.1 236.5 64.1 236.3 64.1 236.2 64.0 236.1 64.0 235.9 64.1 235.9
  64.1 235.8 64.2 235.7 64.2 235.7 64.3 235.6 64.3 235.6 64.4 235.5 64.4 235.5
  64.4 235.5 64.5 235.5 64.5 235.5 64.5 235.5 64.6 235.5 64.6 235.5 64.6 235.5
  64.6 235.5 64.7 235.5 64.7 235.4 64.7 235.3 64.7 235.3 64.7 235.1 64.7 235.0
  64.7 234.8 64.7 234.7 64.7 234.4 64.6 234.2 64.6 234.0 64.6 233.7 64.6 233.4
  64.5 233.1 64.5 232.8 64.5 232.5 64.4 232.1 64.4 231.7 64.4 231.3 64.4 230.9
  64.4 230.5 64.4 230.0 64.4 229.5 64.4 229.0 64.4 228.5 64.4 228.0 64.5 227.5
  64.5 226.9 64.5 226.3 64.6 225.8 64.6 225.2 64.7 224.6 64.7 224.0 64.8 223.4
  64.9 222.7 64.9 222.1 64.9 221.4 64.9 220.8 64.9 220.1 64.9 219.3 64.8 218.6
  64.8 217.9 64.7 217.1 64.6 216.3 64.5 215.5 64.5 214.7 64.3 213.9 64.2 213.1
  64.0 212.3 63.8 211.6 63.5 210.7 63.3 209.9 62.9 209.1 62.6 208.4 62.1 207.7
  61.7 207.0 61.4 206.1 60.9 205.2 60.5 204.3 60.1 203.5 59.7 202.7 59.4 201.7
  59.0 200.8 58.6 200.0 58.4 199.1 58.1 198.4 57.8 197.7 57.4 196.7 57.1 195.8
  57.2 194.8 57.3 194.0 57.4 193.3 57.5 192.7 57.5 192.2 57.5 191.8 57.9 191.6
  58.2 191.4 58.6 191.8 58.9 192.3 58.8 192.9 58.7 193.6 58.6 194.4 58.5 195.2
  58.4 195.9 58.3 196.5 57.8 197.1 57.3 197.3 56.8 197.4 56.4 197.6 55.9 197.7
  55.5 197.6 55.0 197.6 54.6 197.6
   8 25 85  0.0
  72.5 321.4 72.5 321.0 72.6 320.7 72.6 320.3 72.7 319.8 72.7 319.4 72.8 318.9
  72.8 318.5 72.9 317.9 73.0 317.4 73.1 316.8 73.2 316.2 73.3 315.5 73.3 314.8
  73.3 314.1 73.4 313.4 73.4 312.7 73.4 311.9 73.4 311.1 73.4 310.3 73.5 309.5
  73.5 308.7 73.5 307.8 73.5 307.0 73.5 306.1 73.6 305.2 73.6 304.3 73.6 303.3
  73.6 302.3 73.6 301.2 73.5 300.0 73.5 298.8 73.5 297.5 73.5 296.2 73.4 294.8
  73.5 293.4 73.5 291.9 73.6 290.4 73.7 288.9 73.8 287.4 73.8 285.9 73.9 284.5
  74.0 283.2 74.1 281.8 74.2 280.9 74.2 280.0 74.3 279.2 74.4 278.4 74.5 277.7
  74.7 277.0 74.8 276.4 74.9 275.8 75.0 275.3 75.0 274.8 75.1 274.3 75.2 273.9
  75.2 273.6 75.3 273.3 75.3 273.1 75.3 272.9 75.3 272.7 75.3 272.7 75.3 272.6
  75.2 272.5 75.2 272.4 75.2 272.2 75.1 272.1 75.1 272.0 75.1 271.8 75.1 271.7
  75.1 271.5 75.1 271.3 75.0 271.1 75.0 270.9 75.0 270.7 74.9 270.5 74.9 270.3
  74.8 270.2 74.8 270.0 74.7 269.8 74.6 269.6 74.6 269.4 74.5 269.2 74.4 269.0
  74.3 268.8 74.2 268.7 74.0 268.4 73.9 268.2 73.8 267.8 73.8 267.4 73.7 267.0
  73.6 266.5 73.5 266.1 73.5 265.7 73.4 265.2 73.3 264.7 73.3 264.3 73.2 263.8
  73.1 263.3 73.1 262.8 73.1 262.3 73.0 261.7 73.0 261.2 73.0 260.6 73.0 260.0
  73.0 259.4 73.1 258.7 73.1 258.0 73.2 257.3 73.2 256.5 73.3 255.7 73.3 254.9
  73.4 254.1 73.5 253.3 73.5 252.5 73.6 251.7 73.6 250.8 73.7 250.0 73.8 249.1
  73.8 248.2 73.9 247.3 73.9 246.3 74.0 245.4 74.0 244.4 74.1 243.5 74.1 242.5
  74.2 241.6 74.2 240.6 74.3 239.7 74.4 238.7 74.4 237.7 74.5 236.7 74.6 235.6
  74.7 234.5 74.8 233.3 74.9 232.0 74.9 230.7 75.0 229.3 75.1 227.9 75.2 226.4
  75.3 224.9 75.4 223.3 75.5 221.7 75.6 220.1 75.8 218.4 76.0 216.7 76.2 215.0
  76.5 213.3 76.8 211.5 77.1 209.7 77.4 207.8 77.8 205.9 78.2 204.0 78.6 202.4
  79.1 200.7 79.5 199.0 80.0 197.2 80.6 196.1 81.1 194.9 81.7 193.5 82.2 192.0
  82.9 191.7 83.5 191.3 84.1 190.9 84.8 191.6 85.4 192.7 86.0 194.3 86.4 196.5
  87.0 199.3 87.5 203.5 87.9 209.6 88.1 217.9 88.4 229.4 88.5 243.6 88.6 258.2
  88.7 270.6 88.8 278.9 88.8 284.2 88.9 287.9 89.0 290.7 89.1 292.8 89.2 294.3
  89.3 295.2 89.5 295.7 89.6 295.8 89.9 294.5 89.8 114.7 89.7  32.4 89.6  32.5
  89.5  32.6 89.3  32.7 89.2  32.8 89.1  32.9 89.0  33.0 88.9  33.2 88.7  33.3
  88.6  33.4 88.4  33.5 88.3  33.6 88.1  33.7 87.9  33.8 87.8  33.9 87.6  34.1
  87.5  34.2 87.3  34.3 87.2  34.4 87.0  34.5 86.8  34.6 86.6  34.7 86.4  34.8
  86.2  34.9 86.0  35.1 85.8  35.2 85.6  35.2 85.5  35.3 85.3  35.3 85.1  35.4
  85.0  35.4 84.8  35.5 84.6  35.6 84.3  35.7 84.1  35.7 83.8  35.8 83.6  35.9
  83.4  35.9 83.1  36.0 82.9  36.1 82.6  36.2 82.2  36.3 81.8  36.4 81.5  36.5
  81.2  36.6 80.9  36.7 80.5  36.8 80.2  36.9 79.8  37.1 79.5  37.1 79.1  37.2
  78.7  37.3 78.3  37.3 77.9  37.4
   8 26 85  0.0
  72.5 321.4 72.4 321.0 72.4 320.6 72.3 320.2 72.3 319.8 72.1 319.4 72.0 319.0
  71.8 318.8 71.7 318.6 71.6 318.3 71.4 318.1 71.3 317.9 71.2 317.7 71.1 317.5
  71.0 317.3 70.9 317.1 70.9 316.9 70.8 316.7 70.7 316.6 70.7 316.4 70.6 316.3
  70.6 316.1 70.6 316.0 70.5 315.8 70.4 315.7 70.4 315.5 70.4 315.4 70.3 315.2
  70.3 315.0 70.3 314.7 70.4 314.4 70.4 314.1 70.4 313.7 70.5 313.3 70.5 312.9
  70.6 312.4 70.7 311.8 70.7 311.3 70.7 310.7 70.7 310.0 70.7 309.4 70.7 308.7
  70.7 308.0 70.6 307.2 70.6 306.5 70.6 305.7 70.6 304.9 70.6 304.1 70.7 303.2
  70.7 302.4 70.8 301.4 70.8 300.5 70.8 299.4 70.9 298.3 70.9 297.2 71.0 295.9
  71.0 294.6 71.0 293.3 71.1 291.9 71.1 290.5 71.2 289.0 71.3 287.6 71.3 286.1
  71.4 284.7 71.4 283.3 71.5 281.9 71.5 280.6 71.5 279.3 71.5 278.0 71.6 276.7
  71.6 275.5 71.6 274.3 71.7 273.1 71.7 272.0 71.8 270.9 71.9 269.9 71.9 268.9
  71.9 268.0 72.0 267.2 72.1 266.4 72.2 265.9 72.2 265.6 72.3 265.2 72.4 264.9
  72.5 264.7 72.6 264.4 72.7 264.2 72.7 263.9 72.8 263.7 72.9 263.5 73.0 263.2
  73.1 263.0 73.1 262.8 73.2 262.6 73.3 262.4 73.3 262.2 73.4 262.0 73.4 261.8
  73.4 261.7 73.5 261.5 73.5 261.4 73.5 261.3 73.5 261.3 73.5 261.2 73.4 261.2
  73.4 261.2 73.3 261.3 73.3 261.3 73.2 261.4 73.1 261.5 73.0 261.5 72.9 261.5
  72.8 261.5 72.7 261.5 72.6 261.4 72.5 261.3 72.4 261.2 72.3 261.0 72.2 260.8
  72.0 260.6 71.9 260.4 71.8 260.1 71.7 259.7 71.6 259.3 71.5 259.0 71.4 258.6
  71.3 258.1 71.3 257.7 71.2 257.3 71.1 256.8 71.1 256.3 71.0 255.8 71.0 255.3
  71.0 254.8 71.0 254.2 71.0 253.7 71.0 253.1 70.9 252.5 70.9 251.9 70.9 251.3
  71.0 250.7 71.0 250.1 71.0 249.4 71.0 248.7 71.1 248.0 71.1 247.3 71.2 246.6
  71.2 245.9 71.2 245.2 71.3 244.5 71.3 243.8 71.4 243.1 71.5 242.5 71.6 241.8
  71.7 241.0 71.7 240.3 71.8 239.6 72.0 238.8 72.1 238.0 72.2 237.1 72.2 236.1
  72.3 235.2 72.4 234.2 72.4 233.1 72.4 232.0 72.5 230.9 72.5 229.7 72.5 228.5
  72.6 227.3 72.6 226.0 72.7 224.7 72.7 223.3 72.8 222.0 72.9 220.6 73.0 219.2
  73.1 217.8 73.2 216.4 73.3 215.1 73.4 213.7 73.6 212.3 73.8 211.0 73.9 209.6
  74.1 208.2 74.3 206.4 74.5 204.7 74.8 202.9 75.0 201.2 75.3 199.5 75.6 197.8
  75.9 196.1 76.2 194.5 76.6 192.5 77.0 190.5 77.4 188.5 77.9 186.6 78.3 184.6
  78.9 182.7 79.4 180.7 79.9 178.7 80.3 176.7 80.9 174.9 81.4 172.9 81.9 170.8
  82.3 168.6 82.9 166.8 83.3 164.8 83.8 162.5 84.1 160.0 84.6 157.4 85.0 154.3
  85.3 150.7 85.6 146.7 85.7 142.2 85.9 137.4 86.0 132.2 86.0 126.8 86.0 121.7
  86.0 116.6 85.9 111.6 85.8 106.3 85.7 101.3 85.5  96.5 85.3  92.1 85.0  88.1
  84.7  84.4 84.3  81.2 83.9  78.2 83.6  77.9 83.3  77.6 82.9  77.2 82.6  76.9
  82.2  76.6 81.8  76.3 81.6  76.0 81.3  75.8 81.0  75.6 80.6  75.4 80.4  75.1
  80.1  74.9 79.8  74.7 79.5  74.6
   8 27 85  0.0
  72.5 321.4 72.4 321.0 72.3 320.6 72.2 320.1 72.2 319.7 71.9 319.2 71.7 318.9
  71.5 318.7 71.3 318.5 71.1 318.2 70.9 317.9 70.7 317.6 70.5 317.3 70.3 317.0
  70.1 316.7 69.9 316.4 69.7 316.1 69.6 315.8 69.3 315.5 69.0 315.2 68.8 314.9
  68.5 314.6 68.3 314.3 68.0 313.9 67.8 313.6 67.6 313.1 67.5 312.6 67.3 312.1
  67.1 311.5 66.9 311.0 66.7 310.5 66.5 310.0 66.3 309.5 66.1 309.0 66.0 308.5
  65.8 308.0 65.7 307.5 65.6 307.0 65.4 306.5 65.4 306.0 65.3 305.5 65.2 305.0
  65.2 304.4 65.1 303.9 65.1 303.4 65.0 302.9 65.0 302.3 65.0 301.8 65.0 301.3
  65.0 300.7 65.0 300.2 65.0 299.6 65.0 299.1 65.0 298.5 64.9 297.9 64.9 297.3
  64.9 296.7 64.9 296.1 64.9 295.5 64.8 294.9 64.8 294.3 64.7 293.7 64.7 293.0
  64.6 292.4 64.6 291.8 64.5 291.1 64.4 290.5 64.3 289.8 64.2 289.2 64.2 288.5
  64.1 287.9 64.0 287.2 63.9 286.7 63.8 286.3 63.7 285.8 63.6 285.3 63.5 284.9
  63.4 284.4 63.3 283.9 63.2 283.4 63.0 282.9 62.9 282.5 62.8 282.0 62.6 281.5
  62.5 281.1 62.4 280.6 62.3 280.2 62.2 279.7 62.1 279.3 62.0 278.8 61.9 278.6
  61.8 278.4 61.7 278.3 61.6 278.1 61.5 277.9 61.5 277.7 61.4 277.5 61.3 277.3
  61.2 277.1 61.1 277.0 61.1 276.8 61.0 276.7 60.9 276.5 60.9 276.4 60.8 276.3
  60.8 276.2 60.7 276.1 60.7 276.0 60.7 275.9 60.6 275.8 60.6 275.8 60.5 275.8
  60.5 275.8 60.5 275.8 60.5 275.8 60.5 275.9 60.5 276.0 60.5 276.2 60.5 276.4
  60.6 276.6 60.7 276.8 60.7 277.1 60.8 277.5 60.8 277.9 60.9 278.3 61.0 278.8
  61.0 279.4 61.1 280.0 61.2 280.7 61.2 281.4 61.3 282.2 61.4 283.0 61.5 283.8
  61.6 284.7 61.7 285.6 61.8 286.5 61.9 287.3 62.0 288.2 62.0 289.1 62.1 289.7
  62.1 290.3 62.1 290.8 62.2 291.4 62.2 291.9 62.3 292.5 62.3 293.0 62.4 293.4
  62.4 293.9 62.5 294.3 62.5 294.6 62.6 295.0 62.6 295.3 62.7 295.5 62.7 295.8
  62.8 296.0 62.8 296.2 62.9 296.4 63.0 296.5 63.1 296.7 63.2 296.8 63.3 296.8
  63.3 296.9 63.4 296.9 63.5 296.9 63.6 296.9 63.7 296.9 63.8 296.8 63.9 296.7
  64.0 296.7 64.2 296.5 64.3 296.4 64.4 296.3 64.5 296.1 64.6 296.0 64.7 295.9
  64.8 295.7 64.9 295.6 65.0 295.4 65.0 295.3 65.1 295.1 65.2 295.0 65.3 294.8
  65.3 294.6 65.4 294.5 65.5 294.3 65.6 294.2 65.6 294.0 65.7 293.9 65.8 293.7
  65.9 293.5 65.9 293.4 66.0 293.2 66.1 293.0 66.2 292.8 66.3 292.6 66.4 292.4
  66.5 292.1 66.6 291.9 66.7 291.6 66.7 291.4 66.8 291.1 66.9 290.8 67.0 290.5
  67.0 290.2 67.1 289.9 67.2 289.6 67.3 289.2 67.4 288.9 67.5 288.5 67.6 288.2
  67.7 287.8 67.7 287.4 67.8 287.0 67.8 286.6 67.8 286.1 67.8 285.7 67.9 285.2
  67.9 284.8 67.9 284.3 67.9 283.8 67.9 283.3 67.9 282.9 67.9 282.4 67.8 281.9
  67.8 281.4 67.8 281.0 67.8 280.5 67.7 280.0 67.7 279.5 67.7 279.0 67.6 278.4
  67.6 277.9 67.6 277.4 67.5 276.8 67.5 276.3 67.5 275.7 67.5 275.2 67.4 274.6
  67.4 274.0 67.4 273.4 67.3 272.8
   8 28 85  0.0
  72.5 321.4 72.6 321.2 72.7 321.0 72.8 320.8 72.9 320.5 73.0 320.2 73.0 320.0
  73.0 319.6 73.0 319.3 73.0 319.0 72.9 318.6 72.9 318.2 72.8 317.9 72.7 317.5
  72.6 317.1 72.5 316.7 72.4 316.3 72.3 315.8 72.1 315.4 71.8 314.9 71.6 314.7
  71.4 314.5 71.1 314.2 70.8 314.0 70.6 313.7 70.3 313.5 70.0 313.2 69.7 312.9
  69.4 312.7 69.2 312.4 68.9 312.1 68.7 311.8 68.3 311.5 68.0 311.2 67.7 310.8
  67.4 310.3 67.0 309.9 66.7 309.4 66.4 308.9 66.1 308.4 65.8 307.8 65.5 307.3
  65.2 306.7 64.9 306.1 64.6 305.4 64.3 304.7 64.1 304.0 63.8 303.2 63.6 302.4
  63.3 301.6 63.1 300.8 62.9 300.0 62.7 299.2 62.6 298.4 62.4 297.5 62.3 296.7
  62.2 295.9 62.1 295.0 62.0 294.2 62.0 293.3 61.9 292.5 61.8 291.6 61.7 290.7
  61.7 289.8 61.6 289.0 61.6 288.1 61.6 287.2 61.5 286.3 61.4 285.4 61.3 284.5
  61.2 283.6 61.1 282.7 60.9 281.9 60.8 281.0 60.7 280.1 60.6 279.2 60.5 278.3
  60.5 277.4 60.5 276.5 60.4 275.6 60.4 274.7 60.3 273.8 60.2 273.0 60.2 272.1
  60.1 271.2 60.0 270.3 59.9 269.5 59.9 268.9 59.8 268.3 59.7 267.7 59.7 267.1
  59.6 266.5 59.5 265.9 59.5 265.2 59.4 264.6 59.3 264.0 59.2 263.3 59.1 262.6
  59.0 262.0 58.9 261.3 58.8 260.6 58.7 259.9 58.6 259.3 58.5 258.6 58.4 257.9
  58.3 257.3 58.2 256.6 58.1 255.9 58.1 255.2 58.0 254.5 58.0 253.8 57.9 253.5
  57.9 253.1 57.8 252.7 57.8 252.3 57.7 252.0 57.7 251.6 57.7 251.2 57.7 250.8
  57.7 250.4 57.7 250.0 57.7 249.5 57.7 249.1 57.6 248.7 57.6 248.2 57.6 247.8
  57.6 247.3 57.6 246.9 57.6 246.4 57.6 245.9 57.6 245.5 57.5 245.0 57.5 244.5
  57.5 244.0 57.5 243.5 57.4 243.0 57.4 242.5 57.4 242.0 57.4 241.5 57.4 241.0
  57.4 240.6 57.4 240.1 57.3 239.7 57.3 239.2 57.2 238.8 57.1 238.3 57.1 237.9
  57.0 237.5 57.0 237.1 56.9 236.7 56.8 236.3 56.8 236.0 56.7 235.6 56.7 235.3
  56.6 235.0 56.6 234.8 56.5 234.5 56.5 234.3 56.4 234.1 56.4 233.9 56.3 233.6
  56.3 233.4 56.2 233.1 56.1 232.8 56.1 232.5 56.0 232.2 55.9 231.9 55.9 231.5
  55.9 231.0 55.9 230.5 55.9 230.0 55.9 229.5 55.9 229.0 55.9 228.6 55.9 228.1
  55.9 227.6 55.9 227.1 56.0 226.6 56.0 226.1 55.9 225.6 55.9 225.0 55.9 224.3
  55.9 223.7 55.9 223.0 56.0 222.4 56.0 221.7 56.1 221.2 56.1 220.7 56.1 220.2
  56.2 219.7 56.2 219.3 56.3 218.8 56.4 218.3 56.4 217.8 56.5 217.3 56.5 216.8
  56.6 216.3 56.6 215.8 56.6 215.3 56.6 214.8 56.6 214.3 56.6 213.8 56.6 213.3
  56.7 212.9 56.7 212.4 56.7 212.0 56.7 211.6 56.7 211.1 56.7 210.7 56.7 210.2
  56.7 209.7 56.6 209.3 56.5 208.8 56.5 208.3 56.4 207.9 56.2 207.4 56.1 207.0
  56.0 206.6 55.8 205.7 55.7 204.8 55.6 204.0 55.5 203.1 55.3 202.3 55.2 201.5
  55.1 200.7 54.9 199.8 54.8 199.0 54.6 198.2 54.5 197.4 54.3 196.6 54.2 195.8
  54.0 195.1 53.7 194.1 53.5 193.2 53.3 192.3 53.1 191.4 52.8 190.6 52.5 189.7
  52.2 188.9 52.0 188.1 51.7 187.2
   8 29 85  0.0
  72.5 321.4 72.5 321.0 72.5 320.6 72.6 320.3 72.6 319.9 72.6 319.6 72.6 319.2
  72.6 318.9 72.5 318.7 72.5 318.4 72.5 318.1 72.5 317.9 72.5 317.6 72.5 317.4
  72.5 317.2 72.5 316.9 72.5 316.7 72.6 316.5 72.6 316.2 72.6 316.0 72.6 315.7
  72.6 315.5 72.5 315.2 72.5 314.9 72.5 314.7 72.5 314.4 72.5 314.2 72.4 313.9
  72.4 313.6 72.4 313.3 72.3 313.0 72.3 312.7 72.2 312.4 72.1 312.1 72.1 311.8
  72.0 311.4 71.9 311.2 71.9 311.0 71.8 310.7 71.7 310.5 71.6 310.2 71.4 309.9
  71.3 309.6 71.1 309.3 70.9 309.0 70.7 308.7 70.4 308.4 70.1 308.0 69.8 307.7
  69.6 307.3 69.4 306.8 69.2 306.4 68.9 305.9 68.7 305.4 68.4 304.9 68.1 304.4
  67.8 303.8 67.7 303.2 67.5 302.6 67.3 302.0 67.1 301.3 66.8 300.7 66.6 300.0
  66.5 299.3 66.5 298.5 66.4 297.8 66.3 297.0 66.2 296.2 66.0 295.4 66.1 294.6
  66.1 293.8 66.0 292.9 66.0 292.1 65.9 291.0 65.9 290.0 66.0 289.0 66.0 287.9
  66.1 286.9 66.3 286.1 66.4 285.3 66.4 284.5 66.5 283.7 66.6 283.0 66.7 282.3
  66.8 281.7 66.8 281.1 66.9 280.4 66.9 279.8 67.1 279.2 67.2 278.6 67.3 277.9
  67.4 277.3 67.5 276.6 67.5 276.0 67.6 275.3 67.7 274.7 67.8 274.0 67.9 273.4
  67.9 272.8 67.9 272.1 67.9 271.5 68.0 270.9 68.2 270.8 68.3 270.8 68.4 270.7
  68.4 270.6 68.5 270.6 68.4 270.5 68.4 270.4 68.3 270.3 68.2 270.2 68.1 270.1
  68.0 270.0 67.8 269.3 67.6 268.7 67.4 268.0 67.2 267.4 67.1 266.8 67.0 266.2
  66.8 265.7 66.6 265.1 66.4 264.6 66.2 264.1 65.9 263.6 65.8 262.9 65.6 262.1
  65.4 261.4 65.2 260.8 64.9 260.1 64.7 259.6 64.5 259.0 64.3 258.5 64.0 258.0
  63.8 257.6 63.5 256.9 63.3 256.2 63.0 255.5 62.8 254.8 62.6 254.2 62.4 253.5
  62.2 252.9 62.0 252.3 61.7 251.5 61.6 250.8 61.4 250.0 61.3 249.2 61.1 248.4
  60.9 247.6 60.8 246.8 60.7 246.0 60.6 245.2 60.4 244.5 60.3 243.8 60.2 243.1
  60.1 242.4 60.0 241.7 59.9 241.0 59.8 240.2 59.7 239.5 59.6 238.7 59.5 237.9
  59.4 237.2 59.3 236.4 59.2 235.6 59.1 234.9 58.9 234.1 58.8 233.3 58.7 232.5
  58.5 231.8 58.4 231.0 58.2 230.2 58.0 229.5 57.9 228.8 57.8 228.1 57.6 227.4
  57.5 226.7 57.4 226.0 57.3 225.3 57.2 224.7 57.1 224.0 57.1 223.4 57.0 222.8
  56.9 222.1 56.9 221.4 56.9 220.8 56.9 220.1 56.9 219.4 56.8 218.7 56.8 218.0
  56.8 217.3 56.8 216.6 56.9 215.9 56.9 215.2 56.8 214.5 56.8 213.8 56.8 213.1
  56.8 212.3 56.8 211.5 56.7 210.7 56.6 209.9 56.5 209.0 56.4 208.1 56.3 207.3
  56.2 206.4 56.0 205.5 55.9 204.6 55.8 203.7 55.6 202.8 55.3 201.9 55.1 200.9
  54.9 200.0 54.6 199.0 54.3 197.9 54.0 196.9 53.8 195.9 53.5 194.8 53.3 193.8
  53.0 192.7 52.8 191.7 52.5 190.8 52.1 189.8 51.8 188.9 51.4 188.0 51.1 187.0
  50.7 186.1 50.4 185.2 50.1 184.3 49.7 183.4 49.5 182.4 49.4 181.5 49.2 180.6
  49.0 179.7 49.0 178.8 48.9 178.0 48.9 177.3 48.9 176.5 48.8 175.8 48.9 175.1
  49.0 174.5 49.1 173.9 49.2 173.3
   8 30 85  0.0
  72.5 321.4 72.7 321.6 72.9 321.8 73.1 321.9 73.3 322.0 73.5 322.1 73.7 322.1
  74.0 322.1 74.2 322.1 74.4 321.5 74.7 320.9 75.0 320.3 75.3 319.7 75.5 319.1
  75.7 318.5 75.9 317.9 76.1 317.3 76.2 316.1 76.4 314.8 76.5 313.6 76.5 312.4
  76.6 311.2 76.5 310.1 76.5 308.9 76.4 307.8 76.3 306.8 76.1 305.7 76.0 304.8
  75.9 304.2 75.7 303.5 75.5 303.0 75.3 302.5 75.1 302.0 74.9 301.6 74.7 301.2
  74.5 300.8 74.2 300.5 74.0 300.2 73.8 299.9 73.5 299.6 73.2 299.3 72.9 299.1
  72.6 298.8 72.3 298.5 72.0 298.3 71.7 298.0 71.4 297.6 71.1 297.3 70.8 296.9
  70.5 296.6 70.2 296.2 70.0 295.8 69.6 295.3 69.3 294.7 69.0 294.1 68.7 293.5
  68.4 292.8 68.1 292.2 67.9 291.5 67.5 290.7 67.2 290.0 66.8 289.2 66.5 288.5
  66.3 287.7 65.8 286.9 65.4 286.1 65.1 285.4 64.7 284.6 64.4 283.9 63.9 283.2
  63.5 282.4 63.1 281.7 62.8 281.0 62.5 280.2 62.2 279.5 61.7 278.8 61.3 278.1
  61.0 277.4 60.6 276.7 60.4 276.0 60.1 275.3 59.7 274.7 59.3 274.1 59.0 273.5
  58.7 272.9 58.4 272.4 58.2 271.8 57.8 271.3 57.5 270.8 57.2 270.2 56.9 269.7
  56.6 269.2 56.4 268.6 56.2 268.1 56.1 267.6 55.7 267.1 55.4 266.7 55.2 266.3
  54.9 265.9 54.7 265.5 54.5 265.1 54.3 264.8 54.1 264.4 54.0 264.0 53.8 263.7
  53.5 263.4 53.3 263.1 53.2 262.8 53.0 262.5 52.8 262.3 52.7 262.0 52.5 261.8
  52.4 261.5 52.3 261.3 52.3 261.0 52.2 260.8 52.2 260.5 52.2 260.3 52.2 260.1
  52.3 259.8 52.3 259.6 52.2 259.4 52.3 259.2 52.3 259.0 52.3 258.7 52.3 258.5
  52.4 258.3 52.4 258.1 52.5 257.8 52.6 257.6 52.6 257.4 52.7 257.1 52.8 256.9
  52.9 256.6 53.0 256.4 53.1 256.2 53.2 255.9 53.3 255.7 53.4 255.5 53.5 255.3
  53.6 255.1 53.7 254.9 53.7 254.7 53.9 254.5 54.0 254.4 54.1 254.2 54.2 253.8
  54.3 253.5 54.4 253.2 54.5 252.9 54.6 252.5 54.8 252.2 54.9 251.9 55.0 251.5
  55.1 251.2 55.2 250.8 55.4 250.5 55.5 250.1 55.6 249.7 55.7 249.3 55.8 248.9
  55.9 248.5 56.0 248.1 56.1 247.5 56.2 246.8 56.3 246.1 56.4 245.5 56.5 244.8
  56.5 244.0 56.6 243.3 56.7 242.5 56.7 241.7 56.7 240.9 56.8 240.1 56.8 239.3
  56.8 238.5 56.8 237.7 56.8 236.9 56.7 236.0 56.7 235.2 56.6 234.4 56.5 233.5
  56.4 232.7 56.3 231.9 56.2 231.0 56.0 230.2 55.8 229.4 55.7 228.6 55.6 227.8
  55.4 227.0 55.2 226.2 55.0 225.3 54.8 224.5 54.7 223.6 54.4 222.7 54.2 221.8
  54.1 220.8 53.9 219.9 53.7 219.0 53.6 218.0 53.5 217.1 53.3 216.1 53.3 215.1
  53.1 214.0 53.0 213.0 52.9 211.8 52.7 210.7 52.6 209.6 52.4 208.4 52.3 207.2
  52.1 206.1 51.9 205.0 51.8 203.8 51.7 202.7 51.5 201.6 51.3 200.5 51.2 199.3
  50.9 198.2 50.7 197.0 50.5 195.9 50.3 194.8 50.0 193.7 49.8 192.6 49.6 191.7
  49.3 190.8 49.1 189.9 48.8 189.0 48.5 188.1 48.2 187.2 47.9 186.3 47.7 185.6
  47.4 184.8 47.1 184.1 46.8 183.4 46.7 182.8 46.5 182.2 46.3 181.6 46.0 181.0
  45.8 180.5 45.5 180.1 45.2 179.9
   8 31 85  0.0
  72.5 321.4 72.6 321.3 72.7 321.2 72.9 321.1 73.0 321.0 73.1 320.9 73.3 320.8
  73.4 320.7 73.6 320.6 73.8 320.5 73.9 320.3 74.1 320.2 74.3 319.7 74.4 319.1
  74.6 318.6 74.7 318.1 74.9 317.6 75.1 317.1 75.3 316.7 75.5 316.3 75.7 315.9
  75.8 315.5 75.9 315.1 76.1 314.7 76.2 313.5 76.4 312.2 76.6 311.0 76.7 309.8
  76.7 308.7 76.8 307.6 76.8 306.5 76.8 305.5 76.9 304.5 76.9 303.5 76.8 302.6
  76.7 301.7 76.7 300.8 76.6 299.9 76.4 299.1 76.3 298.3 76.1 297.5 75.9 296.7
  75.8 296.6 75.6 296.4 75.4 296.2 75.2 296.0 74.9 295.7 74.5 295.4 74.2 295.1
  73.8 294.8 73.4 295.0 73.1 295.2 72.7 295.3 72.2 295.4 71.8 295.4 71.4 295.6
  71.0 295.8 70.5 295.8 70.0 295.8 69.5 295.8 69.0 295.7 68.5 295.5 68.0 295.3
  67.5 295.1 67.0 294.9 66.4 294.7 65.9 294.4 65.4 294.1 64.9 293.7 64.4 293.3
  63.9 292.9 63.5 292.5 63.1 292.0 62.7 291.6 62.0 291.1 61.4 290.6 60.9 290.1
  60.4 289.6 60.0 289.1 59.6 288.7 59.2 288.3 58.9 287.8 58.3 287.4 57.7 286.9
  57.2 286.6 56.7 286.3 56.3 286.0 55.9 285.7 55.6 285.5 55.3 285.3 55.1 285.1
  54.8 284.8 54.6 284.6 54.4 284.4 54.3 284.2 54.1 284.0 54.0 283.8 53.7 283.8
  53.5 283.8 53.4 283.7 53.2 283.7 53.0 283.6 52.9 283.6 52.8 283.5 52.7 283.4
  52.6 283.3 52.6 283.1 52.5 283.0 52.5 282.9 52.4 282.7 52.4 282.6 52.4 282.4
  52.4 282.3 52.4 282.1 52.3 281.9 52.3 281.7 52.3 281.6 52.3 281.4 52.3 281.1
  52.4 280.9 52.4 280.7 52.4 280.5 52.4 280.2 52.4 280.0 52.5 279.8 52.5 279.6
  52.6 279.4 52.6 279.2 52.7 279.0 52.8 278.9 52.8 278.7 52.9 278.5 53.0 278.4
  53.1 278.2 53.2 278.1 53.2 277.9 53.3 277.8 53.4 277.6 53.5 277.5 53.6 277.4
  53.7 277.2 53.8 277.1 53.9 277.0 53.9 276.8 54.0 276.7 54.1 276.4 54.2 276.1
  54.3 275.9 54.4 275.7 54.5 275.4 54.6 275.3 54.6 275.1 54.7 274.9 54.8 274.8
  54.8 274.7 54.9 274.6 55.0 274.6 55.0 274.5 55.0 274.5 55.1 274.5 55.1 274.5
  55.2 274.5 55.2 274.5 55.2 274.6 55.3 274.6 55.3 274.7 55.3 274.8 55.3 274.9
  55.4 275.1 55.4 275.2 55.4 275.4 55.4 275.5 55.5 275.7 55.5 275.8 55.5 276.0
  55.5 276.1 55.6 276.3 55.7 276.4 55.8 276.6 55.9 276.7 55.9 276.9 56.0 277.1
  56.1 277.3 56.2 277.4 56.2 277.6 56.3 277.8 56.4 278.0 56.5 278.2 56.5 278.4
  56.6 278.6 56.7 278.8 56.7 279.1 56.8 279.3 56.8 279.6 56.9 279.9 57.0 280.2
  57.0 280.5 57.0 280.9 57.0 281.3 57.0 281.6 57.0 282.0 57.0 282.5 56.9 282.9
  56.9 283.3 56.9 283.8 56.9 284.3 56.8 284.7 56.8 285.2 56.7 285.6 56.7 286.1
  56.6 286.5 56.6 286.9 56.5 287.4 56.4 287.8 56.4 288.2 56.3 288.6 56.3 289.0
  56.2 289.4 56.1 289.8 56.0 290.2 55.9 290.5 55.8 290.7 55.7 290.8 55.6 290.9
  55.5 291.1 55.5 291.2 55.3 291.3 55.2 291.3 55.1 291.4 55.0 291.5 54.9 291.5
  54.8 291.6 54.6 291.6 54.5 291.7 54.3 291.7 54.2 291.7 54.0 291.7 53.8 291.7
  53.7 291.5 53.5 291.3 53.3 291.0
