   4  1 77  0.0
  72.5 321.4 72.6 321.0 72.8 320.5 73.0 320.0 73.1 319.5 73.2 319.0 73.2 318.4
  73.3 317.8 73.3 317.2 73.4 316.6 73.5 315.9 73.5 315.1 73.5 314.4 73.4 313.7
  73.4 313.0 73.5 312.3 73.5 311.6 73.4 310.9 73.3 310.2 73.3 309.5 73.2 308.8
  73.2 308.2 73.2 307.5 73.0 306.9 72.8 306.2 72.6 305.6 72.5 304.9 72.3 304.3
  72.2 303.6 71.9 302.9 71.6 302.5 71.3 302.1 70.9 301.7 70.6 301.3 70.3 300.9
  69.9 300.5 69.6 300.5 69.2 300.4 68.9 300.3 68.6 300.2 68.2 300.0 67.9 299.8
  67.4 300.0 66.9 300.1 66.5 300.2 66.2 300.3 65.9 300.3 65.6 300.6 65.3 300.9
  65.1 301.2 64.8 301.5 64.6 301.7 64.3 301.9 64.1 302.0 63.9 302.1 63.7 302.4
  63.5 302.7 63.4 302.9 63.2 303.0 63.0 303.1 62.9 303.2 62.7 303.3 62.6 303.3
  62.5 303.3 62.4 303.3 62.4 303.3 62.3 303.3 62.3 303.3 62.3 303.2 62.3 303.2
  62.4 303.1 62.4 303.1 62.5 303.0 62.6 302.9 62.8 302.8 62.9 302.7 63.0 302.6
  63.2 302.5 63.3 302.4 63.5 302.3 63.7 302.2 63.9 302.1 64.0 302.0 64.2 301.5
  64.4 301.1 64.6 300.6 64.7 300.1 64.9 299.5 64.9 298.9 65.0 298.3 65.0 297.7
  65.0 297.0 65.0 296.3 65.0 295.6 64.9 294.8 64.7 294.1 64.5 293.5 64.4 292.8
  64.2 292.1 64.1 291.4 63.7 290.8 63.5 290.1 63.2 289.4 62.9 288.8 62.6 288.2
  62.3 287.6 61.9 287.0 61.4 286.4 61.1 285.8 60.7 285.2 60.4 284.5 60.1 283.9
  59.7 283.2 59.3 282.5 58.9 281.7 58.6 280.9 58.3 280.2 58.0 279.4 57.4 278.6
  56.9 277.7 56.4 276.8 55.9 275.9 55.3 274.9 54.8 273.8 54.3 272.8 53.9 271.8
  53.3 270.8 52.8 269.9 52.2 268.9 51.6 268.0 51.1 267.1 50.5 266.3 50.0 265.4
  49.4 264.6 48.9 263.7 48.4 262.9 47.8 262.1 47.3 261.3 46.7 260.5 46.2 259.7
  45.8 258.9 45.4 258.2 44.9 257.5 44.5 256.8 44.0 256.2 43.5 255.6 43.1 255.0
  42.7 254.5 42.2 254.1 41.7 253.7 41.1 253.3 40.5 253.0 39.8 252.6 39.1 252.1
  38.5 251.6 37.7 251.0 37.0 250.3 36.2 249.5 35.5 248.7 34.8 247.7 33.9 246.7
  33.1 245.7 32.4 244.5 31.7 243.3 31.1 241.9 30.6 240.5 30.2 239.0 30.0 237.5
  29.9 236.1 29.7 234.8 29.9 233.7 30.0 232.6 30.2 231.5 30.6 230.5 31.0 229.5
  31.3 228.7 31.7 227.9 32.3 227.2 32.8 226.3 33.4 225.5 34.1 224.8 34.7 223.8
  35.4 223.0 36.1 222.1 36.8 221.2 37.5 220.3 38.2 219.4 38.8 218.4 39.5 217.4
  40.1 216.4 40.9 215.5 41.5 214.5 42.2 213.5 43.0 212.6 43.8 211.7 44.4 210.7
  45.0 209.8 45.6 208.8 46.2 207.7 46.6 206.7 47.1 205.6 47.5 204.5 48.0 203.3
  48.2 202.1 48.4 201.0 48.7 199.9 48.6 198.7 48.6 197.6 48.6 196.5 48.7 195.5
  48.4 194.5 48.1 193.5 47.9 192.5 47.6 191.5 47.1 190.4 46.5 189.4 46.0 188.4
  45.4 187.3 44.7 186.1 44.1 185.1 43.5 184.0 42.9 183.0 42.1 182.0 41.3 181.0
  40.6 180.1 40.0 179.2 39.2 178.4 38.4 177.6 37.8 176.8 37.2 176.1 36.6 175.3
  36.0 174.4 35.4 173.4 34.9 172.4 34.4 171.3 33.8 170.1 33.3 168.9 32.8 167.7
  32.3 166.3 31.7 164.8 31.2 163.4
   4  2 77  0.0
  72.5 321.4 72.3 320.6 72.2 319.8 71.9 319.0 71.6 318.3 71.3 317.5 71.1 316.8
  70.9 316.1 70.7 315.4 70.3 314.7 70.0 314.0 69.7 313.2 69.4 312.4 69.1 311.5
  68.7 310.7 68.3 310.0 67.8 309.3 67.5 308.4 67.1 307.6 66.5 306.8 65.9 306.1
  65.4 305.2 64.9 304.3 64.4 303.5 63.9 302.6 63.3 301.6 62.8 300.7 62.2 299.8
  61.6 299.0 61.0 298.1 60.5 297.3 59.9 296.4 59.4 295.6 58.9 294.9 58.4 294.1
  57.8 293.2 57.3 292.5 56.8 291.8 56.4 291.1 55.9 290.4 55.5 289.8 55.2 289.2
  54.8 288.6 54.5 288.0 54.2 287.4 53.9 286.7 53.6 286.2 53.3 285.7 53.1 285.1
  52.7 284.6 52.4 284.1 52.1 283.7 51.8 283.2 51.6 282.6 51.3 282.0 51.1 281.5
  50.9 281.0 50.7 280.5 50.5 280.0 50.3 279.5 50.1 279.1 49.9 278.6 49.7 278.0
  49.5 277.4 49.2 276.9 48.8 276.4 48.5 276.0 48.0 275.6 47.5 275.2 46.9 274.4
  46.3 273.7 45.7 273.0 45.0 272.0 44.3 270.9 43.5 270.1 42.7 268.8 41.9 267.6
  41.1 266.0 40.2 264.6 39.3 263.3 38.5 261.7 37.7 260.3 36.8 258.6 36.2 256.9
  35.5 255.4 35.1 253.8 34.7 252.1 34.3 250.4 34.3 248.8 34.4 247.2 34.8 245.7
  35.3 244.1 35.7 242.7 36.4 241.3 37.2 240.2 37.9 239.1 38.9 238.0 40.0 237.2
  41.1 236.5 42.1 235.8 43.2 235.1 44.1 234.3 45.0 233.6 45.9 232.7 46.7 231.9
  47.4 231.0 48.2 230.1 48.9 229.3 49.6 228.4 50.3 227.4 50.9 226.4 51.6 225.4
  52.2 224.3 52.7 223.1 53.2 221.9 53.6 220.6 54.0 219.2 54.3 217.9 54.7 216.5
  55.0 215.1 55.2 213.7 55.4 212.2 55.7 210.8 55.7 209.3 55.8 207.9 55.6 206.4
  55.5 204.9 55.4 203.5 55.0 202.0 54.7 200.6 54.4 199.1 53.9 197.8 53.4 196.4
  52.9 195.0 52.3 193.7 51.7 192.4 51.1 191.0 50.5 189.7 49.9 188.4 49.3 187.0
  48.7 185.7 48.2 184.3 47.7 183.0 47.2 181.6 46.7 180.2 46.2 178.8 45.7 177.3
  45.3 175.6 44.8 173.8 44.4 171.8 44.0 169.8 43.5 167.8 43.0 165.7 42.6 163.7
  42.2 161.6 41.9 159.5 41.5 157.2 41.1 155.0 40.6 152.9 39.9 150.8 39.5 148.8
  39.0 146.8 38.7 144.9 38.4 143.0 38.3 141.2 38.1 139.4 38.0 137.7 38.0 135.9
  38.0 134.4 38.1 132.7 38.1 131.2 38.2 129.7 38.4 128.3 38.5 127.0 38.7 125.7
  38.9 124.5 39.1 123.4 39.3 122.3 39.5 121.3 39.8 120.2 40.1 119.2 40.5 118.2
  40.9 117.2 41.3 116.2 41.7 115.2 42.1 114.2 42.6 113.2 43.0 112.2 43.4 111.2
  43.8 110.2 44.2 109.1 44.6 108.2 45.0 107.3 45.4 106.3 45.9 105.3 46.3 104.3
  46.7 103.5 47.2 102.7 47.6 101.9 48.0 101.0 48.4 100.3 48.8  99.6 49.2  98.8
  49.6  98.0 50.0  97.2 50.4  96.4 50.7  95.5 51.0  94.7 51.2  93.8 51.4  92.9
  51.6  92.0 51.7  91.0 51.8  90.0 51.8  89.0 51.8  87.8 51.8  86.6 51.8  85.4
  51.8  84.1 51.8  82.8 51.7  81.5 51.5  80.2 51.4  78.9 51.1  78.1 50.9  77.3
  50.6  76.5 50.4  75.6 50.2  74.8 50.0  73.9 49.9  73.1 49.7  72.3 49.5  71.5
  49.3  70.7 49.1  69.9 48.9  69.2 48.6  68.4 48.4  67.7 48.2  67.0 47.9  66.2
  47.7  65.6 47.4  64.9 47.2  64.2
   4  3 77  0.0
  72.5 321.4 72.3 319.6 72.0 317.9 71.7 316.0 71.4 314.2 71.0 312.5 70.5 310.9
  70.0 309.4 69.4 307.9 68.7 306.6 68.0 305.3 67.2 304.2 66.4 303.1 65.6 302.1
  64.8 301.2 63.9 300.4 63.2 299.7 62.6 299.0 62.0 298.3 61.4 297.6 60.9 296.9
  60.4 296.2 59.9 295.4 59.6 294.8 59.4 294.0 59.1 293.2 58.9 292.4 58.7 291.5
  58.6 290.6 58.5 289.7 58.5 288.7 58.4 287.6 58.5 286.5 58.5 285.4 58.6 284.3
  58.7 283.1 58.7 281.9 58.7 280.6 58.8 279.4 58.6 278.2 58.5 277.0 58.4 275.7
  58.3 274.4 58.1 273.1 58.0 271.8 57.7 270.6 57.4 269.4 57.2 268.2 56.9 267.0
  56.6 265.8 56.4 264.5 56.2 263.3 56.0 262.1 55.8 261.1 55.7 260.1 55.5 259.0
  55.4 258.0 55.3 257.0 55.2 256.1 55.0 255.1 55.0 254.1 55.0 253.2 54.9 252.3
  54.9 251.5 55.0 250.7 55.1 249.9 55.1 249.1 55.2 248.2 55.3 247.4 55.4 246.5
  55.5 245.6 55.6 244.7 55.8 243.8 56.0 242.8 56.2 241.8 56.5 240.8 56.7 239.8
  57.0 238.8 57.2 237.7 57.3 236.6 57.5 235.4 57.6 234.1 57.7 232.8 57.8 231.5
  57.9 230.1 58.1 228.6 58.3 227.3 58.4 225.9 58.6 224.5 58.7 222.9 58.7 221.3
  58.6 219.6 58.4 218.0 58.2 216.4 58.0 214.8 57.7 213.0 57.4 211.3 57.2 209.5
  56.9 207.7 56.6 206.0 56.2 204.2 55.9 202.5 55.3 200.8 54.8 199.1 54.1 197.4
  53.4 195.8 52.7 194.2 52.0 192.7 51.3 191.3 50.7 190.0 50.0 188.7 49.4 187.4
  48.8 186.3 48.1 185.2 47.4 184.1 46.8 183.1 46.1 182.1 45.5 181.0 44.9 179.9
  44.3 178.7 43.8 177.4 43.2 176.1 42.7 174.8 42.2 173.5 41.6 172.1 41.1 170.6
  40.6 169.0 40.2 167.5 39.7 165.9 39.3 164.4 38.8 162.8 38.4 161.3 38.0 159.9
  37.7 158.5 37.4 157.1 37.1 155.6 36.7 154.1 36.4 152.6 36.0 151.1 35.7 149.7
  35.3 148.1 34.9 146.6 34.7 145.1 34.6 143.5 34.6 142.0 34.7 140.4 34.8 138.8
  35.0 137.2 35.2 135.6 35.5 134.1 35.8 132.5 36.1 131.0 36.5 129.7 36.9 128.3
  37.3 127.0 37.8 125.6 38.3 124.4 38.7 123.3 39.2 122.2 39.7 121.1 40.1 120.1
  40.6 119.1 41.0 118.2 41.4 117.2 41.8 116.2 42.1 115.2 42.5 114.2 42.8 113.2
  43.1 112.2 43.4 111.1 43.6 110.1 43.8 109.0 44.1 107.9 44.3 107.0 44.5 106.1
  44.7 105.1 44.9 104.2 45.2 103.2 45.4 102.1 45.5 101.1 45.7 100.0 45.9  98.9
  46.0  97.8 46.2  97.0 46.4  96.1 46.6  95.2 46.7  94.4 46.9  93.5 47.0  92.5
  47.2  91.6 47.3  90.6 47.4  89.6 47.4  88.6 47.5  87.6 47.5  86.6 47.5  85.6
  47.5  84.6 47.5  83.5 47.3  82.5 47.2  81.4 47.0  80.3 46.8  79.1 46.6  78.3
  46.3  77.6 46.1  76.8 45.8  76.0 45.5  75.2 45.4  74.5 45.2  73.8 45.0  73.0
  44.7  72.4 44.4  71.7 44.3  71.0 44.1  70.4 43.9  69.8 43.6  69.2 43.4  68.7
  43.1  68.1 42.7  67.6 42.5  67.1 42.2  66.5 41.9  66.0 41.5  65.5 41.2  64.9
  40.8  64.4 40.3  63.8 39.9  63.3 39.4  62.7 38.9  62.1 38.3  61.5 37.7  61.0
  37.2  60.4 36.7  59.9 36.4  59.3 36.1  58.8 35.8  58.2 35.6  57.7 35.3  57.2
  35.1  56.7 34.8  56.2 34.5  55.7
   4  4 77  0.0
  72.5 321.4 72.4 320.6 72.3 319.8 72.1 318.9 71.9 318.1 71.8 316.8 71.6 315.5
  71.3 314.3 71.1 313.1 70.8 312.0 70.5 311.0 70.1 310.0 69.7 309.0 69.2 308.1
  68.8 307.2 68.3 306.3 67.9 305.4 67.4 304.5 67.0 303.6 66.6 302.7 66.1 301.8
  65.7 301.0 65.2 300.1 64.8 299.1 64.4 298.2 63.9 297.4 63.5 296.4 63.1 295.3
  62.8 294.2 62.5 293.2 62.2 292.1 61.8 290.9 61.6 289.8 61.3 288.6 61.0 287.4
  60.7 286.2 60.4 285.0 60.1 283.9 59.7 282.8 59.4 281.7 59.0 280.5 58.7 279.4
  58.4 278.3 58.0 277.1 57.7 276.0 57.4 274.7 57.1 273.4 56.8 272.2 56.6 270.9
  56.3 269.7 56.1 268.4 55.8 267.2 55.7 266.1 55.6 265.1 55.4 264.1 55.3 263.1
  55.3 262.1 55.3 261.2 55.3 260.4 55.4 259.5 55.4 258.7 55.5 257.9 55.6 257.1
  55.7 256.3 55.8 255.6 55.8 254.9 55.9 254.2 56.0 253.6 56.1 252.7 56.3 252.0
  56.5 251.3 56.7 250.6 56.9 250.0 57.2 249.5 57.4 248.9 57.7 248.3 57.9 247.7
  58.2 247.0 58.4 246.2 58.7 245.4 58.9 244.5 59.2 243.7 59.4 242.9 59.6 242.1
  59.8 241.2 60.0 240.4 60.3 239.5 60.6 238.7 60.9 237.9 61.2 237.0 61.5 236.2
  61.8 235.3 62.0 234.4 62.3 233.5 62.6 232.5 62.8 231.5 63.0 230.5 63.2 229.5
  63.4 228.4 63.6 227.3 63.7 226.2 63.8 225.1 63.9 223.9 63.9 222.8 63.9 221.6
  63.9 220.4 63.9 219.2 63.9 218.0 63.8 216.8 63.8 215.7 63.6 214.5 63.5 213.3
  63.4 212.2 63.2 211.0 63.0 209.9 62.7 208.9 62.5 207.8 62.1 206.8 61.8 205.8
  61.5 204.5 61.2 203.2 60.8 202.0 60.4 200.8 60.0 199.6 59.5 198.4 59.0 197.0
  58.4 195.6 57.9 194.3 57.4 192.8 56.9 191.4 56.5 190.1 56.1 188.8 55.6 187.6
  55.3 186.3 55.0 185.0 54.6 183.8 54.3 182.5 54.0 181.4 53.6 180.3 53.2 179.4
  52.9 178.5 52.6 177.6 52.2 176.8 51.8 176.1 51.4 175.4 51.3 174.7 51.1 174.1
  51.0 173.4 50.8 172.7 50.7 172.0 50.5 171.3 50.5 170.6 50.6 169.9 50.6 169.2
  50.6 168.5 50.7 167.8 50.7 167.1 50.7 166.5 50.8 165.8 50.8 165.2 50.8 164.6
  50.9 164.0 50.9 163.5 51.1 162.9 51.2 162.4 51.4 161.9 51.6 161.4 51.9 161.0
  52.1 160.5 52.4 160.2 52.7 159.9 53.0 159.5 53.4 159.2 53.7 158.8 54.0 158.5
  54.2 158.1 54.5 157.6 54.8 157.1 55.1 156.7 55.4 156.2 55.7 155.7 56.1 155.2
  56.6 154.7 57.0 154.1 57.4 153.6 57.9 153.1 58.3 152.7 58.7 152.2 59.2 151.8
  59.6 151.3 60.1 150.9 60.6 150.5 61.0 150.0 61.5 149.5 62.0 149.1 62.5 148.4
  63.0 147.8 63.4 147.1 63.8 146.4 64.2 145.7 64.7 144.9 65.1 144.1 65.5 143.3
  65.9 142.4 66.2 141.6 66.6 140.8 66.9 140.0 67.3 139.2 67.5 138.3 67.7 137.5
  67.9 136.6 68.1 135.7 68.2 134.9 68.3 134.1 68.3 133.3 68.4 132.4 68.5 131.4
  68.4 130.5 68.3 129.5 68.2 128.6 68.2 127.6 68.0 126.6 67.8 125.6 67.7 124.7
  67.6 123.7 67.4 122.7 67.2 121.7 67.1 120.7 66.9 119.7 66.7 118.6 66.5 117.5
  66.3 116.3 66.2 115.1 66.0 113.9 65.8 112.7 65.6 111.6 65.4 110.4 65.2 109.2
  65.0 108.0 64.7 106.7 64.5 105.5
   4  5 77  0.0
  72.5 321.4 72.8 320.4 73.2 319.2 73.4 318.1 73.6 316.8 73.8 315.4 73.9 314.0
  74.0 312.6 74.1 311.1 74.1 309.8 74.1 308.6 74.1 307.3 74.0 306.1 73.9 304.7
  73.7 303.3 73.5 302.0 73.3 300.8 73.1 299.6 72.9 298.5 72.6 297.5 72.3 296.6
  72.1 295.6 71.8 294.8 71.6 293.7 71.3 292.8 71.0 291.9 70.7 291.0 70.3 290.3
  69.9 289.7 69.6 289.0 69.2 288.3 68.9 287.7 68.5 287.2 68.1 286.7 67.7 286.3
  67.3 285.7 66.9 285.1 66.5 284.6 66.0 284.1 65.5 283.7 65.1 283.0 64.7 282.4
  64.2 281.9 63.7 281.4 63.2 280.6 62.7 279.8 62.3 279.1 61.8 278.5 61.3 277.5
  60.8 276.6 60.2 275.8 59.8 275.0 59.4 273.9 58.9 272.9 58.5 271.9 58.3 271.0
  58.1 270.1 57.8 269.2 57.6 268.0 57.3 266.9 57.3 265.8 57.3 264.7 57.3 263.6
  57.5 262.5 57.7 261.5 57.9 260.5 58.1 259.5 58.4 258.6 58.8 257.7 59.1 256.9
  59.5 256.0 59.9 255.1 60.4 254.1 60.8 253.3 61.3 252.4 61.8 251.5 62.2 250.5
  62.7 249.8 63.2 249.1 63.7 248.4 64.2 247.6 64.7 247.0 65.3 246.5 65.8 245.9
  66.3 245.3 66.9 244.8 67.4 244.3 67.9 243.7 68.3 243.1 68.7 242.7 69.1 242.2
  69.4 241.7 69.8 241.1 70.1 240.5 70.5 240.2 70.8 239.8 71.1 239.5 71.3 239.1
  71.6 238.7 71.8 238.3 72.1 237.8 72.4 237.5 72.7 237.2 73.0 236.9 73.3 236.5
  73.5 236.1 73.8 235.6 74.0 235.1 74.3 234.9 74.5 234.7 74.8 234.5 75.0 234.3
  75.2 234.2 75.3 234.0 75.5 233.9 75.6 233.8 75.7 233.7 75.8 233.7 75.9 233.7
  75.9 233.7 76.0 233.7 76.0 233.8 76.0 233.8 76.0 234.3 76.0 234.7 76.0 235.2
  76.0 235.7 76.0 236.2 76.0 236.8 75.9 237.1 75.9 237.5 75.8 237.9 75.8 238.3
  75.7 238.8 75.7 239.2 75.6 239.6 75.5 240.1 75.4 240.5 75.3 241.0 75.1 241.4
  75.0 241.8 74.8 242.2 74.7 242.6 74.5 243.0 74.3 243.3 74.1 243.7 73.9 244.0
  73.6 244.1 73.4 244.2 73.1 244.3 72.8 244.4 72.6 244.6 72.3 244.7 72.0 244.8
  71.7 244.5 71.4 244.2 71.1 243.9 71.0 243.6 70.8 243.3 70.7 242.9 70.5 242.6
  70.4 242.3 70.3 241.9 70.2 241.6 70.1 241.2 70.1 240.8 70.0 240.4 70.0 239.9
  70.0 239.5 70.1 239.0 70.1 238.5 70.1 238.1 70.2 237.6 70.2 237.3 70.2 236.9
  70.3 236.6 70.3 236.3 70.4 236.1 70.4 235.9 70.5 235.8 70.5 235.8 70.5 235.7
  70.6 235.8 70.6 235.8 70.6 235.8 70.7 235.9 70.7 236.0 70.7 236.1 70.7 236.3
  70.7 236.4 70.7 236.6 70.7 236.8 70.7 237.0 70.7 237.3 70.7 237.5 70.7 237.8
  70.7 238.1 70.6 238.3 70.6 238.6 70.6 238.9 70.5 239.3 70.4 239.6 70.4 239.9
  70.3 240.3 70.2 240.6 70.1 241.0 70.0 241.4 69.9 241.8 69.8 241.9 69.7 242.0
  69.5 242.2 69.4 242.3 69.3 242.5 69.1 242.7 69.0 242.9 68.8 243.1 68.6 243.4
  68.4 243.6 68.3 243.9 68.1 244.2 67.9 244.5 67.6 244.5 67.4 244.6 67.2 244.6
  67.0 244.7 66.7 244.8 66.5 244.9 66.2 245.0 66.0 245.1 65.8 245.0 65.5 244.9
  65.3 244.8 65.0 244.7 64.8 244.6 64.6 244.6 64.3 244.5 64.1 244.4 63.8 244.4
  63.6 244.1 63.4 243.8 63.2 243.5
   4  6 77  0.0
  72.5 321.4 72.7 320.1 72.9 318.7 73.0 317.4 73.0 316.0 73.1 314.6 73.1 313.3
  73.0 311.9 72.9 310.5 72.8 309.2 72.7 307.8 72.5 306.4 72.3 305.0 72.1 303.6
  71.7 302.1 71.3 301.1 71.0 300.1 70.7 299.0 70.2 298.0 69.6 297.0 69.1 296.4
  68.6 295.9 67.9 295.3 67.2 295.1 66.5 294.9 65.8 294.6 65.1 294.7 64.4 294.7
  63.7 294.7 63.0 294.8 62.4 294.9 61.7 294.9 61.1 295.0 60.4 295.0 59.8 295.0
  59.2 295.2 58.6 295.3 58.0 295.4 57.4 295.4 56.8 295.7 56.2 295.9 55.6 296.1
  55.1 296.4 54.5 296.7 54.0 297.0 53.4 297.3 52.8 297.6 52.2 297.8 51.4 298.0
  50.7 298.1 49.9 298.1 49.1 297.8 48.4 297.4 47.8 297.0 47.2 296.2 46.8 295.3
  46.4 294.4 45.9 293.4 45.5 292.0 45.0 290.5 44.3 288.9 43.6 287.3 43.0 285.4
  42.5 283.5 42.1 281.6 41.7 279.7 41.3 278.0 40.9 276.3 40.3 274.6 39.8 272.9
  39.3 271.3 38.8 269.5 38.3 267.9 37.9 266.2 37.4 264.8 36.8 263.3 36.3 262.0
  35.8 260.7 35.2 259.3 34.8 257.9 34.3 256.6 33.7 255.5 33.4 254.1 33.0 252.8
  32.7 251.6 32.7 250.4 32.7 249.1 32.6 247.9 33.0 246.7 33.3 245.5 33.6 244.3
  34.0 243.2 34.7 242.2 35.4 241.2 36.2 240.4 37.0 239.6 38.2 238.8 39.4 238.1
  40.6 237.4 41.8 236.8 43.0 236.2 44.1 235.7 45.2 235.2 46.3 234.7 47.4 234.3
  48.5 233.9 49.6 233.4 50.7 233.0 51.8 232.4 52.9 231.8 53.8 230.9 54.7 229.9
  55.6 228.7 56.4 227.3 57.2 225.7 57.8 224.1 58.5 222.5 59.0 220.7 59.6 218.9
  60.0 217.1 60.5 215.2 60.7 213.2 60.9 211.3 60.9 209.3 60.8 207.3 60.5 205.4
  60.3 203.7 59.9 202.0 59.6 200.4 59.2 198.8 58.8 197.4 58.4 196.0 57.9 194.6
  57.4 193.5 56.9 192.4 56.3 191.5 55.7 190.6 55.2 189.8 54.6 189.2 54.0 188.5
  53.3 187.9 52.8 187.3 52.3 186.7 51.7 186.1 51.1 185.6 50.5 185.1 49.9 184.6
  49.2 184.1 48.5 183.6 48.1 183.0 47.6 182.5 47.1 181.8 46.7 181.2 46.2 180.5
  45.7 179.9 45.5 179.1 45.3 178.4 45.0 177.6 44.8 176.9 44.5 176.2 44.2 175.6
  44.1 174.9 44.0 174.3 43.9 173.5 43.8 172.8 43.6 172.1 43.4 171.5 43.5 170.8
  43.5 170.2 43.5 169.6 43.5 169.0 43.5 168.3 43.5 167.7 43.6 167.0 43.7 166.4
  43.9 165.7 44.0 165.0 44.1 164.3 44.1 163.8 44.2 163.2 44.3 162.7 44.3 162.1
  44.3 161.6 44.3 161.0 44.4 160.5 44.4 159.9 44.3 159.3 44.2 158.8 44.1 158.2
  44.0 157.7 43.8 157.0 43.7 156.4 43.6 155.8 43.4 155.1 43.2 154.4 43.1 153.7
  42.9 152.9 42.8 152.2 42.7 151.4 42.7 150.6 42.8 149.9 42.8 149.2 42.8 148.5
  42.8 147.9 42.9 147.3 42.9 146.8 42.9 146.2 43.0 145.7 43.1 145.2 43.1 144.7
  43.2 144.2 43.3 143.7 43.5 143.1 43.6 142.6 43.7 142.1 43.9 141.6 44.0 141.1
  44.1 140.6 44.2 140.0 44.3 139.5 44.4 139.0 44.5 138.5 44.6 138.1 44.7 137.6
  44.9 137.3 45.0 136.9 45.1 136.6 45.2 136.3 45.3 136.0 45.5 135.7 45.6 135.4
  45.8 135.1 46.0 134.9 46.1 134.6 46.3 134.2 46.5 133.9 46.6 133.5 46.7 133.1
  46.9 132.7 47.0 132.4 47.2 132.0
   4  7 77  0.0
  72.5 321.4 72.3 319.9 72.0 318.4 71.7 316.9 71.4 315.6 71.0 314.3 70.5 313.1
  70.0 312.1 69.5 311.3 68.8 310.5 68.1 309.8 67.4 309.2 66.6 308.6 65.9 308.1
  65.2 307.5 64.4 307.0 63.7 306.6 63.0 306.3 62.4 306.1 61.8 305.9 61.2 305.7
  60.7 305.6 60.2 305.5 59.8 305.5 59.5 305.3 59.2 305.2 59.0 305.1 58.8 305.0
  58.6 304.9 58.4 304.8 58.2 304.8 58.0 304.8 57.8 304.8 57.7 304.7 57.5 304.6
  57.4 304.6 57.2 304.6 57.0 304.6 56.9 304.7 56.8 304.8 56.7 304.9 56.6 305.0
  56.6 305.2 56.5 305.4 56.5 305.6 56.5 305.9 56.5 306.2 56.6 306.5 56.6 306.9
  56.7 307.3 56.7 307.7 56.8 308.1 56.9 308.5 56.9 308.8 57.0 309.1 57.1 309.4
  57.2 309.6 57.3 309.8 57.3 309.9 57.4 310.0 57.5 310.1 57.5 310.1 57.6 310.1
  57.6 310.1 57.6 310.0 57.6 309.9 57.6 309.8 57.5 309.6 57.4 309.4 57.3 309.2
  57.2 309.0 57.0 308.7 56.9 308.3 56.7 308.0 56.5 307.6 56.3 307.3 56.1 306.9
  56.0 306.5 55.8 306.2 55.7 305.9 55.6 305.6 55.5 305.4 55.5 305.0 55.4 304.7
  55.4 304.4 55.4 304.0 55.4 303.7 55.5 303.3 55.5 302.9 55.5 302.6 55.6 302.2
  55.5 301.8 55.5 301.5 55.4 301.1 55.4 300.7 55.3 300.3 55.2 299.8 55.2 299.4
  55.2 299.0 55.2 298.5 55.2 298.1 55.2 297.6 55.3 297.1 55.3 296.7 55.4 296.2
  55.5 295.6 55.6 295.1 55.7 294.5 55.8 293.9 56.0 293.3 56.1 292.7 56.3 291.8
  56.2 290.8 56.1 289.9 56.0 288.9 56.0 287.9 55.8 286.9 55.7 285.9 55.6 284.9
  55.5 283.8 55.3 282.7 55.2 281.5 55.0 280.4 54.9 279.3 54.7 278.2 54.5 277.2
  54.3 276.1 54.1 275.1 53.8 274.0 53.6 273.1 53.4 272.2 53.2 271.3 53.0 270.3
  52.8 269.4 52.6 268.5 52.5 267.7 52.2 266.8 52.0 266.0 51.8 265.3 51.5 264.6
  51.3 264.0 51.1 263.3 50.8 262.7 50.5 262.1 50.2 261.5 49.9 261.0 49.6 260.3
  49.3 259.7 49.1 259.1 48.9 258.5 48.7 257.9 48.5 257.3 48.3 256.8 48.1 256.2
  48.0 255.6 47.8 255.0 47.7 254.4 47.5 253.8 47.3 253.3 47.2 252.7 47.1 252.2
  47.1 251.7 47.1 251.2 47.1 250.8 47.1 250.4 47.2 250.0 47.2 249.6 47.3 249.3
  47.3 249.0 47.4 248.7 47.5 248.5 47.6 248.3 47.7 248.2 47.8 248.0 48.0 248.0
  48.1 247.9 48.2 247.5 48.4 247.2 48.5 246.8 48.7 246.5 48.8 246.3 49.0 246.1
  49.1 245.9 49.3 245.8 49.4 245.7 49.6 245.6 49.7 245.6 49.8 245.6 49.9 245.6
  50.0 245.7 50.0 245.8 50.1 245.6 50.2 245.3 50.2 245.1 50.2 244.9 50.2 244.7
  50.2 244.5 50.2 244.4 50.2 244.2 50.2 244.0 50.1 243.8 50.0 243.6 49.9 243.5
  49.8 243.6 49.7 243.8 49.6 244.0 49.6 244.2 49.5 244.5 49.5 244.7 49.5 245.0
  49.4 245.3 49.3 245.5 49.3 245.9 49.2 246.2 49.1 246.5 49.0 246.8 48.9 247.2
  48.8 247.5 48.7 247.8 48.6 248.2 48.5 248.5 48.4 248.7 48.3 248.9 48.1 249.1
  47.9 249.2 47.7 249.4 47.5 249.5 47.3 249.6 47.0 249.6 46.7 249.6 46.4 249.5
  46.0 249.4 45.6 249.2 45.2 248.9 44.8 248.5 44.3 248.1 43.8 247.5 43.6 246.6
  43.4 245.6 43.2 244.4 42.9 243.0
   4  8 77  0.0
  72.5 321.4 71.9 320.6 71.4 320.0 70.8 319.4 70.2 318.8 69.5 318.2 68.8 317.8
  68.1 317.3 67.4 316.9 66.7 316.7 66.0 316.5 65.3 316.3 64.6 316.2 63.8 316.2
  63.2 316.2 62.4 316.2 61.7 316.1 61.0 315.9 59.9 315.8 58.9 315.5 57.9 315.3
  56.8 315.0 55.8 314.7 54.8 314.3 53.9 313.9 53.0 313.3 52.3 312.8 51.7 312.2
  51.2 311.3 50.4 310.5 49.8 309.6 49.4 308.7 49.0 307.7 48.1 306.8 47.3 305.7
  46.7 304.7 46.2 303.6 45.0 302.4 44.1 301.1 43.4 299.6 42.3 298.1 41.4 296.4
  40.7 294.8 39.6 293.2 38.7 291.7 37.5 290.1 36.5 288.6 35.5 286.9 34.5 285.5
  33.4 283.9 32.6 282.4 31.8 280.8 31.1 279.2 30.5 277.5 29.9 275.7 29.3 274.3
  28.8 272.8 28.2 271.1 27.9 269.3 27.6 267.9 27.7 266.4 27.8 265.1 27.8 263.8
  28.0 262.7 28.2 261.4 28.3 260.3 28.3 259.3 28.7 258.4 29.0 257.6 29.4 256.9
  29.9 256.3 30.5 255.8 31.4 255.3 32.3 254.8 33.3 254.2 34.2 253.7 35.0 253.2
  35.9 252.8 36.8 252.5 37.7 252.2 38.7 252.1 39.6 251.9 40.4 251.8 41.3 251.6
  42.1 251.4 43.1 251.1 44.1 250.9 45.1 250.4 46.1 250.0 47.2 249.4 48.3 248.9
  49.4 248.2 50.5 247.6 51.4 246.8 52.4 246.1 53.5 245.3 54.6 244.6 55.7 243.7
  56.6 242.7 57.4 241.6 58.2 240.4 59.1 238.9 59.6 237.4 60.2 235.9 60.6 234.0
  61.0 232.1 61.4 230.1 61.6 228.1 61.9 226.1 61.9 224.1 62.0 222.0 61.8 220.0
  61.6 218.1 61.3 216.2 60.9 214.3 60.3 212.5 59.7 210.8 58.9 209.3 58.0 207.9
  57.0 206.5 55.9 205.3 54.8 204.2 53.7 203.2 52.6 202.4 51.5 201.6 50.4 201.0
  49.4 200.3 48.3 199.8 47.6 199.1 46.8 198.7 46.1 198.2 45.4 197.7 44.6 197.2
  43.9 196.8 43.2 196.5 42.5 196.1 41.8 195.8 41.6 195.4 41.3 195.0 41.1 194.5
  40.9 194.1 40.6 193.6 40.4 193.0 40.1 192.4 39.8 191.8 40.1 191.1 40.3 190.4
  40.5 189.6 40.6 188.9 40.6 188.1 40.5 187.2 40.9 186.4 41.2 185.5 41.5 184.7
  41.7 183.8 42.3 182.9 42.9 182.2 43.5 181.6 44.0 181.0 44.5 180.3 44.9 179.9
  45.5 179.5 46.0 179.2 46.5 178.8 47.0 178.6 47.4 178.4 47.7 178.3 48.1 178.1
  48.4 178.0 48.6 177.9 48.8 177.8 49.0 177.6 49.1 177.4 49.3 177.2 49.3 176.9
  49.4 176.7 49.5 176.4 49.5 176.0 49.5 175.6 49.5 175.2 49.4 174.8 49.4 174.3
  49.3 173.8 49.2 173.3 49.2 172.8 49.1 172.3 49.0 171.7 49.0 171.1 48.9 170.5
  48.8 169.9 48.8 169.3 48.7 168.7 48.6 168.1 48.5 167.5 48.5 166.8 48.5 166.2
  48.6 165.5 48.6 164.8 48.6 164.1 48.6 163.3 48.8 162.5 48.9 161.7 49.1 160.9
  49.2 160.1 49.3 159.3 49.5 158.5 49.6 157.7 49.7 156.9 49.9 156.2 50.1 155.4
  50.2 154.8 50.4 154.1 50.5 153.4 50.7 152.7 50.8 151.9 50.9 151.1 51.0 150.4
  51.1 149.6 51.2 148.9 51.3 148.2 51.4 147.5 51.6 146.8 51.8 146.2 51.9 145.5
  52.1 144.9 52.3 144.2 52.5 143.5 52.6 142.8 52.8 142.1 53.0 141.4 53.2 140.7
  53.5 140.1 53.8 139.5 54.1 139.0 54.4 138.4 54.7 137.9 54.9 137.3 55.2 136.7
  55.5 136.0 55.7 135.3 55.8 134.6
   4  9 77  0.0
  72.5 321.4 72.3 320.9 72.1 320.4 71.8 320.0 71.5 319.4 71.2 318.9 70.8 318.6
  70.3 318.2 69.8 318.0 69.2 317.8 68.5 317.7 67.7 317.6 66.9 317.5 65.9 317.4
  64.9 317.2 63.9 317.0 62.8 316.6 61.7 316.3 60.6 315.7 59.5 315.2 58.3 314.4
  57.0 313.7 55.6 312.8 54.1 311.6 52.9 310.5 51.6 309.1 50.3 307.5 49.2 306.0
  48.0 304.4 46.7 302.8 45.5 301.2 44.4 299.4 43.4 297.6 42.3 295.7 41.4 293.7
  40.5 291.8 39.9 289.8 39.3 287.9 39.3 285.8 39.2 283.8 39.3 281.8 39.5 279.8
  39.9 277.9 40.3 276.1 40.8 274.5 41.7 273.0 42.5 271.5 43.6 270.1 44.7 268.8
  45.7 267.7 46.8 266.5 47.8 265.4 48.9 264.3 49.9 263.3 50.9 262.2 52.0 261.2
  53.1 260.0 54.2 258.8 55.2 257.5 56.2 256.0 57.2 254.4 58.1 252.7 59.0 250.9
  59.8 249.1 60.5 247.2 61.1 245.5 61.7 243.6 62.2 241.8 62.6 240.1 63.1 238.3
  63.4 236.5 63.7 234.8 63.9 233.0 64.1 231.3 64.2 229.6 64.3 228.1 64.3 226.5
  64.3 225.0 64.1 223.5 63.9 222.1 63.7 220.7 63.4 219.4 63.2 218.3 62.9 217.2
  62.5 216.2 62.1 215.2 61.8 214.4 61.4 213.8 60.9 213.2 60.3 212.8 59.6 212.5
  58.8 212.2 57.9 212.0 56.9 211.7 56.0 211.4 55.1 211.1 54.1 210.5 53.1 209.8
  52.0 209.0 51.0 208.2 49.9 207.4 49.1 206.7 48.4 206.0 47.6 205.3 46.9 204.4
  46.2 203.5 45.8 202.5 45.5 201.5 45.2 200.4 44.9 199.3 44.9 198.3 45.0 197.4
  45.0 196.5 45.0 195.6 45.4 194.8 45.8 194.0 46.1 193.3 46.4 192.7 46.6 192.2
  46.8 191.7 47.5 191.2 48.1 190.8 48.8 190.5 49.4 190.3 49.9 190.0 50.5 189.7
  51.0 189.6 51.6 189.5 52.1 189.5 52.6 189.6 53.1 189.8 53.6 190.0 54.1 190.4
  54.7 190.7 55.1 190.9 55.6 191.1 55.9 191.3 56.3 191.4 56.6 191.3 56.8 191.2
  57.0 191.2 57.2 191.1 57.4 190.9 57.5 190.8 57.6 190.7 57.7 190.6 57.8 190.4
  58.0 190.3 58.1 190.1 58.2 190.0 58.3 189.9 58.4 189.8 58.5 189.6 58.6 189.5
  58.7 189.3 58.8 189.1 58.9 188.9 58.9 188.7 59.0 188.4 59.0 188.2 59.0 188.0
  59.0 187.8 59.1 187.7 59.3 187.5 59.4 187.4 59.5 187.2 59.6 187.1 59.7 186.9
  59.7 186.8 59.7 186.7 59.7 186.5 59.7 186.3 59.7 186.2 59.7 186.0 59.7 185.8
  59.7 185.5 59.6 185.3 59.6 185.1 59.6 184.8 59.6 184.5 59.5 184.3 59.5 184.0
  59.5 183.7 59.5 183.4 59.5 183.0 59.5 182.7 59.5 182.4 59.4 182.0 59.4 181.7
  59.3 181.3 59.2 181.0 59.1 180.6 59.0 180.2 58.8 179.9 58.8 179.5 58.8 179.2
  58.8 178.8 58.7 178.4 58.7 178.0 58.6 177.6 58.5 177.2 58.5 176.8 58.4 176.3
  58.3 175.9 58.3 175.5 58.3 175.0 58.4 174.6 58.4 174.1 58.4 173.6 58.4 173.1
  58.4 172.6 58.4 172.0 58.4 171.4 58.5 170.8 58.6 170.2 58.7 169.6 58.7 168.9
  58.8 168.3 58.8 167.7 58.9 167.0 59.0 166.4 59.0 165.7 59.1 165.1 59.2 164.5
  59.2 163.8 59.3 163.2 59.4 162.6 59.5 162.0 59.6 161.4 59.7 160.8 59.8 160.2
  59.9 159.6 60.0 159.0 60.1 158.4 60.2 157.6 60.3 156.9 60.4 156.2 60.5 155.5
  60.8 154.8 61.1 154.2 61.4 153.6
   4 10 77  0.0
  72.5 321.4 72.8 321.6 73.1 321.9 73.4 322.1 73.6 322.3 73.9 322.5 74.1 322.6
  74.3 322.9 74.6 323.2 74.8 323.5 74.9 323.8 75.1 324.2 75.2 324.6 75.3 325.1
  75.3 325.5 75.4 325.9 75.3 326.3 75.3 326.7 75.2 326.9 75.1 327.2 75.0 327.3
  74.9 327.5 74.7 327.5 74.5 327.5 74.2 327.4 74.0 327.2 73.7 326.5 73.4 325.8
  73.0 325.2 72.6 324.6 72.2 324.0 71.7 323.5 71.2 322.9 70.6 322.4 69.9 322.0
  69.2 321.5 68.4 321.2 67.4 321.0 66.4 320.6 65.4 320.3 64.3 319.9 63.2 319.5
  62.1 319.0 60.9 318.5 59.6 317.8 58.4 317.0 57.0 316.1 55.7 315.1 54.1 314.0
  52.6 312.8 51.1 311.4 49.8 309.9 48.6 308.4 47.3 306.8 46.0 305.2 44.8 303.6
  43.6 301.9 42.5 300.2 41.4 298.4 40.4 296.5 39.3 294.6 38.3 292.8 37.3 290.9
  36.7 289.1 36.1 287.1 35.9 285.1 35.7 283.3 35.6 281.4 35.5 279.7 35.7 277.9
  36.0 276.2 36.3 274.7 36.9 273.0 37.6 271.5 38.5 270.0 39.4 268.5 40.4 267.1
  41.5 265.8 42.6 264.5 43.9 263.4 44.9 262.3 46.0 261.3 47.1 260.3 48.2 259.5
  49.1 258.6 50.1 257.8 51.2 256.9 52.2 256.1 53.3 255.0 54.3 253.9 55.2 252.6
  56.1 251.2 56.8 249.8 57.6 248.3 58.2 246.7 58.8 245.1 59.3 243.4 59.6 241.7
  60.0 240.0 60.3 238.3 60.6 236.6 60.8 234.9 60.9 233.2 61.0 231.6 60.9 230.0
  60.7 228.4 60.5 226.9 60.1 225.4 59.7 223.9 59.1 222.5 58.5 221.2 57.9 220.0
  57.1 218.9 56.2 218.0 55.1 217.1 54.1 216.4 52.9 215.7 51.8 215.0 50.6 214.4
  49.5 213.7 48.5 213.3 47.4 212.7 46.4 212.3 45.5 211.9 44.7 211.5 43.9 211.0
  43.2 210.4 42.5 209.7 41.8 208.9 41.1 208.0 40.5 207.1 40.0 206.1 39.5 205.2
  38.9 204.3 38.4 203.3 38.1 202.4 37.9 201.3 37.6 200.3 37.4 199.2 37.4 198.1
  37.4 197.0 37.5 195.8 37.8 194.6 38.1 193.3 38.4 192.1 38.7 190.7 39.2 189.3
  39.7 188.0 40.3 186.6 40.9 185.4 41.5 184.2 42.1 183.0 42.7 182.0 43.3 180.9
  43.9 179.9 44.5 178.9 45.1 178.4 45.8 177.8 46.4 177.2 47.1 176.9 47.7 176.6
  48.3 176.2 48.9 176.0 49.4 175.8 49.8 175.6 50.1 175.4 50.4 175.4 50.8 175.4
  51.2 175.5 51.6 175.6 52.1 175.7 52.6 175.8 53.2 175.8 53.7 175.8 54.4 175.8
  55.1 175.6 55.8 175.5 56.5 175.3 57.3 175.0 58.0 174.7 58.8 174.4 59.6 174.0
  60.3 173.7 61.0 173.1 61.6 172.6 62.2 172.0 62.7 171.1 63.1 170.3 63.6 169.4
  64.1 168.4 64.6 167.3 64.9 166.1 65.3 164.9 65.7 163.7 65.8 162.5 66.0 161.3
  66.2 159.9 66.2 158.4 66.3 156.9 66.3 155.3 66.3 153.7 66.3 152.0 66.3 150.3
  66.1 148.6 65.9 146.9 65.5 145.7 65.1 144.4 64.8 143.1 64.2 141.8 63.6 140.7
  63.0 139.8 62.3 138.9 61.6 138.1 61.0 137.5 60.3 136.9 59.7 136.4 59.0 135.9
  58.2 135.5 57.3 135.1 56.4 134.6 55.6 134.2 54.8 133.6 54.0 132.9 53.2 132.3
  52.6 131.6 51.9 130.7 51.2 129.9 50.6 128.9 50.1 127.8 49.5 126.6 48.9 125.7
  48.4 124.6 48.0 123.5 47.6 122.5 47.2 121.5 46.9 120.4 46.6 119.3 46.7 118.2
  46.7 117.0 46.6 115.8 46.9 114.6
   4 11 77  0.0
  72.5 321.4 72.5 321.8 72.5 322.2 72.6 322.6 72.6 323.1 72.7 323.5 72.8 324.0
  72.8 324.5 72.9 324.9 73.0 325.4 73.1 325.9 73.2 326.5 73.4 327.0 73.5 327.5
  73.6 328.0 73.8 328.5 74.0 329.0 74.1 329.5 74.3 329.8 74.4 330.1 74.6 330.6
  74.7 331.0 74.9 331.6 75.0 332.2 75.0 332.8 75.0 333.5 75.0 334.3 74.9 335.0
  74.9 335.6 74.8 336.3 74.6 336.9 74.3 337.5 74.0 338.0 73.7 338.3 73.3 338.5
  73.0 338.6 72.5 338.6 72.0 338.6 71.4 338.5 70.9 337.9 70.2 337.2 69.6 336.5
  68.9 335.3 68.3 334.1 67.7 333.0 67.1 331.6 66.5 330.3 65.8 329.1 65.0 327.8
  64.4 326.6 63.6 325.5 62.7 324.5 61.8 323.5 60.9 322.5 59.9 321.5 58.9 320.4
  57.8 319.4 56.9 318.1 55.9 316.8 54.9 315.5 53.9 314.2 52.8 312.9 51.7 311.6
  50.8 310.1 49.9 308.6 48.9 307.1 48.0 305.7 47.0 304.2 46.0 302.8 45.2 301.2
  44.3 299.5 43.6 297.9 42.9 296.1 42.1 294.4 41.5 292.7 40.9 291.0 40.6 289.2
  40.2 287.4 40.3 285.6 40.3 283.7 40.6 281.9 40.9 280.0 41.2 278.3 41.7 276.5
  42.1 274.8 42.9 273.3 43.7 271.8 44.7 270.3 45.8 269.0 46.8 267.6 47.9 266.3
  48.9 265.0 50.0 263.7 51.1 262.4 52.2 261.2 53.3 260.0 54.4 258.7 55.4 257.4
  56.5 256.0 57.4 254.5 58.3 253.0 59.2 251.5 60.0 249.8 60.7 248.1 61.5 246.5
  62.1 244.8 62.8 243.1 63.3 241.4 63.9 239.7 64.2 237.9 64.6 236.2 65.0 234.6
  65.2 233.0 65.5 231.3 65.6 229.7 65.7 228.1 65.8 226.6 65.8 225.1 65.9 223.6
  65.9 222.1 65.9 220.7 65.8 219.3 65.8 218.0 65.7 216.8 65.6 215.6 65.6 214.6
  65.5 213.6 65.5 212.7 65.4 211.8 65.4 211.1 65.4 210.4 65.4 209.7 65.4 209.1
  65.3 208.6 65.3 208.0 65.3 207.6 65.2 207.1 65.1 206.7 65.1 206.4 65.0 206.1
  64.9 205.8 64.7 205.5 64.6 205.3 64.4 205.1 64.2 204.9 64.0 204.8 63.8 204.6
  63.5 205.0 63.2 205.2 62.8 205.4 62.3 205.5 61.8 205.6 61.3 206.0 60.7 206.4
  60.0 206.8 59.3 207.1 58.5 207.9 57.7 208.6 56.7 209.4 55.6 209.9 54.5 210.2
  53.4 210.4 52.4 210.4 51.4 210.4 50.4 210.4 49.5 210.3 48.6 210.3 47.7 210.4
  46.9 210.5 46.0 210.6 45.1 210.5 44.2 210.4 43.2 210.4 42.4 210.2 41.5 210.0
  40.6 209.7 39.8 209.4 39.0 208.9 38.2 208.5 37.4 208.1 36.7 207.6 36.2 207.1
  35.7 206.6 35.2 205.9 34.6 205.2 34.1 204.5 33.5 203.7 33.3 202.8 33.2 201.9
  32.9 200.9 32.7 199.8 33.0 198.7 33.4 197.6 33.8 196.4 34.1 195.3 34.8 194.3
  35.5 193.3 36.2 192.4 36.8 191.5 37.4 190.6 38.0 189.6 38.6 188.7 39.1 187.7
  39.7 186.8 40.2 185.8 40.8 184.9 41.3 183.9 41.8 183.0 42.3 182.0 42.7 181.0
  43.2 179.9 43.6 178.8 44.0 177.8 44.4 176.7 44.9 175.8 45.3 174.9 45.8 174.0
  46.3 173.2 46.8 172.4 47.3 171.7 47.8 171.1 48.2 170.5 48.6 170.1 49.1 169.6
  49.6 169.3 50.1 168.9 50.6 168.7 51.1 168.4 51.6 168.2 52.2 167.9 52.3 167.4
  52.5 167.0 52.7 166.6 53.0 166.2 53.3 165.8 53.7 165.5 54.0 165.1 54.5 164.7
  54.9 164.2 55.4 163.7 55.7 163.3
   4 12 77  0.0
  72.5 321.4 72.6 321.0 72.7 320.5 72.8 320.2 72.9 319.8 72.9 319.5 72.9 319.2
  72.9 319.0 72.9 318.9 72.9 318.8 72.9 318.7 72.8 318.7 72.8 318.8 72.7 318.9
  72.7 319.0 72.6 319.2 72.6 319.4 72.6 319.6 72.5 319.9 72.5 320.1 72.5 320.4
  72.5 320.7 72.5 321.1 72.5 321.4 72.5 321.8 72.6 322.2 72.6 322.6 72.6 323.0
  72.7 323.5 72.7 323.9 72.8 324.4 72.9 324.8 73.0 325.3 73.1 325.8 73.2 326.3
  73.3 326.8 73.4 327.3 73.6 327.8 73.7 328.3 73.8 328.8 74.0 329.3 74.1 329.7
  74.3 330.1 74.4 330.4 74.6 330.8 74.7 331.3 74.9 331.9 75.0 332.5 75.0 333.1
  75.0 333.9 75.0 334.6 75.0 335.3 74.9 336.0 74.9 336.6 74.6 337.2 74.3 337.8
  74.0 338.4 73.7 338.8 73.3 339.0 72.9 339.0 72.5 339.1 72.0 339.0 71.5 338.4
  70.9 337.8 70.3 337.1 69.6 336.4 68.9 335.2 68.4 334.0 67.8 332.9 67.1 331.5
  66.6 330.2 65.9 329.0 65.1 327.7 64.5 326.5 63.7 325.5 62.8 324.4 61.9 323.4
  61.0 322.4 60.0 321.5 59.0 320.5 57.9 319.5 57.0 318.2 56.0 317.0 55.0 315.6
  54.0 314.3 52.9 313.2 51.8 311.9 50.9 310.4 50.0 308.9 49.0 307.4 48.1 305.9
  47.1 304.6 46.1 303.1 45.2 301.7 44.3 300.1 43.4 298.4 42.7 296.7 41.9 294.9
  41.3 293.1 40.7 291.4 40.4 289.6 40.0 287.8 40.0 285.9 40.1 284.1 40.1 282.2
  40.4 280.4 40.7 278.6 41.2 276.9 41.6 275.2 42.4 273.5 43.2 272.0 44.2 270.5
  45.3 269.1 46.3 267.7 47.4 266.4 48.5 265.1 49.6 263.9 50.6 262.6 51.8 261.4
  52.8 260.2 53.9 258.9 55.0 257.6 56.0 256.3 57.1 254.8 58.0 253.3 58.9 251.7
  59.6 250.1 60.4 248.4 61.2 246.8 61.8 245.1 62.5 243.3 63.0 241.6 63.5 239.8
  63.9 238.0 64.2 236.3 64.6 234.7 64.8 233.1 65.0 231.4 65.1 229.9 65.2 228.3
  65.4 226.8 65.4 225.2 65.4 223.8 65.4 222.3 65.4 220.9 65.3 219.5 65.3 218.2
  65.2 217.0 65.1 215.9 65.0 214.8 64.9 213.9 64.8 213.0 64.7 212.1 64.6 211.4
  64.5 210.7 64.5 210.0 64.4 209.4 64.4 208.9 64.3 208.3 64.2 207.9 64.1 207.5
  64.0 207.1 63.9 206.7 63.8 206.8 63.6 206.9 63.5 207.0 63.3 207.3 63.1 207.5
  62.9 207.8 62.7 208.2 62.2 208.4 61.6 208.6 61.0 209.0 60.3 209.4 59.5 209.7
  58.7 210.2 57.8 210.6 56.8 211.0 55.7 211.4 54.5 211.6 53.3 211.9 52.0 211.9
  50.7 211.9 49.5 211.7 48.4 211.3 47.3 211.1 46.3 210.7 45.2 210.5 44.3 210.1
  43.4 209.7 42.5 209.2 41.7 208.7 40.8 208.0 40.0 207.3 39.5 206.6 39.0 205.8
  38.5 205.0 38.0 204.2 37.5 203.3 37.3 202.4 37.1 201.4 37.0 200.4 36.9 199.4
  37.0 198.2 37.2 197.1 37.4 195.9 37.7 194.7 38.0 193.5 38.4 192.3 38.9 191.2
  39.4 190.0 39.9 188.8 40.4 187.7 40.8 186.4 41.2 185.0 41.5 183.6 41.8 182.2
  42.1 180.7 42.4 179.3 42.8 177.9 43.1 176.6 43.5 175.2 43.8 173.8 44.1 172.4
  44.4 171.1 44.5 169.8 44.5 168.5 44.5 167.1 44.3 165.8 44.0 164.5 43.7 163.2
  43.2 161.9 42.6 160.7 42.0 159.5 41.4 158.4 40.8 157.0 40.2 155.5 39.6 154.0
  39.1 152.6 38.5 151.3 37.9 149.9
   4 13 77  0.0
  72.5 321.4 72.5 321.3 72.4 321.2 72.4 321.1 72.4 320.9 72.4 320.8 72.4 320.6
  72.4 320.3 72.4 320.1 72.5 319.8 72.5 319.4 72.6 319.1 72.6 318.7 72.7 318.3
  72.8 317.8 72.8 317.4 72.9 316.9 72.9 316.4 73.0 315.9 73.1 315.3 73.1 314.7
  73.2 314.0 73.2 313.3 73.3 312.5 73.3 311.7 73.4 310.8 73.4 310.0 73.4 309.1
  73.4 308.3 73.4 307.5 73.4 306.6 73.3 305.8 73.3 304.9 73.3 304.0 73.2 303.0
  73.2 302.0 73.1 301.0 73.1 299.8 73.0 298.7 72.9 297.6 72.9 296.4 72.9 295.3
  72.8 294.1 72.7 292.8 72.6 291.5 72.4 290.2 72.1 289.0 71.9 287.7 71.6 286.6
  71.3 285.4 71.0 284.3 70.8 283.3 70.5 282.2 70.2 281.2 69.9 280.1 69.7 279.1
  69.3 278.1 68.8 277.1 68.4 276.0 67.9 275.0 67.3 273.9 66.7 272.8 66.1 271.7
  65.4 270.7 64.8 269.6 64.2 268.6 63.7 267.5 63.2 266.4 62.7 265.2 62.3 264.1
  62.0 263.0 61.5 261.9 61.1 260.8 60.7 259.7 60.1 258.6 59.5 257.5 59.0 256.6
  58.5 255.6 58.0 254.7 57.5 253.8 57.1 252.9 56.6 252.0 56.1 251.1 55.5 250.3
  55.0 249.5 54.4 248.8 53.8 248.2 53.2 247.6 52.6 247.0 51.9 246.5 51.3 246.0
  50.6 245.5 49.9 245.1 49.3 244.6 48.6 244.1 47.9 243.7 47.1 243.3 46.3 242.8
  45.4 242.5 44.6 242.0 43.8 241.6 43.0 241.1 42.2 240.6 41.5 240.2 40.7 239.6
  39.8 239.0 38.8 238.3 37.9 237.6 36.9 236.7 36.1 235.7 35.4 234.6 34.8 233.3
  34.2 232.0 33.6 230.7 33.4 229.4 33.1 228.1 32.8 226.8 32.8 225.6 32.7 224.3
  32.7 223.1 32.8 222.0 33.0 220.8 33.2 219.7 33.5 218.5 33.9 217.4 34.3 216.4
  34.8 215.2 35.3 214.0 35.8 212.9 36.4 211.9 37.0 210.8 37.6 209.7 38.2 208.7
  38.8 207.5 39.3 206.3 39.8 205.3 40.3 204.2 40.8 203.0 41.2 201.9 41.6 200.7
  42.1 199.6 42.5 198.5 42.8 197.3 43.2 196.2 43.7 195.2 44.0 194.1 44.4 193.3
  44.8 192.4 45.2 191.6 45.4 190.7 45.5 189.9 45.7 189.0 45.8 188.1 46.0 187.2
  45.9 186.5 45.8 185.5 45.7 184.6 45.7 183.6 45.4 182.7 45.1 181.7 44.8 180.8
  44.5 179.9 44.0 178.9 43.5 178.0 43.0 177.0 42.6 175.9 41.8 174.8 41.1 173.6
  40.4 172.4 39.7 171.2 38.9 170.0 38.1 168.8 37.3 167.5 36.5 166.2 35.8 164.9
  35.1 163.5 34.7 162.1 34.2 160.6 33.7 159.2 33.4 157.9 33.1 156.7 32.7 155.5
  32.6 154.3 32.5 153.1 32.3 152.0 32.3 150.8 32.3 149.7 32.2 148.6 32.1 147.5
  32.3 146.5 32.4 145.5 32.5 144.5 32.6 143.6 33.1 142.7 33.5 141.8 33.9 140.9
  34.4 140.0 34.8 139.1 35.3 138.2 35.8 137.3 36.3 136.4 36.9 135.5 37.4 134.6
  37.9 133.7 38.5 132.9 39.1 132.2 39.7 131.4 40.4 130.7 41.0 130.0 41.7 129.3
  42.4 128.6 43.1 128.0 43.8 127.4 44.3 126.8 44.8 126.4 45.4 125.9 45.9 125.4
  46.5 124.9 47.0 124.5 47.5 124.1 48.0 123.7 48.4 123.5 48.7 123.2 49.1 122.9
  49.4 122.6 49.8 122.4 50.1 122.1 50.5 121.9 50.9 121.7 51.3 121.5 51.6 121.3
  52.0 121.1 52.3 120.9 52.7 120.7 53.0 120.5 53.4 120.3 53.7 120.1 54.0 119.9
  54.1 119.7 54.2 119.6 54.3 119.4
   4 14 77  0.0
  72.5 321.4 72.5 321.6 72.4 321.8 72.4 322.0 72.4 322.2 72.4 322.3 72.4 322.4
  72.4 322.4 72.4 322.5 72.4 322.5 72.4 322.5 72.5 322.4 72.5 322.3 72.5 322.3
  72.6 322.2 72.6 322.1 72.7 322.0 72.7 321.9 72.7 321.8 72.7 321.7 72.7 321.6
  72.7 321.6 72.7 321.5 72.7 321.4 72.7 321.3 72.6 321.2 72.6 321.1 72.6 321.0
  72.6 320.9 72.6 320.7 72.6 320.5 72.6 320.2 72.6 320.0 72.7 319.7 72.7 319.4
  72.8 319.0 72.8 318.6 72.9 318.2 72.9 317.7 73.0 317.3 73.1 316.8 73.1 316.3
  73.2 315.7 73.2 315.1 73.3 314.5 73.4 313.8 73.4 313.1 73.4 312.4 73.5 311.5
  73.5 310.6 73.5 309.7 73.5 308.9 73.5 308.0 73.5 307.2 73.5 306.3 73.4 305.4
  73.4 304.5 73.3 303.5 73.3 302.5 73.2 301.5 73.2 300.4 73.1 299.2 73.1 298.1
  73.0 296.9 72.9 295.7 72.8 294.4 72.7 293.2 72.7 291.9 72.4 290.5 72.2 289.2
  71.9 287.9 71.6 286.7 71.3 285.6 71.0 284.5 70.8 283.4 70.4 282.4 70.1 281.4
  69.8 280.3 69.5 279.4 69.1 278.4 68.6 277.5 68.1 276.5 67.6 275.5 67.0 274.5
  66.4 273.4 65.7 272.4 65.2 271.2 64.5 270.1 63.8 269.1 63.3 267.9 62.7 266.8
  62.2 265.7 61.7 264.6 61.3 263.4 60.9 262.3 60.5 261.2 60.0 260.1 59.6 259.0
  59.0 258.1 58.5 257.1 58.0 256.2 57.5 255.3 57.1 254.4 56.6 253.5 56.1 252.6
  55.7 251.8 55.2 251.0 54.6 250.2 54.0 249.5 53.4 248.8 52.8 248.2 52.3 247.7
  51.6 247.1 50.9 246.6 50.2 246.1 49.5 245.7 48.9 245.2 48.2 244.7 47.5 244.2
  46.8 243.8 46.0 243.3 45.1 242.9 44.3 242.4 43.5 242.0 42.7 241.5 41.9 241.0
  41.1 240.4 40.4 239.8 39.5 239.2 38.5 238.5 37.6 237.8 36.7 236.9 35.9 235.9
  35.3 234.7 34.7 233.4 34.1 232.0 33.5 230.6 33.3 229.3 33.0 228.0 32.8 226.7
  32.7 225.4 32.7 224.2 32.7 223.0 32.8 221.8 33.0 220.7 33.2 219.6 33.6 218.5
  34.0 217.4 34.4 216.4 34.8 215.2 35.3 214.1 35.9 213.1 36.5 212.0 37.1 211.0
  37.7 209.9 38.3 208.9 39.0 207.7 39.4 206.6 39.9 205.5 40.4 204.5 40.9 203.3
  41.3 202.1 41.7 201.0 42.2 199.9 42.5 198.8 42.8 197.6 43.2 196.5 43.7 195.5
  44.0 194.4 44.3 193.5 44.7 192.6 45.1 191.8 45.2 191.0 45.3 190.1 45.5 189.3
  45.6 188.4 45.8 187.5 45.7 186.6 45.5 185.7 45.4 184.8 45.4 183.8 45.0 182.9
  44.7 182.0 44.4 181.0 44.1 180.1 43.8 179.2 43.3 178.1 42.8 177.0 42.3 176.0
  41.6 174.9 40.9 173.7 40.2 172.5 39.4 171.3 38.6 170.1 37.8 168.9 37.0 167.6
  36.3 166.3 35.6 164.9 34.9 163.5 34.4 162.1 33.9 160.6 33.4 159.4 33.2 158.1
  32.9 156.8 32.5 155.6 32.4 154.4 32.3 153.2 32.2 152.0 32.0 150.9 32.0 149.9
  31.9 148.8 31.9 147.7 32.0 146.7 32.1 145.6 32.3 144.6 32.4 143.7 32.8 142.8
  33.3 141.9 33.8 141.1 34.2 140.2 34.6 139.3 35.2 138.4 35.7 137.5 36.3 136.7
  36.8 135.7 37.3 134.8 37.9 133.9 38.4 133.1 39.0 132.3 39.7 131.6 40.3 130.8
  41.0 130.1 41.6 129.5 42.3 128.8 43.0 128.2 43.7 127.6 44.2 127.0 44.7 126.5
  45.3 126.0 45.8 125.6 46.3 125.1
   4 15 77  0.0
  72.5 321.4 72.7 321.3 72.9 321.2 73.1 321.1 73.2 321.1 73.4 321.1 73.5 321.1
  73.5 321.2 73.6 321.3 73.6 321.5 73.7 321.7 73.7 322.0 73.6 322.3 73.6 322.6
  73.6 322.9 73.6 323.3 73.5 323.6 73.5 323.9 73.5 324.2 73.4 324.4 73.4 324.7
  73.3 324.9 73.2 325.1 73.2 325.3 73.1 325.5 73.0 325.6 73.0 325.7 72.9 325.8
  72.9 325.9 72.8 325.9 72.8 325.9 72.7 325.9 72.7 325.9 72.7 325.9 72.7 325.8
  72.6 325.7 72.6 325.6 72.6 325.5 72.6 325.4 72.6 325.2 72.6 325.1 72.6 325.0
  72.5 324.9 72.5 324.7 72.5 324.6 72.4 324.5 72.4 324.4 72.3 324.3 72.2 324.1
  72.2 324.0 72.1 323.9 72.1 323.7 72.1 323.6 72.1 323.4 72.1 323.2 72.1 322.9
  72.1 322.7 72.1 322.4 72.2 322.1 72.2 321.8 72.3 321.4 72.4 321.0 72.4 320.6
  72.5 320.2 72.6 319.7 72.6 319.3 72.7 318.8 72.8 318.3 72.9 317.8 72.9 317.3
  73.0 316.7 73.1 316.0 73.1 315.3 73.2 314.6 73.2 313.9 73.2 313.2 73.2 312.6
  73.3 312.0 73.2 311.5 73.2 310.9 73.2 310.4 73.2 310.0 73.2 309.6 73.2 309.2
  73.1 308.8 73.1 308.5 73.1 308.2 73.0 307.9 73.0 307.7 73.0 307.5 73.0 307.3
  73.0 307.2 73.0 307.2 73.0 307.1 73.0 307.2 73.0 307.3 73.0 307.5 73.0 307.7
  73.0 308.0 73.0 308.3 73.0 308.7 73.1 309.1 73.1 309.5 73.1 310.0 73.2 310.6
  73.3 311.1 73.3 311.7 73.4 312.3 73.5 313.0 73.6 313.7 73.7 314.3 73.8 314.8
  74.0 315.3 74.1 315.7 74.2 315.8 74.4 315.9 74.5 316.0 74.7 316.0 74.8 316.0
  75.0 316.0 75.2 316.0 75.3 315.9 75.5 315.8 75.6 315.7 75.7 315.7 75.8 315.6
  75.9 315.5 76.0 315.4 76.1 315.3 76.2 315.3 76.2 315.3 76.3 315.4 76.4 315.5
  76.4 315.7 76.5 315.8 76.5 316.0 76.5 316.2 76.5 316.4 76.5 316.6 76.5 316.9
  76.4 317.1 76.3 317.3 76.2 317.5 76.1 317.8 76.0 318.0 75.9 317.8 75.7 317.5
  75.5 317.3 75.2 317.1 74.9 316.9 74.6 316.7 74.2 316.5 73.7 316.4 73.2 316.2
  72.7 316.2 72.0 316.1 71.3 316.1 70.5 316.3 69.7 316.4 68.9 316.5 68.0 316.5
  67.1 316.6 66.1 316.6 65.0 316.5 64.0 316.3 62.9 316.0 61.7 315.7 60.4 315.2
  59.1 314.8 57.6 314.1 56.1 313.3 54.6 312.5 53.1 311.3 51.7 309.9 50.4 308.3
  49.0 306.7 47.6 305.1 46.2 303.4 44.9 301.7 43.6 299.9 42.5 297.9 41.3 296.0
  40.3 294.0 39.2 292.0 38.2 290.1 37.5 288.0 36.8 286.0 36.5 284.0 36.5 281.9
  36.4 279.8 36.6 277.8 37.0 275.9 37.7 274.2 38.4 272.6 39.2 270.9 40.2 269.4
  41.3 267.9 42.4 266.6 43.6 265.4 44.8 264.2 46.0 263.1 47.1 262.2 48.2 261.4
  49.4 260.5 50.5 259.7 51.5 258.7 52.5 257.8 53.6 256.7 54.7 255.6 55.6 254.3
  56.5 252.9 57.4 251.5 58.1 249.9 58.8 248.4 59.5 246.7 60.0 245.1 60.4 243.4
  60.8 241.6 61.1 239.8 61.4 238.0 61.6 236.2 61.9 234.5 62.0 232.8 62.1 231.1
  62.0 229.4 61.9 227.7 61.6 226.2 61.2 224.7 60.8 223.2 60.3 221.8 59.7 220.5
  59.2 219.3 58.4 218.2 57.6 217.3 56.7 216.5 55.6 215.7 54.5 215.0 53.3 214.3
  52.1 213.6 50.9 212.8 49.7 212.0
   4 16 77  0.0
  72.5 321.4 72.6 320.9 72.8 320.3 72.9 319.8 73.0 319.3 73.1 318.7 73.2 318.2
  73.3 317.7 73.4 317.1 73.4 316.6 73.5 316.0 73.6 315.5 73.7 314.9 73.7 314.3
  73.8 313.8 73.8 313.2 73.9 312.6 74.0 311.9 74.0 311.3 74.1 310.8 74.2 310.4
  74.2 309.9 74.3 309.3 74.4 308.7 74.5 308.0 74.6 307.2 74.6 306.5 74.7 305.7
  74.7 305.0 74.8 304.3 74.9 303.6 74.9 302.8 75.0 302.0 75.1 301.2 75.2 300.4
  75.3 299.5 75.4 298.6 75.5 297.7 75.5 296.7 75.6 295.6 75.7 294.6 75.7 293.5
  75.8 292.4 75.8 291.2 75.9 290.1 75.9 288.9 75.9 287.7 75.9 286.4 75.9 285.2
  75.8 283.9 75.8 282.6 75.7 281.2 75.6 279.8 75.6 278.4 75.5 276.9 75.4 275.3
  75.3 273.7 75.2 272.1 75.1 270.4 75.0 268.7 74.8 266.9 74.7 265.1 74.6 263.2
  74.5 261.3 74.4 259.3 74.3 257.3 74.1 255.3 74.0 253.2 73.8 251.3 73.7 249.3
  73.6 247.2 73.6 245.0 73.5 242.6 73.4 240.2 73.3 237.9 73.2 235.7 73.2 233.6
  73.1 231.6 73.0 229.6 72.9 227.7 72.8 225.8 72.8 224.0 72.7 222.1 72.7 220.3
  72.6 218.6 72.6 216.8 72.6 215.1 72.6 213.5 72.5 212.0 72.5 210.5 72.5 209.1
  72.5 207.7 72.5 206.4 72.4 205.1 72.4 203.8 72.5 202.6 72.5 201.3 72.5 200.2
  72.5 199.0 72.7 197.9 72.8 196.7 72.9 195.6 73.1 194.5 73.3 193.4 73.5 192.2
  73.6 191.1 73.9 189.9 74.3 188.7 74.6 187.1 75.1 185.4 75.6 183.7 76.1 181.8
  76.7 179.9 77.3 177.9 78.0 175.8 78.6 173.5 79.4 171.4 80.1 169.1 81.0 167.2
  81.8 165.1 82.6 162.7 83.5 161.2 84.3 159.3 85.3 158.8 86.1 158.0 87.2 159.9
  87.9 163.4 88.5 170.3 89.0 188.6 89.1 228.7 88.8 270.5 88.3 283.2 87.6 287.6
  87.0 289.9 86.2 291.4 85.3 292.4 84.6 290.6 83.8 289.3 83.2 286.5 82.5 284.2
  81.7 282.2 81.0 279.2 80.3 276.3 79.6 273.7 79.0 270.3 78.4 266.9 77.8 263.8
  77.3 260.5 76.7 257.2 76.3 254.1 75.8 251.0 75.5 247.8 75.2 244.5 74.9 241.3
  74.6 238.1 74.4 234.9 74.3 231.8 74.1 228.7 74.0 225.7 73.8 222.9 73.7 220.0
  73.5 217.3 73.4 214.7 73.2 212.3 72.9 209.9 72.7 207.7 72.5 205.6 72.2 203.6
  72.0 201.7 71.8 199.7 71.6 197.8 71.5 196.0 71.3 194.3 71.2 192.6 71.2 191.0
  71.2 189.4 71.2 187.8 71.4 186.3 71.6 184.8 71.8 183.2 72.0 181.7 72.3 180.6
  72.6 179.4 73.1 178.1 73.4 176.8 73.8 175.4 74.2 173.9 74.7 172.5 75.2 171.2
  75.6 169.7 76.1 168.1 76.5 166.7 77.0 165.3 77.4 163.8 77.9 162.1 78.2 160.2
  78.6 158.7 79.0 157.1 79.4 155.4 79.7 153.5 80.0 151.5 80.2 149.3 80.5 147.9
  80.8 146.5 81.1 145.0 81.4 143.4 81.6 141.5 81.9 139.5 82.1 137.2 82.4 136.0
  82.7 134.7 82.9 133.2 83.2 131.5 83.5 129.6 83.8 127.5 84.1 125.1 84.4 124.0
  84.8 122.6 85.2 121.0 85.5 118.9 85.8 116.5 86.1 113.5 86.6 113.0 87.0 112.1
  87.4 110.6 87.8 108.3 88.1 104.9 88.5  99.2 88.9  89.2 89.2  69.6 89.6  69.3
  90.0  69.0 89.6 248.7 89.5 229.6 89.4 227.3 89.3 226.2 89.2 225.4 89.0 224.6
  88.8 223.9 88.5 223.2 88.2 222.6
   4 17 77  0.0
  72.5 321.4 72.4 321.2 72.3 321.0 72.3 320.8 72.2 320.6 72.1 320.4 72.1 320.2
  72.0 320.0 71.9 319.7 71.9 318.8 71.8 317.8 71.7 316.8 71.7 315.9 71.7 315.0
  71.6 314.1 71.6 313.2 71.6 312.4 71.6 311.7 71.6 310.9 71.6 310.2 71.6 309.4
  71.6 308.7 71.6 308.0 71.6 307.4 71.6 306.7 71.7 306.0 71.7 305.3 71.7 304.7
  71.7 304.0 71.8 303.3 71.9 302.6 72.0 301.9 72.1 301.2 72.2 300.9 72.2 300.6
  72.3 300.2 72.4 299.8 72.5 299.4 72.5 299.0 72.6 298.5 72.7 298.0 72.8 297.4
  72.8 296.8 72.9 296.2 72.9 295.5 73.0 294.8 73.1 294.0 73.1 293.3 73.1 292.5
  73.2 291.7 73.3 290.9 73.4 290.1 73.5 289.3 73.6 288.5 73.7 287.7 73.8 286.9
  74.0 286.0 74.1 285.2 74.2 284.2 74.3 283.3 74.4 282.3 74.4 281.2 74.5 280.2
  74.6 279.1 74.7 278.1 74.7 277.0 74.8 275.8 74.8 274.7 74.9 273.5 74.9 272.3
  74.9 271.0 74.9 269.7 74.9 268.4 74.9 267.1 74.9 265.7 74.9 264.3 74.9 262.8
  74.9 261.3 74.8 259.7 74.8 258.1 74.8 256.5 74.8 254.7 74.8 252.9 74.8 251.0
  74.8 249.1 74.8 247.1 74.8 245.0 74.8 243.0 74.8 240.8 74.8 238.7 74.8 236.4
  74.8 234.1 74.7 231.7 74.8 229.3 74.8 226.9 74.9 224.4 75.0 221.9 75.2 219.3
  75.4 216.7 75.6 214.2 75.8 211.7 75.9 209.2 76.1 206.8 76.3 204.0 76.5 201.2
  76.7 198.4 76.9 195.6 77.1 192.8 77.3 190.0 77.5 187.1 77.7 184.3 77.9 181.5
  78.1 178.7 78.3 176.2 78.6 173.6 78.9 171.0 79.1 168.4 79.4 165.8 79.6 163.2
  79.9 160.6 80.1 158.0 80.3 155.6 80.5 153.2 80.8 150.8 81.0 148.3 81.2 145.8
  81.3 143.2 81.5 140.7 81.6 138.2 81.7 135.9 81.8 133.6 81.9 131.4 82.0 129.3
  82.1 127.2 82.2 125.0 82.4 122.9 82.4 120.8 82.5 118.7 82.7 116.6 82.8 114.5
  82.9 112.3 83.0 110.2 83.2 108.1 83.3 105.9 83.5 103.6 83.6 101.4 83.8  99.1
  84.0  96.8 84.2  94.5 84.4  91.0 84.7  87.2 84.9  83.0 85.2  78.6 85.4  78.2
  85.6  77.7 85.8  77.3 86.0  76.9 86.4  76.3 86.7  75.7 86.9  75.1 87.2  74.5
  87.4  73.9 87.6  73.3 87.8  72.7 87.9  72.2 88.1  71.6 88.3  71.1 88.5  70.5
  88.8  70.0 89.0  69.5 89.2  68.9 89.5  68.4 89.8  67.9 90.0 247.5 89.2 344.0
  88.7 326.0 88.1 318.1 87.3 314.0 86.7 311.4 85.9 309.7 85.4 307.5 84.8 305.9
  84.1 304.5 83.4 303.3 82.8 302.2 82.2 301.2 81.7 300.4 81.2 299.6 80.8 298.9
  80.3 298.2 79.8 297.7 79.4 297.5 79.1 297.4 78.7 297.3 78.4 297.2 78.0 297.1
  77.6 297.0 77.2 297.2 76.9 297.4 76.5 297.6 76.0 297.8 75.5 298.1 75.1 298.5
  74.6 299.0 74.2 299.6 73.6 300.1 73.1 300.8 72.5 301.4 71.9 302.0 71.3 302.7
  70.7 303.4 70.1 304.1 69.3 304.8 68.5 305.4 67.7 306.1 66.9 306.7 66.0 307.2
  65.0 307.8 64.1 308.3 63.0 308.7 61.9 309.1 60.8 309.1 59.6 309.2 58.4 309.0
  57.1 308.8 55.7 308.2 54.4 307.2 53.1 306.3 51.6 305.0 50.1 303.4 48.7 302.0
  47.3 300.3 45.8 298.4 44.7 296.5 43.4 294.6 42.3 292.7 41.2 290.8 40.4 288.7
  39.6 286.7 39.1 284.5 38.6 282.4
   4 18 77  0.0
  72.5 321.4 72.3 321.3 72.2 321.1 72.0 321.0 71.8 320.9 71.7 320.1 71.5 319.2
  71.4 318.4 71.3 317.6 71.1 316.8 71.0 316.1 70.8 315.3 70.8 314.7 70.8 314.0
  70.7 313.5 70.7 312.9 70.6 312.4 70.6 312.0 70.7 311.5 70.9 311.1 71.1 310.6
  71.2 310.1 71.4 309.7 71.5 309.2 71.7 308.8 71.9 308.3 72.0 307.9 72.3 308.0
  72.6 308.1 72.8 308.2 72.9 308.3 73.0 308.4 73.1 308.4 73.2 308.5 73.3 308.5
  73.4 308.6 73.5 308.6 73.5 308.6 73.6 308.6 73.6 308.5 73.7 308.5 73.7 308.4
  73.8 308.2 73.9 308.1 73.9 307.9 74.0 307.7 74.2 308.0 74.2 308.2 74.3 308.4
  74.4 308.5 74.4 308.6 74.5 308.7 74.6 308.7 74.6 308.8 74.7 308.7 74.7 308.7
  74.8 308.7 74.8 308.6 74.9 308.5 74.9 308.3 75.0 308.2 75.0 308.0 75.1 307.8
  75.1 307.5 75.2 307.2 75.2 306.8 75.3 306.4 75.3 306.0 75.4 305.4 75.4 304.9
  75.5 304.2 75.5 303.5 75.6 302.8 75.6 302.0 75.6 301.2 75.7 300.3 75.7 299.5
  75.8 298.6 75.8 297.7 75.9 296.8 76.0 295.8 76.0 294.8 76.2 293.9 76.3 292.8
  76.4 291.7 76.5 290.6 76.6 289.4 76.6 288.1 76.7 286.8 76.8 285.5 76.8 284.1
  76.8 282.6 76.8 281.1 76.8 279.5 76.9 277.9 76.9 276.2 76.9 274.5 76.8 272.7
  76.8 270.9 76.8 269.1 76.7 267.2 76.7 265.3 76.6 263.3 76.6 261.3 76.5 259.1
  76.5 256.9 76.5 254.6 76.5 252.3 76.5 249.8 76.5 247.2 76.5 244.5 76.5 241.8
  76.5 239.1 76.5 236.4 76.5 233.6 76.5 230.8 76.6 227.8 76.7 224.7 76.8 221.6
  77.0 218.4 77.2 215.0 77.5 211.5 77.7 208.1 77.9 204.6 78.1 201.2 78.2 197.6
  78.4 194.1 78.5 190.7 78.6 187.4 78.7 184.1 78.8 181.0 79.0 177.9 79.1 174.9
  79.2 172.0 79.4 169.2 79.6 166.4 79.7 163.8 79.8 161.2 79.9 158.6 80.1 156.1
  80.2 153.9 80.4 151.6 80.5 149.4 80.6 147.1 80.6 144.8 80.7 142.5 80.7 140.3
  80.7 138.2 80.7 136.3 80.7 134.4 80.6 132.6 80.6 130.9 80.6 129.3 80.6 127.7
  80.5 126.2 80.5 124.7 80.5 123.2 80.5 121.8 80.4 120.4 80.4 119.0 80.4 117.7
  80.4 116.4 80.4 115.1 80.4 113.8 80.4 112.6 80.4 111.4 80.4 110.1 80.5 108.9
  80.5 107.7 80.5 106.5 80.6 105.4 80.7 104.3 80.7 103.2 80.8 102.1 80.9 101.1
  81.0 100.1 81.1  99.2 81.3  98.2 81.4  97.3 81.5  96.4 81.7  95.5 81.9  94.6
  82.0  93.7 82.2  91.9 82.4  90.1 82.5  88.4 82.6  86.7 82.7  85.1 82.8  83.5
  82.9  82.1 83.0  80.7 83.1  79.5 83.1  79.4 83.2  79.2 83.2  79.1 83.2  79.0
  83.3  78.9 83.3  78.8 83.4  78.7 83.4  78.6 83.5  78.5 83.5  78.4 83.6  78.3
  83.6  78.2 83.7  78.1 83.8  78.0 83.8  77.9 83.9  77.8 84.0  77.7 84.0  77.6
  84.1  77.5 84.2  77.3 84.4  77.1 84.5  77.0 84.6  76.8 84.7  76.7 84.8  76.6
  85.0  76.4 85.1  76.3 85.2  76.2 85.4  76.0 85.5  75.8 85.7  75.7 85.8  75.5
  86.0  75.3 86.1  75.1 86.4  74.9 86.6  74.7 86.8  74.4 87.0  74.2 87.2  74.0
  87.4  73.8 87.6  73.6 87.8  73.4 87.9  73.2 88.1  73.1 88.3  72.9 88.6  72.8
  88.8  72.7 89.1  72.6 89.3  72.5
   4 19 77  0.0
  72.5 321.4 72.5 321.7 72.5 322.0 72.6 322.2 72.6 322.5 72.6 322.7 72.6 323.0
  72.6 323.2 72.6 323.4 72.6 323.6 72.5 323.8 72.5 324.0 72.5 324.2 72.4 324.3
  72.3 324.4 72.1 324.5 72.0 324.6 71.9 323.9 71.7 323.2 71.6 322.6 71.5 321.9
  71.3 321.2 71.2 320.5 71.0 319.8 71.0 319.1 70.9 318.4 70.8 317.6 70.7 316.9
  70.5 316.2 70.4 315.5 70.4 314.9 70.4 314.2 70.4 313.7 70.3 313.1 70.3 312.7
  70.2 312.2 70.1 311.8 70.3 311.4 70.5 311.0 70.6 310.6 70.8 310.2 71.0 309.8
  71.1 309.4 71.3 309.0 71.5 308.5 71.6 308.1 71.8 307.7 72.1 307.3 72.4 307.4
  72.8 307.6 73.1 307.8 73.5 307.9 73.8 308.0 73.9 308.1 74.1 308.2 74.2 309.0
  74.4 309.7 74.5 310.4 74.6 311.0 74.7 311.6 74.8 312.2 74.9 312.8 74.9 313.3
  75.0 313.7 75.0 314.1 75.1 314.5 75.2 314.8 75.3 315.0 75.3 315.2 75.4 315.4
  75.5 315.5 75.6 315.6 75.7 315.6 75.8 315.6 75.9 315.5 76.0 315.5 76.1 315.6
  76.3 315.6 76.4 315.7 76.5 315.7 76.6 315.6 76.7 315.5 76.8 315.4 76.9 315.3
  77.0 315.1 77.1 314.9 77.2 314.7 77.3 314.4 77.4 314.0 77.5 313.6 77.6 313.2
  77.6 312.7 77.7 312.1 77.8 311.5 77.9 310.8 78.0 310.1 78.1 309.3 78.1 308.4
  78.2 307.5 78.3 306.5 78.3 305.5 78.4 304.5 78.4 303.4 78.5 302.3 78.5 301.2
  78.5 300.0 78.6 298.8 78.6 297.5 78.7 296.3 78.7 294.9 78.8 293.5 78.9 291.9
  78.9 290.3 79.0 288.5 79.0 286.7 79.0 284.8 79.0 282.7 79.0 280.6 79.0 278.4
  79.0 276.1 79.0 273.8 79.0 271.4 78.9 268.9 78.9 266.4 78.8 263.9 78.8 261.4
  78.7 258.7 78.7 256.0 78.7 253.1 78.7 250.2 78.6 247.2 78.7 244.1 78.7 240.8
  78.7 237.4 78.7 233.9 78.7 230.3 78.8 226.8 78.9 223.2 79.0 219.5 79.1 215.7
  79.2 211.7 79.4 207.5 79.4 203.1 79.5 198.6 79.6 194.2 79.6 189.7 79.6 185.6
  79.6 181.8 79.6 178.2 79.6 174.9 79.6 171.8 79.6 168.8 79.6 166.0 79.6 163.4
  79.7 160.9 79.7 158.5 79.7 156.1 79.8 153.8 79.8 151.6 79.8 149.4 79.8 147.3
  79.8 145.3 79.9 143.4 79.8 141.5 79.8 139.7 79.7 138.0 79.6 136.2 79.5 134.6
  79.3 133.0 79.2 131.4 79.0 130.0 78.9 128.6 78.7 127.3 78.6 126.1 78.4 125.0
  78.3 123.9 78.1 122.8 78.0 121.8 77.9 120.8 77.8 119.8 77.7 118.8 77.6 118.0
  77.6 117.1 77.5 116.3 77.4 115.5 77.4 114.8 77.4 114.1 77.3 113.4 77.3 112.7
  77.3 112.0 77.3 111.4 77.3 110.8 77.3 110.2 77.3 109.6 77.2 109.1 77.2 108.6
  77.3 108.2 77.3 107.8 77.3 107.4 77.3 107.1 77.3 106.8 77.4 106.6 77.4 106.4
  77.4 106.3 77.5 106.2 77.5 106.1 77.6 106.0 77.7 105.9 77.7 105.8 77.8 105.7
  77.8 105.6 77.9 105.4 77.9 105.2 78.0 105.0 78.1 104.8 78.1 104.4 78.2 103.9
  78.2 103.5 78.3 103.0 78.3 102.4 78.4 101.8 78.4 101.2 78.5 100.5 78.5  99.8
  78.5  99.1 78.4  98.3 78.4  97.6 78.4  96.8 78.3  95.9 78.3  95.1 78.2  94.3
  78.1  93.4 78.1  92.6 78.0  91.8 77.9  91.1 77.8  90.4 77.7  89.8 77.6  89.2
  77.5  88.7 77.3  88.2 77.2  87.8
   4 20 77  0.0
  72.5 321.4 72.1 321.5 71.7 321.6 71.3 321.2 71.0 320.7 70.5 320.3 70.1 319.9
  69.7 319.6 69.3 318.8 68.9 318.0 68.4 317.2 68.0 316.5 67.6 315.8 67.3 314.7
  67.1 313.6 66.8 312.5 66.6 311.4 66.6 310.3 66.5 309.3 66.5 308.4 66.4 307.5
  66.6 306.7 66.7 305.9 66.9 305.1 67.0 304.5 67.2 303.9 67.4 303.3 67.7 302.6
  68.0 302.0 68.3 301.6 68.7 301.3 69.0 300.9 69.4 300.5 69.7 300.2 70.1 299.8
  70.6 299.9 71.0 299.9 71.4 300.0 71.9 300.1 72.3 300.1 72.8 300.5 73.3 300.9
  73.8 301.3 74.3 301.7 74.8 302.6 75.3 303.5 75.7 304.5 76.1 305.4 76.6 306.6
  77.0 307.8 77.4 309.1 77.7 310.5 78.0 312.1 78.2 313.8 78.4 315.1 78.6 316.6
  78.7 318.0 78.9 319.5 79.0 321.1 79.0 322.6 79.1 324.1 79.1 325.6 79.1 327.0
  79.1 328.4 79.1 329.7 79.1 331.0 79.1 332.2 79.2 333.4 79.2 334.6 79.2 335.7
  79.2 336.8 79.2 337.9 79.3 339.0 79.3 340.1 79.4 341.1 79.4 342.1 79.5 343.0
  79.6 343.9 79.7 344.7 79.8 345.4 80.0 346.2 80.1 346.9 80.3 346.8 80.5 346.8
  80.7 346.6 80.9 346.4 81.2 346.2 81.4 346.0 81.7 345.8 81.9 345.5 82.2 345.3
  82.5 343.8 82.8 342.2 83.1 340.6 83.4 338.7 83.7 336.8 84.0 334.7 84.3 332.5
  84.6 328.1 85.0 323.3 85.2 318.1 85.5 312.3 85.7 306.1 85.9 299.4 86.0 292.2
  86.1 284.5 86.1 274.1 85.9 263.9 85.8 256.0 85.5 248.6 85.2 241.8 84.8 235.6
  84.3 230.2 83.7 225.6 83.2 222.3 82.6 219.3 81.9 216.5 81.4 214.4 80.8 212.3
  80.1 210.2 79.4 208.2 78.8 206.6 78.1 205.1 77.5 203.7 76.9 202.8 76.4 201.9
  75.8 201.0 75.4 200.5 75.0 200.0 74.6 199.4 74.3 198.9 73.9 198.4 73.6 198.0
  73.3 197.5 73.1 197.0 72.8 196.5 72.6 196.0 72.3 195.5 72.1 194.9 71.9 194.4
  71.6 193.8 71.5 193.2 71.3 192.6 71.1 192.0 70.9 191.4 70.8 190.8 70.6 190.2
  70.4 189.6 70.3 189.0 70.1 188.4 69.9 187.9 69.8 187.3 69.7 186.8 69.5 186.3
  69.4 185.8 69.3 185.3 69.1 184.8 69.0 184.3 68.9 183.8 68.8 183.3 68.7 182.8
  68.7 182.3 68.6 181.8 68.6 181.3 68.6 180.8 68.6 180.3 68.6 179.8 68.7 179.2
  68.7 178.6 68.7 178.0 68.8 177.3 68.8 176.6 68.9 175.9 68.9 175.2 68.9 174.4
  69.0 173.6 69.0 172.7 69.1 171.9 69.0 171.0 69.0 170.1 69.0 169.1 69.1 168.2
  69.1 167.2 69.1 166.2 69.1 165.2 69.1 164.1 69.2 163.1 69.2 162.1 69.2 161.0
  69.2 160.0 69.2 159.0 69.2 158.0 69.2 157.0 69.2 156.0 69.1 155.0 69.1 154.0
  69.0 153.1 69.0 152.2 68.9 151.3 68.8 150.4 68.7 149.5 68.7 148.6 68.6 147.8
  68.4 146.9 68.3 146.1 68.1 145.3 68.0 144.5 67.8 143.8 67.6 143.0 67.4 142.3
  67.2 141.6 66.9 140.9 66.6 140.2 66.3 139.5 66.0 138.9 65.6 138.5 65.3 138.2
  64.9 137.9 64.5 137.6 64.1 137.3 63.7 137.0 63.3 137.0 62.9 137.0 62.5 137.0
  62.1 136.9 61.7 136.9 61.3 136.9 60.9 136.9 60.5 136.9 60.1 136.9 59.7 136.8
  59.4 136.7 59.1 136.6 58.8 136.5 58.5 136.4 58.2 136.2 57.9 136.1 57.7 135.9
  57.4 135.7 57.1 135.5 56.8 135.3
   4 21 77  0.0
  72.5 321.4 72.1 321.8 71.7 322.1 71.3 322.2 71.0 322.3 70.6 322.4 70.1 322.4
  69.7 322.5 69.3 322.3 68.9 322.1 68.5 321.9 68.1 321.7 67.7 321.5 67.4 321.3
  67.0 321.0 66.7 320.7 66.4 320.4 66.1 320.0 65.8 319.6 65.5 319.1 65.3 318.6
  65.0 318.1 64.7 317.5 64.5 316.9 64.3 316.3 64.0 315.6 63.8 314.8 63.7 314.2
  63.6 313.6 63.5 312.9 63.4 312.2 63.3 311.4 63.4 310.5 63.5 309.7 63.6 308.7
  63.6 307.7 63.9 306.7 64.2 305.5 64.5 304.3 64.7 303.0 65.1 301.9 65.5 300.7
  65.9 299.6 66.4 298.6 66.9 297.7 67.4 296.9 67.9 296.2 68.4 295.4 68.9 295.0
  69.5 294.6 69.9 294.1 70.4 293.7 70.9 293.6 71.4 293.5 71.8 293.4 72.2 293.3
  72.7 293.6 73.1 293.9 73.5 294.2 73.9 294.6 74.2 295.0 74.6 295.8 74.9 296.6
  75.4 297.4 75.8 298.3 76.2 299.2 76.6 300.1 77.0 301.0 77.4 302.0 77.8 303.1
  78.2 304.3 78.5 305.2 78.9 306.2 79.2 307.3 79.5 308.5 79.7 309.8 80.0 311.1
  80.2 312.6 80.4 313.4 80.5 314.1 80.7 314.9 80.8 315.7 81.0 316.6 81.1 317.4
  81.2 318.3 81.2 319.1 81.3 320.0 81.4 320.9 81.5 321.8 81.5 322.7 81.6 323.6
  81.7 324.5 81.8 325.5 81.8 326.4 81.9 327.4 82.0 328.3 82.0 329.3 82.1 328.8
  82.2 328.3 82.4 327.7 82.5 327.1 82.6 326.3 82.7 325.5 82.9 324.6 83.0 323.6
  83.2 322.6 83.3 321.4 83.5 320.1 83.6 318.7 83.8 317.1 83.9 315.4 84.1 313.6
  84.2 309.7 84.4 305.5 84.5 301.1 84.6 296.3 84.7 291.2 84.7 285.8 84.7 280.2
  84.6 274.5 84.4 268.7 84.2 263.0 83.9 257.7 83.7 253.8 83.4 250.1 83.1 246.7
  82.7 243.7 82.3 240.9 81.8 238.3 81.5 236.8 81.1 235.5 80.7 234.1 80.3 232.9
  79.9 231.7 79.5 231.4 79.2 231.0 78.8 230.5 78.5 230.0 78.2 229.3 77.9 228.5
  77.7 228.4 77.4 228.3 77.2 228.1 77.0 227.8 76.8 227.4 76.5 227.0 76.3 226.5
  76.1 226.0 75.9 225.5 75.7 225.5 75.5 225.6 75.3 225.6 75.2 225.5 75.0 225.5
  74.8 225.5 74.6 225.4 74.4 225.3 74.2 225.3 74.0 225.1 73.8 224.9 73.7 224.9
  73.5 224.9 73.3 224.8 73.2 224.7 73.0 224.5 72.9 224.3 72.8 224.0 72.6 223.7
  72.5 223.4 72.4 223.0 72.3 222.5 72.1 222.1 72.0 221.7 72.0 221.2 71.9 221.1
  71.8 221.1 71.7 221.0 71.7 220.9 71.6 220.8 71.6 220.8 71.5 220.7 71.5 220.7
  71.5 220.6 71.4 220.4 71.4 220.2 71.4 220.0 71.4 219.8 71.4 219.4 71.4 219.1
  71.5 218.7 71.5 218.3 71.6 217.9 71.6 217.4 71.7 216.9 71.7 216.4 71.8 215.8
  71.9 215.2 71.9 214.5 72.0 213.8 72.1 212.5 72.1 211.2 72.2 209.9 72.2 208.6
  72.3 207.3 72.4 206.1 72.5 204.9 72.5 203.7 72.7 202.5 72.8 201.4 72.9 200.3
  73.0 199.2 73.2 198.1 73.4 197.0 73.6 195.8 73.8 194.7 74.0 193.5 74.2 192.2
  74.4 190.4 74.7 188.6 75.1 186.7 75.4 184.8 75.8 182.9 76.2 180.9 76.7 178.9
  77.2 176.7 77.7 174.5 78.3 172.2 78.9 170.0 79.5 167.7 80.1 165.3 80.8 163.2
  81.4 160.9 82.0 158.4 82.7 156.4 83.4 154.2 84.0 151.6 84.8 149.7 85.4 147.3
  86.0 144.1 87.0 142.1 87.6 138.8
   4 22 77  0.0
  72.5 321.4 72.4 321.7 72.3 322.0 72.2 322.3 72.1 322.6 71.9 322.8 71.8 322.9
  71.6 323.0 71.4 323.0 71.3 323.0 71.1 323.0 70.9 323.0 70.7 323.0 70.4 322.9
  70.2 322.9 69.9 322.9 69.6 322.6 69.4 322.3 69.1 322.0 68.8 321.7 68.6 321.5
  68.3 321.3 68.0 321.0 67.8 320.8 67.6 320.5 67.4 320.2 67.2 319.9 66.9 319.6
  66.6 319.2 66.3 318.9 66.1 318.5 65.9 318.1 65.7 317.5 65.5 317.0 65.3 316.4
  65.1 315.8 65.0 315.2 64.8 314.6 64.6 313.9 64.5 313.2 64.3 312.4 64.1 311.6
  64.0 310.8 63.9 309.9 63.8 309.0 63.7 308.1 63.6 307.1 63.6 305.9 63.6 304.7
  63.6 303.4 63.7 302.1 63.8 300.8 63.9 299.6 64.1 298.4 64.3 297.3 64.5 296.2
  64.8 295.2 64.9 294.1 65.1 293.1 65.3 292.1 65.5 291.1 65.4 290.2 65.4 289.3
  65.4 288.6 65.5 287.9 65.3 287.2 65.2 286.6 65.0 286.0 64.9 285.4 64.8 284.8
  64.8 284.1 64.8 283.5 64.5 282.9 64.3 282.2 64.1 281.6 63.9 281.0 63.7 280.4
  63.6 279.8 63.1 279.2 62.7 278.5 62.2 277.9 61.9 277.3 61.6 276.6 61.3 275.8
  60.8 275.1 60.2 274.5 59.7 273.8 59.3 273.0 58.9 272.3 58.6 271.5 58.0 270.7
  57.4 270.0 56.9 269.2 56.4 268.5 56.0 267.8 55.4 267.2 54.8 266.6 54.3 266.0
  53.9 265.4 53.5 264.8 53.1 264.1 52.8 263.5 52.3 262.9 51.8 262.3 51.4 261.7
  51.1 261.1 50.7 260.6 50.5 260.1 50.2 259.6 49.9 259.1 49.6 258.6 49.3 258.0
  49.1 257.4 48.9 256.9 48.7 256.3 48.5 255.7 48.1 255.1 47.8 254.5 47.6 254.1
  47.4 253.6 47.2 253.1 47.0 252.5 46.9 252.0 46.5 251.4 46.2 250.8 45.9 250.2
  45.7 249.8 45.5 249.3 45.3 248.8 45.2 248.3 45.1 247.8 44.8 247.3 44.5 246.8
  44.2 246.2 44.0 245.6 43.8 245.2 43.7 244.8 43.6 244.4 43.5 244.0 43.4 243.6
  43.2 243.2 43.0 242.7 42.9 242.3 42.8 241.8 42.7 241.3 42.7 240.8 42.7 240.2
  42.7 239.6 42.5 238.9 42.3 238.1 42.2 237.3 42.1 236.4 42.0 235.5 41.8 234.5
  41.6 233.8 41.4 233.1 41.2 232.4 41.1 231.7 40.9 230.9 40.7 230.1 40.6 229.2
  40.5 228.3 40.4 227.4 40.3 226.3 40.3 225.2 40.3 224.1 40.3 222.8 40.1 221.5
  40.0 220.2 39.8 219.1 39.4 217.9 39.0 216.7 38.7 215.3 38.3 213.9 37.9 212.4
  37.6 211.3 37.4 210.2 37.1 209.0 36.9 207.8 36.7 206.6 36.4 205.4 36.2 204.1
  35.9 202.8 35.6 201.8 35.4 200.8 35.1 199.8 34.8 198.8 34.5 197.7 34.2 196.7
  34.0 195.6 33.6 194.8 33.3 194.0 33.0 193.2 32.6 192.3 32.3 191.5 31.9 190.7
  31.6 190.2 31.2 189.7 30.9 189.2 30.6 188.7 30.3 188.3 30.0 187.8 29.7 187.5
  29.5 187.2 29.3 186.9 29.1 186.6 28.9 186.3 28.7 186.0 28.5 185.6 28.4 185.2
  28.2 184.8 28.1 184.3 28.0 183.9 27.8 183.6 27.6 183.3 27.5 183.1 27.3 182.8
  27.2 182.6 27.0 182.3 26.9 182.0 26.7 181.7 26.6 181.4 26.4 181.1 26.3 180.8
  26.2 180.5 26.1 180.2 25.9 179.9 25.8 179.9 25.6 179.9 25.4 179.9 25.3 179.9
  25.1 179.9 24.9 179.9 24.8 179.9 24.6 179.9 24.5 179.9 24.3 179.9 24.1 179.9
  24.0 179.9 23.9 180.1 23.8 180.3
   4 23 77  0.0
  72.5 321.4 72.3 321.4 72.1 321.4 71.9 321.5 71.7 321.3 71.5 321.2 71.3 321.1
  71.1 321.0 70.9 321.0 70.7 320.9 70.5 320.9 70.3 320.8 70.1 320.8 69.9 320.8
  69.7 320.6 69.5 320.4 69.3 320.2 69.2 320.1 69.0 319.9 68.8 319.7 68.6 319.6
  68.3 319.5 68.1 319.3 67.9 319.2 67.7 319.0 67.5 318.8 67.3 318.5 67.2 318.2
  67.0 317.8 66.8 317.5 66.6 317.1 66.4 316.6 66.2 316.2 66.0 315.7 65.8 315.1
  65.6 314.6 65.4 314.0 65.2 313.3 65.0 312.7 64.8 312.0 64.7 311.3 64.6 310.5
  64.4 309.8 64.3 309.0 64.1 308.2 64.0 307.4 63.9 306.7 63.9 306.0 63.8 305.3
  63.8 304.5 63.7 303.7 63.7 302.8 63.8 302.0 63.8 301.1 63.8 300.2 63.8 299.3
  64.0 298.4 64.1 297.5 64.2 296.8 64.3 296.1 64.4 295.4 64.7 294.8 65.0 294.2
  65.2 293.6 65.5 293.0 65.7 292.4 65.9 291.8 66.2 291.3 66.5 291.2 66.7 291.1
  67.0 291.1 67.3 291.1 67.6 291.1 67.8 291.2 68.1 291.2 68.5 291.3 68.8 291.4
  69.2 291.4 69.6 291.4 70.0 291.4 70.5 291.7 71.0 292.0 71.5 292.2 72.2 292.4
  72.9 293.0 73.6 293.5 74.2 294.1 74.9 295.0 75.4 296.0 75.9 297.2 76.3 298.4
  76.7 299.7 77.1 301.1 77.4 302.5 77.7 304.0 78.0 305.6 78.3 306.7 78.6 307.8
  78.9 308.9 79.2 310.1 79.5 311.4 79.8 312.7 80.1 314.1 80.4 314.5 80.7 314.8
  81.0 315.1 81.3 315.4 81.6 315.7 81.9 316.0 82.2 316.3 82.5 314.8 82.7 313.1
  83.0 311.5 83.2 309.7 83.4 307.8 83.5 305.8 83.6 303.8 83.7 301.7 83.8 299.6
  83.8 297.6 83.8 295.4 83.8 293.3 83.8 291.1 83.7 288.8 83.7 286.5 83.6 284.1
  83.5 281.7 83.4 279.3 83.2 276.9 83.1 274.5 82.9 272.2 82.7 270.0 82.4 267.8
  82.2 265.6 81.9 263.6 81.7 262.0 81.4 260.5 81.1 259.0 80.8 257.5 80.4 256.0
  80.1 254.6 79.7 253.2 79.3 252.1 79.0 250.9 78.6 249.8 78.2 248.6 77.8 247.6
  77.4 246.8 77.1 246.0 76.7 245.2 76.4 244.4 76.1 243.7 75.7 242.9 75.4 242.3
  75.0 241.8 74.7 241.2 74.4 240.6 74.0 240.1 73.7 239.6 73.3 239.1 72.9 238.6
  72.6 238.1 72.2 237.7 71.9 237.3 71.6 236.8 71.3 236.3 71.0 235.8 70.6 235.3
  70.3 234.8 69.9 234.3 69.6 233.8 69.3 233.3 69.0 232.8 68.8 232.3 68.5 231.7
  68.1 231.2 67.8 230.8 67.5 230.2 67.1 229.6 66.8 229.0 66.5 228.4 66.1 227.8
  65.7 227.2 65.3 226.7 64.9 226.3 64.5 225.9 64.1 225.5 63.7 225.2 63.3 224.9
  62.9 224.6 62.5 224.4 62.1 224.1 61.7 223.9 61.3 223.7 61.0 223.6 60.6 223.4
  60.2 223.2 59.8 223.0 59.4 222.8 59.0 222.5 58.6 222.2 58.1 221.9 57.7 221.6
  57.2 221.1 56.7 220.7 56.2 220.2 55.7 219.7 55.0 219.0 54.2 218.3 53.5 217.5
  52.8 216.5 52.0 215.4 51.3 214.2 50.7 212.6 50.1 210.8 49.7 208.9 49.4 207.1
  49.2 205.2 48.9 203.4 48.7 201.6 48.4 199.9 48.2 198.3 47.9 196.9 47.5 195.6
  47.1 194.3 46.6 193.2 46.0 192.2 45.3 191.1 44.5 190.1 43.7 189.2 42.8 188.0
  41.9 186.8 41.2 185.3 40.5 183.8 40.1 182.3 39.6 180.9 39.1 179.3 38.9 177.7
  38.8 176.2 38.6 174.6 38.8 173.1
   4 24 77  0.0
  72.5 321.4 72.3 321.2 72.1 321.0 71.9 320.9 71.7 320.7 71.5 320.5 71.3 320.4
  71.1 320.2 70.8 320.1 70.6 319.9 70.3 319.8 70.0 319.7 69.7 319.2 69.4 318.7
  69.1 318.2 68.7 317.7 68.4 317.2 68.1 316.8 67.8 316.4 67.5 315.7 67.1 315.0
  66.7 314.3 66.4 313.7 66.0 313.1 65.7 312.4 65.3 311.8 65.0 311.2 64.7 310.6
  64.3 310.1 64.0 309.5 63.7 309.0 63.5 308.4 63.2 307.8 63.1 307.3 62.9 306.7
  62.8 306.0 62.7 305.4 62.5 304.7 62.4 304.0 62.5 303.2 62.6 302.4 62.6 301.6
  62.7 300.7 62.7 299.8 62.8 298.9 63.0 297.9 63.1 296.9 63.2 295.9 63.5 294.9
  63.8 293.8 64.1 292.8 64.4 292.1 64.7 291.4 65.0 290.6 65.4 289.9 65.8 289.2
  66.1 288.5 66.5 288.1 66.9 287.7 67.3 287.4 67.8 287.0 68.2 286.8 68.7 286.6
  69.2 286.4 69.6 286.2 70.1 286.0 70.7 286.0 71.2 286.0 71.7 286.0 72.2 286.0
  72.7 286.3 73.2 286.7 73.7 287.2 74.2 287.8 74.6 288.7 75.0 289.6 75.4 290.7
  75.7 291.9 76.0 293.3 76.3 294.8 76.6 296.5 76.8 298.3 77.0 300.2 77.0 302.3
  77.1 304.5 77.1 306.7 77.1 309.0 77.0 311.1 77.0 313.2 76.8 315.1 76.7 316.8
  76.6 318.3 76.4 319.7 76.3 320.9 76.2 322.0 76.1 323.1 76.0 324.1 75.9 324.7
  75.8 325.3 75.8 325.8 75.7 326.4 75.7 326.9 75.7 327.4 75.6 327.9 75.6 328.4
  75.6 328.9 75.6 329.4 75.6 329.9 75.5 330.5 75.5 331.0 75.5 331.5 75.6 332.0
  75.5 332.5 75.5 333.0 75.5 333.5 75.5 334.0 75.5 334.5 75.5 335.0 75.5 335.5
  75.5 336.0 75.4 336.5 75.4 336.9 75.3 337.4 75.3 337.8 75.2 338.3 75.2 338.7
  75.1 339.1 75.1 339.5 75.0 339.9 74.9 340.3 74.9 340.7 74.9 341.1 74.8 341.4
  74.8 341.8 74.8 342.2 74.8 342.5 74.8 342.8 74.7 343.0 74.7 343.3 74.7 343.5
  74.7 343.8 74.7 344.0 74.7 344.2 74.7 344.4 74.8 344.5 74.8 344.7 74.8 344.9
  74.8 345.1 74.8 345.4 74.8 345.7 74.8 346.0 74.8 346.3 74.8 346.6 74.8 347.0
  74.7 347.3 74.7 347.7 74.7 348.1 74.6 348.5 74.5 349.0 74.5 349.4 74.5 349.8
  74.4 350.3 74.4 350.8 74.4 351.3 74.4 351.8 74.4 352.3 74.4 352.8 74.5 353.4
  74.5 354.0 74.5 354.6 74.6 355.2 74.6 355.7 74.7 356.3 74.7 356.9 74.8 357.5
  74.8 358.0 74.9 358.6 74.9 359.1 75.0 359.6 75.1   0.0 75.1   0.1 75.2   0.2
  75.3   0.4 75.3   0.5 75.4   0.6 75.5   0.7 75.6   0.8 75.7   0.9 75.9   1.0
  76.0   1.1 76.1   1.2 76.3   1.3 76.4   1.4 76.6   1.6 76.7   1.7 76.9   1.8
  77.0   1.9 77.1   1.9 77.3   2.0 77.4   2.1 77.6   2.1 77.7   2.1 77.8   2.1
  78.0   2.2 78.1   2.1 78.3   2.1 78.4   2.0 78.6   1.9 78.7   1.8 78.9   1.7
  79.0   1.6 79.2   1.4 79.3   1.3 79.5   1.1 79.6   1.0 79.8   0.8 79.9   0.6
  80.1   0.4 80.3   0.2 80.4 359.9 80.6 358.4 80.8 356.7 81.0 355.0 81.2 353.2
  81.4 351.3 81.6 349.3 81.8 347.1 82.0 344.7 82.2 342.1 82.4 339.3 82.6 336.2
  82.7 333.0 82.8 329.6 82.9 326.1 83.0 322.4 83.0 318.5 83.0 314.5 83.0 310.3
  83.0 306.0 82.9 301.7 82.8 297.2
   4 25 77  0.0
  72.5 321.4 72.2 321.3 72.0 321.3 71.8 321.3 71.5 321.3 71.3 321.3 71.0 321.3
  70.7 321.3 70.4 321.3 70.1 321.2 69.8 321.2 69.5 321.1 69.3 320.9 69.0 320.8
  68.7 320.6 68.4 320.4 68.2 320.2 67.9 319.9 67.6 319.6 67.3 319.2 67.0 318.7
  66.7 318.3 66.4 317.8 66.2 317.2 65.9 316.6 65.8 315.9 65.5 315.2 65.2 314.5
  65.0 313.7 64.7 312.8 64.5 312.0 64.2 311.1 63.9 310.2 63.7 309.3 63.5 308.5
  63.3 307.6 63.1 306.7 63.0 305.7 62.8 304.8 62.7 303.8 62.7 302.7 62.7 301.6
  62.7 300.6 62.8 299.5 63.0 298.3 63.2 297.2 63.4 296.1 63.6 294.9 63.9 293.8
  64.2 292.6 64.5 291.2 64.8 289.7 65.2 288.3 65.6 286.9 66.0 285.6 66.5 284.3
  67.0 283.0 67.5 281.6 68.0 280.3 68.6 279.0 69.1 277.6 69.5 276.2 70.0 274.8
  70.4 273.5 70.8 272.2 71.3 270.9 71.7 269.6 72.1 268.3 72.6 267.1 73.0 265.7
  73.4 264.3 73.8 262.7 74.1 261.1 74.5 259.5 74.8 257.8 75.1 256.0 75.2 254.1
  75.4 252.2 75.6 250.2 75.7 248.3 75.8 246.3 75.8 244.4 75.8 242.5 75.8 240.7
  75.8 238.8 75.8 237.0 75.8 235.3 75.7 233.6 75.7 232.1 75.6 230.6 75.5 229.2
  75.4 227.9 75.3 226.7 75.2 225.6 75.0 224.5 74.9 223.6 74.7 222.7 74.5 221.9
  74.2 221.2 74.0 220.5 73.8 219.6 73.5 218.7 73.3 217.9 73.1 217.1 72.8 216.4
  72.6 215.7 72.3 215.1 72.0 214.5 71.7 213.9 71.5 213.2 71.2 212.4 70.9 211.7
  70.6 211.1 70.2 210.5 69.8 209.9 69.5 209.3 69.1 208.7 68.7 208.1 68.4 207.6
  68.0 207.1 67.6 206.5 67.2 206.0 66.9 205.5 66.5 205.0 66.1 204.6 65.7 204.1
  65.4 203.7 65.0 203.4 64.5 203.0 64.1 202.7 63.7 202.4 63.3 202.2 62.8 202.1
  62.4 202.0 61.9 201.9 61.4 201.7 61.0 201.5 60.5 201.3 60.1 201.1 59.7 200.8
  59.3 200.1 58.9 199.5 58.5 198.7 58.2 197.9 57.8 197.0 57.6 195.8 57.3 194.5
  57.0 193.2 56.8 191.9 56.6 190.5 56.4 189.1 56.3 187.6 56.1 186.0 55.9 184.5
  55.8 182.7 55.7 181.0 55.5 179.3 55.4 177.7 55.3 176.1 55.2 174.5 55.1 172.9
  55.0 171.4 54.9 169.9 54.8 168.4 54.7 166.9 54.7 165.4 54.6 163.9 54.6 162.4
  54.6 160.9 54.5 159.4 54.5 157.9 54.6 156.4 54.6 154.9 54.6 153.4 54.6 152.0
  54.5 150.6 54.5 149.3 54.4 148.0 54.3 146.7 54.1 145.5 53.9 144.4 53.7 143.3
  53.5 142.2 53.3 141.3 53.1 140.4 52.8 139.6 52.6 138.9 52.3 138.1 52.0 137.4
  51.7 136.8 51.4 136.1 51.1 135.4 50.7 134.8 50.2 134.2 49.7 133.6 49.3 132.9
  48.8 132.3 48.3 131.6 47.8 131.0 47.3 130.2 46.9 129.5 46.4 128.7 46.0 127.9
  45.2 127.0 44.5 126.2 43.7 125.3 43.0 124.3 42.5 123.2 41.9 122.1 41.5 120.9
  41.1 119.7 40.7 118.5 40.3 117.2 39.9 115.9 39.6 114.6 39.3 113.3 39.0 111.9
  39.0 110.4 39.0 109.0 39.0 107.5 39.2 106.1 39.4 104.8 39.6 103.5 39.8 102.3
  40.1 101.1 40.4  99.7 40.7  98.4 41.1  97.2 41.5  96.1 41.9  95.2 42.4  94.2
  43.0  93.4 43.5  92.5 44.1  91.7 44.6  91.1 45.2  90.5 45.9  89.9 46.6  89.3
  47.3  88.9 48.1  88.5 48.9  88.3
   4 26 77  0.0
  72.5 321.4 72.1 321.2 71.7 321.1 71.4 321.2 71.0 321.3 70.6 321.4 70.2 321.5
  69.8 321.6 69.4 321.9 69.0 322.2 68.6 322.4 68.2 322.7 67.9 323.0 67.5 323.4
  67.2 323.7 66.8 324.1 66.6 324.4 66.4 324.6 66.1 324.9 65.9 325.1 65.7 325.3
  65.5 325.5 65.3 325.7 65.0 325.9 64.8 326.0 64.6 326.1 64.4 326.2 64.3 326.3
  64.1 326.3 64.0 326.3 63.8 326.4 63.7 326.5 63.6 326.6 63.6 326.6 63.5 326.6
  63.4 326.7 63.4 326.7 63.3 326.7 63.3 326.7 63.2 326.6 63.2 326.6 63.2 326.6
  63.1 326.6 63.1 326.5 63.1 326.5 63.1 326.4 63.1 326.4 63.1 326.3 63.1 326.3
  63.1 326.2 63.1 326.2 63.1 326.1 63.1 326.0 63.2 326.0 63.2 325.9 63.2 325.8
  63.3 325.7 63.3 325.7 63.4 325.6 63.4 325.5 63.5 325.4 63.5 325.4 63.6 325.3
  63.6 325.3 63.7 325.3 63.7 325.3 63.8 325.4 63.8 325.5 63.8 325.6 63.9 325.7
  63.9 325.9 63.9 326.1 64.0 326.4 64.0 326.7 64.0 327.0 64.0 327.0 64.0 327.0
  64.0 327.0 64.0 327.0 64.0 327.0 63.9 327.3 63.9 327.6 63.9 327.9 63.8 328.1
  63.7 328.4 63.6 328.6 63.5 328.8 63.4 329.0 63.3 329.1 63.2 329.2 63.1 329.2
  63.0 329.2 62.9 329.2 62.8 329.1 62.7 329.0 62.6 328.8 62.5 328.6 62.4 328.4
  62.2 328.2 62.1 328.0 62.0 327.9 61.9 327.8 61.8 327.7 61.7 327.6 61.6 327.5
  61.5 327.4 61.4 327.3 61.3 327.3 61.2 327.2 61.1 327.1 61.1 327.0 61.0 326.9
  61.0 326.8 61.0 326.6 61.0 326.5 61.0 326.3 61.1 326.1 61.2 325.9 61.4 325.7
  61.5 325.4 61.7 325.2 61.9 324.9 62.1 324.6 62.3 324.5 62.5 324.5 62.6 324.4
  62.7 324.3 62.8 324.2 62.9 324.2 63.0 324.1 63.0 324.0 63.0 323.9 63.0 323.8
  63.0 323.7 62.9 323.6 62.9 323.5 62.9 323.5 62.8 323.4 62.8 323.4 62.7 323.4
  62.6 323.4 62.6 323.4 62.5 323.4 62.4 323.4 62.3 323.5 62.3 323.6 62.2 323.6
  62.2 323.7 62.1 323.9 62.1 324.0 62.1 324.1 61.9 324.2 61.8 324.5 61.7 324.7
  61.5 324.9 61.4 325.1 61.2 325.3 61.1 325.5 60.9 325.7 60.7 325.9 60.5 326.0
  60.3 326.2 60.0 326.3 59.8 326.5 59.5 326.6 59.1 326.7 58.8 326.9 58.3 327.1
  57.9 327.4 57.4 327.3 56.9 327.3 56.3 327.3 55.7 327.3 55.0 326.8 54.2 326.4
  53.3 326.0 52.5 325.1 51.5 324.3 50.6 323.2 49.9 322.1 49.1 321.0 48.4 319.9
  47.7 318.8 47.0 317.8 46.3 316.8 45.5 315.9 45.0 314.8 44.5 313.8 43.9 312.7
  43.4 311.5 43.1 310.2 42.9 309.0 42.6 307.8 42.5 306.5 42.4 305.4 42.3 304.4
  42.2 303.5 42.3 302.6 42.4 301.8 42.6 301.0 42.8 300.3 43.1 299.7 43.4 299.0
  43.8 298.4 44.2 297.9 44.6 297.6 45.1 297.2 45.7 297.0 46.3 296.7 47.0 296.5
  47.8 296.4 48.6 296.2 49.4 296.2 50.3 296.1 51.2 296.2 52.1 296.2 53.0 296.4
  53.9 296.5 54.6 296.7 55.4 297.0 56.0 297.3 56.7 297.7 57.3 298.1 57.8 298.6
  58.2 299.1 58.7 299.5 59.0 299.9 59.4 300.3 59.6 300.9 59.8 301.4 60.0 302.1
  60.1 302.8 60.2 302.9 60.3 303.1 60.4 303.2 60.4 303.4 60.5 303.5 60.5 303.6
  60.6 303.6 60.6 303.7 60.6 303.7
   4 27 77  0.0
  72.5 321.4 72.2 320.9 71.9 320.3 71.7 319.8 71.3 319.2 70.9 318.7 70.5 318.2
  70.1 317.7 69.7 317.2 69.4 316.8 69.0 316.3 68.6 315.9 68.1 315.5 67.7 315.1
  67.3 314.8 66.8 314.5 66.4 314.3 66.1 314.1 65.7 314.0 65.3 313.9 65.0 313.8
  64.8 313.7 64.5 313.7 64.3 313.6 64.1 313.6 63.9 313.6 63.7 313.4 63.6 313.1
  63.4 312.8 63.3 312.4 63.1 312.0 63.0 311.6 62.9 311.1 62.7 310.6 62.6 310.0
  62.5 309.5 62.4 308.8 62.3 308.1 62.2 307.4 62.2 306.7 62.1 306.0 62.1 305.2
  62.1 304.4 62.1 303.6 62.3 302.9 62.5 302.1 62.7 301.3 63.0 300.5 63.2 299.8
  63.7 299.0 64.1 298.2 64.5 297.6 64.9 296.9 65.3 296.1 65.7 295.3 66.1 294.5
  66.6 293.9 67.1 293.2 67.6 292.6 68.1 291.9 68.7 291.5 69.3 291.0 69.8 290.6
  70.4 290.1 70.9 290.0 71.4 289.9 71.8 289.8 72.2 289.7 72.7 290.1 73.1 290.6
  73.5 291.1 73.9 291.7 74.2 292.3 74.5 293.0 74.7 293.7 74.9 294.5 75.2 295.3
  75.3 296.3 75.4 297.2 75.5 298.2 75.6 299.3 75.6 300.3 75.6 301.4 75.6 302.6
  75.6 303.7 75.6 304.8 75.5 305.8 75.4 306.9 75.2 307.8 75.1 308.8 74.8 309.6
  74.6 310.4 74.3 311.2 73.9 311.8 73.6 312.4 73.3 313.0 73.0 313.5 72.6 313.9
  72.2 314.3 71.8 314.7 71.4 314.7 71.0 314.7 70.6 314.7 70.2 314.7 69.8 314.7
  69.4 314.4 69.1 314.2 68.7 314.0 68.3 313.8 68.0 313.7 67.6 313.4 67.3 313.1
  67.0 312.8 66.7 312.5 66.4 312.1 66.2 311.8 65.9 311.5 65.7 311.0 65.5 310.6
  65.3 310.1 65.1 309.6 64.9 309.0 64.8 308.5 64.6 307.9 64.5 307.2 64.4 306.5
  64.3 305.8 64.2 305.0 64.1 304.2 64.1 303.3 64.0 302.4 64.0 301.5 64.0 300.5
  64.0 299.3 64.0 298.0 64.0 296.8 64.1 295.8 64.3 294.8 64.6 293.8 64.8 292.8
  65.1 291.8 65.4 290.8 65.7 289.7 66.1 288.7 66.5 288.0 66.9 287.4 67.3 286.8
  67.8 286.2 68.3 285.8 68.8 285.6 69.3 285.5 69.9 285.5 70.4 285.4 71.0 285.6
  71.6 285.8 72.2 286.0 72.8 286.4 73.4 286.8 74.0 287.2 74.5 287.7 75.0 288.4
  75.5 289.3 76.0 290.2 76.4 291.2 76.9 292.4 77.3 293.7 77.7 295.1 78.0 296.7
  78.4 298.2 78.8 299.7 79.1 301.4 79.4 303.2 79.6 305.1 79.9 307.1 80.1 309.1
  80.4 310.2 80.6 311.4 80.9 312.5 81.2 313.7 81.5 314.9 81.7 316.1 82.0 317.4
  82.4 317.1 82.8 316.7 83.1 316.2 83.5 315.7 83.8 314.9 84.1 314.1 84.5 311.0
  84.9 307.5 85.2 303.5 85.5 299.2 85.7 294.3 85.9 289.0 86.0 283.3 86.1 277.4
  86.1 268.0 86.1 258.7 85.9 249.9 85.7 244.7 85.6 239.7 85.3 234.8 85.1 230.0
  84.8 225.2 84.6 220.6 84.3 216.1 83.9 211.9 83.7 208.9 83.4 206.0 83.2 202.9
  82.9 199.9 82.5 197.0 82.2 194.1 81.7 191.3 81.3 188.9 80.9 186.4 80.3 184.0
  79.7 181.7 79.1 179.6 78.5 177.5 77.8 175.3 77.2 173.7 76.5 172.2 75.8 170.7
  75.0 169.7 74.3 168.6 73.6 167.6 72.9 167.4 72.2 167.2 71.6 167.0 71.1 167.5
  70.6 167.9 70.2 168.3 69.6 168.7 69.2 169.5 68.7 170.3 68.2 171.1 67.7 171.8
  67.3 172.9 66.7 174.0 66.1 175.0
   4 28 77  0.0
  72.5 321.4 72.3 320.5 72.1 319.7 71.8 318.8 71.6 318.0 71.4 317.1 71.1 316.3
  70.9 315.5 70.6 314.7 70.3 314.0 69.9 313.3 69.6 312.6 69.3 311.9 68.8 311.2
  68.3 310.5 67.7 309.9 67.2 309.4 66.7 308.9 66.1 308.4 65.6 307.8 64.9 307.4
  64.2 307.0 63.5 306.5 62.9 306.0 62.2 305.5 61.5 305.0 60.9 304.4 60.4 303.8
  59.7 303.2 59.2 302.5 58.7 301.7 58.2 300.9 57.8 300.0 57.2 299.0 56.6 298.0
  56.1 296.9 55.6 295.8 55.1 294.6 54.6 293.3 54.2 292.0 53.9 290.6 53.6 289.3
  53.3 288.0 53.2 286.6 53.2 285.2 53.2 283.8 53.4 282.3 53.6 280.9 53.8 279.5
  54.4 278.2 54.9 276.8 55.5 275.4 56.2 274.2 56.9 272.9 57.6 271.6 58.4 270.3
  59.1 269.1 59.9 267.9 60.7 266.7 61.6 265.5 62.5 264.3 63.4 263.1 64.3 261.8
  65.1 260.6 66.0 259.3 66.7 257.9 67.5 256.5 68.2 254.9 68.9 253.5 69.6 251.9
  70.2 250.2 70.8 248.7 71.4 247.1 71.9 245.3 72.4 243.5 72.9 242.0 73.3 240.4
  73.7 238.7 74.0 237.0 74.3 235.2 74.6 233.7 74.9 232.2 75.2 230.6 75.5 228.8
  75.7 227.0 75.9 225.1 76.1 223.1 76.2 221.6 76.3 220.1 76.4 218.6 76.4 217.2
  76.4 215.8 76.4 214.4 76.3 213.1 76.3 211.9 76.3 210.7 76.3 209.6 76.3 208.5
  76.3 207.5 76.2 206.6 76.2 205.8 76.2 205.0 76.2 204.3 76.2 203.6 76.2 203.0
  76.3 202.4 76.3 201.8 76.4 201.3 76.5 200.7 76.6 200.2 76.7 199.7 76.7 199.4
  76.8 199.1 76.9 198.8 76.9 198.7 77.0 198.6 77.0 198.7 77.1 198.8 77.1 199.0
  77.1 199.2 77.1 199.6 77.1 200.0 77.1 200.5 77.0 201.0 76.9 201.4 76.8 201.9
  76.7 202.3 76.6 202.8 76.5 203.2 76.3 203.6 76.1 204.0 75.9 204.3 75.7 204.6
  75.4 204.8 75.1 205.0 74.7 205.1 74.3 205.2 73.9 205.2 73.5 204.9 73.1 204.6
  72.7 204.3 72.2 203.9 71.8 203.6 71.4 203.1 70.9 202.7 70.4 202.3 69.9 201.9
  69.4 201.5 68.9 201.2 68.3 200.9 67.7 200.7 67.2 200.6 66.6 200.5 65.9 200.5
  65.3 200.6 64.6 200.7 63.8 200.8 63.1 200.9 62.3 200.9 61.5 200.9 60.7 200.7
  59.9 200.6 59.2 200.3 58.5 200.0 58.1 199.7 57.6 199.5 57.3 199.0 57.0 198.5
  56.7 197.9 56.5 197.3 56.3 196.5 56.2 195.7 56.1 194.7 56.1 193.7 56.0 192.6
  55.9 191.1 55.6 189.5 55.4 187.9 55.2 186.4 54.9 184.8 54.7 183.3 54.5 181.7
  54.2 180.2 54.0 178.7 53.7 177.2 53.3 175.4 52.7 173.7 52.1 171.9 51.4 170.2
  50.6 168.3 49.8 166.4 49.0 164.4 48.2 162.5 47.4 160.7 46.6 158.7 45.9 156.8
  45.0 155.2 44.0 153.7 42.9 152.2 41.7 150.8 41.0 149.1 40.1 147.4 39.7 145.8
  39.3 144.2 38.8 142.8 38.5 141.4 38.2 140.0 37.8 138.7 37.6 137.2 37.4 135.7
  37.6 134.2 37.9 132.8 38.1 131.4 38.8 130.3 39.4 129.2 40.1 128.2 40.8 127.4
  41.7 126.6 42.5 125.9 43.3 125.2 44.1 124.6 44.8 124.1 45.5 123.7 46.4 123.4
  47.3 123.3 48.1 123.2 48.9 123.2 49.6 123.2 50.3 123.4 50.9 123.3 51.5 123.2
  52.2 123.3 52.9 123.0 53.6 122.9 54.2 122.8 54.9 122.3 55.5 121.9 56.0 121.6
  56.5 120.6 57.0 119.5 57.3 118.4
   4 29 77  0.0
  72.5 321.4 72.5 320.5 72.5 319.5 72.3 318.6 72.2 317.7 72.1 316.8 72.0 315.9
  71.8 315.0 71.6 314.1 71.3 313.2 71.1 312.4 70.8 311.6 70.5 310.9 70.2 310.2
  69.8 309.6 69.5 309.0 69.1 308.5 68.7 308.0 68.3 307.6 67.8 307.2 67.3 306.9
  66.8 306.6 66.3 306.3 65.7 306.1 65.2 305.9 64.6 305.7 64.0 305.5 63.4 305.1
  62.8 304.8 62.2 304.5 61.5 304.2 60.9 303.6 60.2 303.1 59.5 302.6 58.8 301.7
  58.2 300.9 57.5 300.0 56.9 298.9 56.2 297.7 55.5 296.5 54.9 295.1 54.4 293.6
  54.0 292.0 53.5 290.5 53.3 288.8 53.2 287.2 53.2 285.6 53.3 283.9 53.6 282.2
  53.9 280.6 54.2 279.0 54.7 277.5 55.3 276.1 55.9 274.8 56.6 273.5 57.4 272.4
  58.2 271.3 58.9 270.4 59.6 269.5 60.3 268.6 61.0 267.8 61.6 266.9 62.2 266.0
  62.9 265.3 63.5 264.6 64.2 263.8 64.8 263.2 65.4 262.6 66.0 261.9 66.6 261.1
  67.2 260.4 67.9 259.7 68.4 258.9 68.9 258.2 69.4 257.4 69.9 256.5 70.5 255.6
  70.9 254.7 71.4 253.7 71.8 252.7 72.3 251.5 72.7 250.4 73.0 249.2 73.4 247.9
  73.7 246.5 73.9 245.1 74.2 243.6 74.4 242.2 74.7 240.8 74.9 239.3 75.1 237.8
  75.2 236.2 75.4 234.6 75.5 233.0 75.7 231.3 75.7 229.6 75.8 228.0 75.8 226.4
  75.8 224.7 75.8 223.1 75.7 221.4 75.7 219.8 75.5 218.1 75.4 216.5 75.2 214.8
  75.0 213.2 74.8 211.7 74.4 210.3 74.0 209.0 73.6 207.8 73.2 206.7 72.7 205.7
  72.2 204.8 71.7 203.9 71.2 203.3 70.6 202.7 69.9 202.2 69.2 201.8 68.5 201.5
  67.7 201.2 66.8 201.1 65.9 201.0 65.0 201.0 64.0 200.9 63.0 200.8 62.0 200.6
  61.0 200.2 60.1 199.7 59.1 199.2 58.1 198.5 57.2 197.7 56.4 196.7 55.6 195.7
  54.6 194.7 53.8 193.6 53.1 192.4 52.5 191.0 51.9 189.6 51.3 188.1 50.8 186.6
  50.0 185.1 49.2 183.9 48.3 182.5 47.4 181.1 46.5 179.8 45.7 178.2 44.9 176.7
  44.2 175.1 43.5 173.4 42.8 171.9 42.2 170.3 41.6 168.7 40.9 167.3 40.4 165.9
  39.8 164.4 39.3 163.0 38.9 161.5 38.5 159.9 38.3 158.3 38.0 156.8 37.7 155.3
  37.7 153.9 37.5 152.5 37.4 151.1 37.5 149.7 37.6 148.4 37.7 147.2 38.1 146.0
  38.5 144.8 39.0 143.6 39.4 142.5 39.9 141.5 40.4 140.5 40.9 139.3 41.3 138.2
  41.7 137.1 42.2 136.0 42.9 134.9 43.4 133.9 44.0 132.9 44.7 131.9 45.1 131.0
  45.6 130.1 46.1 129.3 46.8 128.3 47.5 127.4 47.9 126.4 48.3 125.5 48.8 124.4
  49.4 123.3 49.6 122.2 49.9 121.1 50.2 120.1 50.5 119.2 50.7 118.2 50.9 117.3
  51.2 116.4 51.5 115.6 51.6 114.7 51.8 113.8 52.0 112.8 52.2 111.9 52.2 110.8
  52.3 109.7 52.4 108.6 52.5 107.5 52.5 106.4 52.5 105.4 52.5 104.3 52.6 103.3
  52.5 102.3 52.5 101.3 52.5 100.3 52.5  99.3 52.4  98.4 52.3  97.4 52.2  96.4
  52.1  95.4 51.9  94.5 51.7  93.7 51.5  93.0 51.4  92.3 51.3  91.6 51.1  90.9
  50.9  90.1 50.7  89.4 50.5  88.7 50.3  88.0 50.1  87.3 49.8  86.5 49.6  86.0
  49.3  85.5 49.1  85.0 49.0  84.4 48.8  83.8 48.5  83.2 48.2  82.6 47.9  82.0
  47.7  81.4 47.4  80.8 47.2  80.3
   4 30 77  0.0
  72.5 321.4 72.5 320.0 72.5 318.7 72.4 317.4 72.3 316.1 72.3 314.9 72.1 313.7
  71.9 312.6 71.8 311.5 71.5 310.4 71.2 309.4 70.9 308.5 70.6 307.7 70.2 306.9
  69.7 306.2 69.3 305.4 68.8 304.7 68.3 304.0 67.8 303.5 67.1 302.8 66.5 302.2
  65.8 301.7 65.1 301.1 64.4 300.7 63.6 300.2 62.9 299.8 62.1 299.4 61.3 299.0
  60.5 298.7 59.8 298.3 59.1 297.9 58.4 297.5 57.7 297.1 57.0 296.7 56.4 296.1
  55.8 295.6 55.3 294.9 54.8 294.3 54.3 293.5 53.8 292.7 53.3 291.9 53.0 291.1
  52.6 290.2 52.3 289.2 52.0 288.2 51.7 287.1 51.5 285.9 51.3 284.7 51.2 283.6
  51.1 282.4 51.0 281.3 50.9 280.3 50.9 279.3 51.1 278.3 51.3 277.3 51.5 276.3
  51.7 275.2 52.2 274.0 52.6 273.1 53.0 272.0 53.5 270.8 54.0 269.7 54.4 268.5
  54.9 267.6 55.7 266.7 56.4 265.7 57.1 265.1 57.8 264.4 58.5 263.7 59.3 263.2
  60.0 262.7 60.7 262.2 61.4 261.9 62.2 261.6 62.9 261.4 63.6 261.1 64.2 260.8
  64.9 260.5 65.5 260.1 66.1 259.7 66.7 259.3 67.2 258.9 67.7 258.4 68.1 258.0
  68.6 257.6 69.0 257.1 69.5 256.7 70.0 256.2 70.4 255.6 70.8 254.9 71.2 254.1
  71.6 253.3 72.0 252.5 72.3 251.6 72.6 250.6 72.9 249.5 73.2 248.4 73.5 247.2
  73.7 246.0 73.9 244.7 74.1 243.3 74.2 241.9 74.3 240.4 74.5 238.9 74.6 237.3
  74.6 235.7 74.6 234.0 74.6 232.4 74.6 230.7 74.4 229.1 74.3 227.6 74.2 226.0
  74.0 224.5 73.9 223.1 73.7 221.6 73.5 220.2 73.3 218.9 73.0 217.6 72.8 216.4
  72.5 215.3 72.0 214.3 71.5 213.3 71.1 212.4 70.7 211.5 70.1 210.6 69.4 209.8
  68.8 209.2 68.2 208.6 67.6 208.1 67.0 207.7 66.2 207.4 65.4 207.1 64.6 207.0
  63.8 206.9 63.1 206.7 62.4 206.5 61.7 206.4 61.0 206.1 60.4 205.8 59.7 205.6
  59.1 205.2 58.5 204.9 57.9 204.6 57.4 204.3 56.9 203.9 56.2 203.5 55.5 203.1
  55.0 202.5 54.6 201.9 54.2 201.2 53.8 200.5 53.5 199.8 53.0 199.1 52.4 198.3
  51.9 197.5 51.5 196.7 51.1 195.9 50.6 194.9 50.2 193.9 49.9 192.7 49.7 191.5
  49.2 190.3 48.8 189.1 48.4 187.9 47.6 186.7 46.9 185.7 46.3 184.7 45.7 183.6
  45.0 182.5 44.4 181.4 43.9 180.2 43.4 179.0 42.8 177.8 42.3 176.5 41.8 175.0
  41.2 173.9 40.7 172.8 40.1 171.6 39.5 170.4 39.0 169.4 38.4 168.4 37.9 167.3
  37.5 166.4 37.0 165.4 36.6 164.3 36.3 163.2 35.9 161.9 35.5 160.9 35.2 159.9
  34.8 158.8 34.3 157.6 33.9 156.3 33.5 155.3 33.2 154.3 32.8 153.2 32.4 152.1
  32.0 150.9 31.7 149.8 31.4 149.0 31.1 148.2 30.7 147.3 30.5 146.5 30.3 145.7
  30.1 144.9 29.8 144.1 29.6 143.2 29.6 142.3 29.6 141.4 29.5 140.6 29.5 139.8
  29.6 139.0 29.6 138.2 29.6 137.4 29.6 136.7 29.6 135.9 29.6 135.2 29.7 134.4
  29.6 133.6 29.6 132.9 29.6 132.1 29.7 131.4 29.7 130.6 29.8 129.9 29.9 129.2
  30.0 128.6 30.1 127.9 30.2 127.1 30.3 126.4 30.4 125.7 30.5 124.9 30.6 124.2
  30.7 123.5 30.9 122.8 31.0 122.1 31.1 121.5 31.3 120.8 31.4 120.2 31.4 119.6
  31.6 119.0 31.7 118.4 31.9 117.9
