x
183.014304690602
186.88246972821
190.961917591304
195.054591558621
199.070103386307
202.977323741595
206.780316265457
210.443912284125
213.940358317967
217.12362506902
219.772362587586
222.017984641585
223.988118550042
225.508966385734
226.001463402658
225.713522128631
225.145742790891
224.284238199114
222.8489110675
220.70137113492
217.741301824842
214.000486313435
209.507862823711
204.254382247931
197.693803511396
189.868674321382
181.151930143831
172.312462109658
164.105005709166
156.904937327758
150.872129918545
145.776834031912
141.38084981936
136.833601455482
131.046441173775
123.647739868808
115.598693732485
106.764896317175
97.8784834132529
90.4412916756313
84.377502942708
78.0526814319251
71.7993663656884
65.5922428083411
58.7585244730397
51.3100876846528
44.9554453644837
39.3110808874361
33.7066305661357
28.3708439738132
24.1015331292817
19.769976635044
15.8288610700659
13.1287815282999
11.2540302948295
8.98543219203184
6.66393058090865
4.35337668614298
1.461733526221
-1.84542644868827
-5.23030266758533
-8.4971988359633
-11.6501510274885
-14.4378934554507
-16.6484097961497
-17.998464537505
-18.7146999785753
-18.9790608668574
-18.693230723807
-18.1200237086231
-17.4757614766983
-16.9923758778132
-16.6888122699989
-16.6216198513479
-16.6797092013394
-16.5284914442921
-16.0077289520512
-15.2646729505115
-14.3527980172228
-13.2185923438018
-12.5892813512051
-11.8007753271244
-10.8784634866558
-9.79910015222303
-8.57624102407064
-7.19127088713161
-5.6592448943954
-3.96792538378597
-2.09324944853254
0
