x
209.294315372419
212.371678628707
215.782667411852
219.33177670197
222.927693072009
226.523204137108
230.126538299294
233.691637019282
237.16193688566
240.371056352816
243.125594724464
245.556358033365
247.823628992885
249.901531700886
251.649644740266
252.200794447627
252.664676526812
253.082380615516
253.387911980241
253.459783238882
253.140485371752
252.363946202099
251.055168207245
249.173795062124
246.482985045428
242.965532750687
238.772930253661
234.328081835757
230.183040163121
226.597169892582
223.635548294469
221.083009220028
218.724900777159
215.618331410635
210.5964615679
203.279771425728
194.658722544193
184.641082158772
174.001205793403
164.2109169156
155.112604499648
145.121788020218
134.737500030427
124.120260482508
112.77726309888
100.821740642797
90.0538393357221
80.184082916496
70.5703136602667
61.5043397870296
53.7098209037813
45.9600679104873
38.7465553151346
32.96725706296
28.1924242300556
23.1885173465053
18.2902256221721
13.5907376995772
8.50751848383142
3.20186280138564
-1.9896815256394
-6.88208553322884
-11.5062039382113
-15.6075810682747
-18.9803841255129
-21.3509839918749
-22.9564321842785
-23.9834233054449
-24.3447243797111
-24.3152632468641
-24.1097485754002
-23.9536802495024
-23.8669086686436
-23.9373783151598
-24.0512967811322
-23.8722285519993
-23.2280703543667
-22.2790009606279
-21.0833640147858
-19.6072717944679
-18.5767105897455
-17.3197103008122
-15.8738589403656
-14.2037693439935
-12.3402627447539
-10.2714061110554
-8.02274457120292
-5.58226810681873
-2.92214960026329
0
