x
27.9443399055042
28.0704057956235
28.3280393524221
28.5702123269127
28.7493248429937
28.8482586126663
28.9100283677648
28.9465703167985
28.9400847652301
28.918203797872
28.9043615437354
28.888857478805
28.8056220660353
28.6373910391028
28.395852347751
28.2595245372669
28.1190497026175
27.923318833483
27.3495570328141
26.4662004918071
25.5260990875372
24.6316609208251
23.8400653066906
23.1629957086137
22.6094099470464
22.1957813809271
21.9042532669161
21.6767451936778
21.4505977751716
21.2189485546937
20.9947891405436
20.7138734635034
20.3513758716881
19.9613935935268
19.570696737283
19.1626901966262
18.7685920644335
18.3896016963098
18.0006233904241
17.602325625145
17.1912158260965
16.7647594459011
16.3066293409715
15.8157073739348
15.3231511260015
14.8408467515532
14.3440894286632
13.8243583459058
13.2981302095501
12.7625428164082
12.2397625516333
11.7420382076478
11.2541608132032
10.7261747955703
10.1850050182145
9.65088906392931
9.13087965073671
8.6008222736765
8.07006488899043
7.55317237872532
7.06982723951856
6.62529081406405
6.22963599997813
5.85344661151729
5.50327521312414
5.17847415646327
4.88161209998671
4.59362192074417
4.32261337454017
4.06379285203942
3.80899482436012
3.55965678723345
3.32312334147227
3.10823512001022
2.90889177442587
2.7246918009117
2.54504047546612
2.36456768930505
2.18257887280339
1.99588600392976
1.80587336054917
1.61542134995717
1.42178573152497
1.22297591539712
1.02060450324026
0.820051960866236
0.618892784903828
0.417348574036969
0.210675738383792
0
