x
30.7193662215912
30.6966019026502
30.6174066631127
30.5186103852741
30.4426825650011
30.403707697798
30.3911269898916
30.4032706531254
30.4434307986985
30.4978514681322
30.5573113864734
30.6103874969304
30.6720386815202
30.7406375824728
30.8047279850584
30.8283616567234
30.8467098661562
30.8551645736694
30.8833228227496
30.9288905255433
30.981859450968
31.0387022903712
31.0853382477217
31.1145364741033
31.1258484428425
31.1242791285081
31.1086684509476
31.0620001422151
30.9836685081315
30.8789993378921
30.754114117984
30.6025806854537
30.4218559830449
30.2326337348931
30.0534758561016
29.8989436763878
29.8021001665949
29.798812235434
29.9241980187992
30.1941699475245
30.6668644965033
31.4137271285791
32.4273615436906
33.6250001479996
34.9069141016638
36.2115602578334
37.4541623466644
38.4713398001065
39.2418790045767
39.6578123926541
39.8996766474397
40.1450577558621
40.3089886207825
40.2281741532286
39.9195727832288
39.4217633959691
38.8347220108436
38.0542442834164
37.0571544425237
35.8886815375181
34.6028056230994
33.2279744919511
31.8207444213666
30.3579515567956
28.8424492985594
27.3248988027801
25.832302623125
24.3161711038659
22.825316766681
21.3944885830508
19.9915442820551
18.5799640939095
17.1974718982676
15.9177664019855
14.7001883943074
13.5180542261185
12.3384128921139
11.1990846341185
10.0979018556934
9.05911014980378
8.06401404165321
7.07103398621133
6.09727851282124
5.14752882542092
4.24019778417997
3.35057222223833
2.48737444271003
1.64787149582983
0.823518677306967
0
