   5  1 71  0.0
  72.5 321.4 72.5 320.0 72.3 318.5 72.2 317.0 72.1 315.6 71.9 314.1 71.8 313.1
  71.6 312.1 71.5 311.2 71.4 310.4 71.3 309.6 71.2 308.9 71.1 308.3 71.0 307.8
  71.0 307.2 70.9 306.6 70.9 306.0 70.8 305.4 70.8 304.8 70.7 304.2 70.7 303.5
  70.8 302.8 70.9 302.1 71.0 301.4 71.1 300.6 71.3 299.9 71.5 299.2 71.7 298.4
  71.9 297.7 72.1 296.9 72.3 295.5 72.5 294.1 72.7 292.5 72.9 290.9 73.1 289.1
  73.3 287.3 73.4 285.3 73.6 283.2 73.7 280.9 73.8 278.5 73.8 276.0 73.8 273.3
  73.8 270.5 73.7 267.7 73.4 264.8 73.2 262.0 72.8 259.3 72.4 256.7 71.9 254.2
  71.5 252.4 71.0 250.6 70.5 248.9 70.0 247.2 69.5 245.9 69.0 244.6 68.5 243.3
  68.0 242.0 67.5 241.1 67.1 240.1 66.6 239.1 66.2 238.2 65.7 237.2 65.3 236.6
  64.9 236.0 64.5 235.4 64.2 234.8 63.8 234.2 63.4 233.9 63.1 233.7 62.7 233.4
  62.4 233.1 62.0 232.9 61.7 232.7 61.3 232.6 61.0 232.4 60.7 232.3 60.3 232.1
  60.0 231.9 59.7 231.7 59.4 231.3 59.1 230.9 58.7 230.5 58.4 230.1 58.1 229.6
  57.8 229.2 57.5 228.5 57.3 227.7 57.0 226.9 56.8 226.1 56.6 225.3 56.3 224.5
  56.1 223.6 55.9 222.8 55.8 221.8 55.5 220.8 55.3 219.8 55.1 218.9 54.8 218.0
  54.6 217.0 54.3 216.1 54.0 215.1 53.7 213.9 53.4 212.7 53.1 211.6 52.7 210.4
  52.2 209.3 51.7 208.3 51.1 207.3 50.6 206.2 50.1 205.1 49.5 204.1 48.9 203.2
  48.5 202.2 48.0 201.4 47.5 200.5 47.0 199.6 46.7 198.7 46.5 197.9 46.4 197.0
  46.3 196.1 46.3 195.2 46.4 194.1 46.4 193.1 46.5 192.0 46.6 190.9 46.4 189.9
  46.3 188.9 46.2 187.9 46.0 187.0 45.8 185.9 45.6 184.9 45.5 184.1 45.4 183.3
  45.2 182.7 45.1 182.2 44.9 181.7 44.8 181.4 44.7 181.0 44.7 180.7 44.8 180.4
  44.9 180.2 45.1 179.9 45.1 179.6 45.1 179.4 45.2 179.1 45.3 178.8 45.4 178.6
  45.6 178.4 45.9 178.2 46.2 178.0 46.6 178.2 47.1 178.3 47.6 178.5 48.2 178.7
  48.8 179.1 49.5 179.5 50.2 180.0 50.9 180.5 51.6 181.1 52.3 181.7 53.0 182.4
  53.7 183.0 54.3 183.7 55.0 184.3 55.4 184.9 55.8 185.5 56.2 186.2 56.6 186.6
  57.0 187.0 57.4 187.4 57.8 187.7 58.2 188.1 58.4 188.1 58.6 188.0 58.8 188.0
  59.2 187.8 59.5 187.7 59.7 187.5 60.0 187.3 60.3 186.9 60.5 186.4 60.7 185.9
  60.9 185.3 61.1 184.8 61.2 184.3 61.3 183.7 61.6 183.2 61.9 182.6 62.1 182.1
  62.2 181.4 62.4 180.7 62.5 179.9 62.6 179.2 62.8 178.5 62.9 177.7 63.0 176.9
  63.1 176.0 63.2 175.1 63.4 174.2 63.5 173.3 63.6 172.3 63.6 171.3 63.7 170.4
  63.8 169.4 63.8 168.5 63.9 167.6 64.0 166.6 64.0 165.7 64.1 164.7 64.2 163.7
  64.3 162.8 64.3 161.8 64.4 161.0 64.4 160.1 64.4 159.3 64.3 158.5 64.3 157.8
  64.2 157.1 64.1 156.4 64.0 155.8 63.9 155.2 63.9 154.5 63.8 153.8 63.7 153.2
  63.6 152.7 63.5 152.2 63.4 151.8 63.2 151.5 63.1 151.2 62.9 151.0 62.8 150.8
  62.6 150.6 62.4 150.4 62.2 150.3 62.0 150.1 61.8 149.9 61.6 149.5 61.4 149.0
  61.2 148.6 61.0 148.1 60.7 147.7
   5  2 71  0.0
  72.5 321.4 72.0 319.4 71.5 317.4 71.1 315.5 70.7 313.5 70.3 311.6 70.0 309.7
  69.7 308.3 69.4 306.9 69.3 305.6 69.2 304.2 69.0 302.9 69.0 301.5 69.0 300.1
  69.0 298.7 69.1 297.3 69.2 295.8 69.4 294.3 69.5 292.8 69.7 291.1 69.9 289.4
  70.1 287.5 70.4 285.1 70.6 282.5 70.8 279.8 71.0 277.0 71.2 274.2 71.4 271.4
  71.5 268.6 71.6 265.7 71.7 262.9 71.7 260.0 71.7 257.1 71.7 254.2 71.7 251.5
  71.6 248.8 71.5 246.3 71.5 243.9 71.4 241.7 71.3 239.6 71.2 237.7 71.1 235.9
  70.9 234.2 70.7 232.6 70.5 231.1 70.2 229.8 69.9 228.6 69.5 227.7 69.2 226.9
  68.8 226.1 68.4 225.3 67.9 224.7 67.5 224.1 67.1 223.6 66.6 223.1 66.2 222.5
  65.8 221.9 65.3 221.4 64.9 220.8 64.5 220.2 64.0 219.6 63.7 219.0 63.3 218.5
  63.0 217.8 62.8 217.2 62.5 216.5 62.3 215.8 62.2 215.0 62.2 214.1 62.2 213.2
  62.1 212.1 62.2 210.9 62.2 209.6 62.3 208.3 62.4 206.8 62.6 205.4 62.9 204.0
  63.1 202.6 63.4 201.3 63.8 200.0 64.1 198.8 64.6 197.3 65.1 195.8 65.6 194.3
  66.1 192.7 66.6 190.8 67.2 188.9 67.7 187.0 68.2 185.2 68.8 183.2 69.3 181.0
  69.7 178.9 70.1 176.8 70.5 174.4 70.8 172.0 71.1 169.7 71.2 167.3 71.3 165.1
  71.3 162.9 71.3 160.8 71.3 158.7 71.2 156.7 71.1 154.8 71.0 152.9 70.9 151.0
  70.8 149.2 70.6 147.4 70.5 145.6 70.3 143.8 70.0 142.1 69.7 140.5 69.4 139.7
  69.2 138.9 68.9 138.1 68.5 137.4 68.2 136.7 67.9 136.0 67.7 136.1 67.4 136.1
  67.1 136.2 66.8 136.2 66.5 136.2 66.2 136.1 65.8 136.1 65.5 136.4 65.3 136.7
  65.0 136.9 64.7 137.0 64.5 137.2 64.2 137.3 64.0 137.3 63.7 137.6 63.5 137.8
  63.3 138.0 63.1 138.3 62.9 138.6 62.7 138.9 62.6 139.3 62.4 139.7 62.2 140.1
  61.6 140.6 61.1 140.8 60.5 141.0 60.0 141.2 59.5 141.4 59.0 141.4 58.4 141.5
  57.9 141.7 57.5 141.8 57.0 141.9 56.6 142.1 56.2 142.2 55.8 142.4 55.4 142.2
  55.1 142.0 54.8 141.7 54.4 141.4 54.1 141.1 53.9 140.8 53.7 140.2 53.5 139.6
  53.7 139.1 53.9 138.5 54.2 138.0 54.5 137.9 54.8 137.9 55.1 138.0 55.4 138.0
  55.8 138.2 56.1 138.4 56.4 139.2 56.6 140.0 56.5 140.9 56.3 141.9 56.1 142.9
  55.9 144.0 55.4 144.7 54.8 145.5 54.4 146.5 54.0 147.5 53.7 148.8 53.2 149.8
  52.7 150.8 52.2 151.9 51.8 153.0 51.0 153.7 50.3 154.3 49.6 155.0 49.0 155.2
  48.3 155.5 47.6 155.9 47.0 155.9 46.3 156.1 45.3 156.3 44.3 156.0 43.6 155.6
  43.0 154.6 42.3 153.5 41.7 152.4 41.1 150.8 40.8 149.0 40.6 147.2 40.7 145.3
  40.7 143.3 41.3 141.3 41.9 139.4 42.5 137.6 43.1 136.2 43.6 134.8 44.1 133.5
  44.7 132.4 45.3 131.3 45.9 130.2 46.6 129.1 47.4 128.2 48.2 127.2 48.8 126.4
  49.4 125.5 50.0 124.6 50.5 123.7 50.9 122.7 51.3 121.8 51.7 120.8 52.2 119.9
  52.6 119.0 53.0 118.1 53.5 117.2 53.9 116.3 54.4 115.4 54.6 114.5 54.9 113.5
  55.1 112.4 55.4 111.3 55.6 110.2 55.8 109.1 56.0 107.9 56.2 106.8 56.4 105.7
  56.6 104.5 56.8 103.3 56.8 102.1
   5  3 71  0.0
  72.5 321.4 72.3 319.8 72.1 318.2 71.9 316.7 71.8 315.1 71.7 313.5 71.6 311.9
  71.6 310.4 71.6 308.9 71.6 307.4 71.8 305.8 71.9 304.2 71.9 302.5 72.3 300.7
  72.6 299.1 73.0 297.4 73.4 295.5 73.9 293.5 74.4 291.3 75.1 289.5 75.7 287.4
  76.3 285.0 76.9 283.2 77.6 281.1 78.2 278.6 78.7 276.7 79.2 274.4 79.6 271.7
  79.9 268.7 80.2 265.3 80.5 262.9 80.7 260.2 81.0 257.1 81.2 253.9 81.3 250.4
  81.4 246.9 81.5 243.3 81.6 239.8 81.8 236.3 81.9 232.9 82.1 229.6 82.4 227.9
  82.7 226.1 83.1 224.1 83.4 221.9 83.9 219.4 84.3 216.4 84.9 215.2 85.5 213.3
  86.0 210.6 86.5 206.9 87.2 206.7 87.8 206.0 88.2 204.7 88.8 201.6 89.2 193.8
  89.4 171.4 89.5 108.6 89.2  47.3 88.9  46.9 88.6  46.5 88.3  46.1 87.9  45.7
  87.7  45.3 87.4  45.0 87.1  44.6 86.9  44.3 86.6  44.0 86.3  43.7 86.0  43.5
  85.8  43.2 85.6  42.9 85.5  42.6 85.3  42.4 85.1  42.2 85.0  41.9 84.8  41.8
  84.7  41.6 84.5  41.5 84.4  41.4 84.2  41.3 84.1  41.3 83.9  41.3 83.8  41.2
  83.7  41.0 83.6  40.9 83.5  40.8 83.4  40.8 83.3  40.7 83.2  40.7 83.1  40.7
  83.0  40.7 82.9  40.7 82.8  40.7 82.8  40.8 82.7  40.8 82.7  40.9 82.6  41.0
  82.6  41.1 82.6  41.2 82.5  41.4 82.5  41.5 82.5  41.7 82.4  41.8 82.4  42.0
  82.4  42.2 82.3  42.4 82.3  42.6 82.2  42.8 82.2  43.0 82.1  43.2 82.1  43.5
  82.1  43.7 82.2  43.9 82.2  44.1 82.1  44.4 82.1  44.6 82.1  44.8 82.1  45.1
  82.1  45.3 82.2  45.6 82.2  45.8 82.3  46.1 82.3  46.3 82.4  46.6 82.4  46.8
  82.5  47.1 82.5  47.4 82.5  47.7 82.6  47.9 82.6  48.2 82.5  48.5 82.5  48.8
  82.4  49.1 82.4  49.4 82.3  49.7 82.3  50.0 82.3  50.4 82.4  50.7 82.4  51.1
  82.5  51.4 82.6  51.8 82.7  52.2 82.7  52.5 82.8  52.9 82.9  53.3 82.9  53.7
  83.0  54.2 83.1  54.6 83.2  55.0 83.3  55.4 83.4  55.8 83.5  56.3 83.6  56.7
  83.6  57.1 83.7  57.6 83.7  58.0 83.8  58.5 83.8  58.9 83.8  59.3 83.8  59.8
  83.8  60.2 83.8  60.6 83.7  61.0 83.6  61.4 83.5  61.7 83.4  62.1 83.3  62.4
  83.1  62.8 82.9  63.1 82.8  63.4 82.6  63.8 82.4  64.1 82.2  64.4 81.9  64.7
  81.7  65.0 81.5  65.3 81.3  65.6 81.1  66.0 80.9  66.3 80.7  66.6 80.6  66.9
  80.4  67.2 80.3  67.5 80.2  67.9 80.1  68.2 80.0  68.5 80.0  68.8 80.0  69.3
  79.9  69.7 80.0  70.1 80.0  70.6 80.0  71.0 80.1  71.4 80.2  71.7 80.3  72.1
  80.3  72.4 80.4  72.7 80.4  73.0 80.4  73.3 80.4  73.7 80.5  74.0 80.5  74.2
  80.5  74.5 80.5  74.8 80.5  75.1 80.5  75.4 80.5  75.7 80.5  76.0 80.5  76.3
  80.4  76.6 80.4  76.9 80.4  77.3 80.3  77.6 80.3  78.0 80.2  78.4 80.2  78.7
  80.1  79.1 80.1  79.5 80.0  79.9 79.9  80.2 79.9  82.6 79.8  84.8 79.7  86.9
  79.6  88.8 79.6  90.6 79.5  92.2 79.5  93.8 79.4  95.3 79.4  96.7 79.3  98.1
  79.3  99.5 79.2 100.9 79.1 102.3 78.9 103.7 78.8 105.0 78.6 106.3 78.4 107.6
  78.3 108.9 78.1 110.1 77.9 111.3
   5  4 71  0.0
  72.5 321.4 72.4 319.3 72.5 317.4 72.5 315.6 72.6 314.0 72.7 312.4 72.7 311.0
  72.9 309.6 73.0 308.3 73.1 307.1 73.4 305.9 73.6 304.8 73.8 303.8 74.1 302.8
  74.4 301.5 74.7 300.1 75.0 298.7 75.3 297.3 75.7 295.7 76.0 294.1 76.3 292.3
  76.6 290.9 76.9 289.5 77.2 288.0 77.5 286.3 77.7 284.5 78.0 282.6 78.3 281.2
  78.6 279.7 78.7 278.0 78.8 276.1 79.0 274.1 79.0 272.0 79.1 269.8 79.1 267.4
  79.1 265.0 79.0 262.4 78.9 259.9 78.8 257.4 78.6 254.9 78.4 252.4 78.2 249.9
  78.0 247.5 77.8 244.9 77.5 242.2 77.3 239.6 77.0 236.9 76.7 234.4 76.4 232.0
  76.0 229.7 75.7 227.6 75.3 225.8 75.0 224.1 74.7 222.4 74.4 220.9 74.1 219.5
  73.9 218.2 73.7 217.1 73.6 216.1 73.4 215.2 73.3 214.3 73.3 213.4 73.2 212.7
  73.1 212.0 73.1 211.4 73.2 210.8 73.2 210.4 73.2 210.0 73.2 209.7 73.3 209.5
  73.3 209.4 73.4 209.4 73.5 209.4 73.5 209.5 73.6 209.6 73.7 209.8 73.9 210.1
  74.0 210.3 74.2 209.6 74.4 208.9 74.7 208.2 74.9 207.7 75.3 207.2 75.7 206.7
  76.1 206.3 76.6 204.6 77.2 202.8 77.7 201.0 78.3 199.1 79.0 196.0 79.7 192.8
  80.4 189.3 81.2 184.6 81.9 179.3 82.3 173.3 82.8 166.2 82.9 158.5 82.9 151.0
  82.7 144.3 82.4 138.3 82.0 133.1 81.5 128.7 81.0 125.8 80.5 123.4 79.9 121.4
  79.4 120.3 78.9 119.3 78.3 118.5 77.8 117.9 77.3 117.3 76.8 116.9 76.3 116.5
  75.8 116.3 75.3 116.3 74.9 116.3 74.4 116.5 73.9 116.8 73.5 117.2 73.0 117.6
  72.5 118.1 72.1 118.7 71.6 119.4 71.2 120.0 70.8 120.7 70.3 121.5 69.9 122.3
  69.5 122.9 69.2 123.6 68.8 124.3 68.3 125.1 67.9 125.8 67.4 126.4 67.0 127.0
  66.5 127.6 66.1 128.2 65.5 128.8 65.1 129.2 64.6 129.5 64.2 129.8 63.7 130.2
  63.3 130.3 63.0 130.4 62.6 130.4 62.3 130.5 61.9 130.5 61.6 130.4 61.4 130.4
  61.1 130.3 61.0 130.3 60.8 130.4 60.7 130.4 60.6 130.5 60.5 130.6 60.5 130.8
  60.5 130.9 60.4 131.2 60.4 131.4 60.5 131.8 60.5 132.1 60.3 132.4 60.2 132.8
  60.0 133.2 60.0 133.6 59.9 133.7 59.8 133.8 59.8 134.0 59.8 134.1 59.8 134.3
  59.9 134.5 59.9 134.7 60.0 134.9 60.0 135.1 60.1 135.6 60.1 136.0 59.9 136.5
  59.6 136.8 59.4 137.1 59.2 137.5 59.0 137.9 58.8 138.2 58.6 138.6 58.4 139.0
  58.2 139.4 58.0 139.7 57.8 139.9 57.7 140.1 57.2 140.3 56.8 140.4 56.3 140.6
  55.9 140.7 55.5 140.7 55.2 140.8 54.8 140.8 54.4 140.9 54.1 140.9 53.7 140.9
  53.4 140.7 53.2 140.5 52.9 140.2 52.6 139.9 52.6 139.5 52.6 139.1 52.7 138.6
  52.7 138.1 52.8 137.5 52.9 136.9 53.0 136.2 53.1 135.6 53.5 135.0 53.8 134.4
  54.2 133.9 54.6 133.6 55.1 133.4 55.5 133.2 56.0 133.0 56.4 132.9 56.8 133.0
  57.1 133.1 57.4 133.3 57.7 133.4 57.9 133.5 58.1 133.5 58.2 133.7 58.3 133.8
  58.4 133.9 58.5 133.9 58.6 133.9 58.6 133.8 58.7 133.7 58.7 133.5 58.7 133.3
  58.7 133.1 58.8 132.8 58.8 132.6 58.9 132.2 58.9 131.9 59.1 131.6 59.3 131.2
  59.5 130.8 59.7 130.4 59.9 130.0
   5  5 71  0.0
  72.5 321.4 72.3 320.2 72.2 319.1 72.1 317.9 71.9 316.7 71.8 315.7 71.8 314.7
  71.8 313.6 71.8 312.5 71.8 311.4 71.9 310.3 72.0 309.1 72.1 307.7 72.3 306.2
  72.4 304.7 72.6 303.2 72.7 301.6 72.8 300.1 73.0 298.5 73.1 296.9 73.2 295.2
  73.2 293.6 73.3 291.9 73.4 290.2 73.4 288.4 73.5 286.6 73.5 284.8 73.6 283.0
  73.6 281.1 73.6 279.2 73.7 277.3 73.7 275.4 73.7 273.5 73.6 271.6 73.6 269.8
  73.5 268.0 73.4 266.3 73.3 264.6 73.1 262.9 73.0 261.2 72.9 259.6 72.8 257.9
  72.6 256.2 72.5 254.6 72.3 252.9 72.1 251.3 72.0 249.6 71.8 248.1 71.5 246.5
  71.3 245.0 71.1 243.6 71.0 242.2 70.8 240.8 70.6 239.4 70.5 238.1 70.3 236.8
  70.2 235.6 70.1 234.4 70.0 233.2 69.9 232.0 69.8 230.8 69.7 229.6 69.6 228.5
  69.5 227.4 69.3 226.3 69.1 225.3 68.9 224.3 68.7 223.4 68.5 222.5 68.3 221.6
  68.1 220.7 67.8 219.9 67.7 218.9 67.5 218.0 67.4 217.1 67.2 216.3 67.1 215.6
  66.9 214.9 66.8 214.3 66.7 213.8 66.5 213.3 66.3 212.9 66.2 212.5 66.0 212.3
  65.8 211.9 65.6 211.5 65.4 211.2 65.2 210.9 64.9 210.7 64.6 210.6 64.4 210.5
  64.0 210.5 63.7 210.5 63.4 210.3 63.0 210.2 62.7 210.1 62.3 210.0 62.0 210.0
  61.6 209.7 61.3 209.4 61.0 209.1 60.7 208.9 60.5 208.6 60.2 208.4 60.0 208.2
  59.8 207.9 59.6 207.8 59.5 207.6 59.4 207.6 59.4 207.6 59.4 207.6 59.3 207.5
  59.4 207.4 59.4 207.3 59.4 207.1 59.4 206.8 59.5 206.5 59.6 206.2 59.6 205.7
  59.7 205.2 59.8 204.7 59.9 204.0 60.2 203.2 60.5 202.5 60.8 201.7 61.0 200.8
  61.3 199.9 61.7 199.0 62.2 198.1 62.6 197.5 63.1 196.9 63.5 196.4 64.0 195.8
  64.5 195.2 65.1 194.8 65.6 194.4 66.2 193.9 66.8 193.6 67.4 193.4 68.0 193.0
  68.5 192.6 69.1 192.5 69.7 192.3 70.3 192.1 70.9 192.0 71.5 191.7 72.1 191.4
  72.7 190.8 73.3 190.1 73.9 189.3 74.5 188.5 75.1 187.6 75.8 186.6 76.4 185.6
  77.2 184.7 77.9 183.7 78.6 182.6 79.4 181.5 80.2 180.3 81.0 178.7 81.8 176.8
  82.5 174.6 83.2 171.9 83.9 168.7 84.5 165.0 85.2 160.8 85.7 155.7 86.1 149.5
  86.7 143.0 87.2 134.9 87.4 125.2 87.6 114.1 87.7 102.8 87.7  92.1 87.7  82.9
  87.7  75.3 87.7  75.1 87.7  74.8 87.6  74.6 87.6  74.4 87.6  74.1 87.7  73.9
  87.7  73.7 87.7  73.6 87.8  73.4 87.8  73.3 87.9  73.2 87.9  73.1 88.0  73.1
  88.1  73.0 88.2  73.0 88.4  73.0 88.6  73.1 88.8  73.1 89.1  73.2 89.4  73.3
  89.7  73.4 89.8 253.5 89.7 335.5 89.3 290.9 89.4 272.5 89.5 277.7 89.8 263.2
  89.8  34.6 89.7  34.7 89.6  34.8 89.6  34.9 89.6  35.0 89.6  35.2 89.7  35.3
  89.8  35.5 89.9  35.6 90.0  35.8 89.9 215.9 89.6 231.2 89.5 230.0 89.3 227.0
  89.1 224.3 88.9 222.3 88.6 220.5 88.2 219.0 87.7 217.5 87.4 216.2 86.9 214.9
  86.4 213.7 85.7 212.6 85.2 211.7 84.7 210.7 84.1 209.7 83.4 208.7 82.9 208.0
  82.3 207.4 81.8 206.9 81.3 206.6 80.9 206.4 80.4 206.2 79.9 206.0 79.5 206.2
  79.1 206.4 78.6 206.6 78.1 206.8
   5  6 71  0.0
  72.5 321.4 72.6 320.9 72.8 320.3 72.9 319.7 73.1 319.1 73.3 318.5 73.4 317.8
  73.6 317.1 73.7 316.4 73.8 315.6 73.9 314.8 74.0 313.9 74.2 313.2 74.3 312.4
  74.4 311.6 74.5 310.7 74.7 309.8 74.8 308.9 75.0 308.0 75.2 307.0 75.3 305.9
  75.5 304.8 75.6 303.7 75.8 302.5 75.9 301.2 76.0 299.9 76.2 299.0 76.4 298.0
  76.6 296.9 76.7 295.8 76.9 294.7 77.1 293.5 77.3 292.3 77.4 291.0 77.6 289.6
  77.7 288.2 77.8 286.8 77.8 285.3 77.9 283.9 77.9 282.5 77.9 281.0 78.0 279.6
  78.0 278.2 77.9 276.8 77.9 275.3 77.9 273.8 77.8 272.3 77.7 270.7 77.6 269.1
  77.5 267.4 77.4 265.6 77.2 263.8 77.1 261.9 76.9 260.1 76.8 258.2 76.6 256.4
  76.5 254.6 76.3 252.9 76.1 251.3 75.9 249.8 75.7 247.8 75.6 245.8 75.4 243.9
  75.3 242.0 75.1 240.1 74.9 238.2 74.7 236.3 74.5 234.4 74.3 232.5 74.1 230.6
  73.9 228.7 73.8 226.6 73.6 224.5 73.4 222.4 73.2 220.3 73.0 218.4 72.7 216.6
  72.5 214.8 72.2 213.1 71.9 211.6 71.7 210.0 71.4 208.5 71.1 207.0 70.9 205.7
  70.6 204.4 70.4 203.2 70.2 202.1 70.0 201.0 69.9 200.0 69.8 198.9 69.8 197.9
  69.8 196.9 69.8 196.0 69.9 195.1 70.0 194.3 70.2 193.3 70.4 192.2 70.6 191.1
  71.1 190.1 71.5 189.1 71.9 188.3 72.3 187.5 72.9 186.6 73.5 185.6 74.0 184.6
  74.6 183.4 75.2 182.2 75.7 180.7 76.3 179.1 76.9 177.4 77.5 175.5 78.1 173.4
  78.7 171.1 79.3 168.4 79.8 165.5 80.2 162.3 80.7 158.5 81.0 154.5 81.3 150.2
  81.5 145.8 81.6 141.4 81.8 136.9 81.8 132.7 81.9 128.7 81.8 124.9 81.8 121.3
  81.8 117.9 81.7 114.5 81.6 111.2 81.4 108.0 81.3 104.8 81.2 101.6 81.1  98.5
  81.0  95.3 80.8  92.1 80.7  89.1 80.5  86.1 80.2  83.3 80.0  80.5 79.8  77.9
  79.5  77.5 79.3  77.2 79.1  76.8 78.9  76.5 78.7  76.1 78.5  75.7 78.2  75.3
  78.0  74.9 77.8  74.7 77.5  74.4 77.3  74.1 77.2  73.8 77.0  73.5 76.8  73.1
  76.6  72.7 76.5  72.3 76.3  71.9 76.1  71.4 75.9  70.9 75.7  70.6 75.5  70.3
  75.3  69.9 75.0  69.6 74.8  69.3 74.5  68.9 74.3  68.6 74.1  68.2 73.8  67.8
  73.6  67.5 73.4  67.1 73.3  66.7 73.1  66.3 73.0  65.8 72.9  65.4 72.8  64.9
  72.8  64.5 72.8  64.0 72.7  63.5 72.7  63.0 72.8  62.4 72.8  61.9 72.9  61.3
  73.0  60.8 73.0  60.2 73.1  59.7 73.0  59.1 73.0  58.6 73.0  58.1 73.0  57.6
  72.9  57.1 72.9  56.5 72.9  56.0 72.8  55.5 72.8  55.0 72.8  54.5 72.7  54.0
  72.8  53.5 72.8  53.0 72.9  52.5 72.9  52.0 73.0  51.5 73.1  51.0 73.2  50.5
  73.4  49.9 73.5  49.4 73.7  48.8 73.8  48.3 74.0  47.7 74.1  47.2 74.3  47.0
  74.4  46.7 74.6  46.5 74.7  46.2 74.9  46.0 75.0  45.8 75.2  45.6 75.3  45.5
  75.5  45.3 75.6  45.1 75.8  45.0 75.9  44.8 76.0  44.6 76.2  44.7 76.4  44.8
  76.5  44.9 76.7  45.0 76.9  45.0 77.1  45.1 77.3  45.1 77.5  45.2 77.6  45.2
  77.8  45.3 77.9  45.4 78.1  45.4 78.2  45.7 78.2  46.1 78.3  46.4 78.3  46.7
  78.2  47.0 78.2  47.3 78.1  47.6
   5  7 71  0.0
  72.5 321.4 72.3 321.2 72.1 321.0 71.9 320.9 71.7 320.7 71.5 320.5 71.2 320.4
  71.0 320.2 70.8 320.1 70.5 320.0 70.2 319.9 70.1 319.9 70.0 319.8 69.9 319.7
  69.9 319.9 69.8 320.0 69.6 320.1 69.4 320.1 69.2 320.0 69.1 319.9 69.1 319.8
  69.2 319.6 69.2 319.3 69.3 319.0 69.4 318.7 69.6 318.3 69.7 317.8 69.8 317.4
  69.9 316.8 70.0 316.3 70.1 315.7 70.3 315.0 70.4 314.3 70.6 313.5 70.7 312.7
  70.9 311.9 71.1 311.0 71.4 310.1 71.6 309.1 71.8 308.1 72.0 307.1 72.2 306.1
  72.5 305.1 72.7 304.0 73.0 302.9 73.3 301.7 73.6 300.4 73.8 299.0 74.0 297.6
  74.3 296.2 74.5 294.8 74.8 293.3 75.1 291.8 75.4 290.1 75.6 288.3 75.8 286.5
  76.0 284.6 76.2 283.1 76.4 281.6 76.6 280.1 76.7 278.5 76.8 276.8 76.9 275.1
  77.0 273.3 77.0 271.5 77.0 269.6 77.0 267.6 76.9 265.6 76.9 263.5 76.8 261.2
  76.7 258.9 76.5 256.5 76.4 254.0 76.1 251.4 75.9 248.9 75.7 245.9 75.5 243.1
  75.3 240.5 75.1 237.9 74.9 235.4 74.7 233.0 74.5 230.8 74.3 228.6 74.2 226.6
  74.0 224.7 73.8 222.7 73.6 220.7 73.4 218.8 73.1 217.0 72.9 215.2 72.5 213.6
  72.2 211.9 71.8 210.4 71.5 208.8 71.1 207.3 70.7 205.8 70.4 204.4 70.0 203.0
  69.7 201.8 69.4 200.6 69.1 199.4 68.9 198.3 68.7 197.3 68.5 196.3 68.4 195.3
  68.3 194.4 68.3 193.6 68.3 192.8 68.3 192.1 68.2 191.4 68.5 190.7 68.7 190.1
  69.0 189.5 69.3 188.9 69.6 188.3 69.9 187.7 70.5 187.2 71.1 186.3 71.7 185.4
  72.3 184.3 72.9 183.3 73.6 182.1 74.2 180.9 74.9 179.9 75.6 178.8 76.3 177.5
  77.0 176.5 77.6 175.2 78.3 173.7 79.0 172.2 79.6 170.4 80.3 168.2 81.0 165.9
  81.7 163.3 82.2 160.0 82.8 156.1 83.3 151.5 83.7 146.3 84.0 140.6 84.2 134.5
  84.3 127.2 84.4 119.8 84.3 112.4 84.2 105.4 83.9  98.9 83.7  93.8 83.4  89.1
  83.1  84.7 82.8  80.7 82.4  76.9 82.0  76.4 81.7  76.1 81.3  75.7 81.0  75.3
  80.6  74.9 80.2  74.5 79.8  74.0 79.4  73.8 79.1  73.5 78.7  73.2 78.3  72.9
  77.9  72.6 77.6  72.6 77.3  72.5 77.0  72.4 76.7  72.3 76.4  72.1 76.1  72.0
  75.8  71.8 75.5  71.9 75.2  71.8 75.0  71.8 74.7  71.7 74.3  71.6 74.0  71.5
  73.7  71.3 73.3  71.3 73.0  71.2 72.6  71.2 72.3  71.1 71.9  71.0 71.5  71.0
  71.2  71.0 70.8  71.0 70.5  71.0 70.1  70.9 69.8  70.8 69.5  70.7 69.2  70.6
  68.9  70.5 68.6  70.3 68.2  70.1 67.9  69.9 67.6  69.7 67.3  69.6 67.0  69.4
  66.6  69.2 66.3  69.0 66.0  68.7 65.7  68.5 65.4  68.3 65.1  68.1 64.9  67.8
  64.4  67.6 63.9  67.3 63.4  67.1 62.9  66.8 62.3  66.5 61.8  66.2 61.3  65.9
  60.8  65.5 60.3  65.2 59.8  64.8 59.4  64.4 59.0  64.1 58.7  63.7 58.1  63.4
  57.4  63.1 56.8  62.8 56.2  62.5 55.5  62.2 54.9  61.8 54.3  61.5 53.8  61.1
  53.3  60.6 52.9  60.2 52.5  59.7 52.0  59.2 51.6  58.7 51.3  58.2 51.0  57.7
  50.6  57.2 50.3  56.7 50.1  56.2 49.8  55.7 49.4  55.3 49.0  54.9 48.7  54.5
  48.3  54.0 48.0  53.6 47.7  53.1
   5  8 71  0.0
  72.5 321.4 72.2 321.5 71.8 321.5 71.5 321.7 71.2 321.9 70.8 322.1 70.5 322.2
  70.1 322.4 69.7 322.5 69.4 322.9 69.0 323.2 68.7 323.6 68.3 324.1 68.0 324.5
  67.7 325.1 67.3 325.8 67.0 326.3 66.7 326.9 66.3 327.4 66.0 328.0 65.7 328.4
  65.3 329.0 64.9 329.5 64.5 330.1 64.1 330.6 63.7 331.2 63.3 331.6 62.9 332.0
  62.4 332.4 61.8 332.7 61.3 332.7 60.8 332.6 60.4 332.6 59.9 332.5 59.5 331.9
  59.2 331.3 59.0 330.7 58.7 329.9 58.4 329.2 58.2 328.5 57.9 327.8 57.8 326.8
  57.7 325.9 57.6 324.9 57.5 323.9 57.5 322.9 57.5 321.9 57.6 320.7 57.7 319.5
  57.8 318.2 57.9 317.0 58.1 315.8 58.2 314.6 58.3 313.5 58.5 312.5 58.7 311.5
  58.8 310.6 59.0 309.7 59.1 308.9 59.3 308.1 59.5 307.4 59.7 306.7 59.9 306.1
  60.1 305.4 60.4 304.8 60.7 304.2 61.0 303.6 61.2 303.0 61.4 302.3 61.7 301.7
  62.0 301.0 62.3 300.4 62.6 299.6 62.9 298.8 63.1 298.1 63.4 297.5 63.7 297.0
  64.1 296.5 64.4 295.7 64.7 294.9 64.9 294.2 65.1 293.5 65.4 292.9 65.6 292.3
  65.9 291.7 66.0 291.1 66.2 290.1 66.4 289.1 66.6 288.1 66.8 287.1 66.9 286.1
  67.0 285.1 67.1 284.1 67.2 283.1 67.2 282.1 67.3 281.1 67.4 280.1 67.4 279.0
  67.4 278.0 67.4 277.1 67.4 276.1 67.5 275.2 67.4 274.3 67.4 273.5 67.3 272.6
  67.3 271.8 67.2 270.9 67.1 270.1 67.0 269.3 66.9 268.4 66.9 267.6 66.8 266.7
  66.7 265.9 66.6 265.0 66.5 264.1 66.5 263.2 66.3 262.4 66.2 261.5 66.1 260.7
  65.9 259.9 65.7 259.7 65.5 259.5 65.2 259.3 65.0 259.0 64.7 258.7 64.5 258.3
  64.2 258.0 64.0 257.6 63.7 257.3 63.4 257.0 63.2 256.6 62.9 256.2 62.6 255.8
  62.2 255.4 61.8 254.9 61.4 254.5 61.0 254.0 60.6 253.6 60.2 253.1 59.8 252.7
  59.5 252.1 59.2 251.5 58.7 251.0 58.3 250.4 57.9 249.8 57.5 248.9 57.1 248.1
  56.8 247.2 56.4 246.3 56.0 245.4 55.7 244.6 55.4 243.6 55.0 242.6 54.7 241.5
  54.4 240.5 54.1 239.5 53.6 238.5 53.2 237.5 52.7 236.5 52.3 235.6 51.8 234.7
  51.3 233.9 50.7 233.2 50.2 232.4 49.7 231.7 49.2 231.1 48.8 230.4 48.3 229.7
  47.9 229.0 47.4 228.4 47.0 227.8 46.8 227.2 46.7 226.6 46.6 226.0 46.5 225.4
  46.3 224.9 46.2 224.4 46.1 223.9 46.2 223.4 46.4 222.9 46.5 222.4 46.6 222.0
  46.7 221.5 46.8 221.1 46.8 220.6 46.8 220.2 46.8 219.8 46.9 219.5 47.0 219.1
  47.2 218.8 47.4 218.6 47.6 218.4 47.9 218.2 48.2 218.1 48.5 218.2 48.8 218.4
  49.1 218.5 49.3 218.6 49.5 218.7 49.8 218.7 50.0 218.8 50.1 218.8 50.3 218.9
  50.5 219.1 50.7 219.2 50.8 219.3 51.0 219.4 51.1 219.5 51.2 219.5 51.2 219.5
  51.3 219.5 51.3 219.4 51.2 219.4 51.2 219.2 51.1 219.1 51.0 219.0 50.8 218.8
  50.5 218.6 50.3 218.4 50.1 218.1 49.9 217.8 49.7 217.4 49.5 217.0 49.3 216.5
  49.1 216.0 49.0 215.4 48.8 214.8 48.6 214.1 48.4 213.4 48.2 212.7 48.0 212.0
  47.6 211.1 47.3 210.2 47.0 209.3 46.7 208.5 46.5 207.6 46.1 206.8 45.8 205.9
  45.4 204.8 45.1 203.8 44.7 202.7
   5  9 71  0.0
  72.5 321.4 72.3 320.4 72.1 319.4 71.9 318.5 71.6 317.9 71.4 317.3 71.2 316.8
  71.0 316.3 70.8 315.8 70.6 315.4 70.3 315.0 70.1 314.6 69.9 314.3 69.8 314.3
  69.6 314.4 69.4 314.4 69.3 314.5 69.2 314.6 69.0 314.6 68.9 314.7 68.8 314.9
  68.7 315.0 68.7 315.1 68.6 315.3 68.5 315.5 68.5 315.7 68.4 315.9 68.4 316.1
  68.2 316.4 68.0 316.6 67.8 317.0 67.6 317.5 67.4 317.9 67.1 318.3 66.9 318.8
  66.7 319.2 66.5 319.7 66.3 320.3 66.1 320.8 65.8 321.3 65.6 321.8 65.4 322.2
  65.1 322.7 64.9 323.2 64.7 323.6 64.5 324.1 64.2 324.6 63.9 325.1 63.6 325.4
  63.4 325.6 63.1 325.9 62.9 326.1 62.6 326.3 62.3 326.4 62.1 326.6 61.8 326.6
  61.6 326.2 61.3 325.8 61.1 325.3 60.8 324.8 60.6 324.2 60.3 323.7 60.3 323.0
  60.3 322.4 60.2 321.7 60.2 320.9 60.2 320.1 60.1 319.3 60.3 318.4 60.5 317.5
  60.6 316.6 60.8 315.6 61.0 314.7 61.3 313.7 61.6 312.8 61.8 311.9 62.2 311.0
  62.6 310.3 63.0 309.7 63.3 309.0 63.7 308.3 64.1 307.6 64.5 306.8 64.9 306.0
  65.3 305.1 65.7 304.2 66.0 303.2 66.4 302.2 66.8 301.1 67.2 300.0 67.6 298.9
  68.0 297.8 68.4 296.6 68.9 295.4 69.2 294.2 69.6 292.9 70.0 291.5 70.4 290.0
  70.8 288.4 71.1 286.8 71.4 285.2 71.6 283.5 71.9 281.9 72.1 280.3 72.3 278.5
  72.5 276.7 72.7 274.9 72.9 273.1 73.1 271.3 73.2 269.4 73.3 267.5 73.4 265.7
  73.5 263.8 73.6 261.9 73.6 260.1 73.7 258.2 73.7 256.4 73.7 254.4 73.6 252.4
  73.5 250.4 73.3 248.2 73.2 246.0 73.0 243.8 72.7 241.6 72.5 239.5 72.3 237.4
  72.1 235.5 71.9 233.5 71.7 232.0 71.6 230.4 71.4 228.8 71.2 227.2 71.0 225.6
  70.7 224.0 70.4 222.4 70.1 220.9 69.8 219.4 69.6 218.3 69.3 217.2 69.0 216.1
  68.7 215.0 68.4 213.9 68.1 212.8 67.7 211.7 67.4 211.0 67.1 210.2 66.7 209.4
  66.4 208.7 66.1 208.0 65.8 207.3 65.5 207.0 65.2 206.8 64.9 206.6 64.6 206.5
  64.3 206.3 64.1 206.1 63.8 206.0 63.6 206.1 63.3 206.3 63.0 206.4 62.7 206.5
  62.4 206.6 62.1 206.7 61.7 206.9 61.4 207.1 61.0 207.5 60.7 207.8 60.3 208.1
  59.8 208.5 59.3 208.9 58.8 209.3 58.3 209.7 57.7 209.9 57.1 209.9 56.5 209.8
  55.8 209.8 55.1 209.2 54.4 208.7 53.5 208.2 52.6 207.2 51.7 206.3 50.6 204.9
  49.7 203.5 48.8 202.1 47.8 200.9 46.9 199.6 46.1 198.4 45.3 197.3 44.4 196.0
  43.6 194.8 42.9 193.1 42.3 191.3 41.7 189.4 41.2 187.2 40.6 184.8 40.1 182.5
  39.9 180.1 39.7 177.6 39.9 175.2 40.4 173.0 40.8 170.9 41.1 168.8 41.5 166.7
  41.9 164.7 42.5 163.1 43.2 161.9 43.9 160.8 44.7 159.8 45.1 159.3 45.4 158.8
  45.8 158.4 46.2 157.9 46.6 157.7 47.0 157.6 47.4 157.3 47.8 157.1 48.2 156.9
  48.7 156.7 49.1 156.5 49.5 156.3 49.8 156.0 50.1 155.8 50.2 155.5 50.3 155.2
  50.4 154.9 50.5 154.5 50.7 154.2 50.8 153.8 50.9 153.4 51.0 153.0 51.2 152.6
  51.3 152.3 51.4 152.0 51.6 151.6 51.7 151.4 51.9 151.1 52.0 150.9 52.1 150.4
  52.2 149.9 52.3 149.5 52.4 149.0
   5 10 71  0.0
  72.5 321.4 72.4 320.5 72.4 319.6 72.3 318.8 72.2 318.0 72.1 317.2 72.1 316.5
  72.0 315.7 71.9 315.2 71.8 314.7 71.6 314.1 71.5 313.6 71.5 313.0 71.4 312.4
  71.3 311.8 71.1 311.2 71.0 310.6 70.8 309.9 70.6 309.2 70.4 308.5 70.3 307.7
  70.1 307.0 69.9 306.1 69.7 305.5 69.5 304.8 69.3 304.0 69.2 303.3 69.0 302.5
  68.9 301.7 68.7 300.9 68.6 300.1 68.5 299.2 68.3 298.3 68.1 297.3 67.9 296.3
  67.8 295.4 67.6 294.4 67.4 293.3 67.2 292.2 67.0 291.0 66.7 289.8 66.4 288.4
  66.1 287.1 65.8 285.6 65.5 284.3 65.2 282.9 65.0 281.5 64.7 280.1 64.4 278.6
  64.4 277.0 64.4 275.5 64.4 273.9 64.4 272.4 64.4 270.9 64.4 269.4 64.4 267.8
  64.6 266.2 64.7 264.6 64.8 263.0 65.0 261.3 65.2 259.7 65.5 258.0 65.7 256.3
  66.0 254.5 66.3 252.5 66.5 250.3 66.7 248.2 66.9 246.1 67.1 244.1 67.3 242.1
  67.6 240.2 67.9 238.5 68.2 236.8 68.5 235.2 68.7 233.8 68.9 232.5 69.2 231.2
  69.4 230.1 69.6 228.9 69.8 227.8 69.9 226.6 70.1 225.5 70.3 224.2 70.5 223.0
  70.6 221.7 70.7 220.4 70.9 219.2 70.9 218.0 70.9 216.8 71.0 215.6 70.9 214.5
  70.9 213.4 70.8 212.3 70.8 211.3 70.6 210.3 70.5 209.4 70.4 208.5 70.2 207.7
  70.1 207.0 69.9 206.2 69.8 205.8 69.6 205.5 69.4 205.1 69.3 204.7 69.1 204.3
  68.9 203.9 68.7 203.6 68.4 203.2 68.2 202.8 67.9 202.5 67.6 202.6 67.3 202.8
  67.0 202.9 66.7 202.9 66.3 202.9 65.9 202.9 65.5 203.1 65.1 203.2 64.7 203.3
  64.2 203.4 63.7 203.4 63.2 203.6 62.7 203.7 62.1 203.8 61.6 203.9 61.1 203.8
  60.6 203.7 60.0 203.6 59.5 203.4 59.0 202.9 58.5 202.4 58.0 201.9 57.5 201.2
  56.9 200.5 56.4 199.9 55.8 199.3 55.2 198.5 54.6 197.8 54.0 197.1 53.5 196.5
  52.9 195.6 52.4 194.7 51.9 194.0 51.5 193.0 51.0 192.2 50.5 191.4 50.1 190.6
  49.8 189.9 49.4 189.0 49.1 188.1 48.7 187.2 48.4 186.3 48.0 185.5 47.6 184.6
  47.3 183.7 46.9 182.9 46.5 182.1 46.1 181.3 45.6 180.5 45.2 179.8 44.9 179.1
  44.6 178.4 44.3 177.7 44.0 177.1 43.6 176.4 43.2 175.8 42.8 175.2 42.4 174.6
  41.9 174.1 41.4 173.3 40.8 172.5 40.2 171.8 39.9 171.1 39.6 170.0 39.2 169.0
  38.9 168.0 38.9 167.0 38.8 166.2 38.8 165.3 38.7 164.5 38.6 163.8 38.8 163.2
  38.9 162.5 39.1 161.9 39.1 161.4 39.2 160.8 39.2 160.3 39.1 159.9 39.2 159.4
  39.3 159.0 39.4 158.6 39.4 158.2 39.5 157.8 39.4 157.5 39.4 157.2 39.3 156.8
  39.2 156.5 39.1 156.1 38.9 155.8 39.0 155.4 38.9 155.0 38.9 154.7 38.8 154.3
  38.6 154.0 38.5 153.7 38.2 153.4 38.0 153.0 37.7 152.4 37.3 151.7 37.3 151.0
  37.2 150.3 37.1 149.6 36.9 149.0 36.6 148.3 36.3 147.7 36.2 147.1 36.1 146.5
  35.8 145.9 35.6 144.9 35.2 143.8 35.5 142.8 35.6 141.8 35.8 140.9 35.9 140.0
  36.0 139.2 36.3 138.7 36.6 138.2 36.8 137.6 36.9 137.1 37.0 136.5 37.1 136.0
  37.4 135.4 37.8 134.9 38.1 134.4 38.4 134.1 38.6 133.9 38.9 133.7 39.1 133.5
  39.3 133.4 39.5 133.3 39.7 133.2
   5 11 71  0.0
  72.5 321.4 72.5 320.3 72.4 319.2 72.2 318.2 72.1 317.2 71.9 316.3 71.8 315.7
  71.4 315.1 71.1 314.5 70.8 313.9 70.5 313.3 70.2 312.8 70.0 312.2 69.8 311.6
  69.4 311.0 69.0 310.5 68.6 310.0 68.3 309.5 67.9 309.0 67.6 308.4 67.3 307.8
  66.9 307.2 66.6 306.6 66.3 306.0 66.1 305.4 65.9 304.7 65.7 304.0 65.5 303.4
  65.4 302.8 65.2 302.3 65.1 301.7 64.9 301.2 64.8 300.8 64.7 300.4 64.5 300.1
  64.4 299.8 64.3 299.7 64.2 299.6 64.1 299.5 64.0 299.4 63.9 299.4 63.8 299.4
  63.7 299.4 63.7 299.4 63.6 299.4 63.5 299.4 63.4 299.4 63.3 299.3 63.3 299.3
  63.2 299.2 63.1 299.1 63.0 299.0 63.0 298.8 62.9 298.6 62.9 298.3 62.9 298.0
  62.9 297.6 62.9 297.2 63.0 296.7 63.0 296.2 63.1 295.6 63.0 294.9 62.9 294.3
  62.7 293.7 62.6 293.1 62.6 292.5 62.5 291.8 62.3 291.1 62.1 290.4 61.9 289.6
  61.7 289.0 61.6 288.3 61.5 287.6 61.1 286.9 60.8 286.2 60.6 285.5 60.3 284.8
  60.1 284.2 59.9 283.5 59.6 282.8 59.4 282.1 59.2 281.4 59.0 280.6 58.9 279.8
  58.7 278.9 58.4 278.0 58.1 277.2 57.9 276.4 57.8 275.4 57.6 274.4 57.4 273.5
  57.3 272.5 57.2 271.5 57.0 270.5 56.8 269.5 56.6 268.4 56.4 267.2 56.1 266.0
  55.8 264.7 55.5 263.6 55.3 262.4 55.1 261.3 54.9 260.2 54.7 259.0 54.6 257.9
  54.5 256.8 54.3 255.7 54.3 254.6 54.2 253.6 54.1 252.5 53.9 251.5 54.0 250.8
  54.0 250.1 53.9 249.4 53.9 248.8 53.9 248.1 53.8 247.5 53.9 247.0 53.9 246.5
  53.8 246.0 53.8 245.6 53.7 245.1 53.7 244.8 53.6 244.4 53.5 244.1 53.4 243.7
  53.2 243.4 53.1 243.1 53.0 242.7 52.8 242.4 52.7 242.0 52.6 241.7 52.4 241.3
  52.3 240.9 52.2 240.5 52.0 240.1 51.9 239.6 51.8 239.4 51.7 239.1 51.6 238.8
  51.6 238.5 51.5 238.2 51.5 237.8 51.5 237.5 51.5 237.1 51.5 236.7 51.5 236.3
  51.5 235.9 51.6 235.5 51.7 235.1 51.7 234.6 51.7 234.1 51.7 233.6 51.6 233.1
  51.5 232.4 51.4 231.8 51.2 231.1 51.1 230.3 50.9 229.5 50.8 228.6 50.7 227.7
  50.6 226.7 50.4 225.7 50.3 224.7 50.1 223.6 49.9 222.4 49.7 221.2 49.5 220.0
  49.3 218.7 49.0 217.4 48.7 216.0 48.4 214.6 48.0 213.1 47.6 211.6 47.2 210.0
  46.8 208.4 46.4 206.6 46.0 204.8 45.5 203.1 45.0 201.3 44.4 199.4 43.8 197.5
  43.3 195.9 42.7 194.4 42.2 192.8 41.6 191.3 41.0 190.0 40.4 188.7 39.8 187.3
  39.2 185.9 38.5 184.5 37.9 182.9 37.1 181.4 36.3 179.9 35.5 178.3 34.6 176.9
  33.9 175.4 33.4 174.0 32.9 172.5 32.5 170.9 32.2 169.3 31.9 167.7 31.7 166.3
  31.4 164.8 31.2 163.3 31.1 161.8 30.9 160.3 30.8 158.9 30.7 157.4 30.7 155.9
  30.8 154.4 31.0 152.9 31.1 151.4 31.3 150.1 31.5 148.8 31.7 147.6 31.9 146.5
  32.2 145.5 32.5 144.4 32.8 143.3 33.0 142.2 33.3 141.1 33.5 140.1 33.8 139.1
  34.0 138.2 34.2 137.4 34.5 136.6 34.7 135.9 34.9 135.2 35.1 134.5 35.3 133.8
  35.5 133.0 35.7 132.3 35.9 131.5 36.0 130.7 36.1 129.9 36.2 128.9 36.3 127.8
  36.4 126.7 36.5 125.6 36.6 124.5
   5 12 71  0.0
  72.5 321.4 72.4 320.9 72.2 320.3 72.0 319.9 71.7 319.4 71.3 319.1 70.9 318.9
  70.5 318.6 70.0 318.3 69.5 318.0 69.1 317.5 68.6 317.1 68.1 316.6 67.6 316.1
  67.2 315.8 66.5 315.4 65.8 315.1 65.2 315.0 64.6 314.8 64.1 314.6 63.6 314.3
  63.2 313.9 62.8 313.5 62.5 313.0 62.3 312.3 62.1 311.6 61.6 310.8 61.3 310.0
  61.0 309.1 60.7 308.2 60.5 307.3 60.3 306.3 60.0 305.4 59.8 304.4 59.7 303.5
  59.6 302.7 59.5 301.8 59.5 300.9 59.5 299.9 59.5 298.8 59.6 297.7 59.7 296.5
  59.8 295.3 59.9 294.1 60.0 292.8 60.1 291.5 60.1 289.8 60.0 288.0 59.8 286.1
  59.6 284.4 59.4 282.6 59.2 280.8 59.1 278.9 59.0 276.9 58.9 274.9 58.7 272.9
  58.5 270.9 58.1 268.8 57.8 266.8 57.4 264.9 57.0 263.0 56.6 261.0 56.2 259.2
  55.8 257.5 55.5 256.1 55.1 254.8 54.8 253.4 54.4 252.0 54.1 250.6 53.8 249.2
  53.5 248.2 53.2 247.2 53.0 246.1 52.9 245.0 52.7 243.9 52.6 242.8 52.4 241.7
  52.3 240.5 52.1 239.2 52.0 237.9 51.9 237.0 51.8 236.0 51.7 235.0 51.6 233.9
  51.6 232.7 51.6 231.4 51.4 230.1 51.3 228.7 51.1 227.2 51.0 225.6 50.8 223.9
  50.7 222.3 50.7 220.6 50.6 218.8 50.7 217.1 50.8 215.3 50.8 213.5 50.9 211.7
  50.9 209.9 50.9 208.2 50.9 206.6 50.9 204.9 50.9 203.3 50.8 201.7 50.9 200.2
  50.9 198.7 50.9 197.3 50.9 195.9 50.6 194.5 50.4 193.2 50.2 191.9 49.8 190.7
  49.4 189.6 49.1 188.4 48.8 187.3 48.5 186.2 48.3 185.1 48.1 184.0 47.7 182.9
  47.4 181.6 47.1 180.3 46.8 179.0 46.1 177.7 45.5 176.5 44.9 175.1 44.2 173.7
  43.6 172.2 43.1 170.5 42.6 168.9 42.2 167.2 41.9 165.5 41.5 163.9 41.2 162.2
  40.8 160.5 40.5 158.7 40.3 156.9 40.1 155.1 40.1 153.2 40.0 151.4 39.9 149.6
  39.9 148.0 39.7 146.4 39.6 145.0 39.5 143.6 39.3 142.4 39.1 141.1 38.9 140.0
  38.6 138.8 38.3 137.7 38.0 136.6 37.7 135.5 37.3 134.4 37.0 133.2 36.6 132.1
  36.3 131.0 36.0 129.9 35.7 128.7 35.5 127.6 35.1 126.4 34.7 125.2 34.3 124.0
  33.9 122.9 33.7 121.6 33.5 120.3 33.3 119.0 33.3 117.7 33.4 116.5 33.4 115.3
  33.6 114.0 33.8 112.9 34.0 111.8 34.3 110.7 34.6 109.7 34.9 108.8 35.2 107.9
  35.6 107.0 36.1 106.3 36.6 105.6 37.2 104.9 37.7 104.3 38.3 103.7 38.9 103.2
  39.4 102.7 40.0 102.1 40.6 101.6 41.2 101.1 41.8 100.7 42.4 100.2 43.0  99.9
  43.5  99.6 44.0  99.4 44.6  99.2 45.1  99.1 45.7  99.0 46.3  98.9 46.9  98.9
  47.4  98.9 48.0  98.9 48.6  98.9 49.2  99.0 49.7  99.0 50.3  99.1 50.9  99.2
  51.4  99.3 52.0  99.5 52.5  99.6 53.0  99.7 53.5  99.7 54.0  99.8 54.4  99.9
  54.9  99.8 55.3  99.8 55.7  99.8 56.0  99.8 56.4  99.4 56.7  99.1 57.0  98.7
  57.3  98.3 57.6  98.0 57.9  97.6 58.1  97.2 58.4  96.4 58.7  95.6 59.0  94.8
  59.2  93.9 59.4  93.0 59.6  92.0 59.8  90.9 59.8  89.8 59.9  88.7 60.0  87.5
  60.0  86.4 60.0  85.2 60.0  83.8 60.0  82.3 59.9  81.1 59.8  79.8 59.7  79.1
  59.5  78.4 59.4  77.7 59.2  77.0
   5 13 71  0.0
  72.5 321.4 72.0 321.2 71.6 321.0 71.1 321.1 70.6 321.2 70.1 321.3 69.5 321.4
  69.0 321.8 68.4 322.3 67.9 322.7 67.4 323.4 66.8 324.0 66.3 324.5 65.8 325.0
  65.3 325.4 64.8 325.7 64.3 326.0 63.8 326.3 63.4 326.2 62.9 326.2 62.5 326.1
  62.1 326.1 61.7 326.0 61.3 325.7 61.0 325.4 60.7 325.1 60.4 324.8 60.1 324.5
  59.8 324.3 59.6 323.8 59.2 323.4 58.8 322.9 58.5 322.5 58.1 322.1 57.8 321.8
  57.4 321.1 57.1 320.4 56.8 319.8 56.6 319.2 56.5 318.6 56.4 318.0 56.3 317.4
  56.3 316.9 56.3 316.4 56.3 316.0 56.4 315.6 56.5 315.3 56.7 315.0 56.8 314.7
  56.9 314.5 57.1 314.3 57.2 314.1 57.3 313.9 57.3 313.7 57.4 313.5 57.5 313.4
  57.6 313.2 57.6 313.0 57.7 312.9 57.7 312.8 57.8 312.7 57.8 312.6 57.9 312.5
  57.9 312.4 57.9 312.2 58.0 312.1 58.0 311.9 58.0 311.7 58.0 311.5 57.9 311.3
  57.9 311.0 57.8 310.8 57.8 310.5 57.7 310.2 57.6 309.9 57.6 309.6 57.5 309.2
  57.5 308.9 57.5 308.6 57.5 308.2 57.5 307.8 57.5 307.4 57.5 307.0 57.5 306.5
  57.4 306.0 57.4 305.4 57.3 304.8 57.4 304.1 57.4 303.5 57.4 302.8 57.3 302.0
  57.3 301.3 57.3 300.5 57.3 299.7 57.1 298.9 56.8 298.0 56.6 297.2 56.3 296.3
  56.0 295.4 55.7 294.5 55.4 293.4 55.2 292.3 55.0 291.2 54.9 290.2 54.8 289.1
  54.7 288.1 54.6 287.0 54.4 286.0 54.2 285.0 54.0 284.0 53.7 283.0 53.6 282.1
  53.4 281.1 53.3 280.2 53.1 279.2 53.0 278.3 52.9 277.4 52.8 276.4 52.6 275.4
  52.5 274.5 52.3 273.5 52.0 272.5 51.8 271.6 51.8 270.7 51.8 269.9 51.8 269.0
  51.8 268.2 51.7 267.3 51.9 266.4 52.0 265.5 52.1 264.7 52.2 263.8 52.6 262.9
  53.1 262.1 53.5 261.2 53.9 260.3 54.2 259.4 54.7 258.5 55.1 257.5 55.4 256.5
  55.8 255.5 56.2 254.5 56.7 253.5 57.3 252.7 57.8 251.8 58.4 250.9 59.0 250.1
  59.5 249.2 60.0 248.2 60.5 247.2 60.9 246.2 61.3 245.1 61.7 244.0 62.1 242.9
  62.5 241.7 62.8 240.5 63.2 239.3 63.6 238.1 63.9 236.9 64.2 235.7 64.5 234.4
  64.8 233.2 65.1 232.0 65.2 230.7 65.4 229.5 65.5 228.3 65.7 227.2 65.7 226.0
  65.7 224.8 65.8 223.6 65.7 222.5 65.6 221.4 65.5 220.4 65.5 219.4 65.3 218.5
  65.2 217.6 65.1 216.8 64.9 216.1 64.8 215.4 64.6 214.8 64.4 214.3 64.2 213.8
  64.0 213.4 63.8 212.9 63.6 212.4 63.5 211.9 63.1 211.5 62.8 211.1 62.5 210.7
  62.1 210.4 61.8 210.1 61.4 209.6 61.1 209.3 60.7 208.9 60.4 208.6 60.0 208.3
  59.7 207.9 59.2 207.4 58.7 206.9 58.2 206.3 57.7 205.8 57.3 204.9 56.9 204.1
  56.4 203.3 55.8 202.5 55.2 201.6 54.5 200.7 53.9 199.9 53.2 198.9 52.6 197.9
  51.9 197.0 51.3 195.8 50.7 194.7 50.1 193.7 49.6 192.7 49.0 191.7 48.5 190.8
  48.0 189.9 47.5 189.1 47.1 188.1 46.6 187.2 46.1 186.3 45.7 185.4 45.2 184.4
  44.7 183.5 44.2 182.7 43.7 181.8 43.2 181.0 42.6 180.2 41.9 179.5 41.5 178.6
  41.0 177.7 40.5 176.8 39.9 175.9 39.5 174.8 39.1 173.7 38.6 172.6 38.0 171.5
  37.8 170.0 37.6 168.4 37.3 166.8
   5 14 71  0.0
  72.5 321.4 72.3 321.6 72.0 321.9 71.7 322.1 71.5 322.6 71.2 323.0 71.0 323.5
  70.7 324.0 70.4 324.4 70.2 324.9 70.0 325.4 69.8 326.0 69.6 327.0 69.4 328.0
  69.2 328.9 69.0 329.8 68.8 330.5 68.6 331.2 68.4 331.8 68.2 332.2 68.1 332.6
  67.9 333.0 67.8 333.5 67.7 334.0 67.5 334.3 67.4 334.6 67.3 334.8 67.1 335.0
  67.0 335.0 66.9 335.0 66.7 335.0 66.6 334.9 66.4 334.8 66.3 334.7 66.1 334.5
  66.0 334.3 65.8 334.1 65.7 333.9 65.6 333.7 65.5 333.5 65.4 333.3 65.3 333.1
  65.2 333.0 65.1 332.8 65.0 332.6 64.9 332.4 64.9 332.2 64.8 332.0 64.7 331.7
  64.6 331.5 64.5 331.3 64.5 331.1 64.4 330.9 64.4 330.7 64.3 330.5 64.3 330.4
  64.3 330.2 64.3 330.1 64.3 330.0 64.3 329.8 64.3 329.7 64.4 329.6 64.4 329.5
  64.5 329.5 64.6 329.4 64.6 329.3 64.7 329.3 64.8 329.2 64.9 329.2 65.0 329.2
  65.1 329.2 65.2 329.2 65.4 329.2 65.5 329.2 65.6 329.2 65.7 329.2 65.8 329.3
  65.9 329.3 66.0 329.3 66.1 329.3 66.2 329.2 66.3 329.1 66.3 329.1 66.4 329.0
  66.5 329.0 66.5 328.9 66.5 328.9 66.6 328.8 66.6 328.8 66.6 328.7 66.7 328.7
  66.7 328.6 66.7 328.6 66.7 328.5 66.7 328.4 66.7 328.3 66.7 328.3 66.7 328.2
  66.7 328.1 66.7 327.9 66.7 327.8 66.7 327.6 66.6 327.4 66.6 327.1 66.6 326.9
  66.5 326.6 66.5 326.3 66.5 326.0 66.4 325.7 66.4 325.4 66.3 325.0 66.3 324.7
  66.2 324.4 66.1 324.1 66.0 323.9 65.9 323.6 65.8 323.7 65.7 323.8 65.5 324.0
  65.4 324.1 65.2 324.3 65.1 324.5 64.9 324.7 64.6 324.9 64.4 325.1 64.1 325.3
  63.8 325.5 63.5 325.8 63.2 326.1 62.8 326.3 62.4 326.5 62.0 326.7 61.6 326.9
  61.2 327.1 60.7 327.2 60.3 327.4 59.9 327.5 59.6 327.7 59.2 327.8 58.9 327.9
  58.6 328.0 58.3 328.1 58.0 328.1 57.7 328.2 57.4 328.2 57.2 328.1 56.9 328.1
  56.6 328.0 56.4 327.9 56.1 327.8 55.9 327.6 55.6 327.6 55.3 327.5 55.0 327.3
  54.7 327.2 54.4 327.0 54.0 326.9 53.7 326.7 53.3 326.4 53.0 326.1 52.7 325.8
  52.4 325.5 52.0 325.1 51.7 324.7 51.4 324.3 51.1 323.9 50.7 323.5 50.3 323.1
  49.8 322.8 49.4 322.3 48.9 321.8 48.4 321.2 47.9 320.6 47.4 319.7 46.9 318.8
  46.5 317.8 46.1 316.8 45.7 315.8 45.2 314.7 44.8 313.6 44.3 312.6 43.8 311.5
  43.2 310.5 42.6 309.4 42.0 308.2 41.4 307.0 40.9 305.8 40.4 304.5 39.8 303.2
  39.5 301.9 39.1 300.7 38.6 299.5 38.4 298.3 38.1 297.1 37.8 296.0 37.4 295.0
  37.4 294.0 37.3 293.0 37.3 291.9 37.5 290.9 37.7 289.9 37.9 288.9 38.1 288.0
  38.2 287.2 38.7 286.5 39.1 285.7 39.5 285.0 40.0 284.2 40.4 283.5 40.8 282.7
  41.2 281.8 41.6 280.9 42.0 280.1 42.5 279.3 42.8 278.6 43.1 277.9 43.4 277.3
  43.7 276.7 44.0 276.1 44.4 275.6 44.7 275.1 45.1 274.5 45.4 274.0 45.7 273.4
  46.0 272.8 46.3 272.2 46.5 271.5 46.7 270.8 46.8 270.0 46.9 269.2 47.0 268.4
  47.1 267.6 47.4 266.8 47.7 266.0 47.9 265.3 48.1 264.5 48.3 263.6 48.6 262.7
  48.9 261.7 49.2 260.8 49.4 259.8
   5 15 71  0.0
  72.5 321.4 72.2 320.8 71.9 320.2 71.6 319.7 71.2 319.1 70.8 318.6 70.5 318.2
  70.1 317.8 69.8 317.4 69.6 316.9 69.4 316.5 69.2 316.1 69.0 315.6 68.8 315.2
  68.6 314.9 68.3 314.6 68.1 314.3 67.9 314.0 67.7 313.7 67.5 313.3 67.3 313.0
  67.1 312.6 67.0 312.3 66.8 311.9 66.6 311.5 66.4 311.0 66.2 310.6 66.1 310.3
  66.0 310.0 65.8 309.4 65.8 308.8 65.7 308.2 65.6 307.6 65.5 307.0 65.4 306.4
  65.3 305.8 65.3 305.2 65.3 304.4 65.2 303.7 65.0 302.8 64.9 301.9 64.7 301.0
  64.6 299.9 64.4 298.9 64.2 297.7 64.1 296.4 63.9 295.1 63.8 293.5 63.7 291.8
  63.7 290.1 63.6 288.4 63.6 286.8 63.6 285.2 63.6 283.6 63.7 282.1 63.8 280.7
  63.9 279.3 64.2 278.0 64.5 276.8 64.8 275.6 65.2 274.4 65.7 273.3 66.2 272.1
  66.7 271.0 67.3 269.9 67.8 268.7 68.4 267.5 69.0 266.7 69.6 265.9 70.1 265.1
  70.6 264.8 71.2 264.5 71.6 264.1 72.1 263.7 72.4 263.9 72.8 264.0 73.1 264.1
  73.4 264.2 73.7 264.3 73.9 264.3 74.1 264.3 74.3 265.1 74.5 266.0 74.6 266.9
  74.8 267.8 74.9 268.9 75.0 270.0 75.2 271.3 75.3 272.7 75.4 274.3 75.4 276.1
  75.4 278.0 75.4 280.2 75.5 282.6 75.5 285.1 75.4 287.8 75.4 290.5 75.2 293.2
  75.0 295.6 74.7 297.6 74.2 299.2 73.7 300.6 73.2 301.8 72.7 302.8 72.0 303.6
  71.3 303.8 70.6 304.0 69.8 304.0 69.1 303.7 68.3 303.3 67.5 302.9 66.8 302.2
  66.2 301.5 65.6 300.8 65.1 299.7 64.6 298.6 64.2 297.4 63.9 296.0 63.8 294.6
  63.5 293.1 63.3 291.3 62.9 289.5 62.6 287.6 62.2 285.6 61.9 283.6 61.7 281.6
  61.4 279.6 61.2 277.5 61.0 275.3 60.7 273.1 60.4 270.9 60.0 268.8 59.6 266.7
  59.1 264.5 58.7 262.4 58.3 260.4 58.0 258.6 57.7 256.9 57.3 255.3 57.0 253.7
  56.6 252.2 56.2 250.6 55.9 249.1 55.6 247.6 55.5 246.1 55.4 244.5 55.2 243.1
  55.1 241.6 54.9 240.1 54.7 238.7 54.5 237.2 54.3 235.7 54.2 234.1 54.0 232.4
  53.9 230.7 53.8 228.9 53.6 227.0 53.6 225.0 53.5 223.0 53.5 221.0 53.5 219.1
  53.6 217.2 53.7 215.4 53.9 213.6 54.0 212.0 54.1 210.4 54.1 209.1 54.3 207.8
  54.3 206.6 54.3 205.4 54.4 204.1 54.5 202.9 54.5 201.6 54.6 200.4 54.7 199.1
  54.7 197.7 54.8 196.4 54.9 195.0 54.9 193.6 54.9 192.2 55.0 190.8 54.9 189.4
  54.9 188.2 54.9 187.0 54.9 185.8 54.9 184.7 54.9 183.7 54.9 182.6 55.0 181.5
  55.0 180.5 55.1 179.5 55.1 178.5 55.1 177.6 55.1 176.7 55.2 176.0 55.2 175.3
  55.2 174.6 55.3 174.0 55.3 173.4 55.4 172.9 55.5 172.3 55.6 171.8 55.7 171.2
  55.7 170.7 55.8 170.1 55.8 169.4 55.8 168.8 55.9 168.2 55.9 167.7 55.9 167.1
  55.8 166.5 55.8 166.0 55.7 165.4 55.7 164.9 55.6 164.4 55.6 163.9 55.4 163.4
  55.2 162.9 55.0 162.4 54.8 162.0 54.7 161.5 54.5 161.0 54.3 160.5 54.2 160.1
  54.0 159.6 53.8 159.1 53.6 158.5 53.4 157.9 53.2 157.3 53.0 156.6 52.8 156.0
  52.6 155.4 52.3 154.9 52.0 154.4 51.7 153.9 51.4 153.7 51.1 153.5 50.7 153.2
  50.4 153.0 50.0 152.8 49.7 152.5
   5 16 71  0.0
  72.5 321.4 72.3 320.5 72.0 319.6 71.6 318.8 71.2 317.8 70.8 317.0 70.3 316.3
  69.8 315.7 69.2 315.0 68.6 314.5 67.9 314.0 67.3 313.3 66.6 312.6 65.8 312.1
  65.1 311.2 64.3 310.5 63.4 309.8 62.6 308.9 61.6 308.0 60.7 307.2 59.7 306.3
  58.8 305.5 57.8 304.7 56.8 303.8 55.9 303.0 55.0 302.1 54.1 301.2 53.1 300.4
  52.0 299.6 51.1 298.7 50.2 297.7 49.2 296.8 48.2 295.7 47.5 294.5 46.6 293.2
  45.8 291.8 45.2 290.3 44.6 288.6 43.9 286.9 43.7 285.2 43.5 283.5 43.8 281.9
  44.0 280.3 44.3 278.7 44.8 277.2 45.4 275.8 46.2 274.5 47.1 273.2 48.0 272.0
  49.0 270.8 50.1 269.8 51.3 268.9 52.4 268.1 53.6 267.3 54.7 266.5 55.8 265.8
  56.9 265.0 58.0 264.2 59.2 263.3 60.1 262.3 61.1 261.3 62.1 260.3 63.1 259.2
  64.0 258.1 64.8 256.9 65.7 255.7 66.4 254.4 67.1 253.2 67.8 251.8 68.4 250.3
  68.9 248.8 69.4 247.2 69.8 245.4 70.1 243.5 70.3 241.7 70.5 239.8 70.6 237.9
  70.6 236.0 70.6 234.0 70.6 232.2 70.5 230.3 70.4 228.6 70.2 227.0 70.0 225.5
  69.7 224.1 69.5 222.8 69.2 221.7 68.9 220.6 68.6 219.6 68.2 218.6 67.8 217.8
  67.4 217.1 67.0 216.6 66.6 216.1 66.2 215.6 65.7 215.2 65.3 215.0 64.9 214.9
  64.4 214.7 63.9 214.6 63.5 214.6 63.0 214.6 62.5 214.6 61.9 214.6 61.3 214.7
  60.7 214.8 60.1 214.9 59.4 215.0 58.8 215.0 58.1 215.1 57.4 215.2 56.7 215.1
  56.0 215.0 55.3 214.8 54.5 214.5 53.7 214.3 52.9 213.9 52.1 213.5 51.2 213.0
  50.3 212.5 49.4 212.0 48.6 211.5 48.1 211.0 47.7 210.5 47.3 209.9 47.0 209.2
  46.6 208.6 46.2 207.9 46.2 207.2 46.3 206.4 46.4 205.6 46.4 204.8 46.5 204.0
  46.5 203.2 46.8 202.3 47.0 201.4 47.3 200.6 47.5 199.7 47.8 198.8 48.0 197.8
  48.3 197.2 48.5 196.6 48.7 195.9 48.9 195.2 49.0 194.5 49.1 193.8 49.2 193.0
  49.3 192.3 49.5 191.6 49.6 190.9 49.7 190.2 49.8 189.6 49.9 189.0 50.0 188.5
  50.2 187.9 50.3 187.4 50.4 186.9 50.5 186.4 50.6 185.9 50.8 185.3 50.9 184.8
  51.0 184.3 51.2 183.8 51.3 183.3 51.6 182.8 51.8 182.3 52.1 181.8 52.4 181.2
  52.7 180.5 53.0 179.8 53.2 179.1 53.4 178.3 53.6 177.5 53.8 176.7 54.0 175.8
  54.1 174.9 54.3 174.0 54.4 173.0 54.5 172.0 54.7 171.0 54.8 169.9 54.9 168.8
  55.0 167.7 55.0 166.6 55.1 165.5 55.2 164.5 55.2 163.4 55.3 162.4 55.3 161.4
  55.3 160.4 55.4 159.4 55.4 158.4 55.4 157.5 55.4 156.6 55.4 155.8 55.3 155.0
  55.4 154.2 55.4 153.5 55.4 152.8 55.5 152.2 55.6 151.6 55.7 151.0 55.9 150.4
  56.1 149.8 56.3 149.6 56.5 149.3 56.8 149.1 57.0 148.9 57.2 148.6 57.4 148.4
  57.5 148.1 57.7 147.9 57.8 147.6 57.9 147.4 58.1 147.1 58.2 147.2 58.3 147.3
  58.4 147.5 58.5 147.7 58.7 147.8 58.8 148.0 58.9 148.2 58.9 148.3 59.0 148.5
  59.0 148.7 59.1 148.9 59.1 149.1 59.2 149.3 59.3 149.5 59.3 149.7 59.4 149.8
  59.4 150.0 59.5 150.2 59.5 150.3 59.6 150.5 59.6 150.6 59.6 150.7 59.6 150.9
  59.6 151.0 59.6 151.1 59.6 151.1
   5 17 71  0.0
  72.5 321.4 71.9 321.2 71.3 321.1 70.6 320.9 69.9 320.7 69.2 320.5 68.4 320.3
  67.6 320.1 66.8 320.0 65.8 319.8 64.9 319.3 63.9 318.9 62.9 318.1 61.9 317.3
  60.9 316.0 60.0 314.7 59.0 313.4 58.1 312.1 57.1 310.9 56.2 309.7 55.3 308.4
  54.5 307.1 53.9 305.7 53.3 304.4 52.8 302.9 52.6 301.3 52.5 299.7 52.4 298.0
  52.4 296.3 52.3 294.5 52.3 292.6 52.3 290.6 52.5 288.3 52.6 285.9 52.9 283.4
  53.1 280.9 53.5 278.6 53.7 276.5 54.1 274.6 54.4 272.9 54.8 271.3 55.1 269.7
  55.5 268.4 55.9 267.1 56.3 266.0 56.7 264.8 57.2 263.7 57.4 262.8 57.7 261.9
  57.9 261.2 58.3 260.6 58.7 259.8 58.8 259.1 58.9 258.5 59.0 257.9 59.1 257.4
  59.2 257.0 59.4 256.7 59.5 256.3 59.7 256.0 59.9 255.8 59.9 255.5 59.8 255.3
  59.7 255.1 59.7 255.0 59.6 254.8 59.6 254.6 59.5 254.4 59.5 254.3 59.5 254.1
  59.6 253.9 59.6 253.7 59.7 253.5 59.8 253.3 59.9 253.0 60.1 252.8 60.3 252.2
  60.6 251.7 60.7 251.2 60.8 250.7 60.9 250.2 61.0 249.8 61.2 249.3 61.4 248.8
  61.6 248.3 61.9 247.9 62.0 247.4 62.0 246.9 62.1 246.2 62.2 245.4 62.4 244.7
  62.5 244.0 62.5 243.3 62.5 242.6 62.4 241.9 62.4 241.2 62.5 240.5 62.5 239.8
  62.3 239.1 62.1 238.4 62.0 237.7 61.8 237.3 61.6 236.8 61.4 236.4 61.2 235.9
  60.8 235.3 60.4 234.8 60.0 234.2 59.6 233.9 59.2 233.7 58.8 233.4 58.4 233.0
  58.0 232.6 57.5 232.6 57.0 232.5 56.5 232.3 56.0 232.0 55.4 231.7 54.7 231.7
  53.9 231.6 53.1 231.7 52.3 231.8 51.5 231.8 50.7 231.9 50.0 232.0 49.6 232.1
  49.2 232.2 48.8 232.2 48.5 232.3 48.2 232.3 47.9 232.4 47.6 232.4 47.4 232.4
  47.2 232.4 47.1 232.5 46.9 232.5 46.8 232.5 46.6 232.5 46.5 232.5 46.4 232.4
  46.3 232.4 46.2 232.4 46.1 232.3 46.0 232.3 46.0 232.2 45.9 232.2 45.9 232.2
  45.9 232.1 45.9 232.0 45.8 231.9 45.5 231.8 45.2 231.7 44.9 231.5 44.6 231.3
  44.3 231.1 44.0 230.8 43.8 230.5 43.6 230.3 43.4 230.1 43.3 229.9 43.1 229.6
  43.0 229.4 43.0 229.1 42.9 228.8 42.8 228.5 42.8 228.2 42.8 227.8 42.5 227.5
  42.3 227.1 42.1 226.7 41.9 226.3 41.8 226.0 41.7 225.8 41.6 225.4 41.5 225.1
  41.5 224.7 41.5 224.3 41.5 223.8 41.0 223.3 40.6 222.7 40.3 222.0 40.0 221.3
  39.7 220.8 39.5 220.2 39.2 219.6 38.7 218.9 38.3 218.2 37.9 217.5 37.5 217.0
  37.2 216.4 37.0 215.8 36.6 215.1 36.3 214.4 36.0 213.7 35.7 213.3 35.5 212.9
  35.3 212.5 35.2 212.2 35.0 211.8 34.9 211.5 34.8 211.2 34.6 210.9 34.5 210.7
  34.3 210.4 34.2 210.2 34.0 210.1 33.9 209.9 33.7 210.0 33.6 210.1 33.5 210.3
  33.4 210.4 33.3 210.6 33.2 210.8 33.2 211.1 33.1 211.3 33.0 211.6 33.0 211.8
  32.9 212.1 33.0 212.5 33.1 212.9 33.2 213.3 33.3 213.7 33.4 214.2 33.5 214.7
  33.6 215.3 33.6 215.9 33.7 216.5 34.0 217.2 34.3 217.9 34.6 218.3 34.9 218.7
  35.2 219.1 35.4 219.5 35.7 219.9 35.9 220.3 36.6 220.6 37.2 220.7 37.8 220.8
  38.4 221.0 39.0 221.0 39.6 221.0
   5 18 71  0.0
  72.5 321.4 71.9 321.4 71.3 321.0 70.8 320.6 70.3 320.2 69.8 319.8 69.3 318.9
  68.8 318.0 68.3 317.1 67.7 316.3 67.3 315.1 66.7 314.1 66.2 313.1 65.6 312.1
  65.0 311.0 64.4 309.9 63.8 308.8 63.3 307.2 62.8 305.7 62.3 304.1 61.8 302.4
  61.2 300.5 60.7 298.7 60.1 297.0 59.5 295.4 58.8 294.0 58.1 292.6 57.4 291.3
  56.8 289.6 56.3 288.0 55.7 286.4 55.2 284.7 54.6 283.1 54.2 281.6 53.7 280.2
  53.2 278.8 53.2 277.4 53.1 276.2 53.0 274.9 53.2 273.6 53.4 272.4 53.6 271.2
  53.8 270.1 54.1 269.0 54.3 267.8 54.7 266.6 55.1 265.6 55.5 264.7 55.9 263.9
  56.3 263.2 56.7 262.1 57.1 261.1 57.6 260.2 58.0 259.4 58.4 258.4 58.9 257.5
  59.3 256.7 59.8 256.1 60.3 255.7 60.8 254.9 61.4 254.3 62.0 253.8 62.6 253.3
  63.3 252.8 64.0 252.3 64.9 251.9 65.6 251.5 66.3 251.1 67.1 250.6 67.9 250.1
  68.7 249.6 69.5 248.7 70.4 247.7 71.1 246.3 71.8 244.8 72.5 243.3 73.1 241.3
  73.6 239.2 73.9 237.1 74.3 235.1 74.5 232.8 74.7 230.5 74.8 228.3 74.8 226.3
  74.8 224.3 74.8 222.5 74.6 220.8 74.5 219.2 74.3 217.7 74.1 216.3 73.9 215.1
  73.6 214.6 73.3 214.2 72.9 213.8 72.5 213.4 72.0 213.0 71.5 212.6 71.0 212.8
  70.5 213.0 69.9 213.1 69.4 213.8 68.9 214.4 68.4 215.0 67.8 215.4 67.3 216.2
  66.7 217.0 66.1 217.6 65.4 218.2 64.7 219.0 63.9 219.8 63.2 220.7 62.4 221.6
  61.6 222.5 60.8 223.5 60.0 224.6 59.2 225.6 58.4 226.6 57.5 227.6 56.5 228.4
  55.5 229.1 54.4 229.7 53.3 230.2 52.3 230.7 51.2 231.2 50.2 231.6 49.2 232.0
  48.3 232.2 47.4 232.4 46.6 232.3 45.7 232.2 45.0 231.9 44.1 231.6 43.3 231.4
  42.5 231.0 41.8 230.5 41.2 229.8 40.6 229.0 40.1 228.2 39.6 227.4 39.2 226.5
  38.9 225.6 38.5 224.7 38.1 223.8 37.7 222.9 37.3 221.9 36.9 220.8 36.5 219.6
  36.3 218.4 36.0 217.1 35.8 215.8 35.7 214.5 35.6 213.2 35.5 211.9 35.5 210.6
  35.5 209.3 35.4 207.9 35.5 206.5 35.6 205.0 35.7 203.6 36.2 202.2 36.6 200.7
  37.1 199.3 37.6 197.9 38.0 196.6 38.4 195.3 38.7 193.9 39.0 192.5 39.2 191.1
  39.4 189.8 39.6 188.5 39.8 187.2 40.0 185.9 40.1 184.6 40.3 183.1 40.4 181.6
  40.5 180.1 40.7 178.6 40.7 177.1 40.7 175.6 40.6 174.2 40.5 172.8 40.3 171.4
  40.1 170.0 39.9 168.5 39.7 167.1 39.4 165.7 39.1 164.3 38.7 162.9 38.3 161.5
  37.8 160.3 37.3 159.1 36.8 158.0 36.3 156.9 35.8 155.8 35.4 154.8 34.9 153.8
  34.5 152.8 34.0 151.9 33.6 150.9 33.2 150.0 32.7 149.0 32.3 148.1 31.7 147.3
  31.3 146.4 30.8 145.6 30.3 144.7 29.7 143.9 29.5 143.0 29.3 142.2 29.1 141.4
  28.9 140.6 28.7 139.7 28.5 139.0 28.4 138.2 28.2 137.5 28.0 136.8 27.8 136.1
  27.5 135.4 27.4 134.7 27.3 134.0 27.1 133.4 27.0 132.7 26.9 132.0 27.0 131.3
  27.1 130.6 27.2 130.0 27.3 129.3 27.4 128.7 27.4 128.1 27.5 127.5 27.6 126.9
  27.8 126.3 27.9 125.7 28.1 125.1 28.2 124.6 28.4 124.0 28.5 123.5 28.8 123.0
  29.0 122.5 29.2 122.0 29.4 121.5
   5 19 71  0.0
  72.5 321.4 72.2 321.3 71.8 321.1 71.5 320.9 71.1 320.7 70.7 320.5 70.3 320.2
  69.9 319.9 69.5 319.4 69.0 318.9 68.6 318.4 68.0 317.9 67.4 317.5 66.8 316.7
  66.2 315.9 65.7 315.1 65.2 313.7 64.7 312.4 64.1 311.2 63.6 310.0 63.1 308.4
  62.5 307.0 62.0 305.6 61.4 304.0 60.8 302.5 60.3 301.1 59.7 299.7 59.2 298.1
  58.7 296.6 58.2 295.1 57.8 293.7 57.3 292.0 57.0 290.3 56.7 288.6 56.4 287.0
  56.2 285.4 56.0 283.9 55.8 282.1 55.7 280.3 55.6 278.6 55.5 276.8 55.5 275.1
  55.6 273.4 55.7 271.6 56.0 269.9 56.3 268.7 56.6 267.4 57.0 266.1 57.5 264.8
  57.9 263.4 58.5 262.0 59.1 261.1 59.7 260.1 60.3 259.0 61.1 258.4 61.9 257.8
  62.6 257.0 63.3 256.8 64.0 256.5 64.7 256.6 65.4 256.9 66.0 257.1 66.7 257.5
  67.4 257.9 68.1 258.3 68.9 258.8 69.7 259.2 70.4 259.8 71.2 260.3 71.7 260.8
  72.2 261.4 72.8 261.9 73.3 262.4 73.9 263.0 74.3 263.7 74.9 264.5 75.3 265.3
  75.6 266.2 76.0 267.2 76.4 268.2 76.7 269.3 77.0 270.5 77.4 271.7 77.7 272.9
  77.9 274.2 78.2 275.5 78.5 276.9 78.7 278.3 78.9 279.8 79.0 281.3 79.1 282.9
  79.1 284.4 79.1 286.0 79.0 287.6 79.0 289.2 78.9 290.8 78.7 292.4 78.6 294.0
  78.4 295.5 78.2 297.0 77.9 298.3 77.6 299.0 77.3 299.7 77.0 300.4 76.7 301.1
  76.3 301.8 76.0 302.5 75.6 302.8 75.3 303.2 75.0 303.5 74.7 304.0 74.3 304.4
  73.9 305.0 73.5 305.0 73.1 305.0 72.7 305.2 72.2 305.4 71.8 305.6 71.4 305.6
  70.9 305.6 70.5 305.6 70.1 305.7 69.6 305.7 69.3 305.3 68.9 304.9 68.5 304.5
  68.1 304.2 67.8 303.8 67.4 303.2 67.1 302.6 66.8 301.9 66.5 301.3 66.2 300.6
  66.0 299.8 65.6 298.7 65.2 297.5 64.9 296.2 64.7 294.8 64.4 293.4 64.1 291.9
  63.8 290.3 63.6 288.8 63.5 287.2 63.3 285.6 63.2 284.1 63.1 282.7 63.1 281.3
  63.2 280.0 63.2 278.8 63.4 277.6 63.6 276.5 63.8 275.4 64.2 274.4 64.6 273.3
  65.0 272.2 65.5 271.1 66.0 270.1 66.6 269.1 67.2 268.0 67.8 266.9 68.3 265.7
  68.9 264.9 69.5 264.0 70.1 263.1 70.6 262.6 71.1 262.2 71.6 261.6 72.0 261.0
  72.4 260.4 72.7 260.2 73.0 260.0 73.3 259.8 73.5 259.5 73.7 259.1 73.9 258.7
  74.0 258.2 74.1 257.7 74.2 257.9 74.3 258.2 74.4 258.5 74.5 258.9 74.5 259.3
  74.6 259.7 74.6 260.1 74.7 260.6 74.7 261.1 74.8 261.6 74.8 262.3 74.9 262.9
  74.9 263.7 74.9 264.5 74.9 265.4 74.9 266.4 74.9 267.5 75.0 268.8 75.0 270.3
  75.0 271.9 75.0 273.9 75.0 276.1 74.9 278.5 74.8 281.2 74.6 284.0 74.4 286.8
  74.1 289.4 73.6 291.8 73.0 293.9 72.4 295.5 71.6 296.9 70.8 297.4 70.1 297.8
  69.2 298.1 68.5 297.6 67.7 297.1 67.1 295.9 66.5 294.6 65.9 293.2 65.4 291.2
  64.9 289.2 64.4 287.1 63.9 285.0 63.4 282.9 63.0 280.7 62.7 278.5 62.5 276.3
  62.2 274.0 61.9 271.8 61.6 269.6 61.2 267.4 60.9 265.3 60.5 263.4 60.3 261.7
  60.1 260.0 59.8 258.5 59.7 256.8 59.4 255.2 59.2 253.7 58.9 252.3 58.6 251.0
  58.5 249.7 58.3 248.5 58.0 247.3
   5 20 71  0.0
  72.5 321.4 72.2 321.1 71.8 320.9 71.5 320.6 71.2 320.3 70.9 320.1 70.6 319.8
  70.3 319.5 70.0 319.2 69.8 318.9 69.6 318.3 69.4 317.6 69.2 316.8 69.0 315.9
  68.8 315.1 68.6 314.4 68.4 313.7 68.2 313.0 68.0 312.4 67.8 311.6 67.6 310.8
  67.4 310.1 67.2 309.4 67.0 308.7 66.8 308.0 66.7 307.4 66.4 306.8 66.2 306.2
  66.0 305.6 65.7 304.8 65.5 304.0 65.3 303.3 65.2 302.5 65.0 301.8 64.8 301.0
  64.7 300.3 64.6 299.6 64.5 298.9 64.4 298.2 64.3 297.5 64.1 296.9 64.0 296.3
  63.8 295.5 63.7 294.7 63.6 294.0 63.6 293.3 63.5 292.7 63.5 292.1 63.4 291.5
  63.4 290.9 63.5 290.4 63.5 290.0 63.5 289.6 63.6 289.3 63.6 289.0 63.6 288.8
  63.6 288.6 63.6 288.4 63.5 288.3 63.5 288.2 63.5 288.1 63.4 288.1 63.4 288.0
  63.3 287.9 63.4 287.8 63.4 287.6 63.4 287.4 63.5 287.2 63.5 286.9 63.5 286.6
  63.5 286.3 63.5 286.0 63.6 285.7 63.6 285.4 63.6 285.1 63.7 284.8 63.8 284.6
  64.0 284.3 64.2 284.1 64.5 284.1 64.8 284.1 65.1 284.2 65.5 284.3 65.9 284.4
  66.3 284.5 66.8 284.9 67.2 285.3 67.5 285.9 67.8 286.6 68.1 287.3 68.4 288.2
  68.5 289.3 68.5 290.4 68.6 291.6 68.6 292.8 68.4 294.2 68.2 295.6 67.9 296.9
  67.5 298.3 67.0 299.5 66.5 300.5 65.7 301.3 65.0 301.8 64.1 302.2 63.2 302.5
  62.3 302.3 61.3 302.2 60.2 301.7 59.1 301.3 58.0 300.7 56.9 300.1 55.9 299.5
  55.1 298.7 54.4 297.9 53.7 297.1 53.1 296.3 52.4 295.5 52.2 294.7 52.0 294.0
  51.8 293.3 51.5 292.7 51.1 292.2 50.7 291.7 50.8 291.2 50.8 290.6 50.8 290.0
  50.7 289.3 50.5 288.6 50.3 288.0 50.5 287.3 50.7 286.7 50.7 286.1 50.7 285.6
  50.7 285.1 50.6 284.5 50.5 284.0 50.4 283.5 50.7 283.0 50.9 282.5 51.1 281.9
  51.2 281.3 51.3 280.7 51.4 280.2 51.4 279.6 51.8 279.0 52.2 278.5 52.5 278.1
  52.8 277.6 53.1 277.2 53.4 276.8 53.6 276.3 53.8 275.8 54.6 275.3 55.3 274.9
  55.9 274.5 56.5 274.0 57.0 273.6 57.5 273.3 58.0 272.8 58.4 272.3 58.8 271.9
  59.5 271.3 60.3 270.8 61.0 270.0 61.8 269.2 62.5 268.3 63.2 267.4 64.1 266.4
  64.9 265.3 65.8 264.2 66.6 263.0 67.4 262.0 68.2 260.8 69.0 259.9 69.6 258.9
  70.2 257.8 70.9 257.0 71.4 256.2 71.9 255.3 72.3 254.3 72.7 253.7 73.1 253.2
  73.4 252.5 73.7 251.8 73.9 251.0 74.1 250.1 74.2 249.8 74.4 249.5 74.5 249.1
  74.6 248.7 74.7 248.3 74.8 247.7 74.8 247.2 74.8 246.6 74.9 246.0 74.9 245.4
  74.9 244.7 74.9 244.1 75.0 243.4 75.0 242.8 75.0 242.1 75.0 241.4 75.0 240.8
  75.0 240.1 75.0 239.4 75.0 238.8 75.0 238.1 75.0 237.3 75.0 236.4 75.1 235.5
  75.1 234.4 75.1 233.3 75.2 232.1 75.2 230.9 75.3 229.5 75.3 228.1 75.3 226.7
  75.3 225.3 75.4 224.0 75.4 222.6 75.4 221.4 75.4 220.2 75.5 219.0 75.5 217.9
  75.5 216.8 75.5 215.8 75.5 214.9 75.6 214.0 75.6 213.2 75.6 212.4 75.6 211.6
  75.7 210.8 75.8 210.0 75.9 209.2 76.0 208.4 76.0 207.6 76.2 207.5 76.4 207.4
  76.6 207.2 76.7 207.0 76.9 206.7
   5 21 71  0.0
  72.5 321.4 72.3 321.4 72.2 321.2 72.0 321.0 71.8 321.1 71.7 321.0 71.5 320.9
  71.3 320.8 71.0 320.6 70.8 320.3 70.6 319.9 70.3 319.5 70.1 319.0 69.8 318.5
  69.6 318.5 69.4 318.5 69.1 318.5 68.8 318.5 68.6 318.5 68.3 318.5 68.0 318.5
  67.6 318.8 67.3 319.0 66.9 319.3 66.4 319.4 65.9 319.5 65.4 319.4 64.9 319.1
  64.4 318.7 63.9 318.2 63.5 317.2 63.0 316.2 62.5 315.1 62.0 314.1 61.5 313.2
  60.9 312.0 60.4 310.9 59.7 309.9 59.2 308.5 58.6 307.1 58.1 305.6 57.7 304.2
  57.2 302.3 56.8 300.4 56.3 298.5 55.8 296.6 55.3 294.5 54.8 292.4 54.3 290.2
  53.9 288.2 53.5 285.9 53.2 283.7 52.9 281.6 52.7 279.5 52.6 277.5 52.5 275.5
  52.6 273.7 52.6 271.9 52.7 270.3 52.9 268.9 53.0 267.6 53.2 266.4 53.4 265.3
  53.7 264.4 54.0 263.6 54.4 262.5 54.9 261.6 55.4 260.8 55.9 260.0 56.6 259.4
  57.2 258.5 57.8 257.6 58.5 256.9 59.3 256.0 60.0 255.1 60.9 254.1 61.8 253.2
  62.7 252.3 63.6 251.4 64.5 250.5 65.5 249.7 66.4 248.9 67.4 248.4 68.4 247.8
  69.3 247.3 70.1 246.9 71.1 246.4 72.0 245.8 72.9 245.2 73.8 244.4 74.7 243.5
  75.5 242.5 76.3 241.3 77.1 240.1 77.9 238.6 78.5 237.0 79.2 235.4 79.7 233.5
  80.1 231.4 80.4 229.0 80.8 226.5 81.0 224.0 81.2 221.4 81.3 218.9 81.3 216.4
  81.4 214.1 81.3 211.8 81.2 209.7 81.1 207.8 80.9 206.1 80.7 204.6 80.5 203.2
  80.2 202.0 80.0 201.0 79.7 200.4 79.5 200.0 79.1 199.6 78.8 199.3 78.4 199.0
  78.0 198.8 77.6 198.6 77.2 199.0 76.8 199.3 76.4 199.7 76.0 200.1 75.6 200.9
  75.1 201.7 74.7 202.4 74.2 203.1 73.7 203.7 73.2 204.5 72.6 205.3 72.0 206.0
  71.4 206.9 70.8 207.6 70.1 208.4 69.4 209.0 68.7 209.8 68.0 210.5 67.4 211.2
  66.8 212.0 66.2 212.9 65.7 213.7 65.2 214.5 64.7 215.3 64.2 216.1 63.7 216.9
  63.3 217.7 62.9 218.5 62.4 219.3 62.0 220.1 61.6 220.9 61.3 221.7 60.9 222.5
  60.6 223.3 60.2 224.1 59.9 224.8 59.6 225.5 59.3 226.1 59.0 226.8 58.7 227.4
  58.3 228.1 58.0 228.8 57.7 229.5 57.4 230.0 57.1 230.5 56.8 231.1 56.5 231.7
  56.2 232.3 55.8 232.9 55.4 233.3 55.0 233.8 54.6 234.2 54.1 234.7 53.6 235.2
  53.1 235.6 52.6 236.0 51.9 236.4 51.2 236.7 50.5 236.9 49.7 237.3 48.9 237.2
  48.1 237.1 47.3 237.1 46.6 236.6 45.8 236.2 45.0 235.3 44.4 234.5 43.8 233.7
  43.1 232.6 42.4 231.4 42.0 230.3 41.5 229.0 41.0 227.7 40.6 226.5 40.2 225.2
  39.9 223.9 39.8 222.4 39.7 220.9 39.6 219.3 39.5 217.7 39.3 216.1 39.2 214.4
  39.1 212.7 38.9 210.9 38.9 209.2 38.8 207.5 39.0 205.8 39.2 204.2 39.3 202.6
  39.5 201.0 39.6 199.3 39.5 197.6 39.4 195.9 39.3 194.2 39.3 192.5 39.3 190.8
  39.6 189.1 39.9 187.5 40.0 185.9 40.1 184.4 40.2 183.0 40.1 181.5 40.1 180.1
  40.0 178.6 40.0 177.2 39.9 175.8 39.9 174.4 39.9 173.1 39.9 171.8 40.0 170.6
  40.0 169.4 40.1 168.3 40.1 167.3 40.1 166.3 40.0 165.3 39.9 164.4 39.9 163.5
  39.8 162.6 39.6 161.8 39.5 161.0
   5 22 71  0.0
  72.5 321.4 72.1 322.2 71.7 323.0 71.4 323.5 71.1 324.1 70.8 324.7 70.6 325.4
  70.5 326.0 70.3 326.7 70.2 327.4 70.1 328.2 70.0 329.0 70.0 329.9 69.9 331.1
  69.9 332.3 69.7 333.6 69.6 335.0 69.4 336.3 69.1 337.6 68.8 338.9 68.4 340.1
  67.8 341.2 67.2 341.8 66.6 342.3 65.9 342.7 65.2 342.2 64.4 341.8 63.6 341.3
  62.8 340.3 62.0 339.3 61.2 337.7 60.5 336.1 59.7 334.6 59.1 332.4 58.5 330.1
  57.9 327.8 57.6 325.3 57.2 322.7 57.0 320.2 56.7 317.6 56.4 315.2 56.3 312.8
  56.2 310.4 56.1 308.1 56.1 305.8 56.0 303.6 55.8 301.4 55.5 299.1 55.3 296.8
  55.1 294.4 55.1 292.0 55.0 289.7 54.9 287.5 54.8 285.4 54.7 283.4 54.7 281.5
  54.6 279.8 54.6 278.1 54.7 276.5 54.8 275.1 55.0 273.6 55.3 272.3 55.7 271.0
  56.1 269.7 56.5 268.5 57.0 267.4 57.5 266.2 58.0 265.0 58.6 264.1 59.2 263.1
  59.7 262.1 60.3 261.1 61.0 260.4 61.6 259.7 62.3 258.9 62.9 258.4 63.6 257.9
  64.2 257.4 64.9 257.1 65.6 256.8 66.2 256.5 66.9 256.4 67.6 256.3 68.2 256.3
  68.9 256.3 69.6 256.4 70.3 256.6 71.0 256.8 71.7 257.2 72.4 257.6 73.1 258.2
  73.8 259.0 74.4 259.8 75.1 260.9 75.8 262.0 76.4 263.2 77.1 264.6 77.7 266.0
  78.2 267.6 78.8 269.3 79.2 271.2 79.6 273.2 79.9 275.4 80.2 277.6 80.4 279.7
  80.6 281.8 80.8 283.9 80.9 286.1 80.9 288.2 80.9 290.4 80.9 292.5 80.8 294.4
  80.8 296.3 80.6 298.1 80.5 299.7 80.3 301.1 80.2 302.5 80.0 303.6 79.8 304.9
  79.6 306.0 79.4 306.9 79.1 307.6 78.9 308.3 78.6 308.9 78.3 309.5 77.9 310.1
  77.6 310.6 77.3 311.0 76.9 311.3 76.6 311.6 76.1 311.8 75.6 311.9 75.1 311.8
  74.6 311.7 73.9 311.5 73.3 311.5 72.7 311.4 72.0 311.3 71.4 311.2 70.7 311.2
  70.0 311.2 69.3 311.1 68.5 311.0 67.6 310.8 66.7 310.6 65.6 310.3 64.6 310.0
  63.5 309.7 62.3 309.2 61.1 308.7 59.9 308.1 58.7 307.4 57.6 306.7 56.6 306.0
  55.5 305.4 54.4 304.8 53.4 304.3 52.3 303.9 51.5 303.4 50.7 302.9 49.9 302.3
  49.0 301.8 48.1 301.2 47.2 300.6 46.3 299.8 45.8 299.0 45.3 297.9 44.6 296.7
  43.9 295.3 43.6 293.6 43.2 291.9 43.5 290.1 43.7 288.3 43.8 286.6 44.2 284.9
  44.5 283.3 45.1 281.7 45.7 280.2 46.3 278.7 47.2 277.3 48.2 275.9 49.2 274.7
  50.2 273.6 51.3 272.6 52.3 271.5 53.4 270.5 54.5 269.5 55.6 268.4 56.8 267.4
  57.9 266.2 59.1 265.2 60.3 264.0 61.2 262.5 62.2 261.1 63.3 259.7 64.2 258.3
  65.2 257.1 66.1 255.9 67.0 254.8 67.8 253.7 68.5 252.6 69.3 251.4 69.8 250.2
  70.3 248.9 70.8 247.5 71.0 246.0 71.3 244.4 71.6 242.8 71.7 241.0 71.8 239.1
  71.9 237.2 71.9 235.2 71.9 233.2 71.9 231.2 71.8 229.1 71.7 227.2 71.6 225.2
  71.4 223.4 71.2 221.7 71.0 220.2 70.8 218.8 70.5 217.6 70.2 216.5 69.9 215.5
  69.6 214.8 69.3 214.1 68.9 213.4 68.6 212.9 68.3 212.3 67.9 211.8 67.6 211.5
  67.3 211.1 66.9 210.8 66.6 210.5 66.2 210.2 65.9 210.0 65.5 209.9 65.1 209.9
  64.8 209.9 64.4 209.9 64.0 209.9
   5 23 71  0.0
  72.5 321.4 72.0 322.1 71.5 322.8 71.1 323.1 70.6 323.4 70.2 323.8 69.8 324.3
  69.5 324.2 69.2 324.1 69.0 324.2 68.8 324.3 68.6 324.5 68.4 324.8 68.3 325.2
  68.2 325.7 68.1 326.2 68.1 326.7 68.1 327.4 68.0 328.1 68.0 328.9 68.0 329.3
  67.9 329.8 67.9 330.4 68.0 331.1 68.0 332.0 68.0 333.3 67.9 334.5 67.9 335.9
  67.8 337.3 67.6 338.8 67.3 340.3 66.7 341.6 66.1 342.9 65.5 344.1 64.5 344.8
  63.4 345.3 62.3 345.3 61.0 345.4 59.8 344.6 58.6 343.3 57.7 341.9 56.8 340.2
  56.0 338.4 55.5 336.7 55.1 334.8 54.9 332.8 54.8 330.6 54.7 328.3 54.5 325.9
  54.5 323.4 54.7 321.0 54.8 318.7 55.0 316.4 55.3 314.3 55.6 312.2 55.8 310.1
  56.1 308.0 56.4 305.9 56.6 303.7 56.8 301.6 57.0 299.5 57.3 297.4 57.4 295.4
  57.5 293.4 57.6 291.4 57.6 289.5 57.7 287.7 57.7 285.9 57.8 284.2 57.8 282.6
  58.0 281.1 58.1 279.6 58.3 278.3 58.6 276.9 58.9 275.6 59.2 274.4 59.5 273.2
  59.8 272.1 60.2 271.0 60.6 269.9 61.0 269.0 61.4 268.0 61.8 267.1 62.2 266.2
  62.6 265.5 63.0 264.8 63.4 264.2 63.8 263.6 64.3 263.0 64.8 262.6 65.3 262.2
  65.8 261.8 66.3 261.5 66.9 261.2 67.5 261.0 68.1 260.7 68.8 260.5 69.5 260.3
  70.2 260.2 70.9 260.1 71.6 260.2 72.3 260.2 73.1 260.6 73.8 260.9 74.4 261.4
  75.2 262.2 75.8 263.2 76.5 264.3 77.1 265.5 77.8 267.0 78.3 268.6 78.9 270.0
  79.5 271.7 80.0 273.5 80.4 275.6 81.0 277.4 81.4 279.5 81.8 281.8 82.1 284.4
  82.3 286.5 82.6 288.8 82.7 291.2 82.9 293.7 83.0 296.1 83.0 298.4 83.0 300.6
  83.0 302.7 83.0 304.6 82.9 306.4 82.8 308.0 82.8 309.6 82.7 311.0 82.6 312.4
  82.5 313.7 82.4 314.9 82.3 316.0 82.2 317.1 82.0 318.0 81.9 318.9 81.8 319.5
  81.6 320.0 81.5 320.3 81.3 320.5 81.2 320.6 81.0 320.6 80.8 320.5 80.6 320.5
  80.4 320.6 80.1 320.8 79.9 321.0 79.7 320.7 79.5 320.4 79.3 320.1 79.1 319.9
  78.8 319.7 78.5 319.5 78.1 319.3 77.8 319.1 77.4 318.1 77.1 317.3 76.7 316.5
  76.3 315.8 75.9 315.2 75.5 314.6 75.1 314.1 74.7 313.6 74.3 313.1 73.9 312.6
  73.5 312.3 73.2 312.0 72.8 311.7 72.4 311.4 71.9 311.1 71.5 311.0 71.0 310.9
  70.5 310.8 70.0 310.7 69.5 310.6 69.0 310.4 68.4 310.3 67.8 310.2 67.2 309.8
  66.5 309.5 65.8 309.2 65.0 308.5 64.2 308.0 63.3 307.4 62.5 306.7 61.5 306.0
  60.6 305.3 59.6 304.5 58.7 303.7 57.8 302.9 56.9 302.0 56.0 301.2 55.1 300.4
  54.1 299.5 53.3 298.7 52.5 297.9 51.6 297.0 50.7 296.0 50.0 294.9 49.3 293.9
  48.5 292.7 47.6 291.5 46.9 290.1 46.2 288.6 45.5 287.2 45.2 285.5 45.0 283.8
  45.3 282.1 45.5 280.5 45.7 278.9 46.4 277.3 47.0 275.9 47.9 274.5 48.9 273.2
  49.9 272.1 50.8 271.0 52.0 270.1 53.2 269.2 54.3 268.5 55.5 267.8 56.6 267.0
  57.7 266.2 58.8 265.4 59.9 264.5 61.0 263.6 61.9 262.6 62.9 261.5 63.9 260.5
  64.8 259.3 65.7 258.2 66.6 257.0 67.5 255.8 68.2 254.6 68.9 253.5 69.5 252.2
  70.1 250.8 70.6 249.5 71.0 248.1
   5 24 71  0.0
  72.5 321.4 72.2 321.2 71.9 321.0 71.6 320.4 71.3 319.9 71.1 319.5 70.9 319.0
  70.7 318.7 70.5 318.4 70.2 318.2 69.9 318.0 69.6 317.1 69.3 316.3 68.9 315.6
  68.6 314.9 68.3 314.2 68.0 313.5 67.7 312.8 67.3 311.3 67.0 309.9 66.7 308.6
  66.3 307.3 66.2 306.2 66.0 305.1 65.8 303.2 65.8 301.4 65.8 299.8 66.1 298.3
  66.3 297.5 66.6 296.8 66.8 296.1 67.1 295.4 67.4 294.7 67.8 294.0 68.2 293.3
  68.6 293.0 69.0 292.7 69.3 292.4 69.6 292.1 69.9 291.8 70.4 291.6 70.9 292.0
  71.3 292.5 71.6 293.1 71.9 293.8 72.2 294.5 72.6 295.6 72.9 296.8 73.1 298.0
  73.3 299.3 73.4 300.5 73.5 301.7 73.5 302.9 73.5 303.9 73.5 304.9 73.4 305.8
  73.2 306.5 73.1 307.2 72.9 307.7 72.8 308.1 72.5 308.4 72.3 308.6 72.1 308.7
  71.9 308.9 71.7 308.9 71.5 308.8 71.3 308.8 71.1 308.7 70.9 308.6 70.7 308.4
  70.6 308.2 70.4 308.1 70.2 307.8 70.0 307.6 69.8 307.3 69.6 307.0 69.4 306.6
  69.2 306.2 69.0 305.8 68.8 305.4 68.6 305.0 68.3 304.6 68.1 304.2 67.9 303.8
  67.7 303.3 67.5 302.8 67.3 302.3 67.1 301.8 67.0 301.4 66.8 300.9 66.7 300.5
  66.6 300.1 66.5 299.7 66.4 299.3 66.3 298.9 66.3 298.6 66.2 298.2 66.1 297.9
  66.0 297.6 65.9 297.3 65.8 296.7 65.7 296.1 65.6 295.5 65.4 294.9 65.3 294.4
  65.2 293.8 65.0 293.2 64.9 292.7 64.7 292.1 64.5 291.6 64.4 291.1 64.3 290.5
  64.2 290.0 64.2 289.4 64.1 288.9 64.0 288.3 63.9 287.7 64.0 287.4 64.0 287.1
  64.0 286.7 64.0 286.4 64.0 286.1 64.0 285.8 64.0 285.5 64.0 285.3 63.9 285.0
  63.9 284.8 63.9 284.6 63.9 284.5 63.8 284.3 63.8 284.2 63.8 284.1 63.7 284.0
  63.7 284.0 63.6 283.9 63.6 283.8 63.6 283.8 63.6 283.6 63.5 283.5 63.5 283.4
  63.5 283.2 63.5 283.1 63.5 282.9 63.5 282.7 63.5 282.5 63.5 282.3 63.5 282.1
  63.5 281.9 63.5 281.7 63.6 281.5 63.7 281.4 63.7 281.3 63.8 281.1 63.9 281.0
  64.0 280.9 64.1 280.9 64.3 280.9 64.4 280.9 64.6 280.9 64.7 280.9 64.9 281.0
  65.0 281.0 65.2 281.0 65.3 281.0 65.5 281.0 65.7 281.0 65.9 281.1 66.1 281.1
  66.3 281.1 66.5 281.1 66.8 281.2 67.1 281.2 67.4 281.3 67.7 281.4 68.1 281.5
  68.5 281.7 68.8 281.9 69.2 282.2 69.5 282.5 69.8 282.8 70.1 283.2 70.5 283.8
  70.8 284.4 70.9 285.1 71.1 285.8 71.2 286.6 71.3 287.5 71.3 288.5 71.3 289.5
  71.2 290.6 71.1 291.7 71.0 293.0 70.8 294.2 70.6 295.4 70.4 296.6 70.0 297.6
  69.7 298.5 69.3 299.6 69.0 300.6 68.5 301.4 67.9 302.1 67.4 302.6 66.9 303.1
  66.3 303.5 65.8 303.8 65.2 303.7 64.5 303.7 63.8 303.6 63.0 303.2 62.1 302.8
  61.2 302.4 60.2 301.9 59.2 301.3 58.3 300.6 57.3 299.9 56.6 299.1 55.8 298.3
  55.1 297.6 54.3 297.0 53.6 296.3 52.8 295.6 52.4 295.0 51.9 294.3 51.4 293.4
  50.9 292.6 50.2 291.8 49.9 291.1 49.5 290.0 49.0 289.0 48.3 288.0 47.6 287.1
  47.5 285.6 47.2 284.2 47.0 282.8 47.3 281.3 47.5 279.9 48.3 278.4 49.0 277.4
  49.6 276.4 50.1 275.3 51.1 274.5
   5 25 71  0.0
  72.5 321.4 72.4 320.9 72.4 320.4 72.3 320.0 72.3 319.6 72.3 319.2 72.4 318.9
  72.4 318.6 72.5 318.3 72.5 318.0 72.6 317.8 72.7 317.5 72.7 317.3 72.8 317.2
  72.9 317.0 72.9 316.8 72.9 316.6 72.9 316.3 72.9 316.1 72.9 315.9 73.0 315.6
  73.1 315.4 73.1 315.1 73.2 314.9 73.2 314.6 73.3 314.3 73.3 314.1 73.3 314.0
  73.3 313.9 73.3 313.9 73.2 313.9 73.1 313.9 73.0 314.1 72.9 314.3 72.7 314.5
  72.6 314.8 72.4 315.2 72.1 315.6 71.9 316.0 71.7 316.0 71.3 316.1 70.9 316.1
  70.5 316.2 70.1 316.3 69.7 316.4 69.3 315.7 68.9 315.0 68.4 314.3 67.9 313.7
  67.4 312.2 66.9 310.8 66.5 309.5 66.1 308.3 65.6 307.2 65.4 305.3 65.2 303.6
  65.1 301.9 65.0 300.3 64.9 298.9 65.0 297.5 65.0 296.3 65.0 295.1 65.1 294.0
  65.3 292.9 65.4 291.9 65.7 290.8 66.0 289.9 66.4 289.3 66.7 288.7 67.0 288.2
  67.4 287.7 68.0 287.3 68.6 286.9 69.2 287.2 69.8 287.5 70.3 287.7 70.9 288.2
  71.3 288.7 71.7 289.1 72.0 289.6 72.4 290.1 72.7 290.6 73.0 291.0 73.3 291.5
  73.6 291.9 73.8 292.3 73.9 292.7 74.0 293.1 74.1 293.3 74.3 293.5 74.4 293.7
  74.4 293.8 74.5 293.9 74.6 293.9 74.7 293.8 74.7 293.8 74.8 293.6 74.8 293.4
  74.9 293.3 74.9 293.2 74.9 293.1 75.0 293.0 75.1 293.0 75.1 293.0 75.2 293.0
  75.3 293.0 75.4 293.1 75.4 293.2 75.6 293.3 75.7 293.5 75.8 293.6 75.9 293.8
  76.0 294.1 76.2 294.4 76.3 294.6 76.4 294.9 76.5 295.2 76.6 295.5 76.7 295.8
  76.7 296.1 76.8 296.4 76.8 296.7 76.8 297.0 76.8 297.4 76.7 297.9 76.7 298.4
  76.7 299.0 76.6 299.6 76.6 300.2 76.5 300.9 76.3 301.6 76.2 302.3 76.0 303.1
  75.9 303.9 75.7 304.2 75.5 304.5 75.3 304.7 75.1 304.9 74.9 305.0 74.6 305.2
  74.4 305.3 74.2 305.3 73.9 305.4 73.7 305.1 73.4 304.7 73.2 304.4 72.9 304.1
  72.7 303.8 72.5 303.5 72.2 303.3 72.0 303.1 71.7 302.6 71.5 302.2 71.4 301.8
  71.2 301.4 71.1 301.0 70.9 300.6 70.8 300.3 70.7 299.9 70.6 299.6 70.5 299.3
  70.4 299.0 70.3 298.7 70.2 298.5 70.1 298.3 70.0 298.1 70.0 298.0 69.9 297.6
  69.8 297.2 69.7 296.8 69.7 296.4 69.6 296.0 69.5 295.7 69.5 295.2 69.6 294.8
  69.6 294.4 69.6 294.0 69.6 293.6 69.6 293.2 69.6 292.8 69.6 292.3 69.6 291.9
  69.7 291.6 69.8 291.3 70.0 291.0 70.1 290.8 70.3 291.0 70.5 291.2 70.7 291.4
  70.9 291.7 71.0 292.0 71.1 292.4 71.2 292.9 71.3 293.4 71.3 294.0 71.4 294.6
  71.4 295.3 71.4 296.0 71.5 296.7 71.3 297.5 71.2 298.3 71.0 299.1 70.8 299.9
  70.6 300.8 70.1 301.6 69.6 302.3 69.1 303.0 68.5 303.7 68.0 304.3 67.2 304.8
  66.4 305.2 65.5 305.6 64.6 305.6 63.5 305.7 62.4 305.3 61.3 305.1 60.1 304.6
  59.0 304.2 57.9 303.4 57.2 302.2 56.5 300.9 55.9 299.7 55.4 298.3 54.9 296.8
  54.5 295.3 54.2 293.7 54.0 292.0 54.1 289.8 54.1 287.7 54.5 285.3 54.8 282.9
  55.3 280.6 55.8 278.3 56.4 276.1 57.0 274.3 57.8 272.5 58.6 270.7 59.5 269.4
  60.3 268.1 61.3 267.3 62.1 266.5
   5 26 71  0.0
  72.5 321.4 72.6 319.5 72.7 317.6 72.7 315.5 72.8 313.4 72.8 311.2 72.7 308.9
  72.7 306.6 72.6 304.2 72.6 301.9 72.5 299.6 72.4 297.3 72.3 295.1 72.2 292.9
  72.2 290.8 72.2 288.8 72.2 286.9 72.2 285.1 72.2 283.2 72.2 281.4 72.3 279.7
  72.2 278.0 72.2 276.4 72.2 274.8 72.1 273.3 72.1 271.8 72.1 270.4 72.1 269.0
  72.1 267.6 72.2 266.2 72.3 264.8 72.4 263.4 72.6 262.0 72.7 260.6 72.8 259.3
  73.0 258.0 73.1 256.7 73.3 255.5 73.6 254.3 73.8 253.1 74.1 252.0 74.4 251.1
  74.7 250.2 75.1 249.2 75.4 248.3 75.8 247.3 76.1 246.3 76.6 245.5 77.0 244.7
  77.4 243.9 77.8 243.0 78.2 242.0 78.7 241.3 79.1 240.6 79.5 239.8 79.9 238.8
  80.2 237.8 80.6 237.1 80.9 236.4 81.2 235.6 81.5 234.7 81.7 233.8 81.9 232.7
  82.1 231.5 82.3 230.9 82.5 230.4 82.7 229.7 82.9 229.0 83.1 228.2 83.3 227.3
  83.4 226.3 83.6 225.3 83.8 224.2 83.9 222.9 84.1 221.7 84.3 221.3 84.6 220.8
  84.8 220.3 85.0 219.8 85.2 219.2 85.4 218.6 85.6 217.9 85.7 217.1 85.9 216.2
  86.1 215.2 86.4 214.4 86.6 213.4 86.8 212.1 87.0 210.6 87.1 208.8 87.2 206.6
  87.3 204.2 87.4 201.5 87.5 198.6 87.5 195.4 87.6 192.1 87.6 188.8 87.6 185.5
  87.6 182.4 87.7 179.4 87.7 176.6 87.8 174.0 87.8 171.6 87.9 169.3 87.9 167.3
  88.0 165.4 88.1 163.7 88.2 162.1 88.4 160.7 88.5 159.3 88.7 157.9 88.9 156.5
  89.1 155.0 89.4 153.2 89.6 150.7 89.9 144.9 89.9 337.7 89.9 145.4 89.9 331.3
  89.9  74.7 89.6  74.4 89.4  74.0 89.3  73.6 89.2  73.2 89.1  72.8 89.1  72.4
  89.1  72.0 89.1  71.7 89.1  71.3 89.1  70.9 89.1  70.5 89.1  70.1 89.2  69.8
  89.2  69.4 89.2  69.0 89.2  68.7 89.2  68.3 89.2  68.0 89.2  67.8 89.2  67.5
  89.2  67.3 89.2  67.0 89.1  66.8 89.1  66.6 89.1  66.5 89.1  66.3 89.1  66.2
  89.0  66.1 89.0  65.9 89.1  65.8 89.1  65.7 89.1  65.5 89.1  65.4 89.1  65.3
  89.1  65.2 89.1  65.0 89.2  64.9 89.2  64.8 89.2  64.7 89.2  64.6 89.2  64.4
  89.2  64.3 89.2  64.2 89.2  64.1 89.2  64.0 89.2  63.9 89.2  63.8 89.2  63.7
  89.2  63.6 89.2  63.4 89.2  63.3 89.2  63.2 89.2  63.1 89.2  63.0 89.2  63.0
  89.2  62.9 89.2  62.8 89.1  62.7 89.1  62.6 89.1  62.5 89.1  62.5 89.1  62.4
  89.1  62.3 89.1  62.2 89.1  62.2 89.1  62.1 89.1  62.0 89.1  61.9 89.1  61.8
  89.1  61.7 89.1  61.5 89.1  61.4 89.1  61.3 89.1  61.2 89.1  61.0 89.1  60.9
  89.1  60.8 89.1  60.7 89.1  60.5 89.1  60.4 89.1  60.3 89.1  60.2 89.1  60.0
  89.1  59.9 89.0  59.8 89.0  59.7 89.0  59.6 88.9  59.4 88.9  59.3 88.8  59.2
  88.7  59.1 88.6  59.0 88.5  58.9 88.4  58.8 88.2  58.7 88.0  58.6 87.8  58.5
  87.7  58.4 87.5  58.3 87.3  58.2 87.1  58.1 86.9  58.0 86.7  57.9 86.5  57.8
  86.3  57.7 86.1  57.6 85.9  57.5 85.8  57.4 85.7  57.4 85.6  57.3 85.4  57.3
  85.3  57.2 85.1  57.2 85.0  57.2 84.8  57.2 84.6  57.3 84.4  57.3 84.1  57.4
  83.9  57.5 83.7  57.6 83.4  57.8
   5 27 71  0.0
  72.5 321.4 72.3 319.0 71.9 316.6 71.6 314.5 71.1 312.4 70.7 310.5 70.3 308.6
  69.9 306.8 69.5 305.3 69.1 304.0 68.8 302.6 68.4 301.2 68.1 299.9 67.8 298.5
  67.5 297.7 67.3 297.0 67.0 296.2 66.8 295.4 66.6 294.7 66.4 293.9 66.2 293.1
  66.1 292.3 65.9 291.5 65.8 291.4 65.8 291.3 65.7 291.2 65.7 291.1 65.6 291.0
  65.5 290.9 65.5 290.8 65.4 290.7 65.4 290.6 65.3 290.5 65.2 290.3 65.2 290.2
  65.1 290.1 65.0 290.0 64.9 289.9 64.9 289.8 64.9 289.7 64.9 289.7 64.9 289.6
  65.0 289.5 65.1 289.5 65.2 289.5 65.4 289.5 65.6 289.5 65.8 289.5 66.0 289.5
  66.3 288.6 66.6 287.8 66.7 287.0 66.8 286.1 67.0 285.3 67.1 284.6 67.3 283.8
  67.3 283.1 67.4 282.4 67.5 281.7 67.6 281.0 67.7 280.3 67.8 279.7 67.8 279.1
  67.9 278.5 67.9 277.9 68.0 277.3 68.1 276.7 68.2 275.3 68.2 273.9 68.2 272.4
  68.3 271.0 68.2 269.6 68.0 268.3 68.0 266.9 67.8 266.2 67.6 265.4 67.5 264.7
  67.4 263.9 67.2 263.2 67.0 262.5 66.8 261.8 66.7 261.2 66.6 260.5 66.4 259.9
  66.3 259.2 66.1 258.6 65.9 258.0 65.7 257.6 65.6 257.3 65.5 256.9 65.3 256.7
  65.2 256.4 65.1 256.1 65.0 255.9 64.8 255.7 64.5 255.6 64.3 255.4 64.1 255.3
  63.9 255.2 63.7 255.0 63.6 254.8 63.4 254.6 63.2 254.4 63.0 254.1 62.9 253.9
  62.7 253.7 62.6 253.4 62.4 253.2 62.3 252.9 62.2 252.6 62.1 252.4 62.0 252.1
  61.9 251.9 61.8 251.7 61.6 251.5 61.5 251.3 61.4 251.0 61.4 250.8 61.3 250.6
  61.3 250.4 61.2 250.2 61.2 250.0 61.2 249.8 61.2 249.6 61.3 249.4 61.3 249.2
  61.4 249.0 61.5 248.8 61.6 248.6 61.7 248.4 61.9 248.3 62.0 248.1 62.2 248.1
  62.4 248.2 62.5 248.2 62.7 248.3 62.9 248.4 63.1 248.4 63.2 248.5 63.4 248.5
  63.6 248.6 63.8 248.7 64.0 248.7 64.2 248.8 64.4 248.8 64.7 248.9 64.9 249.0
  65.2 249.0 65.4 249.1 65.6 249.2 65.9 249.3 66.1 249.3 66.4 249.2 66.7 249.1
  67.0 249.0 67.3 248.9 67.6 248.8 67.9 248.6 68.3 248.5 68.7 248.1 69.1 247.7
  69.4 247.3 69.7 246.9 70.0 246.5 70.4 245.9 70.7 245.3 71.0 244.7 71.4 244.1
  71.7 243.6 72.1 243.0 72.4 242.4 72.8 241.8 73.1 241.1 73.4 240.4 73.6 239.7
  73.8 238.9 74.0 238.2 74.1 237.3 74.3 236.7 74.4 236.0 74.5 235.4 74.6 234.7
  74.7 234.1 74.8 233.5 74.8 232.9 74.9 232.4 74.9 231.9 74.9 231.5 74.9 231.2
  74.8 230.9 74.8 230.7 74.8 230.6 74.7 230.6 74.7 230.7 74.6 230.9 74.5 231.1
  74.4 231.3 74.3 231.6 74.2 232.0 74.0 232.4 73.9 232.8 73.7 232.9 73.6 232.9
  73.4 233.0 73.2 233.2 73.1 233.4 72.9 233.6 72.7 233.8 72.6 233.9 72.4 234.0
  72.3 234.2 72.1 234.3 72.0 234.4 71.8 234.1 71.7 233.8 71.6 233.5 71.5 233.3
  71.3 233.1 71.2 232.8 71.1 232.6 71.0 232.4 71.0 232.2 70.9 231.9 70.6 231.7
  70.3 231.5 70.0 231.3 69.6 231.3 69.3 231.4 68.9 231.4 68.6 231.6 68.1 231.7
  67.7 231.8 67.3 231.9 66.8 232.0 66.6 232.2 66.4 232.3 66.2 232.5 65.9 232.6
  65.7 232.8 65.5 232.9 65.2 233.1
   5 28 71  0.0
  72.5 321.4 71.8 319.8 71.2 318.6 70.5 317.4 69.8 316.2 69.1 315.6 68.5 315.0
  67.8 314.5 67.2 314.6 66.5 314.8 65.9 314.9 65.3 315.5 64.7 316.0 64.0 316.6
  63.3 317.0 62.6 317.3 61.9 317.7 61.2 317.7 60.5 317.7 59.8 317.9 59.1 317.8
  58.4 317.7 57.7 317.8 57.0 317.6 56.3 317.5 55.6 317.4 54.9 316.8 54.2 316.3
  53.5 315.7 52.9 314.6 52.3 313.5 51.7 312.3 51.1 310.7 50.8 308.9 50.6 307.0
  50.4 304.9 50.3 302.8 50.0 300.8 49.8 299.0 49.5 297.3 49.3 295.8 49.0 294.4
  48.7 293.0 48.5 291.7 48.2 290.4 47.9 289.3 47.6 288.3 47.3 287.4 46.8 286.6
  46.2 285.9 45.5 285.3 44.9 284.5 44.2 283.8 43.5 283.1 42.7 282.1 41.9 281.2
  41.0 279.9 40.2 278.7 39.4 277.4 38.5 275.9 38.0 274.3 37.3 272.7 36.7 271.1
  36.6 269.5 36.4 267.9 36.7 266.3 36.9 264.9 37.1 263.6 37.6 262.4 38.2 261.2
  38.9 260.4 39.6 259.6 40.4 258.9 41.3 258.5 42.2 258.0 43.1 257.7 44.0 257.4
  44.8 257.2 45.6 257.1 46.3 257.0 47.1 257.0 47.8 257.1 48.4 257.2 49.0 257.4
  49.6 257.7 50.2 258.0 50.7 258.2 51.2 258.5 51.7 258.8 52.1 259.1 52.5 259.3
  52.9 259.5 53.2 259.7 53.5 259.9 53.8 260.1 54.0 260.2 54.1 260.4 54.3 260.3
  54.4 260.2 54.6 260.1 54.7 260.0 54.9 259.9 55.1 259.8 55.2 259.6 55.4 259.5
  55.6 259.4 55.7 259.3 55.8 259.1 56.0 259.0 56.1 258.9 56.2 258.8 56.3 258.7
  56.4 258.5 56.4 258.4 56.5 258.2 56.5 258.0 56.6 257.8 56.6 257.6 56.6 257.3
  56.6 257.1 56.6 256.8 56.6 256.5 56.6 256.2 56.6 256.0 56.6 255.7 56.7 255.5
  56.7 255.4 56.8 255.2 56.9 255.1 57.0 255.0 57.1 255.0 57.2 255.0 57.3 255.0
  57.5 255.0 57.6 255.1 57.7 255.1 57.9 255.1 58.0 255.2 58.2 255.2 58.4 255.2
  58.5 255.2 58.7 255.2 58.9 255.2 59.1 255.2 59.3 255.2 59.5 255.2 59.7 255.2
  59.8 255.2 60.0 255.1 60.2 255.2 60.4 255.2 60.6 255.3 60.8 255.4 61.0 255.4
  61.2 255.5 61.4 255.6 61.6 255.7 61.8 255.8 62.0 255.9 62.2 256.0 62.4 256.2
  62.7 256.3 63.0 256.5 63.3 256.6 63.6 256.6 63.9 256.7 64.3 256.7 64.7 256.6
  65.1 256.4 65.5 256.3 66.0 256.1 66.4 256.0 66.8 255.8 67.2 255.6 67.6 255.4
  68.1 255.2 68.5 254.7 69.0 254.3 69.5 253.8 70.0 253.3 70.6 252.6 71.2 251.8
  71.7 251.1 72.1 250.3 72.6 249.3 73.0 248.3 73.4 247.3 73.7 246.3 74.1 245.3
  74.4 244.1 74.8 242.9 75.1 241.8 75.4 240.8 75.8 239.8 76.0 238.8 76.3 237.7
  76.5 236.6 76.7 235.6 76.8 234.5 76.9 233.6 76.9 232.6 77.0 231.8 76.9 231.0
  76.9 230.2 76.9 229.5 76.8 228.9 76.7 228.4 76.7 227.9 76.6 227.5 76.5 227.1
  76.5 226.8 76.4 226.5 76.3 226.3 76.2 226.2 76.1 226.2 76.0 226.3 75.9 226.4
  75.8 226.3 75.7 226.3 75.6 226.3 75.4 226.4 75.3 226.6 75.1 226.9 74.9 227.3
  74.6 227.7 74.4 228.2 74.2 228.7 74.0 229.3 73.7 229.5 73.5 229.7 73.3 230.0
  73.0 230.2 72.7 230.4 72.5 230.6 72.2 230.7 71.9 230.9 71.6 230.6 71.3 230.4
  71.0 230.2 70.7 230.0 70.4 229.9
   5 29 71  0.0
  72.5 321.4 71.8 320.2 71.2 319.4 70.5 318.7 69.8 318.1 69.2 318.0 68.6 317.9
  67.9 317.8 67.4 318.2 66.8 318.6 66.3 319.0 65.7 319.4 65.3 320.1 64.7 320.8
  64.1 321.4 63.5 321.9 62.9 322.4 62.2 322.8 61.5 323.1 60.8 323.2 60.1 323.2
  59.3 323.1 58.5 322.7 57.7 322.3 56.9 321.5 56.1 320.7 55.3 319.8 54.7 318.7
  54.1 317.5 53.5 316.2 52.9 314.9 52.4 313.5 51.8 312.2 51.3 310.8 50.8 309.4
  50.2 307.9 49.8 306.4 49.3 305.0 48.8 303.6 48.4 302.2 47.9 300.9 47.4 299.6
  47.0 298.3 46.6 297.1 46.2 295.9 45.9 294.8 45.5 293.6 45.1 292.5 44.7 291.5
  44.4 290.5 44.1 289.6 43.7 288.7 43.3 287.5 43.0 286.3 42.7 285.2 42.4 284.1
  42.0 282.9 41.8 281.5 41.6 280.0 41.3 278.6 41.3 277.1 41.2 275.7 41.4 274.3
  41.5 273.0 41.6 271.7 42.0 270.4 42.5 269.5 42.9 268.6 43.3 267.6 43.9 266.6
  44.5 265.7 45.2 265.1 45.8 264.5 46.4 263.9 47.1 263.7 47.8 263.4 48.4 263.2
  49.1 263.3 49.7 263.4 50.3 263.5 50.9 263.8 51.4 264.1 51.7 264.4 51.9 264.8
  52.2 265.1 52.4 265.4 52.6 265.8 52.8 266.2 53.0 266.6 53.1 267.1 53.3 267.5
  53.4 268.0 53.6 268.5 53.5 268.9 53.5 269.4 53.4 269.9 53.3 270.3 53.3 270.7
  53.2 271.1 53.1 271.4 53.0 271.7 52.9 271.9 52.8 272.1 52.8 272.2 52.8 272.3
  52.8 272.3 52.8 272.3 52.8 272.3 52.9 272.3 52.9 272.2 53.0 272.1 53.1 272.0
  53.0 271.9 52.9 271.8 52.8 271.7 52.8 271.6 52.7 271.4 52.7 271.3 52.7 271.2
  52.7 271.0 52.7 270.9 52.7 270.7 52.7 270.5 52.8 270.4 52.8 270.2 52.8 270.0
  52.9 269.8 52.9 269.7 53.0 269.5 53.0 269.2 53.1 269.0 53.1 268.8 53.2 268.6
  53.2 268.3 53.3 268.1 53.4 267.8 53.4 267.6 53.4 267.3 53.4 267.0 53.4 266.7
  53.4 266.4 53.5 266.0 53.5 265.7 53.6 265.4 53.7 265.0 53.7 264.7 53.8 264.3
  53.9 263.9 53.9 263.5 54.0 263.0 54.0 262.5 54.0 262.3 54.1 262.0 54.1 261.8
  54.1 261.5 54.1 261.2 54.1 261.0 54.1 260.7 54.1 260.4 54.0 260.1 54.0 259.8
  54.1 259.5 54.2 259.1 54.2 258.7 54.3 258.4 54.3 258.0 54.4 257.6 54.4 257.2
  54.5 256.9 54.5 256.5 54.6 256.2 54.6 255.8 54.8 255.4 54.9 255.1 55.1 254.7
  55.2 254.3 55.4 253.8 55.5 253.4 55.7 252.9 55.8 252.5 56.0 252.0 56.1 251.6
  56.4 251.0 56.6 250.6 56.9 250.1 57.2 249.6 57.4 249.1 57.7 248.7 57.9 248.2
  58.2 247.7 58.4 247.3 58.7 246.9 58.9 246.5 59.2 246.1 59.4 245.7 59.7 245.3
  59.9 244.9 60.2 244.5 60.4 244.3 60.7 244.1 60.9 243.9 61.1 243.7 61.4 243.5
  61.6 243.3 61.9 243.1 62.1 242.8 62.3 242.8 62.6 242.8 62.8 242.7 63.1 242.7
  63.3 242.6 63.6 242.5 63.9 242.3 64.1 242.2 64.4 242.1 64.7 242.0 65.0 241.9
  65.3 241.8 65.6 241.6 65.9 241.5 66.2 241.3 66.5 241.1 66.8 240.9 67.1 240.6
  67.3 240.3 67.6 240.0 67.8 239.6 68.1 239.2 68.3 238.7 68.6 238.2 68.8 237.6
  69.0 237.0 69.2 236.3 69.3 235.6 69.5 234.8 69.7 234.0 69.9 233.1 70.0 232.1
  70.1 231.1 70.3 230.3 70.5 229.4
   5 30 71  0.0
  72.5 321.4 71.8 321.4 71.2 321.7 70.6 322.0 70.0 322.3 69.5 322.8 69.0 323.3
  68.6 323.8 68.1 324.3 67.8 324.9 67.5 325.6 67.2 326.3 66.9 327.1 66.6 327.9
  66.3 328.7 66.1 329.5 65.9 330.4 65.7 331.5 65.5 332.7 65.3 333.9 65.1 335.1
  64.9 336.5 64.8 337.8 64.6 339.2 64.5 340.7 64.3 342.1 64.1 343.6 64.0 345.0
  63.7 346.7 63.5 348.4 63.1 350.2 62.6 351.9 62.2 353.5 61.5 355.0 60.8 356.4
  60.1 357.8 59.2 359.0 58.4   0.2 57.5   0.8 56.7   1.2 55.9   1.6 55.0   1.8
  54.2   2.1 53.5   2.3 52.8   2.3 52.1   2.4 51.5   2.5 50.9   2.5 50.4   2.5
  49.9   2.5 49.5   2.3 49.2   2.2 49.0   2.0 48.8   1.7 48.6   1.5 48.5   1.2
  48.4   0.9 48.4   0.6 48.3   0.2 48.3 359.8 48.3 359.1 48.3 358.3 48.2 357.5
  48.2 356.6 48.3 355.8 48.4 355.0 48.6 354.2 48.7 353.5 48.9 352.8 49.1 352.2
  49.3 351.6 49.6 351.1 50.0 350.7 50.2 350.3 50.5 349.4 50.8 348.4 51.1 347.6
  51.6 346.8 52.0 346.0 52.5 344.7 52.9 343.5 53.4 342.4 53.9 341.3 54.3 340.2
  54.8 338.5 55.3 337.0 55.9 335.7 56.4 334.5 57.0 333.1 57.6 331.7 58.0 330.5
  58.6 329.2 59.1 327.8 59.5 326.6 60.0 325.4 60.5 324.3 61.2 322.9 61.6 321.5
  62.1 320.2 62.6 318.8 62.8 317.5 63.1 316.3 63.4 315.1 63.4 314.0 63.4 313.0
  63.5 312.1 63.6 311.2 63.5 310.3 63.4 309.5 63.3 308.7 63.3 307.9 63.1 307.1
  62.8 306.4 62.6 305.7 62.4 305.1 62.1 304.4 61.8 303.8 61.6 303.3 61.3 302.8
  60.9 302.3 60.6 301.8 60.2 301.3 59.7 300.9 59.2 300.4 58.7 300.0 58.0 299.6
  57.3 299.2 56.7 298.8 55.9 298.3 55.2 297.9 54.4 297.5 53.6 297.0 52.8 296.5
  52.0 296.0 51.2 295.6 50.8 295.2 50.3 294.8 49.9 294.4 49.5 294.2 49.1 293.9
  48.7 293.5 48.3 293.2 47.9 292.8 47.5 292.5 47.1 292.1 46.6 291.8 46.8 291.5
  46.9 291.2 47.0 290.8 47.1 290.5 47.2 290.2 47.2 289.8 47.2 289.5 47.2 289.1
  47.1 288.8 47.1 288.5 47.0 288.2 46.9 288.0 47.3 287.7 47.7 287.4 48.0 287.1
  48.2 286.8 48.5 286.4 48.6 286.1 48.8 285.6 48.9 285.2 49.0 284.7 49.0 284.2
  49.0 283.7 49.4 283.1 49.7 282.6 50.1 282.0 50.4 281.3 50.7 280.6 50.9 279.9
  51.4 279.1 51.8 278.3 52.3 277.4 52.8 276.5 53.2 275.6 53.7 274.6 54.2 273.5
  54.7 272.8 55.2 272.1 55.8 271.4 56.2 270.7 56.6 270.3 57.0 269.9 57.4 269.5
  57.9 269.0 58.3 268.6 58.8 268.5 59.2 268.3 59.7 268.2 60.1 268.1 60.6 268.2
  61.0 268.3 61.5 268.4 61.9 268.5 62.3 268.6 62.8 268.7 63.3 268.9 63.7 269.0
  64.2 269.2 64.7 269.1 65.2 269.1 65.7 269.1 66.2 269.0 66.8 268.8 67.3 268.6
  67.9 268.3 68.5 268.1 69.1 267.9 69.7 267.7 70.3 267.6 71.0 267.2 71.6 266.9
  72.3 266.7 73.0 265.9 73.6 265.2 74.3 264.4 74.9 263.2 75.5 261.9 76.1 260.6
  76.6 258.9 77.1 257.1 77.5 255.2 77.8 253.2 78.0 251.1 78.3 248.9 78.5 246.7
  78.7 244.5 78.9 242.4 79.1 240.2 79.2 238.0 79.4 235.8 79.5 233.5 79.5 231.3
  79.6 229.1 79.6 227.0 79.6 224.8
   5 31 71  0.0
  72.5 321.4 72.3 322.3 72.1 323.1 71.9 324.0 71.8 324.8 71.6 325.6 71.4 326.5
  71.2 327.4 71.0 328.4 70.8 329.4 70.6 330.5 70.4 331.8 70.3 333.1 70.0 334.5
  69.8 336.1 69.5 337.6 69.2 339.3 69.0 341.1 68.6 342.9 68.1 344.7 67.5 346.4
  66.9 348.2 66.2 349.9 65.3 351.5 64.5 353.0 63.6 354.5 62.8 355.7 61.9 357.0
  61.2 357.9 60.4 358.9 59.6 359.9 58.8   0.6 58.0   1.1 57.2   1.5 56.5   1.8
  55.8   2.1 55.2   2.2 54.6   2.3 54.0   2.5 53.5   2.6 53.1   2.6 52.6   2.6
  52.2   2.6 51.8   2.6 51.5   2.4 51.1   2.2 50.8   2.0 50.5   1.8 50.3   1.7
  50.0   1.5 49.8   1.3 49.6   0.9 49.4   0.5 49.2   0.1 49.1 359.6 49.2 358.9
  49.3 358.2 49.5 357.4 49.6 356.5 49.7 355.5 50.0 354.5 50.3 353.3 50.6 352.2
  50.8 351.0 51.3 349.7 51.7 348.4 52.2 347.0 53.0 345.8 53.7 344.6 54.5 343.4
  55.4 342.6 56.4 341.8 57.4 341.4 58.4 341.0 59.4 341.1 60.5 341.1 61.5 341.5
  62.4 341.9 63.3 342.6 64.1 343.5 64.8 344.4 65.4 345.5 65.9 346.6 66.4 347.9
  66.9 348.3 67.1 348.8 67.3 349.4 67.5 349.9 67.7 350.4 67.9 351.0 68.1 351.5
  68.3 351.2 68.4 350.9 68.6 350.6 68.7 350.3 68.9 350.1 69.0 349.9 69.1 349.8
  69.3 349.7 69.4 349.7 69.6 349.8 69.7 350.0 69.9 350.2 70.0 350.5 70.2 350.5
  70.5 350.6 70.7 350.8 70.9 351.1 71.1 351.5 71.3 352.0 71.5 352.5 71.6 353.1
  71.6 353.8 71.6 354.4 71.6 355.1 71.5 355.8 71.3 356.6 71.1 357.3 70.9 358.2
  70.6 359.0 70.3 359.9 70.0   0.9 69.8   1.1 69.6   1.4 69.4   1.6 69.2   1.9
  69.1   2.1 68.9   2.4 68.8   2.7 68.6   3.0 68.5   3.3 68.4   3.6 68.4   3.9
  68.3   4.3 68.3   4.7 68.3   5.0 68.3   5.4 68.3   5.8 68.3   6.2 68.3   6.7
  68.3   7.1 68.3   7.5 68.3   8.0 68.3   8.5 68.2   8.9 68.2   9.4 68.1   9.9
  68.1  10.4 68.0  10.9 68.0  11.5 68.0  12.0 68.1  12.5 68.1  13.1 68.1  13.6
  68.1  14.2 68.1  14.7 68.2  15.2 68.3  15.8 68.4  16.4 68.5  16.9 68.6  17.5
  68.8  18.1 68.9  18.7 69.1  19.3 69.2  19.8 69.4  20.4 69.6  21.0 69.8  21.6
  70.0  22.2 70.3  22.7 70.5  23.2 70.8  23.6 71.1  24.1 71.3  24.6 71.6  25.1
  71.9  25.6 72.2  26.1 72.6  26.4 72.9  26.7 73.3  27.0 73.6  27.2 74.0  27.5
  74.4  27.6 74.8  27.6 75.3  27.7 75.7  27.8 76.1  27.9 76.6  27.7 77.0  27.6
  77.5  27.5 78.0  27.3 78.4  27.2 79.0  26.8 79.5  26.4 80.0  26.0 80.6  25.4
  81.1  24.7 81.5  24.1 81.9  23.5 82.3  22.8 82.6  22.1 82.9  21.4 83.2  20.6
  83.5  19.9 83.6  19.1 83.8  18.4 83.9  17.6 84.1  16.9 84.2  16.3 84.3  15.6
  84.4  15.0 84.4  14.4 84.4  13.8 84.3  13.2 84.3  12.5 84.2  11.9 84.1  11.3
  83.9  10.7 83.8  10.0 83.6   9.3 83.5   8.6 83.3   7.9 83.1   7.3 82.9   6.6
  82.7   6.0 82.5   5.4 82.2   4.8 81.9   4.2 81.7   3.6 81.5   3.0 81.2   2.5
  81.0   1.9 80.7   1.3 80.4   0.8 80.2   0.2 79.9 359.7 79.6 357.4 79.3 355.2
  78.9 353.0 78.5 350.9 78.1 348.9
