   4  1 58  0.0
  72.5 321.4 72.2 320.1 71.8 318.8 71.6 318.1 71.3 317.3 71.0 316.5 70.8 315.7
  70.6 314.9 70.4 314.0 70.2 313.1 70.0 312.2 69.8 312.1 69.6 311.9 69.4 311.7
  69.2 311.5 68.9 311.3 68.7 311.2 68.4 311.0 68.1 310.8 67.9 310.7 67.6 311.1
  67.3 311.5 67.1 311.9 66.8 312.3 66.4 312.8 66.0 313.2 65.6 313.6 65.3 314.0
  64.9 314.4 64.6 314.7 64.3 314.9 64.0 315.1 63.7 315.4 63.5 315.6 63.3 315.9
  63.1 316.1 62.7 316.2 62.4 316.3 62.1 316.4 61.9 316.4 61.6 316.4 61.3 316.3
  61.1 316.2 60.8 316.0 60.6 315.8 60.4 315.5 60.2 315.2 60.0 314.9 59.8 314.6
  59.6 314.4 59.4 314.1 59.3 313.8 59.2 313.5 59.2 313.1 59.2 312.8 59.2 312.4
  59.2 311.9 59.4 311.5 59.6 311.0 59.9 310.4 60.1 309.8 60.4 308.9 60.6 307.9
  60.8 306.9 61.0 305.9 61.1 304.9 61.2 303.9 61.3 302.9 61.4 301.9 61.5 300.8
  61.6 299.8 61.8 298.7 62.0 297.6 62.2 296.2 62.4 294.7 62.7 293.2 62.9 291.7
  63.2 290.2 63.4 288.7 63.6 287.2 64.0 285.7 64.3 284.3 64.6 282.9 64.9 281.4
  65.2 280.0 65.6 278.5 66.0 277.1 66.4 275.7 66.8 274.2 67.2 272.6 67.6 271.1
  68.0 269.4 68.4 267.6 68.8 265.7 69.1 263.7 69.4 261.7 69.7 259.7 70.0 257.7
  70.2 255.8 70.4 254.0 70.6 252.3 70.8 250.6 70.9 248.9 71.1 247.2 71.1 245.5
  71.2 243.8 71.2 242.1 71.2 240.5 71.2 238.9 71.2 237.2 71.2 235.7 71.1 234.2
  71.1 232.8 71.0 231.5 70.9 230.3 70.9 229.2 70.8 228.1 70.7 227.1 70.6 226.1
  70.4 225.1 70.3 224.1 70.2 223.2 70.0 222.3 69.8 221.8 69.6 221.2 69.4 220.7
  69.2 220.2 69.0 219.7 68.7 219.2 68.5 218.8 68.2 218.3 68.0 217.9 67.7 217.5
  67.5 217.1 67.2 216.7 66.9 216.4 66.5 216.0 66.2 215.7 65.8 215.4 65.4 215.0
  64.9 214.7 64.5 214.4 64.0 214.1 63.5 214.0 63.0 214.0 62.5 214.0 62.0 213.9
  61.5 213.8 61.0 214.0 60.5 214.2 60.0 214.3 59.5 214.4 59.0 214.4 58.5 214.4
  58.0 214.3 57.5 214.3 57.0 214.3 56.5 214.4 56.1 214.4 55.7 214.4 55.3 214.4
  54.9 214.4 54.6 214.4 54.3 214.4 54.1 214.5 53.8 214.5 53.6 214.5 53.4 214.5
  53.2 214.6 53.1 214.6 52.9 214.7 52.8 214.7 52.6 214.7 52.5 214.7 52.3 214.7
  52.2 214.7 52.0 214.6 51.9 214.6 51.7 214.5 51.6 214.4 51.5 214.2 51.3 214.0
  51.2 213.8 51.0 213.6 50.9 213.4 50.7 213.1 50.5 212.9 50.3 212.6 50.1 212.4
  49.9 212.1 49.7 211.7 49.7 211.4 49.8 211.0 49.8 210.7 49.8 210.3 49.8 209.8
  49.7 209.3 49.7 208.8 49.6 208.1 49.5 207.5 49.7 206.7 49.8 205.9 49.9 205.0
  50.0 204.0 50.6 203.2 51.0 202.4 51.4 201.4 51.7 200.2 51.9 198.9 52.3 197.6
  52.6 196.4 52.9 195.1 53.2 193.9 53.5 192.7 53.7 191.4 54.0 190.2 54.4 189.2
  54.8 188.3 55.2 187.3 55.6 186.3 56.0 185.3 56.4 184.4 56.8 183.5 57.0 182.5
  57.3 181.5 57.6 180.5 57.9 179.5 58.2 178.4 58.5 177.8 58.9 177.1 59.2 176.4
  59.4 175.7 59.6 175.1 59.7 174.4 59.7 173.8 59.8 173.1 59.8 172.5 59.8 171.9
  59.9 171.3 59.9 170.6 59.9 169.9
   4  2 58  0.0
  72.5 321.4 72.5 321.3 72.4 321.2 72.4 321.0 72.3 320.9 72.3 320.7 72.2 320.5
  72.2 320.2 72.1 319.9 72.0 319.6 71.9 319.3 71.9 319.0 71.8 318.8 71.8 318.5
  71.7 318.2 71.6 317.8 71.5 317.4 71.4 316.8 71.3 316.3 71.2 315.6 71.1 314.9
  71.0 314.1 70.9 313.3 70.7 312.4 70.6 311.5 70.5 310.5 70.4 309.5 70.3 308.4
  70.2 307.4 70.1 306.3 70.0 305.2 69.9 304.9 69.7 304.6 69.6 304.3 69.4 304.0
  69.2 303.7 69.1 303.4 69.0 303.1 68.8 302.7 68.7 302.4 68.6 302.0 68.5 301.7
  68.4 301.3 68.3 300.9 68.2 300.5 68.1 300.2 68.0 299.8 68.2 299.4 68.4 298.9
  68.6 298.5 68.8 297.9 69.0 297.3 69.2 296.6 69.3 295.8 69.6 294.9 69.9 293.9
  70.1 292.8 70.4 291.6 70.7 290.4 71.0 289.1 71.3 287.7 71.6 286.2 71.9 284.7
  72.2 282.9 72.4 281.3 72.7 279.6 73.0 277.8 73.2 275.9 73.4 273.8 73.6 271.7
  73.7 269.4 73.8 267.0 73.8 264.6 73.9 262.2 73.9 259.9 73.9 257.6 73.8 255.2
  73.8 252.9 73.7 250.6 73.7 248.4 73.6 246.1 73.6 244.0 73.6 242.0 73.6 240.1
  73.6 238.4 73.7 236.8 73.7 235.3 73.8 233.8 73.8 232.3 73.8 230.8 73.7 229.3
  73.7 227.7 73.7 226.1 73.7 224.4 73.7 222.8 73.7 221.2 73.7 219.5 73.8 217.8
  73.8 216.2 73.8 214.6 73.9 213.1 74.0 211.6 74.2 210.5 74.3 209.4 74.4 208.4
  74.5 207.4 74.6 206.5 74.7 205.7 74.8 204.9 74.8 204.2 74.9 203.6 74.9 203.0
  75.0 202.4 75.0 202.0 75.1 201.5 75.1 201.2 75.2 200.9 75.3 200.7 75.3 200.5
  75.4 200.4 75.4 200.3 75.5 200.3 75.5 200.3 75.6 200.4 75.7 200.4 75.8 200.5
  75.9 200.6 76.0 200.6 76.2 200.4 76.3 200.2 76.5 200.1 76.7 199.9 76.9 199.8
  77.1 199.7 77.3 199.6 77.5 199.4 77.7 199.1 77.9 198.7 78.0 198.3 78.2 196.8
  78.4 195.2 78.5 193.4 78.6 191.3 78.7 189.0 78.8 186.4 78.8 183.6 78.8 180.8
  78.8 178.2 78.8 175.6 78.7 173.1 78.6 170.7 78.5 168.4 78.3 166.3 78.2 164.4
  78.0 162.5 77.8 160.9 77.7 159.1 77.6 157.4 77.4 155.7 77.2 153.9 77.0 152.1
  76.7 150.4 76.4 148.6 76.0 146.9 75.6 145.3 75.2 143.8 74.8 142.3 74.4 140.9
  74.0 139.5 73.5 138.4 73.1 137.4 72.7 136.6 72.2 135.8 71.8 135.2 71.4 135.1
  71.0 135.0 70.6 135.0 70.3 135.1 69.9 135.2 69.5 135.4 69.2 135.7 68.8 135.9
  68.5 136.2 68.0 136.4 67.6 136.6 67.2 136.7 66.9 136.9 66.5 137.1 66.2 137.2
  65.8 137.3 65.5 137.6 65.3 137.9 65.1 138.2 64.9 138.5 64.7 138.8 64.5 139.1
  64.3 139.5 64.1 139.8 63.9 140.1 63.6 140.4 63.3 140.7 63.1 141.0 62.8 141.2
  62.6 141.4 62.3 141.5 62.1 141.6 61.9 141.7 61.7 141.8 61.5 141.9 61.4 142.0
  61.2 142.2 61.1 142.3 61.0 142.5 60.9 142.7 60.8 142.9 60.7 143.1 60.7 143.3
  60.6 143.6 60.6 143.8 60.5 144.0 60.3 144.2 60.0 144.4 59.8 144.5 59.6 144.4
  59.4 144.3 59.2 144.2 58.9 144.0 58.7 143.8 58.7 143.6 58.8 143.4 58.8 143.1
  58.8 142.9 58.7 142.7 58.7 142.5 58.6 142.4 58.6 142.2 58.5 142.1 58.4 141.9
  58.2 141.8 58.1 141.7 57.9 141.7
   4  3 58  0.0
  72.5 321.4 72.3 319.1 72.1 316.9 72.0 314.7 71.8 312.4 71.6 310.0 71.3 307.6
  71.1 305.2 70.9 302.7 70.7 300.1 70.5 297.5 70.2 295.0 70.0 292.4 69.8 289.9
  69.7 287.0 69.6 284.2 69.6 281.3 69.6 278.5 69.3 275.9 69.0 273.3 68.7 270.9
  68.4 268.6 68.1 266.4 67.9 264.3 67.7 262.4 67.5 260.8 67.3 259.3 67.3 258.0
  67.2 256.6 67.1 255.3 67.1 254.0 67.2 252.7 67.2 251.4 67.4 250.1 67.6 248.8
  67.7 247.4 67.9 246.0 68.0 244.5 68.1 243.0 68.3 241.3 68.4 239.6 68.7 238.0
  68.9 236.3 69.1 234.7 69.3 233.1 69.6 231.6 69.7 230.1 69.9 228.6 70.1 227.3
  70.3 225.8 70.5 224.4 70.8 223.1 71.0 221.8 71.2 220.6 71.4 219.4 71.6 218.2
  71.8 217.0 72.0 215.8 72.2 214.7 72.4 213.6 72.7 212.5 72.9 211.3 73.1 210.2
  73.4 209.1 73.6 208.0 73.8 207.0 74.0 206.0 74.3 204.9 74.6 203.8 74.8 202.7
  75.0 201.7 75.3 200.8 75.5 199.9 75.8 199.0 76.0 198.2 76.3 197.2 76.6 196.1
  76.9 195.1 77.2 194.0 77.4 192.9 77.7 191.9 77.9 190.8 78.2 189.7 78.4 188.3
  78.7 186.9 79.0 185.5 79.2 184.0 79.4 182.5 79.6 180.9 79.8 179.3 80.0 177.6
  80.1 175.8 80.3 173.7 80.4 171.6 80.5 169.4 80.6 167.1 80.7 164.8 80.8 162.4
  80.8 159.8 80.7 157.1 80.7 154.4 80.6 151.8 80.4 149.2 80.2 146.9 79.9 144.7
  79.7 141.9 79.5 139.3 79.3 136.9 79.0 134.7 78.7 132.6 78.3 130.8 77.9 129.1
  77.5 127.9 77.1 126.7 76.7 125.7 76.2 124.9 75.8 124.1 75.3 123.5 74.9 123.0
  74.4 122.5 74.0 122.1 73.5 121.7 73.1 121.4 72.6 121.0 72.2 120.7 71.7 120.4
  71.2 120.2 70.7 120.1 70.3 119.9 69.8 119.7 69.5 119.6 69.1 119.5 68.7 119.3
  68.4 119.1 68.1 119.0 67.9 119.0 67.6 118.7 67.5 118.5 67.3 118.3 67.2 118.1
  67.0 117.9 66.9 117.8 66.9 117.8 66.8 117.7 66.8 117.7 66.8 117.7 66.8 117.8
  66.8 117.8 66.8 117.9 66.9 118.0 66.9 118.1 67.0 118.3 67.1 118.4 67.2 118.6
  67.3 118.8 67.4 119.1 67.5 119.4 67.6 119.7 67.7 120.0 67.8 120.3 67.7 120.6
  67.7 120.9 67.6 121.2 67.6 121.5 67.5 121.8 67.5 122.0 67.4 122.3 67.4 122.5
  67.3 122.7 67.3 123.0 67.3 123.2 67.2 123.5 67.2 123.8 67.2 124.2 67.0 124.5
  66.9 124.9 66.8 125.4 66.6 125.9 66.5 126.4 66.4 126.9 66.3 127.5 66.3 128.1
  66.1 128.8 65.9 129.4 65.7 130.4 65.6 131.4 65.4 132.4 65.1 133.4 64.7 134.4
  64.4 135.4 64.1 136.4 63.5 137.4 63.1 138.6 62.6 139.9 62.1 141.1 61.5 142.2
  61.0 143.1 60.5 144.0 60.3 144.8 60.1 145.7 59.9 146.5 59.7 147.2 59.6 148.0
  59.7 148.8 59.8 149.6 59.9 150.5 60.0 151.4 60.0 152.3 59.9 153.3 59.8 154.4
  59.7 155.4 59.6 156.5 59.4 157.7 59.2 158.9 59.0 160.0 58.7 161.1 58.2 162.1
  57.7 163.0 57.2 164.3 56.5 165.5 55.8 166.5 55.1 167.2 54.3 167.8 53.3 168.3
  52.6 168.3 51.8 168.3 51.0 167.8 50.0 167.4 49.1 167.1 48.1 166.5 47.2 165.9
  46.4 165.2 45.7 164.4 45.1 163.5 44.6 162.6 44.1 161.6 43.7 160.5 43.3 159.6
  43.0 158.6 42.7 157.7 42.3 156.8
   4  4 58  0.0
  72.5 321.4 72.4 318.3 72.1 315.1 71.9 312.0 71.7 308.9 71.4 305.9 71.0 303.0
  70.7 300.2 70.3 297.6 70.0 295.1 69.6 292.9 69.3 290.8 68.8 288.8 68.4 286.9
  67.9 285.0 67.5 283.3 67.1 281.7 66.7 280.1 66.3 278.7 65.8 277.2 65.3 275.9
  64.9 274.6 64.4 273.3 63.9 272.0 63.4 270.7 63.1 269.5 62.6 268.4 62.2 267.3
  61.9 266.3 61.6 265.3 61.3 264.3 60.9 263.3 60.8 262.3 60.7 261.3 60.6 260.3
  60.4 259.3 60.4 258.4 60.5 257.4 60.4 256.4 60.3 255.4 60.4 254.5 60.4 253.6
  60.4 252.8 60.4 252.0 60.6 251.3 60.8 250.6 61.1 250.0 61.3 249.4 61.5 248.9
  61.7 248.4 61.9 248.0 62.2 247.6 62.5 247.2 62.8 246.8 63.0 246.4 63.2 246.1
  63.4 245.8 63.6 245.5 63.8 245.3 63.9 245.2 64.0 245.0 64.1 244.9 64.2 244.1
  64.2 243.2 64.4 242.3 64.5 241.4 64.6 240.5 64.7 239.6 64.9 238.7 65.1 237.8
  65.2 236.9 65.4 236.0 65.6 235.1 65.7 234.3 65.8 233.4 66.0 232.5 66.1 231.6
  66.2 230.5 66.3 229.3 66.4 228.1 66.5 227.0 66.6 225.9 66.6 224.9 66.7 223.8
  66.8 222.9 66.9 221.9 67.0 221.0 67.1 220.2 67.2 219.4 67.2 218.7 67.2 218.0
  67.3 217.3 67.3 216.7 67.3 216.2 67.3 215.6 67.2 215.2 67.2 214.7 67.1 214.3
  67.0 213.9 66.9 213.5 66.9 213.1 66.8 212.7 66.8 212.3 66.7 211.9 66.6 211.6
  66.4 211.2 66.2 210.9 66.1 210.6 65.9 210.3 65.7 210.4 65.4 210.5 65.2 210.5
  64.9 210.5 64.6 210.4 64.3 210.4 63.9 210.3 63.6 210.3 63.1 210.3 62.7 210.3
  62.2 210.3 61.6 210.3 61.1 210.4 60.5 210.6 60.0 210.6 59.5 210.6 59.0 210.6
  58.5 210.6 58.1 210.7 57.6 210.8 57.3 210.9 56.9 211.1 56.5 211.3 56.2 211.7
  55.9 212.1 55.6 212.6 55.4 213.1 55.2 213.7 54.9 214.3 54.7 215.0 54.5 215.7
  54.3 216.4 54.1 217.1 53.9 217.8 53.7 218.4 53.4 219.1 53.1 219.7 52.8 220.3
  52.5 220.8 52.2 221.3 51.8 221.7 51.4 222.0 51.0 222.3 50.5 222.5 50.0 222.7
  49.5 222.8 48.9 222.8 48.3 222.7 47.7 222.6 47.2 222.2 46.7 221.7 46.3 221.2
  45.9 220.8 45.5 220.0 45.1 219.2 44.7 218.3 44.3 217.4 44.0 216.5 43.8 215.5
  43.4 214.3 43.0 213.1 42.7 211.8 42.3 210.4 41.9 208.9 41.6 207.5 41.3 206.0
  41.0 204.5 40.6 202.9 40.4 201.4 40.1 199.8 40.0 198.3 39.9 196.8 39.8 195.5
  39.9 194.3 40.0 193.2 40.1 192.0 40.2 190.8 40.4 189.6 40.4 188.4 40.5 187.2
  40.7 186.0 40.9 184.8 41.1 183.6 41.4 182.3 41.8 181.0 42.1 179.7 42.6 178.2
  43.0 176.8 43.4 175.5 43.9 174.1 44.3 172.8 44.8 171.4 45.2 170.0 45.6 168.6
  45.9 167.0 46.1 165.5 46.3 163.9 46.2 162.3 46.2 160.7 46.2 159.0 46.0 157.4
  45.9 155.8 45.6 154.2 45.5 152.7 45.3 151.2 45.0 149.7 44.7 148.3 44.4 146.8
  44.0 145.3 43.7 143.8 43.1 142.2 42.7 140.5 42.3 138.7 41.7 136.9 41.2 135.3
  40.7 133.5 40.1 131.7 39.7 129.8 39.2 128.0 39.0 126.0 38.8 123.9 38.6 121.8
  38.5 119.7 38.5 117.6 38.5 115.8 38.8 114.0 39.0 112.3 39.3 110.6 39.5 109.1
  39.8 107.6 40.2 106.3 40.5 104.6
   4  5 58  0.0
  72.5 321.4 72.4 318.7 72.3 316.0 72.1 313.3 71.9 310.6 71.6 308.2 71.2 305.7
  70.8 303.3 70.4 300.9 70.0 298.6 69.6 296.3 69.3 294.7 68.9 293.1 68.5 291.6
  68.0 290.2 67.6 288.8 67.1 288.1 66.6 287.4 66.3 286.6 65.9 285.7 65.4 285.1
  65.0 284.4 64.5 283.7 64.0 282.9 63.6 282.0 63.1 281.3 62.6 280.5 62.0 279.7
  61.8 278.9 61.5 277.8 61.2 276.8 60.9 275.8 60.8 274.8 60.6 273.7 60.4 272.7
  60.1 271.6 60.1 270.5 60.0 269.3 59.9 268.2 59.8 267.0 59.8 265.8 59.8 264.6
  59.7 263.4 59.7 262.2 59.8 261.1 59.8 260.0 59.9 258.9 60.0 257.9 60.1 256.9
  60.2 255.8 60.4 254.8 60.6 253.8 60.8 252.8 61.0 251.8 61.3 250.9 61.6 249.9
  61.9 249.0 62.2 248.1 62.5 247.1 62.9 246.1 63.2 245.2 63.7 244.3 64.1 243.4
  64.6 242.4 65.2 241.5 65.7 240.5 66.3 239.6 66.7 238.4 67.2 237.2 67.6 235.9
  67.9 234.7 68.2 233.4 68.5 232.2 68.9 231.0 69.1 229.8 69.3 228.6 69.5 227.4
  69.7 226.2 69.8 224.9 69.9 223.7 70.0 222.5 70.1 221.4 70.2 220.4 70.4 219.4
  70.5 218.4 70.6 217.4 70.8 216.4 70.9 215.5 71.1 214.5 71.2 213.6 71.3 212.7
  71.4 211.7 71.5 210.8 71.6 209.8 71.6 208.9 71.6 207.9 71.6 207.0 71.5 206.0
  71.5 205.1 71.5 204.2 71.5 203.4 71.5 202.6 71.5 201.9 71.6 201.2 71.6 200.7
  71.7 200.1 71.7 199.7 71.8 199.2 71.8 198.9 71.9 198.5 71.9 198.3 72.0 198.0
  72.0 197.9 72.1 197.3 72.1 196.7 72.2 196.3 72.2 195.8 72.3 195.5 72.3 195.2
  72.4 195.0 72.4 194.8 72.5 194.7 72.5 194.5 72.6 194.4 72.7 194.3 72.8 194.2
  72.9 194.1 73.0 194.1 73.1 194.0 73.2 193.9 73.3 193.9 73.5 193.8 73.6 193.8
  73.8 193.7 73.9 193.7 74.1 193.6 74.3 193.1 74.5 192.6 74.7 192.1 74.9 191.6
  75.1 191.1 75.3 190.6 75.5 190.1 75.7 189.6 75.9 189.0 76.1 188.5 76.4 187.5
  76.6 186.5 76.9 185.5 77.2 184.4 77.5 183.4 77.8 182.4 78.2 181.4 78.7 179.3
  79.1 176.9 79.6 174.2 80.0 171.2 80.3 167.9 80.3 163.5 80.3 159.7 80.2 156.2
  80.2 153.0 80.1 150.0 79.9 147.1 79.8 144.4 79.6 141.8 79.4 139.3 79.1 137.1
  78.8 135.1 78.5 133.2 78.1 131.5 77.6 130.0 77.2 128.9 76.7 128.0 76.2 127.1
  75.6 126.4 75.1 125.9 74.5 125.4 73.9 125.0 73.4 124.7 72.8 124.4 72.2 124.1
  71.6 123.9 71.1 123.7 70.7 123.7 70.2 123.6 69.8 123.6 69.4 123.8 69.1 124.1
  68.7 124.4 68.4 124.8 68.0 125.2 67.7 125.6 67.4 126.1 67.1 126.6 66.9 127.1
  66.7 127.6 66.5 128.2 66.3 128.8 66.1 129.4 65.9 130.0 65.7 130.7 65.6 131.4
  65.5 132.2 65.3 133.0 65.1 133.8 64.9 134.7 64.7 135.5 64.5 136.3 64.3 137.1
  64.1 137.9 63.9 138.7 63.7 139.5 63.5 140.3 63.3 141.0 63.0 141.7 62.8 142.4
  62.5 143.1 62.2 143.8 61.9 144.6 61.7 145.5 61.5 146.6 61.3 147.7 61.0 148.9
  60.8 150.2 60.6 151.7 60.4 153.3 60.1 154.9 59.8 156.7 59.5 158.1 59.3 159.5
  59.0 160.9 58.8 162.3 58.6 163.7 58.4 165.2 58.1 166.6 57.8 168.0 57.5 169.2
  57.2 170.4 56.8 171.6 56.5 172.8
   4  6 58  0.0
  72.5 321.4 72.3 318.8 72.0 316.4 71.7 314.3 71.4 312.5 71.2 310.8 70.8 309.3
  70.5 307.9 70.1 306.6 69.7 305.4 69.3 304.6 68.9 303.8 68.5 303.0 68.1 302.1
  67.7 301.3 67.3 300.8 66.8 300.4 66.4 300.0 65.8 299.6 65.3 299.5 64.7 299.4
  64.0 299.3 63.4 299.3 62.7 299.4 62.1 299.4 61.5 299.5 61.0 299.7 60.6 299.9
  60.2 300.1 59.9 300.3 59.6 300.3 59.4 300.3 59.2 300.3 59.1 300.3 59.0 300.3
  58.9 300.3 58.8 300.3 58.7 300.3 58.6 300.4 58.6 300.4 58.5 300.4 58.5 300.5
  58.4 300.5 58.3 300.6 58.3 300.7 58.2 300.8 58.2 300.9 58.1 301.0 58.1 301.1
  58.0 301.2 58.0 301.4 58.0 301.8 57.9 302.3 58.0 302.8 58.0 303.3 58.0 303.9
  58.0 304.4 58.2 304.6 58.4 304.8 58.6 305.0 58.8 305.2 59.0 305.4 59.3 305.5
  59.5 305.6 59.7 305.7 60.0 305.8 60.2 305.9 60.4 305.6 60.6 305.4 60.9 305.1
  61.1 304.9 61.3 304.6 61.5 304.3 61.6 303.9 61.8 303.6 61.9 303.3 62.1 302.9
  62.3 302.2 62.4 301.3 62.6 300.5 62.8 299.5 62.9 298.5 63.0 297.5 63.1 296.3
  63.3 295.0 63.3 293.7 63.4 292.3 63.4 290.9 63.5 289.4 63.5 287.9 63.4 286.4
  63.4 284.9 63.4 283.4 63.3 281.9 63.3 280.3 63.3 278.7 63.2 277.1 63.1 275.5
  62.9 274.1 62.7 272.7 62.5 271.4 62.1 270.2 61.7 268.9 61.4 267.9 61.0 267.0
  60.6 266.0 60.3 265.1 59.9 264.3 59.6 263.7 59.2 263.2 58.8 262.6 58.4 262.1
  58.0 261.6 57.6 261.1 57.2 260.5 56.9 260.0 56.6 259.5 56.2 259.0 55.7 258.6
  55.4 258.2 55.0 257.9 54.6 257.6 54.2 257.3 53.9 257.0 53.5 256.6 53.1 256.2
  52.8 255.8 52.3 255.3 51.8 254.8 51.3 254.3 50.9 253.8 50.4 253.3 49.9 252.7
  49.4 252.1 48.9 251.5 48.5 251.0 48.1 250.4 47.7 249.9 47.3 249.3 46.9 248.8
  46.5 248.3 46.1 247.7 45.6 247.2 45.1 246.7 44.5 246.1 43.8 245.6 43.2 245.0
  42.6 244.4 42.0 243.8 41.3 243.1 40.7 242.3 40.0 241.4 39.4 240.6 38.8 239.6
  38.2 238.5 37.5 237.4 36.8 236.2 36.2 234.9 35.9 233.5 35.5 232.0 35.6 230.4
  35.6 228.8 35.5 227.2 35.8 225.7 36.1 224.2 36.4 222.5 36.8 221.0 37.3 219.5
  37.9 218.0 38.5 216.7 39.2 215.5 39.9 214.4 40.6 213.3 41.3 212.5 42.1 211.7
  42.7 211.0 43.3 210.2 43.9 209.5 44.5 208.7 45.2 208.1 45.8 207.5 46.3 206.9
  46.9 206.2 47.4 205.5 47.9 204.7 48.4 203.9 49.0 203.2 49.6 202.5 50.2 201.7
  50.8 201.0 51.3 200.3 51.8 199.6 52.2 198.7 52.6 198.0 53.0 197.2 53.4 196.4
  53.6 195.5 53.7 194.6 53.8 193.6 53.9 192.6 54.0 191.5 54.0 190.3 54.2 189.7
  54.3 189.1 54.5 188.5 54.7 188.0 55.0 187.3 55.2 186.7 55.4 185.9 55.6 185.1
  55.7 184.2 55.8 183.2 55.8 182.1 55.8 181.1 55.8 180.0 55.8 178.9 55.9 177.9
  55.9 176.8 55.9 175.8 55.8 174.7 55.7 173.7 55.6 172.6 55.5 171.4 55.4 170.3
  55.4 169.2 55.4 168.1 55.3 167.0 55.1 166.1 54.8 165.3 54.5 164.7 54.1 164.2
  53.7 163.9 53.3 162.7 52.9 161.7 52.5 160.7 52.1 159.8 51.7 159.0 51.3 157.7
  50.8 156.4 50.3 155.4 49.7 154.4
   4  7 58  0.0
  72.5 321.4 72.5 318.8 72.5 316.2 72.4 313.7 72.3 311.1 72.2 308.6 72.0 306.2
  71.8 304.4 71.6 302.7 71.4 301.0 71.1 299.4 70.9 297.8 70.7 296.2 70.4 294.7
  70.2 293.3 70.0 291.9 69.8 291.5 69.7 291.2 69.5 290.9 69.4 290.6 69.3 290.3
  69.3 290.0 69.3 289.8 69.3 289.6 69.3 289.4 69.3 289.2 69.3 288.9 69.3 288.6
  69.3 288.3 69.2 287.9 69.2 287.5 69.2 287.0 69.2 286.5 69.1 285.9 69.1 285.3
  69.0 284.6 68.9 283.9 69.0 283.2 69.0 282.5 69.1 281.8 69.1 281.0 69.2 280.2
  69.2 279.4 69.4 278.6 69.6 277.7 69.7 276.9 69.9 276.0 70.0 275.2 70.3 274.1
  70.5 273.0 70.7 271.8 70.9 270.6 71.1 269.3 71.3 267.9 71.4 266.5 71.5 264.9
  71.5 263.3 71.6 261.5 71.6 259.6 71.6 257.6 71.7 255.5 71.8 253.3 71.9 251.2
  72.0 249.1 72.1 247.2 72.2 245.3 72.2 243.3 72.2 241.3 72.2 239.1 72.2 236.9
  72.2 234.5 72.2 231.9 72.2 229.4 72.2 226.9 72.1 224.5 72.1 222.3 72.0 220.2
  71.9 217.8 71.8 215.6 71.8 213.6 71.7 211.7 71.7 210.1 71.6 208.6 71.6 207.3
  71.5 206.1 71.4 205.0 71.4 204.0 71.3 203.1 71.2 202.2 71.1 201.5 71.0 200.8
  71.0 200.2 70.9 199.7 70.8 199.2 70.7 198.8 70.6 198.5 70.5 198.1 70.4 197.9
  70.3 197.6 70.2 197.4 70.0 197.3 69.9 197.1 69.7 197.3 69.6 197.4 69.4 197.6
  69.3 197.8 69.1 197.9 69.0 198.1 68.8 198.3 68.6 198.5 68.4 198.7 68.2 198.9
  68.0 199.1 67.8 199.3 67.7 199.7 67.5 200.1 67.2 200.6 67.0 201.0 66.7 201.4
  66.5 201.9 66.2 202.4 65.9 202.9 65.7 203.6 65.4 204.3 65.1 205.0 64.7 205.6
  64.3 206.2 63.9 206.8 63.5 207.6 63.1 208.3 62.6 209.0 62.0 209.7 61.3 210.5
  60.6 211.3 59.9 212.0 59.3 212.8 58.6 213.5 57.9 214.1 57.1 214.5 56.3 214.9
  55.5 215.3 54.7 215.4 54.0 215.4 53.4 215.3 52.9 215.1 52.5 214.9 52.2 214.7
  51.9 214.5 51.6 214.4 51.3 214.2 51.1 214.0 50.8 213.7 50.6 213.5 50.3 213.2
  50.1 212.8 49.8 212.4 49.6 211.9 49.9 211.2 50.1 210.4 50.2 209.6 50.2 208.8
  50.1 207.9 50.1 206.9 50.1 206.0 50.0 205.0 49.8 203.5 49.9 202.0 50.1 200.4
  50.3 199.3 50.5 198.2 50.6 196.9 50.7 195.6 50.6 194.0 50.6 192.4 50.5 190.5
  50.4 188.6 50.2 186.7 50.0 184.8 49.8 183.0 49.6 181.1 49.4 179.3 49.4 177.6
  49.3 175.9 49.2 174.2 49.1 172.6 48.9 171.2 48.6 169.8 48.2 168.7 47.8 167.7
  47.4 166.4 47.0 165.3 46.5 164.3 45.9 163.4 45.4 162.4 44.8 161.4 44.2 160.3
  43.5 159.3 42.9 158.0 42.2 156.6 41.6 155.3 41.0 153.8 40.4 152.3 39.8 150.7
  39.3 149.1 38.7 147.5 38.2 145.8 37.7 144.2 37.1 142.2 36.6 140.2 36.2 138.3
  35.9 136.5 35.7 134.1 35.9 131.8 36.4 129.5 37.0 127.8 37.8 126.0 38.7 124.2
  39.5 122.6 40.3 121.1 41.2 119.9 42.3 118.7 43.4 118.0 44.4 117.2 45.5 116.6
  46.4 116.0 47.4 115.6 48.4 115.1 49.3 114.7 50.2 114.4 51.1 114.3 51.9 114.2
  52.7 114.1 53.4 114.1 54.0 114.1 54.6 114.1 55.2 114.1 55.7 114.2 56.1 114.3
  56.6 114.3 57.0 114.5 57.4 114.6
   4  8 58  0.0
  72.5 321.4 72.5 319.4 72.4 317.3 72.4 315.3 72.3 313.2 72.2 311.1 71.9 309.0
  71.7 307.4 71.4 305.9 71.1 304.4 70.8 303.1 70.4 301.7 70.1 300.4 69.8 299.2
  69.4 298.6 69.1 298.1 68.8 297.6 68.5 297.1 68.2 296.7 67.9 296.3 67.6 296.3
  67.4 296.3 67.1 296.3 66.9 296.3 66.7 296.3 66.4 296.3 66.2 296.3 65.9 296.3
  65.6 296.5 65.3 296.8 64.9 297.0 64.5 297.3 64.1 297.6 63.6 297.9 63.2 298.5
  62.7 299.2 62.1 299.8 61.6 300.5 61.0 301.2 60.3 302.0 59.7 302.6 59.1 303.2
  58.5 303.7 57.8 304.1 57.3 304.7 56.7 305.2 56.2 305.7 55.7 306.2 55.2 306.7
  54.8 307.2 54.5 307.7 54.1 308.4 53.7 309.0 53.3 309.7 52.9 310.3 52.5 310.9
  52.1 311.5 51.7 312.1 51.2 312.5 50.7 312.7 50.2 313.0 49.7 313.1 49.2 313.1
  48.7 313.1 48.2 313.1 47.6 313.2 47.1 313.0 46.6 312.9 46.1 312.8 45.5 312.7
  44.9 312.6 44.3 312.4 43.7 312.3 43.1 312.0 42.4 311.8 42.0 311.5 41.5 311.1
  41.0 310.8 40.5 310.4 40.0 310.1 39.5 309.8 38.9 309.2 38.4 308.5 37.8 307.9
  37.5 307.0 37.2 306.0 36.9 305.1 36.6 304.1 36.3 303.1 36.3 302.1 36.4 301.1
  36.5 300.2 36.5 299.3 36.8 298.5 37.2 297.7 37.5 296.9 37.8 296.2 38.2 295.5
  38.6 295.2 39.0 294.8 39.4 294.5 39.9 294.2 40.3 293.8 40.8 294.0 41.2 294.2
  41.6 294.4 42.1 294.7 42.5 295.3 42.9 295.9 43.2 296.7 43.3 297.5 43.4 298.3
  43.5 299.1 43.5 300.0 43.1 300.9 42.6 301.7 42.1 302.4 41.5 303.1 40.9 303.2
  40.2 303.4 39.5 303.6 38.7 303.3 38.0 302.9 37.3 302.4 36.5 301.4 35.8 300.3
  35.1 298.9 34.8 297.4 34.5 295.9 34.6 294.3 34.8 292.8 34.9 291.3 35.4 289.9
  35.9 288.7 36.5 287.5 37.1 286.6 37.7 285.7 38.3 284.9 39.0 284.4 39.6 283.9
  40.0 283.4 40.4 282.9 40.8 282.6 41.1 282.4 41.5 282.2 41.8 281.9 42.1 281.6
  42.3 281.8 42.6 281.9 42.9 282.0 43.1 282.2 43.3 282.2 43.6 282.3 43.8 282.4
  44.0 282.5 44.2 282.5 44.4 282.5 44.6 282.6 44.8 282.6 45.0 282.6 45.1 282.6
  45.3 282.6 45.5 282.6 45.6 282.6 45.8 282.6 46.0 282.6 46.2 282.6 46.3 282.7
  46.5 282.7 46.7 282.8 46.9 282.8 47.1 282.9 47.3 282.9 47.5 282.9 47.7 282.9
  47.9 282.8 48.1 282.8 48.3 282.8 48.4 282.8 48.6 282.8 48.7 282.7 48.9 282.7
  49.0 282.7 49.2 282.7 49.3 282.7 49.4 282.7 49.6 282.6 49.7 282.6 49.8 282.6
  50.0 282.5 50.1 282.5 50.2 282.6 50.4 282.7 50.5 282.8 50.7 282.8 50.8 282.9
  50.9 282.9 51.1 282.9 51.2 282.9 51.4 282.9 51.5 282.9 51.6 282.9 51.8 282.8
  51.9 282.7 52.1 282.6 52.2 282.7 52.4 282.8 52.6 282.8 52.8 282.9 53.0 282.9
  53.2 283.0 53.5 283.1 53.7 283.1 54.0 283.2 54.3 283.3 54.6 283.3 54.9 283.3
  55.2 283.3 55.4 283.2 55.7 283.2 55.9 283.2 56.1 283.1 56.3 282.9 56.5 282.6
  56.6 282.4 56.8 282.2 56.9 282.0 57.0 281.9 57.2 281.7 57.3 281.6 57.4 281.4
  57.6 281.2 57.7 281.0 57.9 280.7 58.0 280.5 58.2 280.1 58.3 279.7 58.5 279.3
  58.6 278.9 58.7 278.4 58.9 278.0
   4  9 58  0.0
  72.5 321.4 72.3 319.4 72.0 317.4 71.7 315.7 71.4 314.0 71.1 312.2 70.8 310.4
  70.3 308.6 69.8 306.9 69.3 305.6 68.7 304.4 68.2 303.1 67.7 301.8 67.2 301.1
  66.7 300.5 66.3 299.8 65.9 299.2 65.6 299.2 65.2 299.2 64.9 299.3 64.6 299.5
  64.4 299.7 64.1 300.0 63.9 300.3 63.7 300.9 63.5 301.6 63.3 302.3 63.1 303.0
  62.9 303.7 62.6 304.4 62.3 305.2 62.0 305.9 61.6 306.7 61.3 307.6 60.9 308.4
  60.6 309.2 60.2 310.0 59.8 310.8 59.5 311.7 59.1 312.5 58.7 313.4 58.3 314.3
  57.9 315.1 57.4 316.0 57.0 316.9 56.5 317.8 56.0 318.6 55.4 319.4 54.9 320.1
  54.3 320.8 53.7 321.4 53.2 322.0 52.6 322.5 52.0 323.0 51.4 323.4 50.9 323.5
  50.3 323.6 49.7 323.7 49.1 323.7 48.6 323.6 48.0 323.5 47.5 323.5 47.0 323.2
  46.5 323.0 46.0 322.7 45.5 322.2 45.0 321.7 44.5 321.2 43.9 320.7 43.4 319.9
  42.8 319.1 42.1 318.3 41.4 317.5 40.8 316.6 40.1 315.7 39.5 314.8 39.0 313.7
  38.4 312.7 37.8 311.7 37.4 310.7 37.1 309.7 36.6 308.8 36.2 307.9 36.2 307.1
  36.1 306.3 36.1 305.6 36.0 304.8 35.9 303.9 36.0 303.0 36.2 302.2 36.4 301.3
  36.5 300.5 36.7 299.7 37.0 298.9 37.4 298.2 37.7 297.4 38.0 296.7 38.4 296.2
  38.8 295.7 39.2 295.2 39.6 294.7 40.0 294.2 40.4 294.0 40.9 293.8 41.3 293.6
  41.8 293.4 42.2 293.2 42.7 293.3 43.2 293.3 43.6 293.4 44.0 293.5 44.4 293.6
  44.8 293.7 45.2 293.9 45.5 294.1 45.8 294.3 46.1 294.5 46.4 294.7 46.7 294.9
  47.0 295.1 47.3 295.3 47.6 295.6 47.9 295.9 48.1 296.1 48.3 296.4 48.5 296.7
  48.7 297.0 48.8 297.3 49.0 297.6 49.1 298.0 49.2 298.3 49.3 298.6 49.4 299.0
  49.5 299.3 49.6 299.6 49.7 299.9 49.9 300.1 49.9 300.3 49.9 300.5 49.9 300.6
  49.9 300.7 50.0 300.7 50.0 300.7 50.0 300.7 50.0 300.5 50.1 300.4 50.1 300.2
  50.2 300.1 50.2 299.9 50.4 299.7 50.7 299.4 50.9 299.2 51.2 299.0 51.6 298.7
  51.9 298.5 52.3 298.2 52.7 298.3 53.2 298.3 53.6 298.3 53.9 298.3 54.3 298.3
  54.7 298.3 55.0 298.2 55.3 298.1 55.7 297.9 56.0 297.7 56.3 297.4 56.7 297.0
  57.0 296.5 57.4 296.0 57.8 295.6 58.1 295.2 58.5 294.7 58.8 294.2 59.2 293.7
  59.5 293.2 59.8 292.7 60.1 292.2 60.4 291.6 60.6 290.9 60.8 290.3 61.0 289.7
  61.2 289.1 61.4 288.5 61.6 287.9 61.8 287.2 61.9 286.6 62.1 285.9 62.3 285.1
  62.5 284.3 62.7 283.5 62.8 282.6 62.9 281.8 63.1 280.9 63.2 279.9 63.1 278.9
  63.1 277.9 63.0 276.9 63.0 275.8 62.8 274.7 62.6 273.6 62.4 272.6 62.2 271.5
  62.0 270.4 61.8 269.4 61.6 268.5 61.4 267.7 61.3 266.9 61.1 266.0 60.9 265.2
  60.7 264.4 60.6 263.6 60.4 262.8 60.2 261.9 60.1 261.1 59.9 260.3 59.7 259.6
  59.5 258.9 59.3 258.3 59.1 257.7 58.9 257.2 58.7 256.7 58.5 256.2 58.3 255.9
  58.1 255.5 57.9 255.2 57.8 254.8 57.6 254.4 57.5 254.0 57.3 253.6 57.1 253.2
  57.0 252.7 56.8 252.3 56.6 251.8 56.4 251.3 56.3 250.7 56.1 250.2 55.9 249.7
  55.7 249.2 55.5 248.6 55.3 248.1
   4 10 58  0.0
  72.5 321.4 72.2 319.2 71.9 317.1 71.6 315.5 71.4 313.9 71.2 312.4 70.9 311.0
  70.7 309.7 70.4 308.4 70.2 307.2 69.9 306.0 69.7 305.2 69.5 304.5 69.3 303.8
  69.1 303.0 68.9 302.2 68.7 301.4 68.4 300.6 68.2 299.7 68.0 298.8 67.8 297.7
  67.7 297.1 67.5 296.4 67.3 295.6 67.3 294.8 67.2 294.0 67.1 293.0 67.0 292.0
  66.9 291.0 66.8 289.9 66.8 288.7 66.7 287.5 66.7 286.1 66.7 284.7 66.7 283.2
  66.8 281.6 66.8 279.8 67.0 277.9 67.2 275.9 67.5 273.6 67.7 271.3 67.9 268.9
  68.2 266.7 68.5 264.3 68.8 261.7 69.0 259.2 69.1 256.8 69.2 254.5 69.3 252.3
  69.4 250.3 69.5 248.5 69.6 246.7 69.7 245.1 69.8 243.6 69.9 242.1 70.0 240.7
  70.1 239.3 70.2 237.8 70.3 236.3 70.4 234.8 70.5 233.4 70.6 231.9 70.6 230.5
  70.6 229.2 70.6 227.9 70.6 226.7 70.6 225.5 70.6 224.4 70.6 223.2 70.5 222.1
  70.4 221.0 70.4 219.9 70.3 218.9 70.2 217.8 70.2 216.8 70.1 215.8 70.1 214.8
  70.0 213.8 69.9 212.9 69.9 212.0 69.8 211.1 69.7 210.1 69.6 209.2 69.5 208.2
  69.3 207.2 69.2 206.2 69.1 205.2 68.9 204.3 68.8 203.4 68.7 202.6 68.6 201.8
  68.5 201.0 68.3 200.4 68.2 199.7 68.1 199.2 68.1 198.7 68.1 198.2 68.0 197.7
  68.0 197.3 67.9 197.4 67.9 197.6 67.8 197.6 67.8 197.6 67.7 197.6 67.7 197.6
  67.6 197.5 67.5 197.5 67.4 197.4 67.3 197.2 67.2 197.1 67.1 197.0 67.0 196.9
  66.8 196.8 66.7 196.7 66.5 196.7 66.3 196.7 66.1 196.6 65.9 196.6 65.7 197.1
  65.5 197.5 65.2 198.0 65.0 198.4 64.7 198.7 64.4 199.0 64.1 199.3 63.7 199.5
  63.3 200.2 63.1 200.8 62.9 201.4 62.6 202.0 62.4 202.6 62.1 203.1 61.9 203.6
  61.6 204.3 61.5 204.9 61.3 205.4 61.1 205.9 60.9 206.2 60.7 206.5 60.5 206.8
  60.2 207.0 59.9 207.2 59.6 207.3 59.3 207.3 58.9 207.3 58.5 207.3 58.1 207.2
  57.7 207.1 57.3 206.9 56.9 206.7 56.5 206.5 56.1 206.4 55.8 206.2 55.4 206.0
  55.1 205.8 54.9 205.6 54.7 205.4 54.5 205.3 54.3 205.1 54.2 205.0 54.2 204.8
  54.2 204.7 54.2 204.5 54.2 204.4 54.3 204.3 54.4 204.2 54.5 204.0 54.7 203.9
  54.7 203.8 54.7 203.7 54.8 203.5 54.8 203.4 54.9 203.2 54.9 203.0 55.0 202.8
  55.0 202.5 55.1 202.3 55.1 202.0 55.2 201.6 55.2 201.2 55.3 200.8 55.4 200.3
  55.4 199.8 55.3 199.2 55.2 198.7 55.2 198.1 55.1 197.6 55.0 197.0 54.9 196.4
  54.9 195.9 54.7 195.4 54.6 194.9 54.5 194.5 54.3 194.0 54.2 193.6 54.1 193.2
  54.0 192.7 53.9 191.9 53.8 191.0 53.7 190.2 53.7 189.3 53.6 188.5 53.6 187.6
  53.5 186.7 53.5 185.9 53.4 185.0 53.4 184.2 53.3 183.3 53.4 182.5 53.5 181.8
  53.6 181.0 53.7 180.3 53.8 179.6 53.9 178.9 53.9 178.3 54.0 177.6 54.0 176.9
  54.1 176.4 54.1 175.9 54.0 175.5 53.9 175.0 53.8 174.4 53.7 173.9 53.6 173.3
  53.5 172.9 53.3 172.5 53.1 172.1 52.9 171.8 52.8 171.6 52.6 171.4 52.5 171.2
  52.4 170.9 52.2 170.6 52.1 170.3 52.0 169.9 51.9 169.5 51.8 169.0 51.7 168.5
  51.6 167.9 51.4 167.3 51.3 166.8
   4 11 58  0.0
  72.5 321.4 72.2 320.2 71.9 318.9 71.6 317.9 71.2 316.8 70.9 315.7 70.6 314.6
  70.3 313.3 69.9 312.1 69.6 311.3 69.3 310.3 69.1 309.3 68.9 308.1 68.7 306.8
  68.6 305.5 68.5 304.0 68.4 302.6 68.3 301.1 68.3 299.6 68.1 298.1 67.9 296.7
  67.8 295.8 67.6 295.0 67.5 294.1 67.4 293.2 67.4 292.3 67.4 291.3 67.4 290.2
  67.3 289.1 67.3 287.9 67.3 286.5 67.3 285.2 67.3 283.8 67.2 282.4 67.1 280.9
  67.0 279.4 66.9 277.9 66.8 276.2 66.7 274.3 66.5 272.4 66.4 270.4 66.3 268.4
  66.2 266.4 66.1 264.4 66.1 262.6 65.9 260.8 65.8 259.8 65.6 258.7 65.4 257.7
  65.2 256.6 64.9 255.6 64.7 254.6 64.5 253.5 64.2 252.5 64.0 251.6 63.8 250.9
  63.6 250.2 63.4 249.6 63.2 249.0 62.9 248.4 62.7 247.9 62.6 247.4 62.4 246.9
  62.3 246.5 62.1 246.1 61.9 245.7 61.8 245.4 61.6 245.2 61.4 245.0 61.2 244.9
  61.0 244.8 60.8 244.7 60.6 244.7 60.4 244.6 60.2 244.6 60.0 244.6 59.8 244.5
  59.6 244.4 59.4 244.3 59.2 244.3 59.0 244.2 58.8 244.1 58.6 244.0 58.4 243.9
  58.2 243.9 58.1 243.8 57.9 243.7 57.7 243.6 57.5 243.6 57.4 243.5 57.2 243.5
  57.0 243.4 56.8 243.4 56.6 243.4 56.5 243.3 56.3 243.2 56.1 243.2 55.9 243.1
  55.7 243.1 55.5 243.1 55.3 243.1 55.1 243.1 54.9 243.1 54.7 243.1 54.5 243.2
  54.3 243.2 54.1 243.3 53.8 243.3 53.6 243.5 53.4 243.6 53.1 243.8 52.9 244.0
  52.6 244.2 52.3 244.4 52.0 244.6 51.8 244.9 51.5 245.1 51.2 245.4 51.0 245.8
  50.8 246.1 50.5 246.4 50.3 246.8 50.1 247.1 49.9 247.5 49.7 247.8 49.6 248.1
  49.4 248.5 49.3 248.8 49.2 249.2 49.0 249.6 48.9 250.0 48.8 250.4 48.7 250.9
  48.6 251.3 48.5 251.8 48.4 252.3 48.2 252.9 48.1 253.4 48.0 254.0 47.8 254.6
  47.7 255.3 47.6 256.0 47.4 256.7 47.2 257.4 47.0 258.2 46.8 258.9 46.6 259.5
  46.3 260.2 46.1 260.8 45.8 261.5 45.5 262.0 45.3 262.5 45.0 263.0 44.8 263.5
  44.5 263.9 44.2 264.2 44.0 264.6 43.8 264.5 43.6 264.4 43.3 264.3 43.1 264.3
  42.9 264.3 42.7 264.3 42.5 264.3 42.3 264.4 42.1 264.4 42.0 264.5 41.8 264.5
  41.6 264.5 41.5 264.6 41.3 264.6 41.1 264.7 40.9 264.9 40.6 265.0 40.4 265.2
  40.0 265.3 39.7 265.5 39.3 265.2 38.9 264.9 38.5 264.6 38.0 264.3 37.5 263.7
  37.5 263.1 37.5 262.6 37.5 262.0 37.4 261.5 37.3 261.0 37.1 260.4 36.9 259.9
  36.9 259.4 36.9 258.9 36.9 258.4 36.7 257.8 36.6 257.3 36.4 256.8 36.2 256.2
  36.0 255.7 35.9 255.1 35.7 254.5 35.5 253.8 35.2 253.1 34.8 252.4 34.4 251.6
  34.1 250.9 33.8 250.1 33.5 249.2 33.1 248.3 32.8 247.3 32.7 246.3 32.6 245.3
  32.5 244.2 32.3 243.0 32.0 241.9 31.6 240.8 31.2 239.5 31.5 238.1 31.9 236.8
  32.3 235.5 33.0 234.2 33.6 232.9 34.1 231.5 34.7 230.0 35.3 228.5 35.8 226.9
  36.5 225.1 37.2 223.6 38.1 222.0 39.1 220.5 39.9 218.9 40.6 217.2 41.2 215.6
  41.4 213.8 41.7 211.8 41.7 209.7 41.8 207.5 41.8 205.3 41.9 203.0 41.9 200.8
  41.8 198.5 41.4 196.1 41.0 193.5
   4 12 58  0.0
  72.5 321.4 72.2 320.7 71.9 320.0 71.5 319.2 71.2 318.5 70.9 317.6 70.6 316.7
  70.3 315.8 70.0 314.7 69.7 314.0 69.4 313.2 69.1 312.3 68.9 311.4 68.4 310.4
  67.9 309.5 67.5 309.1 67.1 308.8 66.8 308.5 66.4 308.2 66.1 307.9 65.8 307.5
  65.6 307.2 65.4 306.9 65.2 306.7 65.1 306.4 65.0 306.1 65.0 305.8 64.9 305.6
  64.9 305.4 64.9 305.2 64.9 305.1 64.9 304.9 64.9 304.9 64.9 304.8 64.9 304.9
  65.0 304.9 65.0 305.0 65.1 305.1 65.2 305.3 65.3 305.4 65.3 305.5 65.4 305.7
  65.4 305.8 65.5 305.9 65.5 306.1 65.5 306.2 65.6 306.3 65.6 306.5 65.6 306.6
  65.6 306.7 65.6 306.9 65.5 307.0 65.5 307.1 65.4 307.1 65.3 307.2 65.2 307.2
  65.0 307.2 64.9 307.2 64.7 307.1 64.5 307.1 64.3 307.0 64.1 306.9 63.8 306.8
  63.6 307.2 63.4 307.7 63.1 308.1 62.8 308.6 62.5 309.1 62.1 309.5 61.8 310.0
  61.5 310.7 61.1 311.4 60.8 312.1 60.5 312.8 60.2 313.5 59.9 314.2 59.6 314.6
  59.4 315.1 59.2 315.7 59.0 316.3 58.8 317.0 58.7 317.7 58.5 318.4 58.4 319.3
  58.3 320.2 58.1 321.1 57.9 322.1 57.7 323.0 57.4 323.9 57.2 324.7 56.6 325.5
  56.0 326.2 55.4 326.7 54.8 326.8 54.3 326.9 53.7 327.0 53.1 326.9 52.6 326.9
  52.0 327.0 51.5 327.0 51.0 326.8 50.5 326.6 50.0 326.4 49.5 326.1 49.0 325.8
  48.5 325.6 48.0 325.3 47.5 325.0 47.0 324.7 46.5 324.5 46.0 324.2 45.4 323.8
  44.8 323.3 44.2 322.8 43.5 322.2 42.9 321.5 42.4 320.8 41.8 320.0 41.2 319.3
  40.7 318.5 40.2 317.7 39.6 316.9 39.1 316.2 38.5 315.6 38.2 314.9 37.8 314.2
  37.5 313.4 37.1 312.6 36.7 311.8 36.7 311.0 36.5 310.2 36.4 309.3 36.3 308.4
  36.1 307.5 36.3 306.5 36.5 305.6 36.6 304.6 36.8 303.7 37.1 302.8 37.5 301.9
  37.9 301.0 38.2 300.2 38.6 299.5 39.0 298.8 39.3 298.1 39.7 297.4 40.1 296.8
  40.4 296.2 40.8 295.6 41.2 295.0 41.6 294.5 42.0 293.9 42.4 293.5 42.8 293.0
  43.2 292.5 43.6 292.1 44.0 291.7 44.2 291.4 44.5 291.0 44.8 290.6 45.2 290.2
  45.5 289.9 45.9 289.6 46.3 289.3 46.7 289.0 47.1 288.7 47.6 288.4 48.1 288.2
  48.6 288.0 48.9 287.8 49.3 287.6 49.7 287.4 50.1 287.2 50.5 286.7 50.9 286.1
  51.2 285.6 51.6 285.1 51.9 284.6 52.3 284.1 52.6 283.1 52.8 282.2 53.1 281.4
  53.3 280.6 53.5 279.9 53.6 279.3 53.7 278.6 53.9 277.9 54.0 277.2 54.0 276.5
  54.1 275.4 54.3 274.3 54.5 273.1 54.6 271.9 54.9 270.5 55.2 269.3 55.5 268.2
  55.7 267.2 56.0 266.2 56.2 265.4 56.5 264.2 56.7 263.0 56.9 261.9 57.0 260.9
  57.1 259.9 57.2 258.9 57.2 258.1 57.2 257.3 57.3 256.6 57.3 255.9 57.3 255.2
  57.4 254.5 57.4 253.9 57.5 253.3 57.5 252.7 57.6 252.1 57.7 251.5 57.8 250.9
  58.0 250.4 58.2 249.8 58.4 249.1 58.5 248.6 58.7 248.0 58.9 247.5 59.1 247.0
  59.3 246.4 59.5 246.0 59.7 245.5 60.0 245.0 60.3 244.5 60.5 243.8 60.9 243.1
  61.3 242.5 61.7 241.8 62.1 241.2 62.6 240.6 63.1 239.9 63.6 239.3 64.1 238.7
  64.6 237.8 65.1 236.9 65.5 236.0
   4 13 58  0.0
  72.5 321.4 72.0 321.5 71.5 321.5 71.1 321.3 70.6 321.2 70.1 321.0 69.5 320.9
  69.0 320.6 68.5 320.3 68.0 319.9 67.5 319.6 67.0 319.0 66.5 318.5 66.0 317.8
  65.6 317.3 65.2 316.7 64.8 316.1 64.5 315.5 64.1 315.0 63.7 314.5 63.4 313.9
  63.0 313.2 62.7 312.6 62.5 312.0 62.1 311.4 61.8 310.8 61.5 310.0 61.3 309.2
  61.1 308.5 60.9 307.7 60.7 307.0 60.5 306.4 60.4 305.7 60.3 305.2 60.2 304.7
  60.1 304.2 60.1 303.8 60.1 303.4 60.1 303.0 60.1 302.6 60.1 302.1 60.2 301.7
  60.3 301.2 60.4 300.7 60.5 300.1 60.6 299.6 60.7 299.0 60.9 298.4 61.1 297.8
  61.3 297.1 61.4 296.4 61.6 295.7 61.6 295.0 61.6 294.3 61.7 293.6 61.7 293.0
  61.8 292.4 61.9 291.8 61.9 291.2 61.9 290.7 61.9 290.2 61.9 289.8 62.0 289.4
  62.0 288.9 62.1 288.3 62.2 287.7 62.2 287.1 62.2 286.5 62.2 285.8 62.3 285.2
  62.4 284.5 62.4 283.8 62.5 283.1 62.5 282.4 62.5 281.7 62.6 280.9 62.7 280.2
  62.7 279.3 62.8 278.5 62.8 277.7 62.9 276.9 62.9 276.1 63.0 275.2 63.1 274.4
  63.1 273.7 63.2 272.9 63.2 272.2 63.3 271.5 63.2 270.7 63.1 270.0 63.0 269.3
  62.9 268.5 62.9 267.8 62.8 267.1 62.7 266.4 62.6 265.8 62.5 265.1 62.4 264.5
  62.3 263.9 62.3 263.2 62.2 262.6 62.2 262.0 62.1 261.3 62.1 260.7 62.0 260.0
  62.0 259.4 61.9 258.7 61.8 258.4 61.7 258.1 61.6 257.8 61.5 257.5 61.4 257.2
  61.3 256.8 61.2 256.5 61.1 256.2 61.0 255.9 60.9 255.5 60.7 255.2 60.5 254.8
  60.4 254.5 60.2 254.2 60.0 253.8 59.8 253.5 59.7 253.3 59.5 253.0 59.4 252.8
  59.2 252.6 59.1 252.4 58.9 252.2 58.8 252.0 58.6 251.8 58.4 251.6 58.3 251.4
  58.1 251.2 57.9 251.0 57.7 250.9 57.6 250.7 57.4 250.6 57.2 250.5 57.1 250.3
  56.9 250.2 56.7 250.1 56.5 249.9 56.3 249.8 56.1 249.6 55.9 249.5 55.7 249.4
  55.5 249.3 55.3 249.2 55.1 249.2 54.8 249.1 54.6 249.0 54.3 249.0 54.0 248.9
  53.7 248.9 53.5 249.0 53.2 249.2 52.9 249.3 52.6 249.5 52.3 249.7 52.0 249.9
  51.7 250.3 51.5 250.6 51.2 251.0 51.0 251.4 50.8 251.8 50.5 252.2 50.4 252.6
  50.3 253.0 50.2 253.5 50.1 254.0 50.0 254.4 49.9 255.0 49.8 255.6 49.6 256.2
  49.6 256.9 49.6 257.6 49.6 258.3 49.5 259.1 49.5 259.9 49.4 260.7 49.3 261.5
  49.1 262.3 49.0 263.1 48.9 263.8 48.7 264.5 48.6 265.1 48.5 265.7 48.4 266.2
  48.2 266.6 48.1 267.1 47.9 267.4 47.7 267.9 47.5 268.3 47.4 268.7 47.2 269.1
  47.0 269.4 46.7 269.8 46.5 270.1 46.3 270.4 46.0 270.7 45.8 271.0 45.5 271.2
  45.3 271.5 45.0 271.7 44.7 271.9 44.4 272.1 44.3 272.3 44.2 272.4 44.1 272.6
  44.0 272.7 43.9 272.7 43.8 272.7 43.7 272.7 43.7 272.7 43.6 272.8 43.6 272.8
  43.5 272.8 43.5 272.8 43.5 272.8 43.4 272.8 43.4 272.7 43.4 272.6 43.3 272.5
  43.3 272.4 43.3 272.3 43.3 272.1 43.3 272.0 43.2 271.8 43.0 271.6 42.9 271.4
  42.7 271.1 42.6 270.9 42.5 270.7 42.3 270.5 42.2 270.2 42.1 269.9 42.0 269.7
  41.9 269.2 41.8 268.8 41.8 268.3
   4 14 58  0.0
  72.5 321.4 72.2 321.1 72.0 320.9 71.7 320.5 71.5 320.1 71.2 319.8 70.8 319.4
  70.5 319.1 70.1 318.8 69.7 318.5 69.4 318.0 69.0 317.6 68.6 317.1 68.2 316.6
  67.8 316.1 67.5 315.3 67.1 314.5 66.7 313.7 66.3 313.0 65.9 312.2 65.6 311.3
  65.2 310.3 64.8 309.3 64.4 308.2 64.0 307.2 63.6 306.0 63.3 304.7 62.9 303.4
  62.6 302.0 62.2 300.7 61.9 299.3 61.6 297.6 61.3 295.9 61.1 294.2 60.9 292.5
  60.7 290.7 60.7 288.8 60.6 286.9 60.7 284.9 60.8 282.9 61.0 280.9 61.2 278.9
  61.5 277.0 61.8 275.1 62.1 273.3 62.5 271.7 62.9 270.1 63.3 268.6 63.8 267.2
  64.3 265.7 64.8 264.3 65.4 263.0 66.0 261.6 66.6 260.3 67.4 259.2 68.0 258.0
  68.8 257.1 69.5 256.2 70.3 255.3 71.1 254.9 71.8 254.5 72.6 254.2 73.4 254.1
  74.2 253.9 75.0 253.7 75.8 253.4 76.6 253.1 77.4 253.1 78.2 253.0 79.0 253.5
  79.7 254.0 80.4 254.5 81.2 255.0 81.8 255.6 82.4 256.4 83.0 256.8 83.6 257.3
  84.1 258.1 84.7 258.2 85.3 258.4 85.8 258.6 86.2 259.0 86.9 257.1 87.5 254.1
  87.9 249.4 88.2 242.0 88.5 230.5 88.7 213.6 88.7 193.3 88.6 175.6 88.4 163.5
  88.2 155.9 87.8 151.0 87.5 147.7 87.2 145.4 86.8 143.9 86.4 142.8 85.9 142.1
  85.6 142.5 85.2 142.8 84.8 143.0 84.4 143.2 83.9 143.4 83.6 144.4 83.2 145.4
  82.8 146.3 82.4 147.2 82.0 148.0 81.6 148.8 81.2 149.8 80.8 150.7 80.4 151.5
  80.0 152.3 79.7 153.1 79.4 153.9 79.0 154.7 78.7 155.5 78.4 156.4 78.1 157.3
  77.9 158.3 77.6 159.4 77.4 160.7 77.2 162.0 77.1 163.4 76.9 164.9 76.8 166.5
  76.6 168.1 76.6 169.9 76.5 171.8 76.5 173.8 76.5 175.9 76.6 178.0 76.8 180.3
  76.9 182.6 77.1 184.8 77.3 187.0 77.5 189.1 77.6 191.2 77.8 193.1 77.9 194.9
  78.1 196.7 78.3 198.3 78.5 200.0 78.7 201.6 78.9 203.3 79.1 205.0 79.4 206.7
  79.7 208.5 80.0 210.3 80.3 212.2 80.6 214.0 81.0 216.0 81.3 218.0 81.7 220.1
  82.0 222.4 82.4 224.2 82.9 226.2 83.3 228.6 83.7 231.2 84.1 234.3 84.6 235.6
  85.1 237.2 85.5 239.1 85.9 241.4 86.3 244.2 86.9 244.8 87.4 246.0 87.9 247.8
  88.2 250.8 88.7 256.4 89.0 267.0 89.2 288.6 89.4 334.7 89.2  20.4 89.1  20.8
  89.0  21.2 88.9  21.6 88.8  22.0 88.7  22.3 88.6  22.6 88.4  22.9 88.3  23.2
  88.1  23.4 87.9  23.7 87.8  23.9 87.7  24.2 87.5  24.4 87.4  24.6 87.3  24.9
  87.1  25.1 87.0  25.3 86.9  25.6 86.7  25.8 86.6  26.0 86.5  26.2 86.3  26.5
  86.2  26.7 86.0  26.9 85.8  27.1 85.7  27.3 85.6  27.5 85.5  27.7 85.3  27.9
  85.2  28.1 85.0  28.3 84.9  28.5 84.7  28.8 84.5  29.0 84.4  29.2 84.2  29.5
  84.1  29.7 84.0  29.9 83.9  30.2 83.8  30.4 83.7  30.7 83.7  31.0 83.6  31.3
  83.6  31.6 83.5  31.9 83.5  32.2 83.5  32.6 83.5  32.9 83.6  33.2 83.6  33.6
  83.6  33.9 83.7  34.2 83.8  34.6 83.9  34.9 83.9  35.3 84.0  35.7 84.2  36.0
  84.3  36.2 84.3  36.5 84.4  36.8 84.4  37.0 84.4  37.3 84.4  37.5 84.5  37.7
  84.5  37.9 84.4  38.1 84.4  38.3
   4 15 58  0.0
  72.5 321.4 72.1 321.0 71.8 320.6 71.6 319.8 71.2 319.0 70.8 318.3 70.5 317.5
  70.2 316.7 69.9 316.0 69.6 315.0 69.4 314.0 69.1 313.0 68.9 312.0 68.7 311.0
  68.5 310.0 68.2 309.0 68.0 308.0 67.8 306.9 67.5 305.8 67.2 304.8 66.9 303.7
  66.6 302.6 66.3 301.5 66.1 300.4 65.8 299.3 65.5 298.1 65.1 296.7 64.8 295.4
  64.5 294.0 64.2 292.5 63.9 291.0 63.7 289.4 63.4 287.8 63.3 286.1 63.2 284.5
  63.0 282.8 63.0 281.1 62.9 279.4 63.1 277.7 63.2 276.0 63.3 274.4 63.6 272.7
  63.8 271.1 64.1 269.6 64.4 267.9 64.8 266.2 65.2 264.6 65.6 263.0 66.1 261.4
  66.6 259.9 67.1 258.3 67.5 256.8 68.0 255.2 68.5 254.0 69.1 252.7 69.6 251.5
  70.1 250.2 70.7 249.5 71.2 248.7 71.7 247.9 72.3 247.2 72.8 247.1 73.4 247.0
  73.9 246.8 74.5 246.6 75.1 246.7 75.8 246.8 76.4 246.8 77.2 247.3 77.9 247.8
  78.5 248.2 79.3 249.3 80.0 250.5 80.6 251.9 81.3 253.8 81.8 256.1 82.3 258.6
  82.8 261.0 83.3 263.8 83.7 266.9 84.0 270.3 84.4 273.0 84.8 276.0 85.1 279.4
  85.4 283.3 85.6 287.4 85.7 291.7 85.9 296.1 86.0 300.6 86.1 305.1 86.3 308.0
  86.5 311.2 86.7 314.8 86.9 318.7 87.1 323.1 87.3 328.0 87.5 333.6 87.6 340.0
  87.8 347.2 87.9 355.4 87.9   4.3 88.0   4.6 88.1   4.9 88.1   5.3 88.2   5.6
  88.3   5.9 88.3   6.3 88.4   6.6 88.5   6.9 88.5   7.3 88.6   7.6 88.7   8.0
  88.7   8.4 88.7   8.9 88.7   9.3 88.8   9.8 88.8  10.3 88.9  10.8 88.9  11.4
  89.0  11.9 89.0  12.5 89.1  13.2 89.2  13.8 89.3  14.4 89.5  15.1 89.6  15.7
  89.8  16.4 90.0  17.1 89.8 197.8 89.6 100.3 89.3 119.8 89.0 124.0 88.6 125.4
  88.2 125.9 87.6 126.1 87.2 126.2 86.7 126.2 86.0 126.2 85.2 126.1 84.7 126.9
  84.1 127.6 83.4 128.1 82.9 129.1 82.3 129.8 81.7 130.5 81.3 131.3 80.8 132.1
  80.3 132.9 79.9 133.5 79.4 134.9 79.0 136.4 78.7 137.9 78.3 139.5 77.9 141.2
  77.7 143.9 77.4 146.8 77.1 149.8 76.9 153.0 76.6 155.9 76.4 158.5 76.1 160.8
  75.9 162.8 75.8 164.7 75.7 166.5 75.6 168.4 75.6 170.3 75.6 172.2 75.7 174.1
  75.7 176.1 75.8 178.0 75.9 179.9 76.1 181.8 76.3 183.4 76.5 185.1 76.7 186.8
  76.9 188.4 77.2 190.1 77.4 191.8 77.7 193.5 78.0 195.2 78.2 196.9 78.6 198.8
  78.9 200.6 79.3 202.5 79.6 204.3 80.0 206.2 80.3 208.0 80.8 209.9 81.2 211.9
  81.6 214.0 82.0 216.2 82.4 218.5 82.8 220.8 83.2 223.4 83.6 226.2 83.9 229.2
  84.3 232.3 84.7 233.5 85.1 234.7 85.5 236.0 85.9 237.4 86.2 238.8 86.7 238.7
  87.1 238.4 87.5 238.0 87.8 237.3 88.1 236.4 88.4 234.9 88.7 232.7 89.0 229.0
  89.2 222.7 89.3 211.7 89.4 192.8 89.4 165.7 89.4 136.0 89.3 115.9 89.2 106.6
  89.1 102.3 88.9  99.9 88.7  98.1 88.4  96.6 88.1  95.4 87.8  94.2 87.6  93.1
  87.3  92.1 87.0  91.1 86.6  90.2 86.2  89.3 85.7  88.4 85.4  87.8 85.1  87.4
  84.7  87.3 84.3  87.3 83.9  87.4 83.6  88.6 83.3  89.8 82.9  90.9 82.6  92.1
  82.2  93.2 81.7  94.2 81.4  95.8
   4 16 58  0.0
  72.5 321.4 72.0 320.1 71.5 318.8 71.1 317.4 70.6 316.0 70.1 314.5 69.7 313.1
  69.2 312.0 68.6 310.9 68.0 309.9 67.4 308.9 66.8 308.5 66.2 308.2 65.5 307.9
  64.9 307.6 64.4 307.2 63.8 306.7 63.4 306.1 63.0 305.5 62.6 304.8 62.3 304.1
  62.0 303.3 61.7 303.0 61.4 302.8 61.1 302.5 60.9 302.3 60.6 302.0 60.4 301.7
  60.2 301.3 60.0 300.9 59.8 300.7 59.6 300.4 59.4 300.2 59.1 299.9 59.0 299.6
  58.8 299.3 58.6 299.0 58.5 298.7 58.3 298.4 58.1 298.1 57.9 297.7 57.8 297.6
  57.6 297.4 57.5 297.2 57.3 297.0 57.1 296.8 56.9 296.5 56.8 296.3 56.6 296.0
  56.4 295.8 56.3 295.5 56.2 295.2 56.1 294.8 56.0 294.4 55.9 294.0 55.8 293.8
  55.6 293.5 55.5 293.2 55.3 292.9 55.2 292.5 55.0 292.1 54.9 291.7 54.8 291.2
  54.8 290.7 54.8 290.1 54.7 289.5 54.7 288.8 54.7 288.1 54.6 287.3 54.6 286.5
  54.5 285.7 54.5 284.8 54.5 283.9 54.4 282.9 54.3 281.9 54.3 280.9 54.3 279.8
  54.4 278.7 54.4 277.6 54.5 276.5 54.5 275.4 54.6 274.3 54.7 273.3 54.7 272.3
  54.7 271.4 54.8 270.5 54.9 269.6 54.9 268.7 55.0 267.8 55.2 266.8 55.5 265.9
  55.7 265.0 56.0 264.2 56.2 263.3 56.5 262.1 56.7 260.9 57.0 259.7 57.2 258.6
  57.5 257.5 57.7 256.5 58.0 255.5 58.3 254.5 58.6 253.4 58.9 252.3 59.3 251.3
  59.6 250.2 59.9 249.2 60.3 248.2 60.6 247.2 60.9 246.2 61.2 245.3 61.5 244.4
  61.8 243.6 62.0 242.8 62.1 242.0 62.3 241.4 62.4 240.9 62.5 240.3 62.6 239.9
  62.6 239.5 62.6 239.1 62.6 238.8 62.5 238.5 62.5 238.2 62.5 238.0 62.4 237.8
  62.4 237.7 62.4 237.6 62.3 237.6 62.3 237.5 62.2 237.6 62.2 237.6 62.1 237.7
  62.1 237.8 62.0 237.9 61.9 237.8 61.9 237.8 61.8 237.7 61.8 237.5 61.7 237.4
  61.6 237.2 61.6 237.0 61.5 236.7 61.5 236.5 61.5 236.2 61.4 235.9 61.4 235.6
  61.3 235.3 61.2 235.0 61.1 234.8 61.1 234.6 61.0 234.3 60.9 234.1 60.8 233.9
  60.8 233.7 60.7 233.6 60.6 233.4 60.5 233.2 60.4 233.1 60.3 232.9 60.3 232.7
  60.2 232.5 60.1 232.2 60.0 232.0 59.9 231.8 59.8 231.5 59.7 231.3 59.6 231.1
  59.6 230.9 59.5 230.7 59.4 230.5 59.4 230.3 59.3 230.2 59.2 230.0 59.1 229.9
  58.9 229.8 58.8 229.7 58.7 229.7 58.5 229.6 58.3 229.6 58.1 229.6 57.9 229.6
  57.7 229.6 57.5 229.6 57.3 229.6 57.1 229.6 56.8 229.6 56.6 229.6 56.3 229.6
  56.0 229.6 55.7 229.7 55.4 229.6 55.1 229.5 54.8 229.4 54.4 229.3 54.1 229.3
  53.8 229.1 53.6 228.8 53.4 228.5 53.2 228.2 53.0 227.9 52.8 227.6 52.5 227.3
  52.2 226.9 52.0 226.6 51.7 226.1 51.5 225.7 51.2 225.2 51.0 224.8 50.8 224.3
  50.6 223.9 50.3 223.5 50.1 223.0 49.9 222.6 49.7 222.1 49.5 221.6 49.4 221.1
  49.3 220.7 49.2 220.2 49.2 219.6 49.0 219.1 48.9 218.6 48.8 218.0 48.8 217.3
  48.8 216.6 48.9 215.9 48.6 215.1 48.4 214.2 48.3 213.3 48.1 212.3 48.0 211.3
  47.5 210.3 47.1 209.2 46.8 208.1 46.5 207.0 46.0 205.8 45.5 204.5 45.0 203.2
  44.4 201.8 43.8 200.4 43.3 198.6
   4 17 58  0.0
  72.5 321.4 72.2 320.0 72.0 318.7 71.6 317.3 71.3 316.0 71.0 314.7 70.5 313.5
  70.1 312.4 69.6 311.3 69.0 310.3 68.5 309.3 68.0 308.3 67.5 307.2 67.0 306.0
  66.6 304.9 66.1 303.8 65.7 302.8 65.3 301.6 65.0 300.5 64.6 299.5 64.3 298.5
  64.1 297.4 63.8 296.4 63.7 295.2 63.5 294.0 63.4 292.8 63.2 291.6 63.0 290.4
  62.9 289.1 62.7 287.8 62.5 286.5 62.3 285.2 62.2 283.8 62.0 282.3 62.0 280.8
  61.9 279.4 61.8 278.0 61.8 276.5 61.7 275.1 61.6 273.7 61.5 272.4 61.3 271.1
  61.2 269.9 61.0 268.7 60.8 267.6 60.7 266.4 60.6 265.3 60.5 264.2 60.4 263.0
  60.4 261.9 60.3 260.9 60.3 259.8 60.3 258.7 60.3 257.6 60.3 256.6 60.2 255.6
  60.2 254.5 60.2 253.5 60.1 252.4 60.1 251.4 60.1 250.4 60.0 249.4 60.0 248.5
  59.9 247.5 59.9 246.5 59.9 245.5 59.8 244.6 59.8 243.7 59.7 242.8 59.6 242.0
  59.5 241.1 59.4 240.3 59.2 239.6 59.0 238.8 58.8 238.1 58.5 237.4 58.3 236.7
  58.1 236.0 57.8 235.3 57.5 234.3 57.2 233.4 56.9 232.5 56.5 231.7 56.1 231.0
  55.7 230.3 55.3 229.7 54.8 229.1 54.3 228.6 53.8 228.0 53.3 227.5 52.9 227.0
  52.5 226.5 52.1 226.1 51.7 225.6 51.2 225.1 50.7 224.7 50.0 224.3 49.3 224.0
  48.7 223.6 48.3 223.1 47.9 222.6 47.6 221.9 47.2 221.3 46.8 220.5 46.4 219.8
  46.2 219.0 46.0 218.2 45.7 217.4 45.4 216.5 45.0 215.7 44.8 214.9 44.7 214.0
  44.5 213.0 44.2 212.1 43.9 211.1 43.9 210.0 43.8 209.0 43.7 207.8 43.8 206.6
  43.8 205.3 43.8 204.0 43.8 202.6 43.9 201.2 44.1 199.8 44.3 198.5 44.6 197.2
  44.8 196.0 45.0 194.7 45.3 193.5 45.6 192.3 45.9 191.0 46.2 189.7 46.4 188.4
  46.7 186.9 46.6 185.3 46.7 183.7 46.4 182.1 46.1 180.6 45.9 179.1 45.4 177.6
  44.9 176.0 44.2 174.4 43.5 172.8 42.8 171.0 42.2 169.2 41.6 167.4 41.0 165.4
  40.5 163.4 39.9 161.5 39.3 159.6 38.8 157.7 38.3 155.8 37.9 153.8 37.5 152.0
  37.2 150.1 36.9 148.2 36.6 146.2 36.4 144.3 36.2 142.3 36.1 140.3 36.1 138.4
  36.1 136.5 36.1 134.6 36.1 132.8 36.2 131.0 36.4 129.2 36.6 127.5 36.8 126.0
  37.1 124.5 37.4 123.1 37.6 121.7 37.8 120.5 38.0 119.2 38.3 117.9 38.5 116.6
  38.8 115.5 39.0 114.4 39.3 113.4 39.7 112.4 40.0 111.5 40.4 110.5 40.9 109.5
  41.4 108.5 41.9 107.6 42.4 106.7 42.9 105.7 43.4 104.7 44.0 103.8 44.5 102.9
  45.0 101.9 45.6 100.9 46.2 100.0 46.8  99.0 47.4  98.0 48.0  97.1 48.6  96.3
  49.3  95.5 49.7  94.8 50.2  94.0 50.6  93.2 51.1  92.4 51.5  91.6 51.9  90.8
  52.2  90.0 52.5  89.2 52.9  88.4 53.3  87.6 53.6  86.9 54.0  86.2 54.4  85.4
  54.8  84.6 55.2  83.8 55.6  83.0 55.9  82.2 56.2  81.4 56.5  80.4 56.8  79.5
  57.0  79.0 57.2  78.4 57.5  77.9 57.8  77.4 58.1  76.8 58.5  76.2 58.9  75.6
  59.2  75.0 59.6  74.4 60.0  73.8 60.3  73.2 60.7  72.7 61.1  72.1 61.5  71.6
  61.8  71.0 62.1  70.5 62.6  69.9 63.0  69.3 63.4  68.7 63.9  68.1 64.4  67.4
  64.9  66.7 65.3  65.9 65.8  65.1
   4 18 58  0.0
  72.5 321.4 71.8 320.2 71.2 319.0 70.3 317.9 69.5 316.9 68.8 316.0 68.1 315.1
  67.4 314.3 66.7 313.2 66.1 312.2 65.5 311.1 64.8 309.9 64.1 308.8 63.4 307.6
  62.7 306.4 62.0 305.1 61.4 303.9 60.9 302.5 60.3 301.2 59.7 300.0 59.2 298.7
  58.7 297.4 58.2 296.1 57.6 294.7 57.3 293.4 57.0 292.1 56.6 290.8 56.5 289.4
  56.3 288.1 56.1 286.8 56.2 285.5 56.2 284.2 56.2 282.9 56.4 281.6 56.7 280.5
  56.9 279.3 57.2 278.3 57.4 277.2 57.6 276.2 57.8 275.1 57.9 274.1 58.0 273.1
  58.0 272.0 58.1 271.2 58.3 270.3 58.5 269.5 58.8 268.7 59.0 267.9 59.3 267.1
  59.5 266.3 59.7 265.5 59.8 264.6 59.9 263.7 60.0 262.8 60.1 261.9 60.2 261.0
  60.3 260.2 60.3 259.4 60.5 258.6 60.6 257.9 60.7 257.1 60.9 256.4 61.0 255.7
  61.1 255.0 61.3 254.2 61.4 253.5 61.5 252.8 61.6 252.1 61.7 251.5 61.9 250.8
  62.0 250.2 62.1 249.6 62.2 248.9 62.3 248.3 62.5 247.7 62.6 247.1 62.7 246.5
  62.9 245.9 63.0 245.3 63.2 244.7 63.3 244.1 63.5 243.6 63.7 243.0 63.9 242.4
  64.1 241.8 64.3 241.1 64.5 240.4 64.7 239.7 64.9 239.0 65.1 238.3 65.3 237.6
  65.5 236.9 65.7 236.2 66.0 235.5 66.1 234.8 66.2 233.9 66.3 233.0 66.4 232.1
  66.5 231.3 66.5 230.5 66.5 229.8 66.4 229.1 66.4 228.5 66.3 228.0 66.3 227.4
  66.2 226.9 66.2 226.4 66.1 225.9 66.1 225.4 66.0 224.8 65.9 224.4 65.9 224.1
  65.8 223.7 65.7 223.5 65.6 223.2 65.4 223.0 65.3 222.8 65.1 222.6 64.9 222.4
  64.7 222.3 64.5 222.2 64.3 222.1 64.0 222.0 63.8 221.9 63.5 221.8 63.1 221.7
  62.8 221.6 62.4 221.5 62.0 221.4 61.6 221.2 61.2 221.1 60.7 221.0 60.1 220.9
  59.6 220.8 59.0 220.6 58.4 220.4 57.7 220.1 57.0 219.7 56.4 219.2 55.7 218.8
  54.9 218.2 54.1 217.7 53.3 217.1 52.4 216.4 51.4 215.6 50.7 214.6 49.9 213.6
  49.1 212.5 48.3 211.3 47.8 210.2 47.3 209.0 46.7 207.8 46.6 206.6 46.5 205.4
  46.3 204.2 46.2 203.0 46.3 201.8 46.5 200.7 46.6 199.6 46.9 198.6 47.1 197.6
  47.4 196.6 47.6 195.6 48.0 194.6 48.4 193.7 48.8 192.9 49.3 192.1 49.7 191.4
  50.3 190.7 51.0 190.4 51.6 190.1 52.2 189.8 52.8 189.9 53.3 190.0 53.8 190.2
  54.2 190.5 54.7 191.0 55.0 191.7 55.4 192.5 55.7 193.4 55.9 194.4 56.1 195.5
  56.4 196.7 56.6 198.0 56.8 199.4 57.0 200.8 57.0 202.3 57.0 203.8 57.0 205.2
  56.9 206.5 56.6 207.8 56.4 208.9 56.1 209.9 55.8 210.9 55.6 211.8 55.3 212.6
  54.9 213.4 54.4 214.1 54.0 214.8 53.5 214.9 52.9 215.1 52.3 215.2 51.6 215.4
  50.8 215.2 50.1 215.1 49.3 215.0 48.6 214.6 47.8 214.2 47.1 213.5 46.4 212.9
  45.7 212.3 45.0 211.4 44.1 210.6 43.3 209.8 42.5 208.8 41.6 207.8 40.8 206.5
  40.0 205.2 39.2 203.9 38.8 202.3 38.4 200.8 37.9 199.3 37.9 197.6 37.9 196.0
  38.1 194.3 38.2 192.6 38.3 190.8 38.6 189.0 38.9 187.4 39.4 185.7 39.8 184.2
  40.2 182.7 40.7 181.3 41.2 179.9 41.8 178.5 42.4 177.0 43.1 175.6 43.7 174.2
  44.3 172.9 45.2 171.7 45.7 170.7
   4 19 58  0.0
  72.5 321.4 71.8 321.3 71.3 321.2 70.6 321.0 70.0 320.9 69.3 320.5 68.7 320.0
  68.1 319.5 67.4 319.0 66.9 318.2 66.3 317.4 65.8 316.4 65.4 315.2 65.0 313.8
  64.6 312.4 64.2 311.0 63.9 309.6 63.5 308.2 63.1 306.9 62.8 305.5 62.5 304.2
  62.1 303.0 62.0 301.7 61.9 300.4 61.9 298.9 62.1 297.4 62.2 296.0 62.3 294.5
  62.5 293.0 62.7 291.4 62.8 289.8 63.0 288.1 63.1 286.3 63.3 284.5 63.6 282.6
  63.9 280.6 64.2 278.5 64.5 276.5 64.8 274.6 65.1 272.8 65.5 271.0 65.8 269.3
  66.2 267.7 66.5 266.0 66.9 264.4 67.2 262.8 67.6 261.3 68.0 259.9 68.4 258.5
  68.9 257.2 69.4 255.8 69.8 254.4 70.3 253.1 70.9 251.7 71.3 250.4 71.8 249.1
  72.2 247.8 72.6 246.7 73.1 245.6 73.5 244.5 73.9 243.4 74.2 242.4 74.6 241.4
  75.0 240.3 75.4 239.3 75.7 238.2 76.0 237.0 76.3 235.9 76.5 235.0 76.7 234.1
  76.9 233.2 77.1 232.3 77.4 231.3 77.5 230.4 77.6 229.5 77.7 228.6 77.8 227.8
  77.9 227.1 77.9 226.4 78.0 225.8 78.1 225.7 78.2 225.6 78.2 225.6 78.3 225.7
  78.4 225.7 78.5 225.9 78.6 226.0 78.7 226.1 78.7 226.1 78.8 226.2 78.9 226.2
  79.0 226.2 79.1 226.2 79.2 226.2 79.2 226.1 79.3 226.0 79.4 225.9 79.5 225.8
  79.6 225.8 79.7 225.7 79.7 225.8 79.8 225.9 79.8 226.0 79.8 226.2 79.8 226.5
  79.8 226.8 79.8 227.2 79.8 227.6 79.8 228.1 79.8 228.6 79.8 229.2 79.8 229.7
  79.8 230.2 79.8 230.7 79.8 231.2 79.7 231.7 79.7 232.2 79.7 232.6 79.7 233.1
  79.7 233.6 79.7 234.1 79.6 234.6 79.6 235.2 79.6 235.8 79.6 236.6 79.7 237.4
  79.8 238.4 79.9 239.5 80.0 240.7 80.1 242.0 80.2 243.7 80.4 245.5 80.5 247.6
  80.7 250.0 80.8 252.6 80.9 255.3 81.0 258.3 81.0 261.6 81.1 265.0 81.1 268.6
  81.0 272.3 80.9 276.1 80.8 279.7 80.6 283.2 80.4 286.3 80.2 288.9 79.8 291.2
  79.5 294.0 79.2 296.3 78.8 298.1 78.4 299.7 77.9 300.9 77.5 302.7 77.1 304.1
  76.7 305.3 76.3 306.3 75.8 307.2 75.3 307.8 74.8 308.2 74.3 308.6 73.8 308.8
  73.3 309.2 72.8 309.5 72.2 309.7 71.6 309.8 71.0 309.8 70.4 309.6 69.7 309.4
  69.0 309.3 68.4 309.1 67.7 308.9 67.1 308.8 66.5 308.6 66.0 308.4 65.5 308.2
  65.1 307.7 64.6 307.2 64.2 306.7 63.9 306.2 63.6 305.5 63.3 304.9 63.1 304.3
  63.0 303.7 62.7 303.1 62.5 302.4 62.3 301.7 62.2 301.0 62.1 300.2 62.1 299.4
  62.0 298.6 62.0 297.7 62.0 296.7 62.1 295.6 62.0 294.4 61.9 293.2 61.9 292.2
  61.9 291.2 61.8 290.2 61.7 289.2 61.6 288.2 61.6 287.2 61.5 286.2 61.4 285.1
  61.4 284.0 61.4 282.9 61.3 281.7 61.2 280.4 61.2 279.1 61.1 277.6 61.0 276.2
  60.9 274.7 60.9 273.2 60.8 271.7 60.7 270.3 60.7 268.9 60.7 267.7 60.7 266.5
  60.7 265.3 60.7 264.2 60.7 263.2 60.7 262.2 60.7 261.2 60.7 260.3 60.6 259.5
  60.6 258.7 60.4 258.0 60.3 257.3 60.2 256.7 60.0 256.1 59.8 255.6 59.6 255.1
  59.4 254.7 59.2 254.2 59.0 253.8 58.8 253.3 58.6 252.9 58.4 252.5 58.2 252.1
  58.0 251.6 57.8 251.2 57.6 250.8
   4 20 58  0.0
  72.5 321.4 72.0 322.4 71.5 323.4 71.1 324.4 70.6 325.4 70.1 326.4 69.6 327.3
  69.2 327.9 68.7 328.6 68.0 329.2 67.4 329.8 66.7 330.5 65.8 331.0 64.9 330.7
  64.1 330.3 63.2 329.9 62.6 328.5 62.1 327.1 61.8 325.6 61.6 323.8 61.6 322.1
  61.6 320.4 61.6 318.7 61.6 317.1 61.6 315.4 61.7 313.7 61.7 312.1 61.7 310.4
  61.8 308.9 61.9 307.4 62.0 305.9 62.1 304.4 62.1 302.8 62.0 301.2 61.9 299.7
  61.7 298.6 61.6 297.5 61.4 296.3 61.3 295.2 61.3 294.1 61.3 293.0 61.4 292.0
  61.6 290.9 61.7 289.8 61.9 288.8 62.1 287.7 62.4 286.5 62.7 285.4 62.9 284.2
  63.2 282.9 63.4 281.6 63.7 280.3 63.9 278.8 64.2 277.4 64.4 275.8 64.7 274.2
  65.0 272.6 65.3 271.0 65.7 269.5 66.0 268.0 66.5 266.3 66.9 264.7 67.4 263.1
  67.8 261.5 68.2 259.9 68.6 258.3 69.1 256.6 69.6 255.1 70.0 253.6 70.5 251.9
  71.0 250.3 71.4 248.7 71.8 247.0 72.1 245.4 72.5 243.9 72.9 242.5 73.2 241.2
  73.6 239.8 73.8 238.5 74.1 237.2 74.4 235.9 74.6 234.6 74.7 233.4 74.9 232.2
  75.0 231.0 75.1 229.9 75.1 228.8 75.2 227.8 75.1 226.8 75.1 225.8 75.1 224.9
  75.0 224.0 75.0 223.2 74.9 222.3 74.8 221.6 74.7 220.8 74.6 220.1 74.5 219.4
  74.4 218.8 74.4 218.2 74.3 217.6 74.2 217.0 74.1 216.4 74.0 215.9 73.9 215.3
  73.8 215.0 73.7 214.6 73.6 214.3 73.4 214.0 73.3 213.8 73.2 213.5 73.1 213.1
  73.0 212.8 72.9 212.5 72.8 212.1 72.6 211.7 72.5 211.4 72.4 211.0 72.3 210.6
  72.2 210.2 72.1 209.8 72.0 209.4 71.9 209.1 71.9 208.7 71.8 208.4 71.8 208.0
  71.7 207.7 71.7 207.3 71.8 206.9 71.8 206.5 71.8 206.2 71.8 205.7 71.9 205.3
  72.0 204.9 72.0 204.4 72.1 203.9 72.1 203.4 72.1 202.8 72.2 202.1 72.2 201.4
  72.2 200.6 72.2 199.8 72.1 198.9 72.1 198.0 72.0 197.0 71.9 196.0 71.9 195.1
  71.8 194.2 71.8 193.3 71.7 192.3 71.7 191.3 71.6 190.3 71.6 189.2 71.5 188.1
  71.5 187.1 71.4 186.0 71.4 185.0 71.3 183.9 71.2 182.9 71.1 181.9 70.9 180.9
  70.8 179.9 70.6 179.0 70.4 178.0 70.3 177.0 70.1 176.1 69.9 175.1 69.7 174.3
  69.6 173.6 69.4 172.8 69.2 172.1 69.1 171.3 68.9 170.6 68.7 169.8 68.6 169.1
  68.4 168.3 68.2 167.5 68.1 166.7 68.0 165.9 67.8 165.4 67.7 164.8 67.6 164.2
  67.5 163.6 67.4 162.9 67.3 162.2 67.2 161.5 67.2 160.7 67.1 160.0 67.0 159.2
  67.0 158.4 67.0 157.6 66.9 156.8 66.9 156.1 66.9 155.3 66.9 154.6 66.8 153.8
  66.8 153.1 66.7 152.3 66.6 151.5 66.4 150.7 66.2 150.0 66.0 149.2 65.7 148.5
  65.4 147.8 65.2 147.1 65.0 146.4 64.7 145.7 64.5 145.1 64.2 144.5 64.0 144.0
  63.9 143.3 63.8 142.6 63.7 142.0 63.6 141.5 63.5 140.9 63.4 140.4 63.3 139.9
  63.2 139.4 63.2 139.0 63.1 138.5 63.1 138.0 63.1 137.4 63.1 136.9 63.1 136.4
  63.1 135.8 63.1 135.2 63.2 134.6 63.2 134.0 63.3 133.4 63.3 132.7 63.4 132.1
  63.4 131.4 63.5 130.8 63.7 130.2 63.8 129.6 63.9 129.0 64.1 128.4 64.3 127.8
  64.6 127.2 65.0 126.7 65.3 126.2
   4 21 58  0.0
  72.5 321.4 71.8 321.4 71.2 321.0 70.5 320.7 69.8 320.6 69.1 319.9 68.5 319.4
  67.9 318.9 67.3 317.9 66.7 317.0 66.2 316.2 65.7 315.5 65.4 314.5 65.1 313.7
  64.8 312.8 64.5 311.9 64.4 311.0 64.3 310.1 64.3 309.1 64.2 308.2 64.2 307.3
  64.3 306.3 64.5 305.4 64.6 304.5 64.8 303.5 65.1 302.7 65.3 301.8 65.6 301.0
  65.8 300.2 66.1 299.4 66.5 298.7 66.8 298.0 67.2 297.3 67.6 296.6 67.9 295.9
  68.3 295.2 68.7 294.6 69.2 293.9 69.5 293.2 69.9 292.4 70.3 291.5 70.7 290.4
  71.1 289.3 71.5 288.1 71.9 286.7 72.2 285.2 72.6 283.7 73.0 282.1 73.4 280.3
  73.8 278.4 74.1 276.4 74.6 274.5 75.0 272.5 75.3 270.4 75.7 268.3 76.1 266.0
  76.5 264.4 76.9 262.8 77.2 261.2 77.5 259.7 77.7 258.1 78.0 256.5 78.2 254.9
  78.5 253.9 78.8 252.9 79.1 252.0 79.4 251.1 79.7 250.1 80.1 249.1 80.5 248.8
  80.8 248.4 81.2 248.0 81.5 247.6 81.8 247.1 82.1 246.6 82.4 246.6 82.7 246.7
  83.0 246.9 83.3 247.1 83.5 247.4 83.8 247.8 84.0 248.3 84.2 249.0 84.5 250.9
  84.8 253.2 85.1 255.8 85.3 258.8 85.5 262.4 85.6 266.4 85.7 270.7 85.7 275.4
  85.7 280.1 85.6 284.8 85.5 288.9 85.3 292.7 85.1 296.0 84.9 298.9 84.6 301.5
  84.4 303.9 84.0 306.0 83.6 307.8 83.3 308.9 82.9 309.8 82.5 310.6 82.0 311.4
  81.4 312.0 80.9 312.2 80.4 312.5 79.7 312.8 79.1 312.8 78.5 312.8 77.8 312.8
  77.2 312.3 76.6 311.7 75.9 311.2 75.3 310.3 74.6 309.4 74.0 308.6 73.3 307.7
  72.7 306.6 72.0 305.5 71.4 304.4 70.7 303.1 70.1 301.8 69.4 300.5 68.7 299.2
  68.1 297.9 67.6 296.6 67.1 295.5 66.7 294.3 66.3 293.2 65.9 292.0 65.6 290.8
  65.4 289.6 65.2 288.3 65.0 286.9 64.9 285.5 64.8 284.0 64.7 282.5 64.6 281.0
  64.5 279.5 64.5 277.9 64.6 276.3 64.6 274.7 64.6 273.0 64.7 271.2 64.6 269.4
  64.5 267.6 64.5 265.9 64.4 264.2 64.4 262.6 64.5 261.0 64.6 259.5 64.7 258.1
  64.9 256.7 65.0 255.4 65.3 254.2 65.5 253.0 65.7 251.8 66.0 250.5 66.3 249.3
  66.7 248.1 67.1 246.9 67.5 245.7 68.0 244.4 68.4 243.1 69.0 242.3 69.5 241.5
  70.0 240.6 70.6 240.3 71.2 240.0 71.6 239.6 72.0 239.1 72.3 238.6 72.7 238.4
  73.1 238.1 73.5 237.8 73.9 237.5 74.3 237.1 74.7 236.9 75.0 236.8 75.4 236.6
  75.7 236.4 76.1 236.2 76.4 236.5 76.8 236.7 77.1 236.9 77.4 237.1 77.7 237.3
  78.0 237.4 78.4 238.2 78.7 239.0 79.0 239.8 79.3 240.7 79.7 241.7 80.0 242.8
  80.3 244.0 80.6 245.5 81.0 247.1 81.3 248.9 81.7 251.0 82.0 253.3 82.2 255.9
  82.6 257.8 82.9 259.9 83.2 262.1 83.4 264.6 83.6 267.3 83.8 270.3 84.0 273.5
  84.1 276.8 84.3 278.7 84.5 280.8 84.6 283.2 84.7 285.7 84.8 288.3 84.8 291.0
  84.8 293.8 84.8 296.5 84.8 299.1 84.8 301.7 84.8 304.2 84.8 306.7 84.8 309.1
  84.8 311.5 84.8 314.0 84.9 316.4 84.9 318.8 85.0 321.3 85.1 323.9 85.2 326.6
  85.3 329.4 85.4 332.3 85.5 335.2 85.6 338.5 85.8 341.9 85.9 345.6 86.0 349.5
  86.2 353.9 86.4 358.7 86.5   3.9
   4 22 58  0.0
  72.5 321.4 71.8 321.7 71.3 322.3 70.6 322.7 70.0 323.1 69.4 323.4 68.8 324.1
  68.0 324.7 67.2 325.5 66.4 326.1 65.5 326.7 64.6 327.2 63.7 327.6 62.7 328.2
  61.5 328.7 60.4 328.8 59.2 328.8 58.2 328.3 57.1 327.8 56.2 327.1 55.1 326.5
  54.1 325.6 52.9 324.8 51.8 323.5 51.0 322.1 50.1 320.6 49.3 319.1 48.7 317.3
  48.1 315.6 47.9 314.0 47.5 312.4 47.0 310.8 47.1 309.3 47.2 307.8 47.6 306.3
  48.1 304.9 48.5 303.5 49.1 302.1 49.5 300.8 50.0 299.6 50.6 298.3 51.2 297.2
  51.7 296.1 52.3 295.0 52.9 294.1 53.6 293.3 54.2 292.4 54.9 291.7 55.5 291.0
  56.2 290.4 56.8 289.8 57.4 289.3 58.0 288.8 58.6 288.2 59.2 287.6 59.7 287.0
  60.2 286.4 60.7 285.8 61.2 285.2 61.7 284.6 62.2 284.0 62.8 283.3 63.2 282.6
  63.6 281.9 63.9 281.2 64.3 280.4 64.6 279.6 64.9 278.7 65.3 277.9 65.6 277.0
  65.9 276.2 66.2 275.3 66.4 274.3 66.7 273.2 66.9 272.2 67.2 271.1 67.3 270.0
  67.5 268.9 67.7 267.8 67.8 266.7 68.0 265.6 68.1 264.5 68.2 263.3 68.3 262.0
  68.3 260.7 68.3 259.4 68.2 258.1 68.2 256.8 68.1 255.4 68.1 254.0 68.1 252.7
  68.1 251.4 68.1 250.1 68.2 248.8 68.2 247.6 68.2 246.4 68.2 245.1 68.2 243.9
  68.1 242.8 68.1 241.6 68.0 240.5 68.0 239.4 67.9 238.3 67.9 237.4 67.8 236.5
  67.8 235.7 67.7 234.8 67.5 233.9 67.4 233.1 67.3 232.2 67.2 231.4 67.0 230.6
  66.9 229.9 66.7 229.2 66.6 228.5 66.4 227.9 66.3 227.3 66.1 226.8 65.9 226.2
  65.8 225.9 65.6 225.6 65.5 225.3 65.3 225.0 65.2 224.7 65.0 224.4 64.8 224.1
  64.7 223.8 64.5 223.5 64.3 223.2 64.0 223.0 63.8 222.7 63.6 222.6 63.4 222.5
  63.1 222.5 62.9 222.4 62.7 222.4 62.4 222.3 62.2 222.3 61.9 222.2 61.7 222.3
  61.4 222.3 61.1 222.4 60.7 222.4 60.3 222.5 59.9 222.5 59.5 222.7 59.0 222.9
  58.5 223.1 58.0 223.3 57.4 223.5 56.9 223.5 56.2 223.5 55.6 223.5 54.9 223.2
  54.2 222.9 53.4 222.5 52.7 221.7 51.9 220.9 51.1 219.6 50.6 218.2 50.1 216.9
  49.6 215.5 49.4 214.0 49.1 212.4 48.9 210.8 48.9 209.3 48.9 207.8 48.9 206.4
  49.0 205.0 49.0 203.7 49.1 202.4 49.2 201.2 49.4 200.1 49.5 199.0 49.6 198.0
  49.7 197.0 49.9 196.0 50.0 195.1 50.2 194.7 50.3 194.3 50.5 193.9 50.7 193.6
  50.9 193.2 51.0 192.9 51.1 192.5 51.2 192.2 51.3 191.8 51.4 191.5 51.4 191.2
  51.5 190.9 51.5 190.5 51.5 190.2 51.5 189.9 51.5 189.6 51.5 189.3 51.5 188.8
  51.4 188.4 51.2 187.8 51.0 187.2 50.6 186.5 50.3 185.9 49.8 185.2 49.3 183.9
  48.8 182.7 48.2 181.5 47.6 180.3 46.9 179.0 46.4 177.7 46.0 176.4 45.5 174.8
  45.3 173.1 45.0 171.5 45.0 169.8 45.0 168.1 44.9 166.4 44.9 164.9 44.8 163.4
  44.9 161.9 44.9 160.5 45.0 159.1 45.1 157.8 45.3 156.6 45.5 155.4 45.7 154.3
  46.0 153.2 46.2 152.2 46.5 151.7 46.8 151.2 47.0 150.8 47.3 150.4 47.6 150.0
  47.9 149.7 48.2 149.4 48.5 149.5 48.9 149.7 49.2 149.9 49.5 150.1 49.9 150.4
  50.2 150.8 50.6 151.5 50.9 152.3
   4 23 58  0.0
  72.5 321.4 72.1 321.6 71.8 321.8 71.5 322.0 71.2 322.1 70.9 322.3 70.7 322.6
  70.4 322.9 70.1 323.2 69.8 323.5 69.5 324.4 69.2 325.3 68.9 326.3 68.6 327.3
  68.3 328.4 67.8 329.4 67.3 330.7 66.8 331.9 66.2 333.2 65.4 334.3 64.7 335.0
  63.8 335.7 63.0 335.6 62.2 335.6 61.2 335.6 60.3 335.3 59.3 335.0 58.3 334.2
  57.4 333.4 56.4 332.2 55.5 331.1 54.9 329.6 54.2 328.1 53.6 326.5 53.2 324.7
  52.8 322.7 52.7 320.7 52.6 318.6 52.6 316.5 52.6 314.4 52.8 312.3 53.0 310.1
  53.3 308.0 53.8 305.9 54.2 303.8 54.7 301.9 55.1 300.0 55.6 298.2 56.1 296.5
  56.6 295.2 57.1 293.9 57.6 292.7 58.1 291.5 58.6 290.6 59.0 289.7 59.5 288.9
  59.9 288.1 60.4 287.3 60.8 286.8 61.2 286.2 61.7 285.7 62.1 285.2 62.6 284.7
  63.1 284.1 63.5 283.4 63.9 282.8 64.3 282.1 64.7 281.4 65.1 280.7 65.5 279.9
  65.8 279.1 66.1 278.2 66.5 277.3 66.9 276.3 67.3 275.2 67.5 274.1 67.8 272.9
  68.1 271.7 68.3 270.6 68.5 269.5 68.7 268.3 68.9 267.1 69.1 265.9 69.2 264.6
  69.4 263.3 69.5 262.1 69.5 260.8 69.6 259.5 69.6 258.3 69.6 257.1 69.7 256.0
  69.7 254.9 69.7 253.7 69.7 252.7 69.7 251.6 69.7 250.5 69.8 249.4 69.8 248.3
  69.8 247.3 69.8 246.2 69.8 245.2 69.8 244.2 69.8 243.1 69.8 242.1 69.9 241.1
  69.9 240.0 69.9 238.9 69.9 237.8 70.0 236.7 70.0 235.6 69.9 234.5 69.9 233.4
  69.8 232.3 69.7 231.2 69.6 230.1 69.5 229.1 69.3 228.0 69.2 227.0 69.1 226.1
  68.9 225.1 68.7 224.1 68.6 223.2 68.4 222.3 68.2 221.4 68.0 220.5 67.8 219.8
  67.6 219.0 67.4 218.2 67.3 217.4 67.1 216.6 67.0 215.8 66.9 215.0 66.8 214.1
  66.7 213.3 66.6 212.4 66.5 211.7 66.3 210.9 66.1 210.2 65.9 209.5 65.8 209.0
  65.6 208.5 65.4 208.0 65.4 207.5 65.3 206.9 65.3 206.4 65.3 205.9 65.3 205.3
  65.3 204.8 65.2 204.3 65.2 203.8 65.2 203.3 65.3 202.8 65.3 202.3 65.3 201.8
  65.3 201.3 65.3 200.8 65.3 200.4 65.3 199.9 65.4 199.4 65.6 198.9 65.7 198.4
  65.8 197.8 65.9 197.3 66.0 196.7 66.1 196.2 66.3 195.7 66.5 195.1 66.7 194.6
  66.9 194.1 67.0 193.6 67.2 193.0 67.4 192.4 67.5 191.7 67.7 191.0 67.8 190.3
  67.9 189.6 68.0 188.7 68.0 187.9 68.1 187.0 68.1 186.1 68.1 185.1 68.1 184.1
  68.0 183.1 68.0 182.0 67.9 180.9 67.8 179.8 67.6 178.6 67.5 177.3 67.3 176.1
  67.1 174.8 66.9 173.5 66.7 172.2 66.4 170.9 66.2 169.5 66.0 168.2 65.8 166.8
  65.6 165.3 65.4 163.9 65.2 162.6 65.0 161.4 64.8 160.3 64.6 159.3 64.5 158.4
  64.3 157.7 64.2 157.0 64.1 156.4 63.9 155.9 63.7 155.2 63.5 154.5 63.3 153.8
  63.0 153.2 62.8 152.6 62.5 152.0 62.2 151.5 61.8 150.9 61.4 150.2 61.0 149.4
  60.7 148.6 60.3 147.7 60.0 146.9 59.7 146.0 59.3 145.2 59.0 144.3 58.7 143.5
  58.2 142.7 57.7 141.8 57.2 140.9 56.6 140.0 56.2 139.1 55.7 138.1 55.3 137.4
  54.9 136.6 54.6 135.9 54.6 135.2 54.5 134.4 54.5 133.8 54.4 133.1 54.3 132.5
  54.1 131.9 54.2 131.3 54.2 130.9
   4 24 58  0.0
  72.5 321.4 72.0 321.9 71.5 322.1 71.1 322.2 70.7 322.4 70.3 322.4 70.0 322.5
  69.6 322.6 69.4 322.6 69.1 322.8 68.9 322.9 68.7 323.1 68.5 323.3 68.3 323.5
  68.2 323.8 68.1 324.1 68.0 324.4 68.0 324.7 67.9 325.2 67.9 325.6 67.8 326.1
  67.8 326.6 67.7 327.1 67.7 327.6 67.7 328.2 67.5 328.8 67.3 329.5 67.1 330.3
  67.0 331.2 66.8 332.1 66.3 333.2 65.8 334.2 65.3 334.9 64.9 335.7 64.4 336.5
  63.4 337.4 62.4 337.0 61.4 336.7 60.4 336.0 59.8 335.3 59.1 334.1 58.5 333.0
  57.8 331.8 57.4 330.0 56.9 328.2 56.4 326.4 56.2 324.7 56.0 322.9 56.1 320.7
  56.2 318.8 56.4 316.8 56.5 314.8 56.8 312.7 57.1 310.6 57.4 308.5 57.7 306.5
  58.1 304.4 58.5 303.0 59.2 301.6 59.8 300.3 60.5 299.0 61.4 298.2 62.2 297.5
  63.0 297.3 63.8 297.0 64.6 296.7 65.3 296.6 65.9 296.4 66.5 296.2 67.1 295.7
  67.7 295.2 68.2 294.6 68.8 294.1 69.4 293.5 70.0 293.0 70.7 292.3 71.3 291.6
  71.8 291.0 72.3 290.3 72.8 289.4 73.2 288.6 73.7 287.7 74.1 286.9 74.5 286.0
  75.0 285.0 75.4 284.0 75.8 282.9 76.1 281.8 76.5 280.3 76.8 278.7 77.0 277.1
  77.2 275.5 77.3 273.9 77.5 272.3 77.6 270.6 77.7 269.0 77.9 267.3 78.0 265.5
  78.1 263.8 78.2 262.1 78.2 260.4 78.3 258.7 78.4 257.1 78.4 255.4 78.4 253.8
  78.4 252.2 78.4 250.6 78.4 249.1 78.5 247.6 78.4 246.1 78.4 244.5 78.4 242.9
  78.3 241.3 78.3 239.7 78.2 238.1 78.1 236.4 78.0 234.8 77.8 232.8 77.7 230.8
  77.5 228.9 77.3 227.0 77.1 225.3 76.9 223.7 76.6 222.4 76.4 221.3 76.2 220.3
  75.9 219.5 75.7 218.5 75.6 217.6 75.4 216.8 75.2 216.1 75.0 215.4 74.7 214.9
  74.5 214.3 74.2 213.8 74.0 213.3 73.7 212.6 73.4 211.9 73.1 211.2 72.8 210.5
  72.5 209.9 72.2 209.2 71.8 208.6 71.5 207.8 71.2 207.0 70.9 206.2 70.5 205.4
  70.2 204.7 69.9 204.0 69.6 203.1 69.2 202.2 68.9 201.4 68.6 200.6 68.2 199.8
  67.9 199.1 67.5 198.1 67.1 197.0 66.7 195.8 66.4 194.6 66.1 193.4 65.8 192.3
  65.6 191.0 65.4 189.8 65.2 188.6 65.1 187.4 64.9 186.2 64.8 185.0 64.6 183.9
  64.5 182.7 64.3 181.6 64.1 180.6 63.9 179.5 63.8 178.6 63.6 177.6 63.4 176.7
  63.2 175.8 62.9 174.8 62.7 173.8 62.3 172.8 62.0 171.8 61.7 170.8 61.3 169.8
  61.0 168.9 60.6 168.1 60.3 167.2 60.2 166.5 60.0 165.8 59.8 165.2 59.7 164.7
  59.5 164.2 59.3 163.7 59.1 163.3 58.8 162.8 58.5 162.4 58.3 162.0 57.9 161.5
  57.6 161.3 57.2 161.1 56.9 160.9 56.5 160.8 56.1 160.7 55.6 160.6 55.2 160.4
  54.7 160.3 54.3 160.3 53.8 160.2 53.4 159.7 52.9 159.2 52.4 158.8 51.9 158.4
  51.5 157.8 51.1 157.3 50.8 156.8 50.4 156.4 50.1 156.0 49.7 155.7 49.6 155.2
  49.4 154.7 49.2 154.3 49.0 153.8 48.8 153.4 48.6 153.1 48.3 152.7 48.0 152.4
  47.7 152.1 47.3 151.8 47.3 151.6 47.2 151.4 47.1 151.2 47.0 151.1 46.9 150.9
  46.8 150.7 46.7 150.5 46.6 150.2 46.4 149.9 46.3 149.7 46.1 149.4 45.9 149.1
  45.7 148.5 45.4 148.0 45.1 147.4
   4 25 58  0.0
  72.5 321.4 72.2 321.6 71.9 321.7 71.6 321.9 71.4 322.0 71.1 322.1 70.8 322.3
  70.5 322.4 70.2 322.6 69.9 322.8 69.6 323.2 69.4 323.6 69.2 324.0 69.0 324.4
  68.8 324.9 68.6 325.3 68.4 325.7 68.2 326.1 68.0 326.5 67.8 326.8 67.7 327.1
  67.5 327.4 67.4 327.7 67.2 327.9 67.1 328.2 66.9 328.4 66.7 328.6 66.6 329.0
  66.5 329.4 66.4 329.8 66.3 330.4 66.3 331.0 66.3 331.7 66.3 332.5 66.1 333.4
  65.9 334.4 65.7 335.1 65.6 336.0 65.5 336.9 65.0 337.7 64.5 338.5 64.0 339.1
  63.4 338.9 62.8 338.7 62.2 338.4 61.6 338.0 61.0 337.1 60.4 336.0 59.8 335.0
  59.5 333.6 59.2 332.3 58.8 330.9 58.7 329.5 58.6 328.1 58.4 326.7 58.4 325.3
  58.4 323.9 58.7 322.4 59.0 320.9 59.3 319.5 59.6 318.1 60.0 316.7 60.4 315.3
  60.8 314.0 61.1 312.8 61.5 311.5 62.0 310.2 62.5 308.9 62.9 308.1 63.4 307.3
  63.8 306.5 64.2 305.6 64.7 305.2 65.0 304.7 65.4 304.3 65.7 304.0 66.0 303.8
  66.5 303.7 67.0 303.7 67.4 303.7 67.8 303.7 68.3 303.8 68.7 303.7 69.2 303.6
  69.6 303.4 70.1 303.2 70.5 302.7 70.9 302.2 71.3 301.6 71.7 301.0 72.1 300.3
  72.5 299.6 73.0 298.9 73.5 298.2 73.9 297.4 74.4 296.5 74.9 296.3 75.3 296.3
  75.6 296.1 75.9 296.0 76.3 295.8 76.6 295.9 76.9 296.0 77.0 296.1 77.1 296.1
  77.2 296.1 77.3 296.0 77.3 295.9 77.6 295.7 77.8 295.4 78.0 295.0 78.3 295.6
  78.5 296.1 78.4 296.7 78.4 297.3 78.4 297.9 78.4 298.5 78.5 299.1 78.5 299.6
  78.5 300.2 78.3 300.7 78.2 301.1 78.0 301.6 77.8 302.0 77.7 301.7 77.6 301.3
  77.4 300.9 77.3 300.3 77.2 299.6 77.3 298.9 77.3 298.0 77.4 297.1 77.5 296.1
  77.5 294.9 77.8 293.7 78.1 292.4 78.4 292.4 78.7 292.2 78.9 292.0 79.1 291.7
  79.3 291.2 79.6 290.6 79.8 289.8 79.9 288.9 80.1 287.7 80.3 287.3 80.6 287.1
  80.7 286.9 80.9 287.0 81.0 287.1 81.1 287.5 81.1 288.1 81.1 288.9 81.0 289.9
  80.9 291.1 80.8 292.5 80.6 294.0 80.4 295.6 80.2 297.1 79.8 298.5 79.5 299.5
  79.1 300.3 78.5 301.1 77.9 301.8 77.4 302.2 76.8 302.6 76.2 303.1 75.6 303.5
  75.0 303.7 74.4 303.9 73.7 304.0 73.1 303.5 72.4 303.1 71.7 302.7 71.0 302.1
  70.3 301.5 69.5 300.9 68.7 300.1 67.9 299.3 67.4 298.0 66.9 296.6 66.3 295.2
  66.1 293.8 65.8 292.4 65.5 290.7 65.3 289.1 65.1 287.5 65.2 286.0 65.3 284.3
  65.3 282.6 65.5 280.9 65.6 279.0 65.9 277.1 66.2 275.2 66.5 273.3 66.8 271.3
  67.1 269.3 67.5 267.3 67.8 265.4 68.2 263.6 68.6 261.9 69.1 260.2 69.6 258.5
  70.2 256.8 70.8 255.8 71.3 254.8 71.9 253.8 72.4 252.7 73.0 251.9 73.6 251.1
  74.1 250.2 74.6 249.6 75.2 248.9 75.7 248.1 76.3 247.4 76.8 247.1 77.4 246.9
  77.9 246.6 78.3 246.4 78.8 246.9 79.3 247.6 79.7 248.4 80.1 249.5 80.5 251.4
  80.9 253.5 81.2 256.1 81.5 259.1 81.7 262.5 81.8 266.3 81.9 270.4 81.8 274.5
  81.8 278.6 81.7 282.5 81.5 286.1 81.3 289.4 81.0 292.4 80.6 295.0 80.2 297.3
  79.8 299.4 79.4 301.1 78.9 302.6
   4 26 58  0.0
  72.5 321.4 72.2 321.9 72.0 322.4 71.7 322.8 71.5 323.2 71.4 323.7 71.2 324.1
  71.0 324.5 70.9 324.9 70.8 325.4 70.6 325.8 70.5 326.3 70.3 326.7 70.2 327.1
  70.0 327.5 69.9 328.0 69.8 328.7 69.6 329.4 69.5 330.1 69.4 330.9 69.3 331.6
  69.2 332.4 69.1 333.1 69.0 333.9 68.8 334.7 68.8 335.5 68.6 336.3 68.4 337.1
  68.2 337.9 68.0 338.7 67.8 339.5 67.5 340.3 67.3 341.1 67.0 342.0 66.8 342.8
  66.5 343.7 66.3 344.5 65.9 345.3 65.6 346.0 65.2 346.7 64.8 347.3 64.5 347.9
  64.1 348.5 63.5 349.1 62.9 349.3 62.4 349.4 61.8 349.5 61.2 349.0 60.7 348.5
  60.1 348.0 59.5 347.5 59.0 346.5 58.4 345.6 57.7 344.7 57.1 343.2 56.6 341.6
  56.1 340.1 55.6 338.5 55.2 336.5 54.7 334.5 54.5 332.6 54.3 330.7 54.6 328.9
  54.9 327.0 55.2 325.0 55.6 323.1 56.0 321.2 56.5 319.7 56.9 318.2 57.4 316.8
  57.8 315.5 58.2 314.2 58.7 313.0 59.0 311.8 59.4 310.7 59.8 309.4 60.2 308.2
  60.6 306.9 61.0 305.7 61.5 304.4 61.9 303.2 62.4 302.0 62.8 300.8 63.3 299.5
  63.7 298.2 64.1 296.8 64.5 295.5 64.9 294.2 65.4 292.8 65.8 291.4 66.2 289.9
  66.6 288.4 67.0 286.8 67.3 285.3 67.6 283.7 67.9 282.1 68.1 280.6 68.4 278.8
  68.5 277.0 68.7 275.1 68.8 273.3 68.9 271.4 69.0 269.6 69.0 267.9 69.1 266.2
  69.1 264.6 69.1 263.1 69.0 261.6 69.0 260.2 68.9 258.8 68.8 257.4 68.8 256.0
  68.7 254.6 68.7 253.2 68.7 251.9 68.8 250.5 68.8 249.2 68.8 247.9 68.9 246.6
  69.0 245.4 69.1 244.1 69.1 242.9 69.2 241.7 69.3 240.5 69.3 239.4 69.3 238.2
  69.4 237.1 69.4 236.0 69.4 234.9 69.4 233.7 69.4 232.6 69.4 231.5 69.5 230.3
  69.5 229.1 69.6 227.9 69.7 226.7 69.7 225.4 69.7 224.0 69.8 222.6 69.7 221.2
  69.6 219.8 69.4 218.3 69.3 216.9 69.1 215.4 68.9 213.8 68.7 212.3 68.5 210.7
  68.2 209.2 68.0 207.8 67.7 206.4 67.4 205.1 67.2 203.8 67.0 202.5 66.8 201.1
  66.6 199.7 66.4 198.3 66.2 197.0 66.1 195.7 65.9 194.4 65.6 193.3 65.3 192.2
  65.1 191.1 64.6 190.1 64.2 189.1 63.7 188.1 63.2 186.8 62.7 185.6 62.1 184.4
  61.5 183.2 60.9 182.0 60.2 180.8 59.6 179.7 59.2 178.2 58.8 176.7 58.5 175.2
  58.4 173.7 58.3 172.4 58.2 171.0 58.0 169.7 57.9 168.4 57.7 167.2 57.5 165.9
  57.3 164.6 57.1 163.4 56.9 162.1 56.8 160.8 56.6 159.5 56.3 158.2 56.0 156.9
  55.6 155.5 55.5 154.1 55.4 152.8 55.2 151.5 55.3 150.2 55.5 149.0 55.6 147.8
  55.8 146.7 56.1 145.5 56.3 144.3 56.6 143.0 56.9 141.8 57.3 140.6 57.8 139.4
  58.3 138.4 58.9 137.4 59.5 136.5 60.1 135.6 60.6 134.8 61.0 133.9 61.4 133.1
  61.8 132.2 62.1 131.3 62.4 130.5 62.8 129.6 63.1 128.7 63.3 127.7 63.6 126.7
  63.8 125.6 64.0 124.5 64.2 123.4 64.2 122.2 64.3 121.0 64.4 119.7 64.4 118.3
  64.4 116.9 64.4 115.5 64.5 114.0 64.6 112.5 64.6 110.9 64.7 109.1 64.8 107.4
  64.7 105.6 64.7 103.8 64.6 102.1 64.5 100.3 64.4  98.5 64.3  96.7 64.2  94.8
  64.1  92.9 63.9  90.9 63.7  89.2
   4 27 58  0.0
  72.5 321.4 72.1 322.2 71.7 323.0 71.4 323.4 71.0 323.7 70.6 324.1 70.3 324.4
  70.0 324.7 69.8 325.0 69.5 325.4 69.3 325.8 69.1 326.3 68.9 326.7 68.8 327.3
  68.6 327.8 68.5 328.4 68.4 329.0 68.4 329.7 68.4 330.4 68.4 331.1 68.3 331.9
  68.4 332.7 68.3 333.6 68.3 334.6 68.3 335.6 68.3 336.7 68.2 337.8 68.1 338.9
  68.0 340.0 67.9 341.1 67.8 342.2 67.6 343.4 67.5 344.6 67.2 345.8 67.0 346.9
  66.7 348.0 66.3 349.1 65.8 350.2 65.4 351.0 65.0 351.9 64.5 352.6 63.9 353.3
  63.3 353.7 62.7 354.0 62.1 354.2 61.4 354.4 60.8 354.2 60.1 353.9 59.4 353.6
  58.8 352.9 58.1 352.2 57.5 351.5 57.0 350.5 56.5 349.4 56.0 348.4 55.6 347.3
  55.4 346.0 55.2 344.7 55.0 343.4 55.0 342.1 55.0 340.8 55.0 339.5 55.2 338.1
  55.3 336.6 55.5 335.0 55.7 333.3 56.0 331.5 56.4 329.7 56.7 328.0 57.1 326.4
  57.5 324.7 58.0 323.0 58.5 321.4 59.1 319.9 59.6 318.4 60.1 316.8 60.7 315.4
  61.1 313.9 61.5 312.4 61.9 310.8 62.2 309.1 62.4 307.5 62.6 305.9 62.7 304.2
  62.8 302.4 62.9 300.6 63.1 298.8 63.2 296.9 63.4 295.1 63.6 293.2 63.8 291.3
  64.0 289.5 64.2 287.8 64.5 286.1 64.7 284.4 64.9 282.6 65.1 280.8 65.3 278.9
  65.7 277.0 66.0 275.2 66.4 273.3 66.7 271.5 66.9 269.7 67.2 268.0 67.4 266.4
  67.6 264.9 67.8 263.5 68.1 262.2 68.3 260.8 68.7 259.4 69.0 258.0 69.4 256.7
  69.7 255.4 70.1 254.1 70.5 252.5 70.9 250.8 71.2 249.0 71.5 247.1 71.8 245.2
  72.1 243.3 72.4 241.6 72.7 240.0 72.9 238.3 73.2 236.7 73.4 235.2 73.5 233.6
  73.6 232.0 73.7 230.5 73.8 228.9 73.8 227.3 73.8 225.7 73.8 224.1 73.8 222.5
  73.8 221.0 73.8 219.4 73.7 217.8 73.7 216.4 73.6 214.9 73.4 213.6 73.2 212.3
  73.0 211.2 72.8 210.1 72.6 209.0 72.3 208.0 72.0 207.1 71.7 206.5 71.5 205.9
  71.3 205.2 71.0 204.6 70.8 204.0 70.6 203.3 70.4 202.7 70.1 202.1 69.9 201.5
  69.6 201.2 69.4 200.9 69.0 200.7 68.7 200.5 68.3 200.3 67.8 200.0 67.4 199.9
  67.0 199.6 66.6 199.2 66.2 198.7 65.7 198.1 65.2 197.2 64.8 196.1 64.3 194.9
  63.9 193.6 63.4 192.3 63.0 191.1 62.7 189.8 62.3 188.6 62.0 187.4 61.8 186.1
  61.6 184.7 61.3 183.3 61.2 182.0 61.0 180.7 60.7 179.4 60.6 178.2 60.4 177.1
  60.2 176.1 59.9 175.2 60.0 173.7 60.1 172.9 60.3 172.1 60.4 171.4 60.7 170.6
  61.1 169.9 61.5 169.2 61.9 168.6 62.3 167.9 62.7 167.5 63.2 167.1 63.6 166.6
  63.9 166.1 64.3 165.6 64.6 165.1 64.9 164.6 65.2 164.2 65.4 163.7 65.8 163.1
  66.1 162.6 66.5 162.0 66.8 161.4 67.1 160.8 67.4 160.2 67.7 159.7 67.9 159.1
  68.2 158.6 68.4 158.0 68.7 157.4 68.9 156.8 69.1 156.2 69.2 155.6 69.4 155.0
  69.6 154.4 69.8 153.8 69.9 153.3 70.0 152.8 70.2 152.0 70.3 151.3 70.4 150.6
  70.5 149.9 70.6 149.3 70.7 148.6 70.8 148.1 70.8 147.5 70.8 147.0 70.9 146.5
  70.9 146.0 70.9 145.4 70.9 144.8 71.0 144.2 71.1 143.6 71.0 143.0 71.0 142.3
  71.0 141.6 71.0 140.9 71.0 140.3
   4 28 58  0.0
  72.5 321.4 72.2 321.6 71.9 321.7 71.6 321.7 71.3 321.7 71.0 321.7 70.7 321.8
  70.4 321.8 70.1 321.8 69.7 321.8 69.4 322.1 69.1 322.4 68.7 322.8 68.4 323.1
  68.0 323.5 67.7 323.8 67.4 324.0 67.1 324.2 66.8 324.3 66.5 324.3 66.2 324.2
  66.0 324.1 65.7 323.4 65.4 322.7 65.1 321.9 64.8 321.1 64.5 320.3 64.2 319.5
  64.0 318.8 63.7 317.7 63.4 316.8 63.1 315.9 62.8 315.1 62.5 314.3 62.2 313.5
  61.8 312.8 61.5 311.9 61.2 311.1 60.9 310.3 60.6 309.5 60.3 308.8 59.9 308.1
  59.6 307.3 59.4 306.5 59.2 305.7 59.0 305.0 58.7 304.4 58.4 303.8 58.2 303.2
  57.9 302.7 57.6 302.0 57.2 301.4 56.9 300.7 56.5 300.1 56.1 299.5 55.8 298.8
  55.5 298.0 55.2 297.3 54.8 296.6 54.4 295.9 54.0 295.2 53.6 294.6 53.2 293.9
  52.7 293.1 52.3 292.4 51.8 291.6 51.5 290.7 51.1 289.8 50.7 288.9 50.3 288.1
  49.8 287.2 49.5 286.3 49.1 285.3 48.7 284.4 48.2 283.6 48.0 282.7 47.7 281.8
  47.4 280.9 47.0 280.1 46.7 279.2 46.2 278.4 45.6 277.6 45.1 276.5 44.4 275.4
  44.0 274.4 43.5 272.9 43.0 271.5 42.5 270.1 41.9 268.8 41.3 267.2 41.1 265.6
  40.7 264.3 40.2 263.2 40.1 262.2 39.9 261.2 39.6 259.6 39.6 258.1 39.5 256.8
  39.4 255.7 39.4 254.7 39.3 253.7 39.2 252.7 39.0 251.7 39.0 250.7 39.0 249.8
  39.0 248.9 39.1 248.0 39.3 247.1 39.6 246.2 39.8 245.3 40.1 244.4 40.4 243.8
  40.7 243.1 41.1 242.3 41.4 241.5 41.7 240.6 42.0 239.6 42.6 239.2 43.2 238.8
  43.6 238.2 44.0 237.6 44.4 237.1 44.7 236.6 45.0 236.0 45.2 235.4 46.0 234.7
  46.7 233.9 47.4 233.6 48.1 233.3 48.7 233.1 49.3 232.9 49.9 232.7 50.4 232.5
  50.9 232.4 51.4 232.3 51.8 232.2 52.2 232.0 52.7 231.8 53.2 231.6 53.6 231.4
  54.1 231.2 54.4 231.0 54.8 230.8 55.2 230.6 55.5 230.4 55.9 230.2 56.2 230.0
  56.5 229.9 56.8 229.8 57.0 229.6 57.2 229.5 57.4 229.3 57.6 229.1 57.8 228.8
  58.0 228.6 58.1 228.3 58.3 228.1 58.4 227.9 58.5 227.7 58.5 227.5 58.6 227.3
  58.7 227.1 58.7 226.9 58.7 226.7 58.8 226.6 58.8 226.4 58.8 226.2 58.8 226.0
  58.8 225.8 58.8 225.6 58.8 225.4 58.8 225.2 58.8 225.0 58.8 224.9 58.8 224.7
  58.8 224.6 58.8 224.5 58.9 224.4 58.9 224.3 58.9 224.3 58.9 224.3 58.9 224.3
  59.0 224.2 59.0 224.2 59.0 224.2 59.1 224.2 59.1 224.2 59.1 224.2 59.2 224.2
  59.2 224.2 59.3 224.3 59.3 224.3 59.4 224.3 59.5 224.3 59.5 224.3 59.6 224.3
  59.6 224.3 59.6 224.2 59.7 224.2 59.7 224.1 59.7 224.0 59.8 223.9 59.9 223.8
  59.9 223.6 60.0 223.5 60.1 223.4 60.2 223.3 60.2 223.2 60.2 223.0 60.2 222.9
  60.2 222.7 60.2 222.5 60.1 222.3 60.1 222.1 60.0 221.9 59.9 221.7 59.8 221.4
  59.7 221.2 59.6 220.9 59.5 220.7 59.3 220.5 59.2 220.3 59.1 220.2 59.0 220.0
  58.9 219.9 58.8 219.8 58.8 219.7 58.7 219.7 58.6 219.6 58.5 219.6 58.4 219.6
  58.4 219.6 58.3 219.6 58.3 219.5 58.2 219.5 58.2 219.5 58.1 219.5 58.1 219.5
  58.1 219.5 58.0 219.4 58.0 219.4
   4 29 58  0.0
  72.5 321.4 72.6 321.5 72.6 321.5 72.6 321.6 72.6 321.6 72.5 321.6 72.4 321.5
  72.4 321.5 72.2 321.4 72.1 321.3 72.0 321.2 71.8 320.8 71.6 320.5 71.5 320.0
  71.3 319.6 71.0 319.2 70.8 318.8 70.6 318.4 70.4 318.0 70.2 317.6 70.0 317.3
  69.8 316.9 69.7 316.6 69.6 316.2 69.5 315.9 69.4 315.6 69.3 315.3 69.2 315.0
  69.0 314.7 68.9 314.5 68.8 314.3 68.6 314.1 68.4 314.0 68.3 313.9 68.1 313.8
  67.9 313.8 67.7 313.9 67.5 314.0 67.3 314.1 67.1 314.1 67.0 314.1 66.8 313.9
  66.6 313.7 66.4 313.5 66.2 313.2 66.0 312.8 65.8 312.1 65.5 311.5 65.4 310.7
  65.3 309.9 65.2 309.2 65.1 308.4 64.9 307.7 64.9 307.0 64.9 306.3 64.8 305.6
  64.7 305.0 64.6 304.4 64.5 303.8 64.4 303.2 64.4 302.6 64.3 302.0 64.2 301.5
  64.1 300.9 64.0 300.3 64.0 299.7 64.0 299.1 64.0 298.5 64.0 297.9 64.0 297.4
  64.0 296.8 63.9 296.3 63.9 295.8 64.0 295.3 64.1 294.7 64.2 294.1 64.3 293.4
  64.4 292.8 64.5 292.1 64.6 291.4 64.7 290.7 64.9 290.0 65.0 289.3 65.1 288.6
  65.3 287.9 65.4 287.2 65.6 286.5 65.8 285.7 65.9 285.0 66.1 284.2 66.4 283.3
  66.6 282.4 66.9 281.4 67.1 280.5 67.4 279.5 67.7 278.4 67.9 277.4 68.2 276.4
  68.5 275.0 68.7 273.6 69.0 272.3 69.3 271.1 69.5 269.8 69.7 268.5 69.9 267.3
  70.0 266.0 70.1 264.3 70.2 262.4 70.2 260.5 70.2 258.5 70.2 256.4 70.2 254.2
  70.3 251.9 70.4 249.7 70.5 247.5 70.7 245.2 70.9 243.0 71.1 240.6 71.3 238.1
  71.5 235.4 71.6 232.5 71.6 229.6 71.7 227.0 71.7 224.4 71.8 222.1 71.8 219.8
  71.8 217.6 71.8 215.4 71.8 213.4 71.8 211.5 71.8 209.6 71.8 207.9 71.8 206.3
  71.8 204.8 71.8 203.3 71.7 201.9 71.7 200.5 71.7 199.1 71.5 197.8 71.4 196.5
  71.3 195.3 71.1 194.1 70.9 193.0 70.8 191.8 70.7 190.7 70.6 189.5 70.5 188.4
  70.4 187.2 70.4 186.1 70.3 185.1 70.3 184.0 70.3 183.0 70.3 182.0 70.2 181.0
  70.2 180.0 70.1 179.1 70.1 178.1 70.0 177.2 70.0 176.2 69.9 175.5 69.8 174.7
  69.7 173.8 69.6 172.8 69.6 171.8 69.5 170.8 69.3 169.6 69.2 168.5 69.1 167.3
  69.0 166.0 68.9 164.7 68.8 163.4 68.7 162.1 68.6 160.8 68.5 159.4 68.4 158.1
  68.2 156.8 68.1 155.6 68.0 154.4 67.9 153.2 67.9 152.4 67.8 151.6 67.8 151.0
  67.8 150.2 67.8 149.4 67.7 148.5 67.7 147.5 67.5 146.5 67.4 145.4 67.3 144.2
  67.1 143.0 66.9 141.8 66.7 140.5 66.4 139.3 66.2 138.1 65.9 136.9 65.6 136.2
  65.4 135.5 65.2 134.7 65.0 133.9 64.8 133.1 64.6 132.3 64.4 131.5 64.1 130.6
  63.9 129.8 63.6 129.5 63.3 129.2 63.0 128.9 62.8 128.5 62.5 128.0 62.3 127.5
  62.0 127.0 61.8 126.4 61.6 125.9 61.3 125.3 61.1 124.7 60.9 124.0 60.6 123.3
  60.4 122.5 60.2 121.8 59.9 121.0 59.7 120.4 59.5 119.8 59.3 119.2 59.1 118.6
  59.0 118.0 58.8 117.3 58.6 116.7 58.5 116.0 58.4 115.3 58.3 114.5 58.3 113.7
  58.2 112.8 58.2 111.8 58.1 110.8 58.1 109.7 58.0 108.5 58.0 107.3 57.9 106.0
  57.9 104.8 57.8 103.6 57.7 102.5
   4 30 58  0.0
  72.5 321.4 72.0 321.2 71.6 321.0 71.3 320.3 71.0 319.7 70.7 319.1 70.3 318.6
  70.1 318.0 69.9 317.4 69.7 316.8 69.6 316.2 69.6 315.6 69.4 315.1 69.3 314.5
  69.2 314.0 69.2 313.5 69.1 312.9 69.1 312.4 69.1 311.8 68.9 311.3 68.6 310.7
  68.4 310.2 68.2 309.7 68.0 309.1 67.8 308.8 67.6 308.4 67.5 308.0 67.3 307.6
  67.0 307.1 66.6 306.5 66.3 305.9 66.0 305.2 65.7 304.2 65.5 303.1 65.1 302.0
  64.8 300.8 64.4 299.7 63.7 298.6 63.2 297.2 62.7 295.7 62.1 294.1 61.6 292.5
  61.1 290.9 60.6 289.3 60.2 287.6 59.7 286.0 59.2 284.5 58.8 283.0 58.4 281.5
  57.9 280.1 57.5 278.7 57.2 277.4 56.8 276.0 56.5 274.6 56.1 273.2 55.8 271.8
  55.4 270.6 55.1 269.3 54.8 267.9 54.6 266.5 54.3 265.2 54.0 263.8 53.9 262.5
  53.8 261.5 53.7 260.4 53.6 259.4 53.6 258.4 53.6 257.4 53.6 256.5 53.6 255.7
  53.7 254.9 53.8 254.2 53.9 253.6 54.0 253.0 54.0 252.4 54.1 251.8 54.3 251.2
  54.5 250.7 54.7 250.2 54.8 249.8 55.0 249.3 55.2 249.0 55.3 248.6 55.5 248.3
  55.6 248.0 55.8 247.7 56.0 247.5 56.2 247.1 56.4 246.8 56.6 246.5 56.8 246.2
  57.0 246.0 57.1 245.7 57.3 245.4 57.4 245.2 57.6 244.9 57.7 244.6 57.8 244.4
  57.9 244.1 58.0 243.9 58.1 243.7 58.3 243.4 58.4 243.1 58.6 242.9 58.8 242.7
  59.0 242.5 59.2 242.3 59.3 242.2 59.6 242.0 59.8 241.9 60.0 241.8 60.2 241.7
  60.4 241.5 60.6 241.3 60.8 241.2 61.0 241.0 61.1 240.9 61.3 240.7 61.5 240.6
  61.7 240.5 61.9 240.4 62.1 240.3 62.2 240.0 62.4 239.8 62.7 239.5 62.9 239.2
  63.1 238.9 63.4 238.6 63.6 238.3 63.8 238.0 64.0 237.7 64.3 236.9 64.5 236.1
  64.7 235.2 64.9 234.3 65.0 233.5 65.2 232.7 65.3 231.9 65.5 231.1 65.6 230.2
  65.7 229.4 65.8 228.6 65.9 227.8 66.0 226.9 66.0 226.1 66.1 225.2 66.2 224.2
  66.3 223.2 66.3 222.2 66.4 221.2 66.4 220.1 66.5 219.1 66.5 218.1 66.4 217.0
  66.4 216.0 66.3 214.9 66.2 213.9 66.1 212.8 65.9 211.8 65.8 210.6 65.6 209.5
  65.5 208.3 65.3 207.2 65.1 206.1 64.8 205.0 64.5 204.0 64.2 203.1 63.8 202.2
  63.4 201.1 63.0 200.0 62.5 199.1 62.0 198.2 61.5 197.4 61.0 196.6 60.4 195.9
  59.8 195.2 59.2 194.4 58.6 193.6 58.0 192.8 57.3 192.0 56.6 191.3 55.8 190.6
  55.1 189.8 54.3 189.0 53.5 188.3 52.8 187.6 52.1 187.0 51.5 186.3 50.9 185.6
  50.2 184.9 49.5 184.3 48.9 183.5 48.5 182.7 48.1 181.9 47.7 181.1 47.2 180.1
  46.8 179.2 46.6 178.2 46.3 177.1 46.0 175.9 46.2 174.7 46.3 173.4 46.3 172.0
  46.4 170.6 46.8 169.2 47.2 167.9 47.7 166.7 48.1 165.5 48.6 164.3 49.1 163.1
  49.5 161.9 49.9 160.8 50.3 159.8 50.6 159.0 50.9 158.3 51.2 157.5 51.5 156.8
  51.9 156.1 52.3 155.4 52.6 155.1 52.9 154.7 53.3 154.4 53.8 154.1 54.2 153.8
  54.7 153.6 55.2 153.5 55.7 153.4 56.2 153.2 56.6 153.1 57.1 153.0 57.4 152.9
  57.7 152.8 58.0 152.7 58.2 152.7 58.4 152.5 58.5 152.3 58.7 152.2 58.8 152.0
  58.8 151.8 58.8 151.6 58.8 151.5
