  12  1 87  0.0
  72.5 321.4 72.4 321.1 72.4 320.8 72.4 320.5 72.3 320.2 72.3 319.9 72.2 319.6
  72.1 319.3 72.0 318.9 71.9 318.6 71.9 318.4 71.8 318.1 71.7 317.8 71.7 317.4
  71.6 317.0 71.5 316.7 71.5 316.4 71.4 316.1 71.3 315.8 71.3 315.5 71.3 315.3
  71.2 315.0 71.2 314.8 71.2 314.6 71.1 314.4 71.1 314.2 71.1 314.0 71.1 313.8
  71.1 313.6 71.1 313.4 71.1 313.3 71.0 313.1 71.0 313.0 71.0 312.9 71.0 312.8
  71.0 312.7 71.0 312.6 71.0 312.5 71.0 312.5 71.0 312.4 70.9 312.4 70.9 312.4
  70.9 312.5 70.8 312.5 70.8 312.6 70.7 312.7 70.7 312.8 70.6 312.9 70.6 313.1
  70.5 313.2 70.4 313.4 70.3 313.6 70.2 313.8 70.1 314.0 69.9 314.2 69.8 314.6
  69.7 314.9 69.5 315.3 69.3 315.7 69.2 316.1 69.0 316.4 68.9 316.8 68.7 317.1
  68.5 317.4 68.3 317.7 68.0 318.0 67.8 318.3 67.6 318.5 67.4 318.8 67.2 319.1
  67.0 319.4 66.8 319.7 66.6 320.1 66.6 320.5 66.6 320.9 66.6 321.4 66.5 321.8
  66.5 322.2 66.5 322.6 66.4 323.0 66.3 323.5 66.3 323.9 66.2 324.3 66.1 324.6
  66.0 325.0 65.8 325.5 65.7 326.0 65.5 326.5 65.3 326.8 65.1 327.1 64.9 327.3
  64.6 327.5 64.3 327.6 64.0 327.6 63.6 327.5 63.2 327.3 62.8 327.1 62.3 326.9
  61.9 326.6 61.4 326.2 60.9 325.8 60.5 325.2 60.0 324.7 59.5 324.1 59.1 323.5
  58.8 322.8 58.4 322.0 58.1 321.2 57.7 320.4 57.4 319.7 57.2 319.0 56.9 318.3
  56.7 317.6 56.4 316.8 56.2 316.1 55.9 315.3 55.7 314.6 55.5 314.0 55.3 313.3
  55.1 312.6 54.9 311.9 54.7 311.1 54.5 310.4 54.3 309.7 54.1 308.9 53.8 308.1
  53.6 307.4 53.4 306.7 53.2 305.9 53.0 305.1 52.8 304.3 52.5 303.5 52.4 302.7
  52.2 301.9 52.1 301.1 51.9 300.3 51.7 299.6 51.6 298.8 51.5 298.1 51.4 297.4
  51.2 296.7 51.1 296.0 51.0 295.3 51.0 294.6 50.9 294.0 50.8 293.4 50.7 292.7
  50.5 292.1 50.4 291.6 50.3 291.0 50.2 290.4 50.0 289.8 49.9 289.3 49.6 288.6
  49.4 288.0 49.1 287.4 49.0 286.8 48.8 286.2 48.6 285.6 48.3 285.1 48.1 284.6
  47.8 284.0 47.4 283.3 47.3 282.6 47.0 281.9 46.8 281.2 46.4 280.6 46.1 280.0
  45.9 279.4 45.6 278.5 45.3 277.7 45.1 277.0 44.7 276.2 44.4 275.6 44.2 274.9
  44.0 274.3 43.7 273.5 43.4 272.7 43.1 271.9 43.0 271.2 43.0 270.5 43.0 269.8
  42.9 269.2 42.7 268.6 42.6 268.0 42.6 267.5 42.7 267.0 42.7 266.5 42.6 266.2
  42.6 265.8 42.5 265.5 42.3 265.3 42.1 265.0 41.9 264.9 41.7 264.6 41.4 264.3
  41.1 264.0 40.8 263.8 40.8 263.5 40.7 263.2 40.6 263.0 40.5 262.8 40.2 262.6
  39.9 262.5 39.4 262.0 38.9 261.6 38.3 261.2 37.8 260.8 37.3 260.1 36.8 259.3
  36.7 258.6 36.6 258.0 36.5 257.4 36.3 256.8 36.1 256.2 35.9 255.6 36.0 254.9
  36.0 254.2 36.0 253.7 36.1 253.2 36.1 252.7 36.1 252.3 36.0 251.9 36.0 251.5
  35.9 251.0 35.7 250.5 35.5 250.0 35.2 249.5 35.0 249.0 34.7 248.4 34.4 247.8
  34.2 247.2 34.0 246.6 33.8 246.2 33.6 245.7 33.4 245.3 33.3 244.8 33.1 244.4
  33.0 243.9 32.8 243.5 32.6 243.0
  12  2 87  0.0
  72.5 321.4 72.2 320.5 71.8 319.6 71.5 319.4 71.1 319.1 70.6 318.9 70.2 318.7
  69.7 318.6 69.3 318.7 68.8 318.7 68.3 318.7 67.7 318.7 67.2 319.0 66.7 319.2
  66.3 319.5 65.8 319.9 65.4 320.6 65.0 321.2 64.5 321.9 64.0 322.5 63.5 323.0
  63.1 323.6 62.6 324.1 61.9 324.5 61.2 324.9 60.6 325.3 59.9 325.7 59.2 326.3
  58.6 326.9 58.0 327.5 57.4 328.3 56.5 329.1 55.6 329.9 54.6 330.4 53.5 330.9
  52.4 331.3 51.3 331.6 50.1 331.5 49.0 331.5 48.0 331.3 47.1 331.0 46.3 330.6
  45.5 330.2 44.8 329.6 44.1 329.0 43.4 328.4 42.8 327.4 42.3 326.5 41.8 325.4
  41.3 324.4 40.8 323.3 40.8 322.1 40.9 320.9 40.9 319.6 41.3 318.3 41.8 317.1
  42.2 315.9 42.7 314.8 43.3 313.7 43.8 312.7 44.3 311.7 45.0 311.0 45.6 310.4
  46.2 309.8 46.8 309.3 47.2 308.8 47.6 308.2 48.0 307.6 48.4 306.9 48.8 306.2
  49.1 305.5 49.5 304.8 49.8 304.0 50.1 303.3 50.6 302.7 51.0 302.1 51.4 301.5
  51.8 300.8 52.1 300.1 52.4 299.5 52.8 298.9 53.1 298.3 53.5 297.6 53.8 296.9
  54.1 296.1 54.4 295.5 54.7 294.8 55.0 294.0 55.2 293.2 55.4 292.5 55.6 291.6
  55.9 290.8 56.1 290.0 56.3 289.3 56.5 288.6 56.8 287.9 57.0 287.2 57.3 286.5
  57.5 285.8 57.8 285.0 58.0 284.3 58.2 283.5 58.4 282.8 58.5 282.1 58.7 281.5
  58.9 280.8 59.0 280.2 59.2 279.7 59.3 279.2 59.4 278.7 59.6 278.1 59.7 277.6
  59.8 277.0 59.9 276.4 59.9 275.7 60.0 275.1 60.1 274.5 60.1 273.8 60.2 273.2
  60.2 272.6 60.3 272.0 60.3 271.4 60.3 270.8 60.4 270.2 60.4 269.6 60.5 268.9
  60.5 268.2 60.5 267.5 60.6 266.8 60.6 266.1 60.7 265.4 60.7 264.6 60.7 263.9
  60.7 263.2 60.7 262.5 60.7 261.7 60.7 261.0 60.7 260.2 60.7 259.4 60.7 258.7
  60.7 257.9 60.8 257.1 60.8 256.3 60.8 255.5 60.8 254.8 60.7 254.0 60.7 253.2
  60.6 252.4 60.6 251.7 60.6 250.9 60.6 250.2 60.6 249.5 60.6 248.8 60.5 248.1
  60.5 247.4 60.6 246.7 60.6 246.1 60.6 245.5 60.6 244.9 60.6 244.2 60.6 243.6
  60.6 243.0 60.6 242.4 60.6 241.8 60.6 241.2 60.6 240.6 60.5 240.0 60.4 239.5
  60.4 238.9 60.3 238.4 60.2 237.9 60.1 237.4 60.0 236.9 59.9 236.3 59.8 235.8
  59.6 235.2 59.4 234.7 59.3 234.2 59.1 233.7 58.8 233.2 58.6 232.7 58.4 232.3
  58.1 231.8 57.7 231.4 57.3 231.0 56.9 230.6 56.5 230.2 56.1 229.8 55.6 229.4
  55.2 229.0 54.7 228.5 54.2 228.0 53.6 227.5 53.0 226.7 52.5 226.0 51.9 225.2
  51.4 224.3 50.9 223.4 50.5 222.3 50.1 221.2 49.7 220.0 49.3 218.7 49.2 217.3
  49.0 215.8 49.2 214.3 49.4 212.8 49.5 211.5 49.7 210.2 49.9 209.0 50.0 207.9
  50.2 206.9 50.5 206.2 50.7 205.5 51.0 204.9 51.3 204.3 51.5 203.7 51.8 203.1
  52.0 202.6 52.2 202.1 52.4 201.6 52.5 201.1 52.6 200.5 52.7 199.9 52.7 199.3
  52.7 198.7 52.7 198.1 52.6 197.4 52.6 196.8 52.6 196.2 52.5 195.5 52.5 194.9
  52.4 194.3 52.3 193.6 52.2 193.0 52.1 192.4 52.0 191.8 51.9 191.2 51.7 190.6
  51.5 190.0 51.4 189.4 51.2 188.9
  12  3 87  0.0
  72.5 321.4 72.5 321.0 72.6 320.5 72.6 320.0 72.5 319.5 72.4 318.9 72.2 318.3
  72.1 317.7 71.9 317.1 71.7 316.8 71.4 316.5 71.2 316.1 70.9 315.8 70.5 315.4
  70.1 315.1 69.7 314.8 69.4 314.6 69.0 314.5 68.6 314.4 68.2 314.3 67.8 314.2
  67.5 314.4 67.1 314.6 66.7 314.9 66.4 315.2 66.1 315.6 65.7 315.9 65.4 316.6
  65.1 317.2 64.8 317.9 64.5 318.6 64.2 319.3 63.9 320.0 63.7 320.9 63.2 321.7
  62.8 322.5 62.4 323.4 61.9 324.2 61.3 325.0 60.7 325.7 60.0 326.4 59.3 327.0
  58.7 327.4 58.1 327.9 57.5 328.4 56.7 328.8 55.8 329.3 55.0 329.6 54.1 329.9
  53.2 330.2 52.4 330.4 51.6 330.6 50.9 330.6 50.1 330.6 49.4 330.6 48.7 330.4
  48.0 330.2 47.4 329.8 46.7 329.3 46.1 328.7 45.5 327.9 45.2 327.1 44.9 326.2
  44.6 325.2 44.3 324.1 44.0 322.9 44.1 321.8 44.3 320.5 44.5 319.3 45.1 318.2
  45.9 317.2 46.8 316.3 47.8 315.7 48.6 315.1 49.5 315.0 50.3 314.9 51.0 315.2
  51.5 315.5 52.0 315.9 52.4 316.4 52.6 316.8 52.7 317.2 52.8 317.7 52.8 318.1
  52.7 318.5 52.7 318.8 52.5 319.1 52.4 319.3 52.3 319.5 52.1 319.6 51.9 319.5
  51.7 319.8 51.4 320.0 51.1 320.1 50.8 320.1 50.4 319.9 50.1 319.7 49.8 319.3
  49.5 319.3 49.3 319.2 49.1 319.0 48.9 318.8 48.7 318.5 48.5 318.2 48.4 317.9
  48.2 317.5 48.0 317.0 47.9 316.6 47.7 316.7 47.5 316.7 47.3 316.8 47.1 316.7
  46.9 316.7 46.7 316.6 46.5 316.5 46.3 316.3 46.1 316.1 45.9 315.9 45.8 315.8
  45.6 315.5 45.4 315.3 45.1 315.0 44.9 314.7 44.6 314.4 44.4 314.0 44.2 313.7
  44.1 313.4 43.9 313.1 43.8 312.5 43.8 312.0 43.8 311.4 43.8 310.9 43.8 310.3
  43.8 309.7 43.9 309.1 44.0 308.4 44.0 307.7 44.0 307.1 44.0 306.4 44.0 305.6
  44.1 305.1 44.2 304.5 44.3 303.9 44.3 303.3 44.4 302.6 44.5 302.0 44.6 301.3
  44.7 300.6 44.8 300.0 44.7 299.3 44.6 298.6 44.6 297.9 44.5 297.2 44.5 296.5
  44.5 295.8 44.4 295.2 44.4 294.5 44.3 293.8 44.2 293.1 44.2 292.4 44.1 291.8
  44.0 291.1 43.8 290.3 43.7 289.5 43.5 288.7 43.4 287.8 43.1 287.0 42.9 286.2
  42.6 285.4 42.3 284.5 42.0 283.7 41.7 282.8 41.4 282.0 41.1 281.2 40.8 280.4
  40.5 279.7 40.2 278.9 39.8 278.2 39.5 277.6 39.1 277.0 38.8 276.4 38.4 275.8
  37.9 275.2 37.4 274.7 37.0 274.3 36.6 273.8 36.1 273.3 35.8 272.8 35.4 272.4
  35.1 272.0 34.8 271.6 34.5 271.1 34.1 270.6 33.8 270.1 33.5 269.8 33.2 269.5
  33.0 269.2 32.7 268.8 32.5 268.5 32.2 268.1 32.0 267.8 31.7 267.4 31.5 267.2
  31.2 267.0 30.9 266.7 30.7 266.5 30.4 266.2 30.2 266.0 29.9 265.7 29.7 265.6
  29.5 265.5 29.3 265.3 29.1 265.2 28.9 265.0 28.7 264.9 28.6 264.7 28.4 264.6
  28.2 264.4 28.1 264.3 28.0 264.1 27.8 264.0 27.7 263.8 27.5 263.7 27.4 263.5
  27.3 263.3 27.2 263.2 27.0 263.0 26.9 262.8 26.8 262.6 26.7 262.4 26.6 262.2
  26.5 262.0 26.4 261.8 26.3 261.6 26.2 261.4 26.1 261.1 26.1 260.9 26.0 260.6
  25.9 260.4 25.8 260.1 25.8 259.9
  12  4 87  0.0
  72.5 321.4 72.4 321.0 72.3 320.6 72.2 320.3 72.1 319.9 72.0 319.5 71.8 319.0
  71.7 318.5 71.6 317.9 71.5 317.4 71.5 316.9 71.4 316.3 71.3 315.7 71.3 315.1
  71.2 314.5 71.1 313.8 71.0 313.2 70.9 312.6 70.8 312.0 70.7 311.4 70.6 310.9
  70.5 310.3 70.4 309.8 70.3 309.4 70.3 308.9 70.2 308.5 70.1 308.1 69.9 307.7
  69.9 307.2 69.8 306.6 69.8 306.1 69.7 305.6 69.6 305.1 69.5 304.6 69.4 304.1
  69.3 303.6 69.4 303.1 69.4 302.6 69.5 302.2 69.5 301.8 69.5 301.4 69.5 301.0
  69.5 300.7 69.5 300.4 69.5 300.0 69.4 299.8 69.6 299.5 69.7 299.2 69.8 299.0
  69.9 298.7 70.1 298.5 70.2 298.2 70.3 297.9 70.5 297.7 70.7 297.4 70.8 297.2
  71.0 297.0 71.2 296.8 71.4 296.7 71.5 296.5 71.7 296.4 71.9 296.3 72.1 296.2
  72.2 296.1 72.3 295.9 72.5 295.7 72.5 295.4 72.6 295.1 72.6 294.8 72.6 294.4
  72.6 294.0 72.6 293.5 72.5 293.0 72.4 292.5 72.4 292.0 72.3 291.4 72.3 290.8
  72.2 290.1 72.2 289.4 72.2 288.7 72.3 287.9 72.3 287.2 72.3 286.4 72.3 285.6
  72.3 284.7 72.3 283.9 72.3 283.0 72.3 282.1 72.3 281.2 72.3 280.2 72.3 279.2
  72.2 278.2 72.1 277.2 72.0 276.2 72.0 275.2 71.9 274.1 71.8 273.0 71.7 272.0
  71.6 271.0 71.5 270.0 71.4 269.0 71.3 268.1 71.2 267.1 71.1 266.2 71.0 265.2
  71.0 264.2 70.9 263.3 70.8 262.3 70.8 261.3 70.7 260.3 70.7 259.3 70.5 258.4
  70.4 257.5 70.3 256.6 70.1 255.7 70.0 254.9 69.8 254.1 69.7 253.3 69.7 252.5
  69.6 251.8 69.5 251.0 69.5 250.2 69.4 249.5 69.4 248.8 69.3 248.0 69.3 247.4
  69.2 246.7 69.1 246.0 69.0 245.3 68.9 244.6 68.9 243.9 68.8 243.2 68.8 242.4
  68.8 241.7 68.7 240.9 68.7 240.2 68.7 239.5 68.6 238.7 68.6 238.0 68.6 237.2
  68.5 236.5 68.5 235.7 68.4 235.0 68.4 234.2 68.4 233.4 68.3 232.6 68.3 231.8
  68.2 231.0 68.1 230.3 68.0 229.5 67.9 228.8 67.8 228.2 67.7 227.5 67.6 226.8
  67.5 226.1 67.4 225.5 67.3 224.9 67.2 224.3 67.1 223.7 67.0 223.1 66.9 222.5
  66.8 221.9 66.8 221.4 66.7 220.9 66.6 220.4 66.5 219.9 66.4 219.4 66.2 219.0
  66.1 218.6 66.0 218.2 65.9 217.8 65.8 217.4 65.7 217.1 65.5 216.8 65.4 216.5
  65.2 216.2 65.0 216.0 64.9 215.8 64.7 215.6 64.5 215.4 64.3 215.2 64.1 215.0
  63.8 214.9 63.6 214.9 63.4 214.9 63.1 214.9 62.8 214.9 62.5 214.9 62.2 214.9
  61.9 214.9 61.6 215.2 61.2 215.5 60.9 215.9 60.5 216.2 60.2 216.5 59.8 216.8
  59.4 217.0 59.1 217.2 58.6 217.4 58.2 217.5 57.7 217.6 57.3 217.5 56.8 217.4
  56.4 217.3 55.9 217.2 55.5 216.8 55.1 216.5 54.6 216.2 54.2 215.8 53.7 215.5
  53.1 214.9 52.6 214.4 52.1 213.9 51.5 213.4 50.9 212.8 50.4 212.1 49.8 211.4
  49.2 210.6 48.7 209.8 48.1 209.1 47.5 208.3 46.9 207.5 46.3 206.8 45.6 206.1
  44.9 205.3 44.3 204.5 43.6 203.7 42.8 202.9 42.0 202.0 41.2 201.2 40.5 200.3
  39.8 199.4 39.1 198.5 38.5 197.5 37.8 196.6 37.2 195.7 36.5 194.7 35.8 193.7
  35.2 192.6 34.6 191.5 34.0 190.2
  12  5 87  0.0
  72.5 321.4 72.1 321.4 71.8 321.4 71.5 320.8 71.2 320.1 70.9 319.6 70.4 319.0
  70.0 318.4 69.6 317.8 69.2 317.0 68.8 316.3 68.5 315.5 68.1 314.8 67.7 314.2
  67.4 313.6 67.1 313.0 66.7 312.5 66.4 311.9 66.2 311.5 66.1 311.0 65.9 310.6
  65.7 310.4 65.6 310.3 65.4 310.2 65.3 310.0 65.1 309.9 65.0 309.8 64.9 309.7
  64.7 309.6 64.6 309.4 64.5 309.3 64.3 309.2 64.2 309.1 64.1 309.0 64.0 308.9
  63.9 309.1 63.7 309.3 63.6 309.5 63.5 309.6 63.4 309.7 63.2 309.8 63.1 309.8
  63.0 309.8 62.8 309.7 62.7 309.7 62.5 309.6 62.3 309.5 62.2 309.3 62.0 309.2
  61.8 309.0 61.7 309.2 61.5 309.3 61.3 309.3 61.1 309.3 60.9 309.2 60.7 309.1
  60.6 309.0 60.4 308.8 60.2 308.5 60.1 308.3 60.0 307.9 59.7 307.8 59.5 307.7
  59.3 307.5 59.1 307.3 58.8 307.1 58.7 306.8 58.5 306.5 58.3 306.2 58.2 305.9
  58.1 305.5 58.0 305.1 57.9 304.9 57.9 304.6 57.9 304.4 57.9 304.1 57.9 303.9
  57.8 303.6 57.7 303.4 57.5 303.2 57.4 303.0 57.3 302.7 57.2 302.5 57.0 302.3
  56.9 302.1 56.8 302.0 56.7 301.8 56.6 301.6 56.5 301.4 56.4 301.3 56.3 301.1
  56.2 301.0 56.2 300.9 56.1 300.7 56.1 300.6 56.1 300.5 56.1 300.4 56.1 300.3
  56.1 300.2 56.1 300.1 56.2 300.0 56.0 299.9 55.8 299.8 55.7 299.6 55.5 299.4
  55.3 299.2 55.2 299.0 55.1 298.8 54.9 298.7 54.8 298.5 54.7 298.3 54.7 298.0
  54.6 297.8 54.6 297.5 54.7 297.1 54.7 296.8 54.8 296.4 54.9 295.9 54.9 295.4
  55.0 294.9 55.1 294.3 55.2 293.7 55.3 293.1 55.4 292.4 55.6 291.8 55.6 291.1
  55.6 290.3 55.6 289.6 55.7 288.8 55.8 288.0 55.8 287.1 55.8 286.2 55.9 285.3
  56.0 284.4 56.0 283.5 56.0 282.6 56.0 281.8 56.0 280.9 56.1 280.0 56.0 279.0
  56.0 278.1 55.9 277.0 55.9 276.0 55.9 274.9 56.0 273.9 56.0 272.8 56.0 271.7
  56.1 270.6 56.1 269.5 56.1 268.4 56.1 267.3 56.1 266.2 56.1 265.0 56.2 263.9
  56.2 262.8 56.3 261.6 56.4 260.4 56.5 259.3 56.6 258.1 56.6 257.0 56.7 255.9
  56.8 254.8 56.9 253.7 56.9 252.6 56.9 251.5 57.0 250.4 57.0 249.3 57.1 248.1
  57.1 247.0 57.2 245.9 57.2 244.8 57.3 243.7 57.3 242.6 57.4 241.6 57.4 240.5
  57.4 239.4 57.5 238.4 57.5 237.3 57.6 236.3 57.6 235.3 57.6 234.4 57.6 233.4
  57.5 232.5 57.5 231.6 57.3 230.8 57.2 230.0 57.0 229.2 56.8 228.5 56.6 227.8
  56.3 227.2 55.9 226.6 55.6 226.0 55.3 225.3 55.1 224.6 54.8 224.0 54.5 223.3
  54.2 222.7 53.9 222.0 53.7 221.4 53.4 220.8 53.1 220.2 52.9 219.6 52.6 219.1
  52.3 218.6 52.0 218.0 51.8 217.5 51.5 216.9 51.3 216.3 51.0 215.7 50.8 215.0
  50.6 214.4 50.3 213.7 50.1 213.1 49.8 212.4 49.5 212.0 49.4 211.5 49.2 211.1
  49.1 210.7 49.0 210.3 48.7 209.8 48.5 209.4 48.2 208.9 47.9 208.4 47.5 207.8
  47.3 207.2 47.0 206.5 46.6 205.9 46.2 205.2 45.6 204.6 45.0 203.6 44.6 202.6
  44.1 201.6 43.6 200.6 43.1 199.2 42.9 197.8 42.7 196.4 42.4 194.8 42.4 193.1
  42.3 191.3 42.7 189.4 43.0 187.5
  12  6 87  0.0
  72.5 321.4 72.2 320.5 72.0 319.7 71.5 319.1 71.1 318.6 70.6 318.1 70.0 317.6
  69.5 317.1 68.9 316.8 68.4 316.4 67.8 316.1 67.3 315.8 66.8 315.6 66.2 315.3
  65.7 315.0 65.2 315.1 64.8 315.2 64.4 315.3 64.0 315.4 63.7 316.0 63.4 316.5
  63.1 317.1 62.8 317.7 62.5 318.2 62.2 318.8 61.9 319.4 61.7 320.1 61.3 320.7
  60.8 321.3 60.4 321.8 59.9 322.3 59.4 322.7 58.9 323.1 58.3 323.5 57.7 323.9
  57.1 324.2 56.4 324.4 55.8 324.7 55.1 324.8 54.5 324.9 53.8 325.0 53.2 324.8
  52.5 324.6 51.9 324.4 51.3 324.0 50.6 323.6 49.9 323.1 49.3 322.6 48.7 321.9
  48.1 321.3 47.6 320.7 47.1 319.9 46.5 319.1 45.9 318.3 45.3 317.4 44.8 316.5
  44.3 315.4 43.8 314.3 43.4 313.3 43.1 312.2 42.7 311.1 42.3 309.9 41.9 308.8
  41.5 307.7 41.0 306.6 40.6 305.4 40.2 304.3 39.8 303.1 39.4 301.9 39.0 300.7
  38.7 299.5 38.4 298.2 38.1 297.0 37.8 295.8 37.6 294.5 37.4 293.3 37.2 292.1
  37.0 290.8 36.9 289.6 36.7 288.5 36.5 287.4 36.6 286.3 36.6 285.3 36.6 284.3
  36.5 283.3 36.8 282.3 37.1 281.4 37.3 280.5 37.5 279.7 37.7 278.9 37.9 278.1
  38.1 277.3 38.3 276.7 38.5 276.0 38.6 275.4 38.9 274.9 39.3 274.3 39.6 273.8
  39.9 273.2 40.2 272.7 40.4 272.3 40.7 272.0 41.2 271.7 41.7 271.3 42.2 271.0
  42.7 270.8 43.2 270.7 43.6 270.6 44.1 270.5 44.5 270.5 44.9 270.5 45.4 270.5
  45.8 270.5 46.2 270.4 46.6 270.4 47.1 270.5 47.5 270.5 47.9 270.5 48.4 270.5
  48.8 270.6 49.3 270.7 49.7 270.9 50.2 271.0 50.7 271.1 51.1 271.2 51.6 271.3
  52.1 271.4 52.5 271.5 53.0 271.6 53.4 271.6 53.9 271.7 54.3 271.7 54.8 271.9
  55.2 272.0 55.6 272.1 55.9 272.1 56.2 272.1 56.6 272.2 56.9 272.2 57.2 272.2
  57.5 272.2 57.8 272.2 58.1 272.1 58.4 272.2 58.7 272.3 59.0 272.4 59.3 272.5
  59.5 272.5 59.8 272.5 60.0 272.5 60.2 272.5 60.4 272.5 60.5 272.6 60.7 272.6
  60.8 272.6 60.9 272.6 61.0 272.6 61.1 272.5 61.2 272.5 61.3 272.4 61.4 272.3
  61.5 272.1 61.6 271.9 61.7 271.7 61.8 271.4 62.0 271.1 62.1 270.8 62.2 270.8
  62.3 270.8 62.4 270.7 62.4 270.7 62.5 270.7 62.5 270.6 62.5 270.5 62.5 270.4
  62.5 270.3 62.5 270.2 62.4 270.1 62.3 270.0 62.2 269.8 62.1 269.7 62.0 269.5
  61.8 268.9 61.7 268.3 61.6 267.7 61.5 267.0 61.4 266.3 61.3 265.6 61.3 264.8
  61.2 264.0 61.1 263.2 61.0 262.4 60.8 261.5 60.7 260.7 60.6 259.8 60.5 258.9
  60.4 258.0 60.3 257.1 60.2 256.1 60.1 255.2 60.1 254.3 60.0 253.4 59.9 252.1
  59.7 250.9 59.7 249.6 59.6 248.4 59.5 247.1 59.4 245.9 59.4 244.8 59.3 243.6
  59.3 242.5 59.2 241.5 59.2 240.5 59.1 239.5 59.0 238.6 58.9 237.7 58.8 236.8
  58.7 236.0 58.5 235.2 58.4 234.4 58.3 233.6 58.1 232.8 57.9 232.1 57.8 231.4
  57.5 230.7 57.2 230.0 56.9 229.4 56.5 228.9 56.1 228.3 55.7 227.9 55.2 227.5
  54.8 227.0 54.3 226.6 53.8 226.2 53.4 225.7 52.9 225.2 52.3 224.7 51.8 224.2
  51.3 223.5 50.7 222.9 50.2 222.3
  12  7 87  0.0
  72.5 321.4 72.2 320.8 72.0 320.3 71.7 320.0 71.3 319.7 70.9 319.5 70.5 319.2
  70.0 319.0 69.5 318.9 69.0 318.8 68.5 318.7 68.1 318.6 67.5 318.4 67.1 318.5
  66.7 318.7 66.4 318.8 66.0 318.9 65.7 319.0 65.4 319.3 65.1 319.7 64.8 320.1
  64.5 320.4 64.2 320.8 63.9 321.2 63.7 321.7 63.4 322.2 63.1 322.6 62.8 323.1
  62.4 323.5 62.1 323.9 61.7 324.3 61.4 324.6 61.0 325.0 60.6 325.4 60.2 325.7
  59.8 326.1 59.4 326.3 59.0 326.5 58.5 326.7 58.1 327.0 57.6 327.2 57.2 327.4
  56.8 327.5 56.3 327.6 55.8 327.7 55.3 327.7 54.8 327.6 54.3 327.6 53.8 327.5
  53.2 327.2 52.7 327.0 52.1 326.7 51.5 326.4 51.0 326.0 50.5 325.6 50.0 325.1
  49.5 324.4 49.1 323.7 48.6 323.0 48.1 322.1 47.7 321.3 47.2 320.3 46.8 319.4
  46.3 318.3 45.9 317.3 45.4 316.2 45.0 315.0 44.7 313.7 44.3 312.4 44.0 311.1
  43.8 309.7 43.5 308.5 43.2 307.2 43.1 305.8 42.9 304.5 42.7 303.2 42.6 301.8
  42.4 300.5 42.2 299.2 42.1 298.0 42.0 296.7 41.9 295.5 41.9 294.2 41.9 292.9
  42.0 291.6 42.1 290.5 42.2 289.4 42.3 288.4 42.4 287.4 42.5 286.5 42.6 285.6
  42.8 284.7 42.9 283.8 43.1 282.9 43.2 282.0 43.4 281.1 43.6 280.2 43.7 279.3
  44.0 278.4 44.2 277.6 44.5 276.8 44.7 276.0 45.0 275.3 45.3 274.6 45.6 273.9
  46.0 273.3 46.4 272.7 46.8 272.1 47.2 271.6 47.6 271.1 48.1 270.7 48.6 270.4
  49.1 270.1 49.6 269.8 50.1 269.6 50.6 269.5 51.2 269.5 51.7 269.5 52.3 269.6
  52.9 269.8 53.5 270.1 54.1 270.4 54.7 270.9 55.2 271.4 55.8 272.0 56.4 272.6
  56.9 273.4 57.5 274.2 58.0 275.1 58.5 276.0 58.9 277.2 59.2 278.4 59.6 279.7
  59.9 281.1 60.0 282.5 60.2 283.7 60.3 284.8 60.3 285.9 60.3 286.9 60.2 287.8
  60.2 288.7 60.0 289.4 59.8 290.1 59.7 290.9 59.5 291.7 59.3 292.3 59.2 292.9
  59.0 293.4 58.8 293.9 58.6 294.2 58.4 294.6 58.3 294.9 58.1 295.1 57.8 295.3
  57.6 295.4 57.4 295.5 57.2 295.6 57.0 295.7 56.9 295.7 56.7 295.7 56.6 295.7
  56.5 295.6 56.4 295.5 56.3 295.4 56.3 295.2 56.3 295.0 56.4 294.7 56.4 294.4
  56.5 294.1 56.6 293.7 56.7 293.3 56.9 292.8 57.0 292.3 57.1 291.8 57.1 291.2
  57.1 290.7 57.2 290.0 57.2 289.4 57.3 288.7 57.4 288.0 57.5 287.2 57.5 286.4
  57.6 285.5 57.6 284.7 57.7 283.8 57.7 282.9 57.7 282.0 57.7 281.1 57.6 280.1
  57.6 279.1 57.6 278.0 57.6 277.0 57.5 275.9 57.6 274.8 57.6 273.6 57.6 272.5
  57.6 271.4 57.6 270.2 57.6 269.1 57.6 267.9 57.7 266.7 57.7 265.5 57.7 264.3
  57.8 263.1 57.9 261.9 58.0 260.7 58.1 259.5 58.2 258.3 58.3 257.2 58.4 256.1
  58.4 255.0 58.5 253.9 58.6 252.7 58.6 251.6 58.7 250.4 58.7 249.2 58.8 248.0
  58.9 246.8 58.9 245.6 59.0 244.5 59.1 243.3 59.2 242.2 59.2 241.0 59.3 239.9
  59.4 238.8 59.5 237.7 59.6 236.6 59.6 235.6 59.7 234.5 59.7 233.4 59.8 232.5
  59.8 231.5 59.7 230.6 59.6 229.8 59.5 229.0 59.4 228.3 59.3 227.6 59.0 226.9
  58.8 226.3 58.5 225.7 58.3 225.2
  12  8 87  0.0
  72.5 321.4 72.3 321.1 72.1 320.8 71.8 320.4 71.6 320.3 71.3 320.2 71.0 320.0
  70.6 319.9 70.2 319.8 69.7 319.7 69.2 319.5 68.6 319.4 68.0 319.3 67.4 319.1
  66.9 319.2 66.5 319.4 66.0 319.5 65.6 319.6 65.3 319.8 64.9 320.0 64.6 320.2
  64.3 320.4 63.9 320.6 63.6 320.7 63.3 320.8 63.0 320.9 62.7 321.0 62.3 321.1
  62.0 321.2 61.7 321.4 61.4 321.4 61.1 321.4 60.8 321.4 60.5 321.4 60.3 321.4
  60.1 321.4 59.9 321.4 59.8 321.1 59.6 320.8 59.4 320.6 59.2 320.5 59.0 320.3
  58.8 320.3 58.5 320.2 58.2 320.2 57.9 320.3 57.6 320.0 57.3 319.8 57.0 319.5
  56.7 319.3 56.3 319.1 56.0 318.9 55.6 318.4 55.2 317.9 54.8 317.4 54.4 316.9
  54.0 316.4 53.6 316.0 53.3 315.1 53.0 314.1 52.7 313.1 52.4 312.0 52.1 310.9
  52.0 309.8 52.0 308.8 51.9 307.4 52.0 306.2 52.2 305.3 52.4 304.4 52.7 303.6
  53.0 302.9 53.5 302.2 53.9 301.6 54.5 301.0 55.1 301.0 55.7 300.9 56.4 300.9
  57.1 301.4 57.7 301.9 58.3 302.5 58.9 303.4 59.5 304.5 59.7 305.7 59.8 307.1
  60.0 308.6 59.7 310.2 59.4 311.7 59.1 313.1 58.5 314.3 57.9 315.4 57.3 316.2
  56.5 317.0 55.7 317.7 55.0 318.0 54.2 318.4 53.3 318.8 52.5 318.6 51.7 318.5
  50.9 318.0 50.1 317.5 49.4 317.1 48.6 316.4 47.9 315.7 47.3 314.7 46.8 313.7
  46.2 312.7 45.7 311.7 45.3 310.5 44.9 309.2 44.5 308.0 44.0 306.9 43.6 305.8
  43.2 304.7 42.7 303.6 42.3 302.6 42.0 301.6 41.6 300.4 41.2 299.2 40.9 298.1
  40.6 297.0 40.3 295.9 40.2 294.8 40.0 293.8 39.8 292.6 39.6 291.4 39.5 290.3
  39.4 289.2 39.3 288.2 39.2 287.2 39.3 286.3 39.3 285.5 39.3 284.7 39.4 283.9
  39.6 283.2 39.8 282.5 40.0 281.8 40.2 281.2 40.3 280.6 40.4 280.0 40.5 279.4
  40.7 278.9 40.8 278.4 40.9 277.9 41.0 277.4 41.1 277.0 41.1 276.6 41.1 276.2
  41.1 275.8 41.4 275.4 41.6 275.1 41.9 274.7 42.1 274.4 42.2 274.1 42.4 273.9
  42.6 273.8 42.7 273.6 42.8 273.5 43.0 273.3 43.1 273.2 43.2 273.1 43.4 272.9
  43.5 272.7 43.6 272.6 43.8 272.4 44.0 272.2 44.1 272.0 44.3 272.0 44.7 271.9
  45.1 271.8 45.4 271.7 45.8 271.6 46.2 271.6 46.6 271.6 47.0 271.7 47.5 271.8
  47.9 271.9 48.3 272.0 48.7 272.2 49.0 272.3 49.3 272.5 49.6 272.6 49.9 272.8
  50.1 273.0 50.4 273.0 50.6 273.1 50.8 273.1 51.0 273.2 51.2 273.2 51.3 273.2
  51.5 273.2 51.6 273.1 51.8 273.1 51.9 273.1 52.0 273.0 52.1 272.7 52.2 272.4
  52.3 272.0 52.4 271.6 52.5 271.3 52.7 270.8 52.8 270.4 53.0 269.9 53.1 269.5
  53.1 268.9 53.2 268.4 53.2 267.8 53.4 267.3 53.5 266.7 53.7 266.2 53.8 265.7
  53.9 265.1 54.0 264.6 54.1 263.9 54.2 263.1 54.3 262.4 54.4 261.6 54.5 260.8
  54.5 260.0 54.6 259.1 54.7 258.3 54.8 257.5 54.9 256.7 55.0 255.8 55.1 255.0
  55.3 254.2 55.4 253.4 55.5 252.6 55.6 251.8 55.7 251.0 55.8 250.2 55.8 249.4
  55.9 248.6 55.9 247.7 56.0 246.9 56.1 245.9 56.1 244.9 56.2 243.9 56.2 242.9
  56.3 241.9 56.3 240.9 56.4 240.0
  12  9 87  0.0
  72.5 321.4 72.6 321.1 72.7 320.7 72.8 320.3 72.9 319.9 73.0 319.4 73.1 319.0
  73.1 318.5 73.2 317.9 73.2 317.4 73.3 316.7 73.3 316.1 73.3 315.4 73.3 314.7
  73.3 314.0 73.2 313.5 73.1 312.9 73.0 312.5 72.8 312.1 72.6 311.8 72.5 311.5
  72.3 311.3 72.1 311.1 71.8 310.9 71.6 310.9 71.4 310.9 71.1 310.9 70.9 310.9
  70.6 310.9 70.2 310.9 69.9 311.0 69.6 310.8 69.3 310.6 68.9 310.4 68.6 310.2
  68.2 310.0 67.8 309.9 67.4 309.5 67.1 309.1 66.7 308.7 66.3 308.4 66.0 308.1
  65.6 307.6 65.6 307.1 65.5 306.5 65.5 305.9 65.4 305.4 65.3 304.8 65.2 304.2
  65.1 303.6 65.3 303.0 65.4 302.3 65.5 301.5 65.5 300.8 65.6 300.0 65.8 299.1
  65.9 298.2 66.0 297.3 66.1 296.6 66.2 295.8 66.5 295.0 66.8 294.2 67.1 293.3
  67.3 292.3 67.5 291.3 67.9 290.3 68.3 289.2 68.7 288.4 69.1 287.5 69.6 286.7
  70.2 285.8 70.8 285.3 71.4 284.7 72.0 284.1 72.7 284.2 73.3 284.3 73.9 284.5
  74.4 284.8 75.1 285.8 75.6 287.0 76.2 288.5 76.6 290.7 77.1 293.2 77.3 296.0
  77.3 299.1 77.3 302.0 77.0 304.7 76.7 307.1 76.4 309.3 75.9 311.2 75.5 312.3
  75.1 313.3 74.6 314.3 74.0 315.2 73.4 316.1 73.0 316.3 72.5 316.5 71.9 316.7
  71.4 316.1 71.0 315.5 70.4 314.9 69.9 314.3 69.5 313.5 69.0 312.7 68.6 312.0
  68.2 311.2 67.9 310.5 67.6 309.9 67.4 309.3 67.2 308.7 66.9 308.2 66.7 307.6
  66.7 307.1 66.7 306.7 66.7 306.2 66.7 305.8 66.7 305.3 66.7 304.9 66.7 304.6
  66.8 304.2 66.8 303.9 66.9 303.5 67.1 303.2 67.2 302.9 67.3 302.5 67.4 302.2
  67.6 301.8 67.7 301.4 67.8 301.1 67.9 300.7 68.0 300.3 68.1 299.5 68.2 298.6
  68.3 297.7 68.4 296.8 68.6 296.0 68.7 295.2 68.8 294.4 68.9 293.6 69.1 292.8
  69.2 292.1 69.3 291.3 69.5 290.6 69.6 289.9 69.7 289.1 69.8 288.4 70.0 287.7
  70.1 286.9 70.2 286.1 70.3 285.2 70.4 284.3 70.6 283.4 70.6 282.5 70.7 281.6
  70.8 280.7 70.9 279.7 70.8 278.8 70.8 277.8 70.7 276.8 70.7 275.8 70.5 274.8
  70.5 273.7 70.4 272.7 70.3 271.6 70.1 270.5 70.0 269.5 69.8 268.5 69.7 267.5
  69.4 266.5 69.2 265.5 68.9 264.6 68.6 263.8 68.3 262.9 68.0 262.1 67.6 261.5
  67.3 260.9 67.0 260.4 66.6 259.8 66.2 259.3 65.7 258.8 65.3 258.4 64.9 258.0
  64.4 257.5 64.0 257.1 63.6 256.7 63.3 256.3 62.9 255.9 62.5 255.6 62.0 255.2
  61.6 254.8 61.1 254.5 60.7 254.3 60.3 254.0 59.9 253.7 59.6 253.5 59.3 253.2
  59.0 253.0 58.7 252.8 58.5 252.5 58.2 252.3 58.0 252.0 57.8 251.7 57.5 251.6
  57.1 251.4 56.8 251.2 56.4 251.0 56.1 250.8 55.8 250.6 55.6 250.5 55.3 250.3
  55.1 250.2 54.9 250.0 54.7 249.8 54.5 249.7 54.3 249.5 54.2 249.3 54.0 249.1
  53.9 248.9 53.8 248.7 53.7 248.6 53.6 248.4 53.6 248.3 53.5 248.1 53.5 247.9
  53.3 247.7 53.2 247.5 53.0 247.3 52.9 247.0 52.8 246.8 52.8 246.5 52.7 246.2
  52.7 245.9 52.6 245.7 52.6 245.4 52.6 245.0 52.6 244.7 52.6 244.4 52.6 244.0
  52.6 243.7 52.5 243.3 52.5 242.9
  12 10 87  0.0
  72.5 321.4 72.2 320.5 72.0 319.7 71.6 319.1 71.3 318.5 70.9 317.9 70.5 317.4
  70.2 316.9 69.8 316.4 69.5 315.9 69.1 315.5 68.8 315.0 68.4 314.5 68.1 314.0
  67.8 313.5 67.6 313.2 67.4 313.0 67.2 312.7 67.0 312.4 66.9 312.2 66.7 312.0
  66.7 311.7 66.7 311.5 66.7 311.3 66.8 311.1 66.9 310.9 66.9 310.8 67.0 310.6
  67.1 310.5 67.2 310.4 67.3 310.4 67.3 310.3 67.4 310.3 67.5 310.3 67.6 310.3
  67.7 310.3 67.8 310.4 67.9 310.4 67.9 310.5 68.0 310.4 68.1 310.4 68.1 310.3
  68.1 310.1 68.1 310.0 68.1 309.8 68.1 309.6 68.1 309.4 68.1 309.2 68.0 308.9
  68.0 308.6 67.9 308.0 68.0 307.4 68.1 306.8 68.1 306.4 68.1 305.9 68.2 305.4
  68.2 304.9 68.1 304.3 68.1 303.7 68.3 303.1 68.4 302.4 68.5 301.7 68.7 301.0
  68.7 300.3 68.8 299.7 69.1 299.0 69.3 298.3 69.5 297.6 69.7 296.9 69.9 296.2
  70.0 295.5 70.3 295.1 70.5 294.7 70.7 294.2 70.9 293.8 71.0 293.4 71.1 292.9
  71.2 292.4 71.3 291.9 71.6 291.4 71.9 290.9 72.2 290.4 72.5 290.5 72.8 290.6
  73.1 290.8 73.3 291.0 73.6 291.2 73.8 291.5 74.0 291.9 74.3 292.7 74.2 293.5
  74.0 294.4 73.9 295.2 73.8 295.6 73.7 296.0 73.3 296.4 72.8 296.7 72.4 297.0
  71.9 297.4 71.5 297.2 71.2 296.9 70.8 296.7 70.5 296.5 70.2 296.2 70.0 295.9
  70.0 295.1 70.0 294.2 70.0 293.3 70.1 293.0 70.2 292.7 70.3 292.3 70.4 292.0
  71.0 291.6 71.6 291.3 72.2 291.0 72.9 291.9 73.7 292.8 74.0 293.7 74.3 294.7
  74.7 296.9 74.8 299.1 74.9 301.4 74.8 303.7 74.7 305.8 74.4 307.7 74.1 309.4
  73.7 310.8 73.3 311.1 72.9 311.3 72.6 311.5 72.2 311.7 71.9 311.8 71.7 311.3
  71.5 310.7 71.2 310.2 71.0 309.8 70.8 309.3 70.6 308.9 70.4 308.4 70.3 308.0
  70.1 307.6 70.1 307.2 70.0 306.8 70.0 306.4 70.0 306.0 70.0 305.6 70.0 305.1
  70.1 304.6 70.1 304.1 70.1 303.5 70.2 302.8 70.3 302.1 70.4 301.3 70.5 300.5
  70.6 299.7 70.7 298.8 70.9 297.9 71.0 297.0 71.2 296.0 71.3 295.1 71.5 294.2
  71.7 293.3 71.9 292.4 72.0 291.5 72.3 290.9 72.5 290.4 72.7 289.8 72.9 289.2
  73.0 288.6 73.2 287.9 73.4 287.3 73.5 286.6 73.7 285.9 73.9 285.2 74.1 284.5
  74.3 284.1 74.5 283.7 74.7 283.2 74.9 282.7 75.1 282.1 75.3 281.5 75.5 280.9
  75.7 280.2 75.9 279.4 76.0 278.6 76.1 277.8 76.3 277.3 76.4 276.7 76.6 276.1
  76.8 275.4 77.0 274.7 77.2 273.9 77.3 273.0 77.5 272.0 77.7 271.0 77.9 270.0
  78.0 269.0 78.1 268.0 78.2 267.5 78.3 267.0 78.3 266.5 78.4 266.1 78.4 265.7
  78.4 265.4 78.3 265.1 78.3 264.8 78.2 264.6 78.2 264.3 78.1 264.1 77.9 263.8
  77.9 262.9 77.8 261.9 77.7 261.0 77.6 260.1 77.5 259.3 77.4 258.4 77.3 257.6
  77.2 256.8 77.0 256.0 76.9 255.4 76.7 254.8 76.6 254.2 76.4 253.8 76.3 253.4
  76.1 253.1 75.9 252.9 75.7 251.9 75.5 251.0 75.3 250.1 75.2 249.3 75.0 248.5
  74.9 247.7 74.7 246.9 74.6 246.2 74.4 245.6 74.2 245.1 74.1 244.5 73.9 244.1
  73.7 243.1 73.6 242.2 73.4 241.3
  12 11 87  0.0
  72.5 321.4 72.3 320.6 72.1 319.8 71.7 319.1 71.4 318.5 71.0 317.9 70.6 317.4
  70.1 316.9 69.6 316.4 69.1 315.8 68.5 315.3 67.9 314.7 67.4 314.0 66.8 313.2
  66.2 312.5 65.6 311.9 65.2 311.5 64.8 311.1 64.5 310.7 64.2 310.4 63.9 310.1
  63.7 310.2 63.5 310.4 63.3 310.6 63.1 310.9 63.0 311.2 62.8 311.6 62.7 311.9
  62.6 312.4 62.3 312.8 62.0 313.3 61.7 314.2 61.4 315.1 61.1 316.0 60.6 316.9
  60.1 317.8 59.6 318.7 59.0 319.6 58.4 320.5 57.8 321.3 57.1 322.2 56.5 322.9
  55.8 323.7 55.1 324.3 54.4 324.9 53.7 325.4 53.1 325.8 52.3 326.1 51.6 326.5
  50.9 326.7 50.2 327.0 49.6 327.3 49.0 327.5 48.5 327.7 48.0 327.8 47.5 327.9
  47.1 327.5 46.5 327.2 46.0 326.7 45.4 326.0 44.8 325.3 44.1 324.5 43.4 323.8
  43.0 322.9 42.5 322.0 42.0 321.0 41.5 320.0 41.2 318.9 41.0 317.8 40.7 316.7
  40.3 315.4 40.2 314.2 40.0 312.9 39.8 311.6 39.7 310.4 39.7 309.2 39.6 308.0
  39.5 306.8 39.6 305.6 39.6 304.5 39.7 303.3 39.8 302.1 39.9 300.9 40.1 299.8
  40.3 298.7 40.5 297.7 40.7 296.8 40.9 295.9 41.3 295.1 41.7 294.4 42.2 293.6
  42.6 293.1 43.1 292.6 43.7 292.2 44.3 291.7 44.8 291.5 45.3 291.2 45.9 291.0
  46.4 290.8 47.0 290.8 47.6 290.7 48.2 290.7 48.9 291.0 49.4 291.2 50.0 291.4
  50.6 291.9 51.1 292.5 51.8 293.1 52.3 293.7 52.8 294.5 53.3 295.3 53.7 296.2
  54.1 297.0 54.4 297.8 54.7 298.5 55.0 299.3 55.1 300.0 55.3 300.7 55.4 301.3
  55.4 301.8 55.5 302.2 55.5 302.5 55.5 302.8 55.6 303.0 55.7 303.1 55.9 303.2
  56.1 303.2 56.3 303.3 56.5 303.4 56.8 303.4 57.1 303.5 57.5 303.6 57.8 303.6
  58.2 303.7 58.6 304.2 58.9 304.7 59.2 305.3 59.4 306.1 59.6 307.0 59.8 308.0
  59.9 309.1 59.8 310.3 59.6 311.5 59.5 312.8 59.2 314.0 58.8 315.1 58.4 316.1
  57.9 317.0 57.3 317.5 56.6 317.9 55.9 318.4 55.2 318.5 54.4 318.5 53.7 318.5
  52.9 318.1 52.2 317.6 51.5 317.1 50.8 316.2 50.1 315.2 49.6 314.3 49.1 313.1
  48.6 311.8 48.4 310.6 48.2 309.4 48.0 308.2 47.8 307.1 47.8 305.9 47.7 304.7
  47.6 303.6 47.6 302.5 47.6 301.5 47.5 300.6 47.4 299.7 47.4 298.9 47.4 298.1
  47.3 297.3 47.3 296.5 47.2 295.8 47.3 295.1 47.4 294.3 47.5 293.6 47.6 292.9
  47.7 292.2 47.7 291.5 47.9 290.8 48.0 290.1 48.2 289.6 48.3 289.1 48.4 288.7
  48.5 288.2 48.7 287.8 48.8 287.4 48.9 287.1 49.0 286.7 49.1 286.4 49.2 286.1
  49.2 285.8 49.3 285.5 49.4 285.3 49.5 285.0 49.5 284.8 49.6 284.6 49.6 284.4
  49.7 284.2 49.7 284.0 49.7 283.9 49.7 283.7 49.7 283.6 49.6 283.4 49.6 283.2
  49.6 283.1 49.6 282.9 49.5 282.7 49.5 282.5 49.5 282.3 49.5 282.1 49.4 281.8
  49.4 281.6 49.4 281.4 49.4 281.1 49.4 280.9 49.4 280.6 49.4 280.3 49.5 280.0
  49.7 279.7 49.9 279.3 50.1 279.0 50.3 278.7 50.6 278.4 50.9 278.1 51.2 277.8
  51.5 277.6 51.9 277.5 52.2 277.3 52.6 277.4 52.9 277.5 53.3 277.5 53.7 277.6
  54.0 277.8 54.4 278.1 54.7 278.4
  12 12 87  0.0
  72.5 321.4 72.6 320.9 72.7 320.3 72.7 319.8 72.7 319.3 72.7 318.8 72.7 318.3
  72.6 317.8 72.6 317.3 72.5 316.9 72.4 316.4 72.2 316.0 72.0 315.5 71.7 315.6
  71.4 315.7 71.1 315.7 70.7 315.7 70.4 315.7 70.0 315.6 69.6 315.3 69.1 315.1
  68.7 314.8 68.2 314.5 67.7 314.2 67.2 313.7 66.7 313.2 66.2 312.6 65.7 312.1
  65.3 311.6 64.9 311.1 64.6 310.5 64.3 310.0 64.0 309.3 63.7 309.1 63.4 308.8
  63.2 308.5 63.0 308.2 62.8 307.8 62.7 307.5 62.7 307.2 62.7 307.0 62.7 306.7
  62.7 306.5 62.7 306.3 62.8 306.1 62.8 305.9 62.9 305.8 63.0 305.7 63.0 305.7
  63.1 305.7 63.2 305.7 63.3 305.7 63.4 305.8 63.5 305.9 63.5 306.0 63.6 306.1
  63.7 306.3 63.8 306.6 63.9 306.8 64.0 307.2 64.1 307.5 64.2 307.5 64.3 307.4
  64.4 307.4 64.5 307.3 64.6 307.3 64.7 307.3 64.9 307.3 65.0 307.3 65.2 307.3
  65.3 307.3 65.5 307.4 65.7 307.4 65.9 307.5 66.1 307.6 66.3 307.4 66.5 307.3
  66.7 307.1 66.9 307.0 67.1 306.9 67.3 306.8 67.5 306.7 67.7 306.6 67.8 306.6
  68.0 306.5 68.2 306.3 68.4 306.0 68.5 305.7 68.6 305.3 68.8 304.9 68.9 304.4
  69.0 303.8 69.1 303.2 69.3 302.6 69.5 301.8 69.7 301.0 69.8 300.1 70.0 299.2
  70.3 298.6 70.5 297.9 70.7 297.3 70.9 296.6 71.1 295.8 71.3 295.0 71.5 294.2
  71.8 293.4 72.0 292.5 72.2 291.6 72.5 291.3 72.8 290.9 73.1 290.6 73.4 290.3
  73.7 289.9 73.9 289.6 74.1 289.2 74.4 289.4 74.6 289.6 74.8 289.9 75.0 290.1
  75.1 290.4 75.2 290.7 75.4 291.1 75.5 291.5 75.6 291.9 75.7 292.4 75.6 292.9
  75.6 293.4 75.5 294.0 75.5 294.5 75.4 295.1 75.4 295.7 75.3 296.3 75.0 296.8
  74.6 297.4 74.3 298.0 73.9 298.6 73.6 299.0 73.3 299.4 72.9 299.8 72.5 300.1
  71.9 300.5 71.4 300.5 70.8 300.4 70.2 300.4 69.5 300.3 69.0 299.7 68.6 299.2
  68.3 298.6 68.1 297.9 67.8 297.3 67.6 296.4 67.3 295.4 67.4 294.5 67.5 293.5
  67.6 292.5 67.6 291.5 68.0 290.4 68.4 289.6 68.9 288.7 69.3 288.0 70.0 287.2
  70.8 287.0 71.6 286.8 72.3 286.6 73.2 287.4 74.0 288.2 74.7 289.0 75.4 291.0
  76.0 293.2 76.4 295.6 76.9 298.7 77.0 301.5 76.9 304.3 76.8 306.8 76.7 309.1
  76.5 311.0 76.3 312.7 76.0 314.1 75.7 315.0 75.5 315.7 75.2 316.3 75.0 316.8
  74.7 317.3 74.5 317.7 74.2 318.0 74.0 318.3 73.8 318.1 73.5 317.8 73.3 317.6
  73.1 317.4 73.0 317.1 72.8 316.9 72.6 316.7 72.4 316.5 72.3 316.2 72.1 316.0
  71.9 315.7 71.8 315.1 71.6 314.6 71.5 314.0 71.4 313.4 71.2 312.7 71.1 312.0
  71.0 311.3 71.0 310.5 70.9 309.6 70.8 308.8 70.7 308.0 70.6 307.3 70.6 306.5
  70.6 305.8 70.6 305.0 70.6 304.3 70.6 303.6 70.7 302.8 70.8 302.1 70.9 301.4
  70.9 300.7 71.0 300.0 71.2 299.3 71.3 298.5 71.4 297.8 71.6 297.0 71.7 296.3
  71.9 295.5 72.1 294.7 72.3 294.0 72.5 293.2 72.7 292.3 72.9 291.5 73.1 290.5
  73.3 289.6 73.5 288.6 73.7 287.5 73.8 286.4 73.9 285.2 74.1 283.9 74.2 282.8
  74.3 281.7 74.4 280.5 74.5 279.1
  12 13 87  0.0
  72.5 321.4 72.3 321.2 72.2 320.9 72.1 320.6 72.0 320.3 71.9 319.9 71.8 319.5
  71.7 319.2 71.7 318.8 71.6 318.5 71.6 318.2 71.6 317.9 71.6 317.6 71.6 317.4
  71.6 317.2 71.7 317.1 71.7 317.0 71.8 316.9 71.8 316.9 71.9 316.9 71.9 316.9
  72.0 317.0 72.0 317.1 72.1 316.6 72.1 316.2 72.2 315.8 72.2 315.4 72.2 315.1
  72.1 314.7 72.0 314.4 71.9 314.1 71.8 314.4 71.6 314.6 71.4 314.8 71.2 314.9
  70.9 315.1 70.6 315.2 70.3 315.3 69.9 315.3 69.6 315.2 69.2 315.0 68.8 314.9
  68.4 314.7 68.0 314.5 67.5 313.9 67.1 313.4 66.6 312.9 66.2 312.4 65.7 311.9
  65.3 311.4 65.0 310.9 64.7 310.4 64.4 309.8 64.2 309.2 63.9 308.6 63.6 308.2
  63.4 307.9 63.3 307.5 63.3 307.0 63.2 306.6 63.1 306.1 63.1 305.7 63.0 305.2
  62.9 304.7 62.9 304.2 62.9 303.8 63.1 303.3 63.2 302.9 63.4 302.5 63.5 302.0
  63.7 301.6 63.9 301.2 64.0 300.8 64.1 300.3 64.3 299.6 64.5 298.9 64.6 298.1
  64.8 297.3 65.0 296.4 65.1 295.5 65.2 294.6 65.3 293.6 65.4 292.6 65.5 291.6
  65.6 290.5 65.7 289.4 65.7 288.3 65.8 287.3 65.9 286.2 66.0 285.3 66.1 284.2
  66.2 283.1 66.3 282.0 66.3 280.9 66.4 279.8 66.4 278.7 66.5 277.7 66.6 276.7
  66.7 275.7 66.7 274.8 66.7 273.9 66.7 273.0 66.7 272.2 66.7 271.4 66.7 270.6
  66.6 269.8 66.6 269.0 66.5 268.3 66.5 267.6 66.4 266.8 66.3 266.1 66.2 265.5
  66.2 264.8 66.1 264.2 66.0 263.6 65.9 263.0 65.7 262.5 65.6 262.1 65.4 261.6
  65.3 261.2 65.2 260.7 65.1 260.2 65.0 259.8 64.8 259.3 64.7 258.9 64.5 258.4
  64.4 257.9 64.2 257.5 64.1 257.0 64.0 256.5 63.9 256.2 63.8 255.9 63.6 255.5
  63.4 255.1 63.2 254.7 63.0 254.4 62.8 254.0 62.6 253.6 62.4 253.2 62.3 252.8
  62.1 252.4 61.9 251.9 61.7 251.5 61.5 251.1 61.2 250.6 61.0 250.1 60.7 249.6
  60.5 249.2 60.2 248.7 59.9 248.3 59.7 248.0 59.4 247.7 59.1 247.3 58.8 247.0
  58.4 246.7 58.1 246.4 57.7 246.1 57.4 245.8 57.1 245.5 56.8 245.2 56.5 244.9
  56.2 244.6 55.9 244.3 55.7 243.9 55.4 243.6 55.1 243.2 54.7 242.8 54.4 242.5
  54.0 242.1 53.6 241.7 53.3 241.3 52.9 240.9 52.6 240.6 52.2 240.2 51.9 239.8
  51.3 239.5 50.8 239.1 50.2 238.7 49.7 238.4 49.2 238.0 48.7 237.6 48.2 237.3
  47.7 236.9 47.3 236.5 46.8 236.0 46.4 235.6 45.9 235.2 45.4 234.7 44.9 234.2
  44.5 233.7 44.2 233.2 43.8 232.7 43.5 232.2 43.3 231.7 43.0 231.2 42.7 230.7
  42.5 230.2 42.2 229.7 42.0 229.2 41.8 228.8 41.6 228.3 41.4 227.9 41.2 227.4
  41.1 227.0 41.0 226.5 41.0 226.1 40.9 225.7 40.9 225.2 40.8 224.8 40.8 224.3
  40.7 223.9 40.6 223.4 40.6 223.0 40.6 222.6 40.6 222.2 40.6 221.9 40.7 221.6
  40.8 221.3 40.9 221.0 41.0 220.6 41.0 220.3 41.1 220.0 41.2 219.6 41.3 219.2
  41.4 218.8 41.5 218.4 41.6 218.0 41.6 217.6 41.7 217.1 41.8 216.7 41.9 216.2
  42.0 215.7 42.2 215.1 42.4 214.6 42.6 214.1 42.8 213.5 43.1 212.9 43.3 212.4
  43.6 211.8 43.9 211.2 44.2 210.6
  12 14 87  0.0
  72.5 321.4 72.5 320.9 72.5 320.4 72.4 319.8 72.3 319.3 72.2 318.7 72.0 318.2
  71.9 317.6 71.8 316.9 71.7 316.2 71.6 315.5 71.5 314.8 71.3 314.1 71.2 313.5
  71.1 312.9 70.9 312.5 70.7 312.1 70.5 311.8 70.4 311.6 70.3 311.4 70.2 311.3
  70.1 311.2 70.0 311.2 69.9 311.3 69.8 311.2 69.8 311.2 69.7 311.2 69.6 311.3
  69.6 311.4 69.5 311.6 69.5 311.7 69.5 311.9 69.4 312.2 69.2 312.4 69.0 312.7
  68.8 312.9 68.6 313.2 68.3 313.5 68.1 313.8 67.8 314.0 67.5 314.2 67.3 314.3
  67.0 314.4 66.7 314.5 66.5 314.6 66.2 314.6 65.9 314.6 65.6 314.5 65.4 314.4
  65.1 314.3 64.8 314.1 64.6 313.8 64.3 313.6 64.0 313.3 63.8 312.9 63.5 312.6
  63.3 312.2 63.1 311.7 63.0 311.2 62.8 310.6 62.7 310.0 62.6 309.3 62.5 308.6
  62.4 308.0 62.5 307.3 62.6 306.6 62.7 305.9 62.8 305.2 62.8 304.5 62.9 303.9
  63.2 303.2 63.5 302.5 63.8 301.9 64.1 301.2 64.4 300.5 64.7 299.7 65.0 298.9
  65.4 298.1 65.7 297.4 66.1 296.6 66.4 295.9 66.9 295.2 67.3 294.5 67.8 293.9
  68.2 293.3 68.7 292.7 69.2 292.1 69.6 291.6 70.0 291.0 70.5 290.6 71.0 290.3
  71.5 290.0 71.9 289.7 72.4 289.4 72.8 289.3 73.3 289.3 73.7 289.3 74.1 289.2
  74.6 289.6 75.0 289.9 75.4 290.4 75.7 290.9 76.1 291.5 76.5 292.2 76.8 292.9
  77.0 293.7 77.3 294.5 77.6 295.4 77.9 296.2 78.1 297.1 78.3 298.0 78.5 298.9
  78.7 299.8 78.9 300.6 79.0 301.5 79.1 302.3 79.2 303.1 79.3 303.9 79.5 304.7
  79.6 305.4 79.7 306.1 79.9 306.8 80.0 307.4 80.1 307.9 80.3 308.7 80.4 309.4
  80.6 310.1 80.7 310.8 80.9 311.6 81.0 312.3 81.2 313.1 81.3 313.8 81.4 314.5
  81.5 315.3 81.6 316.0 81.7 316.6 81.7 317.2 81.8 317.7 81.8 318.2 81.8 318.5
  81.9 318.8 81.9 318.9 81.9 319.0 81.9 318.9 81.9 318.8 81.9 318.5 81.8 318.3
  81.8 318.0 81.8 317.7 81.8 317.3 81.7 317.0 81.7 316.6 81.7 316.2 81.6 315.9
  81.6 315.5 81.5 315.1 81.5 314.7 81.4 314.3 81.3 313.9 81.2 313.5 81.2 313.1
  81.1 312.7 81.0 312.3 80.9 311.9 80.8 311.4 80.7 311.0 80.6 310.6 80.4 310.1
  80.3 309.7 80.2 309.2 80.0 308.8 79.9 308.3 79.7 307.9 79.5 307.6 79.4 307.2
  79.2 306.7 79.0 306.3 78.7 305.8 78.5 305.3 78.2 304.8 77.9 304.3 77.7 304.4
  77.4 304.6 77.0 304.8 76.6 305.0 76.1 305.3 75.6 305.6 75.1 305.8 74.5 306.0
  73.8 306.1 73.2 306.2 72.4 306.3 71.7 306.3 70.9 306.2 70.2 306.0 69.5 305.9
  68.8 305.4 68.2 304.8 67.5 304.3 67.0 303.6 66.6 302.9 66.2 302.1 65.9 301.3
  65.6 300.6 65.3 299.9 65.2 299.1 65.0 298.4 64.9 297.6 64.8 296.9 64.7 296.1
  64.7 295.3 64.8 294.6 65.0 293.9 65.1 293.1 65.3 292.5 65.4 291.8 65.7 291.2
  66.1 290.6 66.4 290.0 66.8 289.4 67.1 288.9 67.5 288.4 67.9 288.0 68.3 287.6
  68.8 287.4 69.3 287.2 69.8 287.1 70.3 287.0 70.9 287.2 71.4 287.5 72.0 287.7
  72.5 287.8 73.1 288.0 73.7 288.2 74.3 288.4 74.9 289.1 75.5 289.9 76.0 290.7
  76.6 291.9 77.1 293.2 77.5 294.6
  12 15 87  0.0
  72.5 321.4 72.4 320.8 72.3 320.2 72.2 319.7 72.1 319.1 71.9 318.6 71.7 318.2
  71.6 317.7 71.3 317.3 71.1 317.0 70.8 316.6 70.5 316.3 70.2 316.0 69.8 315.7
  69.4 315.4 69.1 315.1 68.7 314.7 68.2 314.4 67.8 314.1 67.4 313.8 67.0 313.5
  66.5 313.2 66.1 313.0 65.6 312.7 65.1 312.7 64.7 312.6 64.3 312.7 63.8 312.7
  63.5 312.9 63.1 313.2 62.7 313.5 62.3 313.8 62.0 314.1 61.7 314.3 61.3 314.4
  61.0 314.6 60.7 314.7 60.4 314.9 60.0 315.1 59.7 315.4 59.5 315.3 59.2 315.4
  59.0 315.4 58.8 315.4 58.6 315.5 58.4 315.6 58.3 315.8 58.2 315.9 58.0 316.1
  58.0 316.3 57.9 316.3 57.8 316.3 57.8 316.4 57.8 316.4 57.7 316.5 57.7 316.5
  57.7 316.6 57.7 316.8 57.6 316.9 57.6 317.1 57.6 317.3 57.6 317.5 57.6 317.7
  57.7 317.9 57.7 318.2 57.7 318.5 57.7 318.8 57.7 319.1 57.7 319.4 57.8 319.7
  57.8 320.1 57.8 320.5 57.8 320.9 57.7 321.3 57.7 321.7 57.7 322.2 57.7 322.7
  57.7 323.3 57.6 323.9 57.6 324.5 57.5 325.2 57.4 325.9 57.3 326.7 57.1 327.6
  57.0 328.6 56.8 329.6 56.7 330.6 56.5 331.7 56.2 332.7 56.0 333.7 55.7 334.7
  55.4 335.6 55.1 336.6 54.8 337.6 54.5 338.5 54.2 339.5 53.9 340.5 53.6 341.5
  53.3 342.4 53.0 343.3 52.6 344.2 52.3 345.0 52.0 345.7 51.7 346.4 51.4 347.1
  51.1 347.7 50.8 348.4 50.6 349.0 50.4 349.5 50.2 350.1 50.0 350.6 49.8 351.0
  49.6 351.4 49.5 351.8 49.3 352.2 49.3 352.5 49.3 352.8 49.3 353.2 49.4 353.5
  49.4 353.8 49.5 354.2 49.6 354.5 49.7 354.8 49.8 355.2 49.9 355.5 50.0 355.9
  50.1 356.3 50.2 356.6 50.3 357.0 50.5 357.3 50.6 357.7 50.7 358.1 50.9 358.4
  51.0 358.8 51.1 359.2 51.2 359.5 51.3 359.9 51.5   0.3 51.6   0.5 51.7   0.8
  51.8   1.0 51.9   1.3 52.0   1.5 52.2   1.7 52.3   1.8 52.4   2.0 52.5   2.2
  52.6   2.3 52.8   2.4 52.9   2.6 53.1   2.7 53.3   2.8 53.4   2.9 53.6   3.0
  53.8   3.1 54.1   3.2 54.3   3.1 54.5   3.1 54.8   3.1 55.0   3.1 55.3   3.1
  55.5   3.0 55.8   3.0 56.1   2.9 56.4   2.9 56.7   2.8 57.0   2.7 57.3   2.6
  57.6   2.5 57.9   2.4 58.2   2.3 58.6   2.2 58.9   2.1 59.3   2.0 59.6   1.9
  60.0   1.8 60.3   1.7 60.7   1.6 61.1   1.5 61.4   1.4 61.8   1.3 62.2   1.2
  62.6   1.1 62.9   1.0 63.3   0.9 63.6   0.8 64.0   0.7 64.3   0.6 64.7   0.4
  65.0   0.3 65.3   0.1 65.6 360.0 66.0 359.6 66.3 359.3 66.7 358.9 67.0 358.5
  67.3 358.1 67.6 357.7 67.9 357.3 68.2 356.9 68.5 356.4 68.8 355.9 69.0 355.3
  69.3 354.8 69.5 354.2 69.7 353.6 70.0 353.0 70.2 352.5 70.5 352.0 70.8 351.5
  71.1 351.0 71.4 350.4 71.7 349.9 72.0 349.3 72.2 348.7 72.5 348.2 72.8 347.5
  73.0 346.9 73.2 346.2 73.5 345.6 73.7 344.9 73.9 344.2 74.2 343.5 74.4 343.1
  74.7 342.7 74.9 342.4 75.2 342.0 75.4 341.7 75.7 341.5 75.9 341.2 76.2 341.0
  76.5 341.0 76.7 341.1 77.0 341.2 77.3 341.4 77.6 341.6 77.9 341.9 78.2 342.3
  78.6 342.8 79.0 343.5 79.4 344.3
  12 16 87  0.0
  72.5 321.4 72.5 321.3 72.5 321.3 72.5 321.2 72.5 321.2 72.5 321.1 72.5 321.0
  72.5 321.0 72.5 320.9 72.6 320.8 72.6 320.8 72.7 320.7 72.8 320.6 72.8 320.5
  72.9 320.4 72.9 320.2 73.0 320.0 73.0 319.8 73.0 319.5 73.0 319.2 73.0 318.8
  73.0 318.5 72.9 318.0 72.9 317.6 72.8 317.1 72.7 316.7 72.6 316.2 72.5 315.8
  72.4 315.4 72.2 315.0 72.0 314.7 71.8 314.4 71.6 314.2 71.4 314.0 71.1 313.8
  70.8 313.7 70.5 313.5 70.1 313.4 69.7 313.2 69.3 313.0 68.9 312.8 68.5 312.5
  68.1 312.3 67.7 312.1 67.2 311.9 66.9 311.6 66.5 311.4 66.1 311.2 65.7 311.0
  65.3 311.0 64.9 311.1 64.5 311.1 64.1 311.2 63.7 311.4 63.4 311.6 63.0 311.9
  62.7 312.2 62.3 312.6 62.0 313.0 61.6 313.1 61.3 313.3 61.0 313.5 60.7 313.7
  60.4 313.9 60.1 314.1 59.8 314.4 59.5 314.4 59.3 314.4 59.1 314.4 58.9 314.5
  58.7 314.6 58.6 314.7 58.4 314.8 58.3 314.9 58.2 315.1 58.1 315.2 58.1 315.4
  58.0 315.6 58.0 315.7 58.0 315.8 57.9 315.9 57.9 316.0 57.9 316.1 57.9 316.2
  57.9 316.4 57.9 316.6 57.9 316.8 57.9 317.0 57.9 317.2 57.9 317.5 57.9 317.8
  58.0 318.0 58.0 318.3 58.0 318.7 58.0 319.0 58.0 319.4 58.1 319.8 58.1 320.3
  58.1 320.7 58.0 321.3 58.0 321.8 58.0 322.4 57.9 322.9 57.9 323.6 57.8 324.2
  57.7 324.9 57.6 325.7 57.5 326.6 57.4 327.5 57.2 328.4 57.0 329.5 56.8 330.5
  56.6 331.5 56.4 332.5 56.1 333.4 55.8 334.4 55.5 335.4 55.2 336.4 54.9 337.3
  54.6 338.3 54.4 339.3 54.1 340.3 53.8 341.2 53.5 342.2 53.1 343.1 52.8 343.9
  52.4 344.7 52.1 345.4 51.8 346.2 51.5 346.8 51.3 347.5 51.0 348.1 50.8 348.7
  50.6 349.3 50.4 349.9 50.2 350.4 50.1 350.9 49.9 351.4 49.8 351.7 49.6 352.1
  49.6 352.4 49.7 352.7 49.7 353.1 49.8 353.4 49.8 353.7 49.9 354.0 50.0 354.4
  50.1 354.7 50.2 355.1 50.3 355.5 50.4 355.9 50.5 356.2 50.6 356.6 50.7 356.9
  50.8 357.3 51.0 357.7 51.1 358.0 51.2 358.4 51.3 358.8 51.5 359.1 51.6 359.5
  51.7 359.9 51.8   0.3 51.9   0.5 52.0   0.7 52.1   0.9 52.3   1.1 52.4   1.2
  52.5   1.4 52.6   1.6 52.7   1.7 52.9   1.9 53.0   2.0 53.2   2.1 53.3   2.3
  53.5   2.4 53.7   2.5 53.9   2.6 54.1   2.7 54.3   2.6 54.5   2.6 54.8   2.6
  55.0   2.6 55.3   2.6 55.5   2.5 55.8   2.5 56.0   2.5 56.3   2.4 56.6   2.3
  56.9   2.2 57.2   2.1 57.5   2.0 57.8   1.9 58.2   1.8 58.5   1.7 58.8   1.6
  59.2   1.5 59.5   1.4 59.8   1.3 60.2   1.2 60.6   1.1 60.9   1.0 61.3   0.9
  61.7   0.8 62.0   0.7 62.4   0.6 62.8   0.4 63.1   0.3 63.5   0.2 63.8   0.1
  64.2 359.9 64.5 359.6 64.8 359.3 65.1 358.9 65.4 358.5 65.7 358.1 66.1 357.7
  66.4 357.3 66.8 356.8 67.1 356.4 67.4 355.9 67.7 355.5 68.0 355.0 68.2 354.5
  68.5 353.9 68.7 353.3 69.0 352.7 69.2 352.1 69.4 351.5 69.7 350.8 69.9 350.1
  70.2 349.5 70.5 348.8 70.8 348.1 71.1 347.3 71.3 346.5 71.6 345.7 71.8 344.8
  72.0 343.8 72.2 343.0 72.4 342.1
  12 17 87  0.0
  72.5 321.4 72.3 321.1 72.2 320.9 72.0 320.6 71.8 320.2 71.7 319.8 71.5 319.4
  71.3 319.0 71.1 318.7 70.9 318.3 70.7 318.0 70.5 317.7 70.3 317.4 70.2 317.2
  70.0 316.9 69.8 316.6 69.7 316.3 69.5 316.0 69.4 315.8 69.3 315.6 69.3 315.5
  69.2 315.4 69.1 315.3 69.1 315.3 69.1 315.3 69.0 315.3 69.0 315.4 69.0 315.4
  68.9 315.4 68.9 315.5 68.9 315.5 68.8 315.6 68.8 315.7 68.8 315.7 68.7 315.8
  68.7 315.9 68.7 316.0 68.6 316.0 68.5 316.1 68.4 316.1 68.3 316.1 68.1 316.0
  68.0 315.9 67.8 315.8 67.7 315.6 67.5 315.4 67.3 315.2 67.1 315.0 66.9 314.7
  66.6 314.4 66.4 314.1 66.1 313.8 65.8 313.5 65.5 313.3 65.2 313.1 64.9 312.9
  64.6 312.7 64.2 312.5 63.9 312.2 63.5 312.0 63.3 311.7 63.0 311.4 62.7 311.1
  62.4 310.9 62.0 310.7 61.7 310.6 61.4 310.3 61.1 310.1 60.8 309.9 60.5 309.7
  60.2 309.5 60.0 309.3 59.7 309.0 59.5 308.6 59.2 308.2 59.0 307.9 59.0 307.5
  59.0 307.1 59.0 306.8 59.0 306.4 59.1 306.1 59.1 305.7 59.2 305.4 59.2 305.1
  59.3 304.8 59.4 304.5 59.5 304.3 59.6 304.0 60.0 303.7 60.3 303.4 60.7 303.3
  61.0 303.2 61.4 303.1 61.8 303.0 62.2 302.9 62.6 303.1 63.1 303.3 63.5 303.6
  63.9 303.8 64.3 304.0 64.4 304.4 64.4 304.9 64.5 305.3 64.6 305.7 64.7 306.1
  64.8 306.4 65.0 306.8 65.2 307.1 65.4 307.4 65.6 307.7 65.9 307.9 66.2 308.1
  66.0 308.6 65.8 308.7 65.6 308.8 65.5 308.9 65.4 308.9 65.2 308.9 65.1 308.8
  65.0 308.8 64.8 308.7 64.7 308.5 64.6 308.3 64.5 308.1 64.3 307.8 64.5 307.4
  64.7 307.1 64.8 306.7 65.0 306.2 65.1 305.7 65.3 305.2 65.5 304.6 65.6 304.0
  66.0 303.3 66.5 302.9 66.9 302.5 67.3 302.0 67.7 301.5 68.0 300.9 68.3 300.3
  68.6 299.9 69.2 299.5 69.7 299.1 70.2 298.6 70.8 298.6 71.3 298.5 71.7 298.5
  72.1 298.5 72.5 298.7 72.9 299.0 73.2 299.2 73.5 299.5 73.8 299.8 74.0 300.2
  74.1 300.6 74.1 301.0 74.2 301.4 74.2 301.9 74.2 302.3 74.2 302.8 74.2 303.2
  74.1 303.6 74.1 304.0 73.8 304.4 73.6 304.6 73.3 304.7 73.0 304.8 72.7 304.9
  72.3 304.9 72.0 304.9 71.6 304.7 71.3 304.4 70.9 304.2 70.6 303.9 70.5 303.6
  70.4 303.3 70.3 302.9 70.1 302.6 70.0 302.2 69.9 301.8 69.8 301.1 69.7 300.5
  69.6 299.8 69.5 299.1 69.5 298.3 69.4 297.6 69.4 296.9 69.3 296.1 69.3 295.3
  69.3 294.4 69.2 293.6 69.2 292.7 69.2 291.8 69.1 290.8 69.0 289.9 69.0 288.9
  68.9 288.0 68.8 287.0 68.8 286.1 68.8 285.1 68.7 284.2 68.7 283.2 68.6 282.3
  68.6 281.4 68.5 280.4 68.4 279.5 68.4 278.6 68.3 277.7 68.3 276.8 68.2 276.0
  68.2 275.1 68.1 274.2 68.1 273.4 68.0 272.5 68.0 271.7 68.0 271.1 67.9 270.4
  67.9 269.7 67.9 269.1 67.9 268.4 67.9 267.8 67.8 267.2 67.8 266.6 67.8 266.0
  67.8 265.4 67.7 264.8 67.7 264.2 67.7 263.6 67.7 263.0 67.6 262.4 67.5 261.9
  67.5 261.3 67.4 260.8 67.4 260.2 67.3 259.7 67.3 259.1 67.2 258.6 67.2 258.1
  67.2 257.6 67.1 257.2 67.1 256.7
  12 18 87  0.0
  72.5 321.4 72.4 320.7 72.3 320.1 72.1 319.5 71.9 318.9 71.8 318.3 71.6 317.8
  71.4 317.3 71.2 316.8 70.9 316.4 70.7 316.0 70.4 315.6 70.1 315.3 69.8 315.0
  69.6 314.7 69.3 314.4 69.0 314.1 68.8 313.8 68.5 313.5 68.2 313.1 68.0 312.8
  67.7 312.5 67.5 312.2 67.3 311.9 67.2 311.5 67.1 311.1 67.0 310.8 66.9 310.4
  66.9 310.1 66.8 309.7 66.8 309.4 66.8 309.1 66.7 308.7 66.7 308.4 66.7 308.1
  66.7 307.9 67.0 307.6 67.2 307.3 67.5 307.0 67.7 306.8 67.9 306.5 68.2 306.3
  68.5 306.1 68.7 305.8 69.0 305.6 69.2 305.5 69.4 305.3 69.7 305.1 69.9 305.0
  70.1 304.8 70.4 304.8 70.6 304.7 70.8 304.6 71.0 304.5 71.1 304.4 71.3 304.3
  71.5 304.3 71.6 304.2 71.7 304.2 71.9 304.1 72.0 304.1 72.1 304.1 72.2 303.9
  72.3 303.6 72.4 303.4 72.5 303.1 72.7 302.8 72.8 302.5 72.9 302.2 73.1 301.9
  73.2 301.5 73.3 301.2 73.5 300.8 73.6 300.4 73.8 300.0 73.9 299.6 74.1 299.2
  74.2 298.8 74.4 298.5 74.5 298.1 74.7 297.8 74.8 297.6 74.9 297.3 75.0 297.1
  75.1 296.9 75.2 296.7 75.3 296.5 75.4 296.4 75.4 296.2 75.5 296.0 75.6 295.8
  75.6 295.5 75.7 295.3 75.8 295.0 75.8 294.8 75.9 294.5 75.9 294.2 76.0 293.9
  76.0 293.5 76.0 293.1 76.1 292.8 76.1 292.4 76.1 291.9 76.1 291.5 76.2 291.0
  76.2 290.5 76.2 290.0 76.3 289.4 76.3 288.9 76.3 288.3 76.3 287.7 76.3 287.0
  76.3 286.4 76.4 285.6 76.4 284.9 76.4 284.0 76.4 283.2 76.4 282.3 76.4 281.3
  76.3 280.2 76.3 279.1 76.2 278.0 76.2 276.8 76.1 275.6 76.0 274.4 76.0 273.2
  75.9 271.6 75.8 270.0 75.8 268.4 75.7 266.8 75.7 265.2 75.6 263.6 75.5 262.0
  75.5 260.5 75.4 259.0 75.3 257.5 75.2 256.1 75.1 254.7 75.0 253.3 74.8 252.0
  74.7 250.7 74.5 249.5 74.4 248.3 74.2 247.2 73.9 246.2 73.7 244.9 73.5 243.7
  73.3 242.5 73.1 241.3 72.9 240.2 72.7 239.1 72.5 238.1 72.3 237.0 72.1 236.1
  71.9 235.1 71.7 234.2 71.5 233.3 71.3 232.4 71.1 231.6 70.9 230.8 70.8 230.0
  70.6 229.2 70.4 228.5 70.2 227.7 70.1 227.0 70.0 226.4 69.9 225.8 69.8 225.2
  69.6 224.6 69.5 224.0 69.5 223.5 69.4 223.0 69.4 222.6 69.3 222.2 69.3 221.9
  69.2 221.7 69.2 221.5 69.1 221.4 69.1 221.4 69.0 221.4 69.0 221.4 68.9 221.5
  68.9 221.6 68.8 221.8 68.8 222.0 68.7 222.2 68.6 222.4 68.6 222.6 68.5 222.9
  68.4 223.2 68.3 223.5 68.2 223.8 68.1 224.1 68.0 224.5 67.8 224.5 67.7 224.5
  67.6 224.6 67.4 224.7 67.3 224.8 67.1 225.0 66.9 225.2 66.8 225.4 66.6 225.6
  66.4 225.9 66.2 226.2 65.9 226.5 65.7 226.4 65.5 226.5 65.3 226.5 65.0 226.6
  64.8 226.7 64.5 226.9 64.2 227.1 63.9 227.3 63.6 227.6 63.3 227.9 62.9 228.3
  62.5 228.7 62.1 229.0 61.7 229.3 61.3 229.4 60.9 229.6 60.5 229.7 60.1 229.9
  59.6 230.0 59.2 230.3 58.7 230.6 58.3 230.9 57.7 231.3 57.2 231.8 56.6 232.1
  56.0 232.4 55.4 232.7 54.8 232.9 54.1 233.1 53.3 233.3 52.6 233.4 51.9 233.5
  51.1 233.5 50.2 233.5 49.3 233.5
  12 19 87  0.0
  72.5 321.4 72.3 320.7 72.2 320.0 72.0 319.4 71.7 318.9 71.5 318.4 71.2 317.9
  70.9 317.4 70.6 316.9 70.3 316.5 70.0 316.0 69.7 315.6 69.3 315.2 68.9 314.7
  68.6 314.3 68.2 313.9 67.9 313.5 67.6 313.3 67.3 313.0 67.1 312.8 66.9 312.5
  66.7 312.3 66.5 312.0 66.4 311.7 66.3 311.4 66.2 311.1 66.1 310.8 66.1 310.4
  66.0 310.1 66.0 309.8 65.9 309.7 65.8 309.7 65.8 309.7 65.7 309.6 65.7 309.5
  65.6 309.4 65.6 309.3 65.5 309.2 65.5 309.1 65.5 308.9 65.4 308.8 65.4 308.6
  65.3 308.4 65.3 308.3 65.3 308.1 65.2 307.9 65.4 307.7 65.6 307.5 65.8 307.2
  66.0 307.0 66.2 306.6 66.4 306.1 66.6 305.7 66.8 305.3 67.0 304.8 67.2 304.4
  67.4 303.9 67.7 303.5 68.0 303.0 68.3 302.4 68.7 301.9 68.9 301.3 69.2 300.7
  69.5 300.0 69.7 299.4 70.0 298.7 70.2 297.9 70.4 297.2 70.6 296.4 70.8 295.6
  71.0 294.7 71.1 293.8 71.3 292.8 71.4 291.8 71.6 290.8 71.7 289.7 71.9 288.6
  72.0 287.4 72.1 286.2 72.2 285.1 72.3 284.0 72.4 282.8 72.4 281.6 72.5 280.3
  72.5 278.9 72.6 277.5 72.7 276.1 72.7 274.6 72.8 273.2 72.8 271.7 72.9 270.2
  72.9 268.7 72.9 267.2 73.0 265.7 73.0 264.2 73.1 262.7 73.1 261.2 73.1 259.7
  73.1 258.2 73.1 256.8 73.1 255.3 73.1 253.8 73.1 252.3 73.1 250.8 73.1 249.3
  73.1 247.8 73.2 246.4 73.2 245.0 73.2 243.6 73.2 242.3 73.2 241.0 73.2 239.7
  73.3 238.5 73.3 237.4 73.3 236.3 73.3 235.2 73.3 234.1 73.3 233.1 73.2 232.2
  73.2 231.2 73.2 230.3 73.2 229.5 73.2 228.6 73.2 227.8 73.2 227.0 73.2 226.1
  73.2 225.3 73.2 224.5 73.2 223.6 73.2 222.8 73.2 222.0 73.2 221.1 73.2 220.3
  73.2 219.5 73.2 218.6 73.2 217.9 73.2 217.1 73.2 216.3 73.2 215.6 73.3 214.9
  73.4 214.2 73.5 213.5 73.6 212.9 73.7 212.2 73.8 211.6 73.9 211.0 74.0 210.4
  74.2 209.8 74.3 209.2 74.4 208.5 74.5 208.0 74.6 207.4 74.7 206.8 74.8 206.3
  74.8 205.8 74.9 205.3 75.0 204.9 75.1 204.4 75.1 204.0 75.2 203.6 75.2 203.3
  75.2 202.9 75.2 202.7 75.3 202.4 75.3 202.1 75.3 201.9 75.3 201.7 75.3 201.6
  75.3 201.4 75.4 201.3 75.4 201.2 75.4 201.2 75.4 201.1 75.4 201.1 75.4 201.1
  75.4 201.2 75.5 201.3 75.5 201.4 75.5 201.5 75.5 201.6 75.5 201.7 75.6 201.9
  75.6 202.1 75.6 202.4 75.6 202.7 75.6 203.1 75.7 203.5 75.7 204.0 75.7 204.5
  75.8 205.0 75.9 205.6 75.9 206.3 76.0 207.0 76.1 208.0 76.2 208.9 76.2 209.8
  76.3 210.7 76.4 211.5 76.4 212.2 76.4 212.9 76.4 213.6 76.4 214.2 76.4 214.7
  76.4 215.3 76.3 215.7 76.3 216.2 76.2 216.6 76.1 217.1 76.1 217.7 76.0 218.2
  75.9 219.0 75.8 219.8 75.8 220.6 75.7 221.5 75.6 222.4 75.5 223.3 75.4 224.3
  75.3 225.3 75.2 226.2 75.1 227.1 74.9 228.0 74.8 228.8 74.6 229.6 74.3 230.3
  74.1 231.0 73.9 231.6 73.7 232.3 73.5 232.9 73.3 233.6 73.0 234.1 72.8 234.7
  72.6 235.2 72.4 235.7 72.1 236.2 71.9 236.6 71.7 237.0 71.4 237.4 71.2 237.7
  71.0 238.1 70.8 238.4 70.6 238.8
  12 20 87  0.0
  72.5 321.4 72.3 321.1 72.1 320.7 71.9 320.3 71.7 320.3 71.5 320.3 71.3 320.2
  71.0 320.1 70.8 319.9 70.5 319.7 70.1 319.4 69.8 319.1 69.5 319.1 69.1 319.0
  68.8 318.9 68.5 318.8 68.2 318.7 67.8 318.6 67.6 318.8 67.3 319.1 67.1 319.4
  66.9 319.6 66.6 319.9 66.5 320.1 66.3 320.4 66.2 320.6 66.1 320.8 66.0 321.0
  65.9 321.2 65.8 321.8 65.8 322.3 65.7 322.9 65.6 323.5 65.5 324.0 65.5 324.6
  65.4 325.1 65.3 325.6 65.3 326.1 65.2 326.6 65.2 327.1 65.2 327.5 65.1 328.0
  65.1 328.4 65.1 328.9 65.1 329.3 65.2 329.8 65.2 330.3 65.2 330.8 65.3 331.3
  65.3 331.8 65.4 332.3 65.4 332.8 65.4 333.3 65.4 333.9 65.3 334.4 65.3 334.9
  65.3 335.5 65.2 336.0 65.2 336.6 65.1 337.1 65.0 337.7 64.9 338.2 64.8 338.7
  64.7 339.2 64.5 339.7 64.4 340.2 64.2 340.6 64.0 341.1 63.8 341.5 63.6 342.1
  63.4 342.7 63.2 343.4 63.0 343.9 62.8 344.5 62.4 345.1 62.1 345.6 61.8 346.1
  61.5 346.6 61.2 347.1 60.9 347.6 60.6 348.1 60.3 348.7 60.0 349.2 59.7 349.6
  59.4 350.0 59.1 350.4 58.8 350.9 58.5 351.3 58.2 351.7 57.8 352.1 57.6 352.3
  57.3 352.6 57.0 352.9 56.6 353.1 56.3 353.4 56.0 353.7 55.7 353.7 55.3 353.8
  55.0 353.9 54.6 353.9 54.2 354.0 53.8 354.1 53.5 354.0 53.1 353.9 52.7 353.8
  52.2 353.7 51.8 353.7 51.4 353.4 50.9 353.2 50.4 353.0 50.0 352.8 49.5 352.3
  49.1 351.9 48.6 351.5 48.1 351.2 47.6 350.9 47.1 350.3 46.6 349.8 46.2 349.3
  45.8 348.8 45.4 348.1 45.0 347.4 44.5 346.6 44.0 345.9 43.5 345.3 43.0 344.5
  42.5 343.8 42.1 343.0 41.7 342.3 41.3 341.5 41.0 340.6 40.7 339.7 40.4 338.8
  40.1 337.9 39.9 336.9 39.6 336.0 39.1 335.0 38.6 334.0 38.2 333.1 37.7 332.1
  37.3 331.0 37.0 329.9 36.8 328.8 36.5 327.7 36.5 326.5 36.4 325.4 36.3 324.2
  36.2 323.0 35.8 321.8 35.5 320.6 35.2 319.4 35.0 318.0 34.8 316.7 34.7 315.4
  34.7 314.0 34.7 312.8 34.7 311.6 34.7 310.4 34.8 309.2 34.8 308.0 34.7 306.8
  34.7 305.5 34.7 304.3 34.6 303.1 34.6 301.9 34.6 300.8 34.7 299.7 34.7 298.6
  34.8 297.5 34.9 296.4 35.0 295.3 35.0 294.3 35.1 293.2 35.2 292.2 35.2 291.2
  35.2 290.2 35.3 289.2 35.3 288.3 35.4 287.3 35.4 286.4 35.4 285.4 35.3 284.5
  35.3 283.5 35.2 282.5 35.1 281.5 35.0 280.6 35.0 279.6 35.0 278.7 35.0 277.8
  35.1 276.8 35.1 275.8 35.1 274.8 35.2 273.8 35.2 272.8 35.3 271.8 35.4 270.8
  35.6 269.9 35.8 269.0 35.9 268.1 36.1 267.3 36.4 266.4 36.6 265.5 36.9 264.6
  37.2 263.7 37.5 262.8 37.8 261.9 38.2 261.1 38.5 260.2 38.9 259.4 39.2 258.6
  39.5 257.8 39.8 257.1 40.0 256.4 40.3 255.7 40.7 255.0 41.1 254.2 41.5 253.5
  41.8 252.8 42.2 252.0 42.6 251.2 42.9 250.4 43.2 249.6 43.5 248.8 43.7 247.9
  43.8 247.0 43.9 246.0 44.0 245.0 44.0 244.0 44.0 242.9 43.9 241.8 43.7 240.8
  43.6 239.7 43.4 238.5 43.1 237.4 42.9 236.1 42.7 234.8 42.4 233.4 42.0 231.9
  41.6 230.7 41.2 229.3 40.7 227.9
  12 21 87  0.0
  72.5 321.4 72.3 321.1 72.1 320.8 71.9 320.4 71.7 320.5 71.5 320.6 71.3 320.6
  71.1 320.6 70.8 320.7 70.6 320.7 70.4 320.7 70.1 320.6 69.9 320.6 69.7 320.9
  69.5 321.3 69.3 321.7 69.1 322.1 68.9 322.6 68.8 323.1 68.6 323.6 68.5 324.2
  68.4 324.9 68.3 325.5 68.2 326.1 68.1 326.8 68.0 327.4 67.8 328.4 67.7 329.3
  67.5 330.2 67.4 331.1 67.2 332.0 67.0 332.8 66.8 333.6 66.6 334.3 66.3 334.9
  66.0 335.6 65.8 336.1 65.5 336.8 65.1 337.3 64.8 337.8 64.5 338.3 64.2 338.6
  63.8 339.0 63.5 339.1 63.1 339.2 62.8 339.3 62.5 339.4 62.1 339.4 61.8 339.5
  61.5 339.3 61.2 339.0 60.9 338.8 60.6 338.6 60.3 338.4 60.1 338.1 59.9 337.9
  59.7 337.3 59.6 336.7 59.5 336.1 59.4 335.5 59.3 334.9 59.1 334.3 58.9 333.8
  58.8 333.3 58.6 332.9 58.5 332.5 58.3 332.1 58.2 331.7 58.0 331.3 57.9 331.0
  57.8 330.3 57.7 329.7 57.6 328.9 57.6 328.2 57.5 327.4 57.5 326.8 57.4 326.2
  57.4 325.6 57.3 325.1 57.3 324.7 57.3 324.3 57.3 323.9 57.3 323.5 57.3 323.2
  57.3 322.9 57.3 322.6 57.4 322.3 57.4 322.1 57.5 321.9 57.5 321.7 57.6 321.5
  57.7 321.3 57.8 321.1 57.9 321.0 58.0 320.8 58.1 320.7 58.2 320.9 58.3 321.1
  58.5 321.3 58.6 321.5 58.7 321.6 58.8 321.8 58.9 322.0 59.0 322.2 59.1 322.5
  59.1 322.7 59.2 322.9 59.3 323.2 59.3 323.4 59.4 323.7 59.4 324.0 59.5 324.4
  59.6 324.7 59.7 325.1 59.8 325.6 59.8 326.1 59.9 326.7 60.0 327.3 60.0 328.0
  60.1 328.5 60.0 329.0 60.0 329.5 59.9 330.4 59.9 331.3 59.9 332.3 59.7 333.2
  59.5 334.2 59.4 335.2 59.2 336.1 58.9 337.0 58.6 337.9 58.3 338.7 58.0 339.5
  57.7 340.4 57.4 341.2 57.0 342.0 56.6 342.8 56.3 343.5 55.9 344.2 55.5 344.9
  55.1 345.5 54.7 346.0 54.3 346.5 53.8 347.0 53.3 347.3 52.9 347.5 52.4 347.8
  51.9 348.1 51.5 348.3 51.2 348.5 50.8 348.6 50.4 348.7 50.0 348.9 49.6 349.0
  49.3 348.8 48.9 348.6 48.5 348.4 48.2 348.1 47.8 347.9 47.4 347.5 47.0 347.1
  46.6 346.8 46.2 346.4 45.8 346.1 45.5 345.5 45.2 344.8 45.0 344.1 44.7 343.3
  44.7 342.4 44.7 341.4 44.7 340.4 44.6 339.5 44.7 338.5 44.8 337.6 44.9 336.8
  45.0 335.9 45.1 335.0 45.2 334.2 45.4 333.3 45.6 332.4 45.9 331.5 46.0 330.6
  46.2 330.0 46.5 329.4 46.7 328.9 46.9 328.3 47.1 327.7 47.3 327.2 47.4 326.6
  47.6 326.0 47.8 325.5 48.0 324.8 48.1 324.2 48.3 323.6 48.5 323.1 48.8 322.5
  49.0 322.0 49.2 321.4 49.4 320.8 49.5 320.2 49.7 319.5 49.8 318.8 50.0 318.1
  50.2 317.6 50.4 317.0 50.5 316.5 50.7 315.9 50.9 315.3 51.2 314.8 51.4 314.2
  51.6 313.7 51.8 313.1 52.1 312.6 52.3 312.3 52.5 312.1 52.7 311.9 53.0 311.7
  53.4 311.5 53.7 311.3 54.1 311.1 54.4 311.2 54.8 311.3 55.1 311.4 55.4 311.6
  55.7 311.7 56.0 311.9 56.3 312.3 56.4 312.8 56.5 313.3 56.5 313.8 56.6 314.3
  56.6 314.9 56.6 315.5 56.6 316.1 56.4 316.7 56.2 317.3 56.0 317.9 55.8 318.6
  55.5 319.1 55.2 319.6 54.9 320.1
  12 22 87  0.0
  72.5 321.4 72.4 321.1 72.3 320.8 72.1 320.5 72.0 320.2 71.9 319.8 71.8 319.7
  71.6 319.5 71.5 319.4 71.4 319.4 71.2 319.3 71.1 319.3 70.9 319.3 70.8 319.4
  70.6 319.4 70.5 319.5 70.3 319.5 70.1 319.6 70.0 319.6 69.8 319.9 69.6 320.2
  69.5 320.5 69.4 320.9 69.3 321.3 69.2 321.7 69.1 322.1 69.0 322.6 68.9 323.2
  68.8 323.7 68.8 324.3 68.7 325.0 68.7 325.7 68.7 326.4 68.7 327.1 68.6 328.0
  68.6 328.8 68.5 329.7 68.5 330.6 68.4 331.5 68.4 332.4 68.2 333.3 68.1 334.1
  67.9 334.9 67.8 335.8 67.6 336.7 67.4 337.6 67.1 338.4 66.9 339.2 66.6 340.0
  66.3 340.7 66.0 341.4 65.6 341.7 65.3 342.1 64.9 342.4 64.6 342.7 64.2 343.0
  63.7 343.2 63.3 343.1 62.9 343.1 62.5 343.0 62.0 342.9 61.6 342.9 61.1 342.4
  60.7 342.0 60.3 341.6 59.8 341.2 59.4 340.5 58.9 339.8 58.4 339.2 57.9 338.6
  57.4 337.8 56.8 337.1 56.3 336.4 55.8 335.7 55.2 334.9 54.7 334.1 54.1 333.4
  53.5 332.7 52.9 331.9 52.1 331.2 51.3 330.5 50.6 329.6 49.8 328.7 49.0 327.7
  48.2 326.6 47.4 325.6 46.6 324.8 45.8 324.0 45.1 323.1 44.3 322.3 43.5 321.6
  42.7 320.6 41.9 319.7 41.2 318.6 40.5 317.6 39.8 316.6 39.2 315.5 38.5 314.5
  37.7 313.5 37.0 312.2 36.2 311.0 35.6 309.8 34.9 308.4 34.3 307.1 33.8 305.7
  33.2 304.3 32.7 302.8 32.4 301.3 32.0 299.8 31.9 298.2 31.8 296.7 31.7 295.2
  31.7 293.8 31.7 292.3 31.6 290.9 31.7 289.5 31.7 288.1 31.7 286.7 31.9 285.3
  32.0 283.9 32.3 282.5 32.7 281.2 33.0 279.9 33.3 278.7 33.6 277.6 33.9 276.4
  34.1 275.3 34.5 274.3 34.8 273.4 35.2 272.4 35.5 271.5 35.9 270.7 36.4 269.8
  36.8 269.0 37.3 268.1 37.7 267.3 38.1 266.6 38.5 265.9 38.9 265.3 39.3 264.6
  39.6 264.0 40.0 263.4 40.4 262.9 40.7 262.5 41.0 262.0 41.3 261.6 41.7 261.2
  42.1 260.8 42.5 260.5 42.9 260.3 43.3 260.0 43.7 259.7 44.1 259.5 44.4 259.4
  44.8 259.3 45.1 259.2 45.4 259.1 45.7 259.0 45.9 258.9 46.2 258.8 46.4 258.8
  46.5 258.9 46.7 258.9 46.8 258.8 46.9 258.8 47.0 258.7 47.1 258.7 47.2 258.6
  47.2 258.5 47.2 258.4 47.3 258.2 47.3 258.1 47.3 258.0 47.4 257.8 47.4 257.6
  47.5 257.5 47.5 257.3 47.5 257.1 47.6 256.9 47.7 256.6 47.7 256.4 47.8 256.2
  47.8 255.9 48.0 255.7 48.2 255.5 48.4 255.4 48.6 255.3 48.8 255.1 49.1 255.0
  49.3 254.8 49.5 254.6 49.7 254.4 49.9 254.2 50.2 254.0 50.4 254.0 50.7 254.0
  50.9 253.9 51.2 253.8 51.5 253.7 51.7 253.6 52.0 253.4 52.2 253.2 52.5 253.2
  52.8 253.2 53.0 253.2 53.3 253.1 53.6 253.1 53.8 253.0 54.1 252.9 54.4 253.0
  54.7 253.1 54.9 253.1 55.2 253.1 55.5 253.1 55.7 253.1 56.0 253.0 56.2 252.9
  56.5 253.0 56.7 253.0 56.9 253.0 57.2 253.0 57.4 252.9 57.6 252.9 57.8 252.9
  58.0 252.9 58.1 252.9 58.3 253.0 58.5 253.1 58.7 253.3 58.9 253.5 59.0 253.6
  59.2 253.7 59.3 253.9 59.5 254.0 59.6 254.0 59.7 254.1 59.8 254.2 59.9 254.2
  59.9 254.2 60.0 254.2 60.0 254.2
  12 23 87  0.0
  72.5 321.4 72.7 320.9 72.8 320.4 73.0 319.8 73.1 319.3 73.2 318.7 73.2 318.2
  73.3 317.6 73.3 317.0 73.4 316.4 73.4 315.8 73.4 315.2 73.4 314.6 73.4 314.0
  73.4 313.4 73.4 312.8 73.4 312.3 73.3 311.7 73.3 311.2 73.3 310.7 73.2 310.2
  73.1 309.6 73.1 309.1 73.0 308.6 72.9 308.1 72.8 307.6 72.8 307.0 72.7 306.5
  72.7 306.0 72.6 305.4 72.5 304.9 72.5 304.4 72.4 303.8 72.3 303.3 72.3 302.8
  72.2 302.4 72.2 301.9 72.1 301.5 72.1 301.0 72.0 300.5 71.9 300.1 71.9 299.5
  71.9 299.0 71.9 298.4 71.9 297.8 71.9 297.2 71.9 296.5 71.9 295.8 71.9 295.0
  72.0 294.2 72.0 293.3 72.1 292.5 72.1 291.7 72.1 290.8 72.2 289.9 72.2 289.0
  72.3 288.0 72.3 287.0 72.3 286.0 72.3 284.9 72.4 283.9 72.4 282.8 72.4 281.7
  72.4 280.5 72.4 279.4 72.4 278.3 72.5 277.2 72.5 276.0 72.5 274.9 72.6 273.7
  72.6 272.6 72.6 271.5 72.7 270.3 72.7 269.2 72.7 268.1 72.7 267.1 72.8 266.2
  72.8 265.3 72.8 264.4 72.8 263.6 72.9 262.8 72.9 262.0 73.0 261.3 73.1 260.6
  73.1 260.0 73.2 259.3 73.3 258.7 73.3 258.1 73.4 257.5 73.5 256.9 73.6 256.3
  73.6 255.7 73.7 255.1 73.8 254.5 73.9 254.0 73.9 253.5 74.0 253.0 74.1 252.9
  74.2 252.7 74.3 252.6 74.4 252.5 74.6 252.4 74.7 252.2 74.8 252.1 75.0 252.0
  75.1 251.8 75.3 251.7 75.4 251.6 75.6 251.4 75.8 251.3 76.0 251.2 76.3 251.5
  76.5 251.8 76.8 252.1 77.1 252.5 77.3 252.8 77.6 253.2 77.9 253.6 78.2 254.0
  78.6 254.9 78.9 255.9 79.3 256.9 79.6 258.0 79.9 259.2 80.3 260.5 80.6 262.4
  80.9 264.3 81.2 266.3 81.5 268.4 81.7 270.7 82.0 273.0 82.2 275.3 82.5 278.4
  82.8 281.6 83.0 284.9 83.1 288.4 83.3 291.9 83.4 295.5 83.5 299.1 83.6 302.7
  83.7 306.3 83.7 309.7 83.8 313.0 83.8 316.1 83.9 319.1 83.9 322.0 84.0 324.8
  84.0 327.5 84.0 330.3 84.1 333.7 84.1 337.2 84.2 340.6 84.3 344.1 84.4 347.6
  84.5 351.2 84.6 354.9 84.7 358.8 84.8   2.8 84.9   3.1 85.0   3.5 85.2   3.9
  85.3   4.2 85.4   4.6 85.5   4.9 85.6   5.3 85.7   5.7 85.8   6.0 85.9   6.4
  86.0   6.7 86.2   7.1 86.3   7.5 86.5   8.0 86.6   8.4 86.7   8.9 86.8   9.3
  86.9   9.8 87.0  10.3 87.0  10.8 87.1  11.3 87.1  11.8 87.1  12.3 87.1  12.8
  87.1  13.3 87.1  13.9 87.1  14.4 87.1  14.9 87.1  15.4 87.2  16.0 87.2  16.5
  87.2  17.1 87.3  17.6 87.3  18.2 87.4  18.7 87.4  19.3 87.5  19.9 87.5  20.4
  87.5  20.9 87.5  21.5 87.4  22.0 87.4  22.5 87.3  23.0 87.2  23.5 87.1  23.9
  87.0  24.4 86.8  24.8 86.6  25.2 86.4  25.7 86.2  26.1 85.9  26.5 85.8  27.0
  85.7  27.6 85.5  28.1 85.4  28.6 85.2  29.1 85.0  29.7 84.9  30.2 84.7  30.6
  84.6  31.1 84.5  31.6 84.3  32.1 84.2  32.5 84.0  33.0 83.9  33.5 83.8  33.9
  83.7  34.4 83.6  34.9 83.5  35.3 83.4  35.8 83.3  36.2 83.2  36.7 83.1  37.1
  83.0  37.5 82.8  37.9 82.7  38.3 82.6  38.7 82.4  39.0 82.3  39.4 82.1  39.7
  81.9  40.1 81.8  40.3 81.6  40.5
  12 24 87  0.0
  72.5 321.4 72.7 321.1 72.9 320.8 73.1 320.4 73.3 320.1 73.5 319.7 73.6 319.3
  73.7 318.9 73.8 318.6 74.0 318.2 74.1 317.7 74.2 317.3 74.3 316.9 74.4 316.5
  74.5 316.0 74.7 315.5 74.7 315.0 74.8 314.5 74.9 314.0 75.0 313.4 75.1 312.8
  75.2 312.1 75.3 311.5 75.3 310.8 75.4 310.1 75.4 309.4 75.5 308.7 75.5 308.0
  75.6 307.3 75.6 306.6 75.6 305.9 75.7 305.2 75.7 304.5 75.7 303.8 75.8 303.0
  75.9 302.3 75.9 301.5 76.0 300.7 76.0 299.9 76.1 299.2 76.2 298.6 76.2 298.0
  76.3 297.3 76.3 296.7 76.3 296.1 76.4 295.6 76.5 295.0 76.6 294.5 76.7 293.9
  76.8 293.4 76.9 292.9 77.0 292.3 77.0 291.8 77.1 291.2 77.2 290.6 77.3 290.0
  77.4 289.4 77.5 288.8 77.5 288.2 77.6 287.6 77.7 287.0 77.8 286.5 77.9 285.9
  78.0 285.3 78.1 284.6 78.2 284.1 78.3 283.6 78.4 283.1 78.6 282.6 78.7 282.0
  78.9 281.5 79.1 281.0 79.2 280.5 79.4 280.0 79.7 279.5 80.0 279.0 80.3 278.5
  80.7 278.9 81.1 279.3 81.5 279.7 81.8 280.2 82.1 280.8 82.4 282.8 82.7 284.9
  82.9 287.2 83.2 289.7 83.3 292.3 83.4 294.9 83.6 297.5 83.6 300.1 83.7 302.8
  83.7 305.5 83.7 308.2 83.6 310.7 83.6 313.0 83.5 315.1 83.4 317.0 83.2 318.8
  83.0 320.4 82.8 321.9 82.6 323.3 82.3 324.7 82.0 326.0 81.7 327.2 81.5 327.0
  81.2 326.9 81.0 326.8 80.7 326.8 80.4 326.8 80.1 326.8 79.8 326.9 79.6 326.0
  79.4 325.3 79.2 324.6 79.0 323.9 78.8 323.3 78.6 322.8 78.5 322.3 78.3 321.9
  78.2 321.5 78.1 321.2 78.0 320.9 77.9 320.0 77.8 319.3 77.6 318.6 77.4 318.0
  77.3 317.5 77.1 317.0 76.9 316.6 76.7 316.2 76.6 315.9 76.3 315.7 76.1 315.5
  75.8 315.3 75.6 315.0 75.3 314.7 75.1 314.4 74.9 314.1 74.6 313.9 74.4 313.6
  74.2 313.4 73.9 313.2 73.7 312.7 73.5 312.3 73.3 311.9 73.0 311.5 72.8 311.1
  72.5 310.8 72.3 310.5 72.0 310.2 71.7 309.9 71.5 309.5 71.3 309.2 71.1 308.9
  70.8 308.5 70.6 308.3 70.4 308.0 70.3 307.7 70.2 307.5 70.1 307.2 70.0 307.0
  69.9 306.7 69.9 306.3 69.9 305.8 69.8 305.2 69.8 304.6 69.8 304.0 69.8 303.4
  69.9 302.7 70.1 301.9 70.2 301.4 70.3 300.9 70.5 300.3 70.6 299.7 70.7 299.0
  70.9 298.2 71.0 297.4 71.1 296.6 71.2 295.6 71.4 294.7 71.5 293.6 71.7 292.5
  71.8 291.3 71.9 290.1 72.0 288.8 72.1 287.6 72.3 286.4 72.4 285.2 72.5 283.9
  72.6 282.6 72.8 281.2 72.9 279.9 73.0 278.5 73.1 277.1 73.2 275.6 73.3 274.1
  73.4 272.5 73.5 270.9 73.5 269.2 73.6 267.5 73.7 265.7 73.7 263.9 73.8 262.1
  73.9 260.2 74.0 258.4 74.1 256.7 74.2 254.9 74.3 253.2 74.3 251.4 74.4 249.6
  74.5 247.8 74.6 246.0 74.6 244.2 74.7 242.4 74.8 240.6 74.8 238.9 74.9 237.2
  75.0 235.6 75.1 234.0 75.3 232.4 75.4 231.0 75.5 229.7 75.6 228.4 75.8 227.2
  75.9 226.1 76.1 225.1 76.3 224.4 76.4 223.8 76.6 223.2 76.9 222.7 77.1 222.2
  77.3 221.7 77.5 221.2 77.8 220.8 78.0 220.3 78.3 220.5 78.6 220.7 78.9 220.9
  79.2 221.1 79.5 221.4 79.8 221.6
  12 25 87  0.0
  72.5 321.4 72.6 320.6 72.7 319.9 72.8 319.2 72.8 318.5 72.9 317.8 72.9 317.1
  72.9 316.5 73.0 315.9 72.9 315.3 72.9 314.8 72.9 314.2 72.9 313.7 72.8 313.3
  72.8 312.8 72.8 312.4 72.8 312.0 72.8 311.6 72.8 311.3 72.8 310.9 72.8 310.6
  72.8 310.3 72.9 310.0 72.9 309.7 73.0 309.4 73.0 309.2 73.1 308.9 73.2 308.6
  73.2 308.3 73.3 308.0 73.4 307.6 73.5 307.2 73.6 306.9 73.7 306.4 73.8 306.0
  73.8 305.5 73.9 305.0 74.0 304.5 74.1 304.0 74.2 303.4 74.3 302.9 74.4 302.3
  74.5 301.6 74.6 301.0 74.7 300.4 74.7 299.7 74.8 299.0 74.9 298.3 74.9 297.6
  75.0 296.8 75.0 296.1 75.1 295.3 75.2 294.6 75.3 293.8 75.4 293.0 75.5 292.2
  75.6 291.4 75.8 290.7 75.9 289.9 76.1 289.1 76.2 288.2 76.4 287.3 76.6 286.5
  76.8 285.6 77.0 284.8 77.2 283.9 77.4 283.1 77.6 282.3 77.8 281.5 77.9 280.7
  78.1 279.9 78.4 279.1 78.7 278.3 79.0 277.5 79.3 276.8 79.5 276.0 79.8 275.3
  80.1 274.6 80.5 274.0 80.9 273.3 81.2 272.7 81.6 272.1 82.0 271.5 82.3 270.9
  82.8 270.6 83.3 270.4 83.7 270.2 84.1 270.1 84.6 271.0 85.1 272.1 85.6 273.6
  86.0 275.6 86.3 278.3 86.8 283.0 87.3 289.4 87.6 297.8 87.7 308.1 87.8 319.7
  87.8 331.4 87.7 342.0 87.6 350.8 87.4 357.8 87.1   3.0 86.8   3.2 86.5   3.5
  86.1   3.7 85.7   3.9 85.4   3.9 85.1   4.0 84.8   4.0 84.5   4.1 84.2   4.1
  83.8   4.2 83.6   4.1 83.3   4.1 83.1   4.0 82.9   4.0 82.6   3.9 82.3   3.9
  82.1   3.9 81.8   3.9 81.6   3.8 81.4   3.7 81.2   3.6 81.0   3.6 80.8   3.5
  80.7   3.5 80.5   3.5 80.3   3.4 80.2   3.4 80.0   3.4 79.9   3.4 79.7   3.4
  79.6   3.5 79.5   3.5 79.4   3.5 79.3   3.6 79.1   3.6 79.0   3.6 78.9   3.7
  78.7   3.8 78.6   3.8 78.4   3.9 78.2   3.9 78.0   4.0 77.8   4.1 77.6   4.1
  77.5   4.2 77.3   4.2 77.2   4.3 77.1   4.3 77.0   4.4 76.9   4.4 76.9   4.4
  76.8   4.5 76.8   4.5 76.8   4.6 76.8   4.6 76.8   4.7 76.8   4.7 76.9   4.7
  76.9   4.8 76.9   4.8 77.0   4.9 77.0   4.9 77.1   5.0 77.2   5.0 77.2   5.1
  77.3   5.1 77.4   5.2 77.5   5.2 77.5   5.3 77.6   5.3 77.7   5.4 77.8   5.4
  78.0   5.5 78.1   5.6 78.2   5.8 78.4   6.0 78.6   6.2 78.7   6.4 78.9   6.6
  79.1   6.8 79.2   7.0 79.4   7.2 79.6   7.4 79.7   7.6 79.8   7.8 80.0   8.0
  80.1   8.1 80.3   8.4 80.4   8.7 80.6   9.0 80.8   9.2 80.9   9.5 81.1   9.8
  81.2  10.1 81.3  10.4 81.5  10.7 81.6  10.9 81.8  11.2 81.9  11.5 82.0  11.8
  82.2  12.1 82.4  12.5 82.6  12.8 82.8  13.2 83.0  13.5 83.2  13.9 83.4  14.2
  83.6  14.6 83.8  15.0 84.0  15.3 84.2  15.7 84.4  16.1 84.7  16.5 84.9  16.9
  85.1  17.3 85.3  17.7 85.5  18.1 85.6  18.6 85.7  19.0 85.8  19.5 85.8  19.9
  85.8  20.4 85.8  20.9 85.8  21.3 85.8  21.8 85.7  22.3 85.7  22.8 85.6  23.3
  85.6  23.8 85.6  24.4 85.5  24.9 85.5  25.4 85.5  26.0 85.5  26.6 85.5  27.2
  85.5  27.8 85.5  28.4 85.5  29.0
  12 26 87  0.0
  72.5 321.4 72.5 320.8 72.4 320.2 72.4 319.6 72.3 319.1 72.2 318.5 72.0 318.0
  71.9 317.5 71.8 317.2 71.7 317.0 71.6 316.8 71.5 316.6 71.4 316.3 71.3 316.1
  71.3 315.8 71.1 315.6 71.0 315.3 70.8 315.0 70.6 314.8 70.5 314.5 70.4 314.2
  70.2 313.9 70.1 313.6 70.0 313.3 69.8 313.1 69.7 312.9 69.6 312.7 69.5 312.4
  69.4 312.2 69.2 312.0 69.1 311.8 69.0 311.6 68.8 311.4 68.7 311.2 68.6 311.1
  68.4 310.9 68.3 310.7 68.2 310.5 68.1 310.4 67.9 310.2 67.8 310.1 67.8 310.0
  67.7 309.8 67.6 309.7 67.6 309.6 67.5 309.5 67.5 309.5 67.5 309.4 67.5 309.3
  67.5 309.3 67.5 309.2 67.5 309.2 67.5 309.1 67.5 309.1 67.6 309.0 67.6 309.0
  67.7 308.9 67.7 308.9 67.8 308.8 67.8 308.8 67.9 308.7 68.0 308.7 68.0 308.6
  68.1 308.5 68.2 308.4 68.3 308.2 68.4 308.1 68.5 307.9 68.5 307.8 68.6 307.7
  68.7 307.5 68.8 307.4 68.9 307.2 69.0 307.1 69.0 306.9 69.1 306.7 69.2 306.5
  69.3 306.2 69.4 305.9 69.5 305.5 69.6 305.1 69.7 304.7 69.9 304.3 70.0 303.8
  70.1 303.3 70.2 302.7 70.3 302.0 70.5 301.3 70.6 300.6 70.7 299.9 70.7 299.2
  70.8 298.4 70.8 297.7 70.9 297.0 70.9 296.2 71.0 295.5 71.0 294.7 71.0 294.0
  71.0 293.2 71.0 292.6 71.0 291.9 71.0 291.2 71.0 290.6 71.0 289.9 71.0 289.3
  71.0 288.7 71.0 288.1 71.0 287.6 70.9 287.0 70.9 286.4 70.8 285.8 70.8 285.2
  70.7 284.5 70.7 283.9 70.6 283.2 70.6 282.6 70.5 281.9 70.5 281.2 70.4 280.5
  70.4 279.7 70.3 279.0 70.3 278.2 70.3 277.4 70.2 276.7 70.2 275.9 70.2 275.2
  70.1 274.4 70.1 273.6 70.0 272.9 70.0 272.1 69.9 271.4 69.9 270.8 69.8 270.1
  69.8 269.4 69.7 268.7 69.7 268.0 69.6 267.3 69.5 266.7 69.5 266.0 69.4 265.4
  69.3 264.8 69.2 264.2 69.1 263.7 69.1 263.1 69.0 262.6 68.9 262.1 68.8 261.6
  68.7 261.1 68.6 260.6 68.5 260.2 68.3 259.7 68.3 259.3 68.2 258.9 68.1 258.5
  68.0 258.1 67.9 257.8 67.8 257.6 67.7 257.4 67.6 257.2 67.5 257.0 67.4 256.8
  67.2 256.6 67.1 256.4 67.0 256.2 66.8 256.0 66.6 255.8 66.5 255.7 66.3 255.5
  66.2 255.3 66.0 255.1 65.8 255.1 65.6 255.2 65.4 255.2 65.2 255.2 65.0 255.2
  64.8 255.2 64.6 255.1 64.4 255.1 64.2 255.0 64.0 254.9 63.8 254.9 63.6 254.8
  63.4 254.8 63.3 254.7 63.1 254.7 62.9 254.6 62.7 254.6 62.5 254.5 62.3 254.5
  62.1 254.4 61.9 254.3 61.7 254.2 61.5 254.0 61.3 253.8 61.1 253.6 60.9 253.5
  60.8 253.3 60.6 253.1 60.4 252.9 60.3 252.7 60.1 252.5 59.9 252.4 59.8 252.1
  59.6 251.8 59.4 251.5 59.3 251.3 59.1 251.0 58.9 250.7 58.7 250.3 58.5 250.0
  58.4 249.6 58.2 249.2 58.0 248.7 57.9 248.2 57.7 247.8 57.6 247.4 57.4 247.0
  57.2 246.6 57.1 246.1 56.9 245.7 56.7 245.2 56.6 244.8 56.5 244.3 56.3 243.8
  56.2 243.4 56.1 242.9 56.0 242.4 55.9 242.1 55.7 241.9 55.6 241.6 55.5 241.3
  55.4 241.0 55.3 240.7 55.1 240.4 55.0 240.0 54.9 239.7 54.8 239.4 54.6 239.0
  54.5 238.7 54.3 238.3 54.1 238.0
  12 27 87  0.0
  72.5 321.4 72.4 320.9 72.2 320.4 72.1 319.9 71.9 319.5 71.7 319.3 71.4 319.1
  71.2 318.9 70.9 318.7 70.6 318.6 70.3 318.4 70.0 318.3 69.7 318.2 69.4 318.1
  69.1 318.1 68.7 318.0 68.4 317.9 68.1 317.8 67.7 317.8 67.4 317.9 67.1 318.1
  66.9 318.3 66.6 318.5 66.3 318.7 66.0 318.9 65.8 319.1 65.6 319.6 65.4 320.1
  65.3 320.7 65.2 321.2 65.1 321.8 65.0 322.3 65.0 322.8 64.9 323.4 64.9 323.9
  64.8 324.4 64.8 324.8 64.8 325.3 64.7 325.7 64.7 326.1 64.8 326.5 64.8 326.9
  64.9 327.2 65.0 327.6 65.0 327.9 65.2 328.3 65.3 328.7 65.5 329.0 65.6 329.4
  65.8 329.7 66.0 330.1 66.3 330.1 66.5 330.1 66.7 330.1 67.0 330.1 67.3 330.2
  67.5 330.2 67.8 330.3 68.1 330.4 68.5 330.1 68.9 329.8 69.2 329.5 69.6 329.2
  70.0 329.0 70.3 328.8 70.7 328.3 71.0 327.9 71.3 327.5 71.6 327.1 71.9 326.7
  72.1 326.4 72.4 326.0 72.7 325.7 73.0 325.4 73.2 325.1 73.5 324.8 73.7 324.5
  74.0 324.1 74.2 323.8 74.4 323.3 74.5 322.8 74.7 322.3 74.9 321.9 75.0 321.4
  75.2 321.0 75.3 320.5 75.5 320.0 75.6 319.5 75.7 319.0 75.9 318.4 76.0 317.8
  76.1 317.2 76.3 316.4 76.4 315.5 76.5 314.6 76.6 313.6 76.7 312.6 76.8 311.5
  76.9 310.5 76.9 309.5 77.0 308.5 77.0 307.6 77.1 306.7 77.1 305.9 77.1 305.1
  77.2 304.3 77.2 303.5 77.2 302.7 77.3 302.0 77.3 301.3 77.4 300.6 77.4 299.8
  77.4 299.1 77.5 298.4 77.6 297.7 77.6 297.1 77.6 296.4 77.7 295.8 77.8 295.2
  77.9 294.6 78.0 294.0 78.0 293.5 78.1 292.8 78.2 292.2 78.3 291.6 78.4 290.9
  78.6 290.3 78.7 289.6 78.8 288.9 78.9 288.2 79.0 287.6 79.2 286.9 79.4 286.3
  79.6 285.7 79.7 285.1 79.9 284.5 80.1 283.9 80.4 283.7 80.6 283.5 80.9 283.4
  81.2 283.3 81.5 283.3 81.7 283.3 82.0 283.4 82.4 284.6 82.7 286.0 82.9 287.6
  83.2 289.2 83.5 291.0 83.7 293.0 83.8 295.0 84.0 297.2 84.2 301.1 84.2 305.1
  84.3 309.3 84.2 313.4 84.1 317.5 83.9 321.4 83.6 322.4 83.4 323.4 83.2 324.3
  82.9 325.2 82.6 326.1 82.3 326.9 82.0 327.8 81.7 327.1 81.5 326.5 81.2 326.0
  80.9 325.6 80.7 325.3 80.4 325.0 80.1 324.7 79.8 324.6 79.6 323.1 79.4 321.8
  79.2 320.5 79.0 319.3 78.8 318.2 78.6 317.3 78.3 316.4 78.1 315.7 77.8 315.1
  77.6 314.2 77.3 313.4 77.1 312.6 76.8 311.9 76.6 311.2 76.3 310.6 76.0 310.0
  75.7 309.5 75.4 309.0 75.1 308.5 74.7 308.1 74.4 307.7 74.0 307.4 73.7 307.1
  73.4 306.8 73.1 306.5 72.8 306.3 72.5 306.1 72.2 305.8 71.9 305.7 71.6 305.3
  71.4 305.0 71.1 304.6 70.9 304.3 70.6 303.9 70.5 303.5 70.4 303.1 70.3 302.7
  70.1 302.3 70.0 301.9 69.9 301.4 69.8 300.5 69.7 299.6 69.6 298.7 69.5 297.7
  69.5 296.7 69.4 295.7 69.4 294.6 69.4 293.6 69.3 292.5 69.3 291.4 69.4 290.2
  69.4 289.1 69.4 287.9 69.5 286.7 69.6 285.4 69.7 284.1 69.8 282.8 69.9 281.5
  70.1 280.2 70.2 278.9 70.5 277.5 70.7 276.0 70.9 274.5 71.2 273.0 71.4 271.4
  71.7 269.8 71.9 268.2 72.2 266.6
  12 28 87  0.0
  72.5 321.4 72.4 320.8 72.3 320.2 72.2 319.6 71.9 319.0 71.7 318.9 71.5 318.8
  71.3 318.7 71.1 318.5 70.8 318.4 70.6 318.3 70.3 318.2 70.0 318.1 69.7 318.0
  69.5 318.0 69.2 318.1 68.9 318.1 68.6 318.2 68.3 318.2 68.0 318.1 67.7 318.1
  67.4 318.4 67.2 318.7 66.9 318.9 66.7 319.2 66.5 319.5 66.3 319.7 66.1 320.0
  65.9 320.3 65.9 320.9 65.8 321.6 65.8 322.4 65.8 323.1 65.7 323.9 65.7 324.7
  65.7 325.5 65.7 326.3 65.8 327.2 65.8 328.1 65.8 329.0 65.8 329.8 65.8 330.6
  65.7 331.4 65.7 332.1 65.6 332.8 65.6 333.4 65.5 334.0 65.4 334.5 65.3 335.0
  65.2 335.4 65.1 335.8 65.0 336.1 65.0 336.4 65.0 336.6 65.0 336.9 65.0 337.1
  65.0 337.2 65.1 337.4 65.1 337.5 65.2 337.6 65.2 337.7 65.3 337.7 65.4 337.8
  65.5 337.9 65.6 338.0 65.7 338.1 65.8 338.2 65.9 338.3 66.1 338.5 66.2 338.3
  66.3 338.0 66.5 337.8 66.6 337.6 66.8 337.4 66.9 337.3 67.1 337.1 67.2 336.9
  67.4 336.7 67.6 336.6 67.7 336.4 67.9 336.3 68.1 336.2 68.3 335.8 68.6 335.4
  68.9 335.0 69.3 334.7 69.6 334.3 70.0 334.1 70.3 333.8 70.6 333.3 70.9 332.9
  71.2 332.5 71.5 332.2 71.8 331.8 72.1 331.5 72.4 331.2 72.7 331.0 73.0 330.7
  73.3 330.5 73.6 330.2 73.8 329.8 74.0 329.5 74.3 329.0 74.5 328.6 74.7 328.1
  74.9 327.7 75.1 327.2 75.3 326.7 75.4 326.2 75.6 325.7 75.8 325.2 75.9 324.7
  76.1 324.1 76.3 323.6 76.5 323.0 76.6 322.3 76.8 321.6 77.0 320.8 77.2 319.9
  77.3 318.9 77.4 317.9 77.6 316.8 77.7 315.7 77.8 314.7 77.8 313.7 77.9 312.7
  77.9 311.7 78.0 310.8 78.0 309.9 78.0 309.1 78.0 308.4 78.0 307.7 78.0 307.1
  78.0 306.6 78.0 306.0 78.0 305.4 78.0 304.8 78.0 304.1 77.9 303.5 77.9 302.8
  77.9 302.2 77.8 301.6 77.8 300.9 77.7 300.3 77.6 299.7 77.6 299.2 77.6 298.6
  77.6 298.0 77.6 297.3 77.5 296.7 77.5 296.0 77.5 295.3 77.5 294.7 77.5 294.0
  77.6 293.3 77.6 292.6 77.6 291.9 77.6 291.2 77.7 290.5 77.7 289.8 77.8 289.0
  77.8 288.3 77.8 287.5 77.9 286.7 78.0 285.9 78.1 285.0 78.1 284.4 78.2 283.9
  78.3 283.3 78.4 282.7 78.6 282.2 78.7 281.7 78.8 281.2 78.9 280.8 79.1 280.3
  79.2 279.9 79.5 279.6 79.8 279.2 80.1 278.9 80.5 279.4 80.9 280.0 81.2 280.6
  81.5 281.3 81.7 282.0 81.9 282.8 82.1 283.6 82.4 285.8 82.7 288.1 82.8 290.5
  83.0 293.0 83.1 295.5 83.3 298.1 83.3 300.7 83.4 303.4 83.5 306.2 83.5 308.9
  83.4 311.5 83.3 313.8 83.2 315.9 83.1 317.9 82.9 319.7 82.7 321.3 82.4 322.9
  82.2 324.4 81.9 325.7 81.7 325.8 81.4 325.9 81.2 326.1 81.0 326.3 80.7 326.6
  80.5 326.8 80.3 327.1 80.0 327.5 79.8 327.9 79.7 327.5 79.5 327.3 79.4 327.1
  79.3 327.0 79.2 326.9 79.1 326.8 79.0 326.7 78.9 326.7 78.8 326.7 78.7 326.7
  78.6 326.8 78.5 326.9 78.4 327.0 78.4 327.2 78.3 327.4 78.2 327.6 78.1 327.9
  78.0 328.1 78.0 328.4 77.9 328.1 77.9 327.8 77.9 327.5 77.8 327.2 77.8 326.9
  77.8 326.6 77.7 326.4 77.7 326.2
  12 29 87  0.0
  72.5 321.4 72.4 321.3 72.4 321.1 72.3 320.9 72.2 320.7 72.2 320.4 72.1 320.0
  72.0 319.7 71.8 319.2 71.6 319.4 71.4 319.6 71.2 319.7 70.9 319.8 70.7 319.9
  70.4 319.9 70.1 319.9 69.8 319.9 69.5 320.4 69.4 320.8 69.2 321.2 69.1 321.6
  69.0 322.0 68.8 322.4 68.7 322.8 68.5 323.1 68.3 323.5 68.2 323.8 68.0 324.1
  68.0 324.3 68.0 324.6 68.0 324.8 68.0 325.5 68.0 326.2 67.9 326.9 67.9 327.6
  67.9 328.2 67.9 328.7 67.9 329.3 67.9 329.8 67.9 330.2 68.0 330.7 68.0 331.1
  68.0 331.6 68.0 332.0 67.9 332.4 67.9 332.8 67.9 333.2 67.9 333.6 67.9 334.0
  67.9 334.3 67.9 334.7 67.9 335.1 67.9 335.4 67.9 335.8 67.9 336.1 67.9 336.4
  67.9 336.8 67.9 337.1 68.0 337.4 68.0 337.7 68.0 337.4 68.1 337.1 68.2 336.8
  68.2 336.5 68.3 336.2 68.4 335.8 68.5 335.4 68.5 335.1 68.6 334.6 68.7 334.2
  68.7 333.8 68.8 333.3 68.9 332.8 69.0 332.3 69.1 331.9 69.2 331.4 69.2 331.0
  69.3 330.6 69.4 330.3 69.5 329.9 69.6 329.6 69.7 329.2 69.8 328.9 69.9 328.6
  70.1 328.3 70.2 327.6 70.3 327.0 70.4 326.4 70.5 325.8 70.7 325.2 70.8 324.6
  70.9 324.0 71.0 323.4 71.0 322.8 71.1 322.3 71.2 321.7 71.3 321.2 71.4 320.6
  71.5 320.0 71.6 319.5 71.6 319.0 71.6 318.5 71.6 318.0 71.6 317.5 71.6 317.0
  71.6 316.5 71.5 316.1 71.5 315.7 71.5 315.2 71.4 314.8 71.3 314.5 71.3 314.2
  71.2 313.9 71.2 313.6 71.2 313.4 71.2 313.2 71.2 313.0 71.2 312.8 71.2 312.6
  71.2 312.5 71.2 312.4 71.3 312.3 71.3 312.2 71.4 312.1 71.5 311.9 71.5 311.8
  71.6 311.6 71.7 311.4 71.7 311.1 71.8 310.9 71.9 310.6 72.0 310.3 72.1 310.0
  72.2 309.6 72.3 309.1 72.4 308.7 72.4 308.2 72.5 307.7 72.6 307.3 72.7 306.8
  72.7 306.3 72.8 305.8 72.8 305.3 72.9 304.8 72.9 304.3 73.0 303.9 73.0 303.3
  73.1 302.8 73.2 302.2 73.2 301.6 73.3 301.0 73.4 300.3 73.5 299.6 73.6 298.8
  73.6 298.1 73.7 297.3 73.8 296.5 73.9 295.6 74.0 294.8 74.2 294.0 74.3 293.2
  74.4 292.5 74.5 291.7 74.7 291.0 74.8 290.2 75.0 289.5 75.1 288.7 75.3 287.9
  75.4 287.2 75.6 286.4 75.7 285.6 75.8 284.9 76.0 284.1 76.1 283.4 76.2 282.9
  76.4 282.4 76.5 281.9 76.7 281.5 76.8 281.1 76.9 280.7 77.1 280.3 77.2 280.0
  77.4 279.6 77.6 279.2 77.9 278.7 78.1 278.2 78.4 277.9 78.7 277.5 79.0 277.1
  79.3 276.8 79.6 276.4 80.0 276.0 80.3 275.5 80.7 275.8 81.1 276.1 81.5 276.4
  81.9 276.7 82.3 277.2 82.8 278.8 83.2 280.7 83.5 282.9 83.8 285.2 84.1 287.8
  84.4 291.9 84.6 296.5 84.7 301.3 84.7 306.1 84.7 310.8 84.6 315.4 84.5 319.9
  84.3 324.0 84.0 327.6 83.7 330.8 83.4 331.8 83.2 332.7 82.8 333.6 82.5 334.5
  82.2 335.4 81.8 336.3 81.6 335.7 81.3 335.3 81.0 334.8 80.7 334.5 80.5 334.1
  80.2 333.8 79.9 333.6 79.7 332.5 79.5 331.5 79.2 330.6 79.0 329.6 78.7 328.8
  78.5 328.1 78.3 327.4 78.2 326.8 78.0 326.2 77.9 325.2 77.7 324.2 77.6 323.3
  77.5 322.4 77.4 321.5 77.3 320.7
  12 30 87  0.0
  72.5 321.4 72.5 320.8 72.5 320.2 72.5 319.7 72.4 319.1 72.3 318.6 72.2 318.1
  72.1 317.6 71.9 317.1 71.8 317.0 71.7 316.8 71.5 316.7 71.4 316.6 71.3 316.5
  71.1 316.4 71.0 316.4 70.8 316.5 70.7 316.6 70.5 316.7 70.4 316.9 70.2 317.2
  70.1 317.5 69.9 317.8 69.8 318.4 69.6 319.0 69.5 319.7 69.3 320.4 69.3 321.0
  69.3 321.8 69.2 322.5 69.2 323.3 69.2 324.1 69.3 325.0 69.4 325.9 69.5 326.9
  69.6 327.9 69.7 328.9 69.8 330.0 70.0 331.0 70.1 331.9 70.2 332.0 70.4 332.0
  70.5 332.0 70.6 331.9 70.7 331.8 70.8 331.6 70.9 331.4 71.0 331.1 71.1 330.8
  71.2 330.4 71.4 330.0 71.5 329.5 71.6 329.1 71.7 328.7 71.8 328.2 71.9 327.7
  71.9 327.2 71.9 326.7 72.0 326.2 72.0 325.7 72.1 325.0 72.2 324.3 72.2 323.7
  72.2 323.0 72.1 322.4 72.1 321.8 72.0 321.2 71.9 320.6 71.9 320.3 71.8 320.0
  71.6 319.7 71.4 319.4 71.2 319.1 70.9 318.9 70.7 318.7 70.4 318.4 70.2 318.3
  69.9 318.1 69.6 318.0 69.3 317.9 69.0 317.8 68.7 317.7 68.4 317.6 68.1 317.5
  67.7 317.5 67.4 317.6 67.2 317.7 66.9 317.8 66.6 318.0 66.4 318.1 66.1 318.3
  65.9 318.4 65.7 318.9 65.5 319.5 65.3 320.0 65.2 320.6 65.1 321.2 65.0 321.8
  64.9 322.5 64.8 323.1 64.7 323.7 64.6 324.3 64.5 324.9 64.5 325.4 64.4 325.9
  64.4 326.4 64.3 326.9 64.3 327.3 64.2 327.7 64.2 328.1 64.1 328.5 64.1 328.8
  64.1 329.2 64.2 329.5 64.2 329.8 64.3 330.1 64.4 330.5 64.5 330.8 64.6 331.1
  64.8 331.4 64.9 331.8 65.1 332.1 65.3 332.5 65.5 332.8 65.6 333.1 65.8 333.5
  66.0 333.8 66.2 334.1 66.4 334.1 66.6 334.0 66.8 334.0 67.1 334.0 67.4 333.9
  67.6 333.9 67.9 334.0 68.2 334.0 68.5 333.8 68.8 333.5 69.0 333.4 69.3 333.2
  69.5 333.1 69.8 333.0 70.0 333.0 70.2 332.9 70.4 332.7 70.5 332.5 70.7 332.3
  70.9 332.1 71.0 331.9 71.2 331.6 71.4 331.3 71.6 331.1 71.7 330.8 71.9 330.5
  72.0 330.2 72.2 329.7 72.3 329.3 72.4 328.8 72.5 328.4 72.6 327.9 72.7 327.5
  72.9 327.0 73.0 326.5 73.2 326.0 73.4 325.5 73.5 325.0 73.7 324.5 73.9 324.0
  74.1 323.5 74.3 322.8 74.4 322.1 74.6 321.4 74.7 320.6 74.8 320.0 74.9 319.3
  75.0 318.6 75.0 318.0 75.0 317.4 75.1 316.8 75.1 316.2 75.1 315.6 75.1 315.0
  75.0 314.5 75.0 313.9 75.0 313.4 74.9 312.8 74.8 312.3 74.7 311.8 74.6 311.3
  74.5 310.8 74.4 310.3 74.3 309.8 74.2 309.3 74.0 308.8 73.9 308.3 73.7 307.8
  73.6 307.3 73.5 306.9 73.4 306.4 73.3 305.9 73.2 305.4 73.0 304.9 72.9 304.5
  72.8 304.0 72.6 303.6 72.6 303.2 72.5 302.8 72.4 302.4 72.3 302.0 72.3 301.5
  72.2 301.1 72.1 300.6 72.1 300.2 72.0 299.7 72.0 299.2 72.0 298.6 72.0 298.1
  72.0 297.5 72.0 296.9 72.0 296.3 72.1 295.6 72.1 294.9 72.2 294.2 72.2 293.4
  72.3 292.5 72.4 291.6 72.4 290.7 72.5 289.7 72.5 288.6 72.5 287.6 72.6 286.5
  72.6 285.4 72.6 284.2 72.6 283.1 72.7 281.9 72.7 280.7 72.7 279.5 72.7 278.3
  72.8 277.1 72.8 275.8 72.8 274.6
  12 31 87  0.0
  72.5 321.4 72.6 320.8 72.6 320.2 72.7 319.5 72.7 318.8 72.6 318.2 72.6 317.5
  72.6 316.8 72.5 316.1 72.5 315.3 72.4 314.5 72.3 313.8 72.1 313.0 72.0 312.2
  71.9 311.5 71.7 311.0 71.6 310.6 71.5 310.1 71.3 309.7 71.2 309.4 71.1 309.0
  70.9 308.7 70.8 308.4 70.6 308.2 70.4 307.9 70.3 307.7 70.3 307.5 70.2 307.3
  70.1 307.1 70.1 306.9 70.0 306.7 70.0 306.5 69.9 306.4 69.9 306.3 69.9 306.2
  69.9 306.1 69.9 306.1 69.8 306.0 69.8 306.0 69.8 306.0 69.8 306.1 69.8 306.1
  69.8 306.3 69.8 306.4 69.8 306.6 69.8 306.8 69.8 307.1 69.8 307.4 69.8 307.8
  69.8 308.2 69.7 308.6 69.6 309.1 69.5 309.5 69.3 309.9 69.1 310.3 69.0 310.7
  68.8 311.1 68.6 311.5 68.4 311.9 68.1 312.3 67.8 312.7 67.5 313.1 67.2 313.4
  67.0 313.8 66.7 314.2 66.4 314.6 66.1 315.1 65.8 315.5 65.5 316.2 65.4 316.9
  65.3 317.7 65.2 318.5 65.0 319.4 64.9 320.2 64.9 321.1 64.8 322.1 64.8 323.0
  64.8 324.0 64.7 325.0 64.7 325.9 64.6 326.9 64.6 327.8 64.6 328.7 64.4 329.5
  64.3 330.4 64.1 331.1 64.0 331.9 63.9 332.8 63.6 333.6 63.4 334.4 63.2 335.2
  62.9 335.9 62.6 336.6 62.3 337.2 62.0 337.7 61.7 338.3 61.3 338.7 60.9 339.0
  60.5 339.3 60.1 339.6 59.6 339.9 59.1 339.8 58.5 339.8 58.0 339.7 57.4 339.4
  56.7 339.0 56.0 338.7 55.3 338.4 54.5 337.8 53.7 337.2 52.8 336.4 52.0 335.6
  51.0 334.7 50.1 333.6 49.2 332.6 48.4 331.3 47.8 329.9 47.2 328.4 46.7 326.9
  46.4 325.3 46.2 323.7 46.2 322.0 46.3 320.5 46.4 319.1 46.9 317.8 47.4 316.6
  48.1 315.4 48.7 314.7 49.4 314.1 50.1 313.4 50.9 313.3 51.7 313.1 52.5 313.0
  53.2 313.4 53.8 313.7 54.3 314.2 54.8 314.8 55.1 315.4 55.4 316.1 55.7 316.8
  55.9 317.5 56.0 318.3 56.2 318.9 56.2 319.5 56.3 320.0 56.2 320.5 56.2 320.9
  56.1 321.3 56.1 321.5 56.1 321.8 56.0 321.9 56.0 322.0 56.0 322.1 56.0 322.1
  56.1 322.0 56.1 322.0 56.2 321.8 56.2 321.7 56.3 321.5 56.4 321.4 56.5 321.2
  56.6 321.1 56.7 321.0 56.9 320.9 57.0 320.8 57.1 320.7 57.3 320.6 57.4 320.6
  57.6 320.5 57.7 320.4 57.9 320.3 58.1 320.2 58.3 320.3 58.6 320.3 58.8 320.4
  59.1 320.4 59.3 320.5 59.6 320.6 59.9 320.6 60.2 320.7 60.5 320.9 60.8 321.2
  61.1 321.4 61.4 321.7 61.6 322.0 61.8 322.3 62.0 322.7 62.1 323.0 62.3 323.2
  62.4 323.4 62.5 323.6 62.5 323.7 62.6 323.9 62.6 324.0 62.7 324.0 62.5 324.1
  62.4 324.1 62.2 324.1 62.0 324.0 61.8 323.9 61.7 324.0 61.7 323.9 61.6 323.8
  61.5 323.7 61.3 323.5 61.2 323.2 61.1 322.9 60.9 322.6 60.7 322.2 60.6 321.9
  60.4 321.6 60.2 321.2 60.0 320.9 59.8 320.5 59.6 319.9 59.5 319.3 59.5 318.6
  59.4 317.9 59.3 317.2 59.2 316.4 59.2 315.7 59.4 315.0 59.6 314.2 59.9 313.5
  60.1 312.8 60.4 312.6 60.7 312.5 61.0 312.4 61.3 312.3 61.7 312.2 61.9 312.1
  62.2 312.1 62.4 312.4 62.7 312.7 62.8 313.0 63.0 313.4 63.2 313.7 63.3 314.0
  63.4 314.4 63.5 314.7 63.6 315.0
