x
19.3254565661115
39.6455593427804
20.2439322269031
26.8525785318258
19.4089295593999
14.4151601627009
18.0477209802072
30.9934933239384
27.7385764136197
18.40693836857
17.9910222333156
20.8071283786083
27.5720050924272
28.4041318331826
20.1418703131726
25.9184309864361
18.5194147504106
13.0692974738112
27.262439186179
38.919906241555
36.6797241127109
39.550722704476
36.970743225114
23.7894541637605
16.8664547539672
23.524526124289
13.7888296266643
22.2195398199456
17.2415930934461
17.0960931578413
39.3358327838536
31.5029682164387
20.8744736885659
17.9914511999129
14.6536824497657
21.3416376735497
21.2410048866129
16.9768552665403
28.156615340888
15.154266398964
35.2018144558282
15.2210776547257
30.7548052003738
16.2755946051781
30.0657528381805
21.7514919465579
28.1177400520693
20.0869675780858
32.1186155117082
18.2456153476237
38.0741733681888
20.2479402705573
38.6923702462982
15.5704550180296
20.1667181963434
13.0512118983989
32.2636269840233
16.4028662051884
33.2006374160698
21.8538718039665
23.6419098558914
23.2372553573774
16.7013581205332
35.8536132880425
23.8903458981053
31.6247510796367
31.4815703171304
34.5510628140507
21.600780917299
27.3048134961067
39.5455408751261
21.8890265964661
31.1200807325483
14.7646816602998
28.9051092800077
21.7155933309655
20.8753986965207
21.2858470048939
28.6471631587148
26.9011244688928
24.9896769193194
14.0539909948861
38.7668263046806
19.600812588565
28.4779367796608
26.350159113855
29.7205701453587
37.3610984255601
30.3333084332889
39.0540814707236
24.830640211802
33.9235400392447
40.1188575694322
15.0428732944574
12.8464377889445
16.7253513743717
30.2067975173128
17.5685596372563
17.4861334637614
33.8137263350676
39.5769140001976
13.3131659557696
38.5038570617137
19.2988533781286
20.1679503528141
28.366658089298
17.4627359905033
40.2221769185105
19.1787001035699
13.8463028720571
28.7419182630261
23.6146756322615
28.5429781993957
35.8885259215616
16.3914310344629
28.623824315614
14.4183171006669
13.8620034982958
39.9857729406764
28.2271558276782
34.8070208863688
31.324749604912
22.7343461969021
18.549096876527
35.431494448032
37.5250537618518
28.7137753953518
15.5779911439588
16.6386566821029
25.0597748083299
35.34145776956
23.4645426163477
31.6823585185766
24.8732844285223
25.657283980736
38.3888985564607
37.903003346699
22.4643439971384
24.4081517554199
25.5999950149825
14.8056785674461
14.5040102772914
12.3169169164611
24.5420366003406
13.5325399135795
18.6981583070681
33.8729414393328
15.408615707429
19.3693119178718
14.3466863447879
21.7238143024584
15.7124814220348
16.5991026223204
21.6230677573893
21.7700705913808
39.5361001869394
23.4371556595136
14.1375138910807
16.9851727706371
19.3710701939222
16.3044589788896
20.8213081887331
16.1054427782485
22.071317440781
20.2766947958656
25.9916347259434
27.1978514099604
27.9484535339445
39.2996675193567
35.7738216424282
14.3953202997131
16.58458307192
36.2127497383793
18.9542688788551
17.5254228871222
38.6337366267034
18.6800777858349
30.2836834028096
22.1415189519616
26.4501648032458
18.7184844369168
27.4170462827895
24.6923711033239
19.8115803374955
19.6572083244692
16.7812687784339
20.6166611673738
37.94263772448
27.1000976206961
12.7882378802976
18.96975504192
22.6118209092624
16.2420717445522
15.6376207714676
14.8125405435601
23.2973708230648
38.5651491360618
21.1345292910208
26.5535117643895
25.0837466472895
29.9994545929418
18.6326387073702
38.835671636008
37.4306308854692
15.7018459348419
16.9177187123388
30.3291087120667
19.6410995749966
30.2770715786959
27.720653210289
22.8875743777247
20.1259787460319
20.1846676899992
16.4232722822523
39.362701709607
15.4216914403063
37.4110150818226
23.2430923132522
16.1803351536073
20.1334144588822
14.9513963333337
21.4046322362398
23.8892480039257
17.5859775161865
14.6761397601557
30.5309713962706
13.5669001362819
22.9515906227357
32.0972885999055
31.2932581795903
23.9309279648166
23.2227613290035
19.6769653736093
17.3917002049233
18.7760739836436
21.2913656398859
23.3640345949223
22.3984057395747
18.8071074424384
22.7684358965241
39.7537828869909
18.3051987447115
22.6820063873138
28.0220679948126
37.7747759088204
23.7330666853514
14.1061262533022
26.8242285168413
16.6850121612241
29.245121914375
36.0763146020395
39.5655637166076
16.6633916753613
15.1059601796793
26.5362674855029
13.1535070343394
25.6112498570651
24.7482524279846
38.7549233348484
16.720189391545
15.4175493519986
17.6134668127568
21.1652186748401
24.7949497480783
19.6699484914318
31.3086920339064
23.9552003828687
29.3164762606154
21.0785089692564
24.3385878936248
40.0757348724968
13.6394528185438
14.5955936427669
14.6397115192224
37.2407009889563
16.3509099457344
21.8862326809129
24.5424777642841
14.0714467721001
19.314406383732
20.5335896959319
26.0822211631734
38.2755437992547
17.5571945003443
27.1613392366198
31.4748635557062
18.6164676709645
20.7912542605344
18.5066388589352
23.4888847253182
25.827173702186
24.6700758556343
24.0111844796939
14.6811097919779
32.1022229902575
39.7519391272067
27.2466644364321
24.7742172783602
24.9210593095236
24.0199689217065
38.9612539673283
29.2944630870848
33.7514562801498
34.6859211858231
28.8555760309985
13.9820557156289
25.1800199731115
21.6022062269362
25.4346502401756
24.0349677121121
17.5223272355569
29.7213758549422
28.7348474474982
25.4726599286145
40.0148474292279
18.7997931287451
17.5502196478067
17.7114168379919
19.4001412184148
29.2525424968716
22.5484967347402
22.6874665853485
24.6580022247716
26.9475294030367
14.4343095183763
25.1364652729795
17.4986487597547
23.4714137300449
27.7247737705085
16.229561398952
16.5449275333209
32.3021212151082
38.7414466365296
14.5677200463147
26.5767378456985
14.7177835533413
39.4855472602156
25.9203048246661
21.0877763149113
23.6953408264536
29.1344848250271
13.7623823017285
25.047491719141
20.3630264353232
31.3182932667904
14.2874340929172
18.4180183777703
20.8273688864978
26.5522444011484
21.6842952093703
16.4824018823111
23.1634087064177
21.5521964102617
20.5532234099248
19.569830527617
30.6350696218162
15.7803230279912
18.7660942796813
15.0062510915833
30.6535791342007
39.6937661561032
25.0653808727075
25.3779194435299
16.771245805273
33.8502142870262
11.1643009453606
17.7234230939347
23.9238277122532
15.080371601204
15.0892514186589
20.2650984736708
16.6700817808188
32.6144125459854
39.4249194077418
15.4137332917173
24.6536354551402
18.7751932717248
23.3164156231661
37.417650200928
15.3402382594701
16.3329855629261
35.2569054637293
38.9118167576546
23.6289281388804
13.310925076419
13.7955712584683
37.2858006923227
30.2926038405257
16.1282509523613
29.0349553746723
20.1279327724662
22.1342968708972
39.8160708153928
22.1236703250284
15.385445971154
26.0499464731345
17.2647038671176
14.236622526344
31.6701139035844
28.1224933697356
23.7545838077466
38.7359187967602
39.0310285930161
13.9882451495835
25.2860859519081
32.6945081125982
22.9196973947576
22.6481780998756
21.1842885281013
27.4271191561029
30.8716611595386
30.1359758174649
34.7119854029308
25.3025001744499
31.874511841203
36.1468948797437
19.9948606671269
32.0979080567345
16.8483937456506
16.8483027414856
21.2758354787401
25.9156346167378
13.6191431285326
26.5210964673268
26.4953662180947
18.2709410276266
32.8480818329543
24.4946634599698
26.6720345617054
40.080691557242
22.5435914305073
20.2492520982012
21.2696778764577
25.2788902819757
23.1312718984114
21.0311995929344
23.265109204954
26.8848751266915
14.7160006360438
38.5449562344449
17.9113266614907
29.4847448736878
15.0389695885451
17.8794795407413
32.1419990776273
22.9602987308337
39.0058920958143
20.0489071805948
19.2280837295439
35.8227557285011
20.7965327559009
22.8014768395803
26.5120328306275
38.2620255157416
20.1855519684772
22.5562832070702
30.627267782491
15.4200530123821
32.1791573095881
26.0891302283687
15.2040664989101
24.0427255105848
13.966980996976
15.5699893023929
15.8514594397066
24.0692932698234
14.9793150954407
17.7178632348033
27.2681445889713
21.1384468462187
17.5939201535819
37.6751092537513
14.745713941536
34.0661074278329
16.7475925188282
15.9386061460875
14.5636081358324
32.8958729097964
31.0092725736948
16.6012751785423
20.1334165933802
21.7744266321681
24.9468000125085
21.4511035254165
19.9161688678182
32.7409764179734
21.7085608262747
39.2653607211141
25.5654563003844
18.7170864745895
18.7585187696393
13.2227599851338
22.1126947679605
15.2185425499225
22.5553788188325
27.3312925920151
18.0994132128855
26.0895405658177
21.872970862071
19.6181940953259
21.0884020254904
30.0211434088301
22.4129951473587
24.2110056338463
18.3880071133447
19.0550108597653
14.5634599265864
38.8172508046205
22.6602180748438
18.7512297002618
16.1311698610994
13.3868082309999
26.2812828653919
12.7106042007473
34.5294445315333
19.9338169279438
17.9933331072058
14.7502848806495
31.2756115689558
16.6333203113926
40.1266927734619
16.1538042780702
15.3463584010997
34.3487228010481
28.2118782205804
33.9051006040221
35.056238811368
27.0952903210443
20.3406829176618
25.5101308943613
22.3085491129547
37.2261535485976
24.8219413931982
28.3479381403501
40.0955841600557
35.8310228438371
13.4506768516071
31.3359151103398
13.5797439957665
13.188056348356
19.1068923578452
39.2297978911249
21.5762496385477
17.2854717781858
25.6744624183831
18.2443561597174
32.7237966134026
19.4424763029537
22.9047089681641
29.9443972963389
26.3162240588988
17.3279090939498
34.6382105971829
17.0515076682962
17.424899611446
13.8598753539205
21.0661732879229
22.7549097157082
20.5085936952776
16.8203540570888
38.2100264583789
18.0332711657074
28.7241741783835
14.283739189007
34.1043041884196
12.8084975873572
13.9923423817078
18.0094435989041
13.1965155707687
12.0732960591799
15.9276139020924
13.0973980874622
24.4900106917493
27.1184398717309
25.6011120290539
32.4370870601568
38.7352661453761
20.4837818271013
21.644940663595
24.9076015882138
33.4783559885924
23.1719611007185
15.8757904875605
26.2310865733919
24.4307418919809
12.7113029098308
18.4394272997055
18.0220297914822
18.5992989643915
23.695138934872
17.6215262454082
40.1705787014612
27.4264234317569
19.8466733857313
39.6136544264609
15.1039254380344
12.7246652566361
19.4232049567405
22.3854906143612
20.2108491652745
25.6726622678853
12.3438364359891
18.3012329917641
28.0664421034827
15.7754749111154
13.2030855929255
15.8214156379441
29.9737544455688
23.4160044257091
16.4511329400393
24.2080486962216
22.3334814033943
21.5703561115878
17.2780792625976
24.3117087517407
14.9307430059303
27.6264485138764
35.2090501116559
13.9509868026607
21.6218687129335
16.3798573298018
29.2931295026227
19.0229957292384
26.3234534075298
14.5097807818481
39.9667235281684
20.8303573452899
39.882862978531
39.5822824729273
30.1735955084153
28.8733303778632
29.5348171417381
17.565370581066
22.7232252463496
23.4063805871972
15.7745837935214
22.4908697778008
14.4661306257568
18.5559416234841
17.2214873022292
11.9719183687468
39.4058342710463
14.8462517644918
20.2631474440154
20.6997203887515
24.4071907910437
16.3526212451376
17.723044939602
16.1893396614273
15.6167520812119
14.85766185484
12.6328497893694
21.5750284607772
37.3337271141416
34.1239877087776
39.4246168051448
17.6147476487505
38.9448725858771
37.0382606585189
13.592208955945
33.4738234245891
12.5531347152597
38.3789357780153
25.1640242028076
19.4724446608632
19.2061223112227
13.530546903411
39.9681286911036
38.5494427826264
14.7582048410541
36.787473331498
19.4405380764823
22.8149406835383
18.007627427873
24.9679828659776
39.988139285595
39.8359785361858
24.160324491938
34.3136334698305
13.8315566061996
28.6568880716565
30.3675020583041
20.5500470859944
34.7394086271938
37.4048673674669
38.4341743969161
13.3989701073566
20.4769881700873
29.6188874717401
18.4153747045464
14.9968347930883
18.2883818153415
16.3099079754601
23.8509692103454
15.7418714631051
13.5398093570722
22.8750157089185
19.5723162817787
18.4580068732102
25.6470231010195
38.6968642384315
39.6309778864747
25.057814084845
23.8012928938849
18.4796330355702
25.1698101850927
34.8591492317058
29.9800573140542
16.1768733626985
28.8995229257428
14.0956109648053
15.2241202996697
18.9796245633898
36.2049677302607
17.6607066852955
33.99135810314
18.1798815392306
14.5528212439328
18.9473277200785
17.9883690801025
14.7498506391516
16.3469267041389
23.3591745916292
34.8701229336635
29.468861167665
16.6115106971498
24.8369440272385
30.9936275862974
23.8954363846783
24.1085220774013
22.5383605308018
21.186044086523
21.3320852226696
18.4848487985524
27.6405989846367
28.4045331376125
19.9036355737888
25.943719906853
34.9315371212861
23.8598789296389
28.7699978868999
31.2101837496384
14.0795488562478
37.8062255338761
34.1599681394487
36.4929332641547
21.4345281394741
16.4823907981137
18.9776744371522
17.6780687848877
19.8446935478379
34.3099471670762
30.6965594782118
21.833069550082
27.4121422488861
20.6731412855055
13.3075304520984
16.2655722006825
14.8768928947626
39.4608323626076
21.0359196517093
15.0933645462507
16.902324090015
27.3913937653374
16.1707675908223
26.932062269368
16.1907595851299
31.6536907832807
17.2348359340775
30.872418579955
22.4272714715074
23.98494307753
16.1156357689535
23.0405807889623
16.7541104870996
39.1247173115603
25.8424722408823
38.9716755369656
28.1485924469376
38.3711699222171
37.0260666752905
13.4738919339269
17.6350016084995
21.6571658884588
15.553758951994
39.5554150262927
31.1783621792198
18.5008467654191
23.1040407860639
20.1942759397486
15.5437236806736
24.8041005282821
22.4753615442709
21.3268577620989
18.4912001386341
38.3566478569013
24.7095012851609
16.2514702624232
13.4419216185349
34.9878997663566
16.7206075518828
20.3848259258421
19.7146778433127
26.7488452126955
15.7125833977077
27.2979297179997
39.1542324860671
17.4051597196599
19.6307695111076
17.3410024503726
38.0804021811257
27.3204458168289
23.165089402351
17.0593910227888
18.2436135869127
20.7981804802274
12.249125940014
14.6184900699279
14.5352094663005
27.5046624718164
18.0045927944367
15.9187936604974
25.765582311491
14.0631643182441
36.023994061168
12.5940592828996
28.076265824222
14.9936874916538
37.4401489425129
23.5932663162676
23.020870218915
34.7514938572734
30.4332656030097
35.4271482452713
16.6475863611628
27.7031231278009
32.0771271479495
22.3111550684704
23.7007964697161
25.4964006306708
15.088916529208
17.5464098078315
38.5369668460127
23.4552571454397
13.7432990233647
18.6845513619938
25.8080661051309
35.0524524605875
18.6816788108203
14.0855314084484
16.3355283444892
14.9873956636563
14.1343261421607
29.9937342009853
15.1503619728367
19.7662512744204
31.9106832991057
28.3853548572027
17.3197810425497
31.9769310588299
14.7963270298285
31.8066182571186
33.1301085577827
13.2157564995217
24.2264964815092
15.2307508985961
37.5845092055221
15.9277625754984
15.909016213108
31.7989702161437
40.2879189653562
18.7100767206275
14.1751012674254
15.6778143307101
25.8468382914385
20.407183955454
26.9569970753104
25.5924924399958
39.9108009908076
32.141352632053
21.2240729155453
20.1926298744855
29.1509124590906
24.0676587105696
14.2829501991523
30.4345842474244
17.2219991278581
16.4586365180148
24.7424964476737
14.563393017867
23.1773908176506
24.500386010009
12.0141491044515
29.3240449395056
15.9651884340146
24.4681068605596
31.4311032547739
31.7937789068357
20.0945268943955
39.8362797672065
22.3985209862076
37.4419410337023
19.0303144055101
17.0172165912422
25.3245138101163
14.8969546223364
19.6955311191116
11.09884862527
14.3527192066664
23.9322098287154
27.5274518813463
19.1317364260897
12.9565306257789
31.7183785522572
29.2035872769415
19.974136579705
18.9551918757528
19.1027686959406
15.5269459196706
26.6000311704894
40.3121890741048
15.4340412273637
30.1997684123753
14.6689053961217
25.256844017878
30.0756484571776
25.3923185995988
24.789853119573
24.5993398229234
17.5183120622841
27.886001723444
17.0752204183204
15.2477254106554
16.6830351124108
30.4175390894545
14.4044472207804
24.7795960749815
15.463821525475
40.1045830040456
14.6529193452426
30.0663412772036
21.3544515047712
16.0016359272779
26.3196725151842
31.7896959024602
13.5951687070502
26.4300544602626
26.3300958131557
12.8893427466739
16.6187275461523
20.8628741628627
30.9266223198918
16.5864022407348
17.118437063808
17.1868988435067
23.4698580827697
39.6564813676927
19.5007426637288
19.6517596632013
21.005924356888
23.5711085355944
23.7317431679927
39.5826163338857
21.2025573851295
20.2337374317172
26.0550493292053
16.1288493027496
13.8770087492999
22.2289927528672
17.9083732320125
14.1244444233379
18.1181794479974
13.1749920718501
22.0642613140818
28.0338313555284
17.5890028466529
16.2551181291014
21.8858743623279
37.9398892756937
20.2195304668694
15.1454245974288
24.1539780411672
20.9593700501875
12.8276469625878
20.9258605690045
20.3053366064199
27.5680636414008
25.1608552608164
17.4727060807648
39.8605610324433
26.0430170865076
14.4365488708696
30.120768515261
19.9697958430543
17.5463151918138
17.6449586558777
34.1399964249609
17.5844438840222
15.1179972188592
14.7856441949193
30.1314248429469
36.6026267059623
17.2082711176349
38.6266704164881
19.1834372357297
29.4596796334231
35.668738618502
39.156966500758
14.9172577764689
40.1652691134238
32.2711386362196
36.6810544873333
21.1925694011282
19.8951746041209
38.8649554132269
19.9371074717211
30.4384135108325
14.138002204573
20.6683144360705
30.5251982867151
36.0337930451788
12.7829206015331
17.0341275350118
33.5036668560147
15.6274816368466
31.6173157013425
19.9940072834178
19.5427366292758
20.9569641154198
37.5705543050978
18.9097706758911
40.3384364184865
25.3899942978102
10.7361983736112
36.0054350653992
23.3484815198981
13.6764770755223
16.9412749003115
19.6242696049256
26.4898590267812
19.0706697673593
14.8713528420213
19.6058917483465
24.2358910036255
20.3348650824252
21.5690335632593
26.2616298473284
22.9915651707974
25.1462822656849
35.2932718985263
21.0636023601743
15.6228012661704
30.7488517945519
30.491552260057
22.5465534727469
28.094807629128
18.1187881907145
25.8421162369446
34.5377887537995
27.7409012903468
21.9550591022311
16.0139565300177
38.0442757914598
40.1009028270324
25.6051414714576
16.5828922873472
20.2455958325372
29.5650485173194
35.4898660332928
20.4245707699965
17.3888399185288
33.0060399741649
24.9642752117309
24.6836949749672
15.3370417672293
26.6859187649099
38.1828396706943
38.5310014417888
29.0930765567079
15.2244427276573
29.0302427589356
16.497401535015
21.1666774480332
26.9946096345771
23.8425040241583
19.062170811044
19.1998880446573
12.7873578600855
34.8259252870347
13.4331612784426
18.8291474418362
16.0543682999301
27.9215567772397
38.4528257768615
11.8691912229906
20.3977657490976
19.3652748192087
24.1580623294841
35.0002611198634
22.6550887024192
21.0752131679628
20.5616958420029
18.3733076298328
32.7347172368769
23.8802208858611
31.907043230663
38.8111069198243
23.2740974561894
30.8210023830127
34.8915022991297
32.1130415562022
21.014885473202
20.0089919410801
24.6505871434561
13.520995442134
38.2481309354412
16.9449205959027
35.4947628259573
15.3394260746082
23.329357889293
19.9558711134882
12.1722144554876
16.8443786933895
27.9724327493754
20.9847943337688
16.1522042961282
20.6234418562084
39.8887471716356
20.3001024742747
14.3359064313181
16.5743271096936
25.2476181877204
15.3807636397297
16.3534081784124
33.7169056347151
21.4823672042208
18.9465406361539
24.8392505877733
39.1505513299485
15.7910610022395
21.3904876813019
33.8224195346746
20.050922595773
37.9232851506365
38.8549305291666
13.3839868698664
16.4054188902095
17.1322954779974
40.477427187478
27.1307333368299
17.2053600278343
13.2010610790513
18.802796471755
20.573374831993
34.0535643402468
19.0098028877679
24.27152657084
21.1259544408333
33.3096784255823
14.0012117124899
21.9621568078374
14.8222207403157
22.7484249961028
25.6505092015797
39.219261607005
24.8797662956817
40.2578511094119
13.2707172117527
19.4378844113125
25.2765821702417
38.8578055897485
29.2055035527834
26.105944501893
18.7944355390373
14.0307148382299
29.8653475582627
27.539408034213
23.6117438937561
16.758035291468
17.1817362888182
36.2039237418753
23.4162246685708
28.0489622595228
38.0670816897975
16.4608082765472
15.200653798017
18.0063819997321
21.5552615628548
16.247615929026
27.8964649064423
12.9232635356704
16.61284444946
16.6463215211246
24.6580597872002
38.8855453663368
32.9001197183963
17.7008471976552
12.3448791859271
14.5688842703728
22.6754347312941
17.1953430746822
38.9080146098482
15.4973307769598
21.1699905315612
32.9887990822463
30.6522269255391
18.1901700575171
14.4183942102888
16.9891563479628
15.6132579741909
38.0314566503528
16.5782773172644
16.1986332151864
40.2550677231255
25.1617236264837
25.3947166525475
16.1902197053102
16.3614918549816
16.2121739447345
16.9717574520456
39.4087586388937
22.5241528524952
17.6751753923271
38.4780947344997
15.2257684736543
14.2371651691004
27.8925767159049
14.698170497616
16.0785600397443
38.3516153900753
31.9772976587589
22.5936638694561
20.7517276579225
29.5747426163008
21.7085294387897
16.1858965912275
16.3089115308529
19.2825203157352
20.7909351126687
27.2881998716826
30.22266131123
21.6444474401874
36.2259283028074
25.3502936688762
21.1684891841663
14.748124033235
16.2679302062338
23.3542647503041
16.3679628343371
19.4258224153822
26.1498876527382
25.1234497509213
17.0499816652626
16.4343482995704
27.0776293029609
37.3390752076247
30.6051261202462
17.5294562470179
22.7840736956743
13.641138754986
19.6033013793091
15.7760336014122
21.0454945694808
11.6733062962372
17.4034303733364
32.6041189886637
28.6332323181875
16.6993393942777
15.3940957690109
30.1207059215952
18.2860316205561
19.1780823323557
31.2427337392572
18.3502198146352
17.2551019398344
18.3621164353387
22.0478968587377
20.3282535293236
13.8657194256253
15.5224088899773
13.1981770650022
28.9812188597123
23.7535145343664
13.0467371945303
36.0663852497053
15.191624229055
16.7160161924662
40.0738339871423
23.2701060874553
36.3252624104961
24.8661985877808
27.4332702419081
33.1427811299169
18.4733284095646
27.9048246297586
39.2625614440952
15.3508508604991
15.4543168472658
18.415650967054
19.9430749903353
23.2491472985952
11.275840853782
39.1828257551974
39.9376342323654
13.8176528640355
35.4911639661061
36.8582658739091
30.0358889451734
20.836444447491
23.1026913175566
21.3446293725202
26.4321233606355
23.948749853092
20.0241452576599
27.247771375825
17.5558740692474
26.0278012831611
31.6188631675875
20.6426034142416
19.4421567469638
25.0268003269676
17.1022094809495
28.4753171462462
39.6683486450412
18.7875714293495
12.6077114317349
20.696485714052
27.1211902962265
29.8756170291513
17.3355730975875
26.1910642538146
15.9399044815203
15.1501100689895
29.1929453689044
25.3477781702435
16.8645965437173
12.901230099273
15.2703202757653
39.1612784031826
17.5352521004711
21.8573589415269
25.2467685284108
23.420640767203
16.9472241850556
38.879380746637
14.8690527965872
18.875637393563
19.9455876291667
36.7076926382587
23.4313689106938
14.7451130849326
15.0746486986691
39.5035568735307
31.6971744240015
38.9560320923399
24.1152994232535
19.6253850600085
16.2274719690339
NA
15.2760377999305
30.9864549461982
20.0532835071401
39.3993465859459
19.7375465629987
20.5699614874441
22.1924555157646
29.803260204392
23.5374658773251
19.9152833911573
16.0280779508162
16.7495452625424
20.9643231447619
20.2871779131115
13.3646437555809
19.0247587759728
18.9358684735317
25.2569435218369
18.226633420202
37.7225002355869
16.5539853811102
14.9495472852761
16.8411720545163
24.6764573116389
23.5462055083741
26.480587910122
18.0376612185201
11.6502100342381
18.3107554916207
26.539944139708
20.975504364079
25.2175821029987
15.9744119554523
21.1881354120376
24.8873642846268
13.1979020492731
13.1242222876739
25.8582745963032
27.7325760214286
13.8183725231603
14.8604395199287
11.3303124944766
22.0120938112524
33.2298838163804
39.2437805588943
27.2682677299187
39.1451917914759
14.9598588315926
18.1472920363496
21.473180178072
17.7958175288506
27.5741022735876
25.346149909985
22.2326358956063
39.5126809881777
37.6348175109537
24.2329020344744
22.3771365610355
15.4181791764214
23.4394309853404
35.4886136943705
26.7900189724678
39.8015538780568
14.7287344485377
18.0255888935187
14.5450552678661
37.3904577588809
18.3035174758005
13.9643945617204
21.4645544290942
21.255914509939
23.2359271882541
34.8688480872166
34.682626980503
25.0618254961092
16.1068661989411
15.1610008606197
18.1518132742677
32.0424072591644
19.3775524359756
14.6825311561716
40.1758015749898
34.6896550185671
18.7399013407199
37.8593384314257
15.9937001068356
17.3711165939099
14.8823248218723
17.5891406843107
19.1564467757759
19.2978470139677
23.0770189486687
27.0302367196098
19.4746972114417
17.7679783197545
33.4599057474842
15.0934717967718
22.0928742820352
26.8285372783587
23.7336393437001
29.1754698362416
24.8421253801779
16.2909346169421
28.7347156397843
26.5269147389605
18.38499072046
26.0861658644504
16.0927470608052
13.9058825419235
22.1786726947962
16.6945833773197
18.6811585664956
39.2780167456135
22.972852203434
28.1310079016089
23.4130402579446
33.6182948332115
13.0260388451662
25.2571368748661
19.6214705964422
11.6811623763202
16.9060840310474
18.0772768696639
20.1463496459266
22.5305393292614
28.2094826923381
19.413684449786
34.1505687223712
17.1459536660622
12.4843081830718
40.0521664279718
21.5408613887236
12.2275893000234
15.1057249763124
15.8011228900412
34.1872839379582
20.8671822835109
15.382208223556
12.8240636340231
21.4998881139529
25.9974279282748
24.1145789908349
17.840649025641
36.5590825978321
14.4343359660086
19.6529759777004
23.2017862057639
28.4448021921112
38.6978852235533
25.2448601423473
14.4540357688825
27.4166847429597
27.3947465126478
39.9582522057955
23.2688798449651
19.3673936055903
15.3129302777161
22.5636053985214
19.0264718118824
15.1940200696939
14.8308911009701
24.6521269360645
36.7099646311106
15.88213485814
36.070862184381
14.9320421581277
36.5632802102847
19.859089874603
36.5411129184173
20.9473115212331
13.9746821300934
22.1596313434421
19.6794171659233
13.7690353207961
18.6760398026323
27.9401912486677
14.2217762970848
16.777507211097
39.4422787345608
21.3128397985178
17.4892661721196
20.8237835710049
23.109881571557
23.4887137087953
14.3825128759232
17.4463166644489
28.028626064895
38.2057280638594
18.502870740595
39.194410880178
39.2859197728672
16.0644755331525
19.2236415013211
16.6545083187032
16.7459554932529
30.1031588951915
19.4226642699348
16.9674583645096
22.7923127939636
16.6321365354103
16.5746343962619
14.9677064188407
16.450774813353
23.6334359473328
19.668788597282
19.2620190958328
39.8879516932294
32.9639218566803
22.4931681226859
13.8107643041314
35.8540170381741
23.8301348236693
38.701550283437
19.45158863646
22.7427163928884
25.7143522047067
25.8076631852119
22.0932363480778
29.5147143413956
22.3747196554088
34.6055383005544
23.8744078584797
37.961178684789
34.7546151251213
25.3846230346169
31.8149240293635
12.3725318334043
14.5020758522161
17.4597156004388
19.4784514364032
23.7397767245274
19.043532233391
14.1488378307426
35.5430631776865
23.0604485040049
28.1021540265203
26.2807198807938
39.3631116209727
32.5939268158302
14.2960314492006
37.5295706978295
14.3738252249456
32.2175938641962
37.9439252981802
15.9013814578625
21.191106210137
15.3519200426763
35.8464950053732
14.1282786392415
18.0465974797673
37.6238821872766
18.7016240192026
15.8089461750583
18.6365297894855
17.5652187215349
16.4947091336262
29.2394564644542
24.9438749100033
23.3509647071731
33.9602006988001
17.1406430723311
15.8858494289345
39.8842429252735
25.3677173435794
12.1288370653356
13.0571531953751
15.4813420593079
16.169084727621
20.7485678492355
25.6198720966346
37.4914571423749
38.3011282472387
17.8858949877521
14.8761753139636
36.143399501281
18.8851758231837
21.3898492926392
17.7379943721509
39.4392448057569
22.0179525746518
34.140125154441
36.0503884141134
40.2176954580131
24.3568049593653
16.3830110913991
39.0854140423343
26.6940022132824
11.4947686945574
14.6240498180109
27.3432658388374
18.3366179827527
37.9598357360783
24.3996983475888
16.8831469384724
24.7386114894048
27.6512324204548
36.5649692401489
18.8076502972799
35.0869081618782
37.643761945162
12.9962003638075
29.7581271170694
34.2739753115976
13.8058397532961
17.9485804811956
12.2949626154856
22.2867960180426
36.1374077055718
33.0679513519135
11.8287111770791
22.0013839153121
25.9542360198302
16.7024809359391
29.4234690174664
17.5746648231385
17.8802334640218
21.3904965767558
25.1070834368678
16.1921732883831
12.9136558506005
11.6097281239158
17.1639509739344
33.5307728329813
25.7838575529747
29.0866299215238
22.5641183040682
24.1637993285294
17.5715169334224
16.5726168458781
17.3578642500354
36.3019168334644
40.155097581457
21.4444289037901
39.2360208441103
16.205309780598
18.5093273111441
14.0497737712875
18.3612380329853
19.3445758580767
12.0853858274249
14.5377645435419
19.5493935494799
29.2387219198554
17.0993740281731
19.4324142895559
18.7339597961827
25.8616999923334
24.9800360821342
15.523136743716
17.1352787050422
39.8959423001897
15.8393736132703
25.4438278727522
17.77109533909
15.3315162745651
14.0192522640898
15.4133499972883
15.7864060674901
28.2995552690281
18.9966273455428
20.50311244699
15.7765827776008
31.2643084172821
25.979391574955
40.0989811913208
12.421171845974
24.665110935469
13.1247263695671
24.4866522214406
14.4910671866364
32.2958303427969
31.7143325052843
24.0880540991052
19.447764602677
11.4155501861168
17.5976845663517
22.8951184488242
29.5679581051002
26.6229704584685
37.6778105166308
24.2575957336063
18.805824050844
13.4616101044784
16.2437118981522
27.4500913324266
14.2973613625618
15.421299158723
19.2117381873918
14.1449365954185
21.1636232942598
16.5945333206738
19.4215870354395
24.0794227285573
23.3743902762691
32.521693633897
30.9395589457073
17.9864788350896
24.8444211769122
35.8226851447826
17.989424285481
35.3074645847031
26.4557756556577
21.7221747518012
27.2927901669276
23.634424183673
39.6740284331192
22.705911652172
33.9373918506516
39.6357748398881
24.9523079588118
14.2695450400157
31.6473272570933
18.3193115704302
15.6758894287362
23.4656608298865
19.5567084057071
16.4654231670851
21.4863551268437
18.1176765963096
13.0727390246054
18.733191594543
32.2685378158164
19.3337805530249
40.1922162230011
18.0767258325446
15.4587197854568
40.0466242233684
13.761386485277
17.6241201869068
19.2489125784578
40.2160481073847
16.9658806686415
27.8676488009406
27.06078114098
23.3383147225833
21.1191637581252
21.6527039882317
20.9250480489913
18.1336753683246
27.7449397333493
38.0242911497558
26.0123429416256
18.7536713867897
24.8588697609889
13.617849921116
17.1872266563346
32.0825514527226
27.6203629285681
26.4000794103035
19.9064056576212
17.938509376049
38.9561174041465
26.0662364520105
14.6328196969109
40.1746817456997
14.4322542239567
15.3462791209254
26.8646384740499
38.0110986532525
14.8407018536463
24.2852797319376
13.2227381306534
17.8364893090799
34.8604381091423
37.0952564723348
19.3958793523617
21.3627682837243
25.8649589875721
21.1142256996613
19.3129058654929
35.2204600648733
15.7930357217692
33.340671865347
15.8102699611671
14.6197997841476
24.3803399568729
18.8973525870207
17.8153164752165
13.9370095484608
16.8567232685511
18.0262888680483
16.6432683229924
30.7547473427411
39.5546040907923
13.0701440593421
12.4746023168456
15.546538466272
15.9863765221328
30.4546320037925
19.8329084332958
16.0292792977
33.3744779372608
30.338438995787
28.9499288413944
28.5191724041377
39.6226800635702
21.5159331722708
22.0684378826236
35.7833666479367
20.3709694623982
16.9239530214798
26.8793423221136
23.8658960451156
33.2715028121597
18.9668397861759
13.9309807309745
37.4088580277324
39.7412472972716
20.2959191639265
31.1753458039861
23.3500667646916
22.9849123794013
13.9367739038544
19.3145725162747
26.2547273795622
34.7008691687676
27.8406825807751
31.7131165889423
22.086346489464
29.96068090961
23.1265900552932
15.5003430129363
15.9576882209154
20.1208768448889
18.2976766247565
16.776662528151
16.2631012895566
18.5925112007659
18.7379405332775
15.8504141940519
16.3016435760032
35.0478039929792
24.3348973952524
19.5500693580995
36.8149723021854
27.1585517892628
34.4756682862386
15.416859105287
29.0544921226552
13.6366297243976
35.2069191442132
14.5502551051409
13.9370415403647
14.2695279998505
33.0802666190406
14.6531719006874
17.1471009806562
23.1515512347467
29.0154310577236
15.9414943176251
19.2542568640522
18.072914616652
24.3733586474935
15.8743908555146
22.1796353806039
25.5431928985735
15.763381038656
17.173278337321
12.5615815258465
39.0371984361209
35.0081951687342
25.9392445144038
37.4985677316569
37.4811437252076
17.9073450967663
15.1021010397561
15.9105072480847
27.085299363973
25.2773199716836
18.2468731371731
19.7600324512262
20.0585395328877
14.434481689413
18.7302348134893
36.0989216408612
21.1330319264304
28.7751916184534
15.4616089689712
25.7624166439352
14.9583485377312
16.6774170940951
13.3822536294092
24.7881461615989
17.415375483809
14.55345886147
30.834253340462
21.0017254131001
18.1129351016403
20.2929416443649
27.2402313409089
13.5266306833437
24.4738205674358
17.9075546320489
17.3706852359376
26.7819086527706
21.9612417234819
29.2995066237684
34.9190921048968
38.5570358094282
38.8312543958599
33.0513846842806
23.6930976334991
15.9510935368402
32.5454997924581
18.404280108429
39.2415785298387
30.9355912122902
25.6560031401188
29.0155349907926
32.9437388932573
15.0381596943953
14.6935791010019
21.8980601132871
27.2333468846194
27.9393105018557
13.2945461033801
26.1145944451393
16.6730226034005
26.5730954349404
38.0760365270467
31.0913622819527
31.8740004472469
15.236785621837
14.9569881510432
19.5229782382239
16.2315365227708
34.2454000576192
25.3936668979115
22.6978657625941
31.6389671357401
17.6451114931768
23.7687069467999
19.0740757820493
17.3581886519827
27.2831670452556
24.5276941224356
32.8052857455519
33.0744893251675
23.5647838946857
16.9048024136505
25.4202154651443
23.4263962472055
37.4432839754794
24.3317003283913
15.7952856004908
20.2974428040104
20.9932790772624
25.111125193685
15.3905735640611
25.3586506456235
38.5611180680148
14.2482022493105
23.6485062293909
37.4367622590913
32.7696285172002
14.3343853905496
17.6707816714461
21.4639953027129
39.5584577645686
17.128349170957
36.3479297243501
17.9163021109788
29.2180201903806
13.6264051642047
39.8756868730541
13.1723090804243
27.64066900926
27.3062667189375
27.0945295818361
28.8698265458237
28.0494425304424
27.1217447538246
27.2785816464516
14.4692796474085
15.884537532509
17.6986676249018
24.408850995167
27.9872776547638
39.2930135455352
24.8764872420547
15.1998790195044
26.5638294447472
23.0812216372298
39.8317705982269
30.5684103834966
20.5201662059961
39.2062908706123
33.9038896223255
13.181851816549
23.9362811998254
39.4861394767144
25.8503116904398
37.041657517467
21.1266838855914
25.3375434263009
13.8887518487988
26.3675704699848
20.704703920844
33.425544444888
17.6795019970965
27.941553443593
25.4419640818772
19.4815126255989
20.2863418837779
24.4476122435751
17.5437229842125
23.0978884186597
23.1398263874149
38.733584960739
16.8736020929149
22.7747288638153
18.9609801978437
31.5557090241168
17.3917173577749
16.8326314240148
15.2248049570788
25.5751789731262
15.5732486366631
17.6215014002572
15.9875108791311
23.8765929839257
17.259236686712
18.5916044229968
24.8827657942225
19.9322489819517
30.7162117560002
32.3041727689538
40.0844238087715
38.9591730868406
17.0830466826464
20.1538308738485
16.0419078747826
15.1978171853134
34.661375946723
35.4612412998141
19.1615430291706
16.8793791213591
31.9664957495215
22.7921860750476
15.3896130937279
21.7034362011986
19.5561376205185
17.3952448555729
13.1226861545789
33.9080735853811
26.7962221697617
38.4662930344321
24.724971772856
19.6810665723577
25.3918735733738
30.4586756031243
30.9925000689951
20.1380722203736
18.6336781964193
36.6809734537515
13.3152520839712
24.3745288057829
17.3188439878347
36.5846488294142
23.5332600223858
16.4608554346435
32.205008557553
28.9091981143692
16.3596380852403
13.027803235119
17.7249958980227
16.6179244751072
22.3277093072725
10.6988075447689
19.4345970435985
21.3172500185104
19.3215970375719
27.8928071032365
35.415189881115
28.0640821503569
36.8971811519653
25.1662265135474
30.8784220235799
26.8254640374286
15.6985789646683
26.4867679013014
38.8846085515469
38.5809920554764
15.9132269111982
23.5684349363643
12.3320220474814
16.2909122083173
27.5850075627422
17.9063571003452
29.2250549212208
19.5684380541489
28.7158973110323
18.4126708384198
15.7916492025516
24.1105202015143
30.2664675983303
23.72816485488
30.2829712225941
14.9244217044673
32.9171651163182
15.6941964044222
21.4684642474325
14.0978695151047
33.4235107412982
13.9605147041459
13.7208602480754
35.4249739126689
14.2989486986417
18.5159954539339
27.4834571734079
14.5105614559018
14.1863533983574
21.4415494246712
14.0773430085349
22.0517870747755
35.6990359077161
41.2983264492389
37.394530825414
26.5419800093317
20.2761747972994
16.1678424086489
16.648377652015
24.0346102903151
13.2799037196443
17.7429672570863
37.513585959761
37.6793622311868
29.5092539458515
20.1409112722186
16.5351121750535
25.900946040381
24.4788884883819
34.5478449372452
13.9911147815769
12.3520843395829
17.0671811275977
39.684506172169
25.3449145676041
14.5895462854087
19.5022495019333
38.4930699967746
35.557049075538
23.4072573902983
15.4114452855479
14.3847058158233
17.9890478849542
24.4051728704475
14.9729003645563
33.5374749165081
17.450997224487
39.2968264897719
22.1474721701921
25.7838978410064
28.0202010693058
15.7688089868602
29.1995028243941
20.6433139297659
40.1686616386781
39.2996402033987
36.610290862167
17.5288214872578
25.6553338403161
20.7528362514904
15.1999684567818
20.2975544731915
14.7489634924718
27.749495605445
16.6772693404702
19.560313340464
16.4491989924723
21.3098784173197
28.6205065585627
38.3302888050476
18.1737065275541
14.1846243203539
38.0002973011373
19.6970510155261
14.9557760100164
20.8592995069424
17.3505425012818
20.2543883175408
19.3349750184501
30.109673311916
16.2928860420216
19.8611422511698
28.8615496700513
14.0845169967063
11.9890175963265
38.9659614939251
39.3302786701252
16.4424864629261
39.0903944150581
24.6289499097188
16.0729231760661
22.7955391446684
15.0786655323363
28.4723721622377
16.2899276361481
14.6196094084554
26.6893451587347
22.4148604864587
21.5753070984936
22.5026229683783
10.7035333769549
28.1919687335521
22.4965531735271
23.0242427590055
26.0872743248071
15.505213481526
18.461396712969
27.6505350904463
39.4544047372975
17.9182182050276
13.4394113264847
13.5563559336544
17.9101505331831
31.5999190683212
14.3899204665197
23.6366568710791
14.8612434159097
19.8316218115697
19.6658597638814
23.5002647582764
15.3713082476225
14.3847444564407
18.4539340421962
27.0332086585839
17.0876628329476
25.8757747944948
35.1679334127049
15.2501073641858
19.7848923137261
13.9058242170847
18.6606564892393
16.6434602726349
16.7584803515173
35.1942418816849
16.1836021210722
25.7195328364283
16.7467162936543
38.3434841507934
36.2983064446282
15.8344967977544
22.9546951165391
37.9437055259956
22.9407656515121
17.9027280639
20.3560790548351
19.1115628687135
29.7271748194073
15.084175465033
36.1563403182468
16.4064191551706
29.1271285876397
29.3605945562615
31.506276441827
14.6615613931626
19.5468798708126
31.9232870450821
15.5268265379303
37.1553767605736
36.4554097633558
21.1225197339747
21.5273671673088
18.8555203497264
17.0234466018539
16.5612195415368
15.790350300146
14.4801052795813
40.1783353757091
14.893817931294
13.5841604563606
26.4169046373026
15.7098799424566
15.138806706744
24.6596285497686
21.6729521414318
15.0897226676679
22.2981993248434
15.624178278876
38.2113996127221
13.2925720328047
13.448970776488
39.5292927252486
33.1095927118849
25.5886089295038
13.7544430161564
18.9878093255696
40.0030174590855
19.454680474509
13.898924472404
36.455251933107
17.9197654500515
16.8053179564328
30.2162364053736
24.6284976453512
16.5540655194023
27.2750193785495
19.7802370793258
35.8220572331654
22.6363413584764
19.8386158221075
20.5783587476272
30.6656661318559
24.395028301472
16.7511799467648
30.7792895109709
13.5311991596287
17.484601660565
14.2674866637416
19.8774352151362
34.0558587963007
27.973002551627
17.4055542194735
38.6446833962197
16.1410061969411
15.9634636905895
24.0978046904331
21.0268703343562
26.0202436733279
16.5993229106161
18.3513351009624
18.2022180800108
23.3527036685545
30.4110658528134
25.7801206935027
26.7529357765065
14.1647477243329
18.6206134540092
12.1316869073232
33.4701957562132
35.4373014676028
24.8379834792524
38.0441390169893
18.3109351930735
13.6020398753159
25.3571367338016
26.3166708516497
31.932370772504
12.2626560996585
29.1833881042388
40.5338176268842
18.1310035737471
24.2184277140279
21.9478084624487
13.845472783564
18.9202054606997
17.6308257311933
36.5304651409534
26.4489036088328
35.3519836897996
23.5438149514492
20.2428779398396
15.4483660561414
15.5985644051584
21.362981781881
20.3224540565809
17.9942679027944
12.7338644420041
23.8723613790074
27.5385357717399
15.1192830848753
31.2806130730847
16.9812065891899
35.7049358210584
15.7768823754537
21.5717602086668
28.5297639385253
18.1519058114334
18.7573655523595
25.5966193676523
23.9542415402997
23.6443478582749
14.3949539794252
10.4013614590051
30.0676318296779
36.1479359469458
23.0640944899322
30.3497835887102
15.5313332224617
16.9388920470219
26.3517388719015
13.3075252598075
24.3077415843102
39.4698141450681
22.0819913289764
16.7762733250341
22.8836754091197
28.112635740948
17.1251839084444
34.4200050286257
36.6516406516657
23.2296753419244
27.1373987117547
20.3723426816843
21.2887050702408
22.7226734278586
29.4856807907811
16.7463720020387
38.833460199699
27.6075330785697
18.6425303128014
28.9945721050908
20.5841614595676
17.1110941110617
17.985124746087
20.3147890381893
16.3364052190026
31.3569170959011
21.3732406746136
39.0382821914963
18.0066218724534
23.2556668251317
33.992242468386
23.7240664919279
19.6854445225061
28.2762534933322
38.1466925152742
30.5829766479292
28.2181032903286
11.4335384118067
24.7263655131566
32.1395295208919
30.3273743492211
26.2152234181609
12.7022388605434
24.688889873005
24.7593230727188
22.7094569730791
33.8974975575521
21.2963389208803
29.3241590004736
16.8164586746057
37.651159742844
18.4553538460089
36.466862499591
17.6341802995123
19.7371790348178
39.3909128578142
15.1607056067753
25.0238400941123
14.821814002832
15.3715902506677
19.648651464745
31.5353639403865
16.4219395509058
12.5600158420548
24.2438209506371
17.674458216085
18.4041462949105
26.4312668273445
24.1434971492402
39.513641855514
17.5391024767183
37.4285066985962
27.7762046385369
37.3083286579735
22.751718119728
13.5515938387971
30.73509409696
36.8210650581389
14.6171365552718
25.9954566054607
13.6597011175056
23.7080058008059
19.9379796479652
30.9220659101682
17.1166632637224
15.2754621850877
14.3543595895522
38.8051028192691
34.3150947311572
38.8785517087445
38.3374206466351
28.0542864551184
18.6519204662014
17.5392536905991
23.5695080286095
26.8468145272167
27.4139249626183
26.503048252426
19.6299319119996
22.3080075352618
36.6906460443087
16.5927211852371
16.443390973125
21.2909363469032
35.8014886839754
16.8642642114601
23.8083995929394
28.5812200827337
16.9551567348442
19.1196587502602
15.1614603901839
18.1754585024146
36.7686194425537
25.8618058293183
36.3441390893702
20.3796352161514
27.0610997529978
16.915442574328
14.5619349668106
14.744804216828
16.2742028064572
22.9977575318019
28.5383803178774
19.7531753950852
16.2654769202621
18.1314038383594
12.5582598799076
16.6929220410321
13.3024894615394
23.5267883369649
15.7251060335038
13.3208402607301
18.2215067587657
39.5187281336384
24.7672449828159
16.3668650148107
22.7259603284734
40.6942001059588
25.7180181744332
20.1907096330372
38.2611293410622
33.62725491303
21.5440073160896
22.3037712018049
17.3663549401762
20.2636590668378
38.342318456085
24.1278197917749
27.1561303677273
18.9094900777311
15.0571812134658
23.9051514898211
17.3512649390309
22.2943097830812
20.5111161510487
14.8383151764802
25.671017823324
23.5441504838273
26.1985724936917
39.5656030828118
39.3831828698403
27.4755303577881
26.4906738700792
32.3540768743213
19.5573129588591
39.647330875114
25.0295988448165
17.8700487955536
20.5961765863612
24.8654831761931
28.1899041236388
17.7809496638721
32.8188066940031
18.492438360748
23.3799952992983
40.5813069954034
17.8436957101705
19.1211740383598
31.7553649170106
39.8951834178146
20.1905320582346
26.6555662415442
39.706053532719
20.0652593435001
22.6821882067721
19.9041826492032
14.0235332070564
17.983985279991
36.3377436601502
19.3165365676471
23.6190932520064
22.6131569781575
23.3129644634299
28.6653545468295
25.6096158646923
17.8362896960915
39.6524682587636
27.3595467512407
14.749709870964
25.128611299396
13.2426046797243
13.2233387725083
25.9037091026658
21.7147505328298
30.1596146923872
15.06099134836
25.8870220327189
26.9832049717813
17.209160368304
19.1428611208621
16.4907328419927
21.091465689464
39.9436550929518
22.1252329482932
17.154921809095
21.7795965562285
15.0742494918062
32.0998505628481
25.3351830382647
22.023192189019
26.6757424767734
32.4300119192923
14.0198833172578
39.7451753099996
17.5146855627696
18.4950920187713
14.9254001693997
40.2143593820177
11.8823120446574
19.8708453866358
20.056725523808
15.4172408600972
13.4199109604422
18.8153662890234
14.2812220087519
16.2764524910097
30.116938983323
14.8117445192013
21.5670521860444
18.187985678273
13.5293850644929
16.6709167015535
14.4004208521784
35.601536534234
13.6413259006151
20.1712861318821
22.4768346555592
27.5871860140028
27.9044153680298
16.2308071443903
24.9350662839309
13.0066394722932
26.6351181424648
26.2787102433781
17.9699856000518
23.8405737477698
39.1495327649894
NA
28.7166603867258
14.9451920627008
33.4435319534516
22.4544083081908
14.4891066051542
15.9251196886362
36.1855831564846
14.6500156780762
34.1100500675018
18.6309621269499
13.6317664288979
34.4764997490675
22.2688473528109
40.1037972593943
13.7185462536198
24.6809762218268
39.8157274602477
16.3771955234062
14.5559518138299
16.9915752476722
14.6214320723638
36.3598844567264
37.1444007700826
23.1968525158147
17.9816118072525
19.5467411451011
22.3397831126768
17.8908757849807
34.0604051150892
15.083822146874
27.3556122932631
25.9838758278725
39.1215155606895
38.2122005752228
25.6656111194485
17.728845596428
16.069947003763
29.7260682613527
11.6009138466775
18.0833627746408
17.1250176317234
30.6769992866789
24.3670489402168
13.0553715688945
17.0859824067325
29.5960129093908
22.0620570704017
38.7799159111911
17.650994256243
13.1316714377941
39.2174759584116
22.5852526859557
14.3995399425654
28.8336982459104
18.7807961691306
26.5098512007975
21.5805334726224
33.220588009476
38.9620819010722
32.4122639334201
26.244589242107
18.2231344770339
20.1890765699316
14.9554974186116
25.7968740612382
26.6366462077593
33.3910961141277
17.1041448252955
38.7198442598048
40.0017479345676
33.6564795057605
22.9053594737389
24.2875420337175
17.2979854714063
24.7442785227732
23.577348670158
20.7205675100982
19.4729213720929
17.9799827217014
20.4819000036099
27.2449750593785
21.2722472954322
15.3013845665072
18.6403922700845
22.1429987219129
35.8001659528352
17.838507888573
19.5316402705431
19.6656086978043
22.1664825700609
30.34629348938
14.8850705575519
13.863934896593
23.8640478945235
19.5945032015083
16.5718101789139
14.8425855171216
14.5310888081221
34.6418132752657
15.1927608131774
23.2669725952442
23.9099646769889
33.4718182381213
26.7038849486104
16.9926444941798
27.9963318982853
16.8369529635382
18.6185244621847
31.6830394865464
20.2625258430934
32.0713647107937
14.0424654754265
19.2646950157404
37.2659102630854
14.8597598778421
22.8981828797342
28.2993025769602
22.1957215299374
34.2416033432766
23.912068967157
12.9842904925784
19.424892937936
39.800367087677
26.7871468242467
18.803932799611
18.1102574085218
39.7327187265956
19.348244135168
21.0600136694757
27.3453227395892
18.2571675891757
19.9616220790155
12.8312245978062
23.7765640266891
37.8592327696485
16.0031719429737
31.9680955656191
14.1935822440818
16.9255069052059
35.5358432666039
18.3404399330143
17.2967826160389
14.9690367953866
14.5643278701663
21.3555658153644
33.6433850955318
39.6933852057687
22.6157497912504
28.8897458125653
36.0133980617862
28.6077221240051
17.6005522445668
16.1038378641565
15.3985472169286
33.6829907646824
16.3064638466312
37.850668563683
14.5410588977464
13.8880643686552
17.5458693916836
19.3464691324114
15.6671855827735
32.4927262808963
35.163128555553
15.1794288294831
15.2513303157217
26.6325940279887
14.886012634855
21.8437729131075
29.9252321292498
19.7653124380988
16.9956025787884
15.5734709433826
18.2911730561127
12.7811770239985
35.6938962871931
29.7988620892711
25.6405584592122
16.3032363626811
38.3798041593753
20.6144981820013
28.1890161769704
15.8241072571434
16.3346469362203
39.2897635113606
16.4866677016546
14.282938152937
35.3682839266707
30.7078583109083
12.6697833395367
21.0704148976789
28.6591964647352
16.4558212127899
27.9618861092682
22.0610743907604
31.3179097441794
38.1861692462879
17.0545028075012
27.5977582628142
16.4896891766694
29.1198978823361
25.1567057070875
14.1893992608153
33.4127375111159
20.7488779285374
28.347983306659
22.9677436975647
30.8430303318851
18.3194412586898
16.1121349385681
19.3515588462563
15.2197068204671
26.8037551281687
36.540260565409
26.0625441657287
16.2233490085872
14.173454198268
19.2764898657702
31.0841094911696
19.7470283079199
28.8520155880404
37.0405710985203
20.0392128176761
21.2758584964262
36.8832643308316
14.8783079361339
39.0639224380995
15.2213876037053
20.7907581872161
22.8426415469368
11.589437530704
16.084890072417
40.3392582444385
24.0004635714852
28.3213847104746
22.545355102812
25.2950242705873
17.2903027107852
22.1288949863685
23.717120935249
15.4887065199894
25.722083659957
17.7697508610514
11.9318742992987
13.8292231129041
16.8186786336302
11.311179834215
23.0984135408975
27.9394305326416
20.0576896238169
19.6639948141851
18.6253826405173
16.6211163956381
39.8265755274776
15.7595973595195
16.4567195570758
18.7778620299591
38.0124921340843
17.7730125950272
14.8864483491235
27.5734112805769
38.8688882796514
14.0020026664288
39.6458987470759
19.9304415493234
37.1170412453559
23.6170461655522
26.0292183764194
36.4668983290476
30.4533671240741
32.9375132211289
15.8541534434927
17.266372575969
40.1691899178115
26.1414523175739
25.1541585696059
14.6627347235599
15.4304273998256
14.309865268896
18.1938460695812
12.7894410370221
17.296290309009
33.9963472471604
13.3074062219396
23.7991242772427
20.9950295474135
13.2692458153339
14.3506601806864
40.0068339642735
18.8817499217147
16.2377801967481
18.4111897886654
15.5017162649233
20.198468727351
27.9957485215717
13.5658033656245
16.4405400383341
13.1488549291651
14.6889035838624
14.6170723380284
