x
107.456855059722
109.746197746593
115.053860990788
121.604935356962
128.332648425033
134.461631092821
139.5918411207
143.804079056705
147.38336741591
150.303427291669
152.095013676756
152.045981690732
148.928065383622
143.980895746253
137.269780325462
133.938790897727
130.8103503378
127.454536547318
122.738227164357
117.960949880063
113.935679986088
110.478849861867
107.37854621938
104.338781978837
101.750268028634
99.5964701387272
97.3762363314755
96.1145394987862
95.8263806264304
96.4232911256433
98.0273003483792
100.659850560887
103.502021839165
105.741511680226
106.486362203441
105.230735088747
102.828713524929
98.9989696799012
94.6768686548228
91.5253353661223
89.4311721533365
86.7752993751595
83.9154971586599
80.8904179327809
77.1209632437206
72.4971983348551
68.7115421130893
65.3001876130602
61.4888355147218
57.7125535333805
54.5913672362182
50.9307974904316
47.3399522557921
44.7933675089212
42.8735172479328
40.4591203651475
37.8795515184822
35.2069256045915
31.8133269414338
27.9319046155727
23.9414373811868
20.0263841190766
16.1715445874642
12.6359784792996
9.6669761091006
7.48269415325465
5.83201072070871
4.57508207725038
3.79551549106491
3.29483645223118
2.86991822183224
2.33513811830232
1.64801684355567
0.796629177704843
-0.118134930295083
-0.774045397974668
-1.0591077369455
-1.12873876077103
-1.08076540490193
-0.812239373919177
-1.08130213210864
-1.27405214127953
-1.36922195762816
-1.33757057267595
-1.2204827837246
-1.07739347168925
-0.89800279772918
-0.675395495078237
-0.384852815916107
0
