x
-7.54276533749086
-7.32938373337311
-10.5459967447207
-14.7766192258906
-18.7170453588564
-21.9654762813385
-24.6138651738173
-26.8853784985872
-29.2546790670262
-32.9666418037198
-39.1354723825011
-46.6579087092631
-54.8503420910315
-62.8003806206507
-70.3239825345868
-73.2796185977894
-75.7489402352126
-77.6393099308387
-79.0502088085937
-79.7934204216346
-79.9163914304422
-79.5361255980155
-78.8075821264564
-77.9127932602429
-76.7607609650362
-75.5687126502938
-74.9197194166481
-73.9722763935109
-72.5084870947126
-70.3242882154766
-67.0883643402653
-62.6718592112709
-57.2245621743813
-51.3804884032558
-46.1872560474312
-42.1936193186481
-38.7447743117313
-36.1986118726937
-33.7343214373784
-29.8374987090554
-24.7685294275648
-20.2936919999623
-16.1675029539329
-12.4635005221036
-9.83029964343631
-8.43298775590575
-6.58909681049165
-4.84953771715047
-3.8622524461095
-3.08870351235498
-1.84768743402036
-1.17937349701279
-0.492552022432297
1.15264213214682
3.24306744560366
4.72532453142933
5.91578324394322
6.8299705832644
6.77981918041132
6.00808351527708
4.88033262052902
3.61416750483521
2.23332498315652
1.04682456310667
0.270223807314179
0.0910905648410271
0.196189825570004
0.52159022986019
1.12829448307684
1.93868332403408
2.80624562775781
3.47544108633084
3.88746758110404
4.0616309817615
4.07974596218279
4.14996140482027
4.35429986142164
4.50292567958995
4.59062363886633
4.75669622387221
4.25789142774375
3.73768558466233
3.267866386329
2.90186303667815
2.53467838044514
2.03956976210118
1.49462553196013
0.959431672001134
0.46803857774269
0
