x
110.86270913564
112.206173760229
114.833135301347
118.217163946986
122.004416071945
125.98259030855
130.036202767163
134.085832688736
138.049892487509
141.72161880388
144.896440364573
147.71468624657
150.364455630278
152.88443567729
155.295171778516
156.236014231062
157.17856658969
158.174966221325
159.235750632568
160.324270714952
161.334684902977
162.231490307622
162.927107716563
163.37751625924
163.465046945789
163.225107408344
162.831777220098
162.610063866838
162.966505476137
163.938234017041
165.256385567845
167.151957579803
169.550950348945
171.679068604963
172.201476774691
170.638676364546
168.006113246418
164.265428247823
160.18891475661
157.314236788777
155.486807016496
153.013268812931
150.0580019642
146.509418658782
141.730508669698
135.606996656247
129.847433401863
124.154371390925
117.859050883205
111.496795457281
105.847531338492
99.6739304829611
93.6084041780097
88.6363098115256
84.37661679772
79.6655125237669
74.8537817809509
70.0182228870795
64.5570342159207
58.697127497776
52.8104153747048
47.0864606241568
41.5267513754563
36.3804751023759
31.8786422307391
28.2636781661304
25.3123277946827
22.8510362095255
20.9871889945874
19.4761490763176
18.0687962642007
16.5574856308642
14.919297504157
13.1316335386845
11.2803507040095
9.68466410908707
8.47217977642777
7.50561129737197
6.69186272766861
6.11815196590571
5.02580652747733
4.04396780455514
3.1709050471298
2.4127527984807
1.75264079177061
1.18733854311265
0.729050927898986
0.379059877743181
0.134969960592989
0
