x
30.7142378551741
30.5398210444526
34.4598570564522
39.3497160549693
43.965648273265
47.9425753380402
51.187691517248
53.6513292102221
55.323605165652
56.3750953899957
57.0242912915993
57.4683850460682
57.7895457961721
58.003408384813
58.1999129745266
58.2832378696506
58.3623748613874
58.4714362318264
58.5519875036032
58.5520650829028
58.5460107346542
58.5959913722047
58.7011748900223
58.8481580440321
59.0189704709813
59.2205743892098
59.4331455812509
59.6316301453067
59.827628234966
60.0088100239928
60.1686716608973
60.2924025188237
60.3737123960626
60.3434981137555
60.1798110540296
59.8325139117604
59.2616872608793
58.3875665625372
57.1975945273389
55.7359171396087
54.0080442068714
52.0798626162349
50.0669621838008
48.0795358735799
46.1928980825333
44.3814222301686
42.6466591710363
40.9940804158082
39.4116237712336
37.8936039441082
36.4702196322568
35.2201812574932
34.1314505523545
33.1297518208654
32.1958079050547
31.2696575202128
30.3652344706609
29.4443873925023
28.5224994008995
27.5540298136899
26.5325038709075
25.4854087754701
24.4509728965071
23.4043807069872
22.3271549031816
21.2797436661748
20.2719190178474
19.2734468581411
18.296275272798
17.3054681380768
16.3015643950263
15.2477157182577
14.1885163715292
13.1310805492212
12.0827666418599
11.044215102996
10.0293069463011
9.04434798143071
8.11994997948879
7.2144336652164
6.34723115345954
5.53010479888178
4.74663844552255
3.96888241665264
3.23032196261166
2.54977795604707
1.89898801865604
1.2683241791982
0.639330884984932
0
