  11  1 80  0.0
  72.5 321.4 72.1 321.6 71.8 321.9 71.5 322.4 71.2 322.9 70.9 323.4 70.5 323.9
  70.2 324.4 69.8 324.9 69.5 325.9 69.2 326.9 68.8 327.9 68.4 328.9 67.9 329.9
  67.3 331.1 66.8 332.1 66.0 333.0 65.2 333.7 64.4 334.2 63.5 334.7 62.7 334.8
  61.7 334.9 60.8 334.7 59.8 334.6 58.8 334.3 57.7 334.0 56.6 333.4 55.5 332.9
  54.5 332.2 53.3 331.5 52.3 330.6 51.3 329.7 50.3 328.5 49.3 327.3 48.4 325.8
  47.5 324.3 46.6 322.5 45.7 320.7 44.9 318.7 44.2 316.8 43.5 314.9 43.1 312.7
  42.6 310.5 42.4 308.3 42.1 306.0 41.9 303.7 41.8 301.2 41.7 298.7 41.8 296.3
  41.8 293.9 42.0 291.8 42.3 290.1 42.5 288.6 42.7 287.1 42.9 285.7 43.1 284.4
  43.3 283.2 43.6 282.0 43.8 280.9 44.2 279.9 44.5 279.2 44.9 278.5 45.4 277.8
  45.8 277.2 46.3 276.5 46.8 276.0 47.3 275.5 47.7 275.0 48.1 274.5 48.6 274.1
  49.1 273.6 49.6 273.2 50.1 272.7 50.7 272.4 51.2 272.0 51.7 271.7 52.1 271.3
  52.4 271.1 52.8 271.0 53.3 270.8 53.7 270.6 54.2 270.5 54.7 270.5 55.2 270.6
  55.7 270.6 56.3 270.7 56.8 270.9 57.3 271.2 57.8 271.5 58.2 271.9 58.7 272.4
  59.3 273.0 59.8 273.7 60.3 274.5 60.8 275.3 61.2 276.2 61.6 277.2 62.0 278.3
  62.3 279.5 62.6 280.3 62.9 281.2 63.1 282.2 63.3 283.2 63.5 284.3 63.6 285.4
  63.7 286.5 63.7 287.7 63.8 289.0 63.6 290.2 63.5 291.5 63.3 292.7 63.0 293.7
  62.7 294.4 62.3 295.0 61.9 295.4 61.4 296.1 60.9 296.6 60.4 296.9 59.8 297.0
  59.1 297.6 58.4 298.1 57.5 298.4 56.7 299.0 55.7 299.4 54.7 299.8 53.8 300.0
  53.0 300.2 52.1 300.2 51.3 300.1 50.6 299.9 49.6 299.7 48.5 299.4 47.3 299.2
  46.0 299.0 44.6 298.6 43.4 298.2 42.2 297.6 41.2 296.9 40.3 296.0 39.5 295.1
  38.4 294.2 37.4 293.2 36.4 292.3 35.5 291.4 34.4 290.3 33.4 289.1 32.7 287.8
  32.1 286.4 31.6 284.8 31.1 283.5 30.7 282.2 30.3 280.7 29.8 279.2 29.6 278.0
  29.4 276.6 29.1 275.2 29.2 273.7 29.3 272.3 29.4 270.9 29.7 269.7 30.0 268.6
  30.2 267.6 30.6 266.4 31.0 265.3 31.4 264.2 31.8 263.2 32.4 262.2 33.1 261.2
  33.9 260.3 34.7 259.4 35.5 258.6 36.2 257.8 37.1 257.1 37.9 256.4 38.7 255.8
  39.3 255.2 40.0 254.6 40.7 254.1 41.5 253.6 42.2 253.1 43.0 252.7 43.8 252.3
  44.5 251.8 45.1 251.4 45.8 250.9 46.4 250.5 47.0 250.0 47.7 249.6 48.3 249.1
  49.0 248.7 49.7 248.2 50.3 247.8 50.8 247.2 51.3 246.7 51.8 246.2 52.3 245.7
  52.8 245.1 53.3 244.5 53.8 243.9 54.1 243.4 54.5 242.7 54.8 242.0 55.2 241.4
  55.6 240.7 56.0 240.1 56.5 239.3 56.7 238.6 57.0 237.9 57.3 237.2 57.6 236.5
  57.9 235.9 58.1 235.2 58.2 234.4 58.4 233.7 58.7 232.9 58.9 232.2 59.2 231.5
  59.3 230.8 59.4 230.1 59.5 229.5 59.6 228.9 59.8 228.4 59.9 227.8 59.9 227.3
  59.9 226.8 59.9 226.4 59.9 226.0 60.0 225.7 60.0 225.4 60.1 224.9 60.2 224.4
  60.3 224.0 60.5 223.6 60.4 223.2 60.3 222.9 60.3 222.6 60.2 222.2 60.2 221.9
  60.2 221.6 60.2 221.3 60.3 221.0
  11  2 80  0.0
  72.5 321.4 72.3 321.0 72.1 320.6 72.0 320.2 71.8 319.9 71.6 319.6 71.4 319.3
  71.2 319.2 71.0 319.1 70.8 319.0 70.6 319.0 70.4 319.1 70.2 319.3 70.1 319.5
  69.9 319.7 69.7 319.9 69.6 320.2 69.5 320.5 69.4 320.9 69.2 321.3 69.1 321.7
  69.0 322.3 68.9 322.9 68.8 323.5 68.7 324.3 68.6 325.1 68.5 326.0 68.3 326.9
  68.1 327.8 67.9 328.8 67.5 329.8 67.1 330.8 66.7 331.9 66.3 332.9 65.5 333.8
  64.8 334.6 63.9 335.3 63.1 335.6 62.3 335.8 61.3 336.0 60.1 335.8 59.1 335.6
  58.2 335.2 57.2 334.8 56.2 334.2 55.2 333.6 54.1 332.9 52.9 332.2 51.8 331.3
  50.7 330.2 49.7 329.1 48.7 327.7 47.9 326.4 47.2 324.7 46.4 323.0 45.9 321.4
  45.3 319.5 45.0 317.6 44.5 315.8 44.3 314.0 44.0 312.2 43.6 310.6 43.6 308.5
  43.5 306.4 43.6 304.3 43.6 302.2 43.8 300.2 44.0 298.2 44.3 296.3 44.6 295.0
  45.1 293.7 45.6 292.4 46.2 291.2 46.7 290.5 47.3 289.7 47.8 288.9 48.3 288.1
  48.9 287.6 49.3 287.1 49.8 286.7 50.2 286.2 50.8 285.9 51.3 285.7 51.9 285.5
  52.4 285.3 53.1 285.3 53.7 285.3 54.2 285.4 54.8 285.6 55.3 285.9 55.8 286.2
  56.3 286.5 56.8 287.0 57.3 287.5 57.7 288.0 58.2 288.6 58.6 289.2 59.1 289.8
  59.5 290.4 59.9 291.0 60.4 291.6 60.8 292.2 61.2 292.8 61.5 293.5 61.9 294.1
  62.2 294.9 62.5 295.4 62.7 296.0 63.0 296.6 63.0 297.3 63.0 298.0 63.0 298.7
  63.0 299.4 62.9 300.2 62.7 300.9 62.5 301.6 62.2 302.2 61.9 302.8 61.6 303.7
  61.3 304.6 60.9 305.4 60.4 306.0 59.8 306.5 59.3 307.3 58.6 307.9 57.8 308.4
  57.1 308.9 56.2 309.4 55.2 309.8 54.2 309.9 53.0 310.1 51.9 309.8 50.7 309.1
  49.6 308.5 48.5 307.6 47.4 306.6 46.3 305.6 45.2 304.7 44.2 303.6 43.2 302.5
  42.2 301.2 41.3 299.8 40.6 298.2 39.9 296.6 39.2 295.0 38.7 293.4 38.1 291.6
  37.8 289.7 37.5 287.8 37.4 285.8 37.3 283.7 37.5 281.6 37.8 279.5 38.2 277.6
  38.7 275.6 39.2 273.7 39.8 272.0 40.3 270.4 40.8 268.7 41.5 267.2 42.1 265.8
  42.7 264.5 43.4 263.2 43.9 262.0 44.4 260.9 45.1 259.9 45.4 258.9 45.7 258.0
  46.1 257.0 46.6 256.2 47.1 255.4 47.3 254.6 47.5 253.9 47.8 253.1 48.2 252.4
  48.6 251.8 48.6 251.3 48.7 250.7 48.8 250.1 49.0 249.6 49.1 249.0 49.4 248.5
  49.6 247.9 49.4 247.4 49.2 246.9 49.1 246.4 48.9 245.9 48.8 245.5 48.7 245.0
  48.6 244.5 48.5 244.0 48.5 243.6 48.0 243.1 47.4 242.7 46.9 242.2 46.4 241.8
  45.9 241.4 45.5 240.9 45.0 240.4 44.6 240.0 43.8 239.5 43.0 239.0 42.3 238.4
  41.6 237.8 40.9 237.2 40.3 236.5 39.8 235.8 39.0 235.1 38.2 234.4 37.6 233.6
  37.1 233.0 36.6 232.3 36.1 231.5 35.5 230.7 35.0 230.0 34.5 229.2 34.0 228.3
  33.6 227.6 33.1 226.8 32.7 225.9 32.4 225.0 32.0 223.9 31.8 222.7 31.6 221.9
  31.4 221.0 31.2 220.1 31.0 219.1 31.0 218.0 30.9 216.8 30.9 215.6 31.1 214.3
  31.3 213.1 31.4 212.0 31.7 210.8 32.0 209.6 32.3 208.0 32.6 206.4 33.1 205.0
  33.5 203.6 34.0 202.4 34.6 200.9
  11  3 80  0.0
  72.5 321.4 72.3 321.0 72.2 320.6 72.0 320.1 71.8 319.7 71.6 319.3 71.4 319.0
  71.1 318.6 70.9 318.1 70.6 317.6 70.4 317.1 70.1 316.6 69.9 316.0 69.5 315.5
  69.2 315.0 68.9 314.4 68.5 313.9 68.2 313.4 67.9 312.9 67.6 312.5 67.3 312.0
  67.0 311.6 66.6 311.1 66.2 310.6 65.8 310.1 65.5 309.7 65.2 309.3 64.9 308.9
  64.6 308.5 64.3 308.0 64.1 307.6 63.8 307.1 63.6 306.6 63.4 306.1 63.2 305.6
  63.0 305.0 62.8 304.4 62.6 303.8 62.4 303.1 62.3 302.4 62.1 301.7 62.1 301.0
  62.0 300.2 62.0 299.5 61.9 298.9 61.8 298.2 61.8 297.5 61.7 296.7 61.7 296.0
  61.7 295.3 61.6 294.6 61.5 293.9 61.4 293.2 61.4 292.5 61.4 291.8 61.3 291.1
  61.3 290.5 61.3 289.9 61.3 289.3 61.2 288.7 61.2 288.2 61.2 287.7 61.2 287.2
  61.2 286.8 61.2 286.3 61.2 285.9 61.2 285.5 61.1 285.1 61.1 284.8 61.1 284.5
  61.1 284.2 61.0 283.9 60.9 283.6 60.8 283.4 60.8 283.1 60.7 282.8 60.6 282.5
  60.5 282.1 60.5 281.8 60.4 281.4 60.4 280.9 60.4 280.5 60.3 280.0 60.3 279.5
  60.2 279.0 60.0 278.5 59.8 278.1 59.7 277.7 59.6 277.3 59.5 276.9 59.4 276.4
  59.3 275.9 59.2 275.4 59.2 274.8 59.2 274.2 59.2 273.5 59.2 272.7 59.3 271.9
  59.3 271.0 59.4 270.2 59.4 269.4 59.5 268.5 59.6 267.6 59.6 266.8 59.6 265.9
  59.7 265.0 59.8 264.1 60.0 263.2 60.1 262.3 60.3 261.2 60.4 260.2 60.6 259.1
  60.6 258.1 60.7 257.0 60.8 255.9 60.8 254.7 60.9 253.5 61.0 252.2 61.1 250.9
  61.2 249.5 61.3 248.0 61.3 246.4 61.3 244.9 61.3 243.4 61.1 241.9 60.9 240.4
  60.7 238.9 60.4 237.5 60.1 236.1 59.8 234.7 59.4 233.3 59.0 232.0 58.6 230.8
  57.9 229.6 57.3 228.4 56.6 227.3 55.7 226.3 54.8 225.3 53.9 224.3 53.0 223.3
  52.0 222.3 51.0 221.4 49.9 220.5 48.9 219.6 47.8 218.8 46.7 217.9 45.6 217.1
  44.4 216.1 43.3 215.2 42.2 214.0 41.0 212.9 40.0 211.5 39.2 210.1 38.3 208.5
  37.5 206.8 37.1 205.1 36.6 203.2 36.5 201.3 36.3 199.3 36.4 197.4 36.5 195.5
  36.8 193.7 37.1 191.9 37.6 190.2 38.2 188.6 38.8 186.9 39.4 185.4 40.1 183.9
  40.5 182.5 41.0 181.1 41.5 179.7 41.9 178.4 42.3 177.0 42.7 175.5 43.1 174.1
  43.4 172.6 43.8 171.1 44.1 169.7 44.5 168.1 44.9 166.6 45.2 165.1 45.7 163.6
  45.9 162.2 46.2 160.9 46.5 159.6 46.5 158.4 46.5 157.4 46.6 156.3 46.7 155.4
  46.6 154.5 46.4 153.7 46.3 153.0 46.3 152.3 46.2 151.6 45.9 151.1 45.7 150.4
  45.4 149.8 45.1 149.3 44.9 148.8 44.6 148.3 44.4 147.8 43.9 147.4 43.4 146.8
  43.0 146.2 42.6 145.6 42.2 145.0 41.9 144.4 41.6 143.6 41.0 142.8 40.4 142.1
  39.8 141.4 39.3 140.4 38.8 139.5 38.0 138.6 37.3 137.7 36.7 136.5 36.2 135.4
  35.5 134.3 34.8 133.1 34.1 131.9 33.4 130.7 32.7 129.3 32.1 127.8 31.6 126.3
  31.1 124.8 30.6 123.3 30.3 121.7 30.0 120.1 29.7 118.7 29.6 117.3 29.4 115.9
  29.4 114.6 29.4 113.3 29.4 112.2 29.4 111.2 29.4 110.2 29.5 109.3 29.5 108.5
  29.6 107.8 29.7 107.1 29.9 106.5
  11  4 80  0.0
  72.5 321.4 71.8 321.9 71.2 322.5 70.6 323.1 69.9 323.5 69.3 323.9 68.6 324.4
  67.9 324.7 67.1 325.1 66.3 325.4 65.5 325.8 64.7 326.1 63.8 326.4 62.8 326.5
  61.9 326.5 60.9 326.2 59.9 325.8 58.9 325.1 57.8 324.5 56.8 323.6 55.8 322.8
  54.9 321.9 53.9 321.0 52.9 320.0 51.9 319.1 51.1 318.0 50.3 316.9 49.4 315.9
  48.7 314.7 47.9 313.6 47.1 312.5 46.3 311.3 45.5 310.2 44.8 308.8 44.0 307.5
  43.5 306.1 42.9 304.5 42.3 303.0 41.9 301.5 41.4 299.8 41.2 298.1 40.9 296.5
  40.6 294.8 40.6 293.1 40.6 291.4 40.8 289.7 41.0 288.1 41.1 286.4 41.5 284.9
  42.0 283.3 42.6 281.8 43.2 280.5 43.8 279.2 44.5 277.9 45.2 276.7 45.9 275.4
  46.6 274.2 47.4 273.1 48.2 272.1 49.0 271.1 49.7 270.2 50.5 269.2 51.2 268.3
  51.9 267.3 52.6 266.3 53.3 265.3 54.0 264.3 54.6 263.3 55.3 262.3 55.9 261.3
  56.6 260.2 57.2 259.1 57.9 257.9 58.6 256.7 59.2 255.5 59.8 254.3 60.4 253.1
  61.0 251.9 61.5 250.8 62.0 249.6 62.5 248.4 62.9 247.3 63.4 246.2 63.8 245.0
  64.2 243.8 64.6 242.8 64.9 241.7 65.3 240.7 65.6 239.7 65.9 238.7 66.1 237.8
  66.3 237.0 66.6 236.3 66.8 235.6 67.0 235.0 67.2 234.3 67.3 233.8 67.5 233.2
  67.7 232.7 67.9 232.2 68.1 231.7 68.2 231.3 68.4 230.9 68.6 230.5 68.8 230.1
  69.1 229.7 69.3 229.3 69.5 228.9 69.8 228.5 70.0 228.1 70.3 227.6 70.5 227.1
  70.7 226.6 71.0 226.1 71.2 225.6 71.4 225.1 71.6 224.6 71.8 224.1 71.9 223.7
  72.1 223.2 72.2 222.6 72.4 222.0 72.5 221.5 72.6 221.0 72.7 220.6 72.8 220.2
  72.9 219.8 73.0 219.5 73.1 219.2 73.1 219.0 73.1 218.8 73.2 218.6 73.2 218.4
  73.2 218.3 73.2 218.2 73.2 218.2 73.3 218.3 73.3 218.4 73.3 218.6 73.3 218.8
  73.3 219.1 73.3 219.4 73.3 219.9 73.4 220.3 73.4 220.9 73.4 221.5 73.4 222.1
  73.4 222.7 73.4 223.3 73.4 224.0 73.3 224.6 73.3 225.3 73.2 226.0 73.2 226.7
  73.1 227.4 73.0 228.1 72.9 228.8 72.8 229.5 72.7 230.1 72.6 230.8 72.4 231.5
  72.2 232.1 72.0 232.7 71.8 233.3 71.6 234.0 71.4 234.6 71.2 235.3 70.9 235.9
  70.7 236.6 70.4 237.2 70.1 237.8 69.7 238.3 69.4 238.8 69.1 239.2 68.8 239.7
  68.5 240.1 68.2 240.6 67.9 241.0 67.6 241.3 67.3 241.7 67.0 242.1 66.7 242.5
  66.4 242.8 66.1 243.1 65.8 243.4 65.5 243.5 65.3 243.6 65.0 243.7 64.7 243.7
  64.5 243.7 64.2 243.7 64.0 243.7 63.7 243.5 63.5 243.4 63.2 243.2 63.0 243.1
  62.7 243.0 62.4 242.9 62.2 242.9 61.9 242.8 61.6 242.8 61.3 242.9 61.0 243.0
  60.8 243.1 60.5 243.2 60.3 243.3 60.0 243.4 59.8 243.6 59.5 243.8 59.3 244.1
  59.1 244.3 59.0 244.6 58.8 244.8 58.7 245.1 58.5 245.3 58.3 245.6 58.2 245.8
  58.0 246.1 57.9 246.3 57.8 246.4 57.7 246.6 57.7 246.7 57.6 246.7 57.6 246.7
  57.6 246.7 57.7 246.7 57.7 246.6 57.8 246.5 57.9 246.4 58.0 246.3 58.1 246.1
  58.3 246.1 58.5 246.0 58.7 245.9 58.9 245.8 59.1 245.7 59.4 245.5 59.7 245.4
  59.9 245.2 60.2 245.0 60.6 244.8
  11  5 80  0.0
  72.5 321.4 72.0 320.1 71.5 318.9 71.0 318.2 70.4 317.6 69.7 317.1 69.1 316.8
  68.4 316.6 67.7 316.5 67.1 316.5 66.4 316.5 65.7 316.5 65.0 316.5 64.4 316.5
  63.7 316.5 63.1 316.4 62.5 316.3 61.9 316.2 61.3 315.9 60.9 315.6 60.5 315.3
  60.1 315.0 59.7 314.6 59.4 314.1 59.0 313.6 58.6 313.1 58.3 312.6 57.9 312.1
  57.6 311.6 57.4 311.0 57.2 310.5 57.0 310.0 56.8 309.5 56.6 309.0 56.4 308.6
  56.2 308.2 56.1 307.8 55.9 307.4 55.7 306.9 55.5 306.5 55.3 306.0 55.2 305.6
  55.0 305.1 54.9 304.7 54.7 304.3 54.6 303.9 54.4 303.5 54.2 303.0 54.0 302.6
  53.9 302.2 53.7 301.8 53.6 301.4 53.5 301.0 53.4 300.6 53.3 300.2 53.2 299.8
  53.2 299.4 53.2 299.0 53.2 298.7 53.2 298.3 53.2 297.8 53.2 297.4 53.2 297.0
  53.2 296.6 53.3 296.2 53.3 295.8 53.4 295.5 53.4 295.1 53.5 294.7 53.6 294.4
  53.7 294.1 53.8 293.7 53.9 293.4 54.1 293.1 54.2 292.5 54.3 291.9 54.4 291.3
  54.5 290.8 54.7 290.2 54.8 289.7 55.0 289.2 55.2 288.8 55.4 288.3 55.6 288.0
  55.8 287.6 56.0 287.3 56.3 286.8 56.5 286.3 56.7 285.8 56.9 285.4 57.1 285.0
  57.3 284.6 57.5 284.4 57.7 284.2 57.9 284.0 58.0 283.9 58.3 283.5 58.6 283.1
  58.9 282.7 59.1 282.4 59.3 282.1 59.5 281.8 59.6 281.7 59.8 281.5 59.9 281.5
  60.0 281.5 60.1 281.5 60.1 281.1 60.2 280.8 60.2 280.5 60.2 280.3 60.2 280.1
  60.2 279.9 60.2 279.7 60.2 279.6 60.2 279.5 60.2 279.4 60.2 279.3 60.1 279.2
  60.0 279.2 59.9 279.4 59.7 279.7 59.6 279.8 59.4 279.9 59.2 279.9 59.0 279.9
  58.8 279.9 58.6 279.7 58.3 279.6 58.1 279.4 57.8 279.2 57.5 278.9 57.3 278.6
  57.0 278.2 56.7 277.9 56.5 277.5 56.3 277.1 56.2 276.7 56.1 276.3 56.0 275.9
  55.9 275.4 55.9 275.0 56.0 274.5 56.1 274.0 56.2 273.4 56.4 272.8 56.6 272.2
  56.8 271.6 57.0 270.9 57.2 270.3 57.4 269.7 57.6 269.0 57.8 268.4 58.0 267.8
  58.2 267.1 58.4 266.4 58.7 265.6 59.0 264.8 59.3 264.1 59.6 263.3 59.8 262.5
  60.0 261.7 60.2 260.8 60.3 260.0 60.5 259.1 60.7 258.3 60.9 257.3 61.1 256.4
  61.3 255.3 61.6 254.2 61.8 253.1 62.0 251.9 62.1 250.8 62.3 249.8 62.4 248.7
  62.5 247.7 62.5 246.6 62.5 245.5 62.5 244.4 62.5 243.2 62.4 241.9 62.3 240.7
  62.2 239.4 62.0 238.2 61.9 237.0 61.7 235.6 61.5 234.3 61.2 232.9 61.0 231.7
  60.5 230.5 60.1 229.4 59.6 228.4 59.2 227.2 58.5 226.2 57.8 225.2 57.2 224.2
  56.5 223.3 55.7 222.5 54.9 221.5 54.1 220.6 53.2 219.7 52.4 218.7 51.5 217.7
  50.6 216.6 49.7 215.6 48.8 214.4 47.8 213.4 46.8 212.4 45.8 211.4 44.8 210.3
  43.7 209.3 42.7 208.1 41.6 206.8 40.6 205.4 39.6 204.0 38.7 202.3 37.8 200.6
  36.9 198.7 36.6 196.6 36.2 194.5 36.3 192.4 36.3 190.4 36.5 188.5 36.8 186.6
  37.2 184.8 37.6 183.1 38.2 181.4 38.8 179.7 39.4 178.1 40.1 176.5 40.7 174.9
  41.2 173.4 41.8 171.8 42.3 170.3 42.8 168.7 43.3 167.1 43.8 165.6 44.3 164.0
  44.9 162.5 45.4 161.1 45.9 159.6
  11  6 80  0.0
  72.5 321.4 72.0 319.9 71.4 319.3 70.9 318.8 70.3 318.2 69.7 317.6 69.2 317.6
  68.6 317.5 68.0 317.4 67.4 317.1 66.9 317.3 66.4 317.5 65.9 317.6 65.4 318.1
  64.9 318.6 64.5 319.1 64.0 319.5 63.5 320.2 63.0 320.8 62.5 321.4 62.0 322.0
  61.5 322.6 61.0 323.3 60.5 323.9 60.0 324.5 59.4 325.1 58.8 325.7 58.2 326.3
  57.6 326.8 57.1 327.4 56.5 328.0 56.0 328.5 55.3 329.1 54.5 329.7 53.8 330.3
  53.1 330.8 52.4 331.2 51.6 331.7 50.8 331.9 50.0 332.0 49.2 331.7 48.4 331.4
  47.6 331.1 46.8 330.5 46.1 329.8 45.4 329.2 44.7 328.4 44.1 327.6 43.4 326.8
  42.7 325.9 42.0 324.9 41.3 323.8 40.6 322.6 39.9 321.4 39.2 320.0 38.6 318.6
  38.1 317.1 37.5 315.5 37.0 313.9 36.5 312.3 36.0 310.7 35.6 309.2 35.2 307.7
  34.9 306.1 34.7 304.6 34.4 303.0 34.3 301.4 34.2 299.9 34.3 298.3 34.3 296.8
  34.4 295.2 34.6 293.7 34.8 292.2 35.0 290.8 35.3 289.4 35.6 288.1 35.9 286.9
  36.2 285.7 36.6 284.5 37.0 283.4 37.4 282.3 37.8 281.2 38.2 280.1 38.7 279.1
  39.2 278.0 39.8 277.0 40.3 276.0 40.8 275.0 41.4 274.1 41.9 273.1 42.5 272.2
  43.0 271.3 43.5 270.4 44.0 269.5 44.5 268.6 45.0 267.7 45.5 266.7 46.0 265.8
  46.5 264.9 47.0 264.0 47.6 263.1 48.1 262.2 48.5 261.3 49.0 260.4 49.5 259.5
  49.9 258.6 50.2 257.8 50.6 256.9 51.0 256.0 51.3 255.1 51.5 254.2 51.8 253.3
  52.1 252.4 52.4 251.5 52.6 250.6 52.7 249.8 52.8 249.0 52.9 248.2 53.1 247.4
  53.0 246.7 53.0 246.0 53.0 245.3 53.0 244.7 53.0 244.0 52.8 243.3 52.6 242.7
  52.5 242.1 52.3 241.5 52.1 240.9 51.8 240.4 51.6 239.9 51.2 239.5 50.7 239.0
  50.3 238.6 49.8 238.2 49.3 237.7 48.9 237.2 48.4 236.8 48.0 236.3 47.5 235.8
  46.8 235.3 46.1 234.9 45.4 234.4 44.7 233.9 44.0 233.3 43.3 232.5 42.6 231.8
  41.8 231.0 41.0 230.2 40.3 229.3 39.5 228.3 38.9 227.4 38.3 226.4 37.7 225.4
  37.2 224.4 36.8 223.2 36.6 222.0 36.4 220.7 36.3 219.3 36.3 217.8 36.4 216.3
  36.4 214.8 36.6 213.3 36.8 211.8 37.1 210.4 37.5 209.1 37.8 207.8 38.1 206.5
  38.3 205.1 38.6 203.8 38.8 202.5 39.1 201.3 39.4 200.1 39.7 199.0 39.9 197.9
  40.1 196.7 40.4 195.5 40.5 194.3 40.6 193.1 40.7 191.9 40.7 190.8 40.6 189.6
  40.6 188.4 40.6 187.2 40.4 185.9 40.2 184.6 40.1 183.2 39.8 181.8 39.5 180.5
  39.3 179.1 39.0 177.7 38.7 176.3 38.4 174.9 37.9 173.4 37.4 172.1 37.0 170.7
  36.4 169.2 35.9 167.7 35.4 166.4 34.9 165.1 34.5 163.7 33.9 162.2 33.4 160.9
  32.9 159.5 32.4 158.0 31.9 156.4 31.4 155.2 31.0 153.9 30.6 152.5 30.2 151.2
  29.8 149.8 29.4 148.8 29.1 147.7 28.8 146.7 28.5 145.5 28.2 144.3 27.9 143.1
  27.7 142.3 27.5 141.4 27.3 140.5 27.1 139.6 26.9 138.7 26.8 137.8 26.6 136.8
  26.5 135.8 26.3 134.8 26.2 133.7 26.0 132.6 25.9 131.5 25.8 130.7 25.8 129.9
  25.7 129.1 25.6 128.3 25.5 127.5 25.5 126.6 25.4 125.8 25.4 125.0 25.3 124.2
  25.3 123.3 25.3 122.5 25.3 121.7
  11  7 80  0.0
  72.5 321.4 72.6 319.6 72.5 317.8 72.5 316.2 72.4 314.6 72.3 313.2 72.1 311.9
  71.9 310.7 71.6 310.0 71.4 309.3 71.2 308.6 70.9 308.1 70.7 307.5 70.4 307.1
  70.2 306.6 69.9 306.2 69.6 306.0 69.3 305.8 69.0 305.7 68.6 305.7 68.3 305.6
  67.9 305.6 67.5 305.8 67.2 306.1 66.8 306.4 66.4 306.8 66.1 307.1 65.7 307.3
  65.4 307.6 65.1 307.7 64.8 307.9 64.5 308.1 64.2 308.2 63.9 308.3 63.7 308.3
  63.5 308.4 63.2 308.5 63.0 308.6 62.8 308.7 62.6 308.7 62.3 308.7 62.1 308.6
  61.8 308.5 61.6 308.2 61.4 307.8 61.2 307.3 61.0 306.8 60.9 306.1 60.8 305.4
  60.7 304.5 60.6 303.6 60.5 302.7 60.5 301.7 60.5 300.7 60.5 299.6 60.5 298.5
  60.5 297.4 60.6 296.3 60.7 295.1 60.7 293.9 60.8 292.7 60.9 291.5 60.9 290.3
  61.0 289.1 61.1 287.9 61.1 286.7 61.1 285.5 61.2 284.3 61.4 283.1 61.5 281.9
  61.6 280.7 61.7 279.5 61.8 278.4 61.9 277.2 62.0 276.1 62.1 275.0 62.2 273.9
  62.4 272.7 62.5 271.6 62.6 270.5 62.7 269.4 62.8 268.2 62.9 267.1 63.0 266.0
  63.1 264.8 63.3 263.7 63.3 262.6 63.3 261.5 63.4 260.4 63.4 259.2 63.5 258.1
  63.5 256.9 63.6 255.8 63.7 254.7 63.7 253.6 63.8 252.5 63.9 251.4 63.9 250.3
  64.0 249.2 64.1 248.1 64.1 247.1 64.2 246.0 64.2 245.0 64.2 244.0 64.2 243.1
  64.2 242.1 64.2 241.2 64.1 240.4 64.1 239.6 64.0 238.8 63.8 238.0 63.7 237.2
  63.6 236.4 63.4 235.5 63.3 234.7 63.1 233.9 62.9 233.1 62.7 232.3 62.5 231.5
  62.2 230.7 61.8 230.0 61.5 229.4 61.1 228.9 60.8 228.4 60.4 227.9 60.1 227.4
  59.6 226.9 59.2 226.8 58.8 226.7 58.3 226.6 57.8 226.5 57.3 226.7 56.7 227.0
  56.1 227.2 55.5 227.5 54.9 227.7 54.3 227.9 53.6 228.0 52.9 228.1 52.2 228.1
  51.4 228.2 50.6 228.2 49.7 228.2 48.9 228.1 48.0 228.1 47.0 228.0 46.3 227.8
  45.6 227.6 44.9 227.1 44.2 226.5 43.4 225.9 42.6 225.2 41.7 224.4 40.8 223.5
  40.1 222.7 39.3 221.9 38.5 220.7 37.6 219.6 37.4 217.9 37.2 216.2 37.0 214.4
  37.2 212.6 37.4 210.7 37.8 208.8 38.3 206.9 38.9 205.1 39.5 203.3 40.3 201.4
  41.1 199.7 41.8 197.8 42.5 196.0 43.1 194.3 43.6 192.6 44.2 191.0 44.7 189.7
  45.3 188.5 45.8 187.1 46.2 185.8 46.7 184.7 47.2 183.4 47.5 182.2 47.8 180.8
  48.1 179.5 48.2 178.3 48.3 177.1 48.4 176.0 48.6 174.9 48.5 173.9 48.5 172.9
  48.5 171.9 48.4 170.9 48.3 169.9 48.2 168.9 48.1 167.9 48.1 166.9 48.0 165.9
  47.9 164.8 47.9 163.7 47.9 162.7 47.9 161.7 47.8 160.6 47.8 159.6 47.8 158.6
  47.8 157.5 47.8 156.4 47.8 155.4 47.9 154.3 48.0 153.3 48.1 152.3 48.1 151.3
  48.3 150.3 48.6 149.4 48.8 148.5 49.0 147.6 49.2 146.7 49.5 145.8 49.8 145.0
  50.1 144.2 50.4 143.4 50.7 142.6 51.0 141.9 51.4 141.1 51.8 140.3 52.1 139.5
  52.5 138.8 52.9 138.0 53.3 137.3 53.7 136.5 54.1 135.8 54.5 135.1 54.9 134.4
  55.3 133.8 55.7 133.1 56.1 132.5 56.6 131.9 56.9 131.2 57.2 130.6 57.5 129.9
  57.9 129.2 58.2 128.5 58.6 127.8
  11  8 80  0.0
  72.5 321.4 72.3 320.5 72.0 319.6 71.7 318.7 71.4 318.3 71.1 317.8 70.7 317.3
  70.4 316.8 70.0 316.3 69.6 315.7 69.1 315.6 68.6 315.4 68.0 315.2 67.4 315.4
  66.7 315.5 66.0 315.5 65.3 315.4 64.5 315.5 63.7 315.6 62.9 315.8 62.0 316.0
  61.1 316.1 60.4 316.2 59.7 316.3 59.0 316.4 58.3 316.5 57.6 316.6 56.9 316.4
  56.3 316.3 55.7 316.1 55.2 315.8 54.2 315.5 53.2 315.3 52.3 314.9 51.3 314.6
  50.4 314.1 49.6 313.6 48.7 313.0 48.0 312.4 47.3 311.5 46.5 310.7 45.7 309.8
  45.0 308.9 44.3 308.0 43.5 307.0 42.8 306.1 42.1 305.1 41.5 304.1 40.9 303.2
  40.1 302.3 39.3 301.3 38.7 300.5 38.0 299.6 37.3 298.7 36.6 297.9 36.0 297.1
  35.4 296.4 34.8 295.7 34.2 294.9 33.6 294.1 33.0 293.3 32.5 292.4 32.0 291.5
  31.6 290.7 31.2 289.8 30.8 288.9 30.5 288.0 30.1 287.1 29.9 286.2 29.6 285.5
  29.4 284.9 29.1 284.2 28.9 283.6 28.7 283.0 28.4 282.3 28.2 281.7 28.0 281.0
  27.8 280.4 27.7 279.9 27.5 279.4 27.4 279.0 27.2 278.5 27.1 278.1 27.0 277.6
  26.9 277.1 26.8 276.7 26.7 276.3 26.6 275.8 26.5 275.3 26.4 274.9 26.3 274.4
  26.2 273.9 26.1 273.4 26.0 272.9 25.8 272.6 25.7 272.2 25.6 271.8 25.4 271.4
  25.3 271.0 25.2 270.7 25.1 270.3 25.0 269.9 24.9 269.5 24.8 269.0 24.6 268.6
  24.5 268.2 24.4 267.7 24.3 267.3 24.2 266.8 24.1 266.3 24.1 265.8 24.0 265.4
  23.9 265.1 23.8 264.9 23.7 264.6 23.6 264.4 23.5 264.1 23.5 263.8 23.3 263.6
  23.2 263.3 23.1 263.0 23.0 262.7 22.9 262.5 22.7 262.1 22.6 261.8 22.5 261.5
  22.4 261.2 22.3 260.8 22.2 260.4 22.1 260.1 22.0 259.7 21.9 259.5 21.8 259.3
  21.7 259.0 21.6 258.8 21.5 258.6 21.4 258.4 21.3 258.2 21.2 257.9 21.1 257.7
  21.0 257.5 20.9 257.2 20.8 257.0 20.7 256.7 20.6 256.5 20.5 256.2 20.4 256.0
  20.3 255.7 20.1 255.4 20.0 255.1 19.9 254.8-99.9 -99.9-99.9 -99.9-99.9 -99.9
 -99.9 -99.9-99.9 -99.9-99.9 -99.9-99.9 -99.9-99.9 -99.9-99.9 -99.9-99.9 -99.9
 -99.9 -99.9-99.9 -99.9-99.9 -99.9-99.9 -99.9-99.9 -99.9-99.9 -99.9-99.9 -99.9
 -99.9 -99.9-99.9 -99.9-99.9 -99.9-99.9 -99.9-99.9 -99.9-99.9 -99.9-99.9 -99.9
 -99.9 -99.9-99.9 -99.9-99.9 -99.9-99.9 -99.9-99.9 -99.9-99.9 -99.9-99.9 -99.9
 -99.9 -99.9-99.9 -99.9-99.9 -99.9-99.9 -99.9-99.9 -99.9-99.9 -99.9-99.9 -99.9
 -99.9 -99.9-99.9 -99.9-99.9 -99.9-99.9 -99.9-99.9 -99.9-99.9 -99.9-99.9 -99.9
 -99.9 -99.9-99.9 -99.9-99.9 -99.9-99.9 -99.9-99.9 -99.9-99.9 -99.9-99.9 -99.9
 -99.9 -99.9-99.9 -99.9-99.9 -99.9-99.9 -99.9-99.9 -99.9-99.9 -99.9-99.9 -99.9
 -99.9 -99.9-99.9 -99.9-99.9 -99.9-99.9 -99.9-99.9 -99.9-99.9 -99.9-99.9 -99.9
 -99.9 -99.9-99.9 -99.9-99.9 -99.9-99.9 -99.9-99.9 -99.9-99.9 -99.9-99.9 -99.9
 -99.9 -99.9-99.9 -99.9-99.9 -99.9-99.9 -99.9-99.9 -99.9-99.9 -99.9-99.9 -99.9
 -99.9 -99.9-99.9 -99.9-99.9 -99.9-99.9 -99.9-99.9 -99.9-99.9 -99.9-99.9 -99.9
 -99.9 -99.9-99.9 -99.9-99.9 -99.9
  11  9 80  0.0
  72.5 321.4 72.0 320.2 71.5 319.1 70.8 318.1 70.2 317.2 69.5 316.4 68.8 315.7
  67.9 315.0 67.1 314.5 66.2 314.1 65.2 313.6 64.3 313.3 63.4 313.1 62.5 312.9
  61.6 312.8 60.7 312.7 59.8 312.7 59.0 312.6 58.1 312.5 57.2 312.5 56.4 312.3
  55.6 312.2 54.8 312.1 54.0 311.9 53.1 311.7 52.3 311.5 51.4 311.2 50.6 310.9
  49.9 310.5 49.2 310.1 48.5 309.6 47.8 309.1 47.2 308.5 46.5 307.8 46.1 307.1
  45.6 306.3 45.2 305.4 44.7 304.6 44.2 303.6 44.0 302.7 43.7 301.7 43.4 300.7
  43.1 299.7 42.9 298.7 42.8 297.7 42.6 296.7 42.4 295.7 42.3 294.7 42.3 293.6
  42.2 292.6 42.1 291.4 42.2 290.2 42.3 289.0 42.4 287.8 42.6 286.5 42.8 285.3
  43.1 284.0 43.3 282.9 43.6 281.7 43.9 280.5 44.2 279.4 44.8 278.1 45.3 276.8
  45.9 275.5 46.6 274.4 47.3 273.1 48.1 271.9 48.8 270.5 49.5 269.2 50.2 267.9
  50.9 266.6 51.6 265.3 52.4 264.0 53.1 262.7 53.8 261.4 54.5 260.1 55.2 258.8
  55.9 257.4 56.5 256.1 57.1 254.6 57.6 253.2 58.1 251.8 58.5 250.4 58.9 249.0
  59.3 247.6 59.6 246.2 59.9 244.9 60.1 243.6 60.2 242.4 60.3 241.3 60.4 240.1
  60.4 239.0 60.4 238.0 60.3 236.9 60.1 235.9 59.9 235.0 59.7 234.0 59.5 233.1
  59.2 232.2 59.0 231.4 58.6 230.6 58.1 229.9 57.7 229.2 57.2 228.5 56.8 227.8
  56.1 227.1 55.5 226.5 54.8 225.8 54.1 225.1 53.4 224.5 52.6 223.8 51.7 223.1
  50.8 222.5 49.8 221.8 48.9 221.1 48.0 220.4 47.1 219.7 46.2 218.9 45.3 218.1
  44.4 217.4 43.6 216.6 42.7 216.0 42.0 215.3 41.3 214.5 40.7 213.6 40.0 212.7
  39.4 211.7 39.1 210.7 38.8 209.6 38.5 208.5 38.2 207.3 38.2 206.2 38.1 205.0
  38.0 203.9 38.2 202.8 38.4 201.6 38.6 200.5 38.8 199.3 39.2 198.2 39.5 197.0
  39.9 195.8 40.2 194.5 40.5 193.5 40.8 192.5 41.1 191.5 41.4 190.5 41.6 189.5
  41.8 188.4 42.1 187.3 42.2 186.4 42.2 185.4 42.3 184.4 42.4 183.2 42.3 182.0
  42.2 180.8 42.2 179.4 42.0 177.9 41.9 176.4 41.8 174.5 41.7 172.7 41.5 170.9
  41.4 169.0 41.2 167.0 41.0 165.0 40.9 163.0 40.6 160.9 40.4 158.9 40.1 156.9
  39.9 154.8 39.6 152.8 39.4 150.8 39.1 148.8 38.9 146.9 38.6 145.1 38.4 143.3
  38.1 141.6 37.9 140.0 37.7 138.3 37.6 136.6 37.4 135.0 37.4 133.4 37.4 131.9
  37.4 130.5 37.5 129.2 37.6 128.0 37.8 126.9 38.1 125.9 38.3 124.9 38.6 124.0
  38.8 123.1 39.0 122.3 39.2 121.6 39.4 120.9 39.7 120.2 39.9 119.6 40.1 119.1
  40.3 118.6 40.5 118.1 40.8 117.7 41.1 117.2 41.3 116.8 41.6 116.3 41.9 115.9
  42.0 115.4 42.1 115.0 42.2 114.5 42.3 114.1 42.4 113.7 42.5 113.4 42.7 113.0
  42.9 112.7 43.1 112.3 43.3 112.0 43.5 111.7 43.6 111.3 43.7 111.0 43.7 110.6
  43.8 110.2 43.8 109.9 43.8 109.5 43.9 109.2 44.0 108.9 44.0 108.6 44.1 108.4
  44.2 108.2 44.2 108.1 44.3 107.9 44.3 107.8 44.2 107.6 44.1 107.5 44.0 107.4
  44.0 107.2 43.9 106.9 43.9 106.6 43.8 106.3 43.8 106.0 43.8 105.8 43.8 105.5
  43.8 105.2 43.8 104.9 43.8 104.6
  11 10 80  0.0
  72.5 321.4 72.4 319.8 72.2 318.2 71.9 316.7 71.6 314.9 71.2 313.2 70.8 311.6
  70.3 310.2 69.6 308.9 69.1 307.6 68.4 306.4 67.7 305.2 67.0 304.2 66.3 303.2
  65.6 302.3 64.9 301.5 64.2 300.8 63.4 300.2 62.7 299.7 62.0 299.2 61.4 298.7
  60.8 298.4 60.2 298.0 59.6 297.6 59.1 297.2 58.6 296.8 58.1 296.4 57.6 296.0
  57.2 295.6 56.9 295.2 56.6 294.8 56.3 294.4 56.1 294.0 55.8 293.6 55.6 293.1
  55.4 292.7 55.3 292.2 55.1 291.7 55.1 291.2 55.1 290.7 55.1 290.1 55.1 289.5
  55.1 288.9 55.1 288.3 55.1 287.6 55.2 287.0 55.3 286.3 55.4 285.6 55.6 284.9
  55.7 284.2 55.9 283.5 56.2 282.8 56.5 282.2 56.8 281.6 57.1 281.1 57.5 280.7
  57.9 280.3 58.4 280.0 58.8 279.9 59.2 279.9 59.6 279.9 60.1 280.0 60.8 280.4
  61.4 280.8 62.0 281.2 62.6 281.9 63.1 282.7 63.6 283.6 63.9 284.7 64.1 285.9
  64.3 287.3 64.5 288.9 64.3 290.6 64.2 292.4 63.8 294.2 63.4 296.1 62.7 298.0
  62.0 299.6 61.3 301.1 60.3 302.3 59.2 303.4 58.1 304.2 56.8 304.8 55.5 305.3
  54.1 305.4 52.7 305.6 51.4 305.4 50.2 304.7 49.0 304.0 47.9 303.0 46.8 301.9
  45.8 300.7 44.9 299.5 44.0 298.2 43.2 296.9 42.4 295.7 41.8 294.4 41.2 293.2
  40.6 292.0 40.0 290.8 39.7 289.6 39.3 288.6 38.8 287.5 38.6 286.5 38.3 285.5
  38.0 284.5 37.7 283.5 37.8 282.6 37.9 281.6 38.0 280.7 38.1 279.7 38.3 278.8
  38.5 277.9 38.7 277.0 38.8 276.1 38.9 275.3 39.3 274.5 39.8 273.8 40.2 273.0
  40.7 272.3 41.2 271.5 41.8 270.7 42.5 269.9 43.1 269.0 43.8 268.1 44.4 267.3
  45.1 266.4 45.9 265.6 46.7 264.8 47.5 264.0 48.3 263.1 49.2 262.2 50.1 261.2
  51.1 260.1 52.0 259.1 52.9 257.9 53.7 256.9 54.5 255.8 55.2 254.6 55.9 253.3
  56.6 252.1 57.3 250.6 58.0 249.2 58.7 247.7 59.3 246.2 59.9 244.7 60.6 243.3
  61.0 241.9 61.5 240.5 62.0 239.2 62.3 237.7 62.7 236.3 63.0 234.9 63.2 233.6
  63.5 232.2 63.8 230.9 63.9 229.6 64.1 228.4 64.3 226.9 64.3 225.5 64.4 224.2
  64.5 222.8 64.4 221.5 64.3 220.3 64.3 219.1 64.1 217.9 63.9 216.8 63.8 215.8
  63.5 214.9 63.2 214.0 62.9 213.2 62.6 212.4 62.2 211.6 61.8 211.0 61.3 210.5
  60.9 210.0 60.4 209.6 60.0 209.1 59.5 208.8 59.1 208.4 58.6 208.0 58.1 207.6
  57.6 207.2 57.1 206.9 56.6 206.6 56.1 206.2 55.6 205.9 55.1 205.6 54.6 205.3
  54.2 205.0 53.7 204.7 53.2 204.4 52.8 204.0 52.4 203.6 52.0 203.3 51.6 203.0
  51.2 202.7 50.9 202.3 50.6 202.0 50.2 201.6 49.9 201.2 49.6 201.0 49.3 200.9
  48.9 200.7 48.6 200.5 48.2 200.3 47.9 200.1 47.6 200.0 47.3 199.9 47.0 199.7
  46.7 199.5 46.4 199.3 46.0 199.1 45.7 198.8 45.3 198.5 44.9 198.1 44.4 197.8
  43.9 197.4 43.5 196.8 43.1 196.1 42.8 195.5 42.4 194.8 42.1 194.1 41.9 193.3
  41.7 192.2 41.6 191.1 41.3 190.1 41.0 189.0 40.7 187.9 40.2 186.7 39.8 185.5
  39.4 184.0 39.0 182.5 38.7 180.9 38.4 179.3 38.1 177.6 37.8 175.9 37.4 174.1
  37.1 172.3 36.6 170.3 36.3 168.4
  11 11 80  0.0
  72.5 321.4 72.2 319.5 71.8 317.7 71.4 315.9 70.9 314.0 70.4 312.3 69.8 310.6
  69.2 309.0 68.5 307.4 67.7 306.0 66.9 304.7 66.1 303.4 65.2 302.3 64.4 301.2
  63.6 300.2 62.8 299.4 62.1 298.7 61.3 298.0 60.6 297.6 59.9 297.2 59.1 297.0
  58.4 296.9 57.7 296.7 56.9 296.4 56.2 296.2 55.6 295.9 55.0 295.5 54.5 295.1
  54.0 294.7 53.6 294.4 53.2 294.0 52.8 293.5 52.5 293.0 52.2 292.5 52.0 292.0
  51.9 291.2 51.8 290.3 51.8 289.3 51.7 288.3 51.7 287.3 51.6 286.3 51.5 285.3
  51.5 284.4 51.5 283.4 51.6 282.5 51.6 281.5 51.7 280.5 51.9 279.4 52.0 278.3
  52.0 277.1 52.1 276.2 52.3 275.3 52.3 274.4 52.5 273.6 52.6 272.7 52.8 271.9
  53.1 271.1 53.3 270.3 53.6 269.5 53.9 268.6 54.2 267.7 54.5 266.9 54.7 266.1
  55.0 265.4 55.4 264.6 55.7 263.9 56.0 263.2 56.3 262.5 56.7 261.9 57.1 261.2
  57.5 260.6 58.0 259.9 58.3 259.2 58.7 258.5 59.1 257.9 59.6 257.3 60.1 256.7
  60.6 256.1 61.1 255.5 61.6 254.9 62.0 254.3 62.5 253.7 63.1 253.0 63.6 252.3
  64.1 251.6 64.6 250.8 65.0 250.0 65.4 249.2 65.8 248.4 66.2 247.6 66.5 246.8
  66.8 246.0 67.1 245.2 67.4 244.4 67.6 243.5 67.8 242.7 68.0 241.9 68.2 241.0
  68.5 240.1 68.7 239.1 68.8 238.1 68.9 237.1 69.0 236.1 69.1 235.1 69.1 234.1
  69.1 233.0 69.1 232.0 69.0 230.9 69.0 229.9 68.9 228.8 68.9 227.7 68.8 226.6
  68.8 225.6 68.7 224.5 68.6 223.4 68.5 222.3 68.4 221.2 68.3 220.1 68.2 219.0
  68.1 217.9 68.0 216.7 67.9 216.2 67.8 215.6 67.6 215.0 67.5 214.4 67.3 213.7
  67.1 213.1 67.0 212.4 66.8 211.8 66.6 211.1 66.4 210.4 66.2 209.7 66.0 208.9
  65.8 208.7 65.6 208.5 65.4 208.3 65.3 208.0 65.1 207.8 64.9 207.5 64.8 207.3
  64.6 207.0 64.5 206.7 64.4 206.4 64.2 206.0 64.1 205.7 64.0 205.3 63.9 205.3
  63.8 205.4 63.7 205.4 63.5 205.4 63.4 205.5 63.3 205.5 63.1 205.6 63.0 205.7
  62.8 205.7 62.7 205.8 62.5 205.9 62.4 206.0 62.2 206.1 62.1 206.1 61.9 206.2
  61.8 206.6 61.6 207.0 61.5 207.4 61.3 207.9 61.2 208.3 61.0 208.8 60.8 209.3
  60.5 209.8 60.3 210.4 60.1 210.9 59.9 211.4 59.7 212.2 59.3 213.0 59.0 213.8
  58.6 214.6 58.2 215.3 57.9 216.0 57.3 216.9 56.8 217.8 56.2 218.6 55.6 219.4
  55.0 220.1 54.2 220.7 53.4 221.3 52.6 221.6 51.7 221.9 50.7 222.0 49.8 222.2
  48.7 222.1 47.7 222.1 46.5 221.7 45.3 221.5 44.1 220.9 42.9 220.3 41.7 219.3
  40.6 218.0 39.6 216.7 38.5 215.2 37.7 213.7 36.8 212.0 36.4 210.2 35.9 208.4
  35.5 206.5 35.5 204.6 35.5 202.7 35.9 200.9 36.2 199.1 36.7 197.5 37.2 195.9
  37.8 194.3 38.4 192.7 39.1 191.5 39.8 190.2 40.5 188.9 41.3 187.8 41.8 186.8
  42.3 185.7 42.8 184.7 43.4 183.7 43.7 182.7 44.0 181.7 44.3 180.8 44.8 179.9
  44.9 179.1 45.1 178.2 45.4 177.4 45.7 176.5 46.1 175.7 46.1 174.9 46.2 174.1
  46.3 173.4 46.4 172.7 46.6 172.0 46.6 171.2 46.7 170.5 46.8 169.8 46.9 169.1
  47.1 168.4 47.4 167.6 47.5 166.7
  11 12 80  0.0
  72.5 321.4 72.9 320.7 73.2 319.9 73.5 318.9 73.7 317.8 73.9 316.5 74.1 315.1
  74.2 314.0 74.4 312.8 74.5 311.5 74.5 310.2 74.5 308.7 74.5 307.2 74.5 305.7
  74.4 304.2 74.3 302.7 74.1 301.3 73.9 300.0 73.6 298.4 73.3 296.9 73.0 295.5
  72.6 294.1 72.3 292.9 71.9 291.7 71.7 289.9 71.5 288.1 71.2 286.3 71.1 284.6
  71.0 283.0 71.0 281.4 71.0 279.9 71.1 278.4 71.2 277.0 71.2 275.6 71.3 274.2
  71.4 272.8 71.5 271.4 71.6 270.0 71.7 268.5 71.8 267.0 72.0 265.5 72.2 263.9
  72.4 262.8 72.6 261.6 72.8 260.4 73.1 259.1 73.3 257.8 73.6 256.4 73.9 254.9
  74.2 253.4 74.5 252.4 74.8 251.4 75.1 250.4 75.4 249.4 75.7 248.3 76.0 247.3
  76.3 246.8 76.6 246.4 76.9 246.0 77.1 245.5 77.4 245.1 77.6 244.6 77.9 244.1
  78.1 243.5 78.3 243.6 78.5 243.6 78.6 243.7 78.8 243.8 79.0 243.8 79.1 243.9
  79.2 244.0 79.3 244.0 79.4 244.1 79.4 244.1 79.4 244.2 79.5 244.2 79.5 244.2
  79.5 244.2 79.5 244.2 79.5 244.1 79.5 244.1 79.5 244.0 79.5 243.9 79.6 243.8
  79.6 243.7 79.7 243.5 79.7 243.3 79.7 243.1 79.7 242.7 79.7 242.3 79.7 241.9
  79.7 241.4 79.6 240.8 79.6 240.2 79.5 239.5 79.5 238.7 79.5 237.9 79.4 237.0
  79.4 236.1 79.3 235.2 79.3 234.3 79.3 233.4 79.2 232.6 79.2 231.7 79.1 231.0
  79.1 230.2 79.1 229.5 79.0 228.8 79.0 228.2 78.9 227.7 78.9 227.1 78.8 226.6
  78.8 226.1 78.7 225.5 78.7 225.0 78.6 224.5 78.5 224.0 78.4 223.5 78.3 223.0
  78.2 222.6 78.1 222.2 77.9 221.7 77.8 220.3 77.6 218.9 77.5 217.6 77.3 216.3
  77.2 215.0 77.0 213.8 76.8 212.7 76.6 211.6 76.4 210.6 76.2 209.7 76.0 208.8
  75.7 206.9 75.5 205.0 75.3 203.3 75.0 201.7 74.8 200.3 74.5 198.9 74.2 197.8
  73.9 196.7 73.6 195.1 73.3 193.6 72.9 192.3 72.6 191.1 72.2 190.1 71.9 189.1
  71.5 187.6 71.1 186.2 70.8 184.9 70.4 183.7 70.0 182.5 69.7 181.4 69.3 180.0
  68.9 178.7 68.6 177.4 68.3 176.1 67.9 174.8 67.7 173.4 67.4 172.1 67.2 170.8
  67.0 169.5 66.8 168.3 66.7 167.1 66.6 166.0 66.6 164.9 66.5 163.9 66.5 162.9
  66.5 162.0 66.5 161.2 66.5 160.4 66.6 159.6 66.6 158.8 66.6 158.1 66.6 157.3
  66.7 156.6 66.7 155.8 66.8 155.0 66.8 154.2 66.9 153.4 67.0 152.6 67.1 151.8
  67.1 151.0 67.1 150.2 67.1 149.6 67.1 149.0 67.2 148.4 67.2 147.9 67.2 147.4
  67.2 146.9 67.2 146.5 67.2 146.1 67.2 145.7 67.2 145.4 67.3 145.1 67.3 144.8
  67.3 144.5 67.3 144.2 67.3 143.9 67.3 143.6 67.3 143.3 67.2 143.1 67.2 142.8
  67.2 142.6 67.2 142.3 67.2 142.0 67.2 141.8 67.1 141.6 67.1 141.4 67.1 141.2
  67.1 141.0 67.1 140.9 67.1 140.8 67.1 140.7 67.0 140.6 67.0 140.5 67.0 140.4
  67.0 140.4 67.0 140.3 67.0 140.3 67.0 140.2 67.0 140.1 67.1 140.1 67.1 140.0
  67.2 139.9 67.2 139.8 67.2 139.7 67.3 139.6 67.3 139.5 67.4 139.3 67.4 139.2
  67.5 139.0 67.6 138.8 67.7 138.6 67.7 138.3 67.8 138.1 67.9 137.8 68.0 137.4
  68.1 137.1 68.2 136.8 68.3 136.5
  11 13 80  0.0
  72.5 321.4 72.7 320.8 72.8 320.1 73.0 319.5 73.2 318.9 73.3 318.3 73.5 317.7
  73.6 317.1 73.8 316.5 73.9 315.9 74.0 315.3 74.1 314.8 74.3 314.4 74.4 314.0
  74.5 313.5 74.6 312.9 74.7 312.3 74.8 311.7 74.9 310.9 75.1 310.1 75.2 309.2
  75.3 308.2 75.4 307.2 75.4 306.0 75.5 304.7 75.5 303.3 75.5 301.8 75.5 300.2
  75.5 298.6 75.5 296.9 75.4 295.2 75.3 293.5 75.3 291.7 75.2 290.0 75.1 288.2
  75.0 286.4 74.8 284.6 74.7 282.8 74.6 281.1 74.5 279.4 74.3 277.9 74.2 276.3
  74.2 274.9 74.1 273.5 74.1 272.1 74.0 270.7 74.1 269.3 74.1 267.9 74.2 266.5
  74.3 265.0 74.3 263.6 74.4 262.3 74.4 261.0 74.5 259.7 74.5 258.5 74.5 257.3
  74.6 256.1 74.7 255.0 74.7 253.9 74.8 252.9 74.9 251.8 75.0 250.8 75.1 249.8
  75.2 248.8 75.3 247.7 75.4 246.7 75.5 245.6 75.6 244.5 75.7 243.4 75.8 242.3
  75.9 241.1 76.0 239.9 76.1 238.7 76.2 238.1 76.3 237.5 76.5 236.8 76.6 236.1
  76.7 235.5 76.8 234.8 76.9 234.1 77.1 233.4 77.2 232.6 77.3 231.9 77.3 231.1
  77.4 230.3 77.5 229.5 77.6 228.6 77.6 227.8 77.7 226.9 77.7 226.1 77.7 225.2
  77.8 224.3 77.8 223.5 77.8 222.6 77.8 221.8 77.8 220.9 77.8 220.1 77.8 219.3
  77.7 218.5 77.7 217.8 77.7 217.1 77.7 216.4 77.6 215.7 77.5 215.1 77.4 214.4
  77.3 213.8 77.2 213.2 77.1 212.7 77.0 212.1 76.9 211.6 76.7 211.1 76.5 210.5
  76.3 210.0 76.0 209.5 75.8 208.9 75.5 208.5 75.3 208.0 75.0 207.5 74.6 207.0
  74.3 206.4 73.9 205.9 73.6 205.5 73.3 205.1 73.0 204.7 72.7 204.3 72.4 203.8
  72.0 203.3 71.6 202.8 71.3 202.5 71.0 202.2 70.6 201.9 70.3 201.5 70.0 201.1
  69.7 201.0 69.4 200.8 69.1 200.5 68.9 200.2 68.6 200.0 68.2 199.6 67.8 199.3
  67.5 199.1 67.1 199.0 66.8 198.9 66.5 198.7 66.2 198.6 65.9 198.5 65.6 198.5
  65.4 198.6 65.2 198.7 65.1 198.9 64.9 199.1 64.8 199.3 64.7 199.6 64.6 199.9
  64.5 200.3 64.4 200.7 64.3 201.2 64.3 201.6 64.2 202.1 64.1 202.5 64.0 202.9
  63.9 203.6 63.8 204.2 63.7 204.9 63.5 205.5 63.4 206.1 63.3 206.8 63.1 207.4
  63.0 208.0 62.8 208.6 62.7 209.1 62.5 209.6 62.3 210.1 62.1 210.5 61.9 210.9
  61.8 211.3 61.6 211.6 61.4 212.0 61.2 212.2 60.9 212.5 60.6 212.7 60.3 212.9
  60.1 213.1 59.8 213.3 59.5 213.4 59.2 213.5 58.9 213.6 58.5 213.7 58.2 213.7
  57.9 213.8 57.6 213.8 57.2 213.7 56.9 213.7 56.5 213.6 56.1 213.6 55.7 213.6
  55.3 213.5 54.8 213.4 54.4 213.2 53.9 213.1 53.4 212.9 52.8 212.6 52.2 212.3
  51.6 212.0 51.2 211.5 50.8 211.0 50.5 210.5 50.1 210.1 49.7 209.6 49.4 209.1
  49.0 208.6 48.7 208.1 48.3 207.6 48.3 207.1 48.3 206.7 48.3 206.2 48.3 205.8
  48.4 205.4 48.5 205.0 48.6 204.7 48.7 204.4 48.8 204.1 49.0 203.8 49.3 203.6
  49.6 203.4 50.0 203.1 50.3 202.9 50.7 203.1 51.1 203.3 51.5 203.6 51.8 203.9
  52.1 204.2 52.2 204.7 52.2 205.3 52.2 205.9 52.2 206.6 52.1 207.2 52.0 207.9
  51.9 208.7 51.6 209.5 51.4 210.3
  11 14 80  0.0
  72.5 321.4 72.8 321.1 73.1 320.9 73.4 320.6 73.7 320.3 74.0 319.9 74.3 319.5
  74.6 319.1 74.9 318.7 75.2 318.2 75.4 317.7 75.6 317.2 75.8 316.6 76.0 316.0
  76.2 315.3 76.4 314.4 76.6 313.6 76.7 312.7 76.9 311.7 77.0 310.7 77.1 309.7
  77.2 308.6 77.3 307.5 77.4 306.4 77.5 305.2 77.6 304.0 77.7 302.7 77.8 301.3
  77.8 299.9 77.9 298.5 77.9 296.9 77.9 295.3 77.9 293.6 77.8 291.9 77.8 290.1
  77.7 288.2 77.7 286.3 77.6 284.3 77.5 282.3 77.4 280.4 77.3 278.4 77.2 276.6
  77.0 274.8 76.8 273.1 76.7 271.6 76.5 270.1 76.3 268.7 76.2 267.4 76.0 266.2
  75.9 265.0 75.7 263.9 75.6 262.8 75.4 261.8 75.3 260.7 75.1 259.8 75.0 258.8
  74.9 257.9 74.8 257.0 74.6 256.1 74.4 255.2 74.3 254.3 74.2 253.4 74.0 252.6
  73.9 251.7 73.8 250.8 73.7 249.9 73.5 249.0 73.4 248.1 73.2 247.2 73.1 246.3
  73.0 245.5 72.8 244.6 72.6 243.8 72.5 243.0 72.4 242.2 72.2 241.3 72.1 240.5
  72.0 239.7 71.9 238.6 71.8 237.5 71.7 236.3 71.6 235.1 71.4 233.9 71.3 232.7
  71.1 231.4 70.9 230.1 70.7 228.9 70.5 227.6 70.3 226.4 70.1 225.1 69.9 224.0
  69.7 222.6 69.5 221.4 69.3 220.1 69.1 218.8 68.9 217.6 68.7 216.4 68.4 215.2
  68.2 214.1 68.0 212.9 67.8 211.8 67.7 210.6 67.5 209.4 67.4 208.2 67.2 206.9
  67.1 205.7 66.9 204.4 66.8 203.1 66.6 201.8 66.4 200.5 66.3 199.1 66.2 197.6
  66.0 196.1 65.9 194.5 65.8 192.7 65.7 190.9 65.6 189.1 65.6 187.2 65.5 185.3
  65.5 183.3 65.5 181.3 65.6 179.3 65.6 177.3 65.7 175.4 65.7 173.6 65.7 172.0
  65.7 170.4 65.8 169.0 65.8 167.7 65.8 166.6 65.8 165.5 65.9 164.5 65.9 163.6
  66.0 162.7 66.0 162.0 66.0 161.4 66.0 160.6 66.1 159.9 66.1 159.3 66.1 158.8
  66.1 158.2 66.1 157.8 66.1 157.4 66.2 157.0 66.2 156.6 66.3 156.3 66.3 155.9
  66.4 155.6 66.4 155.2 66.5 154.8 66.6 154.4 66.6 154.0 66.7 153.6 66.8 153.1
  66.9 152.7 66.9 152.2 67.0 151.7 67.1 151.2 67.1 150.7 67.1 150.2 67.2 149.7
  67.2 149.3 67.2 148.8 67.2 148.3 67.2 147.8 67.1 147.3 67.0 146.9 66.9 146.4
  66.8 145.9 66.7 145.4 66.6 144.9 66.5 144.4 66.3 143.9 66.1 143.4 65.9 142.8
  65.7 142.5 65.4 142.1 65.2 141.8 64.9 141.4 64.6 141.0 64.3 140.7 64.0 140.3
  63.7 139.9 63.3 139.7 62.9 139.5 62.6 139.3 62.2 139.0 61.8 138.8 61.4 138.8
  61.0 138.9 60.7 138.9 60.4 138.8 60.1 138.8 59.8 138.7 59.5 138.9 59.2 139.1
  58.9 139.1 58.7 139.2 58.4 139.1 58.1 139.0 57.8 138.9 57.5 139.0 57.2 139.0
  56.9 139.0 56.5 138.9 56.1 138.8 55.7 138.7 55.3 138.6 54.9 138.4 54.4 138.1
  53.9 137.8 53.5 137.4 53.0 136.9 52.4 136.4 51.9 135.8 51.4 135.0 50.8 134.3
  50.1 133.5 49.4 132.8 48.8 131.7 48.3 130.7 47.9 129.6 47.5 128.3 47.1 127.0
  46.9 125.6 46.7 124.2 46.5 122.8 46.3 121.3 46.0 119.9 46.0 118.4 46.0 117.0
  45.9 115.4 46.1 113.9 46.3 112.5 46.5 111.0 46.7 109.6 47.0 108.1 47.2 106.7
  47.4 105.2 47.7 103.7 48.0 102.2
  11 15 80  0.0
  72.5 321.4 72.7 320.8 72.9 320.3 73.1 319.6 73.2 319.0 73.4 318.3 73.5 317.7
  73.6 317.0 73.7 316.3 73.8 315.6 73.9 314.9 73.9 314.2 74.0 313.5 74.1 312.8
  74.2 312.1 74.3 311.3 74.4 310.5 74.5 309.6 74.6 308.7 74.7 307.7 74.7 306.6
  74.7 305.5 74.8 304.4 74.8 303.1 74.8 301.9 74.8 300.5 74.8 299.2 74.7 297.8
  74.7 296.4 74.6 294.9 74.5 293.4 74.4 291.8 74.3 290.2 74.1 288.6 74.0 287.0
  73.9 285.4 73.8 283.9 73.6 282.5 73.5 281.0 73.3 279.6 73.1 278.2 72.9 276.9
  72.7 275.7 72.4 274.5 72.1 273.5 71.8 272.5 71.5 271.8 71.1 271.1 70.7 270.5
  70.3 270.0 69.8 269.6 69.4 269.2 68.9 268.8 68.5 268.4 68.0 268.0 67.5 267.5
  67.1 267.0 66.6 266.6 66.2 266.1 65.7 265.6 65.3 265.0 64.9 264.4 64.5 263.8
  64.2 263.2 63.8 262.5 63.5 261.9 63.2 261.3 62.9 260.6 62.7 260.0 62.5 259.3
  62.3 258.6 62.1 258.0 61.9 257.3 61.8 256.7 61.6 256.2 61.5 255.6 61.4 255.0
  61.2 254.5 61.1 253.9 61.0 253.3 60.8 252.7 60.7 252.2 60.5 251.6 60.4 251.1
  60.3 250.5 60.1 249.9 60.0 249.3 59.9 248.7 59.8 248.4 59.7 248.0 59.6 247.7
  59.6 247.3 59.5 247.0 59.5 246.6 59.4 246.2 59.3 245.8 59.3 245.4 59.2 245.0
  59.2 244.6 59.1 244.2 59.1 243.8 59.0 243.3 59.0 242.9 59.0 242.4 58.9 242.0
  58.9 241.5 58.9 241.1 58.8 240.6 58.8 240.2 58.8 239.7 58.7 239.3 58.6 238.9
  58.4 238.5 58.3 238.1 58.2 237.8 58.1 237.5 57.9 237.2 57.8 237.0 57.7 236.9
  57.5 236.8 57.4 236.7 57.2 236.6 57.0 236.5 56.9 236.4 56.7 236.3 56.6 236.2
  56.4 236.1 56.2 235.9 56.0 235.8 55.8 235.6 55.6 235.5 55.3 235.4 55.1 235.4
  54.8 235.3 54.6 235.2 54.3 235.1 54.0 235.0 53.7 234.9 53.4 234.8 53.1 234.7
  52.8 234.7 52.5 234.6 52.1 234.5 51.7 234.4 51.4 234.2 51.0 234.0 50.6 233.8
  50.2 233.6 49.8 233.3 49.5 232.7 49.1 232.1 48.8 231.5 48.5 230.9 48.1 230.2
  47.7 229.5 47.4 228.4 47.0 227.4 46.6 226.3 46.1 225.3 45.7 224.4 45.4 223.0
  45.1 221.7 44.9 220.4 44.7 219.2 44.5 218.0 44.2 216.8 44.0 215.7 43.7 214.2
  43.4 212.8 43.0 211.4 42.9 210.0 42.8 208.7 42.7 207.4 42.9 206.1 43.0 204.8
  43.1 203.6 43.5 202.4 43.8 201.2 44.0 200.0 44.6 199.1 45.1 198.1 45.6 197.2
  46.1 196.3 46.6 195.7 47.3 195.0 47.9 194.3 48.5 193.5 49.1 193.0 49.5 192.4
  50.0 191.7 50.6 191.0 51.2 190.6 51.7 190.1 52.3 189.7 52.9 189.4 53.4 189.2
  53.9 188.9 54.3 188.6 54.7 188.5 55.1 188.3 55.4 188.2 55.8 188.0 56.1 187.9
  56.5 187.9 56.9 188.0 57.1 188.1 57.4 188.2 57.6 188.3 57.8 188.4 58.0 188.4
  58.2 188.5 58.4 188.8 58.5 189.0 58.7 189.3 58.8 189.5 58.9 189.8 59.0 190.1
  59.1 190.5 59.2 190.8 59.3 191.1 59.3 191.5 59.3 191.9 59.4 192.3 59.3 192.6
  59.3 193.1 59.3 193.5 59.2 193.9 59.1 194.4 59.0 194.8 58.9 195.3 58.9 195.8
  58.8 196.3 58.6 196.8 58.5 197.3 58.3 197.7 58.2 198.2 58.0 198.6 57.9 199.0
  57.8 199.4 57.6 199.7 57.5 200.0
  11 16 80  0.0
  72.5 321.4 72.5 320.8 72.4 320.1 72.4 319.3 72.4 318.6 72.4 317.8 72.4 316.9
  72.4 316.0 72.4 315.0 72.4 314.0 72.3 312.9 72.3 311.8 72.2 310.6 72.2 309.4
  72.1 308.1 72.1 306.8 72.0 305.5 72.0 304.1 71.9 302.6 72.0 301.0 71.9 299.3
  72.0 297.6 72.0 295.9 72.1 294.2 72.1 292.4 72.2 290.5 72.3 288.6 72.4 286.6
  72.5 284.6 72.6 282.5 72.7 280.3 72.8 278.0 72.9 275.7 73.1 273.4 73.3 271.0
  73.4 268.5 73.6 266.1 73.8 263.6 74.0 261.1 74.3 258.9 74.5 256.8 74.7 254.6
  75.0 252.4 75.2 250.1 75.4 248.0 75.5 245.9 75.6 243.8 75.7 241.8 75.8 239.8
  75.9 237.9 76.0 236.1 76.2 234.9 76.3 233.7 76.4 232.5 76.5 231.4 76.6 230.3
  76.7 229.3 76.9 228.3 77.0 227.3 77.1 226.4 77.2 225.5 77.3 224.7 77.5 223.9
  77.6 223.1 77.8 222.3 77.9 221.6 78.1 220.9 78.3 220.4 78.5 219.8 78.7 219.2
  78.9 218.7 79.1 218.1 79.3 217.4 79.5 216.8 79.7 216.1 79.9 215.4 80.0 214.7
  80.3 214.3 80.5 213.8 80.7 213.3 80.9 212.7 81.1 212.1 81.4 211.5 81.5 210.9
  81.7 210.2 81.9 209.5 82.1 208.8 82.3 208.0 82.5 207.3 82.7 206.6 82.8 205.8
  83.0 205.2 83.1 204.5 83.2 203.9 83.4 203.3 83.5 202.8 83.6 202.3 83.7 201.9
  83.8 201.4 83.9 201.0 84.1 200.6 84.2 200.0 84.4 199.5 84.6 199.2 84.8 198.9
  85.0 198.7 85.2 198.6 85.4 198.7 85.6 198.9 85.9 199.2 86.1 199.5 86.5 201.4
  86.8 203.8 87.2 206.5 87.5 209.9 87.7 214.2 88.0 219.6 88.1 226.3 88.4 235.3
  88.5 246.8 88.6 260.5 88.6 274.8 88.5 286.7 88.4 295.1 88.2 300.6 87.9 304.3
  87.8 306.8 87.6 308.5 87.4 309.6 87.1 310.3 86.9 310.7 86.6 310.9 86.3 310.9
  86.0 310.7 85.7 310.4 85.5 308.4 85.2 306.6 84.9 305.0 84.6 303.6 84.3 302.3
  83.9 301.1 83.6 299.8 83.2 298.6 82.8 297.6 82.4 296.8 81.9 296.1 81.5 296.0
  81.1 295.9 80.6 295.8 80.0 295.8 79.5 295.8 79.0 296.0 78.4 296.3 77.8 296.6
  77.2 296.9 76.6 297.3 76.0 297.7 75.3 298.1 74.7 298.3 74.0 298.6 73.3 298.5
  72.6 298.5 71.9 298.6 71.2 298.3 70.4 298.2 69.6 298.1 68.8 297.7 68.0 297.4
  67.2 297.1 66.4 296.7 65.6 296.3 64.8 295.8 64.2 295.3 63.6 294.8 63.1 294.3
  62.5 293.7 62.0 293.1 61.5 292.4 61.0 291.7 60.8 290.9 60.5 290.0 60.3 289.1
  60.1 288.1 59.9 287.2 59.8 286.2 59.8 285.2 59.8 284.3 59.9 283.3 60.0 282.3
  60.2 281.6 60.5 280.8 60.8 280.1 61.1 279.5 61.5 278.9 61.9 278.4 62.3 277.9
  62.8 277.8 63.2 277.8 63.6 277.7 64.0 277.8 64.5 278.1 64.8 278.5 65.2 279.0
  65.5 279.5 65.7 280.1 66.1 280.8 66.3 281.8 66.6 282.9 66.8 284.1 66.8 285.4
  66.8 286.9 66.7 288.5 66.5 290.1 66.3 291.8 66.0 293.4 65.6 295.0 65.1 297.0
  64.5 298.8 63.8 300.4 62.9 302.2 62.0 303.5 61.0 304.7 59.9 305.6 58.7 306.3
  57.4 306.8 56.1 307.1 54.7 307.3 53.3 307.4 51.9 307.1 50.6 306.5 49.3 305.9
  48.2 305.0 47.1 304.0 46.1 302.9 45.1 301.7 44.2 300.4 43.3 299.2 42.5 298.0
  41.7 296.7 40.9 295.6 40.4 294.5
  11 17 80  0.0
  72.5 321.4 72.6 320.7 72.7 319.9 72.7 319.2 72.8 318.4 72.9 317.5 72.9 316.7
  73.0 315.8 73.1 314.9 73.1 313.9 73.2 312.8 73.3 311.7 73.3 310.5 73.4 309.2
  73.4 307.7 73.5 306.2 73.5 304.5 73.6 302.7 73.6 300.8 73.7 298.8 73.7 296.7
  73.7 294.5 73.6 292.3 73.6 289.9 73.5 287.6 73.3 285.2 73.2 282.9 73.0 280.6
  72.8 278.5 72.5 276.4 72.3 274.3 72.0 272.3 71.8 270.4 71.6 268.5 71.3 266.6
  71.1 264.8 70.8 263.1 70.6 261.4 70.3 259.8 70.2 258.3 70.0 256.8 69.8 255.6
  69.7 254.4 69.6 253.2 69.5 252.1 69.3 251.1 69.2 250.1 69.0 249.1 68.8 248.2
  68.6 247.4 68.5 246.6 68.3 245.8 68.1 245.0 67.9 244.3 67.7 243.5 67.6 242.8
  67.4 242.2 67.3 241.5 67.1 240.8 66.9 240.2 66.7 239.5 66.6 238.9 66.4 238.3
  66.3 237.7 66.1 237.1 65.8 236.5 65.6 235.8 65.4 235.1 65.1 234.5 64.8 233.8
  64.5 233.3 64.1 232.7 63.7 232.2 63.3 231.6 63.0 231.0 62.7 230.4 62.4 229.9
  62.0 229.4 61.7 228.9 61.3 228.4 60.9 227.9 60.6 227.4 60.2 227.0 59.7 226.6
  59.3 226.3 58.8 225.9 58.3 225.6 57.7 225.4 57.1 225.1 56.4 224.8 55.7 224.5
  55.0 224.2 54.2 223.9 53.4 223.6 52.6 223.1 51.7 222.7 50.9 222.1 50.0 221.5
  49.2 220.8 48.4 220.0 47.9 219.1 47.4 218.0 46.9 216.8 46.4 215.6 46.0 214.4
  45.5 213.1 45.1 211.7 44.7 210.3 44.3 208.9 43.9 207.5 43.6 205.9 43.3 204.4
  43.0 202.9 42.9 201.4 42.7 199.8 42.6 198.2 42.5 196.5 42.4 194.9 42.4 193.2
  42.4 191.5 42.5 189.8 42.7 188.2 42.8 186.5 43.0 184.8 43.1 183.1 43.3 181.4
  43.5 179.7 43.7 177.9 43.9 176.2 44.1 174.4 44.3 172.7 44.6 171.1 44.9 169.5
  45.2 167.8 45.5 166.2 45.7 164.6 46.0 162.9 46.2 161.3 46.4 159.8 46.6 158.3
  46.9 156.8 47.1 155.3 47.4 153.8 47.7 152.3 48.0 150.8 48.2 149.4 48.4 148.2
  48.6 147.0 48.5 145.8 48.5 144.5 48.5 143.2 48.5 141.9 48.5 140.6 48.6 139.2
  48.6 137.9 48.6 136.6 48.7 135.4 48.5 134.2 48.4 133.0 48.3 131.8 48.1 130.7
  47.9 129.6 47.8 128.2 47.7 126.9 47.7 125.6 47.6 124.3 47.6 122.9 47.6 121.6
  47.5 120.4 47.5 119.1 47.5 117.8 47.6 116.6 47.7 115.3 47.9 114.0 48.0 112.7
  48.2 111.5 48.4 110.2 48.6 108.9 48.7 107.5 48.8 106.1 49.0 104.7 49.1 103.2
  49.3 101.7 49.5 100.2 49.6  98.8 49.8  97.3 50.0  95.8 50.2  94.2 50.4  92.7
  50.5  91.1 50.6  89.4 50.7  87.7 50.7  86.0 50.7  84.2 50.7  82.4 50.8  80.6
  50.8  78.8 50.9  77.6 51.0  76.4 51.1  75.2 51.2  74.1 51.4  72.9 51.5  71.7
  51.6  70.5 51.8  69.3 51.9  68.1 52.0  67.0 52.2  65.9 52.3  64.9 52.4  63.8
  52.6  62.8 52.7  61.7 52.8  60.7 52.9  59.7 53.1  58.7 53.3  57.7 53.4  56.6
  53.5  55.6 53.8  54.6 54.0  53.6 54.3  52.8 54.5  52.0 54.8  51.2 55.0  50.4
  55.3  49.6 55.5  48.9 55.7  48.1 55.9  47.3 56.3  46.4 56.7  46.0 57.1  45.4
  57.4  44.9 57.8  44.4 58.1  43.9 58.6  43.5 59.0  43.2 59.5  42.8 59.9  42.3
  60.3  41.9 60.7  41.6 61.1  41.2
  11 18 80  0.0
  72.5 321.4 72.7 320.1 72.9 318.8 73.1 317.5 73.3 316.2 73.5 314.9 73.5 313.6
  73.6 312.3 73.7 311.1 73.8 309.8 73.8 308.5 73.8 307.3 73.8 306.0 73.8 304.8
  73.7 303.6 73.6 302.4 73.5 301.2 73.3 300.0 73.2 298.9 72.9 297.8 72.7 296.7
  72.4 295.6 72.0 294.6 71.6 293.6 71.3 292.3 70.9 290.9 70.5 289.6 70.1 288.4
  69.7 287.1 69.3 285.8 68.9 284.5 68.5 283.2 68.2 281.9 67.8 280.7 67.4 279.7
  67.1 278.7 66.8 277.7 66.5 276.7 66.2 275.7 65.9 274.6 65.7 273.8 65.5 272.9
  65.2 272.0 65.0 271.1 64.8 270.2 64.7 269.3 64.5 268.4 64.4 267.5 64.3 266.6
  64.2 265.7 64.1 264.8 64.0 264.0 64.0 263.2 63.9 262.5 63.9 261.7 63.8 261.0
  63.8 260.2 63.7 259.4 63.7 258.6 63.6 257.7 63.5 256.9 63.5 256.0 63.4 255.1
  63.4 254.2 63.4 253.4 63.3 252.5 63.3 251.7 63.2 250.8 63.2 249.9 63.1 249.0
  63.0 248.0 62.9 247.1 62.8 246.1 62.7 245.1 62.6 244.1 62.5 243.1 62.4 242.1
  62.3 241.1 62.2 240.1 62.0 239.1 61.9 238.1 61.8 236.9 61.7 235.8 61.6 234.7
  61.4 233.7 61.3 232.7 61.1 231.8 61.0 230.9 60.8 230.1 60.6 229.4 60.4 228.7
  60.1 228.1 59.8 227.5 59.6 226.9 59.5 226.3 59.2 225.8 59.0 225.3 58.8 224.8
  58.6 224.3 58.3 223.9 57.9 223.5 57.6 223.1 57.2 222.8 56.7 222.4 56.2 222.1
  55.7 221.8 55.2 221.5 54.6 221.1 54.0 220.8 53.4 220.5 52.8 220.0 52.2 219.5
  51.7 219.0 51.2 218.3 50.8 217.6 50.3 216.8 49.9 216.1 49.4 215.1 49.2 214.1
  49.0 213.0 48.8 212.0 48.6 211.0 48.5 210.0 48.3 209.1 48.1 208.1 47.8 207.1
  47.6 206.0 47.4 204.8 47.2 203.6 47.0 202.4 46.9 201.2 46.8 199.9 46.7 198.7
  46.7 197.4 46.7 196.1 46.6 194.8 46.7 193.4 46.7 192.1 46.7 190.7 46.8 189.3
  46.8 187.9 47.0 186.4 47.1 184.9 47.3 183.4 47.5 181.8 47.8 180.3 48.0 178.7
  48.3 177.1 48.6 175.6 48.8 174.0 49.1 172.5 49.4 170.9 49.6 169.3 49.9 167.8
  50.2 166.3 50.5 165.0 50.9 163.9 51.3 162.8 51.6 161.8 52.1 160.9 52.5 160.3
  53.1 159.9 53.3 159.5 53.7 159.2 54.0 158.9 54.4 158.7 54.9 158.5 55.4 158.4
  55.9 158.2 56.5 158.1 57.1 157.9 57.7 157.8 58.3 157.7 59.0 157.5 59.6 157.4
  60.2 157.3 60.7 157.2 61.3 157.1 61.8 157.1 62.3 157.2 62.7 157.1 63.1 157.1
  63.5 157.2 63.9 157.3 64.2 157.5 64.5 157.3 64.8 157.2 65.1 157.1 65.3 157.1
  65.6 157.1 65.8 157.1 65.9 157.2 66.1 157.3 66.2 156.9 66.3 156.5 66.5 156.1
  66.6 155.7 66.7 155.4 66.8 155.0 66.9 154.7 67.0 154.4 67.1 154.1 67.2 153.8
  67.3 153.6 67.4 153.4 67.5 153.3 67.6 153.1 67.7 153.0 67.8 152.8 67.9 152.7
  68.1 152.6 68.2 152.2 68.3 151.9 68.5 151.6 68.6 151.3 68.8 151.0 68.9 150.8
  69.1 150.6 69.2 150.4 69.4 150.2 69.6 150.1 69.8 149.9 70.0 149.7 70.2 149.5
  70.5 149.2 70.8 149.0 71.0 148.8 71.3 148.5 71.6 148.3 71.9 148.0 72.2 147.8
  72.5 147.4 72.8 147.0 73.0 146.6 73.3 146.3 73.6 145.9 73.9 145.5 74.1 145.1
  74.4 144.8 74.7 144.6 75.0 144.3
  11 19 80  0.0
  72.5 321.4 72.5 320.2 72.5 319.1 72.4 318.0 72.4 316.9 72.3 315.8 72.2 314.8
  72.0 313.8 71.9 312.9 71.7 311.9 71.5 311.0 71.3 310.2 71.0 309.4 70.8 308.7
  70.5 307.9 70.2 307.2 69.9 306.4 69.6 305.4 69.3 304.4 69.1 303.4 68.7 302.4
  68.4 301.4 68.0 300.4 67.6 299.5 67.2 298.4 66.8 297.4 66.3 296.3 65.9 295.2
  65.6 294.1 65.2 292.9 64.9 291.8 64.6 290.6 64.3 289.5 64.0 288.4 63.7 287.3
  63.5 286.2 63.2 285.2 62.9 284.1 62.7 283.1 62.5 282.0 62.4 280.9 62.2 279.8
  62.3 278.8 62.3 277.7 62.3 276.7 62.2 275.7 62.3 274.7 62.4 273.7 62.5 272.7
  62.5 271.8 62.7 270.8 62.9 269.8 63.1 268.8 63.3 267.8 63.5 266.7 63.8 265.7
  64.0 264.7 64.1 263.7 64.5 262.3 64.8 260.9 65.0 259.5 65.4 258.0 65.7 256.5
  66.0 254.9 66.4 253.1 66.7 251.3 67.1 249.4 67.5 247.5 67.8 245.7 68.1 243.8
  68.5 241.9 68.8 240.0 69.1 238.0 69.3 236.1 69.6 234.2 69.8 232.4 70.0 230.7
  70.2 229.3 70.3 227.9 70.4 226.6 70.4 225.4 70.5 224.3 70.5 223.3 70.6 222.4
  70.6 221.5 70.6 220.7 70.6 219.9 70.6 219.1 70.7 218.4 70.7 217.7 70.7 217.0
  70.8 216.3 70.8 215.7 70.9 215.0 70.9 214.4 71.0 213.8 71.1 213.2 71.2 212.7
  71.3 212.1 71.4 211.6 71.6 211.1 71.8 210.6 72.1 210.1 72.3 209.8 72.6 209.6
  72.9 209.3 73.2 209.0 73.6 208.7 73.9 208.4 74.2 208.0 74.6 207.8 75.0 207.6
  75.4 207.5 75.7 207.3 76.1 207.2 76.4 207.2 76.8 207.2 77.1 207.2 77.5 207.3
  77.8 207.4 78.1 207.6 78.4 207.8 78.7 207.9 79.0 208.0 79.3 208.1 79.6 208.2
  79.9 208.2 80.2 208.3 80.6 208.2 80.9 208.1 81.3 208.0 81.6 207.9 81.9 207.8
  82.2 207.6 82.6 207.4 82.9 207.1 83.3 206.8 83.6 206.5 83.9 206.1 84.2 205.7
  84.6 205.2 85.0 204.7 85.4 204.1 85.7 203.4 86.0 202.6 86.3 201.7 86.7 200.2
  87.1 198.2 87.4 195.7 87.7 192.3 87.9 188.1 88.1 182.7 88.3 175.9 88.5 167.6
  88.6 157.8 88.7 146.8 88.7 135.3 88.6 123.9 88.5 113.5 88.3 104.2 88.1  96.4
  87.9  90.0 87.7  84.8 87.5  80.7 87.3  77.5 87.1  77.4 86.8  77.2 86.5  77.1
  86.2  77.0 85.8  76.9 85.5  76.8 85.2  76.6 84.9  76.5 84.6  76.3 84.3  76.2
  83.9  76.1 83.7  75.9 83.3  75.8 83.0  75.7 82.6  75.7 82.2  75.6 81.8  75.5
  81.4  75.5 81.1  75.5 80.7  75.5 80.3  75.5 79.9  75.5 79.6  75.5 79.3  75.5
  79.0  75.5 78.6  75.6 78.3  75.6 78.0  75.7 77.7  75.8 77.4  75.8 77.2  75.9
  76.9  75.9 76.7  76.0 76.5  76.0 76.3  76.1 76.1  76.1 76.0  76.2 75.8  76.2
  75.7  76.2 75.6  76.2 75.5  76.2 75.3  76.3 75.2  76.3 75.1  76.3 75.0  76.4
  74.9  76.5 74.8  76.5 74.7  76.6 74.6  76.7 74.5  76.8 74.5  76.9 74.4  77.0
  74.3  77.1 74.2  77.2 74.2  77.3 74.1  77.4 74.0  77.5 74.0  77.6 73.9  77.7
  73.8  77.8 73.8  77.9 73.7  78.0 73.6  78.1 73.6  78.2 73.5  78.3 73.4  78.3
  73.3  78.4 73.2  78.6 73.1  78.7 73.0  78.8 72.9  78.9 72.8  79.0 72.6  79.2
  72.5  79.3 72.4  79.4 72.2  79.6
  11 20 80  0.0
  72.5 321.4 72.6 320.4 72.8 319.3 72.8 318.1 72.9 316.9 72.9 315.6 72.9 314.3
  72.9 312.9 72.8 311.5 72.7 310.0 72.5 308.6 72.4 307.1 72.2 305.6 71.9 304.2
  71.7 302.7 71.4 301.3 71.1 299.9 70.8 298.5 70.5 297.2 70.1 296.0 69.8 294.8
  69.4 293.4 69.1 292.0 68.8 290.7 68.3 289.3 67.9 288.1 67.5 286.6 67.0 285.3
  66.6 283.9 66.1 282.6 65.7 281.3 65.3 279.9 64.9 278.5 64.5 277.2 64.1 275.8
  63.7 274.5 63.3 273.2 62.9 272.0 62.6 270.7 62.2 269.4 61.9 268.2 61.7 267.0
  61.4 265.7 61.1 264.5 60.9 263.3 60.6 262.1 60.4 260.8 60.0 259.6 59.8 258.4
  59.5 257.1 59.2 255.9 59.0 254.6 58.8 253.4 58.6 252.3 58.4 251.2 58.1 250.0
  57.9 249.0 57.6 247.9 57.4 246.8 57.1 245.8 56.8 244.7 56.4 243.7 56.2 242.7
  55.9 241.8 55.6 240.9 55.2 240.1 54.8 239.3 54.4 238.6 53.9 237.9 53.4 237.2
  52.8 236.6 52.2 235.9 51.6 235.3 50.9 234.6 50.2 234.0 49.5 233.3 48.8 232.6
  48.1 231.9 47.5 231.2 46.9 230.3 46.2 229.5 45.6 228.6 44.9 227.6 44.5 226.6
  44.0 225.6 43.6 224.6 43.1 223.6 42.9 222.6 42.6 221.5 42.3 220.3 42.0 219.1
  41.9 218.0 41.7 216.8 41.5 215.6 41.7 214.4 41.8 213.1 41.9 211.9 42.3 210.7
  42.6 209.3 42.9 208.0 43.4 206.6 43.9 205.3 44.4 204.0 44.9 202.6 45.4 201.3
  46.0 199.9 46.3 198.6 46.7 197.4 47.1 196.1 47.4 194.9 47.4 193.6 47.5 192.3
  47.7 191.0 47.6 189.7 47.5 188.3 47.6 186.9 47.4 185.6 47.3 184.2 47.2 182.9
  46.9 181.5 46.6 180.2 46.4 178.8 46.0 177.3 45.7 175.8 45.3 174.3 44.9 172.7
  44.6 171.1 44.0 169.4 43.4 167.7 42.8 166.0 42.1 164.2 41.5 162.3 40.8 160.5
  40.2 158.6 39.6 156.6 38.9 154.8 38.4 153.0 37.8 151.0 37.3 149.3 36.9 147.5
  36.5 145.5 36.1 143.4 35.7 141.3 35.4 139.5 35.2 137.8 34.9 136.0 34.6 134.3
  34.5 132.6 34.4 130.8 34.4 129.0 34.4 127.3 34.6 125.6 34.7 124.1 34.9 122.6
  35.3 121.3 35.6 120.1 36.1 119.0 36.5 117.9 36.9 116.8 37.4 115.8 37.7 114.8
  38.0 113.9 38.4 112.9 38.7 111.9 39.1 110.9 39.4 110.0 39.7 109.1 40.1 108.2
  40.5 107.3 41.0 106.4 41.4 105.5 41.9 104.7 42.4 103.9 42.7 103.1 43.1 102.4
  43.4 101.6 43.8 100.9 44.1 100.2 44.5  99.6 44.8  98.9 45.1  98.3 45.4  97.7
  45.7  97.1 46.0  96.5 46.4  96.0 46.8  95.5 47.0  95.0 47.3  94.6 47.6  94.1
  47.9  93.7 48.1  93.2 48.4  92.7 48.7  92.2 48.9  91.7 49.2  91.2 49.4  90.7
  49.7  90.2 50.0  89.6 50.3  89.0 50.6  88.3 51.0  87.7 51.2  87.0 51.3  86.3
  51.5  85.6 51.7  84.8 51.8  84.1 52.0  83.3 52.0  82.5 52.1  81.7 52.2  80.9
  52.3  80.1 52.5  79.3 52.4  78.9 52.3  78.4 52.2  78.0 52.2  77.6 52.1  77.2
  52.0  76.8 52.0  76.4 52.0  76.0 51.8  75.5 51.6  75.0 51.5  74.5 51.4  74.1
  51.4  73.6 51.3  73.1 51.3  72.7 51.4  72.2 51.4  71.8 51.2  71.4 51.0  71.0
  50.8  70.6 50.6  70.2 50.5  69.7 50.4  69.3 50.3  68.9 50.2  68.5 50.2  68.0
  50.1  67.6 49.9  67.2 49.7  66.8
  11 21 80  0.0
  72.5 321.4 72.8 320.9 73.0 320.3 73.3 319.7 73.4 319.1 73.6 318.5 73.7 317.9
  73.9 317.2 74.0 316.5 74.2 315.5 74.2 314.4 74.3 313.3 74.3 312.2 74.4 311.0
  74.3 309.8 74.2 308.6 74.2 307.2 74.0 305.9 73.8 305.0 73.6 304.0 73.4 303.0
  73.1 302.0 72.8 300.9 72.5 299.8 72.1 298.6 71.7 297.4 71.3 296.7 70.8 295.9
  70.3 295.2 69.8 294.5 69.3 293.9 68.8 293.4 68.3 292.8 67.7 292.1 67.2 291.5
  66.7 290.9 66.2 290.2 65.7 289.5 65.2 288.7 64.7 287.9 64.2 287.0 63.6 286.1
  63.1 285.1 62.6 284.0 62.1 283.0 61.6 281.8 61.1 280.7 60.6 279.5 60.1 278.2
  59.6 276.9 59.2 275.8 58.9 274.6 58.5 273.4 58.2 272.3 57.8 271.1 57.6 270.0
  57.3 268.8 57.0 267.7 56.9 266.5 56.7 265.3 56.4 264.2 56.1 263.1 56.0 262.0
  55.9 261.0 55.8 259.9 55.9 258.8 55.9 257.8 55.8 256.7 55.7 255.6 55.7 254.5
  55.6 253.4 55.5 252.4 55.3 251.4 55.1 250.4 55.0 249.5 54.8 248.5 54.6 247.6
  54.5 246.7 54.4 245.8 54.2 244.9 53.9 243.9 53.8 243.0 53.6 242.1 53.3 241.2
  53.0 240.4 52.6 239.6 52.4 238.8 52.1 238.1 51.7 237.4 51.3 236.6 50.8 235.9
  50.5 235.2 50.1 234.5 49.6 233.8 49.1 233.0 48.5 232.2 47.9 231.4 47.6 230.5
  47.3 229.5 46.9 228.4 46.4 227.4 46.3 226.4 46.1 225.3 45.8 224.2 45.5 223.0
  45.5 221.8 45.4 220.6 45.4 219.4 45.5 218.0 45.6 216.6 45.6 215.1 45.7 213.6
  45.8 212.0 46.1 210.4 46.4 208.7 46.7 207.1 47.0 205.5 47.3 203.9 47.5 202.3
  47.7 200.6 48.0 198.9 48.2 197.1 48.4 195.5 48.5 194.0 48.6 192.4 48.7 190.9
  48.5 189.3 48.3 187.8 48.0 186.3 47.7 184.8 47.4 182.9 47.1 181.0 46.9 179.1
  46.7 177.1 46.5 175.2 46.2 173.3 45.8 171.5 45.3 169.6 44.8 167.7 44.2 165.8
  43.6 163.8 43.0 161.8 42.4 159.7 41.8 157.6 41.2 155.4 40.6 153.2 40.0 150.9
  39.6 148.4 39.1 146.0 38.9 143.6 38.9 141.2 38.9 138.9 39.1 136.7 39.2 134.5
  39.6 132.5 40.1 130.5 40.6 128.3 41.3 126.4 41.9 124.7 42.7 123.2 43.3 121.8
  44.0 120.4 44.8 119.2 45.5 118.0 46.4 116.8 47.4 115.7 48.0 114.7 48.8 113.8
  49.7 112.8 50.6 111.9 51.1 111.0 51.7 110.2 52.3 109.3 52.9 108.5 53.5 107.7
  54.0 106.8 54.6 105.9 55.1 104.9 55.7 103.9 56.1 102.9 56.6 101.8 57.1 100.6
  57.6  99.3 58.0  98.0 58.4  96.7 58.8  95.6 59.1  94.4 59.4  93.3 59.7  92.1
  60.1  91.0 60.2  89.9 60.4  88.8 60.5  87.7 60.2  86.6 60.0  85.5 59.9  84.3
  59.8  83.2 59.4  82.0 59.0  80.8 58.8  79.6 58.4  79.0 58.0  78.3 57.7  77.7
  57.4  77.3 57.2  76.8 57.0  76.5 56.9  76.0 56.7  75.6 56.4  75.1 56.2  74.5
  55.9  74.0 55.7  73.6 55.5  73.2 55.3  72.8 55.1  72.3 54.9  71.9 54.7  71.5
  54.5  71.1 54.3  70.6 54.0  70.1 53.9  69.6 53.7  69.3 53.6  69.0 53.4  68.7
  53.3  68.3 53.2  67.9 53.1  67.5 53.0  67.0 52.9  66.6 52.8  66.1 52.7  65.6
  52.6  65.1 52.4  64.6 52.2  64.0 52.0  63.5 51.7  63.1 51.5  62.7 51.2  62.3
  51.0  61.8 50.7  61.2 50.4  60.7
  11 22 80  0.0
  72.5 321.4 72.7 320.7 72.8 319.9 72.8 319.1 72.9 318.3 72.9 317.6 72.9 316.8
  72.9 316.0 73.0 315.3 72.8 314.6 72.6 313.9 72.5 313.4 72.3 312.8 72.0 312.3
  71.8 311.9 71.5 311.8 71.2 311.7 70.9 311.6 70.5 311.5 70.2 311.4 69.8 311.4
  69.5 311.4 69.2 311.4 68.9 311.4 68.6 311.4 68.4 311.4 68.1 311.4 67.8 311.4
  67.5 311.2 67.3 311.1 67.0 310.9 66.8 310.7 66.5 310.6 66.3 310.4 66.0 310.2
  65.8 310.1 65.6 309.8 65.4 309.5 65.2 309.2 65.0 308.9 64.8 308.6 64.6 308.4
  64.5 308.2 64.3 308.0 64.1 307.8 63.8 307.6 63.6 307.4 63.4 307.2 63.2 307.1
  63.0 307.0 62.9 306.9 62.7 306.8 62.5 306.6 62.4 306.5 62.2 306.4 62.0 306.2
  61.8 306.1 61.7 306.0 61.5 305.9 61.4 305.8 61.2 305.7 61.0 305.6 60.9 305.5
  60.7 305.4 60.6 305.2 60.5 305.1 60.4 305.0 60.3 304.8 60.2 304.6 60.2 304.5
  60.1 304.3 60.1 304.1 60.1 303.9 60.0 303.7 59.9 303.8 59.8 303.8 59.8 303.8
  59.7 303.8 59.6 303.8 59.5 303.8 59.3 303.7 59.2 303.6 59.1 303.5 59.0 303.3
  58.8 303.2 58.7 303.0 58.5 302.8 58.4 302.5 58.3 302.3 58.2 302.0 58.1 301.8
  58.0 301.4 57.9 301.2 57.9 301.0 57.8 300.7 57.8 300.4 57.8 300.1 57.8 299.8
  57.7 299.4 57.5 299.1 57.4 298.8 57.3 298.5 57.2 298.2 57.2 298.0 57.1 297.7
  57.1 297.5 57.1 297.2 57.1 297.0 57.2 296.8 57.2 296.6 57.3 296.3 57.3 296.1
  57.4 295.9 57.4 295.7 57.4 295.5 57.4 295.3 57.4 295.1 57.4 295.0 57.4 294.8
  57.5 294.6 57.6 294.4 57.6 294.3 57.7 294.2 57.8 294.1 57.8 294.0 57.9 294.0
  58.0 294.0 58.0 294.1 58.1 293.8 58.1 293.6 58.1 293.5 58.2 293.3 58.2 293.1
  58.3 293.0 58.3 292.9 58.3 292.9 58.3 292.8 58.3 292.8 58.3 292.9 58.3 293.0
  58.2 293.1 58.2 293.3 58.1 293.5 58.1 293.7 58.0 294.0 57.9 294.6 57.8 295.2
  57.7 295.7 57.6 296.3 57.5 296.9 57.4 297.4 57.3 298.0 57.3 298.6 57.2 299.2
  57.1 299.8 57.0 300.4 56.9 301.0 56.8 301.6 56.8 302.2 56.7 302.8 56.6 303.3
  56.5 303.8 56.4 304.4 56.4 304.8 56.4 305.3 56.4 305.7 56.4 306.2 56.4 306.6
  56.5 307.0 56.5 307.4 56.5 307.7 56.6 308.1 56.8 308.5 57.0 308.9 57.2 309.3
  57.4 309.8 57.6 310.2 57.8 310.7 58.0 311.2 58.2 311.4 58.4 311.6 58.6 311.8
  58.8 312.0 59.0 312.2 59.1 312.5 59.2 312.7 59.4 313.0 59.4 313.3 59.5 313.6
  59.6 313.9 59.6 314.3 59.7 314.7 59.7 315.1 59.7 315.6 59.7 316.1 59.6 316.6
  59.5 317.2 59.5 317.7 59.4 318.3 59.3 318.8 59.2 319.3 59.1 319.9 59.0 320.4
  58.8 320.9 58.6 321.4 58.3 321.9 58.1 322.3 57.8 322.7 57.6 323.4 57.3 324.0
  56.9 324.6 56.5 325.1 56.1 325.5 55.6 325.9 55.1 326.3 54.5 326.6 53.8 326.9
  53.1 327.0 52.4 327.0 51.6 327.1 50.9 326.8 50.2 326.6 49.4 326.4 48.7 325.9
  47.9 325.5 47.2 324.8 46.5 324.2 45.8 323.7 44.8 323.0 43.8 322.4 42.7 321.5
  41.7 320.6 40.8 319.5 39.7 318.4 38.7 317.0 37.8 315.6 36.7 314.1 35.6 312.6
  34.6 311.0 33.7 309.2 32.8 307.4
  11 23 80  0.0
  72.5 321.4 72.5 321.1 72.5 320.7 72.5 320.3 72.5 319.9 72.5 319.5 72.4 319.0
  72.4 318.5 72.4 318.0 72.3 317.5 72.3 316.9 72.3 316.3 72.3 315.7 72.1 315.0
  71.9 314.4 71.8 313.9 71.6 313.4 71.4 312.9 71.2 312.4 71.0 312.0 70.7 311.6
  70.3 311.2 69.9 310.8 69.5 310.5 69.1 310.2 68.7 309.9 68.3 309.6 67.9 309.4
  67.5 309.1 67.1 308.8 66.7 308.5 66.3 308.2 65.9 307.9 65.4 307.5 64.9 307.1
  64.4 306.6 63.9 306.2 63.5 305.6 63.1 305.0 62.7 304.4 62.4 303.8 61.9 303.2
  61.5 302.5 61.1 301.8 60.7 301.0 60.3 300.2 60.0 299.3 59.6 298.5 59.2 297.7
  58.8 296.7 58.5 295.8 58.1 294.8 57.8 293.8 57.5 292.9 57.2 292.1 57.0 291.2
  56.7 290.2 56.5 289.3 56.2 288.3 56.0 287.2 55.9 286.1 55.7 285.1 55.6 284.1
  55.4 283.0 55.3 281.9 55.3 280.7 55.2 279.6 55.2 278.3 55.1 277.1 55.1 275.8
  55.2 274.6 55.3 273.3 55.4 272.0 55.5 270.7 55.6 269.4 55.8 268.1 56.0 266.8
  56.2 265.4 56.4 264.0 56.5 262.6 56.8 261.2 57.1 259.8 57.4 258.5 57.7 257.1
  58.0 255.7 58.3 254.2 58.6 252.9 59.0 251.6 59.3 250.2 59.7 248.9 60.0 247.7
  60.4 246.4 60.7 245.2 61.0 243.9 61.2 242.7 61.5 241.5 61.7 240.4 62.0 239.3
  62.1 238.2 62.3 237.0 62.5 235.9 62.6 234.8 62.7 233.7 62.8 232.7 62.9 231.7
  62.8 230.8 62.8 229.9 62.8 229.0 62.8 228.2 62.7 227.5 62.6 226.8 62.5 226.1
  62.4 225.4 62.3 224.7 62.2 224.1 62.1 223.4 61.9 222.8 61.8 222.4 61.6 222.1
  61.5 221.7 61.3 221.3 61.1 221.0 60.9 220.6 60.7 220.3 60.5 219.9 60.2 219.5
  59.9 219.1 59.6 218.8 59.3 218.4 59.0 218.0 58.7 217.5 58.4 217.0 58.1 216.4
  57.9 215.7 57.6 215.0 57.3 214.4 57.0 213.7 56.7 213.1 56.5 212.4 56.2 211.7
  56.0 210.9 55.8 210.1 55.6 209.3 55.4 208.4 55.3 207.6 55.1 206.7 54.9 205.9
  54.8 205.2 54.7 204.5 54.7 203.8 54.5 203.1 54.4 202.4 54.3 201.8 54.3 201.1
  54.4 200.3 54.5 199.6 54.4 198.8 54.4 198.0 54.3 197.3 54.3 196.6 54.2 196.1
  54.2 195.6 54.0 195.2 53.8 194.5 53.7 193.8 53.5 193.0 53.4 192.3 53.3 191.5
  53.2 190.7 53.1 189.7 53.0 188.8 52.9 187.9 52.6 186.9 52.3 186.0 51.9 185.2
  51.6 183.9 51.2 182.6 50.9 181.4 50.5 180.2 50.2 178.9 50.0 177.6 49.9 176.3
  49.7 174.6 49.4 172.9 49.1 171.2 48.7 169.6 48.2 168.0 47.7 166.4 47.2 164.6
  46.7 162.7 46.1 160.9 45.5 159.1 45.0 157.1 44.3 155.1 43.7 153.1 43.0 150.9
  42.5 148.7 42.0 146.5 41.8 144.3 41.6 142.0 41.5 139.7 41.8 137.5 42.0 135.3
  42.5 133.0 42.9 130.8 43.8 128.6 44.6 126.5 45.6 124.8 46.6 123.2 47.6 121.9
  48.6 120.6 49.7 119.6 50.7 118.6 51.7 117.7 52.7 116.9 53.7 116.2 54.7 115.5
  55.5 114.8 56.3 114.2 57.0 113.4 57.7 112.6 58.4 111.8 58.8 111.0 59.2 110.1
  59.6 109.2 60.1 108.3 60.5 107.4 60.8 106.6 61.2 105.8 61.5 104.9 61.9 104.1
  62.3 103.2 62.6 102.6 63.0 101.9 63.4 101.2 63.8 100.5 64.3  99.8 64.7  99.3
  65.1  98.7 65.5  98.1 66.0  97.5
  11 24 80  0.0
  72.5 321.4 72.5 321.1 72.5 320.7 72.5 320.4 72.5 320.1 72.4 319.8 72.4 319.5
  72.3 319.3 72.2 319.0 72.1 318.8 72.1 318.5 72.0 318.3 71.9 317.9 71.8 317.6
  71.7 317.3 71.6 316.9 71.5 316.6 71.4 316.3 71.3 315.9 71.1 315.6 70.9 315.3
  70.8 314.9 70.6 314.6 70.4 314.2 70.2 313.9 70.0 313.5 69.8 313.1 69.6 312.7
  69.4 312.3 69.2 311.9 68.9 311.6 68.6 311.2 68.3 310.9 67.9 310.6 67.6 310.4
  67.3 310.2 67.0 310.1 66.6 309.9 66.3 309.7 65.9 309.6 65.6 309.4 65.3 309.2
  65.0 309.0 64.6 308.7 64.3 308.5 64.0 308.2 63.7 307.9 63.3 307.4 62.9 307.0
  62.5 306.5 62.2 306.0 61.8 305.6 61.5 305.0 61.2 304.5 60.9 304.0 60.5 303.4
  60.2 302.8 59.8 302.1 59.5 301.5 59.3 300.9 59.0 300.2 58.8 299.5 58.5 298.7
  58.2 297.9 57.9 297.1 57.6 296.3 57.4 295.5 57.1 294.6 56.8 293.7 56.5 292.8
  56.3 291.8 56.0 290.7 55.8 289.8 55.5 288.8 55.4 287.8 55.2 286.8 55.0 285.7
  54.8 284.6 54.7 283.4 54.5 282.2 54.4 281.0 54.3 279.7 54.3 278.4 54.3 277.0
  54.4 275.6 54.4 274.1 54.5 272.7 54.5 271.3 54.6 270.0 54.8 268.6 54.9 267.3
  55.1 266.1 55.3 264.8 55.5 263.6 55.8 262.4 56.0 261.2 56.2 260.0 56.5 258.8
  56.7 257.7 57.0 256.5 57.3 255.4 57.6 254.2 58.0 253.1 58.3 251.9 58.7 250.7
  59.1 249.5 59.5 248.3 59.8 247.1 60.2 246.0 60.6 244.8 61.0 243.7 61.3 242.5
  61.6 241.5 61.9 240.4 62.2 239.4 62.4 238.1 62.7 237.0 62.9 235.8 63.0 234.7
  63.2 233.6 63.3 232.6 63.4 231.6 63.4 230.6 63.4 229.7 63.5 228.8 63.5 227.9
  63.4 227.2 63.3 226.4 63.2 225.7 63.1 225.1 63.0 224.5 62.9 224.0 62.7 223.5
  62.5 223.0 62.3 222.6 62.1 222.1 61.9 221.6 61.7 221.5 61.5 221.3 61.3 221.1
  61.1 220.9 60.8 220.7 60.6 220.5 60.3 220.3 60.0 220.1 59.7 219.8 59.4 219.8
  59.0 219.7 58.6 219.6 58.2 219.4 57.9 219.1 57.5 218.8 57.1 218.4 56.7 218.0
  56.4 217.5 56.0 217.0 55.7 216.4 55.4 215.7 55.0 215.0 54.6 214.3 54.2 213.6
  53.8 212.9 53.5 212.1 53.2 211.2 52.8 210.3 52.4 209.5 52.0 208.6 51.6 207.8
  51.1 206.9 50.5 206.1 50.0 205.2 49.5 204.2 49.1 203.1 48.6 202.0 48.1 200.9
  47.7 199.8 47.1 198.4 46.6 197.0 46.1 195.6 45.4 194.3 44.7 192.8 44.0 191.2
  43.4 189.6 42.8 187.7 42.4 185.7 42.0 183.8 41.8 181.8 41.5 179.9 41.3 177.9
  41.0 176.0 40.7 173.9 40.4 171.8 40.1 169.5 39.8 167.1 39.6 164.9 39.5 162.8
  39.4 160.8 39.3 158.8 39.2 156.8 39.2 154.8 39.2 152.9 39.2 151.0 39.3 149.2
  39.5 147.5 39.7 145.8 40.0 144.3 40.3 142.6 40.5 140.9 40.7 139.2 41.0 137.6
  41.3 136.0 41.6 134.5 42.0 133.1 42.4 131.7 42.7 130.4 43.1 129.1 43.6 127.9
  43.8 126.7 44.2 125.6 44.6 124.4 45.1 123.2 45.4 122.0 45.8 120.9 46.3 119.9
  46.6 118.8 46.9 117.8 47.3 116.8 47.8 115.9 48.0 115.0 48.1 114.2 48.4 113.3
  48.7 112.5 49.1 111.7 49.2 110.9 49.4 110.2 49.7 109.5 50.0 108.9 50.3 108.2
  50.8 107.5 51.0 106.8 51.3 106.1
  11 25 80  0.0
  72.5 321.4 72.3 320.6 72.1 319.9 71.9 319.1 71.6 318.2 71.3 317.4 71.1 316.6
  70.9 315.8 70.5 315.1 70.1 314.4 69.6 313.8 69.2 312.9 68.8 312.0 68.4 311.2
  67.8 310.5 67.3 309.5 66.8 308.5 66.3 307.6 65.7 306.7 65.2 305.5 64.8 304.4
  64.3 303.2 63.8 302.2 63.3 300.9 62.8 299.6 62.2 298.4 61.7 297.3 61.2 295.9
  60.6 294.4 60.1 293.0 59.6 291.5 59.1 289.9 58.6 288.2 58.2 286.4 57.8 284.7
  57.4 283.0 56.9 281.2 56.5 279.4 56.0 277.8 55.5 276.1 55.0 274.5 54.5 273.0
  54.0 271.6 53.6 270.1 53.2 268.7 52.7 267.2 52.4 265.9 52.0 264.5 51.5 263.2
  51.2 261.9 50.8 260.5 50.4 259.3 50.2 258.0 50.0 256.7 49.8 255.5 49.7 254.2
  49.7 252.9 49.6 251.6 49.6 250.3 49.6 249.1 49.6 247.8 49.8 246.6 49.9 245.4
  50.0 244.2 50.0 243.0 50.2 241.9 50.4 240.8 50.5 239.8 50.7 238.7 50.9 237.7
  51.1 236.7 51.2 235.7 51.6 234.7 51.9 233.7 52.3 232.7 52.5 231.9 52.9 231.1
  53.2 230.2 53.5 229.3 53.8 228.4 54.0 227.4 54.2 226.5 54.4 225.7 54.6 224.8
  54.8 224.0 55.0 223.1 55.1 222.2 55.2 221.3 55.3 220.3 55.3 219.4 55.3 218.5
  55.3 217.7 55.3 216.8 55.2 215.9 55.1 215.0 55.1 214.1 55.0 213.2 55.0 212.3
  54.9 211.3 54.8 210.4 54.7 209.5 54.6 208.6 54.5 207.7 54.3 206.8 54.1 206.0
  53.9 205.2 53.7 204.1 53.6 202.9 53.4 201.8 53.3 200.6 53.2 199.5 53.2 198.3
  53.2 197.2 53.3 196.1 53.3 195.1 53.4 194.2 53.6 193.2 53.7 192.4 53.9 191.6
  54.0 190.8 54.1 190.1 54.2 189.8 54.4 189.5 54.5 189.3 54.8 189.1 55.0 188.9
  55.2 188.8 55.5 188.7 55.8 188.7 56.1 188.6 56.5 188.9 56.8 189.1 57.2 189.4
  57.6 189.7 57.9 190.1 58.2 190.4 58.5 190.8 58.8 191.1 59.0 191.5 59.2 191.9
  59.3 192.3 59.4 192.7 59.5 193.1 59.6 193.5 59.7 193.8 59.7 194.2 59.8 194.5
  59.9 194.9 59.9 195.3 60.0 195.7 60.0 196.1 60.0 196.3 60.0 196.7 60.0 197.1
  60.0 197.6 60.0 198.0 60.0 198.4 60.0 198.9 60.0 199.4 60.0 199.9 60.0 200.4
  59.9 200.9 59.8 201.5 59.6 202.1 59.5 202.7 59.4 203.3 59.2 203.9 59.1 204.6
  58.8 205.2 58.6 205.9 58.3 206.5 58.0 207.0 57.7 207.4 57.4 207.7 57.1 208.0
  56.7 208.2 56.3 208.3 55.8 208.3 55.3 208.2 54.8 208.1 54.3 208.0 53.6 207.8
  52.9 207.4 52.2 207.0 51.5 206.6 50.9 205.9 50.2 205.2 49.4 204.5 48.7 203.4
  48.0 202.4 47.3 201.4 46.6 199.9 45.9 198.4 45.3 196.4 44.8 194.3 44.3 192.2
  43.9 190.0 43.6 187.8 43.4 185.5 43.2 183.3 43.2 181.0 43.2 178.9 43.3 176.7
  43.4 174.6 43.6 172.6 43.8 170.5 44.0 168.5 44.0 166.4 44.2 164.4 44.3 162.5
  44.5 160.5 44.8 158.6 45.0 156.7 45.2 154.8 45.4 152.8 45.7 150.9 45.9 149.0
  46.1 147.1 46.4 145.2 46.7 143.4 47.0 141.6 47.2 139.8 47.5 138.0 47.8 136.3
  48.1 134.7 48.4 133.1 48.8 131.6 49.2 130.1 49.5 128.7 49.9 127.3 50.2 126.1
  50.6 124.8 51.0 123.7 51.3 122.5 51.6 121.4 52.0 120.3 52.4 119.1 52.7 117.9
  53.1 116.8 53.4 115.6 53.7 114.5
  11 26 80  0.0
  72.5 321.4 72.6 320.9 72.7 320.3 72.8 319.7 72.8 319.0 72.8 318.4 72.8 317.6
  72.8 316.9 72.8 316.1 72.8 315.3 72.7 314.4 72.6 313.6 72.6 312.7 72.5 311.7
  72.3 310.8 72.1 310.0 71.9 309.2 71.7 308.3 71.4 307.5 71.1 306.7 70.7 306.1
  70.3 305.5 69.8 304.9 69.3 304.0 68.8 303.2 68.2 302.4 67.6 301.8 67.0 300.7
  66.3 299.7 65.7 298.7 65.1 297.4 64.5 296.1 63.9 294.9 63.3 293.2 62.8 291.6
  62.2 290.1 61.7 288.7 61.1 287.0 60.7 285.4 60.3 284.0 59.8 282.7 59.5 281.3
  59.2 279.9 59.0 278.5 58.8 277.2 58.6 275.9 58.5 274.7 58.5 273.5 58.4 272.3
  58.3 271.1 58.4 270.0 58.4 268.8 58.4 267.6 58.6 266.5 58.8 265.3 58.9 264.2
  59.1 263.1 59.4 262.0 59.7 260.8 59.9 259.7 60.4 258.6 60.8 257.4 61.1 256.2
  61.5 255.0 61.8 253.7 62.2 252.4 62.5 251.1 62.9 249.8 63.2 248.4 63.5 246.9
  63.8 245.5 64.1 243.9 64.5 242.5 64.8 241.0 65.1 239.5 65.4 238.0 65.7 236.4
  66.0 234.8 66.4 233.7 66.7 232.6 67.0 231.4 67.3 230.3 67.7 229.0 68.0 227.8
  68.3 226.4 68.6 225.9 68.9 225.4 69.3 224.8 69.6 224.1 69.9 223.5 70.3 222.9
  70.7 223.0 71.1 223.2 71.5 223.3 72.0 223.5 72.4 223.6 72.9 224.6 73.4 225.7
  73.9 226.7 74.3 227.8 74.8 229.5 75.2 231.3 75.6 233.3 76.0 235.3 76.3 237.3
  76.6 239.9 76.9 242.6 77.1 245.3 77.2 247.9 77.3 250.5 77.3 252.9 77.3 255.1
  77.3 257.1 77.3 259.1 77.2 260.9 77.0 262.6 76.8 264.2 76.6 265.7 76.3 267.0
  76.0 268.2 75.6 269.4 75.3 270.4 74.9 271.4 74.6 272.3 74.2 273.2 73.9 273.9
  73.6 274.9 73.3 275.9 73.0 276.8 72.6 277.6 72.3 278.4 72.0 279.0 71.6 280.2
  71.2 281.4 70.8 282.4 70.3 283.4 69.9 284.2 69.4 285.0 68.8 285.8 68.2 286.4
  67.6 286.9 67.0 287.2 66.4 287.4 65.7 287.5 65.0 287.3 64.3 287.1 63.7 286.8
  63.0 286.2 62.4 285.5 61.8 284.8 61.3 283.8 60.8 282.9 60.4 281.9 59.9 280.9
  59.5 279.9 59.2 278.9 59.0 277.9 58.7 276.8 58.4 275.6 58.3 274.4 58.1 273.2
  57.9 271.9 57.9 270.7 57.8 269.5 57.8 268.3 57.7 267.0 57.9 265.8 58.0 264.5
  58.1 263.1 58.4 261.7 58.7 260.2 58.9 258.7 59.2 257.2 59.5 255.8 59.8 254.4
  60.1 253.0 60.5 251.5 60.8 250.1 61.1 248.6 61.5 247.2 61.8 245.7 62.2 244.2
  62.5 242.8 62.8 241.4 63.1 240.0 63.4 238.7 63.6 237.3 63.9 236.1 64.1 234.8
  64.3 233.6 64.5 232.4 64.8 231.3 65.0 230.1 65.2 229.0 65.4 227.9 65.5 226.8
  65.6 225.8 65.7 224.8 65.8 223.9 65.8 223.0 65.8 222.2 65.7 221.4 65.7 220.7
  65.7 220.1 65.6 219.4 65.5 218.9 65.3 218.4 65.1 218.0 64.9 217.6 64.7 217.3
  64.5 217.1 64.2 216.9 63.9 216.8 63.6 216.5 63.2 216.3 62.8 216.2 62.4 216.0
  62.0 216.0 61.8 216.0 61.5 215.7 61.2 215.6 61.0 215.6 60.7 215.6 60.4 215.7
  60.1 215.9 59.8 216.2 59.2 216.4 58.5 216.7 57.9 217.0 57.2 216.9 56.6 216.8
  56.0 216.9 55.3 216.5 54.7 216.3 53.9 216.2 53.2 215.6 53.0 215.2 52.7 214.8
  52.5 214.5 52.2 214.3 51.9 214.2
  11 27 80  0.0
  72.5 321.4 72.5 321.0 72.6 320.5 72.6 320.0 72.7 319.6 72.7 319.1 72.7 318.6
  72.7 318.2 72.7 317.7 72.7 317.3 72.7 316.8 72.8 316.3 72.8 315.9 72.8 315.4
  72.7 315.0 72.7 314.5 72.6 314.0 72.6 313.6 72.6 313.1 72.5 312.7 72.5 312.2
  72.4 311.8 72.3 311.4 72.2 310.9 72.1 310.5 72.0 310.1 71.8 309.6 71.7 309.0
  71.6 308.5 71.5 307.9 71.3 307.3 71.1 306.7 71.0 306.1 70.8 305.5 70.6 304.8
  70.4 304.2 70.1 303.5 69.9 302.8 69.6 302.2 69.2 301.6 68.8 301.0 68.4 300.5
  68.0 300.0 67.5 299.2 67.0 298.4 66.6 297.7 66.0 296.9 65.5 296.2 64.9 295.1
  64.5 294.0 64.0 292.9 63.6 291.9 63.2 290.6 62.7 289.3 62.3 288.1 61.8 287.0
  61.4 285.6 61.1 284.3 60.7 283.0 60.4 281.8 60.1 280.7 59.8 279.6 59.7 278.3
  59.5 277.0 59.3 275.8 59.2 274.5 59.1 273.2 59.0 272.0 59.0 270.7 59.0 269.4
  59.0 268.1 59.0 266.8 59.2 265.4 59.3 264.0 59.5 262.5 59.7 261.0 60.0 259.5
  60.4 258.0 60.8 256.4 61.1 254.9 61.6 253.3 62.1 251.7 62.7 250.2 63.2 248.6
  63.6 247.0 64.2 245.3 64.7 243.9 65.2 242.3 65.6 240.8 66.1 239.2 66.5 238.0
  66.9 236.7 67.3 235.4 67.6 234.1 67.9 232.8 68.2 231.5 68.5 230.7 68.8 230.0
  69.1 229.3 69.4 228.6 69.6 227.9 69.9 227.2 70.1 226.5 70.4 226.6 70.7 226.8
  71.0 227.0 71.2 227.3 71.5 227.6 71.7 227.9 72.0 228.3 72.1 228.7 72.4 230.1
  72.6 231.4 72.8 232.7 73.0 234.0 73.1 235.3 73.3 236.6 73.5 237.8 73.6 239.1
  73.7 240.3 73.7 241.5 73.8 242.8 73.9 243.9 74.0 245.1 74.0 246.1 74.0 247.2
  74.1 248.8 74.0 250.5 74.0 252.0 74.0 253.6 73.9 254.4 73.8 255.3 73.8 256.1
  73.7 257.0 73.6 257.8 73.5 258.7 73.5 259.6 73.4 260.4 73.3 261.3 73.2 262.1
  73.1 263.0 72.9 263.9 72.8 264.7 72.6 265.6 72.4 266.4 72.2 267.2 72.0 268.0
  71.8 268.9 71.7 269.8 71.5 270.8 71.4 271.8 71.2 272.8 71.0 273.9 70.8 275.0
  70.7 276.1 70.4 277.2 70.1 278.3 69.8 279.4 69.5 280.5 69.1 281.5 68.6 282.5
  68.2 283.3 67.6 284.1 67.1 284.5 66.4 284.9 65.8 285.2 65.1 285.0 64.5 284.9
  63.8 284.7 63.1 284.0 62.5 283.4 62.0 282.7 61.5 281.6 61.0 280.6 60.5 279.5
  60.3 278.4 60.0 277.3 59.7 276.1 59.4 274.8 59.3 273.5 59.1 272.1 58.9 270.7
  58.9 269.3 58.9 267.9 59.0 266.4 59.1 264.9 59.3 263.4 59.5 261.9 59.8 260.4
  60.0 258.8 60.4 257.3 60.8 255.8 61.2 254.2 61.7 252.6 62.1 251.1 62.5 249.6
  63.0 248.2 63.4 246.7 63.8 245.2 64.1 243.8 64.5 242.3 64.9 240.9 65.3 239.5
  65.6 238.1 65.9 236.7 66.3 235.3 66.5 234.0 66.8 232.7 67.0 231.5 67.2 230.3
  67.4 229.1 67.6 228.0 67.7 226.9 67.9 225.8 68.0 224.7 68.1 223.6 68.2 222.9
  68.3 222.3 68.4 221.7 68.5 221.1 68.6 220.6 68.7 220.2 68.7 219.7 68.7 219.4
  68.7 219.0 68.7 218.8 68.6 218.5 68.6 218.4 68.5 218.2 68.5 218.2 68.4 218.1
  68.3 218.1 68.2 218.2 68.0 218.2 67.9 218.3 67.7 218.3 67.5 218.3 67.2 218.4
  67.0 218.5 66.7 218.7 66.3 218.9
  11 28 80  0.0
  72.5 321.4 72.3 320.3 72.0 319.3 71.7 318.4 71.4 317.3 71.1 316.2 70.8 315.2
  70.4 314.2 70.1 313.4 69.7 312.6 69.3 311.3 68.9 310.2 68.5 309.1 68.0 308.1
  67.5 307.3 67.0 305.9 66.5 304.7 65.9 303.7 65.2 302.3 64.5 301.1 63.7 300.0
  62.9 298.6 62.1 297.2 61.3 296.0 60.5 294.4 59.8 292.9 59.1 291.2 58.5 289.5
  58.0 287.8 57.8 286.1 57.5 284.3 57.3 282.5 57.2 280.7 57.1 278.9 57.4 277.1
  57.6 275.4 58.0 273.7 58.4 272.1 58.9 270.6 59.4 269.1 59.9 267.6 60.5 266.1
  61.0 264.8 61.6 263.4 62.1 262.1 62.7 260.9 63.3 259.7 63.9 258.4 64.4 257.2
  65.1 256.1 65.7 255.0 66.2 253.9 66.8 253.1 67.4 252.2 67.9 251.3 68.4 250.4
  68.9 249.7 69.4 249.0 69.8 248.3 70.2 247.4 70.5 246.9 70.8 246.4 71.1 245.8
  71.4 245.3 71.7 244.7 71.9 244.1 72.2 243.5 72.3 243.3 72.5 243.1 72.6 242.9
  72.8 242.7 72.9 242.6 73.0 242.5 73.1 242.4 73.2 242.4 73.4 242.3 73.5 242.3
  73.6 242.4 73.7 242.5 73.8 242.6 73.9 242.7 74.0 242.9 74.1 243.7 74.3 244.6
  74.4 245.6 74.6 246.6 74.7 247.7 74.9 248.9 75.0 250.2 75.2 251.5 75.3 252.9
  75.4 254.4 75.5 256.0 75.6 257.6 75.6 259.2 75.6 260.9 75.5 262.7 75.4 264.4
  75.3 266.1 75.2 267.7 75.1 269.3 74.9 270.9 74.8 272.4 74.5 273.9 74.3 275.3
  74.0 276.7 73.7 278.0 73.4 279.1 73.1 280.1 72.6 281.2 72.1 282.1 71.6 283.0
  71.2 283.5 70.7 283.9 70.3 284.3 69.8 284.7 69.4 284.7 68.9 284.6 68.5 284.5
  68.1 284.3 67.8 284.2 67.5 283.6 67.2 282.9 66.9 282.3 66.7 281.7 66.4 281.0
  66.2 280.4 66.0 279.7 65.8 278.7 65.6 277.6 65.5 276.6 65.3 275.6 65.2 274.6
  65.2 273.7 65.1 272.8 65.0 271.9 65.2 271.0 65.3 270.2 65.4 269.4 65.6 268.6
  65.7 267.7 66.0 266.9 66.2 266.0 66.5 265.7 66.8 265.3 67.1 264.9 67.3 264.5
  67.6 264.1 67.9 263.7 68.2 263.3 68.4 263.5 68.7 263.7 69.0 263.9 69.2 264.1
  69.4 264.4 69.6 264.8 69.8 265.1 70.0 265.6 70.2 266.4 70.3 267.4 70.4 268.4
  70.5 269.4 70.5 270.5 70.6 271.6 70.6 272.8 70.5 274.1 70.5 275.5 70.4 276.9
  70.3 278.5 70.2 280.1 69.9 281.8 69.7 283.2 69.4 284.6 69.0 285.9 68.5 287.2
  68.1 288.3 67.4 289.4 66.8 289.8 66.1 290.2 65.4 290.6 64.8 290.4 64.1 290.2
  63.4 290.1 62.7 289.3 62.1 288.6 61.4 287.9 60.9 286.9 60.4 285.9 59.8 284.8
  59.4 283.6 59.0 282.4 58.7 281.1 58.4 279.8 58.2 278.5 58.1 277.1 57.9 275.8
  57.9 274.5 57.9 273.1 57.9 271.8 58.0 270.4 58.1 269.0 58.1 267.5 58.3 266.0
  58.5 264.5 58.6 263.0 58.9 261.5 59.2 260.0 59.6 258.5 59.9 257.0 60.3 255.5
  60.7 254.0 61.1 252.6 61.5 251.1 61.9 249.7 62.4 248.2 62.9 246.8 63.2 245.4
  63.6 244.0 63.9 242.6 64.2 241.2 64.6 239.8 64.9 238.4 65.1 237.1 65.5 235.7
  65.7 234.3 65.9 233.0 66.1 231.7 66.2 230.5 66.3 229.3 66.5 228.0 66.6 226.8
  66.6 225.7 66.7 224.6 66.8 223.5 66.8 222.5 66.8 221.4 66.8 220.5 66.8 219.5
  66.8 218.6 66.7 217.7 66.7 216.9
  11 29 80  0.0
  72.5 321.4 72.1 320.6 71.7 319.8 71.3 319.0 70.9 318.2 70.5 317.4 70.1 316.7
  69.6 316.0 69.1 315.1 68.6 314.3 68.1 313.4 67.6 312.5 67.1 311.4 66.6 310.3
  66.1 309.2 65.6 308.2 65.0 307.1 64.7 306.0 64.2 304.9 63.7 303.9 63.4 302.7
  63.0 301.5 62.6 300.4 62.1 299.3 61.8 298.2 61.5 296.9 61.1 295.7 61.0 294.4
  60.9 293.2 60.7 292.0 60.9 290.8 61.1 289.5 61.2 288.3 61.3 287.0 61.7 285.8
  62.1 284.5 62.6 283.6 63.2 282.7 63.8 281.7 64.3 280.8 64.8 280.2 65.3 279.6
  65.7 279.1 66.1 278.6 66.4 278.3 66.8 278.2 67.1 278.0 67.3 277.9 67.6 277.9
  67.7 278.0 67.9 278.0 68.0 278.2 68.2 278.4 68.3 278.6 68.3 278.9 68.4 279.2
  68.4 279.6 68.5 280.1 68.5 280.6 68.5 281.1 68.5 281.7 68.5 282.3 68.5 282.9
  68.4 283.5 68.4 284.0 68.3 284.6 68.2 285.1 68.1 285.7 68.0 286.2 67.9 286.6
  67.9 287.1 67.8 287.5 67.7 287.9 67.6 288.3 67.4 288.6 67.3 288.9 67.1 289.2
  66.9 289.4 66.6 289.7 66.4 289.9 66.1 290.1 65.7 290.2 65.4 290.1 65.0 290.0
  64.6 289.8 64.2 289.7 63.8 289.6 63.3 288.9 62.9 288.2 62.5 287.5 62.1 286.8
  61.8 286.1 61.5 285.0 61.1 283.9 60.8 282.9 60.5 281.9 60.2 280.9 59.9 279.9
  59.8 278.7 59.6 277.4 59.4 276.0 59.3 274.7 59.2 273.3 59.1 271.8 59.2 270.3
  59.1 268.7 59.1 267.1 59.3 265.4 59.6 263.7 60.2 261.8 60.8 260.3 61.3 258.7
  61.9 257.0 62.5 255.3 63.1 253.8 63.7 252.3 64.3 250.8 65.0 249.5 65.7 248.1
  66.4 246.7 67.1 245.6 67.8 244.4 68.4 243.0 69.0 242.1 69.5 241.0 70.0 239.9
  70.5 239.4 70.9 238.9 71.3 238.4 71.7 237.9 72.1 237.5 72.5 237.7 72.9 238.1
  73.2 238.4 73.6 238.9 73.9 239.4 74.2 240.0 74.5 241.2 74.9 242.4 75.2 243.7
  75.5 245.1 75.8 246.5 76.1 248.0 76.6 249.6 77.0 251.3 77.4 253.1 77.7 255.0
  78.1 257.0 78.4 259.0 78.8 261.2 79.1 263.5 79.3 265.9 79.5 268.5 79.7 271.1
  79.8 273.9 79.9 276.6 80.0 279.4 80.1 281.8 80.1 284.0 80.1 286.0 80.0 287.8
  80.0 289.8 79.9 291.5 79.9 293.0 79.8 294.2 79.8 295.3 79.7 296.2 79.7 296.9
  79.7 297.5 79.8 298.0 79.8 298.3 79.8 298.5 79.9 298.5 79.9 298.5 80.0 298.4
  80.0 298.3 80.1 298.2 80.2 298.0 80.2 297.7 80.3 297.4 80.4 297.0 80.5 296.6
  80.6 296.2 80.7 295.7 80.8 295.2 80.8 294.7 80.8 294.2 80.8 293.7 80.8 293.2
  80.8 292.6 80.8 292.1 80.7 291.6 80.6 291.1 80.5 290.5 80.4 290.1 80.2 289.7
  80.0 289.4 79.8 289.1 79.6 288.3 79.4 287.6 79.2 286.9 78.9 286.3 78.7 285.7
  78.4 285.1 78.0 284.5 77.7 284.0 77.4 283.2 77.1 282.6 76.7 282.0 76.4 281.4
  76.0 280.9 75.7 280.5 75.3 280.2 75.0 280.0 74.7 279.7 74.5 279.4 74.2 279.2
  73.9 278.9 73.7 278.9 73.4 278.9 73.1 278.9 72.8 278.9 72.6 278.9 72.3 278.8
  71.9 278.8 71.7 278.9 71.4 278.9 71.0 278.9 70.7 278.8 70.4 278.7 70.0 278.6
  69.7 278.4 69.3 278.1 68.9 277.8 68.5 277.5 68.1 277.1 67.6 276.8 67.2 276.1
  66.7 275.4 66.3 274.7 66.0 273.9
  11 30 80  0.0
  72.5 321.4 72.1 321.4 71.7 321.3 71.3 322.0 70.9 322.5 70.4 322.9 69.9 323.1
  69.3 323.6 68.7 323.9 68.0 324.0 67.1 324.0 66.2 323.9 65.2 323.7 64.2 323.4
  63.1 323.2 62.0 322.8 60.9 322.2 59.8 321.5 58.8 320.8 57.9 320.0 57.3 319.1
  56.7 318.2 56.2 317.3 55.6 316.5 55.2 315.8 54.9 315.1 54.7 314.4 54.5 313.7
  54.2 313.0 54.0 312.3 53.9 311.6 53.8 311.1 53.7 310.6 53.7 310.1 53.6 309.5
  53.5 309.0 53.4 308.4 53.3 307.8 53.3 307.1 53.2 306.5 53.2 306.0 53.1 305.4
  53.1 304.8 53.1 304.3 53.0 303.8 53.0 303.3 52.9 302.8 52.9 302.3 52.8 301.9
  52.7 301.4 52.7 301.0 52.7 300.5 52.6 300.1 52.6 299.7 52.6 299.3 52.6 299.0
  52.6 298.7 52.6 298.3 52.6 298.1 52.6 297.8 52.6 297.6 52.6 297.3 52.6 297.1
  52.5 297.0 52.5 296.8 52.4 296.7 52.4 296.6 52.3 296.6 52.2 296.6 52.1 296.7
  51.9 296.9 51.8 297.6 51.7 298.5 51.5 299.4 51.3 300.3 50.9 301.2 50.4 302.0
  49.9 302.7 49.4 303.3 48.8 303.8 48.2 304.1 47.7 304.4 47.2 304.4 46.7 304.3
  46.2 304.2 45.8 304.0 45.4 303.7 44.6 303.4 43.9 303.0 43.3 302.6 42.8 302.1
  42.4 301.6 42.2 301.0 42.0 300.5 41.9 299.8 41.6 299.1 41.2 298.5 41.0 297.9
  40.7 297.2 40.5 296.5 40.3 295.7 39.8 294.9 39.4 294.0 39.0 293.1 38.7 292.1
  38.5 291.1 38.1 290.0 37.8 288.9 37.5 287.8 37.2 286.8 36.8 285.8 36.5 284.7
  36.2 283.5 35.8 282.3 35.4 281.2 35.1 280.1 34.8 279.0 34.5 277.8 34.3 276.5
  34.0 275.2 33.8 274.0 33.5 273.0 33.3 271.9 33.0 270.9 32.7 269.9 32.4 268.9
  32.1 268.0 32.0 267.0 31.9 266.0 31.8 265.0 31.7 264.1 31.6 263.1 31.7 262.2
  31.9 261.3 32.0 260.4 32.1 259.5 32.2 258.7 32.4 257.9 32.6 257.1 32.8 256.3
  33.0 255.5 33.3 254.7 33.5 253.9 33.8 253.2 34.2 252.4 34.6 251.7 34.9 250.9
  35.2 250.2 35.5 249.4 35.7 248.6 36.0 247.9 36.4 247.1 36.7 246.3 37.1 245.5
  37.4 244.7 37.8 243.9 38.1 243.1 38.5 242.2 38.8 241.4 39.1 240.5 39.4 239.6
  39.6 238.7 39.8 237.7 40.0 236.8 40.2 235.9 40.3 234.9 40.4 233.9 40.5 232.9
  40.6 231.8 40.5 230.7 40.4 229.6 40.4 228.5 40.4 227.3 40.2 226.0 40.0 224.7
  39.9 223.4 39.6 222.3 39.3 221.1 39.0 220.0 38.6 218.7 38.2 217.5 37.8 216.1
  37.5 214.9 37.1 213.7 36.7 212.4 36.3 211.1 35.8 209.9 35.3 208.7 34.8 207.5
  34.1 206.3 33.5 205.0 32.9 203.8 32.3 202.5 31.7 201.2 31.1 200.0 30.6 198.8
  30.1 197.6 29.6 196.3 29.2 195.2 28.8 194.0 28.3 192.8 27.9 191.6 27.4 190.4
  26.9 189.2 26.4 187.9 26.2 186.5 25.9 185.1 25.7 183.9 25.7 182.8 25.7 181.7
  25.7 180.6 25.7 179.5 25.8 178.5 25.8 177.4 25.8 176.3 25.8 175.2 26.0 174.0
  26.2 172.6 26.3 171.3 26.7 170.0 27.0 168.8 27.3 167.8 27.7 166.7 28.1 165.8
  28.4 164.6 28.8 163.5 29.2 162.5 29.7 161.5 30.1 160.5 30.6 159.4 31.1 158.2
  31.5 157.2 31.9 156.1 32.3 155.1 32.5 153.9 32.7 152.7 32.9 151.6 33.1 150.5
  33.3 149.4 33.5 148.3 33.7 147.3
