   8  1 84  0.0
  72.5 321.4 72.2 321.3 71.9 321.2 71.6 320.9 71.3 320.7 71.0 320.6 70.8 320.5
  70.5 320.6 70.1 320.6 69.8 320.8 69.5 320.8 69.2 320.9 68.9 321.1 68.6 321.4
  68.3 321.6 68.0 321.9 67.7 321.8 67.4 321.7 67.1 321.5 66.8 321.4 66.5 321.3
  66.1 321.2 65.8 321.0 65.5 320.4 65.2 319.8 64.8 319.3 64.4 318.7 64.0 318.2
  63.6 317.7 63.3 316.8 62.9 315.8 62.6 314.8 62.2 313.7 61.9 312.5 61.6 311.2
  61.4 309.7 61.2 308.2 61.0 306.5 61.0 304.8 61.0 303.0 61.3 301.1 61.5 299.1
  61.8 297.2 62.1 295.3 62.7 293.2 63.2 291.3 63.9 289.5 64.6 287.8 65.2 286.1
  65.8 284.5 66.5 282.9 67.1 281.3 67.8 279.8 68.2 278.2 68.8 276.7 69.3 275.1
  69.7 273.4 70.2 271.7 70.5 269.9 70.9 268.1 71.2 266.1 71.5 264.1 71.8 262.2
  72.1 260.3 72.4 258.4 72.7 256.4 73.0 254.4 73.2 252.3 73.4 250.2 73.7 248.1
  73.9 246.0 74.0 243.9 74.2 241.3 74.4 238.7 74.5 236.1 74.6 233.4 74.7 230.9
  74.7 228.4 74.8 225.9 74.8 223.4 74.8 221.0 74.7 218.6 74.7 216.2 74.7 214.0
  74.7 211.8 74.6 209.7 74.5 207.8 74.4 206.1 74.2 204.5 74.0 203.1 73.8 201.7
  73.6 200.6 73.3 199.4 73.1 198.4 72.8 197.3 72.6 196.3 72.3 195.3 72.0 194.3
  71.8 193.3 71.6 192.3 71.3 191.3 71.1 190.3 70.9 189.4 70.6 188.5 70.4 187.6
  70.2 186.8 70.0 185.9 69.8 185.0 69.6 184.1 69.4 183.1 69.2 182.2 69.1 181.3
  68.9 180.4 68.8 179.5 68.5 178.6 68.3 177.7 68.2 176.8 68.0 175.9 67.7 174.9
  67.5 173.8 67.3 172.8 67.1 171.7 66.8 170.7 66.6 169.7 66.4 168.7 66.1 167.7
  65.9 166.7 65.6 165.5 65.4 164.4 65.2 163.3 64.9 162.3 64.6 161.3 64.3 160.3
  64.0 159.4 63.7 158.5 63.4 157.6 63.2 156.6 62.9 155.7 62.6 154.8 62.4 153.8
  62.1 152.9 61.8 152.0 61.6 151.2 61.3 150.4 60.9 149.6 60.6 148.9 60.3 148.1
  60.0 147.3 59.7 146.6 59.4 145.9 59.1 145.1 58.8 144.4 58.6 143.7 58.3 143.1
  58.1 142.4 57.9 141.8 57.6 141.4 57.4 141.0 57.1 140.7 56.9 140.3 56.6 139.9
  56.4 139.6 56.2 139.2 56.0 138.8 55.8 138.4 55.6 138.2 55.3 138.0 55.0 137.7
  54.7 137.5 54.3 137.4 54.0 137.2 53.6 137.0 53.3 136.9 52.9 136.7 52.6 136.6
  52.2 136.5 51.8 136.5 51.4 136.4 51.0 136.4 50.6 136.4 50.2 136.4 49.8 136.5
  49.3 136.4 48.9 136.4 48.5 136.4 48.1 136.4 47.7 136.5 47.3 136.3 46.9 136.1
  46.5 135.9 46.1 135.8 45.7 135.6 45.4 135.2 45.0 134.9 44.6 134.5 44.2 134.2
  43.8 133.9 43.4 133.4 43.0 132.9 42.7 132.4 42.3 131.9 42.1 131.5 41.9 131.1
  41.7 130.5 41.5 130.0 41.3 129.5 41.1 129.0 40.8 128.4 40.6 127.9 40.7 127.4
  40.7 126.8 40.7 126.3 40.7 125.8 40.7 125.3 40.7 124.8 40.7 124.3 40.7 123.8
  40.8 123.3 40.9 122.8 41.1 122.3 41.2 121.8 41.3 121.3 41.3 120.8 41.4 120.3
  41.5 119.8 41.6 119.3 41.8 118.8 41.9 118.2 42.1 117.7 42.2 117.3 42.3 116.9
  42.4 116.5 42.4 116.0 42.5 115.6 42.6 115.1 42.7 114.6 42.8 114.1 42.8 113.6
  42.9 113.1 42.9 112.5 42.9 112.0
   8  2 84  0.0
  72.5 321.4 72.1 320.5 71.8 319.5 71.3 318.8 70.8 318.1 70.3 317.4 69.8 316.7
  69.3 316.1 68.8 315.5 68.0 314.9 67.3 314.4 66.5 313.8 65.7 313.1 65.0 312.3
  64.3 311.5 63.3 310.7 62.4 309.7 61.6 308.8 60.8 307.7 60.0 306.5 59.3 305.4
  58.6 304.1 58.0 302.7 57.5 301.2 57.1 299.8 56.8 298.3 56.5 296.8 56.3 295.2
  56.1 293.6 56.0 292.0 56.1 290.4 56.1 288.8 56.2 287.4 56.4 286.0 56.6 284.7
  56.8 283.5 57.1 282.4 57.5 281.3 57.8 280.3 58.0 279.3 58.4 277.9 58.7 276.7
  59.0 275.5 59.4 274.5 59.8 273.5 60.3 272.7 60.7 271.6 61.2 270.7 61.6 269.8
  62.1 268.9 62.5 267.8 62.9 266.8 63.3 265.9 63.8 265.0 64.2 264.2 64.7 263.3
  65.1 262.4 65.5 261.6 65.9 260.8 66.4 260.1 66.9 259.1 67.3 258.2 67.8 257.3
  68.2 256.4 68.6 255.4 69.0 254.3 69.5 253.3 69.9 252.4 70.3 251.5 70.7 250.2
  71.1 248.9 71.5 247.7 71.8 246.4 72.1 245.3 72.5 243.9 72.8 242.5 73.0 241.2
  73.3 239.9 73.5 238.6 73.7 237.5 73.9 236.4 74.2 235.3 74.3 233.6 74.4 232.0
  74.5 230.4 74.5 228.9 74.6 227.3 74.6 225.8 74.5 224.3 74.5 222.8 74.4 221.2
  74.2 219.6 74.0 218.0 73.8 217.0 73.6 216.0 73.4 215.0 73.1 214.0 72.7 212.9
  72.4 211.8 72.0 210.8 71.6 209.8 71.3 209.0 70.9 208.3 70.6 207.6 70.3 206.9
  69.9 206.2 69.7 205.7 69.4 205.2 69.2 204.7 69.0 204.2 68.8 203.6 68.5 203.0
  68.3 202.4 68.1 201.7 67.9 201.0 67.7 200.2 67.6 199.4 67.3 198.5 67.1 197.6
  67.0 196.7 66.8 195.7 66.7 194.7 66.5 193.7 66.3 192.7 66.2 191.7 66.0 190.7
  65.8 189.8 65.6 188.8 65.5 187.9 65.3 186.9 65.2 186.0 65.1 185.0 65.1 184.0
  65.1 182.9 65.1 181.9 65.0 180.8 65.0 179.6 64.8 178.5 64.7 177.4 64.6 176.2
  64.5 175.1 64.3 173.9 64.1 172.8 64.0 171.6 63.7 170.4 63.5 169.2 63.3 167.9
  63.1 166.7 62.9 165.5 62.6 164.3 62.4 163.1 62.1 161.9 61.8 160.8 61.6 159.8
  61.3 158.8 61.0 157.9 60.7 157.0 60.4 156.1 60.1 155.2 59.8 154.3 59.5 153.5
  59.3 152.7 59.0 151.9 58.7 151.1 58.5 150.3 58.2 149.6 57.9 148.9 57.5 148.1
  57.2 147.4 56.9 146.8 56.6 146.1 56.3 145.4 56.0 144.8 55.7 144.3 55.4 143.8
  55.1 143.3 54.9 142.9 54.6 142.5 54.4 142.1 54.1 141.8 53.8 141.5 53.4 141.2
  53.1 140.9 52.8 140.6 52.4 140.4 52.1 140.1 51.7 139.9 51.4 139.5 51.1 139.2
  50.8 138.9 50.5 138.6 50.1 138.3 49.8 138.1 49.4 137.7 49.0 137.3 48.6 137.0
  48.2 136.6 47.8 136.4 47.4 135.9 47.3 135.5 47.1 135.1 46.9 134.7 46.6 134.3
  46.4 133.9 46.1 133.5 45.9 133.2 45.6 132.7 45.3 132.2 45.1 131.7 45.1 131.2
  45.2 130.8 45.2 130.3 45.2 129.9 45.2 129.5 45.2 129.2 45.2 128.8 45.2 128.4
  45.1 128.1 45.0 127.8 45.3 127.5 45.5 127.2 45.8 127.0 45.9 126.7 46.1 126.5
  46.3 126.5 46.4 126.6 46.4 126.6 46.5 126.7 46.5 126.7 46.5 126.8 46.4 126.9
  46.4 127.0 46.3 127.1 46.3 127.2 46.2 127.4 46.1 127.5 46.0 127.6 45.8 127.6
  45.7 127.5 45.5 127.5 45.4 127.5
   8  3 84  0.0
  72.5 321.4 71.9 321.5 71.4 321.4 70.8 321.3 70.2 321.1 69.6 321.0 69.0 320.7
  68.4 320.4 67.7 320.2 67.1 319.8 66.3 319.4 65.5 319.1 64.7 318.7 63.8 318.3
  63.0 317.5 62.3 316.9 61.5 316.3 60.8 315.5 60.2 314.8 59.5 314.1 58.9 313.1
  58.3 312.2 57.7 311.4 57.1 310.2 56.6 308.9 56.0 307.7 55.7 306.4 55.3 305.0
  54.9 303.7 54.8 302.3 54.6 301.1 54.4 299.9 54.3 298.7 54.2 297.5 54.0 296.3
  53.9 295.0 53.9 293.8 53.9 292.4 53.9 291.1 54.1 289.9 54.3 288.6 54.6 287.3
  54.9 286.1 55.2 284.8 55.5 283.6 55.9 282.3 56.3 281.1 56.8 279.6 57.3 278.2
  57.9 276.9 58.5 275.6 59.2 274.5 60.0 273.4 60.7 272.3 61.5 271.3 62.2 270.4
  62.9 269.5 63.6 268.5 64.4 267.6 65.1 266.7 65.9 265.7 66.6 264.7 67.4 263.8
  68.0 262.8 68.5 261.7 69.1 260.7 69.7 259.6 70.1 258.4 70.6 257.4 71.1 256.2
  71.6 255.0 72.1 253.6 72.6 252.5 73.2 251.3 73.6 250.0 74.0 248.6 74.5 247.7
  74.9 246.8 75.3 245.9 75.6 244.9 76.0 243.9 76.4 243.5 76.7 243.1 77.0 242.7
  77.4 242.3 77.7 241.9 78.1 241.4 78.5 241.4 78.9 241.3 79.3 241.3 79.6 241.2
  80.0 241.0 80.3 240.9 80.6 241.0 80.9 241.0 81.2 241.0 81.4 241.0 81.6 240.9
  81.7 240.8 81.8 240.6 81.9 240.4 82.0 240.2 82.1 239.9 82.2 239.7 82.2 239.5
  82.2 239.3 82.3 239.1 82.3 238.9 82.3 238.8 82.4 238.7 82.4 238.6 82.4 238.5
  82.4 238.4 82.4 238.3 82.4 238.2 82.4 238.2 82.4 238.1 82.4 238.1 82.4 238.1
  82.4 238.1 82.4 238.1 82.4 238.1 82.4 238.2 82.3 238.4 82.3 238.6 82.2 238.9
  82.1 239.2 82.0 239.6 81.8 239.3 81.7 239.1 81.6 238.9 81.4 238.7 81.2 238.6
  80.9 238.5 80.7 238.3 80.4 238.0 80.0 237.6 79.7 237.1 79.4 235.3 79.1 233.5
  78.8 231.9 78.6 230.3 78.2 228.8 77.9 227.4 77.6 225.5 77.3 223.7 77.0 222.0
  76.7 220.4 76.4 218.9 76.1 217.5 75.9 216.2 75.6 214.7 75.4 213.2 75.1 211.9
  74.8 210.7 74.6 209.6 74.3 208.5 74.0 207.5 73.7 206.5 73.5 205.3 73.2 204.1
  72.9 202.9 72.8 201.7 72.5 200.5 72.3 199.3 72.2 198.2 72.1 197.0 72.0 195.8
  71.9 194.6 71.9 193.3 71.8 192.1 71.7 190.8 71.7 189.6 71.7 188.3 71.7 187.1
  71.8 185.8 71.8 184.5 71.9 183.2 72.0 181.8 72.1 180.4 72.2 179.3 72.4 178.1
  72.5 177.0 72.6 175.9 72.7 174.8 72.8 173.8 72.9 172.7 73.0 171.7 73.1 170.7
  73.2 169.7 73.2 168.7 73.3 167.7 73.3 166.6 73.3 165.7 73.3 164.7 73.3 163.8
  73.3 163.0 73.2 162.2 73.2 161.5 73.2 160.8 73.1 160.2 73.1 159.6 73.1 159.0
  73.0 158.5 73.0 158.0 73.0 157.5 73.0 157.1 73.0 156.6 73.0 156.2 73.0 155.8
  73.0 155.3 73.0 154.9 73.0 154.5 73.1 154.1 73.1 153.7 73.2 153.3 73.2 152.9
  73.3 152.5 73.3 152.1 73.4 151.7 73.5 151.4 73.6 151.0 73.7 150.6 73.8 150.2
  73.9 149.9 74.0 149.5 74.1 149.1 74.3 148.6 74.4 148.1 74.6 147.5 74.7 147.0
  74.9 146.6 75.0 146.2 75.2 145.8 75.4 145.5 75.6 145.2 75.8 145.0 76.0 144.8
  76.2 144.6 76.4 144.1 76.7 143.7
   8  4 84  0.0
  72.5 321.4 72.1 320.9 71.7 320.4 71.3 319.7 70.8 319.1 70.4 318.5 69.9 317.9
  69.5 317.2 69.1 316.6 68.7 316.0 68.3 315.4 67.8 314.8 67.4 314.3 67.0 313.7
  66.5 313.2 66.1 312.7 65.6 312.2 65.2 311.6 64.8 311.1 64.4 310.5 64.0 309.8
  63.6 309.1 63.2 308.3 62.9 307.5 62.6 306.6 62.2 305.6 61.9 304.7 61.7 303.7
  61.4 302.8 61.1 301.7 60.8 300.7 60.6 299.6 60.4 298.5 60.3 297.3 60.2 296.1
  60.1 294.9 60.1 293.6 60.0 292.4 60.0 291.1 60.1 289.8 60.2 288.5 60.3 287.2
  60.7 285.9 61.0 284.7 61.3 283.4 61.8 282.1 62.2 280.8 62.7 279.6 63.2 278.4
  63.7 277.1 64.2 275.9 64.8 275.1 65.4 274.2 65.9 273.3 66.5 272.4 67.1 271.8
  67.5 271.1 68.0 270.4 68.4 269.7 68.9 269.4 69.4 269.2 69.9 269.0 70.4 268.7
  70.9 268.9 71.5 269.1 72.0 269.3 72.6 269.8 73.2 270.3 73.7 270.8 74.2 271.3
  74.7 272.1 75.2 273.0 75.6 274.0 76.1 275.0 76.5 276.3 76.9 277.7 77.2 279.2
  77.5 280.9 77.9 282.6 78.3 284.6 78.6 286.3 79.0 288.2 79.3 290.2 79.6 292.3
  79.8 294.7 80.1 297.2 80.3 299.2 80.5 301.3 80.7 303.3 80.8 305.4 80.9 307.6
  81.0 309.7 81.2 311.8 81.3 314.0 81.4 316.3 81.5 318.7 81.6 321.2 81.6 324.0
  81.7 326.8 81.7 329.8 81.8 332.9 81.8 336.1 81.8 339.5 81.8 343.1 81.8 346.9
  81.7 350.9 81.7 354.9 81.6 359.0 81.4   2.9 81.2   3.4 81.1   4.0 80.9   4.5
  80.6   5.1 80.4   5.6 80.1   6.1 79.9   6.6 79.7   7.2 79.6   7.8 79.4   8.4
  79.2   8.9 79.0   9.5 78.8  10.1 78.5  10.6 78.3  11.1 78.1  11.6 77.9  12.1
  77.5  12.5 77.2  12.9 76.9  13.4 76.6  13.8 76.2  14.1 75.9  14.5 75.6  14.9
  75.4  15.2 75.1  15.5 74.9  15.8 74.6  16.2 74.3  16.5 74.0  16.8 73.7  17.1
  73.5  17.3 73.2  17.5 72.9  17.8 72.7  18.0 72.4  18.3 72.2  18.5 72.0  18.7
  71.8  18.9 71.5  19.0 71.3  19.1 71.1  19.2 70.9  19.4 70.8  19.5 70.6  19.6
  70.4  19.8 70.2  19.9 70.1  20.1 69.9  20.2 69.7  20.3 69.6  20.3 69.4  20.4
  69.3  20.5 69.2  20.6 69.2  20.7 69.1  20.8 69.1  20.9 69.1  21.1 69.1  21.2
  69.1  21.3 69.1  21.5 69.2  21.7 69.2  21.8 69.2  22.0 69.2  22.2 69.3  22.4
  69.3  22.6 69.3  22.8 69.3  23.0 69.3  23.3 69.2  23.5 69.2  23.7 69.2  24.0
  69.2  24.3 69.2  24.5 69.1  24.8 69.1  25.0 69.0  25.3 69.0  25.6 68.9  25.9
  68.9  26.1 68.9  26.4 68.8  26.7 68.8  26.9 68.7  27.2 68.7  27.5 68.6  27.7
  68.6  28.0 68.6  28.2 68.4  28.5 68.3  28.7 68.2  28.9 68.0  29.1 67.9  29.4
  67.8  29.6 67.6  29.8 67.5  30.0 67.3  30.2 67.2  30.4 67.1  30.6 66.9  30.8
  66.8  31.0 66.7  31.2 66.6  31.4 66.5  31.6 66.4  31.8 66.3  32.0 66.2  32.2
  66.0  32.4 65.9  32.5 65.8  32.8 65.6  33.0 65.5  33.2 65.4  33.4 65.2  33.6
  65.1  33.8 64.9  34.0 64.8  34.2 64.7  34.4 64.5  34.6 64.4  34.8 64.2  35.0
  64.1  35.2 64.0  35.3 63.9  35.6 63.7  35.8 63.6  36.0 63.5  36.2 63.3  36.3
  63.1  36.5 63.0  36.7 62.8  36.8
   8  5 84  0.0
  72.5 321.4 72.2 320.3 71.9 319.2 71.6 318.7 71.2 318.2 70.9 317.7 70.5 317.2
  70.1 316.6 69.7 316.0 69.3 315.9 68.8 315.6 68.4 315.3 67.9 314.9 67.5 315.0
  67.1 315.0 66.6 315.0 66.2 314.9 65.7 314.8 65.3 314.9 64.9 315.0 64.4 315.0
  64.0 314.9 63.6 314.8 63.2 314.7 62.7 314.6 62.3 314.4 61.9 314.2 61.4 313.9
  61.0 313.6 60.5 313.3 60.0 312.9 59.5 312.6 59.0 312.0 58.6 311.4 58.1 310.8
  57.6 310.2 57.1 309.4 56.6 308.6 56.2 307.7 55.8 306.9 55.4 305.9 55.0 304.9
  54.7 303.9 54.5 302.8 54.3 301.8 54.2 300.7 54.0 299.6 54.1 298.4 54.0 297.2
  54.0 296.0 54.1 294.7 54.2 293.4 54.3 292.1 54.4 290.8 54.6 289.5 54.9 288.2
  55.1 286.9 55.4 285.6 55.7 284.2 56.0 282.8 56.4 281.4 56.7 280.0 57.1 278.6
  57.6 277.2 58.1 275.8 58.6 274.7 59.2 273.5 59.7 272.2 60.3 270.9 60.8 269.7
  61.4 268.5 61.9 267.1 62.4 265.7 62.9 264.4 63.4 263.1 63.9 261.7 64.3 260.2
  64.8 259.0 65.2 257.7 65.6 256.4 65.9 254.9 66.3 253.5 66.6 252.4 66.9 251.3
  67.3 250.1 67.7 248.8 68.0 247.4 68.3 245.9 68.6 244.8 68.8 243.7 69.1 242.4
  69.3 241.2 69.5 239.8 69.7 238.5 69.9 237.1 70.0 235.7 70.2 234.4 70.5 233.1
  70.7 231.9 70.8 230.6 71.0 229.3 71.1 228.0 71.2 226.8 71.3 225.6 71.5 224.4
  71.6 223.3 71.7 222.2 71.8 221.1 72.0 220.0 72.1 218.9 72.3 218.2 72.4 217.5
  72.4 216.9 72.5 216.3 72.5 215.8 72.5 215.2 72.5 214.8 72.4 214.3 72.4 213.8
  72.3 213.4 72.2 213.0 72.1 212.6 71.9 212.2 71.8 211.5 71.6 210.8 71.5 210.0
  71.3 209.3 71.0 208.5 70.8 207.7 70.6 206.8 70.4 206.0 70.1 205.1 69.9 204.2
  69.7 202.9 69.4 201.6 69.2 200.3 69.0 199.0 68.7 197.7 68.5 196.4 68.3 195.1
  68.1 193.8 67.9 192.5 67.8 191.1 67.6 189.8 67.5 188.4 67.4 187.0 67.2 185.7
  67.1 184.5 67.0 183.2 66.9 182.0 66.9 180.9 66.8 179.8 66.7 178.7 66.7 177.6
  66.6 176.6 66.6 175.5 66.6 174.5 66.6 173.4 66.6 172.4 66.6 171.4 66.6 170.5
  66.6 169.5 66.6 168.6 66.6 167.7 66.6 166.9 66.5 166.0 66.5 165.1 66.5 164.3
  66.5 163.4 66.5 162.5 66.4 161.6 66.4 160.8 66.4 160.0 66.4 159.2 66.4 158.5
  66.4 157.7 66.3 157.0 66.3 156.3 66.3 155.6 66.2 155.0 66.2 154.3 66.1 153.7
  66.0 153.0 66.0 152.5 66.0 151.9 66.1 151.3 66.1 150.8 66.2 150.3 66.2 149.8
  66.3 149.3 66.4 148.8 66.4 148.3 66.5 147.8 66.6 147.3 66.6 146.8 66.7 146.4
  66.8 145.9 67.0 145.5 67.1 145.1 67.3 144.7 67.5 144.4 67.7 144.0 67.9 143.7
  68.2 143.3 68.5 143.6 68.8 143.9 69.0 144.2 69.3 144.6 69.5 144.9 69.8 145.3
  70.0 145.7 70.2 146.1 70.4 146.8 70.6 147.4 70.9 148.1 71.0 148.8 71.1 149.5
  71.2 150.2 71.3 150.8 71.4 151.3 71.4 151.8 71.5 152.1 71.4 152.4 71.4 152.6
  71.4 152.7 71.3 152.7 71.2 152.7 71.1 152.6 71.0 152.5 70.9 152.3 70.7 152.0
  70.6 151.8 70.4 151.6 70.3 151.3 70.1 151.0 69.9 150.7 69.7 150.1 69.6 149.4
  69.4 148.8 69.2 148.1 69.0 147.5
   8  6 84  0.0
  72.5 321.4 72.0 321.4 71.5 321.6 71.0 321.9 70.5 322.2 70.0 322.4 69.5 323.0
  69.0 323.5 68.5 324.1 68.1 324.7 67.8 325.4 67.4 326.1 67.1 326.9 66.8 327.7
  66.5 328.5 66.2 329.3 65.8 330.1 65.5 330.6 65.1 331.0 64.7 331.5 64.3 331.9
  63.9 332.3 63.4 332.4 62.9 332.5 62.3 332.6 61.7 332.7 61.2 332.5 60.6 332.3
  60.1 332.1 59.5 331.9 59.0 331.2 58.5 330.5 58.0 329.9 57.6 329.2 57.1 328.1
  56.8 327.0 56.3 325.9 55.8 324.8 55.3 323.5 54.9 322.1 54.5 320.8 54.1 319.4
  53.8 318.1 53.5 316.7 53.2 315.4 52.9 314.0 52.6 312.7 52.3 311.4 52.1 310.1
  51.9 308.9 51.7 307.6 51.7 306.3 51.7 305.1 51.6 303.9 51.7 302.7 51.7 301.6
  51.8 300.4 51.8 299.3 52.0 298.1 52.2 296.9 52.4 295.7 52.9 294.4 53.3 293.3
  53.8 292.2 54.3 291.1 54.7 290.0 55.2 288.8 55.7 287.7 56.1 286.5 56.7 285.4
  57.2 284.4 57.8 283.3 58.5 282.3 59.2 281.5 59.9 280.6 60.6 279.7 61.2 278.9
  61.8 278.1 62.3 277.2 63.0 276.5 63.6 275.7 64.2 274.9 64.8 274.2 65.5 273.5
  66.2 272.8 67.1 272.2 67.9 271.6 68.4 271.0 69.1 270.4 69.7 269.8 70.2 269.3
  70.9 268.9 71.5 268.6 72.1 268.3 72.7 268.0 73.4 267.7 73.8 267.5 74.2 267.4
  74.6 267.0 75.0 266.7 75.5 266.5 75.9 266.4 76.3 266.3 76.8 266.0 77.3 265.8
  77.7 265.7 78.1 265.6 78.6 265.5 79.0 265.5 79.4 265.5 79.7 265.5 80.0 265.6
  80.2 265.8 80.5 266.2 80.7 266.6 80.8 267.0 81.0 267.6 81.1 268.1 81.2 268.8
  81.3 269.6 81.4 270.4 81.5 271.3 81.5 272.3 81.5 273.3 81.6 274.4 81.6 275.5
  81.6 276.7 81.6 277.9 81.6 279.2 81.6 280.4 81.7 281.6 81.8 282.9 81.9 284.3
  82.0 285.7 82.1 286.8 82.2 288.0 82.2 289.1 82.2 290.4 82.3 291.7 82.3 293.0
  82.3 294.3 82.3 295.6 82.2 296.9 82.2 298.2 82.2 299.5 82.1 300.8 82.1 302.2
  82.0 303.6 82.0 305.1 81.9 306.6 81.8 308.1 81.8 309.6 81.7 311.1 81.7 312.5
  81.6 313.9 81.6 315.2 81.5 316.5 81.5 317.8 81.5 319.1 81.4 320.4 81.4 321.8
  81.4 323.2 81.3 324.6 81.3 325.9 81.2 327.3 81.2 328.6 81.1 329.9 81.1 331.2
  81.0 332.4 81.0 333.6 81.0 334.8 80.9 336.0 80.9 337.2 80.9 338.4 80.9 339.6
  80.9 340.7 80.9 341.8 80.9 342.8 80.9 343.8 80.9 344.7 80.8 345.4 80.8 346.1
  80.8 346.8 80.7 347.5 80.7 348.1 80.6 348.7 80.6 349.3 80.5 349.8 80.4 350.3
  80.4 350.8 80.3 351.3 80.3 351.7 80.2 352.0 80.1 352.3 80.0 352.6 79.9 352.9
  79.9 353.8 79.8 354.6 79.7 355.5 79.6 356.3 79.5 357.1 79.4 357.8 79.2 358.5
  79.1 359.1 79.0 359.7 78.8   0.2 78.6   0.3 78.4   0.4 78.3   0.5 78.1   0.6
  77.9   0.6 77.7   0.7 77.6   0.8 77.4   0.9 77.3   1.0 77.1   1.1 76.9   1.1
  76.8   1.2 76.6   1.2 76.4   1.2 76.3   1.3 76.1   1.3 75.9   1.3 75.7   1.4
  75.5   1.5 75.3   1.6 75.2   1.8 74.9   1.9 74.7   2.0 74.5   2.1 74.3   2.1
  74.0   2.2 73.8   2.3 73.6   2.5 73.3   2.7 73.1   2.8 72.8   3.0 72.6   3.2
  72.3   3.3 72.0   3.5 71.8   3.7
   8  7 84  0.0
  72.5 321.4 72.1 321.0 71.7 320.6 71.3 320.1 70.8 319.8 70.3 319.6 69.8 319.4
  69.2 319.3 68.6 319.2 67.9 319.2 67.3 319.0 66.6 318.7 66.0 318.4 65.3 317.7
  64.6 317.0 63.9 316.4 63.3 315.5 62.6 314.6 61.9 313.9 61.3 312.8 60.6 311.8
  60.0 310.8 59.4 309.8 58.8 308.5 58.2 307.3 58.0 306.1 57.7 304.8 57.3 303.6
  57.3 302.4 57.2 301.1 57.1 299.7 57.2 298.3 57.3 296.9 57.4 295.5 57.7 294.2
  58.1 292.9 58.5 292.3 58.9 291.9 59.6 291.4 60.1 290.8 60.7 290.6 61.3 290.4
  61.8 290.2 62.3 289.9 62.7 290.2 63.1 290.5 63.5 290.8 63.8 291.3 64.1 291.8
  64.4 292.6 64.4 293.5 64.4 294.3 64.3 295.1 64.1 295.8 64.0 296.5 63.6 296.6
  63.2 296.7 62.8 296.7 62.4 296.6 62.0 296.4 61.6 295.6 61.1 294.6 60.7 293.6
  60.4 292.7 60.1 291.6 60.0 290.6 60.0 289.4 60.0 287.6 60.2 285.7 60.3 284.1
  60.5 282.4 60.7 280.5 60.9 278.4 61.2 276.1 61.5 273.7 61.9 271.3 62.4 268.8
  63.0 266.4 63.6 263.9 64.1 261.3 64.7 258.7 65.2 256.0 65.7 253.1 66.3 250.3
  67.0 247.4 67.6 244.4 68.2 241.4 68.8 238.5 69.2 235.4 69.6 232.3 69.9 229.1
  70.1 225.9 70.3 222.9 70.4 220.0 70.5 217.1 70.5 214.3 70.5 211.7 70.4 209.3
  70.3 207.1 70.1 205.0 70.0 203.0 69.7 200.9 69.5 199.0 69.2 197.2 68.9 195.6
  68.5 194.2 68.1 192.8 67.7 191.6 67.3 190.8 66.8 190.1 66.4 189.5 65.8 188.9
  65.3 188.5 64.7 188.1 64.0 187.7 63.4 187.3 62.8 187.1 62.1 186.9 61.2 186.7
  60.4 186.5 59.4 186.3 58.3 185.9 57.2 185.6 56.2 184.9 55.1 184.4 54.1 183.6
  53.2 182.8 52.2 181.8 51.3 180.8 50.4 179.5 49.8 178.2 49.2 176.7 48.7 175.2
  48.4 173.4 48.0 171.8 48.0 170.1 48.0 168.6 48.0 167.2 48.2 165.6 48.5 164.3
  48.8 163.0 49.2 161.7 49.7 160.5 50.3 159.3 50.8 158.4 51.3 157.5 51.9 156.6
  52.4 155.8 52.8 155.0 53.3 154.3 53.7 153.6 54.1 152.8 54.6 152.3 55.0 151.7
  55.3 151.1 55.6 150.5 55.9 149.9 56.2 149.3 56.5 148.7 56.7 148.1 56.9 147.5
  57.2 146.8 57.4 146.2 57.6 145.5 57.8 144.9 58.1 144.2 58.3 143.6 58.5 143.0
  58.7 142.4 58.9 141.8 59.1 141.2 59.3 140.6 59.5 140.0 59.7 139.5 59.9 138.9
  60.1 138.4 60.4 137.9 60.6 137.5 60.8 137.0 61.1 136.6 61.3 136.2 61.6 135.8
  61.8 135.4 62.0 135.0 62.3 134.6 62.5 134.1 62.7 133.6 63.0 133.2 63.2 132.8
  63.4 132.4 63.7 132.0 63.9 131.6 64.2 131.3 64.4 130.8 64.7 130.4 65.0 130.0
  65.3 129.7 65.6 129.4 65.9 129.1 66.2 128.8 66.5 128.4 66.8 128.1 67.2 127.7
  67.5 127.5 67.7 127.2 68.0 127.0 68.4 126.6 68.7 126.2 69.0 125.8 69.4 125.5
  69.7 125.2 70.1 125.0 70.5 124.5 70.8 124.0 71.2 123.5 71.6 123.1 72.0 122.8
  72.3 122.5 72.8 122.1 73.2 121.6 73.6 121.3 74.0 121.0 74.5 120.2 74.9 119.5
  75.4 118.8 75.8 118.2 76.2 117.6 76.7 116.4 77.1 115.2 77.5 114.0 77.8 112.8
  78.2 111.5 78.5 109.4 78.9 107.2 79.1 104.9 79.4 102.6 79.6 100.1 79.8  97.6
  80.0  95.0 80.1  92.4 80.2  89.1
   8  8 84  0.0
  72.5 321.4 72.2 322.3 71.9 323.2 71.6 324.3 71.2 325.3 70.8 326.2 70.4 327.1
  69.9 327.9 69.5 328.8 68.8 329.6 68.2 330.3 67.4 330.9 66.6 331.4 65.6 331.9
  64.7 331.6 63.8 331.4 62.8 330.7 61.9 330.0 61.0 328.9 60.1 327.9 59.2 327.0
  58.3 325.9 57.5 324.7 56.7 323.4 56.2 322.1 55.6 320.7 55.0 319.3 54.6 318.0
  54.1 316.6 53.7 315.3 53.3 314.1 52.9 312.9 52.5 311.6 52.3 310.4 52.1 309.1
  51.9 307.8 51.9 306.5 51.9 305.2 51.9 303.8 51.9 302.4 51.9 300.9 51.9 299.4
  52.0 297.9 52.2 296.3 52.4 294.8 52.8 293.3 53.1 291.9 53.5 290.4 53.8 288.9
  54.2 287.4 54.6 285.8 55.0 284.1 55.5 282.5 56.0 280.9 56.6 279.3 57.2 277.8
  57.8 276.4 58.4 274.9 59.0 273.4 59.5 271.8 60.1 270.2 60.7 268.4 61.3 266.6
  61.9 264.9 62.4 263.2 63.0 261.5 63.5 259.7 64.0 257.9 64.6 256.1 65.1 254.1
  65.5 252.1 65.9 250.1 66.3 248.1 66.7 246.0 67.1 243.9 67.4 241.7 67.7 239.7
  67.9 237.7 68.1 235.7 68.2 233.8 68.3 231.9 68.3 230.0 68.3 228.1 68.3 226.2
  68.2 224.3 68.2 222.5 68.0 220.6 67.9 218.8 67.7 217.0 67.5 215.3 67.2 213.5
  67.0 211.8 66.7 210.1 66.3 208.4 66.0 206.8 65.5 205.3 65.1 203.8 64.6 202.3
  64.1 200.7 63.6 199.2 63.2 197.8 62.7 196.3 62.2 194.9 61.8 193.5 61.3 192.3
  60.8 191.1 60.4 189.9 59.9 188.8 59.5 187.9 59.2 187.0 58.9 186.1 58.5 185.2
  58.1 184.3 57.7 183.4 57.5 182.6 57.4 181.7 57.2 180.8 57.0 179.9 57.0 178.9
  57.0 177.9 57.0 176.9 57.0 176.0 57.0 175.0 57.1 174.1 57.3 173.2 57.5 172.3
  57.7 171.4 57.9 170.6 58.1 169.7 58.4 169.2 58.7 168.8 59.0 168.3 59.5 167.9
  59.6 167.5 59.7 167.1 59.8 166.7 60.0 166.3 60.3 166.3 60.5 166.2 60.8 166.1
  61.1 166.1 61.3 166.1 61.6 166.1 61.9 166.0 62.2 166.1 62.4 166.0 62.7 165.9
  62.9 165.9 63.0 165.8 63.1 165.7 63.2 165.7 63.2 165.6 63.3 165.5 63.3 165.5
  63.3 165.4 63.3 165.4 63.3 165.3 63.2 165.3 63.2 165.2 63.1 165.1 63.1 165.0
  63.0 164.8 63.0 164.6 62.9 164.3 62.8 164.0 62.7 163.7 62.6 163.4 62.4 163.0
  62.3 162.6 62.2 162.1 62.0 161.7 61.9 161.2 61.9 160.9 61.8 160.6 61.7 160.3
  61.7 160.0 61.7 159.6 61.7 159.3 61.7 158.9 61.8 158.4 61.8 158.0 61.9 157.5
  61.9 157.0 62.0 156.5 62.1 155.8 62.1 155.1 62.2 154.4 62.3 153.6 62.4 152.9
  62.5 152.1 62.6 151.3 62.8 150.6 62.9 149.8 63.1 149.0 63.3 148.2 63.5 147.4
  63.7 146.7 63.9 145.9 64.1 145.1 64.3 144.2 64.5 143.2 64.8 142.2 65.0 141.3
  65.3 140.3 65.6 139.4 65.9 138.6 66.2 137.7 66.5 136.7 66.8 135.7 67.2 134.7
  67.5 133.8 67.8 132.9 68.2 132.0 68.5 131.0 68.9 129.9 69.3 128.9 69.7 128.0
  70.1 127.0 70.6 125.9 71.0 124.8 71.5 123.7 72.0 122.6 72.5 121.6 73.0 120.5
  73.6 119.4 74.1 118.3 74.7 117.1 75.2 115.9 75.7 114.6 76.2 113.3 76.8 111.8
  77.3 110.1 77.7 108.4 78.2 106.5 78.7 104.0 79.1 101.3 79.6  98.4 80.0  95.2
  80.3  91.9 80.7  87.7 81.0  83.3
   8  9 84  0.0
  72.5 321.4 72.7 322.0 72.8 322.7 72.9 323.4 73.0 324.1 73.1 324.9 73.1 325.7
  73.1 326.6 73.1 327.5 73.1 328.5 72.9 329.4 72.7 330.4 72.6 331.5 72.4 332.5
  72.0 333.5 71.6 334.1 71.2 334.6 70.8 335.2 70.3 335.8 69.7 336.4 69.1 336.6
  68.3 336.9 67.4 337.2 66.5 336.8 65.5 336.6 64.6 335.7 63.7 334.9 62.9 333.4
  62.0 332.0 61.2 330.7 60.5 328.9 59.9 327.1 59.3 325.0 58.7 323.0 58.3 321.0
  57.7 319.1 57.4 317.0 57.0 315.0 56.8 313.0 56.5 311.3 56.4 309.6 56.2 308.0
  56.1 306.5 56.0 305.0 55.9 303.3 55.9 301.5 55.9 299.9 56.0 298.2 56.2 296.9
  56.4 295.6 56.6 294.3 56.9 293.0 57.1 291.6 57.3 290.2 57.6 288.8 57.9 287.4
  58.3 285.9 58.7 284.6 59.1 283.3 59.5 282.0 59.9 280.6 60.3 279.2 60.9 277.8
  61.4 276.4 61.9 275.0 62.4 273.5 63.0 272.2 63.6 270.9 64.2 269.5 64.8 268.3
  65.3 267.1 65.9 265.9 66.5 264.5 67.1 263.6 67.7 262.5 68.3 261.4 68.8 260.8
  69.4 260.1 69.9 259.4 70.4 258.6 70.9 258.2 71.4 257.8 71.9 257.3 72.3 256.9
  72.8 256.6 73.2 256.3 73.6 256.1 74.0 255.8 74.4 255.3 74.8 254.9 75.2 254.4
  75.5 254.0 75.9 253.5 76.2 253.0 76.5 252.3 76.8 251.7 77.2 251.0 77.5 250.3
  77.8 249.5 78.0 248.7 78.3 247.6 78.7 246.5 79.0 245.3 79.3 244.1 79.6 242.9
  79.9 241.6 80.2 240.3 80.5 238.7 80.9 237.1 81.3 235.4 81.6 233.6 81.9 231.6
  82.2 229.5 82.6 227.4 82.9 225.2 83.3 222.8 83.6 220.3 83.9 217.7 84.2 214.9
  84.5 212.4 84.9 209.8 85.2 206.8 85.5 203.3 85.8 199.4 86.0 194.9 86.5 190.7
  86.8 185.3 87.2 178.4 87.5 169.6 87.6 158.8 87.7 146.1 87.8 132.2 87.7 117.8
  87.5 104.2 87.3  93.0 86.9  84.3 86.5  77.6 86.0  77.2 85.5  76.8 85.2  76.3
  84.8  75.8 84.5  75.3 84.1  74.8 83.7  74.2 83.5  73.6 83.3  73.0 83.1  72.4
  82.9  71.9 82.7  71.4 82.5  70.9 82.4  70.5 82.3  70.1 82.2  69.7 82.2  69.3
  82.2  69.0 82.2  68.8 82.2  68.5 82.3  68.3 82.4  68.1 82.4  67.9 82.5  67.7
  82.5  67.5 82.5  67.3 82.5  67.1 82.5  67.0 82.4  66.8 82.4  66.6 82.3  66.5
  82.3  66.3 82.2  66.2 82.1  66.1 82.0  65.9 81.9  65.7 81.8  65.5 81.6  65.3
  81.5  65.1 81.3  64.9 81.1  64.6 80.9  64.4 80.7  64.1 80.5  63.9 80.2  63.6
  79.9  63.4 79.7  63.1 79.4  62.9 79.2  62.6 79.1  62.4 78.9  62.2 78.7  61.9
  78.6  61.7 78.4  61.5 78.3  61.3 78.1  61.1 78.0  60.9 77.9  60.7 77.8  60.5
  77.8  60.3 77.7  60.1 77.6  59.9 77.5  59.7 77.4  59.5 77.3  59.3 77.2  59.1
  77.1  59.0 77.0  58.8 76.9  58.6 76.8  58.4 76.7  58.2 76.6  58.0 76.6  57.8
  76.5  57.7 76.4  57.5 76.3  57.3 76.2  57.2 76.2  57.0 76.1  56.9 76.0  56.7
  75.9  56.6 75.8  56.4 75.7  56.3 75.6  56.2 75.5  56.0 75.3  55.9 75.1  55.8
  74.9  55.6 74.6  55.5 74.4  55.4 74.1  55.2 73.8  55.1 73.6  55.0 73.3  54.8
  73.0  54.7 72.7  54.6 72.4  54.5 72.1  54.3 71.8  54.2 71.5  54.2 71.2  54.1
  70.9  54.1 70.6  54.0 70.3  53.9
   8 10 84  0.0
  72.5 321.4 72.4 321.4 72.3 321.4 72.2 321.3 72.1 321.3 72.0 321.2 71.9 321.2
  71.7 321.2 71.6 321.1 71.5 321.0 71.3 320.8 71.1 320.6 70.9 320.4 70.6 320.2
  70.4 320.1 70.1 319.9 70.0 319.8 69.8 319.7 69.7 319.5 69.6 319.3 69.5 319.1
  69.4 318.8 69.4 318.6 69.3 318.2 69.4 317.9 69.4 317.5 69.4 317.1 69.5 316.8
  69.5 316.6 69.6 316.4 69.6 316.2 69.7 316.0 69.6 315.8 69.6 315.7 69.6 315.6
  69.6 315.5 69.5 315.5 69.5 315.4 69.5 315.4 69.4 315.4 69.4 315.3 69.4 315.4
  69.3 315.4 69.3 315.4 69.3 315.5 69.3 315.5 69.2 315.6 69.2 315.7 69.2 315.8
  69.2 316.0 69.1 316.2 69.1 316.4 69.0 316.8 68.9 317.1 68.8 317.6 68.7 318.1
  68.5 318.6 68.3 319.2 68.1 319.9 67.8 320.6 67.5 321.5 67.1 322.5 66.7 323.3
  66.3 324.1 65.7 324.8 65.1 325.1 64.3 325.4 63.5 325.6 62.7 325.2 61.8 324.9
  61.0 324.3 60.1 323.8 59.4 323.5 58.8 322.5 58.1 321.5 57.4 320.5 56.8 319.3
  56.2 318.1 55.7 317.0 55.1 315.9 54.6 314.8 54.1 313.7 53.6 312.7 53.1 311.7
  52.9 310.6 52.6 309.5 52.4 308.4 52.2 307.1 52.0 305.8 51.9 304.4 51.7 303.0
  51.7 301.6 51.6 300.1 51.5 298.6 51.8 297.1 52.0 295.6 52.4 294.2 52.8 292.8
  53.2 291.3 53.5 289.8 53.9 288.1 54.3 286.5 54.8 284.9 55.3 283.3 55.9 281.8
  56.6 280.4 57.3 279.0 57.9 277.6 58.5 276.3 59.1 274.8 59.7 273.3 60.3 271.7
  60.9 270.1 61.6 268.5 62.2 266.8 62.9 265.2 63.5 263.6 64.0 261.8 64.6 260.1
  65.2 258.3 65.6 256.3 66.0 254.2 66.5 252.4 67.0 250.4 67.4 248.3 67.9 246.2
  68.3 244.0 68.8 242.1 69.1 240.0 69.4 237.8 69.6 235.6 69.8 233.4 69.9 231.2
  70.0 229.0 70.1 227.2 70.1 225.4 70.1 223.7 70.0 221.9 70.0 220.2 69.9 218.1
  69.8 216.1 69.7 214.1 69.5 212.2 69.3 210.4 68.9 208.7 68.6 207.2 68.1 205.7
  67.6 204.4 67.1 202.8 66.5 201.3 65.9 199.8 65.4 198.3 64.8 196.8 64.2 195.3
  63.7 194.0 63.1 192.6 62.5 191.2 62.1 189.9 61.6 188.7 61.1 187.5 60.8 186.4
  60.4 185.3 60.0 184.3 59.5 183.3 59.4 182.3 59.3 181.3 59.1 180.3 58.9 179.3
  59.0 178.3 59.1 177.4 59.2 176.5 59.4 175.8 59.6 175.0 59.8 174.3 60.1 173.6
  60.5 173.5 60.9 173.4 61.3 173.4 61.7 173.4 62.1 173.4 62.5 173.8 62.9 174.3
  63.2 174.8 63.6 175.4 63.9 176.1 63.9 176.8 64.0 177.5 64.0 178.2 64.1 178.6
  64.1 178.9 64.2 179.3 64.2 179.6 64.2 179.8 64.2 180.1 63.8 180.2 63.5 180.7
  63.2 181.1 62.8 181.4 62.3 181.6 61.9 181.7 61.4 182.0 60.9 182.2 60.3 182.3
  59.6 182.5 58.9 182.7 58.2 182.8 57.4 182.9 56.5 182.7 55.6 182.5 54.7 182.1
  53.7 181.7 52.8 181.0 51.9 180.4 51.0 179.6 50.2 178.8 49.5 178.1 48.8 177.1
  48.1 176.1 47.5 175.1 47.1 173.9 46.8 172.7 46.5 171.5 46.4 170.2 46.3 169.0
  46.2 167.8 46.2 166.5 46.1 165.2 46.1 163.9 46.2 162.6 46.2 161.2 46.3 159.9
  46.4 158.6 46.6 157.3 46.7 156.2 46.8 155.0 47.1 154.0 47.3 153.0 47.6 152.1
  47.8 151.3 48.2 150.5 48.5 149.6
   8 11 84  0.0
  72.5 321.4 72.6 322.3 72.8 323.3 72.8 324.2 72.9 325.1 72.9 326.0 72.9 326.8
  72.9 327.5 72.8 328.1 72.6 328.5 72.3 328.9 72.1 329.1 71.7 329.2 71.3 330.0
  71.0 330.8 70.6 331.5 70.2 332.0 69.7 332.5 69.1 333.0 68.6 333.3 68.0 333.5
  67.4 333.3 66.8 333.0 66.2 332.6 65.5 332.2 64.9 331.3 64.3 330.5 63.7 329.6
  63.1 328.3 62.5 327.0 61.8 325.8 61.2 324.1 60.5 322.5 59.6 321.0 58.8 319.1
  57.9 317.3 57.0 315.4 56.4 313.4 55.7 311.5 55.5 309.7 55.2 308.0 55.3 306.3
  55.3 304.6 55.2 302.9 55.4 301.2 55.6 299.6 56.0 298.1 56.3 296.6 56.8 295.5
  57.4 294.3 58.0 293.2 58.6 292.2 59.2 291.2 59.8 290.2 60.3 289.2 60.8 288.3
  61.3 287.4 61.7 286.5 62.2 285.6 62.7 285.0 63.1 284.4 63.6 283.9 64.0 283.3
  64.4 282.8 64.8 282.4 65.3 282.1 65.7 281.9 66.1 281.6 66.5 281.5 66.9 281.3
  67.2 281.2 67.6 281.1 67.9 281.1 68.3 281.1 68.6 280.8 68.9 280.7 69.2 280.6
  69.5 280.6 69.8 280.7 70.1 280.9 70.3 281.1 70.6 281.4 70.9 281.8 71.2 282.2
  71.4 282.8 71.7 283.5 71.9 284.2 72.1 284.9 72.3 285.6 72.5 286.3 72.6 287.0
  72.8 287.8 72.9 288.6 72.9 289.5 73.0 290.3 73.0 291.2 73.0 292.1 73.0 293.0
  72.9 293.8 72.9 294.6 72.9 295.5 72.8 296.3 72.7 297.2 72.6 298.0 72.5 298.9
  72.3 299.8 72.2 300.7 72.0 301.6 71.8 302.3 71.6 303.1 71.4 304.0 71.2 304.9
  70.9 305.8 70.6 306.7 70.3 307.7 70.0 308.6 69.6 309.4 69.1 310.3 68.7 311.2
  68.2 312.0 67.4 312.8 66.7 313.4 66.0 314.0 65.3 314.0 64.6 314.2 64.0 314.3
  63.3 313.9 62.6 313.5 62.0 313.3 61.3 312.5 60.6 311.8 59.9 311.2 59.1 310.0
  58.4 308.9 57.6 307.8 57.0 306.0 56.4 304.2 55.9 302.4 55.5 300.3 55.2 298.1
  55.1 295.9 55.1 293.6 55.2 291.3 55.5 288.9 55.7 286.4 56.1 283.9 56.6 281.6
  57.2 279.3 57.9 277.0 58.6 274.8 59.4 272.9 60.2 270.8 61.0 268.9 61.8 266.8
  62.5 264.6 63.2 262.4 64.0 260.2 64.9 258.4 65.7 256.5 66.5 254.4 67.3 252.6
  68.0 250.6 68.6 248.4 69.2 246.3 69.8 244.0 70.3 241.5 70.8 239.5 71.3 237.3
  71.7 234.9 72.1 232.3 72.4 230.5 72.7 228.6 73.0 226.7 73.2 224.7 73.5 222.6
  73.7 220.5 73.8 218.4 74.0 216.3 74.2 215.5 74.4 214.7 74.6 213.9 74.9 213.1
  75.1 212.4 75.3 211.6 75.6 210.8 75.8 209.9 76.0 209.1 76.3 209.0 76.6 208.9
  76.9 208.9 77.2 208.8 77.4 208.8 77.7 208.7 78.0 208.7 78.3 209.6 78.6 210.6
  78.9 211.9 79.1 213.3 79.3 215.0 79.5 216.7 79.6 218.6 79.7 220.5 79.8 222.5
  79.9 224.6 79.9 226.6 80.0 228.7 80.0 230.6 80.0 232.3 80.0 233.8 80.0 235.1
  80.0 236.2 79.9 237.1 79.8 237.8 79.7 238.3 79.6 238.7 79.4 239.1 79.3 239.3
  79.1 239.4 78.9 239.5 78.7 239.6 78.5 239.8 78.3 240.0 78.1 240.2 77.8 240.4
  77.7 240.1 77.5 239.9 77.4 239.8 77.2 239.7 77.1 239.6 77.0 239.6 76.9 239.6
  76.8 239.6 76.7 239.7 76.6 239.7 76.5 239.8 76.4 239.9 76.3 240.0 76.2 240.1
  76.1 240.2 75.9 240.4 75.7 240.2
   8 12 84  0.0
  72.5 321.4 72.4 322.1 72.2 322.8 72.1 323.6 72.1 324.4 72.0 325.2 71.9 325.5
  71.8 325.8 71.8 326.0 71.8 326.1 71.8 326.2 71.8 326.3 71.8 326.3 71.9 326.2
  72.0 326.2 72.0 326.3 72.1 327.3 72.2 328.3 72.3 329.4 72.3 330.6 72.4 331.9
  72.4 333.2 72.3 334.6 72.2 336.0 71.8 337.5 71.4 339.1 71.0 340.5 70.3 341.6
  69.5 342.5 68.8 342.7 67.9 342.8 67.0 342.4 66.0 342.0 65.0 341.0 63.9 340.1
  62.9 338.7 61.8 337.4 60.7 335.9 60.0 334.3 59.3 332.5 58.7 330.6 58.6 328.6
  58.4 326.6 58.5 324.6 58.5 322.6 58.4 320.6 58.3 318.6 58.0 316.7 57.7 314.8
  57.4 313.1 57.1 311.3 57.0 309.6 56.9 308.0 57.2 306.4 57.4 304.8 57.7 303.3
  58.2 301.8 58.8 300.4 59.3 299.0 59.8 297.6 60.3 296.2 60.8 294.8 61.2 293.5
  61.5 292.1 61.9 290.8 62.1 289.5 62.4 288.3 62.7 287.1 62.9 285.8 63.1 284.6
  63.3 283.4 63.5 282.1 63.6 280.8 63.8 279.4 63.8 278.1 63.9 276.7 63.9 275.3
  63.9 273.9 63.9 272.5 64.0 271.1 64.1 269.6 64.2 268.4 64.4 267.2 64.6 266.0
  64.8 264.7 65.0 263.4 65.3 262.0 65.5 260.6 65.8 259.1 66.0 257.6 66.2 256.3
  66.5 254.8 66.6 253.2 66.7 251.6 66.7 249.9 66.7 248.1 66.7 246.3 66.8 244.4
  66.8 242.5 66.9 240.6 66.9 238.7 67.0 236.9 67.1 235.0 67.2 233.2 67.3 231.3
  67.4 229.5 67.5 227.8 67.7 226.1 67.9 224.5 68.1 222.9 68.3 221.6 68.5 220.3
  68.7 219.1 69.0 217.8 69.2 216.6 69.5 215.4 69.8 214.3 70.0 213.1 70.3 211.8
  70.5 210.5 70.8 209.2 71.1 207.8 71.3 206.3 71.5 204.9 71.7 203.5 71.9 202.0
  72.0 200.6 72.2 199.1 72.3 197.6 72.4 196.1 72.5 194.6 72.6 193.1 72.7 191.6
  72.7 190.1 72.8 188.6 72.8 187.2 72.8 185.7 72.8 184.3 72.8 182.8 72.8 181.4
  72.8 180.0 72.8 178.5 72.8 177.1 72.8 175.6 72.8 174.2 72.7 172.7 72.7 171.3
  72.6 169.9 72.6 168.5 72.5 167.2 72.4 165.9 72.4 164.5 72.3 163.2 72.2 161.9
  72.1 160.5 72.0 159.2 71.8 157.9 71.7 156.5 71.6 155.3 71.4 154.1 71.2 153.0
  71.0 152.0 70.7 151.0 70.5 150.1 70.2 149.2 69.9 148.4 69.7 147.6 69.4 146.7
  69.1 145.9 68.9 145.0 68.6 144.3 68.2 143.6 67.9 143.0 67.5 142.4 67.2 141.7
  66.8 141.1 66.4 140.5 66.1 139.9 65.7 139.2 65.3 138.5 64.9 137.6 64.5 136.8
  64.2 135.9 63.8 135.1 63.5 134.3 63.1 133.5 62.8 132.6 62.5 131.6 62.3 130.6
  62.0 129.6 61.8 128.6 61.6 127.7 61.4 126.7 61.3 125.7 61.2 124.7 61.1 123.6
  61.1 122.6 61.1 121.5 61.2 120.4 61.2 119.3 61.3 118.1 61.5 117.0 61.6 116.0
  61.8 114.9 61.9 113.9 62.1 113.0 62.3 112.1 62.6 111.2 62.8 110.4 63.0 109.5
  63.2 108.7 63.5 108.0 63.7 107.2 64.0 106.4 64.2 105.6 64.5 105.0 64.8 104.3
  65.1 103.6 65.5 102.9 65.8 102.2 66.1 101.5 66.5 101.1 66.8 100.7 67.2 100.2
  67.5  99.7 67.9  99.1 68.3  98.6 68.7  98.4 69.1  98.2 69.6  98.0 70.0  97.7
  70.5  97.8 71.0  97.9 71.4  97.9 71.9  97.9 72.3  97.9 72.7  98.3 73.1  98.6
  73.5  99.0 73.8  99.4 74.2  99.7
   8 13 84  0.0
  72.5 321.4 72.3 321.7 72.2 322.1 72.0 322.5 71.9 323.3 71.7 324.2 71.5 325.1
  71.2 326.1 71.0 327.2 70.7 328.4 70.3 329.7 69.9 330.9 69.4 332.4 68.7 333.8
  67.9 335.0 67.1 335.1 66.3 335.1 65.4 335.0 64.5 334.1 63.6 333.3 62.7 331.8
  62.1 330.3 61.4 329.0 60.7 327.2 60.3 325.4 59.8 323.7 59.5 321.6 59.2 319.5
  58.9 317.5 58.5 315.4 58.1 313.3 57.6 311.2 57.3 308.8 56.9 306.3 56.8 304.0
  56.9 301.7 57.1 299.6 57.5 297.6 57.9 295.8 58.5 294.1 59.0 292.8 59.6 291.6
  60.2 290.4 60.9 289.6 61.5 288.9 62.2 288.1 62.8 287.7 63.5 287.3 64.1 286.9
  64.8 286.6 65.3 286.4 65.8 286.1 66.3 285.8 66.7 285.5 67.1 285.2 67.5 284.9
  67.8 284.6 68.1 284.3 68.4 283.7 68.7 283.2 69.0 282.5 69.3 281.9 69.5 281.3
  69.8 280.6 70.0 280.0 70.3 279.4 70.6 278.7 70.8 278.1 71.1 277.5 71.3 277.0
  71.6 276.4 71.8 276.0 72.0 275.5 72.3 275.0 72.5 274.5 72.7 274.1 72.9 273.6
  73.1 273.1 73.3 272.7 73.5 272.2 73.6 271.8 73.7 271.3 73.9 270.9 74.0 270.5
  74.1 270.0 74.2 269.5 74.3 269.0 74.4 268.4 74.4 267.9 74.5 267.4 74.6 267.0
  74.7 266.5 74.7 266.0 74.8 265.6 74.9 265.2 74.9 264.8 75.0 264.4 75.1 264.0
  75.1 263.7 75.2 263.3 75.2 262.9 75.2 262.5 75.2 262.1 75.2 261.6 75.3 261.2
  75.3 260.8 75.3 260.3 75.3 259.9 75.3 259.4 75.3 259.0 75.3 258.5 75.3 258.1
  75.3 257.7 75.2 257.3 75.2 256.9 75.2 256.5 75.2 256.2 75.2 255.9 75.1 255.7
  75.1 255.4 75.0 255.2 74.9 255.1 74.9 254.9 74.8 254.7 74.8 254.5 74.8 254.4
  74.7 254.2 74.7 253.9 74.6 253.7 74.6 253.5 74.6 253.2 74.6 253.0 74.6 252.7
  74.6 252.5 74.5 252.2 74.6 251.8 74.5 251.4 74.4 251.0 74.4 250.6 74.3 250.1
  74.3 249.6 74.2 249.1 74.2 248.6 74.1 248.0 74.1 247.5 74.0 246.9 73.9 246.2
  73.9 245.5 73.8 244.7 73.8 244.0 73.7 243.2 73.6 242.5 73.5 241.7 73.5 240.9
  73.4 240.2 73.3 239.5 73.2 238.7 73.1 238.0 73.0 237.3 72.9 236.6 72.9 235.9
  72.8 235.2 72.7 234.6 72.7 234.0 72.6 233.4 72.6 232.8 72.5 232.2 72.5 231.6
  72.4 231.1 72.3 230.6 72.3 230.2 72.2 229.7 72.2 229.3 72.1 228.9 72.1 228.6
  72.1 228.2 72.0 227.9 72.0 227.6 72.0 226.9 71.9 226.3 71.9 225.7 71.9 225.1
  71.9 224.5 71.9 224.0 71.9 223.4 71.9 222.9 71.9 222.4 71.9 221.9 71.9 221.4
  71.9 220.9 71.9 220.4 71.9 220.0 72.0 219.5 72.0 219.1 72.0 218.6 72.1 218.6
  72.1 218.5 72.1 218.4 72.1 218.3 72.1 218.1 72.1 217.9 72.1 217.6 72.1 217.4
  72.1 217.1 72.1 216.8 72.0 216.5 72.0 216.1 72.0 215.6 72.0 214.3 71.9 213.1
  71.9 211.9 71.9 210.7 71.8 209.5 71.7 208.3 71.6 207.2 71.5 206.2 71.3 205.2
  71.2 204.3 70.9 203.4 70.7 202.7 70.4 202.0 70.1 201.3 69.7 200.7 69.3 199.6
  69.0 198.7 68.6 197.8 68.1 197.1 67.6 196.4 67.0 195.2 66.4 194.1 65.8 193.2
  65.2 191.9 64.8 190.8 64.3 189.8 63.8 188.9 63.2 187.8 62.8 186.8 62.4 185.9
  62.0 185.1 61.5 184.1 60.9 183.1
   8 14 84  0.0
  72.5 321.4 72.5 321.1 72.4 320.8 72.4 320.6 72.4 320.4 72.4 320.2 72.4 320.0
  72.3 319.9 72.3 319.8 72.3 319.7 72.4 319.7 72.4 319.7 72.4 319.7 72.4 319.8
  72.4 320.0 72.4 320.1 72.3 320.2 72.3 320.4 72.2 320.6 72.1 320.8 72.1 321.1
  72.0 321.3 71.9 321.8 71.8 322.3 71.7 322.9 71.6 323.6 71.5 324.4 71.3 325.2
  71.1 326.2 70.9 327.2 70.7 328.3 70.4 329.5 70.0 330.7 69.6 332.1 69.0 333.5
  68.2 334.7 67.4 335.9 66.5 336.1 65.3 336.1 64.0 335.5 63.0 334.8 61.9 333.3
  60.9 331.4 60.1 329.5 59.4 327.7 59.0 325.5 58.6 323.4 58.3 321.3 58.1 319.3
  57.9 317.3 57.7 315.0 57.6 312.7 57.4 310.4 57.2 308.0 57.0 305.7 56.9 303.5
  57.1 301.4 57.3 299.4 57.7 297.6 58.2 295.8 58.9 294.4 59.6 293.0 60.3 291.8
  61.0 290.8 61.7 289.8 62.4 288.9 63.1 288.3 63.8 287.6 64.4 287.0 65.1 286.5
  65.6 286.0 66.2 285.5 66.7 285.0 67.2 284.6 67.6 284.0 68.0 283.5 68.5 282.9
  68.9 282.2 69.2 281.5 69.6 280.7 69.9 279.9 70.2 279.1 70.6 278.2 70.9 277.3
  71.3 276.3 71.6 275.3 71.9 274.3 72.1 273.3 72.4 272.5 72.7 271.7 73.0 270.9
  73.3 270.1 73.6 269.3 73.8 268.4 74.0 267.6 74.2 266.7 74.4 265.9 74.6 265.0
  74.8 264.0 74.9 263.0 75.0 262.0 75.1 260.9 75.2 259.7 75.2 258.4 75.3 257.1
  75.3 255.7 75.3 254.3 75.3 252.7 75.4 251.1 75.4 249.4 75.4 247.6 75.4 245.7
  75.5 243.7 75.5 241.7 75.5 239.7 75.5 237.6 75.5 235.5 75.5 233.4 75.6 231.3
  75.6 229.1 75.7 227.0 75.7 224.9 75.8 222.8 75.8 220.9 75.9 218.9 76.0 217.1
  76.0 215.3 76.1 214.0 76.2 212.7 76.3 211.4 76.4 210.1 76.6 208.8 76.7 207.4
  76.9 206.0 77.0 204.6 77.2 203.2 77.4 201.8 77.7 200.2 77.9 198.6 78.1 196.9
  78.4 195.1 78.7 193.2 78.9 191.1 79.2 188.8 79.4 186.4 79.6 183.9 79.7 181.2
  79.8 178.5 80.0 175.6 80.0 172.7 80.2 169.6 80.2 166.5 80.3 163.3 80.3 160.1
  80.3 156.9 80.3 153.8 80.2 150.7 80.1 147.6 80.0 144.6 79.9 141.7 79.9 138.6
  79.9 135.5 79.8 132.4 79.8 129.4 79.7 126.4 79.7 123.4 79.6 120.5 79.6 117.5
  79.5 114.7 79.4 111.8 79.3 109.1 79.3 106.5 79.2 104.0 79.2 101.5 79.1  99.0
  79.1  96.6 79.0  94.2 79.0  91.7 78.9  89.2 78.9  86.5 78.8  83.8 78.7  80.8
  78.7  77.9 78.6  77.3 78.6  76.7 78.6  76.2 78.6  75.6 78.6  75.1 78.7  74.6
  78.7  74.1 78.8  73.6 78.9  73.2 79.1  72.7 79.2  72.3 79.4  71.8 79.5  71.4
  79.6  70.9 79.7  70.5 79.8  70.0 79.9  69.6 80.1  69.1 80.2  68.6 80.4  68.0
  80.5  67.5 80.7  67.0 80.8  66.4 81.0  65.9 81.1  65.4 81.3  64.9 81.5  64.3
  81.6  63.8 81.8  63.3 81.9  62.8 82.0  62.2 82.2  61.7 82.4  61.1 82.6  60.6
  82.7  60.0 82.9  59.4 83.0  58.9 83.2  58.3 83.4  57.8 83.6  57.2 83.8  56.6
  84.0  56.1 84.2  55.5 84.4  55.0 84.6  54.4 84.8  53.9 85.0  53.3 85.2  52.8
  85.4  52.3 85.6  51.8 85.8  51.3 85.9  50.8 86.1  50.3 86.3  49.9 86.6  49.6
  86.8  49.3 87.0  49.0 87.2  48.7
   8 15 84  0.0
  72.5 321.4 72.4 320.5 72.2 319.6 72.1 318.7 71.9 317.9 71.7 316.8 71.5 315.7
  71.3 314.7 71.1 313.8 70.8 312.9 70.6 311.9 70.4 311.1 70.2 310.2 70.0 309.3
  69.8 308.4 69.7 307.4 69.6 306.5 69.6 305.5 69.5 304.6 69.5 303.7 69.5 302.9
  69.6 302.1 69.6 301.2 69.7 300.5 69.8 299.7 69.8 298.9 69.9 298.2 69.9 297.4
  70.0 296.7 70.0 296.1 70.1 295.4 70.2 294.7 70.2 294.1 70.3 293.5 70.4 292.9
  70.5 292.4 70.6 291.9 70.8 291.4 70.9 290.9 71.0 290.3 71.1 289.7 71.2 289.0
  71.4 288.2 71.5 287.4 71.6 286.5 71.6 285.6 71.7 284.6 71.8 283.7 71.9 282.7
  71.9 281.7 72.0 280.7 72.1 279.4 72.1 278.1 72.1 276.9 72.2 275.7 72.2 274.6
  72.3 273.6 72.3 272.7 72.4 271.9 72.5 271.2 72.6 270.6 72.7 270.0 72.9 269.5
  73.0 269.0 73.2 268.6 73.3 268.1 73.5 267.6 73.7 267.2 73.9 266.7 74.1 266.3
  74.3 265.5 74.5 264.7 74.7 263.9 74.9 263.2 75.0 262.4 75.2 261.7 75.4 261.1
  75.5 260.4 75.6 259.8 75.7 259.2 75.8 258.6 75.8 258.1 75.9 257.5 75.9 257.0
  75.9 256.5 75.9 256.0 75.9 255.5 75.8 254.9 75.7 254.4 75.6 253.8 75.5 253.1
  75.3 252.5 75.2 251.8 75.0 251.2 74.7 250.5 74.5 249.7 74.2 249.0 74.0 248.2
  73.7 247.5 73.4 246.7 73.2 245.8 72.9 244.8 72.7 243.7 72.4 242.6 72.0 241.5
  71.7 240.3 71.5 239.5 71.2 238.5 71.0 237.5 70.7 236.4 70.5 235.3 70.3 234.1
  70.0 233.0 69.8 231.8 69.6 231.0 69.4 230.0 69.2 229.1 69.0 228.2 68.8 227.3
  68.6 226.3 68.4 225.4 68.2 224.5 68.0 223.6 67.7 222.9 67.5 222.3 67.4 221.6
  67.2 221.0 67.0 220.3 66.8 219.7 66.5 219.1 66.2 218.4 65.9 217.8 65.7 217.3
  65.4 216.8 65.2 216.3 65.0 215.7 64.7 215.1 64.5 214.5 64.2 213.8 64.0 213.1
  63.8 212.3 63.7 211.9 63.5 211.4 63.3 210.9 63.2 210.4 63.0 209.8 62.9 209.3
  62.8 208.7 62.7 208.0 62.6 207.4 62.5 206.7 62.4 206.0 62.4 205.2 62.3 204.4
  62.3 203.7 62.3 202.8 62.3 202.0 62.3 201.2 62.4 200.3 62.4 199.4 62.5 198.5
  62.5 197.6 62.5 196.7 62.6 195.7 62.5 194.7 62.4 193.7 62.4 192.6 62.3 191.4
  62.1 190.2 61.9 188.9 61.8 187.7 61.6 186.5 61.4 185.3 61.2 184.0 61.0 182.6
  60.8 181.2 60.6 179.8 60.3 178.3 60.1 176.8 59.8 175.3 59.7 173.9 59.6 172.6
  59.4 171.3 59.3 170.0 59.1 168.7 58.9 167.4 58.7 166.1 58.6 164.9 58.4 163.6
  58.2 162.4 58.0 161.1 57.9 159.7 57.8 158.7 57.7 157.5 57.6 156.3 57.4 155.1
  57.3 153.9 57.2 152.7 57.1 151.4 57.0 150.2 56.9 148.9 56.9 147.5 56.8 146.1
  56.7 144.7 56.7 143.2 56.6 141.8 56.5 140.3 56.4 138.9 56.2 137.5 56.1 136.2
  55.9 134.9 55.8 133.7 55.6 132.6 55.5 131.5 55.4 130.4 55.3 129.3 55.2 128.2
  55.1 127.2 55.1 126.3 55.0 125.4 54.9 124.6 54.8 123.8 54.8 123.1 54.7 122.5
  54.6 121.8 54.6 121.2 54.6 120.7 54.5 120.1 54.5 119.6 54.5 119.1 54.4 118.6
  54.4 118.1 54.3 117.7 54.3 117.2 54.3 116.8 54.2 116.4 54.2 116.0 54.2 115.6
  54.2 115.2 54.2 114.8 54.3 114.5
   8 16 84  0.0
  72.5 321.4 72.3 319.7 72.2 318.1 72.0 316.5 71.8 315.0 71.5 313.6 71.3 312.1
  71.1 310.7 70.8 309.2 70.6 307.8 70.3 306.3 70.1 304.8 69.9 303.2 69.8 301.2
  69.6 299.0 69.4 296.9 69.2 294.6 69.0 292.4 68.8 290.1 68.5 287.7 68.1 285.4
  67.8 283.0 67.5 280.4 67.2 277.9 66.8 275.3 66.5 272.9 66.1 270.5 65.8 268.3
  65.6 266.4 65.4 264.5 65.2 262.8 65.1 261.2 64.9 259.6 64.9 258.1 64.8 256.6
  64.7 255.2 64.8 253.8 64.7 252.5 64.7 251.1 64.7 249.8 64.8 248.5 64.8 247.3
  64.9 246.1 65.0 245.0 65.1 244.0 65.2 243.0 65.4 242.1 65.5 241.2 65.7 240.4
  65.8 239.7 66.1 238.9 66.4 238.4 66.7 237.9 67.0 237.4 67.2 237.0 67.5 236.6
  67.8 236.3 68.0 235.9 68.4 235.9 68.8 235.9 69.3 235.9 69.7 236.1 70.0 236.2
  70.3 236.3 70.6 236.5 70.9 236.6 71.2 236.8 71.5 237.0 71.8 237.3 72.1 237.6
  72.4 237.6 72.7 237.7 73.0 237.9 73.3 238.2 73.6 238.5 73.8 238.9 74.1 239.4
  74.4 239.3 74.7 239.4 74.9 239.5 75.2 239.8 75.4 240.1 75.6 240.4 75.8 240.9
  76.0 241.4 76.3 241.3 76.5 241.3 76.7 241.2 76.9 241.2 77.1 241.2 77.3 241.2
  77.5 241.3 77.6 241.3 77.8 241.3 77.9 241.4 78.1 241.4 78.2 241.2 78.3 241.1
  78.4 241.0 78.5 240.9 78.6 240.9 78.6 240.9 78.6 241.0 78.6 241.0 78.6 241.1
  78.5 241.3 78.4 241.5 78.3 241.6 78.1 241.8 78.0 242.0 77.8 242.2 77.6 242.3
  77.3 242.3 77.1 242.3 76.8 242.2 76.5 242.1 76.1 242.0 75.8 241.9 75.5 241.4
  75.1 240.8 74.8 240.3 74.4 239.6 74.0 239.0 73.6 238.3 73.3 237.4 73.0 236.4
  72.6 235.4 72.3 234.4 72.0 233.3 71.7 232.3 71.4 231.2 71.2 230.1 70.9 229.1
  70.7 228.0 70.4 226.9 70.2 225.9 70.0 224.9 69.8 223.9 69.6 222.9 69.4 222.0
  69.2 221.0 69.0 220.1 68.8 219.2 68.7 218.3 68.5 217.4 68.3 216.6 68.0 215.7
  67.8 214.9 67.6 214.1 67.4 213.2 67.1 212.4 66.8 211.5 66.6 210.7 66.4 209.9
  66.1 209.1 65.8 208.3 65.5 207.3 65.5 206.2 65.4 205.1 65.3 203.9 65.3 202.7
  65.3 201.3 65.3 199.9 65.4 198.4 65.4 196.8 65.4 195.2 65.6 193.5 65.7 191.7
  66.0 189.9 66.3 188.1 66.5 186.9 66.9 185.6 67.1 184.4 67.4 183.2 67.6 182.0
  67.8 180.8 68.0 179.6 68.1 178.5 68.1 178.2 68.2 177.9 68.3 177.6 68.3 177.4
  68.3 177.1 68.3 176.9 68.2 176.8 68.2 176.6 68.1 176.5 68.0 176.4 67.9 176.4
  67.8 175.2 67.7 174.0 67.6 172.8 67.5 171.7 67.5 170.6 67.5 169.7 67.4 168.8
  67.3 168.1 67.1 167.5 67.0 166.9 66.9 166.5 66.7 166.1 66.5 165.9 66.3 165.7
  66.0 165.6 65.8 165.6 65.5 164.4 65.2 163.2 65.0 162.1 64.8 161.1 64.5 160.2
  64.2 159.3 63.8 158.5 63.5 157.1 63.1 155.6 62.8 154.2 62.5 152.8 62.2 151.5
  62.0 150.2 61.9 148.9 61.7 147.2 61.6 145.5 61.5 143.9 61.5 142.4 61.4 140.9
  61.3 139.5 61.3 138.1 61.3 136.8 61.3 135.6 61.3 134.4 61.3 133.3 61.4 132.1
  61.4 131.0 61.5 130.0 61.6 128.9 61.7 127.9 61.9 127.0 62.0 126.0 62.2 125.2
  62.4 124.4 62.6 123.6 62.8 122.8
   8 17 84  0.0
  72.5 321.4 72.3 319.4 72.1 317.4 71.8 315.5 71.6 313.2 71.2 310.9 70.9 308.7
  70.5 306.6 70.1 304.5 69.7 302.3 69.5 299.6 69.3 296.8 69.1 293.9 69.0 291.0
  69.0 288.3 68.9 285.7 68.8 283.2 68.9 280.8 69.0 278.5 69.2 276.2 69.5 273.9
  69.7 271.6 70.1 269.3 70.4 267.5 70.8 265.6 71.1 263.7 71.5 261.9 71.9 260.1
  72.3 258.4 72.8 257.0 73.2 255.5 73.6 253.9 74.0 252.4 74.4 250.8 74.7 249.5
  75.1 248.2 75.5 246.9 75.8 245.4 76.2 243.9 76.6 242.8 77.1 241.7 77.5 240.5
  78.0 239.4 78.4 238.3 78.9 237.6 79.5 237.0 80.0 236.4 80.7 236.3 81.4 236.2
  82.1 236.1 82.9 236.8 83.6 237.9 84.3 239.4 85.2 243.0 85.8 248.0 86.3 254.9
  86.9 265.6 87.1 279.3 87.2 294.7 86.9 308.6 86.4 319.4 85.8 327.1 85.2 332.0
  84.6 335.5 83.8 338.0 83.1 339.7 82.3 341.1 81.5 342.3 80.7 343.1 79.9 343.9
  79.2 344.5 78.4 345.1 77.6 345.7 76.8 346.3 76.1 346.8 75.3 347.3 74.6 347.9
  73.8 348.5 73.1 349.1 72.3 349.7 71.5 350.2 70.7 350.6 69.8 350.9 68.9 351.0
  67.9 351.0 66.9 350.8 65.8 350.6 64.7 350.2 63.6 349.8 62.6 349.1 61.7 348.4
  60.9 347.5 60.1 346.6 59.3 345.6 58.7 344.5 58.1 343.3 57.6 342.1 57.2 340.8
  56.8 339.4 56.4 337.9 56.0 336.3 55.7 334.4 55.3 332.7 54.8 330.8 54.4 328.7
  53.9 326.5 53.6 324.6 53.3 322.7 53.2 320.8 53.0 318.8 53.2 317.0 53.4 315.2
  53.7 313.5 54.0 311.9 54.2 310.4 54.4 308.6 54.6 306.9 54.7 305.2 54.8 303.5
  54.9 301.9 55.0 300.3 55.1 298.8 55.3 297.3 55.5 295.9 55.8 294.5 56.1 293.2
  56.5 291.9 56.9 290.6 57.4 289.4 57.9 288.3 58.5 287.2 59.0 286.0 59.6 285.0
  60.2 283.9 60.8 282.9 61.3 281.9 61.8 280.9 62.4 279.9 62.8 278.9 63.2 278.0
  63.7 277.1 64.2 276.1 64.7 275.2 65.1 274.2 65.5 273.2 65.9 272.2 66.4 271.2
  66.6 270.2 66.9 269.1 67.2 268.1 67.4 267.0 67.6 265.9 67.7 264.8 67.9 263.7
  68.0 262.6 68.1 261.5 68.3 260.5 68.5 259.4 68.5 258.4 68.6 257.4 68.7 256.5
  68.8 255.6 68.8 254.6 68.9 253.7 68.9 252.8 69.0 251.9 69.0 251.0 69.0 250.1
  69.1 249.2 69.1 248.3 69.2 247.4 69.2 246.4 69.2 245.5 69.3 244.5 69.4 243.5
  69.4 242.4 69.4 241.4 69.4 240.3 69.4 239.2 69.4 238.1 69.3 237.0 69.3 235.9
  69.2 234.9 69.1 233.8 69.1 232.8 69.0 231.7 68.9 230.7 68.9 229.6 68.8 228.6
  68.8 227.5 68.7 226.4 68.7 225.3 68.6 224.2 68.6 223.1 68.5 221.9 68.4 220.7
  68.3 219.5 68.1 218.3 67.9 217.1 67.8 216.2 67.6 215.2 67.4 214.2 67.3 213.2
  67.1 212.3 66.9 211.3 66.8 210.4 66.6 209.5 66.4 208.6 66.3 207.7 66.2 206.9
  66.1 206.0 66.0 205.2 65.9 204.6 65.9 204.0 65.8 203.4 65.8 202.8 65.8 202.3
  65.8 201.7 65.8 201.2 65.8 200.6 65.8 200.0 65.7 199.4 65.6 198.8 65.5 198.2
  65.5 197.5 65.5 196.9 65.5 196.2 65.5 195.6 65.5 194.9 65.5 194.3 65.5 193.6
  65.5 192.9 65.5 192.2 65.5 191.5 65.3 190.8 65.2 190.0 65.2 189.3 65.1 188.5
  65.1 187.7 64.9 186.8 64.8 186.0
   8 18 84  0.0
  72.5 321.4 72.7 319.9 72.8 318.4 73.0 317.0 73.1 315.6 73.2 314.3 73.2 313.0
  73.3 311.7 73.3 310.5 73.4 309.4 73.4 308.2 73.4 307.1 73.4 306.0 73.4 304.9
  73.5 303.8 73.5 302.7 73.5 301.5 73.5 300.2 73.5 298.9 73.5 297.6 73.5 296.3
  73.4 294.9 73.4 293.5 73.5 292.1 73.5 290.6 73.5 289.2 73.6 287.8 73.8 286.4
  73.9 285.1 74.0 283.7 74.3 283.0 74.5 282.4 74.7 281.8 74.9 281.2 75.2 280.6
  75.4 280.1 75.6 279.5 75.9 279.0 76.1 278.6 76.3 278.9 76.5 279.3 76.7 279.8
  76.9 280.5 76.9 281.3 76.8 282.3 76.8 283.3 76.7 284.5 76.5 285.6 76.3 286.8
  76.0 288.0 75.7 289.1 75.4 289.7 75.0 290.2 74.6 290.7 74.2 291.1 73.8 291.4
  73.3 290.8 72.9 290.2 72.4 289.6 71.9 289.0 71.4 287.3 70.9 285.6 70.4 284.1
  69.9 282.5 69.5 280.3 69.0 278.1 68.8 276.0 68.7 273.8 68.6 271.5 68.5 269.3
  68.5 267.1 68.5 264.9 68.5 262.8 68.6 260.7 68.7 258.7 69.1 256.7 69.4 254.8
  69.8 252.8 70.3 250.8 70.9 248.9 71.5 246.9 72.2 244.9 73.0 243.3 73.8 241.6
  74.7 239.8 75.7 238.7 76.7 237.4 77.8 237.2 78.7 237.0 79.7 238.1 80.6 239.4
  81.5 242.8 82.3 247.0 83.0 252.9 83.4 260.1 83.6 268.0 83.6 275.8 83.5 283.2
  83.4 289.9 83.2 296.1 82.9 301.8 82.5 307.1 82.0 311.7 81.5 315.8 81.1 318.9
  80.6 321.8 80.0 324.5 79.3 326.9 78.8 328.4 78.1 329.9 77.5 331.2 77.0 332.1
  76.4 332.8 75.8 333.5 75.3 334.3 74.8 335.1 74.3 335.7 73.8 336.3 73.3 337.2
  72.7 338.0 72.1 338.8 71.5 339.4 70.9 340.3 70.1 341.1 69.2 341.8 68.4 342.1
  67.3 342.4 66.3 342.2 65.1 342.0 64.0 341.1 62.8 340.3 61.7 338.9 60.5 337.2
  59.3 335.4 58.2 333.5 57.3 331.3 56.6 329.1 55.9 326.8 55.5 324.6 55.1 322.4
  55.0 320.3 54.8 318.2 54.8 316.2 54.8 314.1 54.8 312.1 54.8 310.0 54.7 308.0
  54.7 305.9 54.6 303.9 54.6 301.9 54.6 300.0 54.8 298.2 55.0 296.5 55.2 294.9
  55.5 293.4 55.9 292.0 56.4 290.6 56.9 289.4 57.5 288.2 58.1 287.1 58.7 286.1
  59.4 285.0 60.1 284.0 60.8 283.2 61.4 282.3 62.1 281.4 62.8 280.7 63.4 279.9
  64.0 279.1 64.6 278.3 65.2 277.5 65.8 276.7 66.3 275.9 66.8 275.1 67.2 274.2
  67.6 273.3 68.0 272.3 68.4 271.3 68.8 270.2 69.1 269.1 69.4 268.0 69.7 266.8
  70.0 265.7 70.3 264.6 70.6 263.5 70.9 262.5 71.1 261.4 71.4 260.4 71.6 259.3
  71.8 258.2 72.0 257.1 72.2 255.9 72.3 254.7 72.4 253.3 72.5 251.9 72.6 250.4
  72.7 248.8 72.8 247.0 72.8 245.2 72.9 243.3 72.8 241.3 72.8 239.3 72.8 237.2
  72.7 235.2 72.6 233.1 72.6 231.1 72.5 229.1 72.4 227.1 72.3 225.2 72.2 223.5
  72.0 221.8 71.8 220.3 71.6 218.8 71.4 217.5 71.1 216.2 70.8 214.9 70.5 213.7
  70.1 212.5 69.7 211.4 69.3 210.2 68.8 209.1 68.4 208.0 68.0 207.0 67.6 206.0
  67.2 204.8 66.9 203.7 66.6 202.5 66.3 201.4 66.0 200.3 65.8 199.2 65.6 198.0
  65.4 196.8 65.3 195.5 65.0 194.2 64.8 192.9 64.6 191.6 64.3 190.2 64.0 188.8
  63.7 187.2 63.4 185.6 63.1 183.8
   8 19 84  0.0
  72.5 321.4 72.4 320.6 72.3 319.8 72.2 318.9 72.1 318.0 72.0 317.1 71.9 316.2
  71.8 315.3 71.6 314.5 71.5 313.6 71.3 312.8 71.1 312.0 70.9 311.3 70.8 310.5
  70.6 309.8 70.5 309.1 70.4 308.4 70.2 307.7 70.2 307.0 70.1 306.3 70.0 305.6
  70.0 304.9 69.9 304.3 69.9 303.7 69.9 303.1 69.9 302.5 69.8 301.8 69.8 301.1
  69.8 300.3 69.8 299.5 69.8 298.6 69.8 297.7 69.7 296.8 69.7 295.8 69.7 294.8
  69.7 293.8 69.6 292.8 69.6 291.8 69.5 290.7 69.4 289.7 69.3 288.6 69.2 287.4
  69.1 286.2 68.9 285.1 68.8 283.9 68.7 282.7 68.6 281.4 68.5 280.2 68.4 279.0
  68.4 277.8 68.3 276.5 68.2 275.3 68.2 274.0 68.2 272.7 68.2 271.4 68.2 270.1
  68.2 268.8 68.2 267.5 68.3 266.2 68.3 264.9 68.4 263.6 68.5 262.4 68.5 261.1
  68.6 259.8 68.7 258.5 68.8 257.2 68.9 256.0 69.0 254.7 69.1 253.4 69.2 252.2
  69.3 251.0 69.5 249.8 69.6 248.6 69.8 247.4 69.9 246.2 70.1 245.0 70.3 243.8
  70.4 242.6 70.6 241.3 70.8 240.0 71.0 238.8 71.1 237.5 71.3 236.2 71.4 234.9
  71.6 233.6 71.8 232.3 71.9 231.0 72.1 229.6 72.2 228.5 72.3 227.4 72.5 226.3
  72.6 225.2 72.8 224.1 72.9 223.0 73.0 221.8 73.1 220.6 73.2 219.3 73.3 217.9
  73.3 216.5 73.4 215.1 73.4 213.6 73.3 212.2 73.3 210.8 73.1 209.4 73.0 208.1
  72.7 206.9 72.4 205.8 72.1 204.8 71.7 203.9 71.4 201.9 71.0 200.0 70.7 198.2
  70.3 196.3 69.9 194.6 69.4 192.4 68.9 190.2 68.4 188.2 67.8 186.3 67.3 184.1
  66.8 181.9 66.3 179.8 66.1 177.6 65.8 175.8 65.6 174.1 65.4 172.7 65.1 171.4
  65.0 170.3 64.9 169.2 64.8 168.3 64.7 167.4 64.7 166.6 64.8 165.9 64.9 165.2
  65.1 164.6 65.2 164.0 65.3 163.5 65.4 163.0 65.5 162.6 65.5 162.3 65.6 161.9
  65.6 161.7 65.6 161.5 65.6 161.3 65.6 161.1 65.5 161.0 65.4 160.9 65.3 160.8
  65.2 160.8 65.0 160.8 64.9 160.8 64.7 160.9 64.5 161.0 64.3 161.1 64.1 161.3
  63.8 161.5 63.6 161.8 63.4 162.2 63.1 162.7 62.9 163.1 62.6 163.5 62.3 163.9
  62.1 164.2 61.6 164.4 61.3 164.6 60.9 164.7 60.5 164.7 60.1 164.8 59.7 164.8
  59.3 164.5 58.9 164.3 58.4 164.0 58.0 163.7 57.7 163.5 57.3 163.1 57.0 162.7
  56.6 162.3 56.2 162.0 55.8 161.6 55.4 161.2 55.0 160.8 54.6 160.4 54.1 160.0
  54.0 159.6 53.8 158.8 53.7 158.0 53.5 157.1 53.3 156.3 53.1 155.4 53.1 154.4
  53.0 153.5 52.9 152.4 52.8 151.4 52.7 150.3 52.7 149.2 52.6 148.0 52.5 146.8
  52.5 145.5 52.5 144.1 52.6 142.8 52.7 141.5 52.8 140.2 52.9 138.9 53.0 137.7
  53.1 136.5 53.2 135.4 53.3 134.3 53.3 133.2 53.4 132.1 53.4 131.0 53.4 129.9
  53.5 128.7 53.5 127.6 53.6 126.5 53.7 125.5 53.8 124.5 53.9 123.5 54.0 122.6
  54.0 121.7 54.1 121.1 54.2 120.5 54.2 120.0 54.3 119.5 54.3 119.0 54.4 118.6
  54.4 118.2 54.5 117.8 54.5 117.4 54.6 117.1 54.7 116.8 54.7 116.5 54.8 116.2
  54.9 115.9 55.0 115.6 55.1 115.3 55.3 115.0 55.4 114.7 55.5 114.4 55.7 114.0
  55.8 113.7 56.0 113.3 56.2 113.0
   8 20 84  0.0
  72.5 321.4 72.5 321.3 72.5 321.2 72.5 321.1 72.5 321.0 72.4 320.9 72.4 320.8
  72.3 320.6 72.2 320.5 72.1 320.4 72.0 320.2 71.9 320.1 71.8 319.9 71.8 319.7
  71.7 319.5 71.7 319.2 71.6 318.9 71.6 318.5 71.5 318.0 71.5 317.5 71.4 317.0
  71.3 316.5 71.2 315.9 71.1 315.3 71.1 314.7 71.0 314.0 70.9 313.4 70.7 312.7
  70.6 312.0 70.4 311.4 70.3 310.7 70.2 310.1 70.0 309.4 69.9 308.8 69.7 308.3
  69.6 307.8 69.5 307.3 69.4 306.8 69.3 306.3 69.2 305.8 69.1 305.3 69.0 304.8
  68.9 304.3 68.8 303.8 68.8 303.2 68.8 302.7 68.7 302.2 68.7 301.6 68.7 301.1
  68.6 300.5 68.6 299.9 68.5 299.3 68.4 298.6 68.3 297.9 68.3 297.1 68.2 296.3
  68.1 295.4 68.0 294.6 67.9 293.7 67.8 292.9 67.7 292.1 67.6 291.4 67.4 290.5
  67.2 289.7 67.1 288.8 66.9 287.9 66.7 287.0 66.5 286.0 66.3 285.0 66.1 284.0
  65.9 282.9 65.7 282.0 65.5 281.1 65.4 280.2 65.2 279.2 65.1 278.2 65.0 277.1
  64.8 276.0 64.7 274.8 64.6 273.6 64.5 272.4 64.4 271.2 64.3 270.1 64.2 268.9
  64.1 267.7 64.1 266.6 64.0 265.4 64.0 264.3 63.9 263.2 63.9 262.0 63.9 260.9
  63.9 259.7 64.0 258.5 64.0 257.2 64.0 256.1 64.0 254.9 64.1 253.8 64.2 252.6
  64.3 251.4 64.4 250.3 64.5 249.1 64.6 248.0 64.7 246.9 64.8 245.8 64.9 244.7
  65.1 243.6 65.3 242.6 65.4 241.5 65.6 240.5 65.7 239.5 65.9 238.4 66.2 237.4
  66.4 236.2 66.6 235.0 66.9 233.8 67.1 232.6 67.3 231.3 67.6 230.0 67.8 228.6
  67.9 227.1 68.1 225.6 68.3 224.0 68.5 222.3 68.7 220.6 68.9 218.9 69.1 217.2
  69.2 215.4 69.2 213.5 69.3 211.6 69.2 209.7 69.1 207.7 68.9 205.6 68.7 203.5
  68.5 201.2 68.3 199.0 68.0 196.8 67.7 194.6 67.4 192.5 67.0 190.3 66.5 188.2
  66.0 186.1 65.5 184.0 65.0 182.0 64.5 180.0 64.1 178.0 63.7 176.1 63.3 174.6
  62.9 173.2 62.4 171.9 62.1 170.7 61.7 169.6 61.4 168.6 61.0 167.7 60.8 166.8
  60.6 166.0 60.4 165.2 60.1 164.4 59.9 163.6 59.9 163.0 59.8 162.3 59.7 161.7
  59.7 161.1 59.6 160.6 59.5 160.1 59.4 159.5 59.4 159.0 59.4 158.5 59.5 158.0
  59.5 157.5 59.5 157.0 59.5 156.5 59.5 156.0 59.6 155.5 59.7 154.9 59.8 154.4
  60.0 153.8 60.1 153.2 60.2 153.0 60.4 152.8 60.5 152.5 60.6 152.3 60.7 152.1
  60.8 151.8 61.1 151.5 61.3 151.2 61.5 150.8 61.7 150.4 61.9 150.0 62.0 149.5
  62.2 149.3 62.3 149.0 62.4 148.7 62.6 148.4 62.7 148.1 62.8 147.8 63.0 147.4
  63.2 147.0 63.4 146.6 63.6 146.2 63.8 145.7 64.0 145.3 64.2 145.1 64.5 144.9
  64.7 144.8 65.0 144.7 65.2 144.6 65.5 144.5 65.8 144.5 66.1 144.4 66.3 144.8
  66.6 145.3 66.8 145.9 67.0 146.5 67.2 147.1 67.3 147.9 67.4 148.7 67.3 149.7
  67.2 150.7 67.1 151.7 67.0 152.8 66.6 153.7 66.1 154.5 65.7 155.2 65.2 155.7
  64.7 156.2 64.0 156.7 63.2 156.7 62.4 156.8 61.5 156.9 60.5 156.6 59.5 156.3
  58.6 155.3 57.8 154.4 57.1 152.9 56.4 151.4 56.0 149.8 55.6 148.3 55.2 146.5
  55.1 144.7 54.9 143.1 54.8 141.5
   8 21 84  0.0
  72.5 321.4 72.6 320.6 72.7 319.8 72.5 319.0 72.5 318.2 72.4 317.5 72.3 316.8
  72.3 316.1 72.2 315.5 72.0 314.9 71.7 314.1 71.5 313.2 71.3 312.4 71.2 311.6
  70.8 310.8 70.5 310.1 70.2 309.4 69.9 308.8 69.6 307.8 69.3 306.7 68.9 305.7
  68.6 304.7 68.3 303.7 68.0 302.8 67.7 301.8 67.5 300.6 67.3 299.3 67.1 298.0
  66.8 296.7 66.6 295.3 66.5 294.0 66.3 292.6 66.2 291.1 66.2 289.7 66.1 288.2
  66.1 286.6 66.2 284.9 66.2 283.2 66.3 281.4 66.4 279.5 66.7 277.6 66.9 275.7
  67.3 273.8 67.6 272.0 68.1 270.1 68.6 268.3 69.1 266.4 69.5 264.4 70.0 262.4
  70.5 260.4 70.9 258.2 71.3 255.9 71.7 253.5 72.1 251.1 72.5 248.5 72.9 245.9
  73.2 243.2 73.6 240.4 73.9 237.5 74.1 234.7 74.3 232.1 74.4 229.6 74.5 227.2
  74.5 224.9 74.5 222.6 74.4 220.4 74.3 218.3 74.2 216.2 74.0 214.2 73.8 212.3
  73.6 210.5 73.4 208.8 73.1 207.2 72.8 205.7 72.5 204.3 72.2 203.1 71.8 202.0
  71.4 201.3 71.0 200.7 70.6 200.1 70.1 199.5 69.7 199.0 69.2 198.5 68.7 198.0
  68.1 197.5 67.6 197.0 67.0 196.4 66.4 195.8 65.8 195.1 65.1 194.4 64.5 193.7
  63.8 193.0 63.2 192.0 62.5 191.1 61.9 190.2 61.3 189.2 60.7 188.1 60.1 187.0
  59.6 186.0 59.1 184.8 58.7 183.6 58.5 182.4 58.3 181.1 58.1 179.9 58.0 178.7
  58.0 177.5 58.0 176.3 57.9 175.5 58.1 174.7 58.3 173.7 58.4 172.7 58.5 171.6
  58.7 170.6 58.9 169.7 59.0 168.7 59.2 167.8 59.4 166.8 59.6 166.0 59.8 165.1
  60.0 164.2 60.2 163.1 60.5 161.9 60.8 160.8 61.0 159.7 61.3 158.6 61.5 157.5
  61.8 156.4 62.0 155.3 62.2 154.3 62.5 152.9 62.7 151.4 63.0 149.9 63.3 148.4
  63.6 146.8 63.8 145.3 64.1 143.8 64.3 142.3 64.5 140.8 64.7 139.3 64.9 137.8
  65.0 136.2 65.2 134.7 65.4 133.1 65.5 131.6 65.6 130.1 65.8 128.7 65.9 127.4
  66.0 126.2 66.0 125.0 66.1 123.7 66.2 122.4 66.3 121.1 66.4 119.9 66.5 118.7
  66.7 117.4 66.8 116.2 67.1 115.1 67.3 113.9 67.5 112.7 67.7 111.5 67.9 110.3
  68.0 109.1 68.3 107.9 68.4 106.6 68.6 105.3 68.8 104.1 69.1 102.8 69.3 101.6
  69.5 100.3 69.8  99.1 69.9  97.9 70.0  96.6 70.1  95.4 70.1  94.4 70.1  93.5
  70.1  92.5 70.2  91.5 70.1  90.5 70.1  89.6 70.1  88.6 70.0  87.6 69.9  86.7
  69.9  85.4 69.8  84.1 69.7  82.8 69.6  81.5 69.4  80.2 69.3  78.9 69.2  78.4
  69.1  78.0 68.9  77.5 68.8  77.0 68.7  76.5 68.6  76.1 68.4  75.6 68.3  75.1
  68.2  74.6 68.1  74.1 68.0  73.7 67.9  73.1 67.8  72.6 67.6  72.1 67.5  71.6
  67.4  71.0 67.3  70.5 67.2  70.0 67.0  69.5 66.9  69.0 66.8  68.5 66.6  68.0
  66.5  67.5 66.4  67.0 66.3  66.5 66.2  66.1 66.1  65.6 66.0  65.1 65.9  64.7
  65.8  64.4 65.6  64.0 65.6  63.6 65.5  63.2 65.4  62.9 65.3  62.5 65.2  62.2
  65.2  61.8 65.1  61.5 65.0  61.1 64.9  60.8 64.8  60.4 64.7  60.1 64.6  59.8
  64.5  59.5 64.4  59.2 64.3  59.0 64.2  58.7 64.1  58.5 64.0  58.2 63.9  58.0
  63.8  58.0 63.7  57.9 63.6  57.9
   8 22 84  0.0
  72.5 321.4 72.1 320.2 71.7 319.1 71.3 317.7 70.8 316.3 70.4 315.0 69.8 313.8
  69.3 312.3 68.7 310.9 68.1 309.5 67.5 308.1 66.9 306.4 66.4 304.7 65.9 302.9
  65.5 301.0 65.0 299.0 64.7 297.1 64.3 295.1 64.1 293.1 63.8 291.2 63.6 289.3
  63.5 287.4 63.5 285.4 63.4 283.5 63.5 281.7 63.5 279.8 63.7 278.1 63.8 276.4
  64.0 274.7 64.3 273.2 64.6 271.7 65.1 270.2 65.6 268.7 66.1 267.2 66.6 265.9
  67.2 264.5 67.8 263.1 68.4 261.7 69.1 260.7 69.8 259.5 70.4 258.2 71.1 257.4
  71.8 256.4 72.4 255.3 73.1 254.6 73.7 253.9 74.3 253.0 75.0 252.5 75.5 252.1
  76.0 251.7 76.6 251.5 77.1 251.3 77.5 251.2 77.9 251.0 78.3 250.8 78.7 250.8
  79.1 250.9 79.5 251.2 79.9 251.6 80.2 252.2 80.6 252.9 81.0 254.0 81.3 255.2
  81.6 256.5 81.9 258.1 82.2 259.9 82.5 261.4 82.8 263.1 83.0 265.1 83.3 267.3
  83.5 269.8 83.6 272.4 83.8 275.2 83.9 278.1 84.0 281.0 84.2 284.1 84.3 287.3
  84.4 290.8 84.5 294.4 84.6 298.1 84.7 301.9 84.8 305.8 84.9 309.8 85.0 314.0
  85.2 318.2 85.3 322.7 85.4 327.3 85.5 332.2 85.6 337.1 85.6 342.3 85.6 347.5
  85.5 352.7 85.4 357.8 85.2   2.6 85.0   3.0 84.8   3.4 84.5   3.9 84.2   4.3
  83.8   4.7 83.5   5.1 83.1   5.4 82.7   5.8 82.2   6.1 81.7   6.4 81.2   6.6
  80.6   6.8 80.0   7.0 79.4   7.1 78.8   7.2 78.3   7.3 77.7   7.3 77.3   7.3
  76.9   7.3 76.5   7.2 76.2   7.2 75.9   7.2 75.7   7.2 75.4   7.1 75.2   7.1
  75.1   7.1 74.9   7.1 74.8   7.1 74.6   7.1 74.5   7.1 74.3   7.1 74.2   7.2
  74.0   7.2 73.9   7.3 73.7   7.3 73.6   7.3 73.5   7.3 73.3   7.3 73.2   7.4
  73.0   7.4 72.9   7.4 72.7   7.5 72.5   7.6 72.3   7.6 72.1   7.7 71.9   7.8
  71.7   7.8 71.5   7.8 71.2   7.8 71.0   7.7 70.7   7.7 70.4   7.7 70.2   7.7
  69.9   7.7 69.6   7.6 69.3   7.5 69.1   7.4 68.8   7.3 68.5   7.2 68.3   7.2
  68.0   7.1 67.7   7.0 67.4   6.8 67.1   6.7 66.9   6.5 66.6   6.4 66.4   6.3
  66.1   6.2 65.9   6.1 65.6   5.9 65.4   5.7 65.2   5.6 65.0   5.4 64.8   5.3
  64.5   5.2 64.3   5.1 64.1   4.9 63.9   4.8 63.8   4.7 63.7   4.5 63.5   4.4
  63.4   4.2 63.4   4.1 63.3   3.9 63.0   3.8 62.7   3.6 62.4   3.5 62.2   3.3
  61.9   3.2 61.7   3.0 61.5   2.8 61.3   2.6 61.1   2.5 60.9   2.3 60.7   2.1
  60.5   1.9 60.3   1.7 60.2   1.5 60.0   1.3 59.9   1.1 59.7   0.9 59.6   0.7
  59.5   0.5 59.4   0.3 59.3   0.2 59.1 360.0 58.9 359.6 58.6 359.2 58.4 358.9
  58.2 358.5 58.0 358.1 57.8 357.9 57.6 357.7 57.4 357.4 57.3 357.2 57.2 357.0
  57.0 356.9 56.9 356.7 56.8 356.5 56.7 356.3 56.6 356.2 56.5 356.1 56.4 355.9
  56.3 355.8 56.2 355.7 56.1 355.6 56.1 355.6 56.1 355.5 56.1 355.5 56.0 355.4
  56.0 355.4 56.1 355.4 56.1 355.5 56.1 355.5 56.2 355.6 56.2 355.6 56.3 355.7
  56.3 355.8 56.3 355.8 56.4 355.9 56.4 355.9 56.4 355.9 56.4 355.9 56.3 355.9
  56.3 355.9 56.3 355.8 56.2 355.8
   8 23 84  0.0
  72.5 321.4 72.4 319.8 72.2 318.3 71.9 316.8 71.7 315.3 71.2 313.9 70.8 312.6
  70.4 311.3 69.8 310.1 69.2 309.0 68.6 307.8 68.0 306.7 67.4 305.6 66.7 304.4
  66.1 303.4 65.4 302.3 64.7 301.3 64.0 300.2 63.3 299.1 62.6 298.0 61.9 296.8
  61.3 295.5 60.8 294.3 60.3 293.0 59.7 291.6 59.3 290.3 58.9 288.9 58.5 287.5
  58.3 286.2 58.0 284.9 57.7 283.6 57.5 282.4 57.3 281.3 57.1 280.2 56.9 279.1
  56.6 278.1 56.2 277.1 55.8 276.2 55.4 275.3 55.1 274.4 54.7 273.6 54.3 272.8
  53.9 272.0 53.6 270.9 53.3 269.9 52.9 268.8 52.6 267.7 52.3 266.6 51.9 265.5
  51.5 264.3 51.1 263.1 50.7 261.9 50.4 260.8 50.0 259.6 49.7 258.4 49.4 257.3
  49.2 256.1 48.9 254.9 48.7 253.7 48.5 252.5 48.3 251.3 48.2 250.1 48.1 249.0
  48.0 247.8 48.0 247.0 48.1 245.9 48.1 244.9 48.2 243.9 48.3 243.0 48.5 242.1
  48.7 241.3 48.8 240.5 49.0 239.8 49.2 239.0 49.5 238.3 49.7 237.6 50.0 237.0
  50.3 236.2 50.6 235.5 50.9 234.8 51.2 234.1 51.6 233.5 52.0 232.8 52.4 232.2
  52.8 231.5 53.2 230.8 53.6 230.2 54.0 229.7 54.3 229.1 54.7 228.7 55.1 228.3
  55.5 228.0 55.7 227.6 55.9 227.4 56.1 227.1 56.3 227.0 56.5 226.9 56.8 226.8
  57.0 226.7 57.2 226.7 57.4 226.7 57.7 226.7 57.9 226.7 58.1 226.8 58.3 226.8
  58.5 226.8 58.7 226.9 58.9 227.0 59.1 227.1 59.3 227.2 59.5 227.3 59.6 227.5
  59.7 227.7 59.8 227.9 59.9 228.1 59.9 228.4 59.9 228.7 59.9 228.9 59.8 229.2
  59.8 229.5 59.7 229.8 59.6 230.1 59.5 230.4 59.3 230.7 59.2 230.9 59.1 231.1
  59.0 231.3 58.9 231.4 58.8 231.5 58.7 231.6 58.6 231.7 58.5 231.7 58.4 231.7
  58.2 231.7 58.1 231.6 58.0 231.6 57.9 231.6 57.8 231.9 57.7 232.2 57.5 232.4
  57.4 232.6 57.2 232.8 57.0 232.9 56.8 233.0 56.7 233.1 56.5 233.2 56.3 233.2
  56.1 233.2 55.9 233.2 55.7 233.4 55.5 233.5 55.3 233.6 55.1 233.7 54.8 233.8
  54.6 233.8 54.3 233.8 54.0 233.8 53.7 233.8 53.4 233.9 53.1 233.9 52.7 234.0
  52.4 234.0 52.0 234.0 51.5 233.9 51.1 233.8 50.6 233.7 50.1 233.6 49.5 233.5
  48.9 233.2 48.2 232.9 47.6 232.6 47.0 232.1 46.3 231.6 45.7 231.1 45.1 230.4
  44.5 229.7 44.0 228.9 43.5 228.0 43.1 227.2 42.7 226.3 42.4 225.3 42.1 224.3
  41.8 223.2 41.7 222.3 41.7 221.4 41.6 220.5 41.6 219.6 41.8 218.7 41.9 217.8
  42.1 217.0 42.2 216.1 42.4 215.3 42.7 214.5 42.9 213.7 43.2 213.0 43.4 212.3
  43.6 211.7 43.9 211.1 44.3 210.5 44.6 210.0 44.9 209.6 45.3 209.1 45.6 208.7
  46.0 208.3 46.3 207.9 46.6 207.7 46.9 207.5 47.2 207.3 47.5 207.1 47.8 206.9
  48.0 206.7 48.2 206.6 48.5 206.5 48.7 206.5 48.9 206.5 49.1 206.5 49.2 206.5
  49.4 206.5 49.6 206.5 49.7 206.5 49.9 206.4 50.1 206.3 50.3 206.3 50.5 206.3
  50.8 206.2 51.0 206.2 51.3 206.1 51.5 206.0 51.8 205.9 52.1 205.8 52.5 205.7
  52.9 205.6 53.2 205.5 53.7 205.4 54.1 205.3 54.6 205.2 55.1 205.2 55.6 205.1
  56.1 205.0 56.6 204.9 57.2 204.8
   8 24 84  0.0
  72.5 321.4 72.1 320.0 71.6 318.8 71.0 317.9 70.4 317.2 69.8 316.5 69.1 315.9
  68.3 315.3 67.5 314.7 66.7 314.1 65.9 313.4 65.1 312.8 64.3 312.1 63.6 311.3
  62.7 310.7 61.9 310.0 61.2 309.5 60.5 308.8 59.9 308.1 59.5 307.5 58.8 306.9
  58.1 306.2 57.6 305.4 57.1 304.6 56.7 303.7 56.2 302.7 55.7 301.6 55.3 300.7
  55.0 299.8 54.6 298.8 54.4 297.8 54.1 296.7 53.8 295.6 53.6 294.5 53.4 293.5
  53.3 292.4 53.1 291.2 52.9 290.0 52.7 288.8 52.5 287.5 52.4 286.3 52.2 285.2
  52.0 284.0 51.8 282.9 51.6 281.8 51.4 280.7 51.2 279.6 50.9 278.4 50.6 277.3
  50.3 276.2 50.0 275.0 49.6 273.8 49.3 272.6 49.0 271.3 48.8 270.0 48.5 268.7
  48.3 267.4 48.2 266.0 48.0 264.6 47.9 263.2 47.8 261.9 47.8 260.6 47.7 259.3
  47.8 258.1 47.8 256.9 47.9 255.7 48.0 254.6 48.2 253.3 48.4 252.1 48.5 250.9
  48.8 249.7 49.2 248.5 49.5 247.4 50.0 246.3 50.5 245.3 50.9 244.3 51.4 243.5
  51.9 242.6 52.4 241.9 53.0 241.2 53.5 240.5 54.1 239.9 54.6 239.5 55.0 239.0
  55.5 238.6 56.0 238.1 56.5 237.9 57.0 237.6 57.5 237.4 58.0 237.1 58.5 236.8
  58.9 236.9 59.4 236.9 59.8 237.0 60.2 237.0 60.7 237.4 61.1 237.8 61.4 238.2
  61.8 238.7 62.1 239.2 62.4 239.9 62.6 240.6 62.7 241.3 62.7 242.0 62.7 242.8
  62.7 243.4 62.6 244.1 62.4 244.7 62.2 245.3 61.9 245.8 61.6 246.1 61.3 246.5
  61.0 246.7 60.7 246.9 60.3 247.1 59.9 247.2 59.6 247.0 59.2 246.9 58.8 246.7
  58.4 246.5 57.9 246.3 57.5 246.0 57.0 245.6 56.5 245.3 56.0 244.9 55.5 244.6
  55.0 244.1 54.4 243.7 53.9 243.2 53.3 242.6 52.7 242.1 52.0 241.5 51.3 241.0
  50.7 240.3 50.0 239.7 49.3 239.0 48.6 238.2 47.9 237.5 47.2 236.8 46.5 236.0
  45.8 235.2 45.2 234.4 44.7 233.7 44.1 232.9 43.6 232.1 43.0 231.3 42.8 230.4
  42.5 229.6 42.3 228.7 42.0 227.8 42.0 226.9 42.0 226.3 41.9 225.6 41.9 225.0
  41.9 224.3 41.9 223.7 42.0 223.1 42.1 222.5 42.3 221.8 42.4 221.1 42.6 220.4
  42.9 219.7 43.3 219.0 43.7 218.3 44.2 217.7 44.7 217.1 45.3 216.5 45.9 215.9
  46.5 215.3 47.1 215.0 47.7 214.7 48.3 214.3 48.9 214.4 49.5 214.4 50.1 214.4
  50.7 214.7 51.2 215.0 51.7 215.3 52.2 215.7 52.6 216.2 53.1 216.7 53.6 217.3
  54.0 217.9 54.4 218.4 54.8 218.9 55.2 219.5 55.5 220.0 55.8 220.7 56.0 221.3
  56.3 221.7 56.5 222.1 56.7 222.5 57.0 222.9 57.2 223.3 57.5 223.7 57.7 224.2
  57.9 224.7 58.2 225.2 58.4 225.2 58.7 225.3 58.9 225.4 59.2 225.5 59.5 225.6
  59.8 225.7 60.1 225.9 60.4 225.6 60.7 225.4 61.1 225.2 61.4 225.0 61.7 224.8
  62.0 224.6 62.2 224.5 62.6 223.9 62.9 223.3 63.2 222.7 63.5 222.1 63.8 221.6
  64.0 221.0 64.3 219.9 64.6 218.8 64.9 217.7 65.2 216.7 65.4 215.7 65.6 214.7
  65.8 213.7 66.0 212.7 66.1 211.7 66.2 210.2 66.3 208.6 66.3 206.9 66.3 205.1
  66.3 203.4 66.2 201.7 66.1 199.9 65.8 198.1 65.6 196.7 65.4 195.1 65.0 193.5
  64.7 191.9 64.2 190.1 63.7 188.2
   8 25 84  0.0
  72.5 321.4 72.0 320.0 71.6 318.7 71.0 318.0 70.4 317.3 69.8 316.7 69.2 316.4
  68.6 316.1 68.0 315.8 67.3 315.8 66.6 315.8 65.9 315.6 65.1 315.6 64.4 315.5
  63.7 315.4 63.0 315.4 62.3 315.4 61.7 315.3 61.2 315.4 60.6 315.4 60.2 315.4
  59.7 315.4 59.4 315.5 59.1 315.5 58.8 315.6 58.5 315.7 58.3 315.8 58.1 315.9
  57.8 316.0 57.6 316.2 57.3 316.3 56.9 316.6 56.6 316.8 56.3 317.0 55.9 317.3
  55.6 317.5 55.3 317.8 55.0 318.1 54.7 318.4 54.4 318.7 54.1 318.9 53.7 319.2
  53.4 319.3 53.1 319.4 52.7 319.4 52.3 319.5 51.9 319.5 51.4 319.3 50.9 319.1
  50.3 318.9 49.7 318.7 49.1 318.4 48.4 318.0 47.8 317.6 47.2 317.1 46.5 316.6
  45.9 316.0 45.2 315.4 44.5 314.8 43.8 314.1 43.2 313.2 42.5 312.4 41.9 311.4
  41.6 310.4 41.2 309.3 40.9 308.2 40.5 307.1 40.4 305.9 40.1 304.8 39.9 303.6
  39.9 302.6 39.9 301.7 39.8 300.8 39.7 299.8 39.9 298.8 40.1 297.9 40.3 296.8
  40.5 295.8 40.7 294.8 40.9 293.9 41.1 293.1 41.3 292.3 41.5 291.6 41.8 291.0
  42.1 290.4 42.5 289.7 42.9 289.1 43.3 288.5 43.8 288.0 44.2 287.5 44.7 287.1
  45.2 286.7 45.8 286.3 46.3 285.9 46.9 285.6 47.5 285.2 48.2 284.9 48.8 284.6
  49.5 284.3 50.1 283.9 50.5 283.6 50.9 283.3 51.4 282.9 51.8 282.6 52.2 282.3
  52.7 282.0 53.2 281.7 53.7 281.4 54.1 281.1 54.6 280.8 55.1 280.5 55.6 280.2
  56.0 280.0 56.3 279.5 56.6 279.1 56.9 278.7 57.2 278.3 57.5 278.0 57.8 277.6
  58.2 277.3 58.5 276.7 58.9 276.2 59.3 275.6 59.5 275.1 59.8 274.6 60.1 274.1
  60.5 273.3 60.8 272.4 61.1 271.6 61.4 270.9 61.7 270.1 62.1 269.4 62.4 268.2
  62.8 267.2 63.1 266.2 63.5 265.2 63.8 264.2 64.2 263.3 64.5 261.9 64.8 260.7
  65.1 259.5 65.3 258.4 65.5 257.4 65.8 256.4 66.1 255.4 66.3 254.1 66.5 252.8
  66.7 251.6 66.9 250.5 67.1 249.4 67.3 248.3 67.5 247.2 67.7 246.2 67.9 245.2
  68.1 244.2 68.3 242.7 68.4 241.3 68.6 239.8 68.6 238.4 68.7 237.0 68.7 235.6
  68.7 234.2 68.7 232.8 68.7 231.5 68.6 230.1 68.6 228.8 68.5 227.4 68.4 226.1
  68.3 224.7 68.2 223.3 68.1 222.0 67.9 220.6 67.8 219.6 67.6 218.6 67.4 217.5
  67.2 216.5 67.0 215.5 66.7 214.4 66.4 213.4 66.1 212.4 65.9 211.3 65.6 210.3
  65.3 209.3 65.0 208.3 64.7 207.2 64.3 206.2 63.9 205.2 63.5 204.3 63.1 203.4
  62.6 202.5 62.1 201.5 61.6 200.6 61.2 199.7 60.6 198.8 60.1 197.9 59.6 197.0
  59.1 196.2 58.7 195.4 58.2 194.6 57.8 193.8 57.4 193.0 57.0 192.3 56.6 191.6
  56.2 190.9 55.8 190.2 55.4 189.5 55.1 188.9 54.8 188.2 54.5 187.6 54.1 186.9
  53.8 186.3 53.6 185.6 53.3 185.0 53.1 184.3 52.9 183.6 52.7 183.0 52.5 182.4
  52.3 181.9 52.2 181.3 52.0 180.8 51.9 180.2 51.8 179.7 51.6 179.1 51.4 178.6
  51.3 178.2 51.2 177.8 51.1 177.4 51.0 177.1 50.9 176.9 50.8 176.7 50.7 176.5
  50.7 176.4 50.6 176.3 50.5 176.2 50.4 176.2 50.3 176.2 50.1 176.2 50.0 176.3
  49.9 176.4 49.7 176.4 49.5 176.6
   8 26 84  0.0
  72.5 321.4 72.1 320.6 71.7 319.8 71.3 319.5 70.7 319.2 70.2 318.9 69.7 318.6
  69.1 318.7 68.6 318.7 68.1 318.8 67.5 318.8 67.0 319.4 66.4 320.0 65.9 320.5
  65.4 321.4 65.0 322.2 64.5 323.0 64.0 323.7 63.5 324.4 63.0 325.0 62.5 325.7
  62.1 326.3 61.6 327.0 61.2 327.7 60.9 328.5 60.5 329.4 60.1 330.3 59.8 331.2
  59.5 332.1 59.1 333.1 58.7 334.0 58.3 334.9 58.0 335.8 57.6 336.4 57.2 337.0
  56.7 337.6 56.3 338.2 55.9 338.8 55.6 339.0 55.3 339.2 55.1 339.4 55.0 339.6
  54.9 339.8 54.9 340.1 54.8 340.3 54.8 340.6 54.8 340.9 54.8 341.2 54.9 341.5
  55.0 341.8 55.1 342.2 55.2 342.5 55.2 342.8 55.3 343.2 55.4 343.5 55.4 343.7
  55.5 344.0 55.2 344.2 54.9 344.4 54.6 344.6 54.3 344.7 54.0 344.8 53.7 344.9
  53.5 344.4 53.2 343.9 53.3 343.4 53.3 342.8 53.3 342.2 53.2 341.5 53.2 340.7
  53.1 339.9 53.2 339.1 53.3 338.2 53.4 337.3 53.4 336.3 53.5 335.4 53.6 334.4
  53.7 333.4 53.8 332.4 53.9 331.4 54.0 330.4 54.1 329.4 54.1 328.8 54.2 328.2
  54.2 327.6 54.2 327.0 54.1 326.4 54.1 325.8 54.1 325.2 54.0 324.7 54.0 324.1
  53.9 323.1 53.9 322.3 53.8 321.4 53.7 320.7 53.6 319.9 53.5 319.2 53.4 318.5
  53.2 317.9 53.1 317.2 52.9 316.5 52.7 315.9 52.5 315.2 52.3 314.6 52.0 314.0
  51.7 313.3 51.4 312.7 51.0 312.1 50.7 311.4 50.2 310.8 49.8 310.3 49.4 309.6
  48.9 309.1 48.4 308.5 48.0 307.9 47.4 307.3 46.8 306.7 46.2 306.0 45.7 305.4
  45.1 304.8 44.6 304.1 44.1 303.4 43.6 302.8 43.1 302.1 42.7 301.5 42.2 300.9
  41.8 300.2 41.4 299.7 41.0 299.1 40.7 298.5 40.4 298.0 40.1 297.5 39.7 297.0
  39.5 296.4 39.2 295.8 38.9 295.3 38.7 294.7 38.5 294.1 38.3 293.6 38.1 293.0
  37.9 292.5 37.7 292.0 37.6 291.5 37.5 291.0 37.5 290.6 37.4 290.2 37.3 289.7
  37.2 289.3 37.1 288.9 37.0 288.4 36.9 288.0 36.9 287.6 36.8 287.1 36.7 286.7
  36.7 286.2 36.6 285.8 36.5 285.3 36.4 284.9 36.3 284.4 36.2 283.9 36.3 283.5
  36.4 283.0 36.5 282.6 36.6 282.1 36.7 281.7 36.8 281.3 36.9 280.9 36.9 280.5
  37.0 280.1 37.1 279.7 37.2 279.3 37.4 279.0 37.5 278.6 37.7 278.3 37.8 278.0
  38.0 277.7 38.1 277.4 38.2 277.0 38.3 276.7 38.5 276.4 38.6 276.1 38.7 275.8
  39.0 275.5 39.2 275.2 39.5 275.0 39.7 274.7 40.0 274.4 40.2 274.1 40.4 273.8
  40.6 273.4 40.9 273.1 41.1 272.7 41.3 272.4 41.5 272.0 41.7 271.7 41.9 271.4
  42.1 271.1 42.3 270.7 42.5 270.3 42.7 269.9 42.9 269.5 43.1 269.2 43.2 268.8
  43.4 268.4 43.5 268.1 43.7 267.8 43.8 267.4 43.9 267.1 44.0 266.8 44.1 266.4
  44.2 266.1 44.3 265.7 44.4 265.3 44.6 265.0 44.7 264.6 44.8 264.3 44.9 264.0
  45.0 263.6 45.0 263.3 45.1 263.0 45.2 262.6 45.3 262.3 45.4 262.0 45.4 261.7
  45.5 261.3 45.6 261.0 45.7 260.7 45.8 260.3 45.8 260.0 45.9 259.7 46.0 259.4
  46.0 259.0 46.0 258.6 46.1 258.2 46.1 257.8 46.2 257.4 46.2 257.0 46.2 256.5
  46.3 256.1 46.3 255.7 46.3 255.3
   8 27 84  0.0
  72.5 321.4 72.2 321.7 71.8 322.0 71.6 322.8 71.3 323.6 71.0 324.3 70.8 324.9
  70.6 325.5 70.4 326.1 70.2 326.6 70.0 327.1 69.8 327.5 69.6 328.8 69.4 330.0
  69.2 331.1 69.0 332.0 68.8 332.8 68.5 333.5 68.2 334.1 67.9 334.5 67.6 335.5
  67.3 336.3 67.0 336.9 66.6 337.4 66.2 337.7 65.9 337.9 65.5 338.5 65.1 339.0
  64.7 339.5 64.3 339.9 63.8 340.3 63.4 340.9 63.0 341.4 62.5 341.9 62.1 342.4
  61.6 342.8 61.1 343.3 60.6 343.8 60.1 344.3 59.7 344.7 59.3 345.2 58.8 345.6
  58.4 346.0 58.0 346.4 57.6 346.7 57.1 347.0 56.7 347.3 56.3 347.6 55.8 347.8
  55.4 348.0 55.3 348.3 55.1 348.5 54.9 348.8 54.8 349.2 54.6 349.5 54.4 349.9
  54.3 350.3 54.1 350.8 54.0 351.2 53.9 351.7 53.7 352.3 53.7 352.9 53.6 353.5
  53.5 354.1 53.4 354.7 53.2 355.3 53.1 355.8 52.9 356.4 52.7 357.0 52.5 357.5
  52.3 358.0 52.1 358.5 51.8 358.9 51.5 359.4 51.3 359.9 51.0   0.3 50.7   0.6
  50.3   0.9 49.9   1.1 49.5   1.3 49.0   1.5 48.6   1.7 48.1   1.9 47.6   2.0
  47.1   2.1 46.5   2.2 45.9   2.2 45.3   2.1 44.8   2.0 44.2   1.8 43.6   1.7
  43.1   1.3 42.6   1.0 42.1   0.6 41.6   0.2 41.2 359.6 40.8 358.8 40.4 358.0
  40.0 357.0 39.7 356.0 39.6 354.9 39.6 353.8 39.5 352.7 39.4 351.5 39.6 350.4
  39.9 349.3 40.1 348.2 40.4 346.9 40.9 345.7 41.4 344.6 42.1 343.7 42.7 342.8
  43.4 341.9 44.1 341.1 45.0 340.5 45.9 339.9 46.5 339.4 47.1 339.1 47.7 338.7
  48.4 338.4 49.0 338.3 49.7 338.1 50.2 337.9 50.8 337.8 51.3 337.7 51.8 337.5
  52.2 337.3 52.6 337.0 52.9 336.6 53.2 336.1 53.5 335.6 53.6 335.2 53.7 334.7
  53.9 334.2 54.0 333.7 54.2 333.0 54.3 332.2 54.4 331.4 54.4 330.6 54.4 329.7
  54.5 328.8 54.5 327.9 54.5 327.0 54.5 326.1 54.5 325.1 54.5 324.2 54.5 323.2
  54.4 322.3 54.3 321.3 54.2 320.4 54.1 319.5 54.0 318.6 53.9 317.7 53.8 316.9
  53.6 316.0 53.5 315.2 53.3 314.3 53.1 313.5 52.9 312.7 52.7 312.0 52.4 311.2
  52.0 310.4 51.7 309.6 51.4 308.8 51.0 308.0 50.7 307.2 50.3 306.4 49.9 305.6
  49.5 304.9 49.1 304.1 48.7 303.4 48.3 302.7 47.8 301.9 47.4 301.2 47.0 300.5
  46.6 299.8 46.2 299.1 45.9 298.4 45.6 297.7 45.2 297.0 44.9 296.3 44.6 295.7
  44.4 295.0 44.3 294.3 44.1 293.6 43.9 292.9 43.7 292.2 43.5 291.4 43.4 290.7
  43.3 290.0 43.2 289.3 43.2 288.5 43.1 287.8 43.1 287.0 43.2 286.3 43.3 285.5
  43.4 284.8 43.5 284.1 43.6 283.4 43.9 282.7 44.1 282.0 44.4 281.4 44.7 280.9
  45.0 280.3 45.3 279.8 45.5 279.2 45.8 278.7 46.1 278.1 46.3 277.5 46.6 276.9
  46.9 276.3 47.2 275.7 47.5 275.1 47.9 274.5 48.2 273.9 48.5 273.3 48.8 272.7
  49.1 272.1 49.4 271.5 49.8 270.9 50.1 270.2 50.4 269.5 50.7 268.7 51.1 267.9
  51.4 267.1 51.7 266.2 52.0 265.4 52.3 264.5 52.6 263.6 52.9 262.7 53.2 261.7
  53.4 260.8 53.7 259.8 54.0 258.8 54.3 257.8 54.6 256.7 54.8 255.7 55.1 254.7
  55.3 253.6 55.6 252.6 55.8 251.6
   8 28 84  0.0
  72.5 321.4 72.3 322.0 72.2 322.7 72.0 323.4 71.9 324.1 71.8 325.5 71.7 326.9
  71.6 328.4 71.5 329.9 71.4 331.5 71.3 333.1 71.2 334.7 71.0 336.1 70.8 337.4
  70.6 338.6 70.4 339.6 70.2 340.5 69.9 341.3 69.7 342.5 69.4 343.6 69.1 344.6
  68.8 345.4 68.4 346.2 68.0 346.8 67.6 347.4 67.1 348.0 66.6 348.6 66.1 349.0
  65.6 349.4 65.0 349.6 64.4 349.7 63.8 349.9 63.2 350.0 62.6 350.0 62.0 350.1
  61.4 350.2 60.7 350.3 60.1 350.4 59.5 350.5 58.9 350.5 58.4 350.6 57.9 350.8
  57.4 350.9 56.9 351.0 56.4 351.1 55.9 351.3 55.4 351.3 54.9 351.4 54.4 351.5
  53.9 351.6 53.4 351.5 52.9 351.4 52.5 351.2 52.1 351.2 51.7 351.1 51.4 350.8
  51.0 350.5 50.8 350.2 50.5 350.0 50.2 349.7 50.0 349.5 49.7 349.0 49.5 348.6
  49.4 348.1 49.2 347.5 48.9 347.0 48.6 346.5 48.3 345.9 48.1 345.3 47.9 344.7
  47.7 344.0 47.4 343.2 47.1 342.5 46.8 341.7 46.5 340.9 46.3 340.0 46.1 339.2
  45.9 338.3 45.7 337.4 45.5 336.4 45.4 335.4 45.2 334.4 45.1 333.4 44.9 332.3
  44.6 331.2 44.6 330.0 44.5 328.8 44.4 327.7 44.4 326.5 44.4 325.4 44.4 324.3
  44.4 323.2 44.5 322.1 44.6 321.0 44.8 320.0 44.9 318.9 45.1 317.8 45.3 316.9
  45.5 315.9 45.7 315.1 45.9 314.2 46.2 313.4 46.4 312.4 46.7 311.6 47.0 310.8
  47.2 309.9 47.5 309.1 47.8 308.3 48.2 307.6 48.3 306.8 48.5 306.0 48.7 305.2
  48.9 304.5 49.1 303.7 49.2 302.9 49.3 302.2 49.4 301.4 49.5 300.6 49.6 299.8
  49.6 299.0 49.6 298.2 49.6 297.4 49.6 296.6 49.7 295.7 49.6 294.8 49.6 294.0
  49.6 293.1 49.7 292.2 49.7 291.3 49.6 290.3 49.5 289.4 49.4 288.4 49.4 287.4
  49.2 286.4 49.0 285.4 48.9 284.3 48.8 283.3 48.6 282.3 48.3 281.2 48.1 280.1
  47.9 279.1 47.6 278.0 47.4 277.0 47.1 275.9 46.8 274.8 46.6 273.7 46.3 272.5
  46.1 271.4 45.9 270.2 45.7 269.2 45.6 268.3 45.4 267.4 45.3 266.5 45.2 265.6
  45.1 264.7 45.0 263.8 44.9 262.9 44.9 262.1 44.8 261.2 44.8 260.3 44.7 259.5
  44.7 258.6 44.7 257.8 44.7 256.9 44.6 256.1 44.6 255.3 44.6 254.5 44.7 253.7
  44.7 253.0 44.7 252.2 44.7 251.5 44.8 250.8 44.9 250.2 44.9 249.5 45.0 248.9
  45.0 248.3 45.0 247.7 45.1 247.1 45.2 246.5 45.2 245.9 45.3 245.3 45.3 244.8
  45.4 244.2 45.4 243.6 45.5 243.0 45.6 242.4 45.6 241.9 45.7 241.3 45.8 240.7
  45.9 240.2 45.9 239.6 46.0 239.1 46.1 238.5 46.2 237.9 46.4 237.3 46.5 236.8
  46.6 236.2 46.7 235.7 46.9 235.1 47.1 234.6 47.4 234.0 47.6 233.4 47.9 232.9
  48.2 232.3 48.5 231.7 48.8 231.1 49.0 230.5 49.3 229.9 49.5 229.3 49.7 228.7
  50.0 228.1 50.2 227.5 50.4 227.1 50.5 226.6 50.8 226.2 51.0 225.8 51.2 225.5
  51.4 225.1 51.7 224.7 52.0 224.4 52.2 224.0 52.5 223.8 52.7 223.6 52.9 223.4
  53.1 223.2 53.3 223.0 53.5 222.8 53.8 222.6 54.1 222.5 54.4 222.4 54.6 222.3
  54.9 222.3 55.1 222.3 55.3 222.4 55.5 222.5 55.7 222.7 55.9 222.9 56.0 223.2
  56.2 223.5 56.3 223.9 56.4 224.4
   8 29 84  0.0
  72.5 321.4 72.2 321.4 72.0 321.5 71.8 321.9 71.6 322.3 71.5 322.9 71.4 323.5
  71.3 324.3 71.2 325.2 71.2 326.1 71.2 327.3 71.2 328.5 71.2 329.9 71.2 331.5
  71.2 333.2 71.2 335.0 71.2 336.7 71.1 338.4 71.0 340.0 70.9 341.4 70.8 342.8
  70.6 344.0 70.4 345.1 70.2 346.0 70.0 346.8 69.7 347.6 69.4 348.3 69.2 348.9
  68.9 349.5 68.6 350.0 68.3 350.4 68.0 350.8 67.7 351.0 67.3 351.1 66.9 351.3
  66.5 351.4 66.0 351.5 65.6 351.7 65.1 351.4 64.6 351.2 64.0 351.0 63.4 350.8
  62.9 350.4 62.3 350.0 61.6 349.6 61.0 348.9 60.5 348.3 59.9 347.7 59.3 346.7
  58.8 345.6 58.3 344.5 57.9 343.4 57.4 342.1 56.9 340.8 56.5 339.4 56.1 337.9
  55.7 336.3 55.3 334.7 55.1 333.1 54.9 331.3 54.8 329.5 54.7 327.8 54.6 326.0
  54.6 324.4 54.5 322.9 54.3 321.5 54.2 320.1 54.1 318.9 54.0 317.6 53.9 316.4
  53.8 315.3 53.8 314.3 53.8 313.2 53.7 312.2 53.7 311.2 53.7 310.2 53.8 309.3
  53.8 308.4 53.9 307.5 54.1 306.7 54.3 305.6 54.5 304.5 54.8 303.4 55.1 302.4
  55.4 301.5 55.7 300.5 56.0 299.6 56.3 298.8 56.6 297.8 57.0 296.8 57.3 295.8
  57.7 294.8 58.1 293.9 58.6 293.0 59.0 292.1 59.5 291.2 59.8 290.3 60.2 289.4
  60.5 288.5 60.9 287.6 61.2 286.8 61.6 285.9 61.9 285.1 62.2 284.2 62.6 283.5
  62.8 282.7 63.0 281.9 63.3 281.1 63.5 280.3 63.7 279.5 63.9 278.7 64.1 277.8
  64.3 277.2 64.5 276.5 64.8 275.8 64.9 275.1 65.0 274.3 65.2 273.5 65.3 272.7
  65.4 271.9 65.5 271.0 65.5 270.1 65.6 269.2 65.6 268.2 65.7 267.3 65.7 266.4
  65.7 265.5 65.7 264.6 65.7 263.7 65.7 262.8 65.6 261.9 65.5 261.0 65.5 260.1
  65.4 259.1 65.4 258.2 65.3 257.3 65.3 256.4 65.2 255.5 65.2 254.7 65.1 253.8
  65.0 253.1 64.9 252.3 64.8 251.6 64.7 251.0 64.6 250.3 64.4 249.7 64.3 249.2
  64.1 248.6 64.0 248.0 63.8 247.1 63.7 246.2 63.6 245.4 63.5 244.6 63.3 243.8
  63.2 243.0 63.1 242.3 62.9 241.6 62.7 241.0 62.5 240.5 62.3 239.9 62.2 239.5
  62.0 239.0 61.9 238.5 61.7 237.8 61.5 237.1 61.3 236.4 61.1 235.8 61.0 235.3
  60.8 234.7 60.6 234.2 60.5 233.7 60.3 233.2 60.0 232.7 59.8 232.3 59.5 231.7
  59.4 231.1 59.2 230.6 59.0 230.0 58.8 229.5 58.6 229.0 58.4 228.5 58.1 228.1
  57.8 227.6 57.7 227.0 57.6 226.3 57.5 225.7 57.4 225.1 57.2 224.5 57.0 223.9
  57.0 223.3 57.0 222.8 57.0 222.2 56.9 221.7 56.9 221.2 56.8 220.6 56.8 220.1
  56.7 219.6 56.7 219.1 56.7 218.6 56.7 218.0 56.6 217.5 56.6 216.9 56.6 216.3
  56.5 215.6 56.7 214.9 56.8 214.2 56.9 213.5 57.0 212.8 57.1 212.1 57.2 211.4
  57.3 210.7 57.4 210.0 57.5 209.2 57.7 208.4 57.8 207.6 58.0 206.7 58.2 205.8
  58.5 204.9 58.7 204.1 58.8 203.1 59.0 202.2 59.1 201.2 59.2 200.1 59.3 199.0
  59.4 197.9 59.5 196.7 59.7 195.4 59.9 194.1 60.1 192.7 60.3 191.4 60.5 190.1
  60.7 188.8 60.8 187.4 60.8 186.1 60.9 184.7 60.9 183.3 61.0 181.9 61.1 180.5
  61.1 179.1 61.2 177.8 61.4 176.4
   8 30 84  0.0
  72.5 321.4 72.3 321.1 72.1 320.9 71.9 320.6 71.7 320.3 71.5 319.9 71.2 319.6
  71.0 319.2 70.7 318.8 70.5 318.4 70.3 318.0 70.0 317.5 69.8 317.0 69.6 316.5
  69.4 316.0 69.2 315.5 68.9 315.0 68.7 314.5 68.5 314.1 68.3 313.7 68.1 313.3
  68.0 312.9 67.8 312.7 67.7 312.5 67.5 312.3 67.4 312.2 67.3 312.1 67.2 312.0
  67.1 312.0 66.9 311.9 66.8 311.8 66.7 311.8 66.6 311.8 66.5 311.7 66.4 311.7
  66.3 311.7 66.2 311.7 66.1 311.8 66.1 311.8 66.0 311.8 66.0 311.9 65.9 311.8
  65.9 311.6 65.8 311.5 65.8 311.4 65.8 311.3 65.8 311.1 65.7 311.0 65.7 310.8
  65.7 310.6 65.7 310.4 65.7 310.3 65.7 310.1 65.7 309.8 65.7 309.6 65.6 309.3
  65.6 309.1 65.6 308.8 65.5 308.4 65.5 308.0 65.5 307.6 65.3 307.1 65.1 306.6
  65.0 306.0 64.9 305.4 64.7 304.6 64.6 303.8 64.5 302.9 64.3 301.8 64.2 300.7
  64.1 299.5 63.9 298.2 63.8 297.1 63.7 295.9 63.5 294.8 63.4 293.7 63.3 292.6
  63.3 291.6 63.1 290.7 63.0 289.7 62.9 288.9 62.8 288.1 62.7 287.3 62.5 286.5
  62.3 285.8 62.1 285.1 61.9 284.5 61.7 283.6 61.5 282.7 61.3 281.8 61.1 280.9
  60.9 280.0 60.7 279.2 60.6 278.3 60.5 277.4 60.3 276.5 60.2 275.6 60.1 274.8
  60.0 273.9 60.0 273.0 59.9 271.9 59.8 270.8 59.7 269.7 59.6 268.6 59.5 267.6
  59.4 266.5 59.3 265.5 59.2 264.5 59.0 263.4 58.9 262.4 58.8 261.4 58.6 260.4
  58.5 259.4 58.3 258.4 58.2 257.4 58.1 256.4 58.0 255.4 57.9 254.4 57.8 253.4
  57.7 252.5 57.6 251.6 57.6 250.7 57.5 249.8 57.3 249.0 57.2 248.2 57.1 247.4
  56.9 246.6 56.8 245.9 56.6 245.2 56.5 244.5 56.3 243.8 56.3 243.1 56.2 242.5
  56.1 241.8 56.0 241.2 55.9 240.6 55.8 240.1 55.7 239.6 55.7 239.1 55.7 238.6
  55.6 238.1 55.6 237.6 55.6 237.2 55.5 236.7 55.4 236.3 55.4 235.9 55.4 235.5
  55.4 235.1 55.3 234.8 55.3 234.4 55.3 234.0 55.3 233.7 55.2 233.4 55.2 233.0
  55.2 232.7 55.1 232.3 55.1 232.0 55.0 231.7 55.0 231.3 55.0 231.0 55.1 230.6
  55.1 230.3 55.1 229.9 55.1 229.6 55.1 229.2 55.1 228.8 55.1 228.5 55.1 228.1
  55.1 227.7 55.1 227.2 55.1 226.8 55.1 226.4 55.1 226.0 55.1 225.6 55.2 225.2
  55.2 224.8 55.2 224.4 55.2 223.9 55.3 223.4 55.3 223.0 55.3 222.4 55.4 221.9
  55.4 221.3 55.4 220.8 55.5 220.2 55.5 219.6 55.5 219.0 55.5 218.5 55.5 217.9
  55.5 217.2 55.6 216.6 55.6 216.0 55.5 215.3 55.5 214.6 55.4 213.9 55.4 213.2
  55.4 212.5 55.3 211.8 55.2 211.0 55.1 210.2 55.0 209.4 55.0 208.5 54.9 207.7
  54.7 206.8 54.5 205.9 54.3 204.9 54.2 204.0 54.0 203.1 53.7 202.0 53.4 200.9
  53.1 199.8 52.7 198.6 52.4 197.4 52.1 196.2 51.8 194.9 51.4 193.7 51.0 192.5
  50.6 191.3 50.1 190.0 49.7 188.8 49.2 187.7 48.8 186.5 48.4 185.3 48.0 184.0
  47.6 182.8 47.2 181.6 46.7 180.5 46.3 179.3 45.8 178.2 45.3 177.1 44.8 176.0
  44.3 174.9 43.9 173.7 43.5 172.5 43.1 171.3 42.9 170.1 42.6 168.9 42.3 167.8
  42.1 166.6 42.0 165.5 41.8 164.4
   8 31 84  0.0
  72.5 321.4 72.5 321.4 72.5 321.3 72.4 321.2 72.4 321.1 72.4 321.0 72.3 320.9
  72.2 320.7 72.2 320.6 72.1 320.4 72.0 320.2 71.9 319.9 71.9 319.6 71.9 319.3
  71.9 319.0 71.9 318.7 71.8 318.4 71.8 318.1 71.7 317.7 71.6 317.4 71.5 317.0
  71.4 316.7 71.3 316.3 71.2 315.9 71.1 315.6 71.1 315.2 71.0 314.8 70.9 314.4
  70.7 314.0 70.6 313.5 70.4 313.0 70.2 312.4 70.0 311.8 69.8 311.0 69.6 310.2
  69.4 309.3 69.2 308.2 69.0 307.1 68.8 306.0 68.7 304.9 68.5 303.7 68.5 302.6
  68.4 301.4 68.4 300.3 68.3 299.1 68.4 297.9 68.4 296.6 68.5 295.3 68.6 293.9
  68.7 292.5 68.8 291.0 69.0 289.5 69.3 288.0 69.6 286.4 69.9 284.9 70.2 283.3
  70.6 281.8 71.0 280.3 71.3 278.8 71.8 277.3 72.2 275.9 72.7 275.0 73.3 274.2
  73.8 273.3 74.4 272.4 75.0 272.0 75.6 271.6 76.1 271.2 76.7 271.3 77.2 271.6
  77.7 272.0 78.1 272.7 78.5 273.4 78.9 274.3 79.2 275.4 79.4 276.6 79.6 278.0
  79.7 279.6 79.9 281.3 79.9 283.2 79.9 285.2 79.8 287.2 79.8 289.3 79.6 291.4
  79.5 293.4 79.3 295.3 79.1 297.1 78.7 298.7 78.3 300.0 77.9 301.1 77.4 303.0
  76.8 304.8 76.2 306.3 75.6 307.6 74.9 308.8 74.2 309.9 73.4 310.9 72.6 311.7
  71.7 312.4 71.0 312.8 70.3 313.3 69.6 313.7 69.0 314.3 68.4 314.9 67.8 315.6
  67.3 316.3 67.0 317.1 66.7 318.0 66.4 319.0 66.1 320.1 65.9 321.3 65.8 322.5
  65.6 323.7 65.5 325.1 65.3 326.5 65.1 327.8 64.9 329.1 64.6 330.4 64.3 331.5
  63.9 332.5 63.4 333.6 62.9 334.5 62.4 335.5 61.9 336.4 61.4 337.1 60.8 337.9
  60.3 338.6 59.7 339.3 59.2 339.9 58.7 340.4 58.1 341.0 57.5 341.6 56.9 342.1
  56.2 342.6 55.6 343.1 55.0 343.3 54.4 343.6 53.8 343.8 53.3 343.7 52.7 343.5
  52.2 343.4 51.7 343.3 51.2 342.8 50.7 342.4 50.2 342.0 49.7 341.5 49.3 340.9
  49.0 340.2 48.7 339.5 48.4 338.7 48.0 337.9 47.7 337.0 47.5 336.1 47.2 335.1
  46.9 334.1 46.6 333.0 46.3 331.8 46.2 330.6 46.0 329.4 45.9 328.1 45.7 326.9
  45.8 325.8 45.8 324.7 45.8 323.6 45.9 322.5 46.1 321.4 46.2 320.2 46.3 319.0
  46.6 317.8 46.9 316.6 47.2 315.5 47.4 314.4 47.7 313.4 48.0 312.5 48.4 311.6
  48.6 310.8 48.8 310.0 49.1 309.2 49.4 308.3 49.6 307.6 49.7 306.8 49.8 305.9
  49.9 305.1 50.0 304.3 50.1 303.6 50.2 302.8 50.2 302.1 50.2 301.4 50.3 300.7
  50.3 299.9 50.3 299.2 50.2 298.4 50.2 297.6 50.2 296.8 50.2 295.9 50.2 295.1
  50.1 294.2 50.1 293.3 50.1 292.4 50.1 291.4 50.0 290.4 49.9 289.4 49.8 288.4
  49.7 287.5 49.6 286.4 49.4 285.4 49.3 284.4 49.1 283.3 48.9 282.3 48.7 281.2
  48.5 280.2 48.3 279.1 48.0 278.0 47.7 277.0 47.4 275.9 47.1 274.8 46.9 273.7
  46.6 272.5 46.4 271.3 46.2 270.2 46.0 269.0 45.9 267.8 45.8 266.8 45.7 265.9
  45.6 265.0 45.5 264.1 45.4 263.2 45.4 262.3 45.3 261.4 45.3 260.5 45.2 259.6
  45.3 258.7 45.3 257.9 45.3 257.0 45.3 256.2 45.3 255.3 45.3 254.5 45.4 253.7
  45.5 253.0 45.5 252.3 45.6 251.5
