   2  1 84  0.0
  72.5 321.4 72.0 321.4 71.6 321.5 71.1 321.6 70.6 321.7 70.1 321.8 69.5 321.9
  69.0 322.1 68.5 322.3 68.1 322.4 67.6 322.5 67.1 322.7 66.7 322.7 66.2 322.8
  65.8 322.8 65.4 322.8 65.0 322.7 64.6 322.5 64.2 322.4 63.8 322.1 63.5 321.7
  63.2 321.2 62.8 320.6 62.5 320.0 62.0 319.3 61.5 318.6 61.0 318.0 60.6 317.3
  60.3 316.6 59.9 315.8 59.5 315.0 59.1 314.2 58.7 313.3 58.4 312.3 58.0 311.2
  57.4 310.1 56.9 308.9 56.3 307.7 55.6 306.6 55.0 305.6 54.4 304.5 53.8 303.4
  53.3 302.5 52.8 301.6 52.3 300.5 51.9 299.4 51.5 298.4 51.0 297.4 50.6 296.4
  50.1 295.3 49.6 294.2 49.3 293.4 48.9 292.6 48.5 291.8 48.2 291.0 47.9 290.1
  47.6 289.5 47.3 288.8 47.0 288.1 46.6 287.4 46.4 286.6 46.1 285.8 45.8 285.1
  45.6 284.5 45.3 283.9 45.1 283.3 44.8 282.7 44.5 282.1 44.2 281.5 43.9 280.9
  43.6 280.4 43.2 279.8 42.9 279.2 42.5 278.5 42.1 277.9 41.8 277.3 41.5 276.7
  41.3 276.0 41.1 275.3 41.0 274.6 40.9 273.9 40.9 273.1 40.8 272.3 40.8 271.5
  40.8 270.6 40.8 269.6 40.8 268.7 40.8 267.7 41.3 266.8 41.6 265.8 42.0 264.9
  42.4 263.9 43.0 263.0 43.6 262.1 44.2 261.2 44.7 260.2 45.2 259.3 45.9 258.3
  46.5 257.4 47.2 256.3 47.8 255.2 48.5 254.2 49.3 252.9 49.9 251.7 50.6 250.4
  51.2 249.0 51.8 247.6 52.3 246.1 52.8 244.5 53.3 242.8 53.7 241.0 54.0 239.3
  54.3 237.5 54.6 235.7 54.7 233.9 54.7 232.1 54.8 230.2 54.6 228.3 54.5 226.3
  54.1 224.2 53.7 222.2 53.0 220.2 52.4 218.3 51.6 216.5 50.8 214.6 49.9 212.8
  49.0 211.1 48.0 209.4 47.0 207.9 46.0 206.5 44.9 205.1 43.8 203.8 42.3 202.3
  40.7 200.8 39.2 199.1 37.5 197.3 35.9 195.3 34.8 193.0 33.7 190.7 32.9 188.6
  32.1 186.5 31.3 184.5 30.5 182.5 29.8 180.3 29.1 178.0 28.9 175.6 28.7 173.2
  28.5 171.0 28.3 168.8 28.1 166.6 28.0 164.6 27.9 162.6 27.9 160.7 27.9 158.9
  27.9 157.0 28.0 155.0 28.2 152.9 28.4 150.8 28.5 148.7 28.7 146.6 28.7 144.6
  28.7 142.6 28.6 140.6 28.6 138.6 28.5 136.7 28.5 134.8 28.4 132.9 28.2 131.1
  28.2 129.3 28.2 127.6 28.3 125.9 28.4 124.4 28.5 123.0 28.5 121.7 28.5 120.3
  28.5 119.0 28.5 117.6 28.6 116.2 28.7 114.9 28.8 113.6 29.0 112.4 29.1 111.1
  29.0 109.9 28.9 108.7 28.9 107.5 28.8 106.3 28.7 105.2 28.6 104.0 28.4 102.9
  28.5 101.8 28.6 100.8 28.7  99.8 28.7  98.9 28.7  97.9 28.8  97.1 28.8  96.2
  28.8  95.4 28.8  94.6 28.8  93.8 28.8  93.0 28.8  92.3 28.8  91.6 28.9  90.9
  28.9  90.2 29.0  89.6 29.1  89.0 29.2  88.4 29.2  87.8 29.2  87.3 29.1  86.7
  29.1  86.2 29.0  85.7 28.9  85.2 28.8  84.7 28.6  84.2 28.5  83.8 28.5  83.3
  28.6  82.9 28.6  82.3 28.6  81.8 28.6  81.2 28.5  80.6 28.4  79.9 28.5  79.3
  28.6  78.7 28.7  78.1 28.7  77.5 28.7  77.0 28.7  76.4 28.6  75.9 29.0  75.3
  29.3  74.8 29.5  74.2 29.8  73.7 30.0  73.1 30.2  72.5 30.4  72.3 30.5  72.1
  30.7  71.9 31.0  71.7 31.3  71.6
   2  2 84  0.0
  72.5 321.4 71.9 322.2 71.4 323.2 70.9 324.1 70.5 324.9 70.2 325.6 69.8 326.3
  69.5 327.1 69.2 327.9 68.9 328.7 68.7 329.5 68.5 330.3 68.3 331.0 68.2 331.8
  68.1 332.6 68.0 333.3 67.9 333.9 67.8 334.5 67.8 335.0 67.7 335.5 67.6 336.0
  67.5 336.5 67.4 337.0 67.3 337.4 67.2 337.8 67.1 338.2 67.0 338.6 66.9 338.9
  66.8 339.2 66.8 339.5 66.7 339.7 66.6 340.0 66.6 340.2 66.5 340.3 66.4 340.5
  66.4 340.7 66.3 340.8 66.3 340.9 66.3 341.1 66.3 341.3 66.3 341.5 66.3 341.8
  66.3 342.1 66.4 342.5 66.4 342.9 66.4 343.3 66.5 343.8 66.5 344.4 66.5 345.0
  66.4 345.6 66.3 346.3 66.2 347.0 66.1 347.7 66.0 348.5 65.7 349.1 65.4 349.8
  65.1 350.3 64.8 350.9 64.5 351.5 64.1 352.0 63.7 352.5 63.2 352.4 62.7 352.4
  62.3 352.3 61.8 352.4 61.3 351.9 60.9 351.4 60.6 351.0 60.2 350.6 60.0 350.2
  59.7 349.2 59.6 348.2 59.5 347.0 59.5 345.7 59.6 344.5 59.6 343.2 59.6 342.0
  59.5 340.9 59.5 339.7 59.4 338.6 59.4 337.4 59.4 336.2 59.5 334.9 59.5 333.6
  59.6 332.2 59.8 330.8 59.8 329.5 59.9 328.1 59.9 326.8 59.9 325.6 59.9 324.5
  60.0 323.4 59.8 322.4 59.7 321.4 59.6 320.3 59.7 319.3 59.4 318.2 59.3 317.1
  59.1 316.2 58.9 315.3 58.6 314.5 58.2 313.8 57.9 313.1 57.6 312.1 57.4 311.2
  57.0 310.3 56.6 309.4 56.2 308.5 55.8 307.7 55.1 306.4 54.4 305.1 53.9 303.9
  53.1 302.5 52.3 301.2 51.6 299.9 50.8 298.4 50.0 297.0 49.3 295.6 48.6 294.0
  47.9 292.3 47.2 290.3 46.5 288.3 45.8 286.2 45.4 284.3 44.9 282.5 44.6 280.7
  44.3 279.0 44.3 277.4 44.3 275.8 44.5 274.2 44.7 272.6 44.9 271.2 45.4 269.8
  45.9 268.5 46.4 267.3 46.9 266.0 47.5 264.8 48.0 263.6 48.7 262.3 49.4 261.0
  50.2 259.7 51.0 258.4 51.7 257.1 52.5 255.7 53.2 254.4 53.9 253.1 54.6 251.7
  55.3 250.3 56.0 248.9 56.8 247.4 57.3 245.9 57.9 244.3 58.5 242.6 59.0 240.9
  59.4 239.1 59.6 237.3 59.9 235.5 59.9 233.8 59.9 232.1 60.0 230.4 60.0 228.8
  60.0 227.1 60.0 225.5 60.0 223.8 59.9 222.0 59.8 220.4 59.8 218.8 59.6 217.2
  59.4 215.8 59.1 214.5 58.8 213.3 58.5 212.1 58.2 211.0 57.8 209.9 57.5 209.0
  57.1 208.0 56.8 207.0 56.5 205.9 56.2 204.9 55.8 203.8 55.5 202.7 55.1 201.6
  54.7 200.7 54.3 199.9 53.9 199.1 53.4 198.4 53.0 197.8 52.6 197.2 52.1 196.6
  51.7 196.0 51.4 195.3 50.9 194.6 50.5 193.9 50.2 193.1 49.8 192.5 49.4 191.6
  49.0 190.9 48.6 190.3 48.3 189.7 47.9 189.2 47.6 188.5 47.4 187.8 47.2 187.1
  47.1 186.5 47.0 186.0 46.9 185.5 46.8 185.0 46.8 184.7 46.6 184.4 46.5 184.2
  46.4 184.1 46.2 184.1 46.1 184.2 45.9 184.3 45.7 184.1 45.5 184.0 45.2 184.0
  45.5 184.0 45.8 184.0 45.5 184.0 45.3 184.1 44.9 184.1 44.6 184.1 44.2 184.1
  43.8 184.2 43.3 183.8 43.4 183.4 43.3 183.0 43.3 182.7 43.2 182.5 43.1 182.1
  42.9 181.8 42.8 181.4 42.6 181.0 42.4 180.6 42.2 180.2 41.9 179.8 42.1 179.0
  42.4 178.7 42.6 178.4 42.8 178.1
   2  3 84  0.0
  72.5 321.4 72.0 321.9 71.6 322.4 71.2 322.9 70.7 323.4 70.2 324.0 69.7 324.5
  69.3 325.0 69.0 325.5 68.6 326.0 68.1 326.5 67.6 326.9 67.1 327.2 66.6 327.5
  66.1 327.8 65.6 328.0 65.1 328.0 64.7 328.0 64.2 327.9 63.7 327.7 63.2 327.1
  62.7 326.4 62.1 325.7 61.5 325.0 60.8 323.8 60.0 322.6 59.2 321.3 58.5 320.0
  57.9 318.7 57.3 317.3 56.7 316.0 56.1 314.8 55.5 313.5 54.9 312.5 54.2 311.6
  53.4 310.7 52.5 310.1 51.5 309.6 50.4 308.9 49.2 308.2 48.2 307.2 47.1 306.2
  46.1 304.9 45.0 303.9 43.9 302.6 42.7 301.3 41.4 300.0 40.2 298.2 39.0 296.4
  37.7 294.0 37.0 291.8 36.4 289.7 35.7 287.9 35.4 286.0 35.1 284.1 34.7 282.2
  35.0 280.3 35.3 278.5 35.8 276.8 36.3 275.2 36.7 273.8 37.1 272.5 37.6 271.2
  38.3 270.0 39.0 269.0 39.8 268.1 40.6 267.2 41.5 266.3 42.3 265.5 43.1 264.6
  43.8 263.7 44.5 262.9 45.1 262.0 45.8 261.1 46.4 260.3 47.2 259.5 48.0 258.7
  48.9 257.8 49.7 256.9 50.4 256.0 51.1 254.9 51.8 253.8 52.4 252.7 53.1 251.4
  53.6 250.1 54.1 248.8 54.6 247.3 55.1 245.8 55.5 244.4 56.0 242.9 56.3 241.5
  56.7 240.0 56.8 238.4 57.0 236.9 57.1 235.3 57.1 233.7 57.1 232.1 57.1 230.5
  56.9 228.9 56.8 227.3 56.6 225.7 56.3 224.2 56.0 222.7 55.6 221.3 55.1 219.9
  54.4 218.6 53.6 217.3 52.9 216.1 52.1 214.9 51.1 213.7 50.3 212.5 49.4 211.3
  48.5 210.1 47.6 208.9 46.7 207.8 45.8 206.7 44.8 205.7 43.8 204.6 42.9 203.5
  41.9 202.4 41.0 201.3 40.1 200.0 39.3 198.6 38.6 197.3 37.9 195.8 37.0 194.5
  36.2 193.1 35.5 191.5 34.6 190.2 33.9 188.6 33.2 187.3 32.4 185.7 31.7 184.1
  31.0 182.5 30.7 180.6 30.3 178.6 30.0 176.3 29.6 174.3 29.1 172.1 28.5 169.8
  28.1 167.4 27.9 164.8 27.7 162.7 27.6 160.6 27.5 158.5 27.4 156.4 27.3 154.3
  27.4 152.2 27.4 150.1 27.4 148.0 27.4 146.0 27.4 143.9 27.4 141.8 27.4 139.8
  27.3 137.7 27.2 135.6 27.1 133.7 27.0 131.8 27.2 130.1 27.3 128.5 27.5 126.9
  27.6 125.4 27.8 123.9 27.8 122.4 27.8 120.9 27.8 119.4 27.9 117.9 28.0 116.5
  28.1 115.1 28.2 114.0 28.3 112.9 28.3 111.7 28.2 110.6 28.2 109.4 28.1 108.2
  28.1 107.0 28.1 105.8 28.1 104.7 28.1 103.5 28.1 102.4 28.0 101.4 28.0 100.5
  28.0  99.6 27.9  98.3 27.9  97.2 27.8  96.0 27.9  94.8 28.0  93.7 28.1  92.9
  28.3  92.2 28.4  91.4 28.3  90.6 28.3  89.8 28.2  89.0 28.1  88.2 28.1  87.5
  27.9  86.7 27.7  85.7 27.6  84.7 27.4  83.7 27.5  82.6 27.5  81.5 27.6  80.4
  27.6  79.2 27.7  78.0 27.8  76.9 27.9  75.6 28.0  74.4 28.2  73.5 28.4  72.5
  28.6  71.6 28.8  70.8 29.1  70.0 29.3  69.2 29.5  68.4 29.7  67.6 30.1  66.8
  30.6  66.2 31.0  65.5 31.3  64.8 31.6  64.1 31.9  63.4 32.2  62.8 32.5  62.1
  32.8  61.5 33.0  60.9 33.2  60.3 33.3  59.6 33.6  59.0 34.0  58.4 34.3  57.7
  34.6  57.2 34.8  56.7 35.0  56.2 35.1  55.7 35.5  55.1 35.8  54.7 36.2  54.2
  36.5  53.8 36.8  53.5 37.0  53.1
   2  4 84  0.0
  72.5 321.4 72.2 322.9 71.8 324.3 71.5 325.7 71.1 327.0 70.8 328.3 70.4 329.4
  70.1 330.5 69.7 331.4 69.4 332.2 69.0 332.9 68.6 333.5 68.2 334.1 67.8 334.7
  67.5 335.1 67.1 335.5 66.8 335.9 66.4 336.3 66.0 336.6 65.6 337.0 65.2 337.4
  64.8 337.8 64.5 338.3 64.1 338.8 63.8 339.4 63.6 339.9 63.3 340.3 62.8 340.6
  62.3 340.8 61.8 340.8 61.3 340.1 60.8 339.4 60.3 338.6 59.7 337.8 59.1 336.4
  58.4 335.0 57.6 333.7 56.7 331.8 55.9 330.0 55.2 327.7 54.5 325.5 53.7 323.5
  53.0 321.5 52.1 319.6 51.3 317.9 50.5 315.9 49.7 314.1 48.8 312.1 47.9 310.3
  47.2 308.4 46.3 306.6 45.8 305.1 45.1 303.4 44.7 301.9 44.1 300.5 43.5 299.2
  43.2 297.9 42.9 296.7 42.5 295.6 42.3 294.7 42.1 293.7 41.9 292.9 41.6 291.9
  41.6 290.9 41.6 289.9 41.6 289.0 41.7 288.2 41.8 287.3 42.0 286.6 42.2 285.8
  42.4 285.4 42.6 284.9 42.9 284.5 43.1 284.1 43.3 283.7 43.5 283.3 43.6 282.9
  43.8 282.6 43.9 282.2 44.0 281.9 44.1 281.6 44.2 281.3 44.3 281.0 44.3 280.6
  44.4 280.2 44.4 279.8 44.7 279.3 44.9 278.8 45.1 278.4 45.2 277.9 45.4 277.4
  45.5 276.8 45.6 276.3 45.7 275.8 46.1 275.2 46.5 274.5 46.9 273.8 47.4 273.1
  47.8 272.4 48.2 271.7 48.7 271.0 49.2 270.3 49.7 269.5 50.1 268.8 50.6 268.1
  51.1 267.4 51.9 266.7 52.7 266.0 53.6 265.2 54.4 264.4 55.2 263.3 55.9 262.2
  56.5 261.1 57.2 259.9 57.8 258.6 58.5 257.3 59.2 255.8 60.0 254.2 60.8 252.5
  61.6 250.5 62.3 248.5 63.1 246.2 63.6 243.9 64.0 241.6 64.4 239.2 64.8 236.9
  65.2 234.4 65.4 231.8 65.6 229.2 65.8 226.7 65.8 224.1 65.9 221.5 65.8 219.0
  65.7 216.7 65.5 214.6 65.4 212.6 65.2 210.7 65.0 208.8 64.8 206.9 64.7 205.2
  64.5 203.5 64.3 201.9 64.1 200.4 63.9 199.0 63.7 198.0 63.4 197.1 63.2 196.2
  62.9 195.4 62.6 194.7 62.3 193.9 62.0 193.2 61.6 192.5 61.3 191.8 61.1 191.0
  60.8 190.2 60.5 189.4 60.2 188.6 59.8 187.8 59.6 187.1 59.3 186.4 59.1 185.7
  58.8 185.2 58.6 184.6 58.3 184.1 58.1 183.6 57.9 183.2 57.8 182.8 57.6 182.5
  57.5 182.1 57.4 181.8 57.2 181.4 57.1 181.1 57.0 180.8 56.9 180.6 56.8 180.3
  56.7 180.1 56.6 179.9 56.6 179.7 56.6 179.5 56.6 179.4 56.7 179.2 56.7 179.1
  56.8 179.0 56.8 179.0 56.9 178.9 56.9 178.9 57.0 178.8 57.0 178.8 57.1 178.9
  57.1 178.9 57.2 179.0 57.2 179.0 57.3 179.1 57.3 179.3 57.4 179.4 57.4 179.5
  57.5 179.6 57.5 179.7 57.6 179.8 57.6 179.9 57.7 180.0 57.5 180.1 57.4 180.2
  57.3 180.3 57.1 180.4 57.0 180.5 56.8 180.6 56.7 180.7 56.5 180.7 56.4 180.8
  56.3 180.9 56.1 181.0 56.0 181.1 55.9 181.2 55.7 181.2 55.6 181.2 55.5 181.3
  55.3 181.3 55.2 181.3 55.0 181.3 54.8 181.2 54.6 181.2 54.4 181.2 54.2 181.1
  54.0 181.0 53.8 180.8 53.5 180.5 53.3 180.3 53.0 180.0 53.0 179.7 53.1 179.5
  53.1 179.2 53.1 178.9 53.1 178.6 53.1 178.3 53.2 178.1 53.2 177.8 53.2 177.5
  53.2 177.2 53.3 177.0 53.3 176.7
   2  5 84  0.0
  72.5 321.4 72.0 323.0 71.5 324.5 71.1 325.9 70.7 327.2 70.2 328.5 69.8 329.7
  69.4 330.8 69.0 331.8 68.5 332.8 68.0 333.6 67.5 334.4 67.0 334.9 66.4 335.3
  65.9 335.7 65.3 335.8 64.7 335.9 64.1 335.9 63.5 335.9 62.8 335.7 62.1 335.4
  61.4 335.1 60.6 334.2 59.8 333.4 58.9 332.0 57.9 330.7 57.2 329.1 56.6 327.3
  56.4 325.5 56.2 323.6 56.3 321.8 56.4 319.9 56.6 318.1 56.8 316.2 56.9 314.4
  57.0 312.6 57.0 310.9 56.7 309.2 56.3 307.6 55.8 306.2 55.3 304.6 54.7 303.1
  54.6 301.7 54.4 300.2 54.2 298.8 54.7 297.3 55.2 295.8 56.1 294.3 57.0 292.9
  57.8 291.4 58.6 289.7 59.3 288.2 59.9 286.6 60.4 284.9 61.0 283.5 61.5 281.9
  62.1 280.3 62.6 279.1 63.2 277.8 63.7 276.4 64.2 274.8 64.7 273.5 65.1 272.1
  65.4 270.5 65.8 268.8 66.1 266.9 66.6 265.4 67.1 263.7 67.5 261.9 67.9 259.9
  68.3 257.6 68.7 255.9 69.0 253.9 69.4 251.9 69.6 249.8 69.9 247.6 70.1 245.4
  70.4 243.9 70.6 242.3 70.9 240.6 71.1 238.9 71.2 237.1 71.4 235.3 71.5 233.4
  71.6 231.5 71.6 229.7 71.6 227.9 71.6 226.3 71.6 224.7 71.6 223.3 71.6 221.9
  71.6 220.5 71.5 219.2 71.4 218.0 71.4 216.8 71.2 215.6 71.1 214.4 71.0 213.3
  70.9 212.2 70.8 211.0 70.8 209.9 70.7 208.7 70.7 207.6 70.7 206.4 70.8 205.1
  70.8 203.8 71.0 202.5 71.2 201.1 71.3 199.7 71.6 198.2 71.9 196.6 72.2 195.1
  72.6 194.0 73.0 192.9 73.3 191.6 73.7 190.3 74.0 188.7 74.3 187.0 74.7 185.7
  75.0 184.3 75.3 182.6 75.6 180.8 75.9 178.8 76.1 176.6 76.4 175.2 76.8 173.6
  77.1 171.7 77.5 169.6 77.8 167.3 78.1 164.7 78.6 163.5 79.0 162.1 79.3 160.5
  79.7 158.6 80.1 156.4 80.5 156.4 80.9 156.3 81.3 156.0 81.7 155.5 82.2 154.9
  82.7 157.0 83.2 159.3 83.6 161.9 83.9 164.9 84.1 168.0 84.3 173.2 84.4 178.3
  84.5 183.1 84.4 187.6 84.4 191.6 84.2 195.1 84.1 198.1 83.9 200.8 83.8 201.4
  83.7 201.9 83.6 202.3 83.5 202.6 83.5 202.7 83.4 202.9 83.4 203.0 83.4 203.2
  83.3 203.4 83.3 203.6 83.3 203.7 83.3 203.9 83.4 204.2 83.4 204.4 83.4 204.6
  83.5 204.8 83.6 205.1 83.6 205.5 83.7 206.0 83.7 206.7 83.8 207.5 83.9 208.5
  83.9 209.7 84.0 211.0 84.0 212.4 84.0 213.9 84.1 215.5 84.1 217.1 84.0 218.8
  84.0 220.6 84.0 222.5 84.0 224.6 84.0 226.7 84.0 229.0 84.0 231.3 84.0 233.6
  83.9 236.0 83.9 238.4 83.8 240.9 83.8 243.4 83.7 245.9 83.6 248.4 83.5 251.0
  83.4 253.5 83.2 256.1 83.0 258.5 82.8 260.9 82.5 263.3 82.1 265.5 81.8 267.6
  81.5 268.5 81.2 269.3 80.8 270.0 80.4 270.8 80.1 271.5 79.7 272.3 79.3 272.0
  78.9 271.7 78.5 271.5 78.2 271.2 77.8 270.9 77.4 270.0 77.0 269.1 76.7 268.2
  76.3 267.3 75.9 266.4 75.6 265.3 75.2 264.2 74.9 263.2 74.6 262.1 74.3 261.1
  74.0 260.0 73.7 259.0 73.5 258.1 73.3 257.2 73.1 256.2 72.9 255.3 72.8 254.3
  72.7 253.3 72.6 252.3 72.4 251.3 72.4 250.4 72.4 249.5 72.4 248.6 72.4 247.7
  72.4 246.9 72.5 246.1 72.6 245.4
   2  6 84  0.0
  72.5 321.4 72.4 322.6 72.4 323.9 72.3 325.2 72.2 326.6 72.2 328.0 72.1 329.5
  72.0 331.0 71.9 332.9 71.8 334.8 71.7 336.5 71.5 338.2 71.4 339.7 71.1 341.2
  70.9 342.6 70.7 343.9 70.4 345.1 70.2 346.3 70.0 347.5 69.8 348.6 69.6 349.7
  69.4 350.8 69.1 351.8 68.9 352.9 68.5 353.9 68.0 354.9 67.6 355.7 67.2 356.5
  66.7 357.1 66.1 357.6 65.6 358.0 65.1 357.9 64.5 357.8 64.0 357.6 63.5 357.4
  63.0 356.5 62.5 355.6 61.8 354.7 61.2 353.5 60.5 352.5 59.9 351.4 59.3 349.9
  58.7 348.4 58.1 347.0 57.4 345.7 56.8 344.0 56.1 342.3 55.4 340.7 54.6 338.8
  53.7 337.1 52.8 335.1 52.0 333.2 51.1 331.3 50.4 329.4 49.6 327.6 49.1 325.9
  48.6 324.2 48.0 322.7 47.7 321.1 47.4 319.5 47.4 318.0 47.3 316.6 47.1 315.1
  47.0 313.7 46.8 312.3 46.5 311.0 46.2 309.6 45.9 308.3 45.6 306.9 45.3 305.4
  45.1 303.9 45.2 302.3 45.3 300.7 45.4 299.0 45.8 297.4 46.3 296.0 46.8 294.5
  47.2 293.1 47.7 291.7 48.0 290.4 48.4 288.9 48.7 287.5 49.1 286.0 49.5 284.7
  50.0 283.3 50.6 282.0 51.2 280.8 51.8 279.7 52.2 278.6 52.7 277.4 53.1 276.2
  53.6 275.0 54.1 273.9 54.5 272.6 55.1 271.5 55.6 270.4 56.2 269.3 56.9 268.1
  57.6 266.9 58.1 265.7 58.8 264.4 59.4 263.0 59.9 261.7 60.4 260.5 61.0 258.9
  61.4 257.5 61.9 256.0 62.4 254.6 62.7 252.9 63.2 251.2 63.5 249.5 63.9 247.8
  64.1 246.2 64.4 244.2 64.7 242.3 64.9 240.5 65.1 238.6 65.2 236.8 65.4 234.9
  65.4 233.1 65.5 231.4 65.5 229.7 65.5 228.1 65.6 226.4 65.5 224.8 65.4 223.1
  65.2 221.4 65.0 219.8 64.7 218.3 64.5 216.8 64.3 215.3 63.9 213.9 63.7 212.8
  63.4 211.7 63.0 210.7 62.7 209.8 62.3 209.0 61.9 208.3 61.5 207.7 61.1 207.1
  60.6 206.6 60.2 206.1 59.7 205.7 59.2 205.1 58.7 204.5 58.3 203.9 57.8 203.4
  57.2 202.8 56.7 202.3 56.2 201.9 55.7 201.4 55.2 200.8 54.7 200.2 54.2 199.6
  53.7 199.0 53.2 198.3 52.8 197.7 52.3 197.0 51.8 196.4 51.3 195.8 50.9 195.2
  50.5 194.6 50.1 194.0 49.7 193.4 49.4 192.7 49.0 191.9 48.8 191.2 48.5 190.4
  48.3 189.6 48.0 188.8 47.8 188.0 47.5 187.1 47.3 186.3 47.0 185.4 46.7 184.6
  46.5 183.8 46.3 183.1 46.1 182.3 46.0 181.5 45.8 180.7 45.7 179.8 45.7 179.0
  45.6 178.2 45.6 177.6 45.6 176.9 45.5 176.4 45.5 175.9 45.5 175.5 45.6 175.2
  45.6 174.9 45.7 174.6 45.8 174.4 45.8 174.2 45.9 174.0 46.0 173.8 46.1 173.6
  46.1 173.4 46.2 173.2 46.2 172.9 46.3 172.7 46.3 172.4 46.3 172.1 46.3 171.8
  46.2 171.5 46.1 171.2 46.0 170.8 45.8 170.5 45.7 170.1 45.5 169.8 45.4 169.5
  45.3 169.2 45.1 168.9 45.0 168.6 44.9 168.3 44.9 167.9 44.8 167.6 44.8 167.3
  44.8 167.0 44.8 166.8 44.8 166.5 44.7 166.3 44.7 166.0 44.7 165.8 44.6 165.6
  44.5 165.5 44.5 165.3 44.4 165.1 44.3 165.0 44.2 164.8 44.1 164.7 44.0 164.6
  43.9 164.5 43.9 164.3 43.8 164.1 43.8 163.9 43.8 163.7 43.9 163.6 44.0 163.4
  44.1 163.3 44.2 163.3 44.4 163.2
   2  7 84  0.0
  72.5 321.4 72.4 322.3 72.4 323.1 72.3 323.8 72.3 324.4 72.5 325.0 72.6 325.6
  72.8 326.1 73.0 326.6 73.2 327.1 73.4 327.5 73.7 328.0 73.9 328.4 74.3 328.8
  74.6 329.8 74.9 330.9 75.1 332.0 75.4 333.2 75.6 334.4 75.9 335.7 76.0 337.0
  76.3 338.9 76.5 340.8 76.7 342.8 76.9 344.9 77.2 346.9 77.3 349.1 77.5 351.3
  77.6 353.6 77.7 355.9 77.8 358.2 77.8   0.4 77.9   0.9 77.9   1.3 77.9   1.8
  77.9   2.2 78.0   2.6 78.0   3.0 77.9   3.4 77.9   3.8 77.9   4.2 77.8   4.6
  77.7   4.9 77.6   5.3 77.5   5.6 77.3   5.9 77.1   6.2 76.9   6.5 76.7   6.8
  76.4   7.1 76.1   7.3 75.8   7.6 75.5   7.8 75.3   8.0 75.0   8.1 74.7   8.3
  74.5   8.5 74.3   8.7 74.0   8.8 73.8   9.0 73.5   9.2 73.3   9.4 73.0   9.6
  72.8   9.7 72.5   9.8 72.3   9.9 72.0  10.0 71.8  10.1 71.5  10.2 71.3  10.3
  71.0  10.4 70.8  10.4 70.6  10.5 70.3  10.5 70.1  10.5 69.8  10.5 69.6  10.6
  69.4  10.7 69.1  10.8 68.9  10.8 68.7  10.8 68.4  10.8 68.2  10.8 67.9  10.7
  67.6  10.7 67.4  10.7 67.1  10.7 66.9  10.6 66.6  10.5 66.3  10.4 66.0  10.3
  65.8  10.1 65.5  10.1 65.2  10.0 65.0   9.9 64.7   9.8 64.5   9.7 64.2   9.6
  64.0   9.4 63.8   9.5 63.6   9.5 63.4   9.6 63.2   9.6 63.0   9.7 62.8   9.7
  62.7   9.7 62.5   9.8 62.3   9.8 62.2   9.8 62.0   9.8 61.8  10.0 61.7  10.1
  61.5  10.3 61.3  10.4 61.1  10.5 61.0  10.6 60.8  10.7 60.6  10.8 60.4  10.8
  60.2  10.9 60.0  10.9 59.8  10.9 59.7  11.0 59.5  11.0 59.3  11.1 59.2  11.1
  59.0  11.2 58.8  11.2 58.7  11.3 58.5  11.3 58.3  11.3 58.2  11.4 58.0  11.4
  57.9  11.4 57.7  11.5 57.6  11.5 57.4  11.6 57.3  11.7 57.1  11.7 56.9  11.8
  56.7  11.9 56.5  11.9 56.2  12.0 56.0  12.0 55.7  12.1 55.4  12.1 55.1  12.1
  54.7  12.1 54.4  12.1 54.0  12.1 53.6  12.0 53.2  11.8 52.8  11.7 52.4  11.5
  51.9  11.4 51.5  11.1 51.1  10.8 50.6  10.5 50.2  10.2 49.9   9.9 49.6   9.5
  49.4   9.0 49.2   8.6 49.0   8.1 48.9   7.6 48.7   7.1 48.5   6.6 48.4   6.1
  48.4   5.6 48.3   5.1 48.3   4.5 48.3   3.9 48.2   3.4 48.2   2.7 48.2   2.1
  48.3   1.5 48.4   0.8 48.6   0.2 48.8 359.6 49.0 358.6 49.1 357.6 49.3 356.6
  49.5 355.5 49.7 354.4 49.9 353.2 50.1 352.0 50.3 350.7 50.5 349.3 50.7 347.9
  50.8 346.4 50.9 344.9 51.0 343.4 51.0 341.9 51.0 340.4 51.0 338.8 50.9 337.1
  50.8 335.3 50.7 333.4 50.5 331.5 50.3 329.7 50.0 327.8 49.7 325.9 49.3 324.2
  49.0 322.4 48.5 320.5 48.0 318.6 47.4 316.7 46.8 314.9 46.1 313.2 45.5 311.5
  44.9 309.9 44.2 308.3 43.5 306.7 42.8 305.1 42.2 303.5 41.5 301.9 40.8 300.4
  40.0 299.0 39.3 297.6 38.6 296.1 37.9 294.6 37.4 293.2 36.9 291.7 36.5 290.2
  36.0 288.8 35.5 287.3 35.0 285.9 34.5 284.3 34.0 282.8 33.6 281.2 33.3 279.6
  33.2 278.1 33.0 276.6 32.9 275.2 32.7 273.7 32.6 272.3 32.4 270.9 32.5 269.6
  32.5 268.2 32.6 266.9 32.9 265.7
   2  8 84  0.0
  72.5 321.4 72.2 321.7 72.0 322.0 71.7 322.2 71.4 322.5 71.0 322.8 70.6 323.1
  70.1 323.4 69.5 323.7 69.0 324.2 68.7 324.7 68.4 325.3 68.0 325.8 67.6 326.2
  67.2 326.6 66.9 326.9 66.6 327.3 66.3 327.6 66.0 327.9 65.7 327.7 65.5 327.4
  65.2 327.1 65.0 326.7 64.9 326.4 64.7 326.0 64.5 325.6 64.4 325.3 64.3 325.1
  64.1 325.0 64.0 325.0 63.9 325.0 63.9 323.9 63.7 322.8 63.5 321.7 63.4 320.7
  63.3 319.6 63.1 318.6 62.9 317.5 62.8 316.3 62.7 315.0 62.6 313.6 62.6 312.2
  62.6 310.8 62.7 309.4 62.7 308.1 62.9 306.7 62.9 305.4 62.9 304.0 63.0 302.6
  62.8 301.3 62.7 299.9 62.6 298.5 62.4 297.1 62.3 295.7 62.4 294.3 62.4 293.0
  62.5 291.8 62.7 290.5 62.9 289.3 63.1 288.1 63.3 286.9 63.7 285.6 64.0 284.4
  64.4 283.6 64.9 282.8 65.3 282.0 65.7 281.1 66.0 280.1 66.4 279.5 66.9 278.7
  67.3 277.8 67.7 276.9 68.1 275.9 68.6 275.1 69.1 274.3 69.5 273.5 69.9 272.5
  70.2 271.6 70.7 271.0 71.2 270.2 71.6 269.4 72.0 268.5 72.3 267.4 73.0 266.9
  73.6 266.2 74.2 265.3 74.7 265.2 75.2 264.9 75.6 264.6 76.0 264.3 76.3 263.9
  76.9 264.4 77.2 265.0 77.5 265.6 77.8 266.3 78.1 266.9 78.5 268.6 78.7 270.5
  78.9 272.6 79.0 274.8 79.0 277.2 78.9 279.7 78.9 282.2 78.5 284.7 78.1 287.1
  77.6 289.4 77.2 291.0 76.8 292.7 76.2 294.3 75.7 295.8 75.3 297.0 74.8 298.3
  74.4 299.6 74.0 300.9 73.5 302.1 73.0 303.2 72.6 304.4 71.8 305.5 71.2 306.2
  70.5 306.9 69.8 307.5 69.1 307.6 68.5 307.8 68.0 308.1 67.3 308.0 66.7 307.9
  66.3 307.8 65.9 307.8 65.5 307.1 65.1 306.5 64.7 305.8 64.3 305.1 63.9 304.5
  63.5 303.4 63.2 302.5 62.8 301.6 62.4 300.9 62.0 300.2 61.6 299.6 61.3 298.6
  60.9 297.7 60.6 296.8 60.2 295.8 59.8 294.9 59.5 293.4 59.1 291.9 59.0 290.3
  58.8 288.7 58.7 287.1 58.9 285.5 59.0 283.7 59.3 281.9 59.6 280.1 59.9 278.2
  60.4 276.3 61.0 274.8 61.7 273.3 62.4 271.7 63.3 270.5 64.0 269.1 64.8 267.9
  65.5 266.6 66.1 265.1 66.8 264.0 67.4 262.7 68.0 261.2 68.6 260.2 69.2 259.1
  69.7 257.9 70.1 256.6 70.6 255.8 70.9 254.8 71.3 253.8 71.6 252.7 71.9 251.5
  72.2 250.2 72.5 249.7 72.8 249.2 73.1 248.7 73.3 248.1 73.6 247.5 73.8 246.9
  74.0 246.2 74.3 246.5 74.6 246.9 74.9 247.3 75.1 247.7 75.4 248.2 75.6 248.8
  75.7 249.4 75.9 250.2 76.0 251.0 76.2 252.5 76.2 254.1 76.2 255.6 76.2 257.1
  76.1 258.6 76.0 260.0 75.9 261.3 75.7 262.2 75.5 262.9 75.4 263.6 75.2 264.2
  75.0 264.7 74.7 265.1 74.5 265.5 74.2 265.9 74.0 266.3 73.8 266.2 73.6 266.1
  73.4 266.0 73.2 265.9 73.0 265.9 72.8 266.0 72.6 266.0 72.4 266.1 72.2 266.3
  72.0 266.4 71.8 266.6 71.7 266.2 71.5 265.8 71.4 265.4 71.2 264.8 71.1 264.3
  71.0 263.7 71.0 263.0 71.0 262.2 71.0 261.4 70.9 260.4 70.9 259.4 70.9 258.4
  70.9 257.5 70.9 256.5 70.9 255.5 70.9 254.5 70.9 253.5 71.0 252.4 71.0 251.2
  71.1 250.0 71.2 248.7 71.2 247.3
   2  9 84  0.0
  72.5 321.4 71.9 321.2 71.4 320.9 70.8 320.7 70.2 320.4 69.5 320.3 68.8 319.8
  68.0 319.4 67.2 318.9 66.5 318.2 65.8 317.5 65.2 316.5 64.6 315.4 64.0 314.3
  63.4 313.1 62.9 312.1 62.4 310.9 61.9 309.7 61.6 308.7 61.2 307.7 60.9 306.6
  60.6 305.5 60.3 304.4 59.9 303.2 59.6 302.4 59.3 301.7 59.0 300.9 58.6 300.1
  58.3 299.4 58.1 298.5 57.9 297.7 57.7 297.2 57.6 296.6 57.5 296.0 57.4 295.4
  57.3 294.7 57.2 294.1 57.2 293.4 57.1 292.7 57.1 292.1 57.1 291.5 57.1 290.9
  57.1 290.3 57.2 289.7 57.2 289.2 57.4 288.6 57.5 288.1 57.7 287.5 57.9 287.0
  58.1 286.5 58.3 285.9 58.5 285.4 58.8 284.8 59.0 284.2 59.2 283.7 59.4 283.2
  59.6 282.7 59.8 282.2 60.0 281.7 60.2 281.2 60.5 280.6 60.8 280.0 60.9 279.3
  61.0 278.6 61.1 277.9 61.3 277.1 61.5 276.4 61.8 275.6 62.0 274.8 62.2 274.0
  62.4 273.2 62.7 272.3 63.0 271.3 63.2 270.4 63.3 269.4 63.5 268.4 63.7 267.4
  63.9 266.4 64.1 265.3 64.4 264.2 64.7 263.0 64.9 261.8 65.2 260.6 65.5 259.4
  65.7 258.1 66.0 256.8 66.3 255.5 66.5 254.1 66.8 252.8 67.0 251.3 67.3 249.9
  67.5 248.3 67.8 246.7 67.9 245.1 68.1 243.4 68.3 241.6 68.4 239.8 68.5 238.0
  68.6 236.2 68.6 234.4 68.6 232.5 68.6 230.6 68.5 228.6 68.4 226.7 68.2 224.8
  68.0 222.9 67.7 221.1 67.4 219.4 67.1 217.7 66.7 216.1 66.3 214.6 65.9 213.3
  65.5 212.4 65.1 211.6 64.6 210.8 64.2 210.0 63.8 209.3 63.3 208.9 62.8 208.5
  62.3 208.1 61.6 207.7 61.1 207.4 60.6 207.2 60.0 206.9 59.4 206.9 58.9 206.8
  58.3 206.7 57.7 206.5 57.1 206.5 56.6 206.4 56.0 206.2 55.4 206.0 54.7 205.7
  54.0 205.4 53.3 205.0 52.6 204.5 51.9 204.0 51.1 203.4 50.5 202.8 49.9 202.2
  49.3 201.7 48.7 201.1 48.1 200.6 47.6 199.9 47.2 199.8 46.8 199.6 46.5 199.3
  46.1 199.0 45.8 198.6 45.5 198.4 45.1 198.2 44.7 197.9 44.4 197.6 44.0 197.2
  43.6 197.0 43.2 196.8 42.8 196.6 42.5 196.3 42.1 196.0 42.0 195.5 41.9 195.0
  41.8 194.7 41.7 194.5 41.5 194.1 41.3 193.8 41.1 193.4 40.8 193.0 40.5 192.5
  40.2 192.0 39.8 191.6 39.8 191.5 39.7 191.4 39.5 191.1 39.4 190.7 39.3 190.2
  39.1 189.6 38.9 189.0 38.6 188.2 38.4 187.5 38.2 186.7 38.1 185.9 37.9 185.1
  37.6 184.5 37.4 184.0 37.6 183.4 37.8 182.7 38.0 182.0 38.1 181.3 38.3 180.5
  38.5 179.8 38.8 179.0 39.1 178.3 39.4 177.7 39.7 177.2 40.0 176.7 40.4 176.2
  40.8 175.7 41.2 175.3 41.6 174.9 42.0 174.5 42.4 174.2 42.8 173.9 43.3 173.8
  43.8 173.6 44.4 173.5 45.0 173.5 45.5 173.4 46.0 173.3 46.4 173.1 46.9 173.0
  47.3 172.9 47.7 172.8 48.0 172.7 48.4 172.5 48.8 172.5 49.1 172.4 49.4 172.4
  49.8 172.4 50.1 172.3 50.4 172.1 50.8 171.9 51.0 171.7 51.3 171.5 51.6 171.3
  51.8 171.0 52.1 170.8 52.4 170.3 52.8 169.7 53.1 169.2 53.4 168.6 53.7 167.9
  53.8 167.3 54.0 166.7 54.1 166.1 54.2 165.5 54.4 164.8 54.6 164.2 54.8 163.7
  54.8 163.1 54.8 162.6 54.8 162.1
   2 10 84  0.0
  72.5 321.4 71.9 321.0 71.3 320.8 70.6 320.7 69.9 320.6 69.1 320.5 68.4 320.5
  67.7 320.4 67.0 320.2 66.3 319.9 65.5 319.7 64.8 319.0 64.0 318.4 63.3 317.6
  62.6 316.8 61.9 315.9 61.3 315.1 60.8 314.3 60.2 313.6 59.6 313.0 59.0 312.3
  58.4 311.6 57.9 311.0 57.4 310.2 56.9 309.5 56.2 308.8 55.5 308.2 54.7 307.5
  54.1 307.0 53.4 306.5 52.8 305.8 52.0 305.1 51.2 304.5 50.4 303.7 50.0 302.9
  49.6 301.9 49.2 300.9 48.8 300.0 48.7 299.2 48.4 298.4 48.2 297.7 48.0 297.1
  47.8 296.4 47.5 295.9 47.6 295.4 47.6 294.8 47.6 294.4 47.6 293.9 47.7 293.5
  47.7 293.1 47.7 292.7 47.6 292.3 47.5 291.9 47.5 291.5 47.5 291.1 47.4 290.8
  47.3 290.5 47.2 290.2 47.1 289.9 46.9 289.7 46.7 289.5 46.5 289.3 46.3 289.1
  46.0 288.9 45.8 288.6 45.5 288.4 45.3 288.2 44.9 288.0 44.7 287.7 44.5 287.4
  44.3 287.1 44.0 286.7 43.7 286.4 43.4 286.0 43.1 285.7 42.8 285.4 42.5 285.1
  42.2 284.8 41.9 284.6 41.7 284.2 41.4 283.9 41.3 283.6 41.3 283.3 41.3 283.0
  41.4 282.7 41.4 282.5 41.4 282.2 41.4 282.0 41.3 281.8 41.3 281.6 41.2 281.5
  41.1 281.3 41.0 281.1 40.8 281.0 40.6 280.8 40.4 280.7 40.2 280.5 40.0 280.4
  39.6 279.8 39.4 279.2 39.2 278.7 38.9 278.2 38.5 277.7 38.1 277.3 37.7 276.9
  37.2 276.0 36.6 275.2 36.7 274.3 36.9 273.2 37.0 272.1 37.0 270.9 37.7 269.5
  38.2 268.0 39.5 266.7 40.8 265.4 41.9 264.6 42.9 263.8 44.4 263.1 45.9 262.4
  47.3 261.7 48.6 261.0 49.9 260.2 51.2 259.5 52.7 258.8 54.1 258.1 55.4 257.2
  56.5 256.2 57.6 255.0 58.7 253.7 59.9 252.3 60.9 250.8 62.0 249.4 63.1 248.1
  64.1 246.7 64.9 245.4 65.6 243.9 66.1 242.1 66.6 240.8 67.1 239.3 67.5 237.7
  67.9 236.0 68.2 234.2 68.6 233.1 69.0 232.0 69.4 230.8 69.7 229.7 70.1 228.6
  70.4 227.9 70.7 227.1 70.9 226.3 71.0 225.5 71.2 224.8 71.4 224.0 71.5 223.2
  71.6 222.5 71.7 221.8 71.8 221.2 71.9 220.6 72.0 220.1 72.2 219.8 72.3 219.6
  72.5 219.5 72.6 219.4 72.8 219.3 73.0 219.4 73.2 219.5 73.4 219.6 73.6 219.9
  73.9 220.2 74.1 220.5 74.4 220.6 74.6 220.7 74.9 220.9 75.1 221.2 75.3 221.5
  75.6 221.9 75.8 222.4 76.0 223.0 76.3 223.3 76.5 223.7 76.7 224.2 77.0 224.8
  77.2 225.4 77.4 226.1 77.6 226.7 77.8 227.3 78.0 227.9 78.3 228.3 78.5 228.7
  78.8 229.0 79.0 229.4 79.2 229.8 79.4 230.2 79.7 230.6 79.9 231.1 80.0 231.7
  80.2 232.3 80.4 233.0 80.6 233.7 80.8 234.6 81.0 235.6 81.1 236.6 81.3 237.8
  81.4 239.2 81.5 240.6 81.7 242.3 81.8 244.0 81.9 245.8 82.0 247.8 82.0 249.7
  82.1 251.4 82.2 253.2 82.3 255.0 82.3 256.8 82.3 258.7 82.3 260.6 82.3 262.5
  82.3 264.4 82.2 266.2 82.1 268.1 81.9 269.8 81.8 271.6 81.6 273.3 81.4 275.0
  81.2 276.5 81.0 277.8 80.7 279.1 80.4 280.2 80.1 281.2 79.8 282.1 79.6 283.3
  79.3 284.5 79.0 285.6 78.7 286.6 78.4 287.6 78.0 288.5 77.6 289.4 77.3 290.4
  77.0 291.4 76.6 292.3 76.2 293.2
   2 11 84  0.0
  72.5 321.4 72.5 321.7 72.5 321.9 72.5 322.3 72.5 322.6 72.5 323.0 72.4 323.5
  72.4 324.0 72.3 324.5 72.1 325.1 71.9 325.7 71.7 326.0 71.5 326.4 71.3 326.9
  71.1 327.2 70.8 327.4 70.5 327.6 70.1 327.6 69.7 327.4 69.2 326.9 68.6 326.5
  67.9 326.0 67.1 325.5 66.2 325.2 65.2 324.9 64.1 324.7 62.9 324.6 61.6 324.1
  60.4 323.4 59.3 322.6 58.3 321.6 57.1 320.7 56.0 319.8 55.0 319.1 54.0 318.4
  52.9 317.7 51.6 317.1 50.3 316.2 48.9 315.5 47.7 314.4 46.5 313.3 45.2 312.2
  44.0 311.0 43.0 309.8 42.0 308.6 40.9 307.5 40.2 306.2 39.4 305.0 38.5 303.5
  38.2 302.1 37.9 300.6 37.4 299.0 37.4 297.4 37.3 295.8 37.7 294.3 38.0 292.8
  38.3 291.3 39.0 290.2 39.6 289.1 40.2 287.9 40.9 286.9 41.5 285.9 42.1 284.9
  42.7 284.0 43.2 283.1 44.1 282.3 44.9 281.5 45.8 280.7 46.6 279.9 47.4 279.1
  48.2 278.3 49.0 277.3 49.8 276.3 50.6 275.3 51.4 274.2 52.2 273.2 53.1 272.1
  54.0 271.1 54.8 270.0 55.7 268.8 56.6 267.6 57.3 266.2 58.0 264.9 58.9 263.6
  59.5 262.4 60.2 261.2 60.9 259.8 61.5 258.4 62.0 256.9 62.7 255.3 63.1 253.6
  63.5 251.9 63.8 250.1 64.1 248.4 64.4 246.4 64.6 244.3 64.8 242.4 64.8 240.4
  64.8 238.6 64.7 236.7 64.6 234.8 64.4 233.0 64.2 231.2 63.9 229.5 63.6 228.1
  63.3 226.7 62.9 225.4 62.5 224.2 62.1 223.1 61.5 222.1 61.0 221.4 60.4 220.7
  59.9 220.0 59.3 219.5 58.6 219.0 58.0 218.5 57.3 218.1 56.7 217.7 56.1 217.3
  55.5 217.0 54.9 216.8 54.4 216.7 53.9 216.6 53.4 216.4 52.8 216.2 52.3 216.0
  51.7 215.8 51.2 215.4 50.6 215.1 50.1 214.8 49.7 214.6 49.3 214.2 48.9 213.8
  48.6 213.5 48.2 213.2 47.9 212.9 47.5 212.5 47.2 212.2 46.8 211.9 46.3 211.6
  45.9 211.3 45.5 211.0 45.1 210.8 44.7 210.6 44.4 210.4 44.0 210.2 43.6 210.0
  43.3 209.9 42.9 209.7 42.5 209.6 42.1 209.4 41.7 209.3 41.2 209.2 40.8 209.1
  40.4 208.9 39.9 208.8 39.5 208.6 39.0 208.3 38.6 208.0 38.1 207.7 37.5 207.2
  37.0 206.8 36.5 206.3 36.1 205.7 35.7 205.2 35.4 204.6 35.2 204.1 35.1 203.5
  34.9 202.8 34.6 202.2 34.4 201.5 34.3 200.8 34.1 200.1 34.0 199.3 33.7 198.5
  33.6 197.5 33.5 196.5 33.4 195.4 33.6 194.3 33.8 193.1 34.0 191.9 34.5 190.7
  34.9 189.6 35.3 188.5 35.7 187.3 36.1 186.0 36.4 184.9 36.7 183.7 36.8 182.4
  36.9 181.0 37.0 179.5 36.9 177.9 36.9 176.1 36.8 174.1 36.8 172.1 36.8 170.0
  36.8 168.0 36.9 165.9 37.1 163.8 37.2 161.8 37.4 159.8 37.4 157.9 37.4 156.1
  37.4 154.4 37.2 152.8 37.0 151.1 36.7 149.5 36.4 147.7 36.0 145.8 35.7 143.9
  35.4 142.0 35.1 140.1 34.7 138.1 34.5 136.1 34.2 134.1 34.0 132.0 33.8 129.9
  33.6 128.1 33.5 126.2 33.5 124.3 33.5 122.6 33.7 120.9 33.9 119.3 34.2 117.8
  34.5 115.9 34.7 114.1 35.0 112.5 35.3 111.1 35.5 109.7 35.8 108.5 36.1 107.4
  36.4 105.9 36.7 104.5 37.1 103.2 37.4 102.0 37.8 100.8 38.2  99.7 38.5  98.5
  38.9  97.3 39.2  96.1 39.6  95.0
   2 12 84  0.0
  72.5 321.4 72.3 320.5 72.2 319.8 72.1 319.1 72.0 318.4 71.9 317.8 71.8 317.1
  71.8 316.5 71.7 315.9 71.6 315.3 71.5 314.8 71.3 314.3 71.2 313.8 71.1 313.3
  71.0 312.9 70.9 312.6 70.8 312.3 70.8 312.2 70.7 312.0 70.6 311.9 70.5 311.9
  70.4 311.9 70.3 311.9 70.3 312.0 70.3 312.2 70.3 312.4 70.3 312.6 70.3 312.9
  70.2 313.2 70.2 313.6 70.1 314.0 69.9 314.5 69.8 314.6 69.6 314.8 69.4 315.0
  69.1 315.2 68.8 315.5 68.5 315.9 68.1 316.2 67.7 316.5 67.2 316.4 66.7 316.5
  66.1 316.5 65.4 316.6 64.7 316.5 64.0 316.5 63.2 316.2 62.4 315.9 62.0 315.8
  61.6 315.3 61.2 314.7 60.8 314.1 60.4 313.5 60.0 312.9 59.5 312.1 59.1 311.5
  58.7 310.9 58.4 310.4 57.9 309.9 57.5 309.8 57.0 309.7 56.4 309.7 55.8 309.7
  55.2 309.6 54.5 309.5 53.8 309.3 53.0 308.9 52.1 308.4 51.2 308.0 50.4 307.3
  49.6 306.6 48.8 305.8 47.9 305.1 47.0 304.3 46.1 303.5 45.6 302.6 45.1 301.6
  44.5 300.6 43.9 299.5 43.9 298.4 43.8 297.4 43.6 296.5 43.5 295.7 43.7 294.9
  44.0 294.2 44.2 293.4 44.5 292.6 44.6 291.8 45.0 291.0 45.3 290.2 45.5 289.4
  45.8 288.7 46.0 288.0 46.2 287.4 46.6 286.6 46.9 286.0 47.3 285.4 47.6 284.8
  47.9 284.3 48.1 283.9 48.7 283.3 49.2 282.7 49.7 282.1 50.1 281.6 50.4 280.8
  50.6 280.1 50.8 279.5 51.3 278.9 51.8 278.3 52.2 277.8 52.5 277.0 52.8 276.2
  53.1 275.5 53.7 274.7 54.3 274.0 54.8 273.0 55.2 271.9 55.9 270.8 56.6 269.8
  57.2 268.7 57.8 267.5 58.6 266.4 59.4 265.2 60.1 264.0 60.9 262.8 61.7 261.5
  62.3 260.1 62.9 258.7 63.6 257.2 64.2 255.6 64.8 254.1 65.3 252.4 65.9 250.5
  66.3 248.5 66.7 246.5 67.0 244.3 67.3 242.0 67.5 239.6 67.7 237.2 67.8 234.8
  67.9 232.4 68.1 230.2 68.1 228.1 68.2 226.2 68.3 224.3 68.4 222.5 68.4 220.8
  68.4 219.1 68.5 217.6 68.5 216.1 68.6 214.8 68.6 213.5 68.7 212.4 68.8 211.3
  68.9 210.3 69.1 209.4 69.2 208.6 69.4 207.9 69.6 207.3 69.8 206.7 70.0 206.1
  70.2 205.5 70.4 204.9 70.7 204.3 70.9 203.8 71.3 203.4 71.6 202.9 72.0 202.6
  72.5 202.3 72.9 202.0 73.4 201.8 73.8 201.5 74.3 201.2 74.7 201.2 75.2 201.3
  75.6 201.4 75.9 201.6 76.3 201.8 76.7 202.5 77.0 203.2 77.3 204.1 77.6 205.0
  77.8 205.9 78.1 206.5 78.3 207.4 78.6 208.1 78.8 208.9 78.9 209.5 79.1 210.0
  79.3 210.4 79.4 210.7 79.6 210.9 79.8 211.0 80.0 211.1 80.2 211.0 80.4 211.9
  80.6 212.8 80.8 213.6 81.0 214.3 81.2 215.0 81.4 215.6 81.5 216.2 81.7 216.7
  81.9 217.2 82.1 217.7 82.3 219.7 82.5 221.9 82.7 224.1 82.9 226.4 83.0 228.8
  83.2 231.3 83.3 234.0 83.4 236.7 83.5 239.6 83.6 242.7 83.6 245.9 83.6 249.3
  83.6 252.8 83.6 256.5 83.5 260.3 83.4 264.1 83.3 268.0 83.1 271.9 82.9 275.7
  82.6 279.4 82.3 283.0 81.9 286.2 81.5 289.1 81.0 291.8 80.6 294.2 80.0 296.4
  79.5 298.6 78.9 300.5 78.2 302.3 77.5 303.8 76.9 305.4 76.2 306.9 75.5 308.1
  74.8 309.5 74.0 310.7 73.3 312.1
   2 13 84  0.0
  72.5 321.4 72.1 320.8 71.8 320.2 71.4 319.9 71.0 319.6 70.6 319.3 70.1 319.1
  69.6 318.9 69.1 318.9 68.6 318.9 68.1 318.9 67.5 318.9 67.0 319.0 66.5 319.2
  66.0 319.3 65.5 319.4 65.0 319.5 64.6 319.6 64.1 319.6 63.5 319.6 63.0 319.4
  62.5 319.3 61.9 319.1 61.3 318.6 60.7 318.1 60.0 317.7 59.3 317.2 58.7 316.4
  58.2 315.5 57.8 314.6 57.5 313.3 57.2 311.9 57.0 310.4 56.8 308.9 56.5 307.3
  56.2 305.6 55.8 303.9 55.6 301.8 55.5 299.5 55.7 297.2 55.9 294.9 56.3 292.6
  56.6 290.2 57.0 287.8 57.4 285.2 57.8 282.5 58.2 279.8 58.9 277.5 59.7 275.1
  60.5 272.9 61.3 271.0 61.8 269.2 62.4 267.3 62.8 265.8 63.3 264.2 63.7 262.6
  64.1 261.0 64.6 259.9 65.0 258.7 65.4 257.4 65.9 256.0 66.2 254.4 66.6 253.7
  67.0 253.0 67.4 252.3 67.8 251.5 68.1 250.8 68.5 250.8 68.9 250.9 69.3 251.2
  69.6 251.5 69.9 251.9 70.2 252.5 70.5 253.4 70.7 254.4 70.9 255.4 71.0 256.3
  70.9 257.3 70.9 258.2 70.8 259.0 70.6 259.7 70.4 260.3 70.2 260.8 69.9 261.1
  69.6 260.9 69.3 260.7 69.1 260.4 68.8 260.1 68.6 259.8 68.4 259.5 68.1 259.2
  68.0 258.8 67.8 257.8 67.7 256.7 67.6 255.6 67.5 254.5 67.3 253.4 67.2 252.2
  67.1 251.1 66.9 249.9 66.7 248.7 66.5 247.6 66.2 246.4 65.9 245.3 65.6 243.9
  65.2 242.5 64.7 241.1 64.3 239.9 63.7 238.6 63.2 237.3 62.6 235.9 62.1 234.6
  61.5 233.4 60.9 232.1 60.3 230.9 59.7 229.8 59.0 228.6 58.4 227.5 57.6 226.4
  56.9 225.3 56.2 224.2 55.4 223.1 54.7 222.3 54.0 221.5 53.3 220.7 52.7 220.1
  52.1 219.5 51.5 218.8 51.0 218.3 50.6 217.7 50.1 217.1 49.7 216.4 49.3 215.8
  49.0 215.1 48.7 214.4 48.5 213.8 48.2 213.1 48.0 212.3 47.8 211.6 47.5 210.9
  47.2 210.2 47.0 209.5 46.8 208.7 46.6 208.0 46.3 207.2 46.1 206.4 45.9 205.5
  45.7 204.7 45.5 203.8 45.3 202.9 45.2 202.0 45.0 201.1 44.9 200.1 44.7 199.2
  44.5 198.2 44.3 197.2 44.1 196.1 43.9 195.1 43.7 193.9 43.5 192.6 43.3 191.4
  43.2 190.1 43.0 188.9 42.9 187.6 42.7 186.3 42.5 184.9 42.3 183.6 42.1 182.2
  41.9 180.9 41.7 179.5 41.4 178.1 41.1 176.7 40.7 175.4 40.3 174.0 39.8 172.5
  39.4 171.1 38.9 169.6 38.4 168.1 37.9 166.4 37.4 164.7 37.0 162.9 36.6 161.0
  36.2 158.9 35.8 156.7 35.5 154.7 35.3 152.7 35.0 150.6 34.9 148.5 34.7 146.3
  34.6 144.2 34.5 142.1 34.4 140.1 34.4 138.1 34.6 136.1 34.8 134.3 35.0 132.4
  35.3 130.6 35.5 129.0 35.8 127.4 36.1 125.9 36.4 124.0 36.7 122.2 37.0 120.5
  37.4 118.9 37.6 117.4 38.0 116.0 38.3 114.7 38.6 113.0 39.0 111.4 39.3 109.9
  39.6 108.5 39.9 107.3 40.2 106.1 40.6 104.7 40.9 103.4 41.2 102.1 41.6 100.9
  41.9  99.8 42.2  98.7 42.4  97.4 42.7  96.3 43.0  95.2 43.3  94.1 43.5  93.2
  43.8  92.3 44.0  91.4 44.2  90.4 44.3  89.4 44.5  88.5 44.6  87.6 44.7  86.6
  44.7  85.7 44.8  84.8 44.9  83.9 44.9  83.0 44.9  82.1 45.0  81.3 45.0  80.4
  45.1  79.5 45.1  78.8 45.1  78.2
   2 14 84  0.0
  72.5 321.4 72.3 320.9 72.0 320.5 71.7 320.0 71.5 319.1 71.3 318.3 71.1 317.6
  70.8 316.9 70.6 316.3 70.3 315.7 70.1 315.2 69.9 314.7 69.7 314.1 69.5 313.6
  69.3 313.0 69.1 312.5 68.8 312.0 68.6 311.5 68.6 311.1 68.6 310.6 68.5 310.1
  68.5 309.6 68.5 309.1 68.4 308.7 68.4 308.1 68.3 307.6 68.4 307.1 68.6 306.7
  68.7 306.2 68.7 305.8 68.8 305.4 68.9 305.0 69.0 304.7 69.0 304.3 69.1 304.0
  69.1 303.8 69.4 303.5 69.7 303.3 70.0 303.1 70.2 303.0 70.4 303.2 70.6 303.5
  70.7 303.7 70.9 303.9 71.0 304.1 70.8 304.3 70.6 304.4 70.5 304.5 70.3 304.6
  70.0 304.7 69.8 304.7 69.6 304.8 69.4 304.9 69.2 305.0 68.9 305.1 68.7 305.2
  68.4 305.2 68.1 305.3 67.8 305.4 67.6 305.5 67.2 305.6 66.9 305.7 66.5 305.7
  66.2 305.6 65.8 305.4 65.5 305.0 65.1 304.5 64.8 304.0 64.4 303.3 63.9 302.7
  63.4 301.7 62.9 300.6 62.3 299.6 61.5 298.5 60.9 297.1 60.4 295.7 60.1 294.3
  59.8 293.0 59.6 291.1 59.5 289.2 59.5 287.3 59.5 285.4 59.4 283.4 59.4 281.3
  59.3 279.0 59.3 276.6 59.3 274.0 59.4 271.3 59.6 268.8 59.8 266.3 60.1 263.9
  60.4 261.4 60.7 258.9 61.0 256.4 61.3 253.9 61.7 251.4 62.2 249.0 62.7 246.7
  63.0 244.6 63.3 242.6 63.4 240.8 63.6 239.0 63.7 237.3 63.8 235.8 63.7 234.4
  63.6 233.1 63.6 231.8 63.4 230.6 63.3 229.5 63.2 228.4 63.1 227.4 62.8 226.4
  62.5 225.5 62.2 224.6 61.9 223.8 61.5 222.9 61.1 222.0 60.7 221.2 60.3 220.4
  59.9 219.5 59.4 218.8 58.8 218.1 58.3 217.3 57.7 216.6 57.2 215.9 56.8 215.1
  56.3 214.3 55.9 213.5 55.4 212.5 55.0 211.5 54.8 210.4 54.6 209.2 54.4 208.0
  54.5 206.7 54.6 205.4 54.7 204.1 54.8 202.8 55.1 201.5 55.5 200.1 55.8 198.8
  56.3 197.5 56.8 196.5 57.3 195.5 58.0 194.6 58.6 193.8 59.3 193.2 60.0 192.7
  60.7 192.2 61.4 191.9 62.1 191.7 62.8 191.8 63.5 191.9 64.2 192.1 64.9 192.7
  65.5 193.4 66.1 194.2 66.7 195.1 67.3 196.1 67.9 197.2 68.4 198.1 69.0 198.9
  69.7 199.6 70.3 200.4 70.8 201.3 71.4 202.2 72.0 203.0 72.7 204.1 73.2 205.2
  73.8 206.3 74.4 207.3 75.0 208.8 75.6 210.4 76.1 212.1 76.7 214.5 77.3 217.1
  77.7 220.1 78.1 223.4 78.6 227.3 78.9 231.6 79.2 236.1 79.2 240.6 79.2 244.9
  79.1 249.0 78.9 252.7 78.7 256.1 78.4 259.3 78.2 262.2 77.9 264.9 77.7 267.1
  77.5 269.1 77.4 271.1 77.2 273.1 77.1 274.9 76.9 276.8 76.7 278.6 76.6 280.4
  76.4 282.2 76.3 284.0 76.1 285.8 76.0 287.7 75.8 289.5 75.7 291.4 75.5 293.5
  75.3 295.6 75.1 297.8 74.9 300.2 74.6 302.6 74.4 304.9 74.1 307.2 73.8 309.4
  73.5 311.6 73.1 313.7 72.7 315.7 72.4 317.5 71.9 319.2 71.5 321.0 71.1 322.7
  70.6 324.2 70.2 325.6 69.7 326.9 69.3 328.2 68.9 329.4 68.5 330.5 68.1 331.5
  67.6 332.4 67.1 333.0 66.6 333.6 66.1 334.1 65.5 334.5 65.0 334.7 64.4 334.8
  63.9 334.9 63.3 334.7 62.8 334.4 62.2 334.1 61.6 333.8 60.9 332.9 60.2 332.0
  59.4 331.2 58.8 329.7 58.1 328.3
   2 15 84  0.0
  72.5 321.4 72.1 320.9 71.7 320.4 71.4 320.0 71.1 319.5 70.8 318.9 70.6 318.2
  70.4 317.5 70.1 316.7 69.8 315.8 69.7 315.0 69.6 314.1 69.4 313.1 69.3 312.2
  69.2 311.2 69.2 310.3 69.2 309.4 69.3 308.4 69.4 307.5 69.6 306.5 69.8 305.5
  70.0 304.5 70.3 303.5 70.6 302.5 70.9 301.4 71.2 300.1 71.5 298.9 71.7 297.6
  71.9 296.4 72.1 295.1 72.3 294.3 72.5 293.5 72.7 292.6 72.9 291.7 72.9 290.8
  72.9 289.9 73.0 289.0 73.1 288.0 73.2 287.0 73.2 286.0 73.2 285.0 73.2 284.0
  73.2 283.0 73.2 281.9 73.2 280.9 73.3 279.9 73.2 279.0 73.1 278.0 73.1 277.0
  73.1 276.1 73.0 275.2 72.9 274.3 72.9 273.5 72.8 272.7 72.7 272.0 72.5 271.3
  72.4 270.6 72.2 270.0 72.1 269.4 71.9 268.8 71.8 268.4 71.6 267.9 71.5 267.5
  71.3 267.1 71.1 266.6 71.0 266.1 70.9 265.7 70.8 265.2 70.7 264.7 70.6 264.3
  70.5 263.8 70.4 263.4 70.4 263.0 70.3 262.5 70.2 262.1 70.2 261.5 70.1 261.0
  70.0 260.4 69.9 259.8 69.9 259.7 69.9 259.6 69.8 259.4 69.8 259.3 69.7 259.1
  69.6 258.9 69.6 258.7 69.5 258.5 69.4 258.2 69.4 258.0 69.3 257.6 69.2 257.3
  69.2 256.9 69.1 256.5 69.1 256.1 69.1 255.6 69.0 255.1 68.9 254.6 68.8 254.0
  68.8 253.5 68.7 253.0 68.7 252.5 68.8 252.1 68.8 251.7 68.9 251.2 69.0 250.8
  69.0 250.3 69.2 249.9 69.3 249.4 69.5 248.9 69.6 248.4 69.8 248.0 69.9 247.6
  70.1 247.2 70.3 247.1 70.5 247.1 70.7 247.2 71.0 247.4 71.2 247.7 71.4 248.1
  71.7 248.7 71.9 249.3 72.1 250.1 72.3 250.6 72.5 251.2 72.7 251.8 72.8 252.5
  72.9 253.2 72.9 253.9 72.9 254.6 72.9 255.3 72.9 256.0 72.8 256.6 72.7 257.1
  72.5 257.6 72.4 258.0 72.3 258.4 72.1 258.8 72.0 259.1 71.9 259.5 71.8 259.7
  71.7 259.9 71.6 260.0 71.6 260.2 71.7 260.3 71.8 260.4 71.9 260.5 72.0 260.6
  72.0 260.8 72.1 261.2 72.3 261.7 72.4 262.2 72.5 262.7 72.6 263.2 72.7 263.8
  72.8 264.3 72.9 264.9 73.1 265.5 73.2 266.2 73.3 266.8 73.4 267.5 73.5 268.2
  73.7 268.8 73.8 269.5 73.9 270.3 74.0 271.0 74.2 271.8 74.3 272.7 74.4 273.6
  74.6 274.4 74.7 275.2 74.9 276.1 75.0 277.0 75.2 278.0 75.4 279.1 75.5 280.3
  75.7 281.5 75.9 282.8 76.1 284.3 76.2 285.9 76.3 287.5 76.5 289.3 76.5 291.1
  76.6 293.0 76.6 294.7 76.5 296.5 76.4 298.1 76.2 299.7 76.1 301.2 75.9 302.6
  75.8 304.6 75.7 306.4 75.5 308.1 75.4 309.8 75.3 311.3 75.2 312.7 75.1 313.9
  75.1 315.0 75.0 316.0 75.1 316.9 75.1 317.8 75.2 318.6 75.2 319.3 75.3 320.0
  75.4 320.7 75.6 321.3 75.7 322.0 75.8 322.8 75.9 323.6 76.0 324.6 76.2 326.0
  76.3 327.5 76.5 329.0 76.6 330.7 76.8 332.4 76.9 334.2 77.0 336.0 77.2 337.9
  77.4 339.8 77.5 341.8 77.7 343.9 77.8 346.0 77.9 348.1 77.9 350.3 78.0 352.4
  78.0 354.6 78.1 357.0 78.1 359.4 78.1   1.7 78.1   2.2 78.1   2.7 78.1   3.1
  78.1   3.6 78.0   4.0 77.9   4.4 77.8   4.8 77.7   5.1 77.6   5.4 77.4   5.8
  77.3   6.1 77.1   6.4 76.8   6.7
   2 16 84  0.0
  72.5 321.4 72.3 321.9 72.1 322.4 71.9 322.9 71.7 322.9 71.6 322.9 71.4 323.0
  71.2 323.1 71.1 323.3 70.9 323.5 70.8 323.7 70.6 324.0 70.5 324.3 70.3 324.7
  70.1 325.0 69.9 325.3 69.6 325.4 69.4 325.5 69.1 325.7 68.8 325.9 68.5 326.1
  68.2 326.4 67.9 326.8 67.6 327.2 67.3 327.7 67.0 328.3 66.3 328.8 65.5 329.1
  64.8 329.2 64.0 329.2 63.1 329.0 62.2 328.9 61.1 328.9 60.0 328.5 58.7 328.2
  57.3 327.6 56.4 326.5 55.4 325.4 54.5 324.1 53.4 322.9 53.0 321.5 52.4 320.2
  51.8 319.0 51.4 317.6 51.0 316.0 50.4 314.4 50.3 312.5 50.2 310.6 50.8 308.6
  51.3 306.4 52.3 304.2 53.1 302.5 54.1 300.7 55.1 299.4 56.2 297.8 57.3 297.0
  58.2 296.1 59.1 295.5 60.1 294.9 61.0 294.7 61.7 294.6 62.4 294.6 63.0 294.4
  63.4 294.4 63.8 294.3 64.1 294.3 64.4 294.0 64.6 293.8 64.8 293.6 65.0 293.5
  65.1 293.6 65.3 293.6 65.4 293.8 65.5 294.0 65.6 294.1 65.7 294.1 65.9 294.0
  66.1 293.8 66.3 293.4 66.5 293.0 66.8 292.5 67.1 292.1 67.4 291.6 67.6 291.1
  67.8 290.6 68.0 290.1 68.3 289.6 68.6 289.2 69.0 288.7 69.3 288.2 69.6 287.6
  69.9 287.0 70.1 286.4 70.4 285.8 70.6 285.2 70.9 284.6 71.2 283.9 71.5 283.2
  71.7 282.5 72.0 281.8 72.3 281.1 72.6 280.3 72.9 279.5 73.1 278.7 73.3 277.8
  73.5 276.9 73.7 275.9 73.8 274.9 73.9 273.8 74.0 272.6 74.2 271.5 74.3 270.3
  74.4 269.1 74.5 267.7 74.5 266.4 74.6 264.9 74.7 263.5 74.7 262.0 74.7 260.5
  74.7 259.0 74.7 257.4 74.7 255.8 74.6 254.3 74.5 252.8 74.5 251.4 74.4 250.0
  74.3 248.8 74.2 247.6 74.1 246.5 74.0 245.4 74.0 244.4 73.9 243.4 73.8 242.5
  73.7 241.6 73.6 240.8 73.6 240.0 73.5 239.2 73.5 238.6 73.5 237.9 73.4 237.4
  73.4 236.8 73.4 236.4 73.5 236.0 73.5 235.6 73.5 235.3 73.5 235.1 73.5 235.0
  73.6 234.9 73.7 235.0 73.7 235.2 73.8 235.4 74.0 235.8 74.1 236.3 74.3 236.3
  74.5 236.4 74.8 236.7 75.0 237.0 75.3 237.4 75.5 237.8 75.7 238.4 75.9 239.1
  76.1 239.8 76.3 239.7 76.5 239.7 76.6 239.8 76.8 240.0 76.9 240.3 77.0 240.7
  77.1 241.2 77.2 241.8 77.2 242.5 77.3 243.3 77.4 244.2 77.5 245.1 77.6 246.1
  77.7 247.2 77.8 248.3 77.9 249.4 78.0 250.6 78.1 251.5 78.3 252.5 78.5 253.7
  78.6 255.0 78.8 256.3 78.9 257.7 79.1 259.1 79.3 260.6 79.5 262.2 79.7 263.8
  79.9 265.5 80.2 267.3 80.4 268.8 80.7 270.5 81.0 272.5 81.3 274.5 81.5 276.7
  81.8 278.9 82.0 281.3 82.2 283.0 82.4 284.8 82.5 286.6 82.6 288.6 82.8 290.6
  82.9 292.8 83.0 295.0 83.2 297.3 83.3 299.6 83.4 301.9 83.5 304.2 83.6 306.5
  83.7 308.7 83.7 310.9 83.8 313.2 83.9 315.4 84.0 317.7 84.1 320.2 84.3 322.2
  84.4 324.4 84.6 326.6 84.7 328.8 84.9 331.0 85.0 333.2 85.2 335.4 85.4 337.6
  85.5 340.0 85.6 342.3 85.8 344.8 85.9 347.2 86.0 349.7 86.1 352.2 86.3 353.9
  86.4 355.7 86.5 357.5 86.6 359.3 86.7   1.1 86.8   1.2 86.9   1.3 86.9   1.4
  86.9   1.5 87.0   1.5 87.0   1.6
   2 17 84  0.0
  72.5 321.4 72.2 322.0 72.0 322.5 71.7 323.1 71.4 323.6 71.2 324.0 70.8 324.4
  70.3 324.7 69.9 325.0 69.4 324.8 69.0 324.4 68.5 324.1 68.0 323.6 67.5 322.5
  67.1 321.4 66.7 320.2 66.4 319.1 66.1 317.9 65.9 316.8 65.6 315.1 65.6 313.5
  65.5 311.8 65.7 310.2 65.7 308.5 65.8 306.8 66.0 305.1 66.2 303.3 66.4 301.9
  66.7 300.5 67.0 299.1 67.3 297.7 67.6 296.3 67.9 294.9 68.2 293.6 68.5 292.4
  68.8 291.2 69.1 290.0 69.3 288.7 69.6 287.5 69.9 286.2 70.2 284.8 70.6 283.7
  70.9 282.5 71.2 281.2 71.6 279.9 71.9 278.5 72.1 277.0 72.5 276.2 72.7 275.2
  73.0 274.3 73.2 273.3 73.4 272.2 73.6 271.1 73.8 269.9 73.9 268.7 74.1 267.3
  74.2 266.4 74.2 265.4 74.3 264.3 74.3 263.2 74.3 262.0 74.2 260.8 74.1 259.6
  74.0 258.3 73.9 257.1 73.9 255.3 73.7 253.5 73.6 251.6 73.5 249.7 73.3 247.7
  73.2 245.6 73.0 243.6 72.9 241.5 72.7 239.4 72.5 237.3 72.4 235.3 72.2 233.2
  72.1 231.2 72.0 229.2 72.0 227.3 71.9 225.3 71.9 223.3 71.8 221.3 71.8 219.4
  71.7 217.5 71.7 215.7 71.7 213.9 71.7 212.1 71.7 210.4 71.7 208.8 71.7 207.2
  71.8 205.7 71.8 204.2 71.9 202.8 72.0 201.3 72.1 199.9 72.3 198.3 72.4 196.6
  72.6 195.0 72.8 193.4 73.0 191.8 73.2 190.3 73.5 188.8 73.7 187.3 73.9 185.8
  74.1 184.4 74.4 183.0 74.7 181.5 75.0 180.0 75.2 178.3 75.5 176.7 75.7 175.1
  75.9 173.4 76.1 171.8 76.3 170.7 76.5 169.5 76.7 168.3 76.9 167.1 77.1 165.8
  77.3 164.5 77.5 163.2 77.6 161.8 77.8 160.5 78.0 159.1 78.1 157.8 78.2 156.9
  78.4 156.0 78.5 155.1 78.6 154.1 78.7 153.1 78.8 152.0 78.9 150.9 79.0 149.8
  79.0 148.7 79.1 147.5 79.1 146.3 79.2 145.1 79.2 143.8 79.2 142.6 79.2 141.3
  79.3 140.0 79.3 138.8 79.3 137.5 79.4 136.3 79.4 135.0 79.4 133.8 79.5 132.7
  79.5 131.6 79.5 130.7 79.5 129.8 79.5 129.0 79.6 128.3 79.6 127.7 79.6 127.2
  79.6 126.7 79.6 126.3 79.6 126.0 79.7 125.8 79.7 125.5 79.7 125.2 79.7 124.9
  79.8 124.6 79.8 124.2 79.8 123.8 79.8 123.5 79.9 123.1 79.9 122.7 80.0 122.3
  80.1 121.7 80.2 121.2 80.3 120.6 80.4 119.9 80.5 119.2 80.6 118.4 80.8 117.6
  80.9 116.7 81.0 115.7 81.1 114.7 81.2 113.6 81.3 112.5 81.4 111.4 81.5 110.2
  81.6 109.0 81.7 107.7 81.9 106.3 82.0 104.8 82.1 103.2 82.2 101.0 82.4  98.7
  82.4  96.4 82.4  94.1 82.3  91.9 82.3  89.7 82.2  87.6 82.2  85.7 82.1  84.0
  82.0  82.4 82.0  81.0 81.9  79.1 81.8  78.9 81.8  78.6 81.7  78.4 81.7  78.1
  81.7  77.9 81.6  77.7 81.6  77.4 81.5  77.2 81.5  77.0 81.4  76.9 81.4  76.7
  81.3  76.6 81.3  76.5 81.2  76.4 81.2  76.3 81.2  76.2 81.1  76.2 81.1  76.2
  81.0  76.1 81.0  76.2 80.9  76.2 80.9  76.2 80.8  76.2 80.7  76.2 80.6  76.2
  80.5  76.3 80.4  76.3 80.3  76.4 80.2  76.4 80.1  76.5 80.0  76.6 79.9  76.6
  79.8  76.6 79.7  76.5 79.6  76.5 79.5  76.5 79.4  76.5 79.3  76.5 79.2  76.5
  79.1  76.5 79.0  76.6 78.9  76.6
   2 18 84  0.0
  72.5 321.4 72.3 322.1 72.1 322.9 71.9 323.6 71.7 324.5 71.4 325.4 71.1 326.2
  70.7 326.9 70.3 327.6 69.9 328.3 69.4 328.7 68.9 329.1 68.3 329.4 67.7 329.7
  67.1 329.6 66.5 329.5 65.9 329.4 65.3 328.8 64.8 328.3 64.2 327.7 63.6 327.2
  63.0 326.0 62.4 324.8 61.8 323.7 61.4 322.1 61.1 320.4 60.7 318.7 60.7 317.0
  60.7 315.3 61.0 313.5 61.3 311.7 61.7 309.9 62.1 308.2 62.5 306.5 63.0 304.8
  63.4 303.1 64.1 301.5 64.8 300.1 65.5 298.8 66.2 297.4 66.9 296.4 67.6 295.2
  68.2 294.0 68.8 293.0 69.5 291.9 70.0 290.8 70.6 289.8 71.2 288.7 71.8 287.5
  72.3 286.2 72.8 285.3 73.3 284.3 73.7 283.3 74.1 282.2 74.5 281.5 74.8 280.9
  75.2 280.2 75.5 279.6 75.7 279.0 75.9 278.3 76.1 277.7 76.3 277.8 76.4 277.8
  76.6 277.9 76.7 278.0 76.8 278.2 76.9 278.3 77.0 278.5 77.0 278.7 77.1 278.9
  77.1 279.1 77.2 279.3 77.2 279.6 77.2 279.9 77.2 280.3 77.3 280.6 77.3 281.0
  77.2 281.5 77.2 281.9 77.2 282.4 77.1 282.9 77.0 283.4 76.9 284.0 76.8 284.5
  76.7 285.1 76.6 285.7 76.5 286.2 76.3 286.7 76.2 287.2 76.1 287.6 76.0 288.0
  75.9 288.0 75.8 288.0 75.6 287.9 75.5 287.7 75.4 287.5 75.3 287.3 75.1 287.0
  75.0 286.7 74.9 286.4 74.8 286.1 74.7 285.7 74.5 285.4 74.5 285.0 74.4 284.6
  74.3 284.1 74.2 283.7 74.1 283.2 74.0 282.7 73.9 281.7 73.8 280.7 73.8 279.7
  73.6 278.8 73.4 277.8 73.3 276.9 73.1 276.0 73.0 275.1 72.8 274.2 72.7 273.3
  72.6 272.4 72.5 271.5 72.3 270.6 72.2 269.8 72.0 269.0 71.9 268.2 71.7 267.2
  71.6 266.2 71.4 265.2 71.2 264.3 71.0 263.5 70.8 262.7 70.7 261.9 70.5 261.1
  70.4 260.3 70.2 259.6 70.1 258.8 70.0 257.9 69.9 257.1 69.9 256.2 69.8 255.3
  69.8 254.4 69.7 253.5 69.7 252.7 69.6 251.8 69.5 250.9 69.5 250.0 69.4 249.1
  69.4 248.0 69.3 246.9 69.3 245.7 69.3 244.5 69.3 243.2 69.2 241.9 69.2 240.6
  69.1 239.3 69.0 238.0 69.0 236.7 68.9 235.4 68.8 234.1 68.7 232.9 68.6 231.7
  68.4 230.6 68.3 229.5 68.2 228.5 68.0 227.6 67.9 226.8 67.8 226.0 67.6 225.3
  67.5 224.7 67.4 224.0 67.3 223.5 67.1 223.0 66.9 222.7 66.8 222.4 66.6 222.2
  66.5 222.2 66.3 222.2 66.1 222.2 66.0 222.4 65.8 222.3 65.7 222.2 65.5 222.2
  65.4 222.2 65.2 222.2 65.0 222.2 64.7 222.3 64.4 222.3 64.1 222.3 63.7 222.4
  63.3 222.1 62.9 221.8 62.4 221.7 61.9 221.6 61.4 221.0 60.9 220.4 60.4 219.7
  60.1 219.0 59.8 218.3 59.5 217.2 59.2 216.0 58.9 214.9 58.8 213.7 58.7 212.4
  58.6 211.1 58.8 209.6 58.9 208.1 59.0 206.5 59.3 204.8 59.6 203.2 60.0 201.6
  60.3 200.1 60.7 199.2 61.1 198.3 61.4 197.5 61.7 196.6 62.0 195.7 62.4 195.8
  62.7 196.0 63.1 196.1 63.3 196.2 63.5 196.2 63.7 196.2 63.8 196.1 64.0 196.0
  64.2 195.8 64.5 196.6 64.6 197.3 64.7 198.1 64.7 198.8 64.7 199.5 64.7 200.2
  64.6 200.9 64.5 201.6 64.4 202.2 64.3 202.8 64.2 203.4 64.2 204.0 64.1 204.5
  63.9 205.1 63.8 205.4 63.6 205.7
   2 19 84  0.0
  72.5 321.4 72.4 322.0 72.3 322.6 72.2 323.2 72.1 323.8 72.0 324.5 71.8 325.3
  71.7 326.1 71.5 326.9 71.3 327.6 71.1 328.4 70.8 329.0 70.4 329.7 70.0 330.2
  69.6 330.7 69.2 331.2 68.7 331.6 68.2 332.0 67.7 332.3 67.0 332.4 66.4 332.6
  65.7 332.6 65.0 332.3 64.4 332.0 63.7 331.7 63.1 330.8 62.5 329.8 61.9 328.9
  61.4 327.4 60.9 325.9 60.3 324.3 59.8 322.7 59.4 320.7 59.0 318.7 58.9 316.7
  58.7 314.7 58.8 312.8 59.0 311.1 59.5 309.4 60.0 307.9 60.8 306.5 61.7 305.1
  62.5 303.7 63.3 302.4 64.1 301.1 64.9 299.9 65.6 298.7 66.3 297.4 67.0 296.3
  67.7 295.0 68.3 293.7 69.0 292.5 69.6 291.2 70.2 289.8 70.7 288.5 71.3 287.1
  71.7 285.6 72.2 284.0 72.6 282.6 72.9 281.0 73.3 279.4 73.6 277.7 74.0 275.9
  74.3 274.1 74.6 272.6 74.9 271.0 75.2 269.4 75.4 267.7 75.6 265.9 75.8 264.1
  75.9 262.4 75.9 260.6 75.9 258.8 75.9 257.1 75.8 255.3 75.7 253.5 75.5 251.8
  75.4 250.0 75.2 248.1 75.0 246.2 74.8 244.4 74.6 242.5 74.4 240.7 74.1 239.0
  73.9 237.3 73.6 235.1 73.3 233.1 73.0 231.1 72.8 229.2 72.5 227.4 72.3 225.6
  72.1 224.0 71.9 222.4 71.8 220.5 71.6 218.6 71.5 216.8 71.4 215.0 71.3 213.4
  71.2 211.8 71.2 210.3 71.1 208.9 71.0 207.7 71.0 206.5 70.9 205.5 70.9 204.5
  70.9 203.6 70.9 202.7 70.9 201.9 70.9 201.2 71.0 200.5 71.0 199.8 71.1 199.1
  71.2 198.5 71.3 197.9 71.4 197.2 71.5 196.6 71.5 195.9 71.6 195.3 71.7 194.6
  71.8 193.9 71.9 193.3 72.0 192.6 72.2 192.4 72.3 192.3 72.4 192.1 72.5 191.9
  72.7 191.7 72.9 191.5 73.0 191.2 73.2 190.9 73.4 190.6 73.6 190.3 73.7 190.0
  73.9 189.7 74.2 189.2 74.4 189.2 74.7 189.1 74.9 188.9 75.2 188.6 75.5 188.2
  75.8 187.7 76.1 187.1 76.5 187.4 76.9 187.7 77.3 187.9 77.8 188.1 78.2 188.1
  78.8 189.3 79.3 190.4 79.8 191.4 80.2 192.4 80.7 194.3 81.2 196.3 81.7 198.2
  82.1 200.1 82.5 202.8 82.9 205.5 83.3 208.2 83.7 211.1 84.0 214.3 84.4 218.3
  84.8 222.9 85.1 228.2 85.3 234.0 85.5 240.3 85.5 246.9 85.6 253.4 85.5 259.6
  85.4 265.4 85.3 270.8 85.1 275.5 84.9 279.7 84.6 283.4 84.4 286.7 84.2 289.6
  83.9 292.3 83.8 294.2 83.6 296.0 83.5 297.6 83.3 299.2 83.2 300.6 83.0 302.0
  82.9 303.2 82.7 304.3 82.6 305.3 82.5 306.2 82.3 307.0 82.1 307.7 81.9 308.3
  81.8 308.6 81.7 308.8 81.5 308.8 81.3 308.7 81.1 308.5 80.9 308.3 80.7 308.1
  80.4 307.8 80.1 307.6 79.8 307.4 79.5 307.1 79.2 306.9 78.8 306.7 78.5 306.5
  78.1 306.3 77.6 306.1 77.2 306.4 76.8 306.6 76.4 306.8 76.0 307.1 75.6 307.6
  75.2 308.2 74.8 308.8 74.3 309.3 73.8 309.8 73.3 310.7 72.7 311.5 72.1 312.2
  71.2 312.8 70.4 313.4 69.6 313.8 68.7 314.2 67.9 314.5 67.1 314.5 66.3 314.4
  65.5 314.3 64.7 313.9 64.0 313.4 63.4 312.8 62.7 311.9 62.2 311.0 61.7 310.1
  61.2 309.4 60.8 308.8 60.3 308.2 59.9 307.7 59.6 307.4 59.3 307.1 59.0 306.8
  58.7 306.5 58.4 306.2 58.1 306.0
   2 20 84  0.0
  72.5 321.4 72.1 321.7 71.7 322.1 71.4 322.7 71.0 323.3 70.7 323.9 70.4 324.4
  70.0 324.9 69.7 325.3 69.4 326.2 69.1 327.0 68.7 327.8 68.3 328.4 67.7 329.0
  67.2 329.9 66.6 330.7 65.9 331.4 65.3 331.8 64.6 332.2 63.7 332.4 62.8 332.3
  61.9 332.1 61.0 331.5 60.3 330.9 59.6 330.2 58.9 329.3 58.3 328.2 57.7 327.1
  57.4 325.7 57.1 324.2 56.8 322.6 56.6 321.0 56.5 319.5 56.5 317.9 56.5 316.4
  56.5 314.8 56.8 313.4 57.0 311.9 57.4 310.4 57.8 309.0 58.3 307.6 59.0 306.2
  59.7 304.8 60.4 303.4 61.2 302.1 62.0 300.8 62.7 299.5 63.4 298.3 64.1 297.0
  64.9 295.9 65.5 294.8 66.1 293.6 66.7 292.4 67.3 291.3 67.8 290.0 68.3 288.8
  68.9 287.5 69.3 286.2 69.8 284.8 70.2 283.5 70.6 282.1 71.0 280.6 71.4 279.2
  71.7 277.7 72.0 276.3 72.4 274.7 72.7 273.1 73.0 271.4 73.3 269.8 73.6 268.2
  73.9 266.5 74.0 264.9 74.3 263.2 74.4 261.4 74.5 259.6 74.5 257.8 74.6 256.0
  74.7 254.2 74.7 252.4 74.7 250.7 74.6 249.0 74.4 247.3 74.2 245.8 74.0 244.3
  73.8 242.8 73.5 241.2 73.2 239.5 72.9 237.9 72.6 236.3 72.3 234.7 72.0 233.0
  71.7 231.3 71.3 229.6 71.0 227.8 70.7 226.0 70.4 224.3 70.1 222.5 69.8 220.9
  69.5 219.2 69.2 217.6 68.8 216.1 68.5 214.6 68.2 213.2 67.9 211.9 67.6 210.8
  67.2 209.7 66.9 208.8 66.6 207.8 66.2 207.0 65.8 206.3 65.4 205.9 65.1 205.5
  64.7 205.2 64.3 204.9 63.9 204.7 63.6 204.4 63.2 204.1 62.9 203.8 62.6 203.5
  62.3 203.3 62.0 203.1 61.7 202.9 61.4 202.7 61.2 202.6 61.0 202.4 60.8 202.3
  60.6 202.2 60.4 202.1 60.3 202.1 60.2 202.0 60.1 202.0 60.0 202.0 59.9 201.9
  59.8 201.9 59.8 201.8 59.7 201.8 59.6 201.7 59.5 201.7 59.4 201.7 59.3 201.6
  59.2 201.6 59.1 201.6 58.9 201.5 58.8 201.5 58.7 201.5 58.5 201.5 58.4 201.5
  58.2 201.5 58.1 201.5 58.0 201.6 57.8 201.5 57.7 201.4 57.6 201.3 57.4 201.2
  57.3 201.1 57.2 201.0 57.1 200.9 56.9 200.8 56.8 200.7 56.7 200.6 56.6 200.5
  56.5 200.5 56.4 200.5 56.3 200.5 56.2 200.5 56.1 200.5 56.1 200.6 56.0 200.7
  56.0 200.8 55.9 200.8 55.9 200.8 55.8 200.8 55.8 200.8 55.7 200.8 55.7 200.8
  55.7 200.9 55.6 201.0 55.6 201.1 55.6 201.2 55.6 201.3 55.5 201.5 55.5 201.7
  55.5 202.0 55.5 202.2 55.4 202.5 55.4 202.9 55.4 203.2 55.3 203.6 55.3 204.1
  55.3 204.6 55.2 205.2 55.2 205.8 55.1 206.4 55.0 207.1 54.9 207.8 54.7 208.3
  54.4 208.8 54.1 209.1 53.8 209.2 53.4 209.4 53.1 209.4 52.7 209.2 52.3 209.0
  51.8 208.6 51.2 208.5 50.6 208.4 50.0 208.2 49.4 207.9 49.0 207.6 48.6 207.2
  48.2 206.7 47.9 206.1 47.7 205.1 47.5 204.1 47.3 203.0 47.0 201.9 46.6 200.8
  46.2 199.7 45.4 198.7 44.7 197.6 44.0 196.5 43.3 195.1 42.6 193.6 41.9 192.2
  41.3 190.4 40.8 188.7 40.3 187.0 39.6 185.5 38.8 183.8 37.9 182.1 37.0 180.0
  36.3 177.7 35.6 175.4 34.9 172.9 34.1 170.6 33.5 168.1 32.9 165.5 32.4 162.8
  32.2 159.9 32.0 157.0 31.9 154.3
   2 21 84  0.0
  72.5 321.4 72.1 321.4 71.6 321.4 71.2 321.7 70.8 322.0 70.3 322.3 69.8 322.7
  69.4 323.3 69.0 323.9 68.5 324.5 68.1 325.0 67.6 325.5 67.2 326.1 66.7 326.6
  66.3 327.1 65.9 327.7 65.5 328.1 64.9 328.6 64.4 329.0 63.8 329.4 63.3 329.5
  62.8 329.6 62.2 329.6 61.6 329.7 61.1 329.3 60.5 329.0 59.8 328.6 59.2 327.9
  58.9 327.2 58.6 326.4 58.3 325.5 57.9 324.6 57.6 323.3 57.6 322.0 57.6 320.6
  57.5 319.1 57.7 317.6 57.9 316.0 58.1 314.4 58.5 313.2 59.0 311.9 59.6 310.6
  60.2 309.2 60.8 308.1 61.3 306.9 62.0 305.7 62.6 304.3 63.1 303.3 63.8 302.2
  64.4 301.1 65.0 300.2 65.5 299.2 66.1 298.2 66.7 297.3 67.3 296.4 67.8 295.4
  68.3 294.2 68.9 293.3 69.4 292.2 69.8 290.9 70.3 289.6 70.8 288.4 71.3 287.1
  71.8 285.7 72.3 284.2 72.8 282.9 73.3 281.5 73.8 279.9 74.3 278.2 74.9 276.8
  75.4 275.3 75.8 273.7 76.3 272.0 76.7 270.7 77.1 269.4 77.5 267.9 77.8 266.3
  78.1 264.5 78.5 263.8 78.7 263.1 79.0 262.3 79.2 261.6 79.4 260.8 79.7 260.0
  79.8 259.2 80.0 258.4 80.2 258.6 80.4 258.8 80.6 259.1 80.8 259.4 80.9 259.7
  81.1 260.0 81.3 260.3 81.5 260.6 81.6 261.0 81.8 261.4 82.0 261.8 82.1 262.2
  82.3 263.3 82.5 264.5 82.8 265.7 83.0 267.1 83.3 268.7 83.6 270.4 83.8 272.2
  84.1 274.3 84.5 276.4 84.9 278.9 85.3 282.0 85.6 285.6 85.9 289.5 86.1 293.8
  86.4 297.4 86.7 301.6 87.0 306.1 87.2 311.2 87.4 316.6 87.5 322.3 87.6 328.2
  87.7 334.0 87.7 339.6 87.8 344.9 87.8 349.7 87.9 354.0 87.9 357.8 88.0   1.3
  88.1   1.4 88.3   1.5 88.5   1.6 88.7   1.7 88.9   1.8 89.2   1.9 89.5   1.9
  89.8   2.0 89.9 182.0 89.8 116.9 89.5 169.7 89.3 163.4 89.1 162.1 88.9 161.4
  88.6 160.9 88.2 160.4 87.7 160.0 87.3 159.5 86.9 159.1 86.3 158.7 85.7 158.1
  85.3 158.4 84.8 158.5 84.3 158.5 83.8 158.4 83.4 159.4 83.1 160.3 82.7 161.1
  82.4 161.9 82.0 162.6 81.6 163.3 81.4 164.6 81.1 165.8 80.9 167.0 80.7 168.0
  80.6 169.0 80.4 169.8 80.3 170.6 80.2 171.4 80.2 172.1 80.2 172.7 80.3 173.3
  80.3 173.9 80.4 174.5 80.5 175.0 80.6 175.7 80.8 176.4 81.0 177.1 81.2 177.9
  81.4 178.8 81.6 179.9 81.8 181.0 82.1 182.2 82.4 182.5 82.8 182.9 83.1 183.4
  83.4 184.2 83.7 185.4 84.0 187.0 84.5 187.3 84.9 188.1 85.3 189.4 85.7 191.5
  86.0 194.6 86.6 193.9 87.1 193.4 87.5 193.4 87.9 194.0 88.1 195.3 88.5 197.9
  88.8 202.9 89.0 212.3 89.2 230.4 89.4 264.6 89.6 321.9 89.4 353.0 89.0  15.9
  88.7  16.3 88.4  16.8 88.0  17.2 87.7  17.6 87.5  18.0 87.2  18.4 87.0  18.7
  86.6  19.1 86.2  19.3 85.8  19.6 85.5  20.0 85.2  20.3 84.8  20.7 84.3  21.0
  83.8  21.3 83.4  21.6 82.9  21.9 82.4  22.1 81.9  22.3 81.4  22.4 80.8  22.4
  80.2  22.4 79.5  22.4 78.8  22.3 78.1  22.1 77.3  22.0 76.6  21.7 75.9  21.4
  75.4  21.0 74.9  20.5 74.5  20.1 74.2  19.6 73.9  19.1 73.6  18.5 73.4  17.9
  73.2  17.4 73.1  16.8 72.9  16.3
   2 22 84  0.0
  72.5 321.4 71.7 322.2 71.0 322.6 70.3 323.0 69.5 323.3 68.9 323.3 68.2 323.3
  67.6 323.4 67.1 323.0 66.6 322.8 66.2 322.7 65.7 322.7 65.4 322.1 65.0 321.6
  64.7 321.1 64.5 320.6 64.2 320.1 64.0 319.6 63.7 318.6 63.4 317.6 63.2 316.5
  63.0 315.4 62.8 314.3 62.6 313.2 62.4 312.0 62.2 310.8 62.1 309.5 62.0 308.2
  61.9 306.8 61.9 305.2 61.9 303.6 61.9 302.1 61.9 300.6 62.0 299.1 62.1 297.7
  62.2 296.2 62.3 294.7 62.5 293.4 62.8 292.1 63.0 290.9 63.4 289.8 63.7 288.7
  64.1 287.7 64.6 286.3 65.1 285.0 65.6 283.7 66.1 282.5 66.6 281.1 67.2 279.7
  67.7 278.3 68.3 277.1 69.0 275.9 69.6 274.6 70.1 273.5 70.8 272.2 71.4 271.0
  71.9 269.7 72.5 268.3 73.1 266.9 73.6 265.3 74.1 263.8 74.5 262.2 75.0 260.6
  75.4 259.0 75.8 257.4 76.2 255.8 76.5 254.4 76.9 252.9 77.2 251.3 77.5 249.8
  77.7 248.2 78.0 246.6 78.1 245.2 78.3 243.7 78.4 242.2 78.4 240.9 78.5 239.6
  78.4 238.4 78.4 237.3 78.3 236.3 78.2 235.4 78.1 234.5 78.0 233.8 77.9 233.1
  77.8 232.3 77.6 231.6 77.5 231.0 77.3 230.3 77.1 229.7 77.0 229.1 76.8 228.5
  76.6 227.9 76.3 227.4 76.1 226.9 75.8 226.4 75.6 225.5 75.4 224.6 75.1 223.8
  74.8 222.9 74.4 222.1 74.0 221.3 73.6 220.6 73.3 219.5 72.8 218.5 72.3 217.5
  71.7 216.5 71.2 215.5 70.6 214.5 70.0 213.4 69.4 212.5 68.8 211.5 68.1 210.6
  67.4 209.6 66.9 208.8 66.3 208.0 65.8 207.1 65.3 206.7 64.9 206.2 64.5 205.6
  64.1 205.0 63.8 204.4 63.5 204.4 63.3 204.3 63.0 204.2 62.7 204.1 62.5 204.0
  62.3 203.8 62.1 203.6 62.0 203.3 61.8 203.5 61.6 203.7 61.5 203.9 61.3 204.1
  61.1 204.2 60.8 204.3 60.6 204.4 60.4 204.5 60.1 204.5 59.9 204.5 59.7 204.9
  59.5 205.3 59.4 205.6 59.2 206.0 59.0 206.3 58.8 206.6 58.7 206.9 58.5 207.1
  58.4 207.4 58.3 207.6 58.1 207.8 58.0 208.0 57.9 208.1 57.7 208.4 57.6 208.6
  57.4 208.9 57.3 209.1 57.1 209.4 57.0 209.6 56.8 209.9 56.7 210.1 56.5 210.4
  56.4 210.7 56.2 210.9 56.0 211.2 55.8 211.5 55.6 211.8 55.4 212.2 55.2 212.5
  55.0 212.9 54.8 213.2 54.6 213.6 54.4 214.0 54.2 214.3 53.9 214.6 53.6 214.8
  53.3 215.0 53.0 215.1 52.6 215.3 52.2 215.4 51.8 215.6 51.4 215.6 50.9 215.6
  50.5 215.5 50.0 215.4 49.6 215.2 49.2 214.8 48.7 214.3 48.2 213.9 47.7 213.4
  47.2 212.9 46.5 212.4 45.8 212.1 45.0 211.3 44.6 210.6 44.3 209.8 43.9 209.0
  43.6 207.5 43.4 206.0 43.2 204.6 43.0 203.2 42.5 201.8 42.0 200.4 41.5 199.1
  40.8 197.5 40.2 195.9 39.8 194.2 39.4 192.2 38.9 190.3 38.6 188.4 38.2 186.6
  38.0 184.8 37.7 182.8 37.7 180.9 37.7 179.0 37.8 177.1 37.9 175.3 38.1 173.7
  38.3 172.2 38.4 170.8 38.7 169.4 38.9 168.0 39.2 166.6 39.4 165.3 39.7 164.0
  40.0 162.8 40.4 161.8 40.7 160.9 41.1 160.1 41.5 159.4 41.8 158.6 42.1 157.9
  42.5 157.4 42.8 156.9 43.2 156.4 43.5 155.9 43.7 155.5 43.8 155.2 44.0 154.8
  44.2 154.5 44.5 154.2 44.7 154.0
   2 23 84  0.0
  72.5 321.4 71.7 320.3 70.9 319.1 70.1 318.0 69.2 317.0 68.4 315.8 67.6 314.6
  66.9 313.2 66.2 311.7 65.7 310.2 65.2 308.7 64.7 307.0 64.4 305.3 64.1 303.6
  64.1 301.9 64.0 300.2 64.0 298.5 64.0 297.1 64.1 295.6 64.2 294.0 64.3 292.5
  64.4 291.1 64.5 289.7 64.7 288.4 64.8 287.2 64.9 286.0 65.1 284.8 65.3 283.7
  65.4 282.6 65.6 281.6 65.8 280.6 66.1 279.7 66.3 278.8 66.5 278.0 66.8 277.2
  67.1 276.4 67.4 275.7 67.7 275.0 67.9 274.3 68.3 273.6 68.6 273.0 69.0 272.4
  69.3 271.8 69.6 271.2 69.9 270.6 70.2 270.0 70.5 269.4 70.9 268.9 71.2 268.3
  71.5 267.8 71.8 267.2 72.0 266.7 72.2 266.2 72.4 265.6 72.7 265.1 73.0 264.6
  73.2 264.1 73.5 263.6 73.7 263.1 73.9 262.7 74.2 262.2 74.4 261.8 74.7 261.3
  74.9 260.7 75.2 260.1 75.4 259.4 75.7 258.7 75.9 257.9 76.1 257.0 76.3 256.2
  76.6 255.3 76.8 254.3 77.0 253.3 77.1 252.2 77.3 251.1 77.5 249.9 77.6 248.7
  77.8 247.6 77.9 246.5 78.1 245.4 78.2 244.6 78.5 243.8 78.5 243.0 78.7 242.2
  78.8 241.5 78.9 240.7 79.1 239.9 79.1 239.1 79.2 238.2 79.2 237.4 79.3 236.6
  79.3 235.7 79.3 234.9 79.3 234.0 79.2 233.2 79.1 232.3 79.1 231.4 78.9 230.5
  78.8 229.7 78.6 228.9 78.4 228.2 78.3 227.5 78.1 226.9 77.9 226.3 77.7 225.9
  77.5 225.5 77.3 225.1 77.1 224.7 76.9 224.3 76.7 223.9 76.5 223.6 76.2 223.3
  76.0 222.9 75.7 222.3 75.5 221.7 75.2 221.1 74.9 220.5 74.6 220.0 74.3 219.4
  73.9 218.9 73.5 218.0 73.1 217.2 72.7 216.3 72.2 215.5 71.6 214.7 71.1 213.8
  70.5 212.9 69.9 212.0 69.4 211.2 68.7 210.3 68.0 209.5 67.4 208.8 66.8 208.0
  66.2 207.2 65.5 206.4 65.0 206.0 64.5 205.6 64.0 205.1 63.6 204.5 63.3 204.6
  62.9 204.6 62.6 204.6 62.4 204.6 62.1 204.6 61.9 204.6 61.7 205.0 61.5 205.4
  61.3 205.8 61.1 206.2 60.8 206.5 60.6 206.9 60.4 207.2 60.2 207.5 60.0 207.8
  59.8 208.3 59.4 208.8 59.0 209.3 58.6 209.7 58.1 210.0 57.6 210.3 57.1 210.6
  56.7 210.7 56.1 210.9 55.6 211.0 55.1 210.9 54.6 210.7 54.1 210.5 53.7 210.2
  53.3 209.4 53.0 208.5 52.6 207.7 52.3 207.0 52.0 206.4 51.8 205.9 51.5 204.9
  51.4 204.1 51.2 203.3 51.1 202.5 51.1 201.9 51.2 201.2 51.3 200.6 51.5 200.0
  51.6 199.4 51.8 198.8 51.9 198.3 52.1 197.8 52.3 198.0 52.5 198.3 52.7 198.6
  52.9 198.9 53.1 199.4 53.3 199.8 53.5 200.3 53.5 200.9 53.5 201.4 53.5 201.9
  53.5 202.4 53.5 202.9 53.5 203.3 53.5 203.7 53.4 204.0 53.4 204.3 53.3 204.6
  53.1 204.8 53.0 205.0 52.8 205.2 52.7 205.3 52.5 205.4 52.4 205.5 52.2 205.6
  52.0 205.6 51.8 205.5 51.5 205.3 51.3 205.2 51.1 205.1 50.8 204.9 50.5 204.8
  50.2 204.7 49.9 204.5 49.6 204.0 49.3 203.6 49.0 203.1 48.7 202.5 48.4 202.0
  48.0 201.4 47.7 200.8 47.3 200.1 46.9 199.4 46.3 198.7 45.6 198.2 45.0 197.3
  44.4 196.5 43.7 195.6 43.3 194.4 42.8 193.1 42.3 191.8 42.0 190.6 41.6 189.0
  41.1 187.6 40.8 186.2 40.5 184.8
   2 24 84  0.0
  72.5 321.4 72.0 320.3 71.6 319.2 71.1 318.0 70.7 317.0 70.2 316.1 69.6 315.2
  69.2 314.1 68.8 313.1 68.4 312.1 68.0 311.1 67.8 310.1 67.6 308.6 67.4 307.1
  67.3 305.7 67.3 304.2 67.2 302.7 67.2 301.3 67.3 299.8 67.5 298.3 67.6 296.9
  67.8 295.4 68.1 293.9 68.4 292.5 68.7 291.0 69.0 289.5 69.3 288.0 69.6 286.5
  69.9 285.1 70.2 283.7 70.5 282.4 70.9 281.1 71.2 279.8 71.6 278.4 72.0 277.1
  72.3 275.8 72.7 274.6 73.1 273.3 73.5 272.1 73.9 270.9 74.3 269.6 74.7 268.5
  75.1 267.3 75.6 266.2 75.9 264.9 76.3 263.7 76.7 262.8 77.1 261.9 77.5 261.0
  77.8 260.1 78.2 259.1 78.6 258.8 78.9 258.3 79.3 257.9 79.6 257.4 79.9 256.8
  80.2 256.2 80.5 256.3 80.8 256.5 81.1 256.6 81.3 256.7 81.6 256.8 81.8 256.9
  82.0 256.9 82.1 257.0 82.4 258.5 82.6 260.2 82.7 261.9 82.9 263.7 83.0 265.6
  83.1 267.6 83.2 269.6 83.3 271.7 83.4 273.9 83.4 276.3 83.4 278.7 83.5 281.4
  83.4 284.1 83.3 286.8 83.2 289.5 83.1 292.3 82.9 295.0 82.8 297.7 82.6 300.4
  82.3 302.9 82.1 305.4 81.8 307.7 81.5 309.0 81.2 310.2 80.9 311.4 80.6 312.5
  80.3 313.6 80.0 314.7 79.7 315.7 79.5 316.4 79.2 317.1 79.0 317.8 78.7 318.4
  78.4 319.0 78.1 319.6 77.8 320.3 77.5 320.7 77.2 321.1 76.9 321.6 76.6 322.1
  76.3 322.6 76.1 323.2 75.8 323.8 75.6 324.1 75.3 324.5 75.1 324.8 74.8 325.2
  74.6 325.6 74.3 326.0 74.1 326.5 73.9 326.9 73.7 327.4 73.5 327.9 73.4 328.4
  73.1 328.9 72.9 329.5 72.6 330.2 72.4 330.8 72.2 331.4 71.9 332.0 71.7 332.4
  71.3 332.8 70.8 333.1 70.3 333.4 69.7 333.7 69.1 334.0 68.5 334.3 67.9 334.5
  67.2 334.5 66.5 334.6 65.8 334.6 65.0 334.3 64.3 334.1 63.6 333.8 62.9 333.1
  62.2 332.3 61.5 331.6 61.0 330.4 60.4 329.2 59.9 327.9 59.4 326.3 59.0 324.7
  58.6 322.9 58.3 321.0 57.9 319.2 57.8 317.4 57.6 315.7 57.7 314.0 57.8 312.5
  57.9 311.0 58.3 309.6 58.7 308.1 59.2 306.6 60.0 305.2 60.7 303.9 61.5 302.6
  62.3 301.3 63.1 300.1 63.9 298.8 64.5 297.5 65.2 296.3 65.9 295.0 66.5 293.8
  67.1 292.5 67.8 291.2 68.3 289.9 68.9 288.5 69.5 287.1 70.0 285.6 70.4 284.1
  70.9 282.5 71.3 280.9 71.7 279.2 72.0 277.4 72.4 275.8 72.7 274.1 73.0 272.4
  73.3 270.7 73.6 268.9 73.9 267.2 74.0 265.4 74.2 263.8 74.3 262.1 74.4 260.5
  74.5 258.8 74.4 257.2 74.4 255.6 74.3 254.0 74.1 252.4 74.0 250.8 73.9 249.3
  73.7 247.3 73.6 245.2 73.4 243.1 73.1 241.0 72.9 239.0 72.6 237.0 72.3 235.0
  72.0 233.1 71.7 231.3 71.3 229.5 71.0 227.8 70.8 226.0 70.5 224.2 70.3 222.5
  70.1 220.8 69.8 219.1 69.7 217.7 69.5 216.3 69.4 215.1 69.2 213.9 69.0 212.7
  68.8 211.7 68.6 210.6 68.4 209.6 68.1 208.7 67.9 207.7 67.7 207.3 67.5 206.9
  67.3 206.5 67.1 206.1 66.9 205.7 66.6 205.4 66.4 205.0 66.2 204.7 66.0 204.4
  65.7 204.5 65.5 204.5 65.3 204.5 65.1 204.5 64.9 204.5 64.8 204.5 64.6 204.5
  64.4 204.5 64.2 204.4 64.1 204.3
   2 25 84  0.0
  72.5 321.4 72.0 320.9 71.5 320.4 71.0 320.1 70.5 319.7 70.0 319.4 69.6 319.1
  69.1 318.7 68.5 318.3 68.0 317.9 67.4 317.3 66.8 316.8 66.2 316.2 65.6 315.7
  65.1 314.8 64.6 313.9 64.2 313.0 63.7 312.1 63.3 310.9 63.1 309.7 62.8 308.5
  62.6 307.4 62.5 306.2 62.5 305.0 62.4 303.9 62.4 302.7 62.4 301.5 62.4 300.4
  62.4 299.2 62.4 298.1 62.5 297.1 62.5 296.1 62.5 295.2 62.6 294.2 62.6 293.4
  62.7 292.6 62.7 291.8 62.8 291.0 62.8 290.3 62.9 289.6 63.0 288.8 63.1 288.1
  63.1 287.5 63.2 286.8 63.3 286.2 63.4 285.6 63.5 285.0 63.6 284.4 63.7 283.8
  63.7 283.3 63.8 282.8 63.9 282.3 64.0 281.9 64.1 281.4 64.1 280.8 64.2 280.1
  64.3 279.5 64.4 279.0 64.5 278.5 64.5 278.0 64.6 277.5 64.7 277.1 64.7 276.6
  64.8 276.2 64.9 275.8 64.9 275.4 65.0 275.0 65.1 274.6 65.2 274.3 65.3 273.9
  65.4 273.6 65.5 273.3 65.6 273.0 65.7 272.8 65.8 272.5 65.9 272.2 66.1 271.9
  66.2 271.5 66.3 271.1 66.4 270.8 66.6 270.4 66.7 270.0 66.9 269.6 67.0 269.2
  67.2 268.9 67.4 268.5 67.6 268.1 67.8 267.8 67.9 267.4 68.1 267.0 68.2 266.6
  68.4 266.2 68.5 265.7 68.7 265.3 68.9 264.9 69.0 264.5 69.2 264.0 69.3 263.6
  69.4 263.1 69.5 262.7 69.6 262.3 69.7 261.9 69.8 261.5 69.9 261.1 70.0 260.8
  70.1 260.5 70.2 260.2 70.3 259.9 70.3 259.6 70.4 259.4 70.5 259.1 70.5 258.8
  70.6 258.5 70.6 258.2 70.6 258.0 70.6 257.7 70.6 257.4 70.6 257.2 70.6 257.0
  70.5 256.8 70.5 256.6 70.4 256.5 70.3 256.3 70.2 256.2 70.1 256.0 69.9 255.8
  69.8 255.9 69.6 255.9 69.4 255.9 69.3 255.9 69.1 255.9 68.9 255.9 68.7 255.9
  68.5 255.9 68.2 255.9 68.0 255.8 67.8 255.7 67.6 255.7 67.5 255.6 67.3 255.5
  67.1 255.3 67.0 255.2 66.9 255.0 66.7 254.8 66.6 254.5 66.5 254.3 66.4 254.0
  66.4 253.8 66.3 253.5 66.2 253.3 66.1 253.0 66.1 252.7 66.0 252.4 66.0 252.1
  66.0 251.6 65.8 251.1 65.7 250.6 65.6 250.2 65.4 249.7 65.3 249.3 65.2 248.9
  65.1 248.5 65.0 248.1 64.9 247.8 64.8 247.4 64.7 247.1 64.6 246.8 64.5 246.5
  64.4 246.2 64.3 245.9 64.2 245.7 64.1 245.4 64.1 245.2 64.0 244.9 63.9 244.7
  63.9 244.4 63.9 244.1 63.8 243.8 63.9 243.5 63.9 243.2 63.9 243.0 64.0 242.7
  64.0 242.5 64.1 242.2 64.1 241.9 64.1 241.6 64.1 241.2 64.2 240.8 64.2 240.3
  64.1 239.8 64.1 239.3 64.0 238.8 63.9 238.2 63.8 237.5 63.8 236.9 63.7 236.2
  63.6 235.6 63.5 234.9 63.3 234.3 63.2 233.6 63.1 233.0 63.0 232.4 62.9 231.8
  62.7 231.2 62.6 230.7 62.5 230.1 62.3 229.6 62.2 229.1 62.0 228.7 61.9 228.3
  61.7 227.9 61.5 227.5 61.3 227.1 61.0 226.9 60.8 226.6 60.6 226.5 60.3 226.3
  60.0 226.3 59.8 226.2 59.5 226.0 59.2 225.8 59.0 225.7 58.7 225.6 58.4 225.5
  58.0 225.5 57.7 225.6 57.3 225.7 56.9 225.9 56.5 226.2 56.1 226.5 55.6 226.9
  55.2 227.1 54.7 227.4 54.2 227.7 53.7 227.9 53.1 228.0 52.5 228.1 51.8 228.3
  51.0 228.1 50.2 228.1 49.3 228.1
   2 26 84  0.0
  72.5 321.4 72.7 321.8 72.8 322.1 72.9 322.4 73.0 322.6 73.1 322.7 73.2 322.8
  73.2 322.8 73.2 322.7 73.1 322.6 73.0 322.5 72.9 322.3 72.7 322.0 72.5 321.7
  72.3 321.4 72.0 321.2 71.8 320.9 71.5 320.6 71.1 320.3 70.7 320.0 70.3 319.8
  70.0 319.5 69.7 319.3 69.4 318.8 69.0 318.3 68.6 317.9 68.2 317.5 67.7 317.1
  67.2 316.4 66.7 315.8 66.4 315.2 66.0 314.6 65.7 314.0 65.3 312.9 64.9 311.9
  64.7 310.9 64.5 309.8 64.2 308.7 64.0 307.6 64.0 306.4 64.0 305.2 63.9 303.7
  64.1 302.2 64.3 301.0 64.4 299.9 64.7 298.7 64.9 297.5 65.1 296.4 65.2 295.3
  65.5 294.2 65.8 293.1 66.0 292.0 66.3 291.0 66.6 290.0 66.9 289.0 67.2 288.0
  67.6 286.9 67.9 285.9 68.3 284.9 68.6 283.8 69.0 282.7 69.4 281.6 69.8 280.5
  70.1 279.3 70.6 278.0 71.0 276.7 71.5 275.3 71.9 273.9 72.3 272.4 72.8 271.0
  73.2 269.5 73.6 267.9 74.0 266.2 74.5 264.6 74.9 262.8 75.2 261.0 75.6 259.1
  75.9 257.1 76.1 255.1 76.4 253.5 76.7 251.9 76.9 250.3 77.1 248.7 77.3 247.2
  77.3 245.8 77.4 244.6 77.5 243.5 77.5 242.5 77.6 241.5 77.6 240.5 77.6 239.6
  77.6 238.7 77.5 237.8 77.5 237.0 77.4 236.2 77.4 235.4 77.3 234.6 77.2 233.9
  77.1 233.2 76.9 232.5 76.8 231.9 76.7 231.3 76.5 230.8 76.3 230.3 76.1 229.8
  76.0 229.3 75.8 229.0 75.7 228.8 75.6 228.6 75.4 228.5 75.3 228.3 75.2 228.0
  75.1 227.7 74.8 227.4 74.6 227.0 74.3 226.6 74.1 226.2 73.9 225.7 73.7 225.0
  73.6 224.3 73.4 223.6 73.2 222.8 73.0 222.1 72.8 221.4 72.6 220.8 72.3 220.3
  72.1 219.8 71.7 219.3 71.4 218.8 71.1 218.3 70.7 217.8 70.4 217.3 70.1 216.9
  69.7 216.4 69.4 216.1 69.1 215.7 68.6 215.4 68.0 215.1 67.5 214.8 66.9 214.5
  66.3 214.3 65.7 214.0 65.1 213.9 64.5 213.8 64.0 213.7 63.5 213.8 63.0 213.8
  62.5 213.8 62.1 213.8 61.6 213.7 61.2 213.8 60.8 213.9 60.4 214.0 60.0 214.1
  59.6 214.1 59.2 214.4 58.8 214.7 58.3 215.0 57.9 215.3 57.5 215.9 57.1 216.5
  56.5 217.0 55.9 217.5 55.3 218.0 54.7 218.5 54.0 218.9 53.3 219.0 52.4 219.1
  51.5 219.1 50.5 218.7 49.3 218.4 48.1 217.4 46.8 216.5 45.5 215.4 44.5 214.0
  43.5 212.8 42.4 211.3 42.1 209.9 41.7 208.5 41.4 206.8 41.5 205.3 41.7 203.9
  41.8 202.5 41.9 201.2 42.0 199.9 41.9 198.6 41.8 197.3 41.7 196.0 41.7 194.6
  41.7 193.1 41.6 191.6 41.7 190.1 41.7 188.5 41.7 187.0 41.6 185.6 41.5 184.2
  41.4 182.8 41.1 181.6 40.8 180.4 40.5 179.2 40.0 178.1 39.5 177.1 38.9 175.9
  38.2 174.8 37.3 173.8 36.4 172.5 35.4 171.2 34.6 169.3 33.7 167.4 33.4 164.8
  33.0 162.3 33.1 159.8 33.6 157.4 34.1 155.1 34.7 152.8 35.3 150.6 35.9 148.5
  36.4 146.6 36.8 144.6 37.2 142.7 37.5 140.9 37.8 139.1 38.1 137.3 38.4 135.5
  38.7 133.7 39.0 131.9 39.2 130.1 39.4 128.4 39.7 126.8 39.8 125.3 39.9 123.8
  39.9 122.3 40.0 120.7 40.1 119.1 40.1 117.6 40.2 116.1 40.3 114.5 40.4 113.0
  40.5 111.4 40.5 109.7 40.5 108.1
   2 27 84  0.0
  72.5 321.4 72.8 323.4 73.1 325.5 73.2 327.7 73.4 329.8 73.4 331.8 73.4 333.6
  73.3 335.1 73.2 336.4 72.9 337.4 72.6 338.2 72.2 338.7 71.8 339.0 71.2 338.6
  70.6 338.1 69.9 337.5 69.2 336.3 68.4 335.2 67.6 334.1 66.8 332.3 66.0 330.6
  65.3 329.0 64.6 327.0 64.1 325.1 63.5 323.3 63.2 321.2 62.8 319.1 62.7 317.0
  62.6 315.0 62.7 313.0 62.7 311.1 62.8 309.2 62.9 307.5 62.9 305.8 63.0 304.3
  63.0 302.7 63.0 301.2 63.1 299.8 63.2 298.3 63.3 296.9 63.4 295.6 63.6 294.3
  63.9 293.0 64.2 291.8 64.6 290.9 65.0 290.0 65.3 289.1 65.7 288.2 66.1 287.3
  66.7 286.6 67.2 285.9 67.8 285.1 68.3 284.3 68.8 283.7 69.4 283.0 69.9 282.2
  70.5 281.4 71.0 280.7 71.5 280.1 72.0 279.4 72.7 279.0 73.3 278.6 73.9 278.1
  74.4 277.6 75.0 277.1 75.5 276.6 75.9 276.0 76.3 275.4 76.8 275.1 77.2 274.8
  77.6 274.4 78.0 274.1 78.3 273.8 78.7 274.0 79.0 274.2 79.4 274.4 79.7 274.6
  79.9 274.8 80.2 275.0 80.5 276.0 80.7 277.1 80.9 278.3 81.1 279.6 81.3 280.9
  81.5 282.4 81.7 283.9 81.9 285.5 82.0 287.2 82.1 290.2 82.2 293.2 82.2 296.2
  82.1 299.2 82.0 302.0 81.8 304.1 81.6 306.2 81.4 308.2 81.2 310.3 80.9 312.2
  80.6 314.0 80.2 315.5 79.8 316.8 79.3 317.7 78.8 318.5 78.3 319.2 77.7 319.8
  77.2 320.1 76.6 320.6 76.0 321.0 75.3 321.1 74.7 321.3 74.0 321.6 73.3 321.2
  72.6 321.0 71.8 320.9 71.1 320.4 70.4 320.0 69.6 319.8 68.8 318.9 68.0 318.2
  67.2 317.6 66.6 316.2 66.0 314.7 65.4 312.9 64.8 311.2 64.4 309.4 63.9 307.7
  63.7 306.0 63.4 304.3 63.2 302.5 63.1 300.8 63.0 299.1 63.0 297.4 63.1 295.7
  63.3 294.1 63.5 292.6 63.7 291.1 64.0 289.7 64.3 288.0 64.7 286.4 65.1 284.9
  65.6 283.4 66.0 282.0 66.5 280.6 67.1 279.4 67.4 278.2 67.9 277.1 68.3 276.0
  68.7 275.2 69.1 274.4 69.6 273.5 70.0 272.7 70.5 272.0 71.1 271.3 71.5 270.6
  71.9 269.9 72.4 269.2 72.9 268.6 73.4 268.0 73.9 267.4 74.2 266.7 74.6 266.1
  75.0 265.4 75.4 264.7 75.8 263.9 76.1 263.1 76.5 262.4 76.8 261.6 77.1 260.8
  77.4 259.8 77.7 258.8 78.0 257.6 78.2 256.4 78.6 255.9 78.8 255.3 79.1 254.6
  79.4 254.0 79.7 253.3 80.0 252.6 80.4 252.6 80.8 252.7 81.1 252.8 81.5 252.9
  81.8 252.9 82.1 252.8 82.5 253.3 82.8 253.7 83.0 254.1 83.3 254.4 83.4 254.8
  83.6 255.0 83.7 255.2 83.9 255.3 84.0 255.4 84.0 255.3 84.1 256.3 84.2 257.3
  84.3 258.4 84.4 259.7 84.5 261.0 84.6 262.5 84.7 264.0 84.8 265.7 84.9 267.5
  85.0 269.5 85.0 271.6 85.1 273.9 85.2 276.3 85.2 278.8 85.3 281.5 85.2 284.2
  85.2 286.9 85.2 289.6 85.2 292.2 85.2 294.8 85.2 297.3 85.2 299.8 85.2 302.3
  85.2 304.7 85.2 307.1 85.3 309.4 85.3 311.8 85.4 314.1 85.5 316.5 85.6 318.9
  85.7 321.5 85.9 324.1 86.0 327.0 86.1 330.0 86.3 333.0 86.6 336.6 86.7 340.6
  86.9 345.2 87.1 350.2 87.2 355.7 87.3   1.5 87.4   1.8 87.4   2.1 87.5   2.4
  87.6   2.7 87.6   3.0 87.7   3.3
   2 28 84  0.0
  72.5 321.4 72.6 322.2 72.7 323.1 72.7 324.1 72.8 325.1 72.8 326.2 72.9 327.2
  72.9 328.3 72.9 329.4 73.0 330.5 73.0 331.6 73.0 332.7 73.0 333.8 73.1 334.9
  73.1 336.1 73.1 337.3 73.1 338.5 73.1 339.7 73.1 340.9 73.0 342.1 72.9 343.1
  72.8 344.1 72.7 345.0 72.6 345.8 72.4 346.5 72.1 347.0 71.8 347.4 71.4 347.0
  71.0 346.6 70.5 346.1 69.9 345.6 69.2 344.3 68.4 343.1 67.6 341.9 66.8 340.2
  65.9 338.6 65.1 336.3 64.3 334.0 63.6 331.7 63.0 328.9 62.5 326.0 62.1 323.3
  61.9 320.6 61.6 317.7 61.5 315.0 61.5 312.4 61.5 309.9 61.6 307.5 61.7 305.2
  61.7 303.0 61.8 301.0 61.9 299.1 62.0 297.4 62.2 296.0 62.3 294.7 62.6 293.5
  63.0 292.4 63.3 291.3 63.7 290.3 64.2 289.3 64.7 288.6 65.2 287.8 65.7 287.0
  66.2 286.2 66.7 285.5 67.3 284.7 67.8 284.0 68.3 283.2 68.9 282.4 69.4 281.7
  70.0 280.9 70.5 280.0 71.0 279.1 71.5 278.2 71.9 277.2 72.4 276.2 72.9 275.1
  73.3 274.0 73.8 273.0 74.2 271.8 74.7 270.8 75.1 269.8 75.5 268.7 75.9 267.5
  76.3 266.3 76.6 265.2 77.0 264.2 77.3 263.0 77.6 261.9 77.9 260.7 78.2 259.6
  78.5 259.0 78.7 258.4 79.0 257.8 79.2 257.1 79.5 256.5 79.7 255.8 79.9 255.1
  80.1 254.4 80.3 254.6 80.5 255.0 80.8 255.3 81.0 255.8 81.3 256.3 81.5 256.8
  81.8 257.5 82.0 258.3 82.3 260.8 82.6 263.5 82.9 266.5 83.1 269.6 83.3 272.9
  83.5 276.3 83.6 279.8 83.7 283.4 83.8 287.1 83.8 290.8 83.8 294.5 83.7 298.1
  83.5 301.5 83.3 304.7 83.1 307.6 82.8 310.2 82.5 312.3 82.1 314.2 81.7 315.6
  81.3 316.9 80.9 317.9 80.4 318.7 79.8 319.2 79.3 319.8 78.7 320.4 78.1 320.9
  77.4 321.3 76.8 321.7 76.2 322.0 75.5 322.2 74.9 322.4 74.2 322.7 73.4 322.9
  72.7 323.1 71.9 323.3 71.2 323.3 70.4 323.4 69.7 323.6 69.0 323.3 68.4 323.0
  67.8 322.8 67.2 322.0 66.7 321.3 66.3 320.7 65.8 320.2 65.4 319.1 65.0 318.1
  64.5 317.0 64.2 316.0 63.8 315.0 63.4 313.5 63.1 312.0 62.7 310.5 62.5 308.9
  62.2 307.3 62.1 305.7 61.9 304.1 61.8 302.6 61.7 301.2 61.6 299.7 61.7 298.3
  61.7 296.9 61.8 295.5 62.1 294.2 62.4 292.7 62.7 291.2 63.1 289.8 63.5 288.5
  63.9 287.3 64.4 286.1 64.9 284.5 65.5 283.0 66.0 281.5 66.7 280.1 67.4 278.6
  67.9 277.2 68.6 275.9 69.1 274.8 69.6 273.8 70.2 272.7 70.8 271.7 71.3 270.7
  71.8 269.7 72.3 268.7 72.9 267.7 73.3 266.6 73.7 265.4 74.1 264.3 74.6 263.2
  75.0 261.9 75.3 260.7 75.7 259.3 76.0 258.0 76.4 256.8 76.8 255.6 77.1 254.2
  77.5 252.9 77.8 251.5 78.1 250.1 78.5 249.4 78.8 248.5 79.1 247.5 79.4 246.5
  79.6 245.3 79.8 244.0 80.0 242.6 80.1 241.2 80.3 240.0 80.4 238.7 80.5 237.2
  80.5 235.7 80.5 234.2 80.5 232.7 80.4 231.4 80.3 230.2 80.2 229.1 80.1 228.2
  79.9 227.3 79.8 226.7 79.6 226.2 79.5 225.7 79.4 225.3 79.2 224.9 79.1 224.6
  78.9 224.3 78.8 224.1 78.6 223.9 78.4 223.8 78.2 223.7 78.0 223.7 77.8 223.3
  77.6 222.9 77.4 222.6 77.2 222.3
   2 29 84  0.0
  72.5 321.4 72.7 322.2 73.0 323.0 73.2 323.8 73.5 324.5 73.7 325.3 73.9 326.1
  74.1 326.8 74.4 327.1 74.6 327.3 74.8 327.5 75.1 327.7 75.3 327.7 75.6 327.8
  75.8 327.8 76.1 327.9 76.3 327.8 76.6 327.7 76.8 327.6 77.1 327.4 77.3 327.4
  77.4 327.3 77.6 327.2 77.8 327.1 77.9 327.1 78.1 327.1 78.2 326.9 78.4 326.9
  78.5 326.8 78.6 326.8 78.8 326.8 78.9 326.9 78.9 327.0 79.0 327.2 79.1 327.3
  79.1 327.6 79.2 327.9 79.2 328.2 79.2 328.5 79.2 328.9 79.2 329.3 79.3 329.7
  79.3 330.1 79.3 330.5 79.4 330.9 79.5 331.4 79.5 331.8 79.6 332.3 79.7 332.7
  79.9 333.2 80.1 333.7 80.3 334.0 80.5 334.3 80.8 334.8 81.1 335.3 81.4 336.1
  81.7 336.9 82.0 338.0 82.5 338.4 83.0 339.0 83.5 339.8 84.0 340.7 84.4 341.9
  85.1 343.2 85.6 345.2 86.1 348.1 86.8 351.5 87.3 357.2 87.7   6.0 88.0   6.4
  88.2   6.9 88.5   7.4 88.7   8.0 88.8   8.5 88.9   9.1 89.0   9.7 89.0  10.3
  89.1  10.8 89.1  11.4 89.2  12.0 89.2  12.6 89.3  13.2 89.4  13.7 89.4  14.3
  89.5  14.9 89.6  15.4 89.7  16.0 89.8  16.5 89.9  17.1 89.8 197.6 89.8 244.3
  89.9 325.7 89.5  27.8 89.6  28.2 89.9  28.7 89.8 209.1 89.8 284.1 89.5 346.9
  89.2  33.2 89.2  33.6 89.2  33.8 89.2  34.1 89.2  34.3 89.1  34.6 89.0  34.8
  88.9  34.9 88.8  35.1 88.7  35.2 88.5  35.3 88.3  35.3 88.1  35.4 87.9  35.5
  87.7  35.5 87.5  35.6 87.2  35.6 87.0  35.7 86.7  35.7 86.4  35.8 86.0  35.8
  85.6  35.8 85.4  35.6 85.1  35.4 84.9  35.3 84.6  35.1 84.4  34.9 84.1  34.7
  83.8  34.5 83.6  34.2 83.4  33.9 83.2  33.5 83.0  33.2 82.8  32.9 82.5  32.6
  82.2  32.3 82.0  32.0 81.8  31.7 81.6  31.2 81.5  30.7 81.4  30.3 81.4  29.8
  81.4  29.3 81.4  28.8 81.4  28.2 81.5  27.7 81.6  27.1 81.6  26.6 81.7  26.0
  81.8  25.4 81.9  24.8 82.0  24.2 82.2  23.7 82.3  23.2 82.5  22.7 82.7  22.2
  82.9  21.7 83.1  21.3 83.3  20.8 83.5  20.3 83.6  19.8 83.7  19.4 83.7  18.9
  83.7  18.5 83.6  18.2 83.5  17.8 83.4  17.5 83.2  17.2 83.0  16.9 82.8  16.7
  82.5  16.4 82.1  16.3 81.8  16.1 81.5  15.7 81.2  15.3 80.8  15.0 80.4  14.6
  80.0  14.3 79.6  13.9 79.1  13.6 78.7  13.2 78.2  12.9 77.6  12.6 77.1  12.4
  76.5  12.2 76.0  11.9 75.5  11.8 75.0  11.6 74.5  11.5 73.9  11.4 73.4  11.4
  72.9  11.5 72.4  11.6 71.8  11.7 71.3  11.9 70.7  12.2 70.0  12.4 69.3  12.6
  68.7  12.8 68.0  13.0 67.4  13.1 66.7  13.4 66.1  13.7 65.5  14.0 64.9  14.5
  64.3  14.9 63.7  15.4 63.1  15.9 62.6  16.4 62.0  16.9 61.5  17.3 61.0  17.8
  60.5  18.3 60.1  18.8 59.8  19.4 59.4  19.9 59.2  20.3 58.8  20.8 58.4  21.4
  58.0  21.9 57.6  22.1 57.3  22.4 57.0  22.7 56.7  23.0 56.5  23.3 56.3  23.6
  56.1  23.9 56.0  24.3 55.8  24.7 55.5  24.7 55.3  24.8 55.0  24.9 54.8  25.0
  54.6  25.0 54.4  25.1 54.2  25.2 54.1  25.3 53.9  25.4 53.8  25.3 53.7  25.1
  53.7  25.0 53.6  24.9 53.6  24.8
