  10  1 79  0.0
  72.5 321.4 72.3 321.1 72.1 320.7 71.9 320.4 71.8 320.5 71.6 320.5 71.4 320.6
  71.2 320.7 70.9 320.8 70.7 320.8 70.4 320.9 70.2 321.0 69.9 321.0 69.6 321.5
  69.4 322.0 69.1 322.5 68.9 323.1 68.6 323.6 68.4 324.1 68.2 324.7 68.0 325.2
  67.8 325.8 67.7 326.8 67.5 327.8 67.3 328.8 67.1 329.8 66.9 330.7 66.6 331.6
  66.4 332.4 66.0 333.2 65.7 333.8 65.3 334.8 64.9 335.6 64.5 336.4 63.9 337.0
  63.3 337.6 62.7 338.1 62.0 338.6 61.3 339.0 60.5 339.3 59.7 339.5 59.0 339.7
  58.2 339.9 57.4 340.0 56.8 340.1 56.1 340.1 55.5 340.2 54.9 340.2 54.4 340.2
  53.8 340.3 53.2 340.1 52.7 339.9 52.0 339.7 51.4 339.6 50.8 339.3 50.2 339.0
  49.7 338.7 49.2 338.4 48.7 338.1 48.3 337.7 47.8 337.5 47.3 337.1 46.9 336.7
  46.6 336.3 46.2 336.0 45.9 335.6 45.5 335.2 45.2 334.8 45.0 334.4 44.8 334.0
  44.5 333.7 44.4 333.3 44.2 333.1 44.1 332.8 44.0 332.5 43.9 332.2 43.8 332.0
  43.6 331.7 43.5 331.5 43.4 331.3 43.3 331.1 43.2 331.0 43.1 330.9 43.1 330.8
  43.0 330.7 43.0 330.7 43.0 330.7 43.0 330.6 43.0 330.5 42.9 330.4 42.9 330.3
  42.9 330.1 42.9 329.9 42.9 329.7 43.0 329.5 43.0 329.2 43.0 329.0 43.0 328.7
  43.0 328.4 43.0 328.0 43.1 327.7 43.0 327.3 42.9 327.0 42.8 326.6 42.8 326.2
  42.7 325.8 42.7 325.4 42.7 325.0 42.7 324.6 42.7 324.2 42.7 323.8 42.7 323.4
  42.6 323.1 42.6 322.7 42.6 322.3 42.6 322.0 42.6 321.6 42.7 321.3 42.7 320.9
  42.7 320.6 42.8 320.2 42.8 319.9 42.9 319.5 43.1 319.1 43.2 318.7 43.4 318.2
  43.5 317.8 43.7 317.3 43.8 316.9 44.0 316.4 44.2 315.7 44.4 315.0 44.6 314.4
  44.8 313.7 45.0 313.1 45.2 312.4 45.4 311.8 45.5 311.1 45.6 310.4 45.6 309.7
  45.7 309.0 45.8 308.2 45.9 307.4 45.9 306.7 46.0 305.9 46.1 304.9 46.2 304.0
  46.3 303.1 46.4 302.3 46.6 301.5 46.7 300.7 46.9 299.9 47.1 299.1 47.2 298.4
  47.4 297.6 47.7 296.9 47.9 296.1 48.1 295.4 48.4 294.6 48.7 293.7 48.9 292.9
  49.2 292.2 49.4 291.4 49.6 290.7 49.9 289.9 50.1 289.2 50.3 288.3 50.5 287.4
  50.7 286.4 51.0 285.6 51.2 284.7 51.4 283.8 51.6 283.0 51.8 282.2 52.1 281.4
  52.3 280.4 52.6 279.5 52.8 278.6 53.1 277.6 53.3 276.7 53.6 275.8 53.9 274.9
  54.2 274.0 54.5 273.1 54.8 272.3 55.0 271.4 55.3 270.6 55.5 269.9 55.7 269.1
  55.9 268.4 56.2 267.7 56.4 267.0 56.7 266.2 56.9 265.5 57.2 264.7 57.6 264.0
  57.9 263.4 58.2 262.7 58.5 262.0 58.8 261.3 59.1 260.5 59.5 259.8 59.7 259.1
  59.9 258.4 60.2 257.8 60.5 257.1 60.8 256.4 61.1 255.8 61.2 255.1 61.4 254.5
  61.6 254.0 61.7 253.4 61.9 252.9 62.1 252.4 62.4 251.8 62.5 251.2 62.6 250.5
  62.8 249.9 62.9 249.3 63.1 248.7 63.2 248.1 63.4 247.5 63.5 246.9 63.6 246.4
  63.7 245.8 63.8 245.3 63.9 244.8 64.0 244.3 64.1 243.8 64.1 243.2 64.2 242.6
  64.3 241.9 64.3 241.3 64.4 240.7 64.5 240.1 64.6 239.5 64.6 238.9 64.7 238.2
  64.7 237.6 64.8 237.0 64.8 236.3
  10  2 79  0.0
  72.5 321.4 72.3 321.8 72.0 322.1 71.8 322.4 71.6 323.1 71.4 323.8 71.2 324.4
  71.0 324.9 70.8 325.3 70.6 325.7 70.4 326.0 70.2 326.2 70.1 326.3 69.9 326.4
  69.7 327.1 69.5 327.7 69.4 328.4 69.2 329.0 69.1 329.6 68.9 330.2 68.7 330.9
  68.6 331.5 68.4 332.1 68.2 332.7 67.9 333.2 67.7 334.2 67.4 335.0 67.1 335.8
  66.8 336.6 66.4 337.2 66.0 337.9 65.6 338.6 65.1 339.3 64.6 339.9 64.1 340.4
  63.5 340.9 63.0 341.3 62.4 341.7 61.8 342.1 61.2 342.4 60.6 342.8 60.0 343.1
  59.4 343.3 58.8 343.6 58.3 343.8 57.7 344.0 57.2 344.2 56.8 344.4 56.3 344.6
  55.8 344.7 55.4 344.8 55.0 344.8 54.5 344.9 54.1 345.0 53.6 345.0 53.2 344.9
  52.7 344.8 52.3 344.6 51.8 344.5 51.3 344.3 50.8 344.1 50.3 343.8 49.8 343.6
  49.4 343.3 48.9 343.0 48.5 342.7 48.1 342.3 47.7 342.0 47.3 341.5 47.0 341.0
  46.7 340.5 46.4 340.0 46.2 339.4 45.9 338.9 45.7 338.3 45.5 337.8 45.3 337.3
  45.1 336.7 44.9 336.1 44.7 335.5 44.5 334.8 44.2 334.1 43.9 333.4 43.7 332.7
  43.4 331.9 43.0 331.1 42.7 330.3 42.4 329.5 42.1 328.7 41.8 327.9 41.7 327.3
  41.5 326.7 41.3 326.1 41.1 325.5 40.9 324.9 40.7 324.3 40.6 323.8 40.5 323.2
  40.5 322.7 40.4 322.1 40.4 321.6 40.3 321.0 40.2 320.4 40.1 319.7 40.1 319.0
  40.0 318.2 40.0 317.4 39.9 316.6 39.9 315.8 39.9 315.0 40.0 314.1 40.0 313.3
  40.0 312.3 40.1 311.3 40.2 310.3 40.3 309.3 40.3 308.4 40.4 307.6 40.5 306.8
  40.5 306.0 40.6 305.2 40.6 304.5 40.7 303.8 40.7 303.2 40.7 302.6 40.7 302.0
  40.7 301.4 40.7 300.8 40.7 300.3 40.6 299.8 40.6 299.2 40.7 298.7 40.7 298.2
  40.7 297.7 40.7 297.1 40.7 296.6 40.6 296.2 40.6 295.7 40.6 295.2 40.7 294.8
  40.7 294.4 40.7 294.0 40.7 293.6 40.7 293.3 40.7 293.0 40.8 292.7 40.8 292.4
  40.7 292.1 40.7 291.8 40.8 291.5 40.8 291.3 40.8 291.0 40.8 290.8 40.8 290.6
  40.8 290.4 40.8 290.2 40.8 290.0 40.8 289.8 40.7 289.6 40.7 289.5 40.7 289.3
  40.7 289.2 40.6 289.0 40.6 288.9 40.5 288.8 40.5 288.7 40.4 288.5 40.4 288.4
  40.3 288.4 40.3 288.3 40.2 288.2 40.2 288.1 40.2 288.0 40.1 287.9 40.1 287.8
  40.0 287.8 40.0 287.7 39.9 287.6 39.9 287.6 39.9 287.6 39.9 287.5 39.8 287.5
  39.8 287.5 39.8 287.4 39.8 287.4 39.8 287.3 39.8 287.3 39.9 287.2 39.9 287.2
  39.9 287.2 39.9 287.1 40.0 287.1 40.0 287.0 40.0 287.0 40.1 286.8 40.1 286.7
  40.2 286.5 40.2 286.3 40.2 286.2 40.3 286.0 40.3 285.8 40.4 285.6 40.4 285.3
  40.4 285.1 40.5 284.9 40.5 284.7 40.6 284.4 40.6 284.2 40.6 283.9 40.7 283.7
  40.7 283.4 40.7 283.1 40.8 282.9 40.8 282.6 40.9 282.3 40.9 282.1 41.0 281.8
  41.0 281.6 41.1 281.3 41.1 281.1 41.1 280.9 41.2 280.7 41.2 280.5 41.2 280.3
  41.2 280.1 41.2 279.9 41.3 279.7 41.4 279.6 41.4 279.4 41.5 279.2 41.6 279.1
  41.7 278.9 41.7 278.7 41.8 278.5 41.9 278.3 41.9 278.1 42.0 277.9 42.0 277.7
  42.1 277.3 42.1 277.0 42.2 276.6
  10  3 79  0.0
  72.5 321.4 72.2 321.8 71.9 322.2 71.6 322.9 71.3 323.6 71.0 324.2 70.8 324.8
  70.6 325.4 70.3 326.0 70.1 326.5 69.8 327.0 69.6 328.0 69.3 328.9 69.1 329.8
  68.9 330.7 68.7 331.6 68.5 332.5 68.3 333.4 68.0 334.3 67.7 335.2 67.5 336.3
  67.1 337.3 66.7 338.3 66.3 339.3 65.8 340.2 65.2 341.0 64.6 341.7 63.9 342.4
  63.3 342.9 62.6 343.3 61.9 343.8 61.2 344.1 60.5 344.4 59.8 344.7 59.1 344.9
  58.3 345.1 57.6 345.3 56.8 345.3 56.1 345.3 55.3 345.3 54.7 344.9 54.1 344.6
  53.5 344.2 53.0 343.6 52.4 342.9 51.8 342.3 51.2 341.4 50.7 340.6 50.1 339.8
  49.5 339.0 49.0 338.2 48.4 337.5 47.9 336.7 47.4 335.9 47.1 335.1 46.8 334.2
  46.5 333.2 46.2 332.1 46.0 330.9 45.9 329.7 45.8 328.4 45.7 327.1 45.6 325.9
  45.6 324.7 45.5 323.5 45.5 322.4 45.5 321.3 45.5 320.2 45.5 319.0 45.6 317.8
  45.7 316.7 45.8 315.4 45.9 314.2 46.0 313.0 46.0 311.9 46.1 310.8 46.1 309.7
  46.2 308.7 46.2 307.6 46.3 306.6 46.3 305.5 46.4 304.5 46.4 303.4 46.4 302.3
  46.5 301.2 46.5 300.2 46.5 299.1 46.6 298.1 46.6 297.1 46.6 296.1 46.7 295.2
  46.7 294.2 46.6 293.3 46.6 292.4 46.5 291.5 46.5 290.6 46.3 289.8 46.2 288.9
  46.0 288.1 45.9 287.3 45.8 286.6 45.7 285.8 45.6 285.1 45.5 284.4 45.4 283.8
  45.3 283.2 45.3 282.5 45.2 281.9 45.1 281.4 45.1 280.8 45.0 280.3 44.9 279.8
  44.8 279.3 44.7 278.8 44.6 278.4 44.5 277.9 44.4 277.4 44.3 277.0 44.2 276.5
  44.0 276.1 43.9 275.6 43.8 275.4 43.6 275.2 43.5 275.0 43.4 274.8 43.2 274.5
  43.1 274.3 43.0 274.0 42.9 273.7 42.9 273.4 42.8 273.1 42.7 272.7 42.6 272.4
  42.6 272.0 42.5 271.6 42.4 271.2 42.3 270.8 42.2 270.5 42.1 270.1 42.0 269.7
  42.0 269.4 41.9 269.2 41.9 269.0 41.8 268.9 41.8 268.7 41.8 268.6 41.7 268.5
  41.7 268.3 41.7 268.2 41.7 268.1 41.7 267.9 41.7 267.8 41.7 267.7 41.7 267.6
  41.7 267.5 41.7 267.4 41.8 267.4 41.8 267.3 41.9 267.2 42.0 267.1 42.0 267.0
  42.1 266.8 42.2 266.5 42.3 266.3 42.4 266.0 42.5 265.8 42.6 265.5 42.7 265.3
  42.9 265.0 43.0 264.8 43.2 264.5 43.3 264.3 43.5 264.0 43.7 263.7 43.8 263.5
  44.0 263.2 44.2 263.0 44.3 262.5 44.5 262.1 44.7 261.7 45.0 261.3 45.2 260.9
  45.5 260.6 45.7 260.2 46.0 259.9 46.2 259.4 46.3 258.9 46.5 258.4 46.7 258.0
  46.9 257.5 47.1 257.1 47.3 256.6 47.4 256.2 47.6 255.7 47.8 255.3 47.9 254.8
  48.1 254.4 48.2 253.8 48.4 253.3 48.6 252.7 48.8 252.1 49.0 251.5 49.1 251.0
  49.2 250.4 49.4 249.8 49.5 249.2 49.7 248.6 49.8 248.1 50.0 247.6 50.0 247.0
  50.1 246.5 50.2 246.0 50.3 245.5 50.3 245.0 50.4 244.6 50.5 244.2 50.6 243.8
  50.7 243.4 50.7 243.0 50.8 242.7 50.9 242.3 50.9 242.0 51.0 241.6 51.0 241.3
  51.1 241.0 51.2 240.7 51.2 240.4 51.3 240.1 51.3 239.8 51.4 239.5 51.5 239.2
  51.6 239.0 51.6 238.7 51.7 238.4 51.8 238.2 51.9 237.9 51.9 237.7 52.0 237.4
  52.1 237.2 52.1 236.9 52.2 236.6
  10  4 79  0.0
  72.5 321.4 72.2 320.8 71.9 320.3 71.7 320.2 71.4 320.2 71.1 320.2 70.8 320.2
  70.6 320.2 70.3 320.3 69.9 320.4 69.6 320.8 69.3 321.3 69.0 321.7 68.7 322.2
  68.4 322.7 68.1 323.2 67.8 323.7 67.5 324.4 67.3 325.2 67.1 325.9 66.9 326.6
  66.7 327.4 66.5 328.2 66.3 329.0 66.1 329.8 65.8 330.5 65.6 331.1 65.4 331.6
  65.1 332.2 64.8 332.8 64.5 333.4 64.1 334.0 63.8 334.7 63.5 335.1 63.1 335.5
  62.8 335.9 62.4 336.4 62.0 336.8 61.5 337.0 61.1 337.2 60.6 337.4 60.1 337.6
  59.6 337.7 59.1 337.6 58.6 337.4 58.0 337.3 57.5 337.0 57.0 336.6 56.5 336.2
  56.0 335.7 55.6 335.2 55.3 334.6 54.9 334.1 54.6 333.5 54.3 332.8 54.0 332.1
  53.8 331.3 53.7 330.4 53.7 329.4 53.7 328.4 53.7 327.2 53.8 326.0 54.0 324.9
  54.1 323.7 54.4 322.6 54.6 321.6 54.9 320.6 55.1 319.6 55.5 318.7 55.9 317.8
  56.3 317.0 56.8 316.6 57.3 316.2 57.7 315.9 58.2 315.5 58.6 315.5 59.0 315.6
  59.4 315.6 59.7 315.6 60.1 315.6 60.4 316.0 60.6 316.4 60.9 316.8 61.0 317.3
  61.2 317.8 61.3 318.3 61.4 319.0 61.5 319.7 61.6 320.5 61.7 321.4 61.7 322.3
  61.7 323.2 61.7 324.2 61.4 325.3 61.2 326.3 61.0 327.2 60.7 328.1 60.1 328.9
  59.5 329.7 58.9 330.1 58.2 330.4 57.5 330.8 56.8 330.7 56.0 330.6 55.3 330.5
  54.6 330.0 53.9 329.4 53.2 328.4 52.7 327.2 52.5 326.0 52.2 324.7 52.0 323.4
  52.1 321.8 52.3 320.5 52.5 319.3 52.9 318.1 53.4 317.0 53.9 315.9 54.3 314.9
  54.9 314.3 55.4 313.8 56.0 313.2 56.5 312.8 57.0 312.7 57.4 312.6 57.8 312.7
  58.1 312.8 58.4 313.1 58.7 313.6 58.9 314.2 59.0 314.8 59.2 315.5 59.3 316.4
  59.3 317.3 59.3 318.1 59.3 318.8 59.3 319.5 59.3 320.0 59.1 320.5 58.9 320.8
  58.6 321.1 58.4 321.2 58.1 321.2 57.7 321.1 57.4 320.8 57.0 320.4 56.6 320.1
  56.2 319.7 55.8 319.4 55.4 319.0 54.9 318.7 54.4 318.3 53.9 318.0 53.4 317.7
  52.8 317.3 52.1 317.0 51.5 316.7 50.8 316.4 50.2 316.0 49.6 315.6 49.1 315.0
  48.7 314.4 48.3 313.8 47.9 313.2 47.6 312.3 47.3 311.4 47.2 310.5 47.1 309.6
  47.0 308.6 46.9 307.6 46.9 306.6 46.9 305.6 46.9 304.7 46.8 303.7 46.8 302.8
  46.7 301.9 46.6 301.0 46.5 300.1 46.4 299.2 46.2 298.4 46.0 297.5 45.8 296.6
  45.6 295.8 45.5 295.0 45.4 294.2 45.3 293.5 45.2 292.7 45.1 291.9 45.1 291.2
  45.0 290.4 45.0 289.7 44.9 289.0 44.9 288.2 44.8 287.5 44.7 286.8 44.6 286.0
  44.5 285.2 44.5 284.4 44.4 283.5 44.3 282.7 44.2 281.8 44.2 281.0 44.1 280.1
  44.0 279.3 44.0 278.7 43.9 278.1 43.9 277.6 43.8 277.0 43.8 276.4 43.7 275.9
  43.7 275.3 43.8 274.7 43.8 274.2 43.8 273.6 43.8 273.0 43.8 272.5 43.8 271.9
  43.9 271.3 44.0 270.7 44.0 270.2 44.1 269.5 44.2 268.9 44.3 268.3 44.3 267.7
  44.5 267.0 44.7 266.4 44.9 265.8 45.0 265.1 45.2 264.5 45.4 263.8 45.6 263.2
  45.9 262.5 46.1 261.9 46.3 261.2 46.6 260.6 46.8 259.9 47.0 259.2 47.2 258.6
  47.5 257.9 47.7 257.3 47.9 256.7
  10  5 79  0.0
  72.5 321.4 72.4 321.4 72.3 321.4 72.2 321.3 72.2 321.2 72.1 321.1 72.0 320.9
  71.9 321.3 71.8 321.6 71.8 322.0 71.7 322.3 71.6 322.6 71.6 322.8 71.5 323.1
  71.4 323.4 71.3 323.6 71.2 323.7 71.1 323.9 71.0 324.0 70.8 324.1 70.7 324.1
  70.6 324.1 70.5 324.1 70.3 324.0 70.2 323.9 69.9 323.8 69.7 324.2 69.5 324.6
  69.4 325.0 69.2 325.5 69.0 325.9 68.8 326.4 68.6 326.9 68.4 327.4 68.2 327.9
  67.9 328.3 67.7 329.0 67.5 329.7 67.3 330.4 67.1 331.1 66.9 331.8 66.6 332.5
  66.4 333.2 66.1 333.9 65.8 334.5 65.6 335.1 65.3 335.6 65.0 336.1 64.6 336.6
  64.2 337.0 63.8 337.4 63.5 337.7 63.1 337.9 62.7 338.2 62.4 338.5 62.0 338.8
  61.6 339.0 61.3 339.1 60.9 339.3 60.5 339.5 60.1 339.7 59.6 339.9 59.2 339.9
  58.8 340.0 58.3 339.9 57.9 339.9 57.4 339.8 57.0 339.6 56.5 339.4 56.1 339.1
  55.7 338.8 55.2 338.5 54.8 338.1 54.4 337.8 53.9 337.4 53.5 336.9 53.1 336.4
  52.7 335.9 52.5 335.3 52.3 334.6 52.1 333.9 51.9 333.1 51.8 332.2 51.6 331.3
  51.7 330.3 51.7 329.3 51.7 328.3 51.8 327.3 51.9 326.3 52.0 325.3 52.0 324.4
  52.1 323.4 52.3 322.4 52.5 321.5 52.7 320.7 52.9 319.8 53.3 319.1 53.8 318.4
  54.2 317.7 54.6 317.1 55.0 316.5 55.5 315.9 55.9 315.3 56.4 314.7 56.9 314.3
  57.3 314.0 57.8 313.6 58.2 313.2 58.6 313.0 59.0 312.8 59.3 312.7 59.6 312.5
  59.9 312.3 60.2 312.2 60.4 312.4 60.6 312.6 60.9 312.9 61.0 313.2 61.2 313.6
  61.4 314.0 61.5 314.5 61.7 315.0 61.8 315.6 61.9 316.2 62.0 316.9 62.0 317.7
  62.1 318.7 62.1 319.9 62.2 321.2 62.2 322.5 62.1 324.0 62.1 325.6 61.9 327.1
  61.6 328.4 61.0 329.6 60.4 330.7 59.7 331.7 59.0 332.3 58.1 332.9 57.1 333.4
  56.1 333.5 55.1 333.7 54.1 333.5 53.2 333.3 52.4 332.7 51.6 332.1 50.8 331.1
  50.1 330.0 49.4 329.0 48.8 327.7 48.4 326.4 47.9 325.0 47.5 323.6 47.4 322.1
  47.2 320.5 47.0 319.0 47.2 317.4 47.3 315.7 47.7 314.1 48.0 312.5 48.3 311.3
  48.8 310.0 49.2 308.8 49.6 307.7 50.1 306.6 50.7 306.0 51.2 305.3 51.6 304.7
  52.1 304.1 52.5 303.8 52.8 303.5 53.2 303.3 53.5 303.0 53.9 302.7 54.2 302.5
  54.5 302.5 54.8 302.6 55.1 302.7 55.4 302.9 55.8 303.1 56.1 303.4 56.4 303.9
  56.7 304.3 56.9 304.6 57.0 304.9 57.1 305.2 57.3 305.4 57.4 305.5 57.5 305.6
  57.6 305.7 57.7 305.7 57.8 305.6 57.9 305.6 58.0 305.4 58.1 305.3 58.2 305.1
  58.2 305.0 58.3 304.8 58.3 304.5 58.4 304.3 58.4 304.0 58.5 303.7 58.5 303.4
  58.5 303.1 58.5 302.7 58.5 302.4 58.4 302.0 58.4 301.6 58.4 301.2 58.4 300.7
  58.4 300.3 58.3 299.8 58.2 299.4 58.0 298.9 57.9 298.5 57.7 297.8 57.5 297.1
  57.3 296.4 57.2 295.7 56.9 295.0 56.6 294.3 56.3 293.6 56.0 292.9 55.7 292.3
  55.4 291.5 55.1 290.7 54.7 290.0 54.3 289.3 53.9 288.6 53.5 287.8 53.2 287.0
  52.9 286.2 52.5 285.4 52.2 284.6 51.9 283.8 51.6 282.9 51.3 282.1 51.0 281.2
  50.6 280.3 50.2 279.5 50.0 278.6
  10  6 79  0.0
  72.5 321.4 72.3 321.3 72.2 321.2 72.0 321.1 71.9 321.0 71.7 321.1 71.6 321.2
  71.4 321.3 71.3 321.5 71.1 321.7 70.9 321.9 70.7 322.1 70.5 322.4 70.3 322.7
  70.1 323.0 69.9 323.3 69.7 323.9 69.6 324.6 69.5 325.3 69.4 325.9 69.3 326.6
  69.2 327.3 69.1 328.0 69.0 328.7 68.9 329.4 68.8 330.1 68.7 330.8 68.6 331.6
  68.5 332.4 68.3 333.2 68.1 334.0 68.0 334.8 67.8 335.9 67.6 337.0 67.3 338.1
  66.9 339.1 66.6 340.1 66.0 341.1 65.5 342.0 65.0 342.8 64.5 343.5 64.0 344.2
  63.5 344.8 63.0 345.3 62.6 345.8 62.1 346.3 61.6 346.8 61.2 347.1 60.7 347.4
  60.3 347.6 59.8 347.9 59.4 348.0 59.1 348.1 58.7 348.3 58.4 348.4 58.1 348.6
  57.7 348.8 57.4 348.8 57.1 348.9 56.8 348.9 56.6 348.9 56.3 349.0 56.0 349.0
  55.7 348.9 55.4 348.8 55.1 348.8 54.8 348.7 54.5 348.7 54.2 348.6 53.8 348.6
  53.5 348.4 53.2 348.3 52.8 348.1 52.5 348.0 52.2 347.8 52.0 347.7 51.7 347.5
  51.4 347.3 51.2 347.1 50.9 347.0 50.6 346.8 50.3 346.7 49.9 346.6 49.6 346.3
  49.3 346.1 49.0 345.7 48.7 345.4 48.4 345.1 48.2 344.8 47.9 344.5 47.6 344.0
  47.3 343.6 47.1 343.1 46.9 342.6 46.6 342.2 46.4 341.8 46.1 341.4 45.8 340.9
  45.5 340.4 45.2 339.8 45.0 339.2 44.8 338.5 44.6 337.8 44.4 337.1 44.2 336.4
  43.9 335.6 43.9 334.8 43.9 334.0 43.8 333.2 43.8 332.4 43.7 331.6 43.8 330.7
  43.8 329.8 43.8 329.0 43.9 328.0 43.9 327.1 43.9 326.1 44.0 325.1 44.0 324.1
  44.0 323.0 44.0 321.9 44.0 320.7 43.9 319.5 44.1 318.3 44.2 317.2 44.3 316.2
  44.5 315.2 44.7 314.2 45.0 313.1 45.3 312.1 45.5 311.0 45.7 309.9 46.0 308.7
  46.2 307.6 46.3 306.6 46.5 305.7 46.7 304.9 46.9 304.1 47.1 303.4 47.4 302.8
  47.7 302.2 47.9 301.6 48.3 301.0 48.6 300.6 48.9 300.3 49.3 300.0 49.5 299.6
  49.8 299.2 50.0 298.8 50.3 298.5 50.5 298.2 50.8 297.9 51.0 297.6 51.3 297.2
  51.5 296.9 51.7 296.6 52.0 296.3 52.3 296.1 52.6 295.9 52.8 295.7 53.1 295.4
  53.4 295.1 53.6 294.7 53.9 294.2 54.2 293.8 54.5 293.5 54.8 293.2 55.2 292.8
  55.5 292.5 55.8 292.1 56.1 291.7 56.3 291.5 56.5 291.3 56.7 291.1 56.9 290.9
  57.1 290.7 57.2 290.4 57.3 290.2 57.4 289.9 57.5 289.6 57.6 289.4 57.7 289.1
  57.7 288.8 57.8 288.4 57.8 288.1 57.8 287.7 57.9 287.3 58.0 286.9 58.1 286.9
  58.2 286.8 58.2 286.7 58.2 286.6 58.2 286.5 58.2 286.4 58.1 286.3 58.1 286.2
  58.0 286.0 58.0 285.8 57.9 285.2 57.8 284.6 57.8 284.0 57.8 283.3 57.9 282.5
  57.9 281.8 57.9 281.0 57.9 280.2 58.0 279.4 58.1 278.6 58.2 278.3 58.3 277.9
  58.4 277.5 58.6 277.2 58.7 276.8 58.9 276.4 59.1 276.0 59.2 275.6 59.5 275.2
  59.7 274.8 60.0 274.3 60.3 274.2 60.6 274.1 60.8 273.9 61.1 273.7 61.4 273.5
  61.6 273.3 61.9 273.0 62.1 272.7 62.4 272.7 62.6 272.7 62.8 272.7 63.1 272.6
  63.2 272.6 63.4 272.6 63.6 272.5 63.8 272.5 63.9 272.4 64.0 272.4 64.1 272.6
  64.3 272.8 64.4 273.0 64.5 273.2
  10  7 79  0.0
  72.5 321.4 72.5 321.2 72.5 320.9 72.4 320.6 72.4 320.4 72.4 320.1 72.4 319.8
  72.3 319.5 72.2 319.1 72.1 318.8 72.0 318.4 71.9 318.2 71.8 318.0 71.7 317.8
  71.6 317.6 71.6 317.4 71.5 317.2 71.3 317.0 71.2 316.8 71.1 316.6 71.0 316.5
  70.8 316.3 70.7 316.2 70.5 316.0 70.4 315.9 70.1 315.8 69.9 315.7 69.6 315.8
  69.4 315.8 69.1 315.9 68.9 316.1 68.7 316.3 68.4 316.5 68.2 316.8 68.0 317.1
  67.8 317.5 67.5 318.0 67.3 318.6 67.1 319.1 66.9 319.7 66.7 320.3 66.7 320.9
  66.6 321.5 66.5 322.2 66.5 322.8 66.4 323.5 66.4 324.2 66.4 324.9 66.3 325.6
  66.3 326.3 66.2 327.1 66.2 328.0 66.2 328.9 66.2 329.8 66.1 330.9 66.1 331.9
  66.1 333.1 65.9 334.2 65.6 335.2 65.4 336.3 65.0 337.3 64.5 338.3 64.0 339.2
  63.5 339.7 63.1 340.2 62.6 340.7 62.1 341.2 61.7 341.8 61.3 342.0 60.9 342.2
  60.5 342.4 60.1 342.6 59.7 342.8 59.4 342.7 59.1 342.6 58.8 342.6 58.5 342.5
  58.3 342.5 58.0 342.6 57.8 342.6 57.6 342.4 57.4 342.2 57.3 342.0 57.1 341.9
  57.0 341.7 56.8 341.6 56.7 341.5 56.6 341.4 56.5 341.3 56.4 341.2 56.3 341.2
  56.2 341.2 56.1 341.2 56.0 341.2 56.0 341.3 55.9 341.2 55.9 341.2 55.8 341.2
  55.7 341.1 55.6 341.1 55.5 341.2 55.4 341.2 55.2 341.2 55.0 341.2 54.8 341.2
  54.6 341.3 54.3 341.3 54.1 341.4 53.8 341.4 53.5 341.3 53.2 341.3 52.9 341.2
  52.6 341.0 52.3 340.9 52.0 340.7 51.7 340.4 51.3 340.2 51.0 339.9 50.8 339.6
  50.5 339.2 50.2 338.9 49.8 338.6 49.5 338.2 49.2 337.7 48.9 337.2 48.6 336.6
  48.3 335.9 48.2 335.3 48.1 334.5 48.0 333.7 47.9 332.9 47.8 332.1 47.7 331.2
  47.7 330.2 47.8 329.3 47.8 328.4 47.8 327.4 47.9 326.5 47.9 325.5 47.9 324.5
  48.0 323.5 48.1 322.5 48.2 321.7 48.3 320.8 48.3 320.0 48.7 319.1 49.0 318.3
  49.3 317.5 49.6 316.6 49.8 315.8 50.2 315.0 50.5 314.2 50.8 313.4 51.1 312.7
  51.4 311.9 51.8 311.3 52.2 310.6 52.6 310.1 53.0 309.5 53.5 309.0 54.0 308.5
  54.4 308.0 54.9 307.5 55.5 307.0 56.0 306.5 56.5 306.0 57.0 305.4 57.5 304.9
  58.0 304.3 58.5 303.7 59.0 303.1 59.4 302.5 59.9 301.9 60.3 301.4 60.8 301.0
  61.2 300.5 61.6 300.1 62.0 299.7 62.3 299.2 62.7 298.9 63.0 298.6 63.3 298.3
  63.6 298.0 63.9 297.7 64.1 297.4 64.4 297.2 64.7 296.9 64.9 296.6 65.2 296.4
  65.4 296.1 65.6 295.8 65.7 295.5 65.9 295.2 66.0 294.9 66.1 294.6 66.2 294.3
  66.3 293.9 66.4 293.6 66.5 293.3 66.6 293.0 66.7 292.8 66.8 292.5 66.9 292.3
  67.0 292.1 67.1 291.9 67.2 291.7 67.2 291.5 67.2 291.3 67.2 291.1 67.3 290.9
  67.3 290.7 67.3 290.4 67.4 290.2 67.4 289.9 67.5 289.7 67.5 289.4 67.6 289.1
  67.6 288.8 67.7 288.6 67.7 288.3 67.8 288.1 67.9 287.9 67.9 287.8 67.9 287.6
  67.9 287.5 68.0 287.4 68.0 287.3 68.0 287.3 68.0 287.3 68.0 286.9 68.0 286.6
  68.0 286.3 68.1 286.0 68.1 285.7 68.1 285.4 68.1 285.2 68.1 285.0 68.1 284.9
  68.1 284.7 68.1 284.6 68.1 284.5
  10  8 79  0.0
  72.5 321.4 72.4 320.9 72.4 320.5 72.4 320.0 72.3 319.5 72.1 319.1 72.0 318.7
  71.9 318.3 71.8 318.1 71.7 317.9 71.6 317.7 71.5 317.6 71.4 317.5 71.3 317.4
  71.2 317.3 71.0 317.2 70.9 317.1 70.8 317.0 70.7 316.9 70.6 316.8 70.5 316.7
  70.4 316.7 70.3 316.6 70.2 316.5 70.2 316.4 70.1 316.3 70.0 316.2 69.9 316.1
  69.9 316.1 69.8 316.0 69.6 315.9 69.5 315.8 69.4 315.7 69.2 315.6 69.1 315.4
  68.9 315.3 68.8 315.1 68.7 315.0 68.5 314.8 68.4 314.6 68.2 314.5 68.1 314.4
  67.9 314.2 67.8 314.2 67.6 314.2 67.4 314.2 67.3 314.2 67.1 314.2 67.0 314.2
  66.8 314.2 66.6 314.3 66.5 314.4 66.3 314.5 66.1 314.7 65.9 314.9 65.7 315.2
  65.5 315.5 65.3 315.8 65.1 316.2 64.9 316.6 64.8 317.0 64.6 317.4 64.5 317.8
  64.4 318.3 64.3 318.7 64.2 319.1 64.2 319.5 64.2 320.0 64.2 320.4 64.2 320.8
  64.3 321.3 64.3 321.8 64.4 322.3 64.5 322.8 64.6 323.3 64.7 324.0 64.8 324.7
  64.9 325.5 65.0 326.3 65.1 327.2 65.3 328.2 65.3 329.2 65.3 330.2 65.3 331.3
  65.3 332.4 65.1 333.5 64.9 334.5 64.7 335.6 64.5 336.7 64.1 337.7 63.7 338.7
  63.4 339.2 63.0 339.8 62.8 340.4 62.4 341.0 62.0 341.6 61.6 341.8 61.3 342.1
  60.9 342.3 60.6 342.6 60.3 342.8 60.0 343.1 59.7 343.1 59.4 343.2 59.2 343.3
  58.9 343.4 58.7 343.5 58.5 343.7 58.3 343.9 58.2 344.1 57.9 344.4 57.6 344.3
  57.3 344.3 57.0 344.3 56.8 344.3 56.5 344.4 56.3 344.4 56.0 344.5 55.8 344.7
  55.5 344.7 55.3 344.7 55.1 344.7 54.8 344.7 54.6 344.8 54.3 344.9 54.0 344.9
  53.7 344.9 53.3 344.8 53.0 344.8 52.7 344.8 52.3 344.8 51.9 344.9 51.6 344.8
  51.2 344.7 50.8 344.6 50.4 344.5 50.1 344.4 49.7 344.3 49.4 344.0 49.1 343.6
  48.9 343.3 48.6 343.0 48.4 342.7 48.1 342.4 47.7 342.1 47.4 341.7 47.1 341.2
  46.8 340.8 46.5 340.2 46.1 339.7 45.9 339.1 45.6 338.4 45.4 337.7 45.2 337.0
  44.9 336.2 44.7 335.4 44.6 334.6 44.6 333.7 44.5 332.8 44.4 331.9 44.5 331.0
  44.5 330.1 44.5 329.1 44.6 328.1 44.6 327.1 44.6 326.0 44.6 325.0 44.6 323.8
  44.6 322.7 44.6 321.5 44.6 320.3 44.5 319.2 44.7 318.1 44.8 317.0 44.9 316.0
  45.2 314.9 45.5 313.9 45.8 312.9 46.0 311.8 46.2 310.6 46.5 309.6 46.7 308.5
  46.9 307.4 47.2 306.5 47.4 305.6 47.6 304.8 47.9 304.0 48.2 303.4 48.5 302.9
  48.8 302.5 49.2 302.1 49.5 301.7 49.9 301.3 50.2 301.0 50.6 300.7 51.0 300.4
  51.3 300.1 51.7 299.8 51.9 299.5 52.2 299.1 52.5 298.9 52.8 298.7 53.1 298.4
  53.4 298.2 53.7 298.0 54.0 297.8 54.3 297.6 54.6 297.5 54.9 297.3 55.2 297.1
  55.6 296.8 55.9 296.6 56.2 296.3 56.5 296.2 56.8 296.2 57.1 296.1 57.4 296.1
  57.7 296.0 57.9 296.0 58.2 295.9 58.4 296.0 58.6 296.1 58.8 296.2 59.0 296.3
  59.1 296.3 59.3 296.4 59.4 296.4 59.6 296.5 59.7 296.5 59.8 296.5 59.9 296.5
  60.0 296.5 60.1 296.5 60.2 296.6 60.3 296.6 60.4 296.6 60.5 296.5 60.5 296.4
  60.6 296.3 60.7 296.2 60.7 296.0
  10  9 79  0.0
  72.5 321.4 72.5 321.2 72.6 321.0 72.6 320.8 72.7 320.5 72.7 320.3 72.8 320.0
  72.8 319.7 72.8 319.4 72.8 319.1 72.7 318.8 72.7 318.5 72.7 318.1 72.7 317.7
  72.6 317.3 72.6 317.0 72.6 316.5 72.5 316.1 72.5 315.7 72.3 315.3 72.2 314.8
  72.1 314.4 71.9 313.9 71.8 313.6 71.6 313.3 71.5 313.0 71.3 312.7 71.2 312.4
  71.0 312.1 70.9 311.8 70.6 311.6 70.4 311.4 70.2 311.2 69.9 311.0 69.7 311.1
  69.5 311.2 69.2 311.3 69.0 311.4 68.8 311.5 68.6 311.6 68.3 311.6 68.1 311.7
  67.9 311.7 67.6 311.8 67.4 311.8 67.2 311.8 67.0 311.8 66.8 311.7 66.6 311.6
  66.4 311.5 66.2 311.4 66.0 311.3 65.8 311.2 65.7 311.1 65.5 310.9 65.3 310.8
  65.2 310.6 65.0 310.5 64.9 310.3 64.7 310.1 64.6 309.9 64.4 309.7 64.3 309.5
  64.2 309.3 64.1 309.2 64.0 309.0 63.9 308.8 63.8 308.6 63.7 308.4 63.6 308.2
  63.6 308.0 63.5 307.8 63.4 307.7 63.4 307.5 63.3 307.4 63.3 307.3 63.2 307.1
  63.2 307.0 63.1 306.9 63.0 306.8 62.9 306.8 62.8 306.7 62.7 306.7 62.6 306.6
  62.5 306.6 62.4 306.6 62.3 306.6 62.2 306.6 62.0 306.5 61.9 306.5 61.7 306.1
  61.6 305.8 61.4 305.5 61.3 305.1 61.1 304.8 60.9 304.4 60.6 304.0 60.4 303.7
  60.1 303.3 59.8 303.0 59.5 302.4 59.3 301.8 59.1 301.2 58.9 300.7 58.8 300.1
  58.7 299.5 58.5 298.9 58.4 298.4 58.2 297.8 58.1 297.3 57.9 296.8 57.8 296.2
  57.8 295.7 57.6 295.1 57.4 294.6 57.3 294.1 57.2 293.6 57.1 293.2 57.0 292.8
  57.0 292.3 57.0 291.9 57.1 291.5 57.1 291.0 57.2 290.6 57.2 290.1 57.3 289.7
  57.5 289.2 57.6 288.7 57.7 288.3 57.9 287.8 58.0 287.3 58.2 286.7 58.3 286.1
  58.5 285.5 58.7 284.9 58.9 284.3 59.0 283.7 59.2 283.1 59.3 282.6 59.5 282.0
  59.7 281.5 59.8 281.0 60.0 280.5 60.3 280.0 60.5 279.6 60.7 279.2 60.9 278.8
  61.2 278.4 61.4 278.0 61.6 277.5 61.9 277.1 62.1 276.6 62.4 276.3 62.6 275.9
  62.8 275.5 63.1 275.1 63.3 274.7 63.6 274.3 63.8 273.9 64.0 273.4 64.2 273.0
  64.3 272.7 64.5 272.4 64.6 272.1 64.7 271.8 64.8 271.5 64.9 271.2 65.0 270.9
  65.1 270.6 65.2 270.3 65.2 270.0 65.3 269.7 65.4 269.4 65.4 269.1 65.5 268.8
  65.5 268.5 65.6 268.2 65.6 267.8 65.8 267.5 65.9 267.2 66.0 266.9 66.2 266.6
  66.3 266.3 66.4 266.0 66.5 265.7 66.6 265.3 66.6 264.9 66.7 264.5 66.7 264.0
  66.7 263.6 66.8 263.1 67.0 262.6 67.1 262.1 67.3 261.6 67.4 261.0 67.5 260.4
  67.6 259.7 67.8 259.0 68.1 258.3 68.4 257.8 68.6 257.2 68.8 256.6 69.0 256.0
  69.2 255.4 69.4 254.7 69.7 254.0 70.0 253.3 70.2 252.6 70.5 252.3 70.8 252.0
  71.2 251.7 71.6 251.4 71.9 251.0 72.3 250.7 72.7 250.9 73.1 251.1 73.4 251.3
  73.8 251.5 74.2 251.7 74.6 252.6 74.9 253.6 75.2 254.5 75.5 255.5 75.7 256.5
  75.9 257.5 76.1 258.5 76.2 259.9 76.4 261.3 76.5 262.7 76.6 264.1 76.6 265.5
  76.5 266.9 76.5 268.1 76.4 269.3 76.2 270.4 76.1 271.5 76.0 272.5 75.8 272.8
  75.7 273.0 75.5 273.2 75.3 273.4
  10 10 79  0.0
  72.5 321.4 72.3 321.4 72.2 321.3 72.0 321.2 71.9 321.2 71.8 321.2 71.6 321.3
  71.5 321.3 71.4 321.3 71.2 321.3 71.1 321.4 71.0 321.4 70.8 321.3 70.7 321.3
  70.6 321.3 70.4 321.3 70.3 321.4 70.2 321.4 70.1 321.4 70.0 321.5 69.9 321.5
  69.9 321.9 69.8 322.3 69.8 322.7 69.8 323.0 69.7 323.4 69.7 323.8 69.7 324.2
  69.8 324.6 69.9 325.0 70.0 325.3 70.0 325.7 70.1 325.6 70.2 325.6 70.3 325.6
  70.4 325.5 70.4 325.5 70.5 325.4 70.6 325.4 70.7 325.3 70.7 325.2 70.8 325.1
  70.8 324.9 70.9 324.8 70.9 324.6 71.0 324.4 71.0 324.3 71.1 324.1 71.1 323.8
  71.1 323.6 71.1 323.4 71.0 323.1 71.0 322.9 71.0 322.7 71.0 322.6 71.0 322.4
  70.9 322.2 70.9 322.1 70.9 322.0 70.9 321.8 70.9 321.7 70.9 321.6 70.9 321.6
  70.9 321.5 70.9 321.4 70.9 321.3 70.9 321.3 70.9 321.2 70.9 321.2 70.9 321.1
  70.9 321.1 70.9 321.0 70.9 321.0 70.9 320.9 70.9 320.9 70.9 320.8 70.9 320.8
  70.9 320.7 70.9 320.6 71.0 320.5 71.0 320.3 71.0 320.2 71.0 320.1 71.0 319.9
  71.0 319.7 70.9 319.5 70.8 319.3 70.8 319.2 70.7 319.0 70.6 318.8 70.5 318.7
  70.3 318.5 70.2 318.4 70.1 318.3 70.0 318.2 69.8 318.1 69.7 318.1 69.5 318.0
  69.4 318.0 69.2 318.1 69.0 318.2 68.8 318.3 68.6 318.5 68.4 318.7 68.2 318.9
  68.0 319.2 67.8 319.5 67.6 320.0 67.5 320.6 67.3 321.2 67.2 321.8 67.1 322.5
  67.1 323.1 67.0 323.8 66.9 324.4 66.8 325.1 66.8 325.8 66.7 326.6 66.7 327.3
  66.6 328.1 66.5 328.9 66.4 329.7 66.3 330.5 66.2 331.4 66.1 332.4 65.9 333.4
  65.7 334.3 65.5 335.2 65.3 336.2 64.9 337.1 64.5 338.1 64.0 338.9 63.5 339.8
  63.0 340.2 62.5 340.7 61.9 341.2 61.5 341.3 61.0 341.5 60.6 341.6 60.2 341.8
  59.8 342.0 59.4 341.9 59.1 341.8 58.7 341.6 58.4 341.5 58.1 341.4 57.8 341.3
  57.6 341.0 57.3 340.7 57.1 340.4 56.9 340.1 56.7 339.9 56.6 339.6 56.5 339.4
  56.5 339.2 56.4 339.0 56.3 338.8 56.3 338.7 56.2 338.5 56.2 338.4 56.1 338.2
  56.1 338.1 56.1 338.0 56.0 338.0 56.0 337.9 56.0 337.8 56.0 337.7 56.0 337.5
  56.0 337.4 56.0 337.3 55.9 337.2 55.9 337.1 55.8 337.0 55.7 336.8 55.6 336.7
  55.5 336.5 55.4 336.4 55.2 336.2 55.1 336.0 54.9 335.8 54.7 335.6 54.5 335.3
  54.3 335.0 54.1 334.7 53.9 334.3 53.7 333.9 53.5 333.5 53.2 333.0 53.0 332.6
  52.8 332.1 52.6 331.6 52.4 331.1 52.3 330.6 52.2 330.1 52.1 329.4 52.1 328.8
  52.0 328.0 52.0 327.2 52.1 326.4 52.2 325.5 52.3 324.5 52.5 323.4 52.7 322.3
  53.0 321.2 53.2 320.0 53.5 318.8 53.8 317.6 54.1 316.5 54.4 315.4 54.8 314.4
  55.1 313.5 55.5 312.6 55.9 311.8 56.3 311.1 56.7 310.5 57.1 310.0 57.5 309.4
  57.9 308.9 58.3 308.4 58.7 308.1 59.1 307.8 59.6 307.4 60.0 307.1 60.5 306.9
  60.9 306.7 61.3 306.5 61.7 306.3 62.1 306.0 62.4 306.0 62.8 305.9 63.1 305.9
  63.3 305.9 63.6 305.8 63.8 305.8 64.0 305.8 64.1 305.7 64.3 305.9 64.4 306.1
  64.5 306.3 64.6 306.5 64.6 306.7
  10 11 79  0.0
  72.5 321.4 72.5 321.4 72.5 321.4 72.6 321.3 72.6 321.2 72.6 321.1 72.6 321.0
  72.7 320.8 72.7 320.6 72.8 320.4 72.8 320.2 72.8 319.9 72.9 319.6 73.0 319.3
  73.0 319.0 73.1 318.8 73.1 318.5 73.1 318.3 73.0 318.2 73.0 318.0 72.9 317.9
  72.8 317.8 72.6 317.7 72.4 317.7 72.3 317.6 72.0 317.6 71.8 317.6 71.6 317.7
  71.4 317.8 71.2 317.9 71.0 318.0 70.8 318.1 70.6 318.2 70.3 318.2 70.1 318.3
  69.9 318.3 69.7 318.7 69.5 319.0 69.3 319.3 69.1 319.6 68.9 319.9 68.7 320.2
  68.6 320.6 68.5 320.9 68.4 321.2 68.3 321.6 68.3 321.9 68.2 322.3 68.2 322.7
  68.1 323.1 68.1 323.4 68.1 323.8 68.1 324.1 68.1 324.5 68.2 324.8 68.2 325.2
  68.3 325.5 68.4 325.8 68.4 326.1 68.5 326.4 68.6 326.7 68.6 327.0 68.7 327.2
  68.7 327.5 68.8 327.7 68.9 327.9 68.9 328.1 69.0 328.2 69.1 328.4 69.2 328.5
  69.2 328.5 69.3 328.6 69.4 328.6 69.4 328.6 69.5 328.6 69.6 328.7 69.7 328.7
  69.8 328.8 69.9 328.9 70.0 329.0 70.1 329.2 70.2 329.1 70.4 329.1 70.5 329.1
  70.7 329.1 70.9 329.1 71.0 329.1 71.2 329.2 71.3 329.2 71.5 329.3 71.6 329.4
  71.8 329.5 71.9 329.6 72.1 329.7 72.2 329.6 72.4 329.5 72.6 329.3 72.7 329.2
  72.9 329.1 73.0 329.0 73.1 328.9 73.2 328.8 73.3 328.7 73.4 328.6 73.5 328.5
  73.6 328.4 73.7 328.3 73.7 328.2 73.8 328.2 73.8 328.1 73.8 328.0 73.8 327.9
  73.8 327.8 73.7 327.8 73.7 327.7 73.6 327.7 73.6 327.6 73.5 327.6 73.4 327.6
  73.3 327.6 73.2 327.6 73.1 327.6 73.0 327.6 72.9 327.6 72.8 327.6 72.7 327.6
  72.6 327.7 72.5 327.7 72.4 327.7 72.3 327.7 72.1 327.7 72.0 327.7 71.9 327.7
  71.8 328.0 71.7 328.4 71.6 328.8 71.5 329.2 71.5 329.5 71.4 329.9 71.3 330.3
  71.2 330.7 71.2 331.0 71.1 331.4 71.0 331.7 70.9 332.0 70.8 332.3 70.6 332.6
  70.5 332.9 70.4 333.2 70.2 333.5 70.1 333.9 69.9 334.2 69.8 335.1 69.7 336.1
  69.4 337.1 69.2 338.0 68.9 338.9 68.6 339.8 68.3 340.6 67.8 341.3 67.5 342.2
  67.1 343.1 66.7 344.0 66.3 344.8 65.8 345.6 65.4 346.3 65.0 347.0 64.6 347.7
  64.1 348.3 63.7 349.0 63.3 349.4 63.0 349.9 62.6 350.3 62.2 350.8 61.8 351.2
  61.4 351.6 61.0 352.0 60.7 352.3 60.4 352.7 60.1 353.1 59.7 353.5 59.4 353.8
  59.1 354.0 58.8 354.3 58.5 354.5 58.2 354.8 57.9 355.1 57.6 355.2 57.3 355.3
  57.0 355.4 56.6 355.6 56.3 355.7 56.0 355.8 55.7 356.0 55.4 356.0 55.1 356.0
  54.8 356.0 54.6 356.1 54.4 356.1 54.2 356.2 54.0 356.3 53.8 356.4 53.7 356.4
  53.5 356.3 53.3 356.3 53.2 356.3 53.0 356.3 52.9 356.3 52.7 356.3 52.5 356.2
  52.3 356.1 52.2 356.1 52.0 356.0 51.7 355.8 51.4 355.6 51.2 355.4 50.9 355.2
  50.6 355.0 50.3 354.8 50.1 354.5 49.8 354.3 49.5 354.0 49.3 353.8 49.0 353.5
  48.8 353.2 48.5 352.8 48.3 352.5 48.1 352.2 47.8 351.8 47.6 351.4 47.4 351.1
  47.1 350.7 47.0 350.3 46.8 349.9 46.6 349.4 46.5 349.0 46.4 348.5 46.3 348.0
  46.2 347.5 46.0 347.1 45.8 346.8
  10 12 79  0.0
  72.5 321.4 72.6 321.5 72.7 321.6 72.7 321.8 72.8 321.9 72.9 322.0 72.9 322.2
  73.0 322.3 73.1 322.5 73.1 322.6 73.2 322.8 73.3 322.9 73.3 323.1 73.4 323.2
  73.4 323.3 73.5 323.4 73.5 323.5 73.6 323.6 73.6 323.7 73.7 323.7 73.7 323.8
  73.8 323.8 73.8 323.8 73.8 323.8 73.9 323.8 73.9 323.8 74.0 323.7 74.0 323.6
  74.1 323.3 74.1 323.1 74.2 322.8 74.2 322.5 74.3 322.1 74.4 321.8 74.4 321.5
  74.5 321.1 74.6 320.7 74.6 320.3 74.7 319.9 74.7 319.5 74.8 319.1 74.8 318.8
  74.7 318.5 74.7 318.2 74.6 318.0 74.5 317.7 74.4 317.5 74.2 317.4 74.0 317.3
  73.8 317.2 73.6 317.2 73.5 317.2 73.3 317.2 73.1 317.1 72.9 317.1 72.7 317.1
  72.5 317.1 72.3 317.1 72.1 317.0 71.9 317.0 71.7 317.1 71.5 317.2 71.3 317.3
  71.1 317.3 70.9 317.5 70.8 317.6 70.6 317.7 70.4 317.8 70.3 318.0 70.1 318.1
  70.0 318.3 69.9 318.7 69.8 319.1 69.7 319.6 69.6 320.0 69.5 320.4 69.5 320.7
  69.4 321.1 69.4 321.5 69.4 321.8 69.4 322.2 69.4 322.5 69.5 322.8 69.5 323.2
  69.5 323.5 69.5 323.8 69.5 324.1 69.6 324.3 69.6 324.5 69.7 324.7 69.7 324.9
  69.8 325.1 69.8 325.2 69.9 325.2 69.9 325.3 70.0 325.3 70.0 325.3 70.0 325.3
  70.1 325.1 70.1 324.9 70.2 324.7 70.2 324.5 70.3 324.4 70.4 324.2 70.4 324.1
  70.5 324.0 70.5 323.9 70.5 323.8 70.5 323.7 70.5 323.6 70.5 323.5 70.5 323.5
  70.5 323.4 70.5 323.3 70.5 323.3 70.5 323.3 70.5 323.2 70.5 323.2 70.5 323.2
  70.5 323.1 70.5 323.1 70.5 323.1 70.5 323.1 70.5 323.1 70.6 323.0 70.6 323.0
  70.6 322.9 70.6 322.9 70.6 322.8 70.7 322.7 70.7 322.6 70.7 322.5 70.8 322.4
  70.8 322.3 70.8 322.1 70.8 322.0 70.8 321.9 70.8 321.8 70.8 321.7 70.7 321.6
  70.7 321.5 70.6 321.4 70.5 321.4 70.5 321.3 70.4 321.3 70.3 321.2 70.2 321.2
  70.0 321.2 69.9 321.3 69.8 321.4 69.7 321.7 69.5 322.0 69.4 322.3 69.3 322.7
  69.1 323.1 69.0 323.6 68.8 324.1 68.7 324.7 68.7 325.3 68.6 325.9 68.5 326.6
  68.5 327.2 68.4 327.9 68.3 328.6 68.2 329.2 68.1 329.9 68.0 330.6 67.9 331.2
  67.8 332.1 67.6 332.9 67.4 333.8 67.3 334.7 67.1 335.7 66.9 336.6 66.6 337.6
  66.3 338.5 66.0 339.4 65.6 340.3 65.1 341.1 64.6 341.9 64.1 342.6 63.5 343.3
  63.0 343.8 62.4 344.2 62.0 344.7 61.5 345.0 61.1 345.3 60.7 345.5 60.3 345.8
  59.9 346.1 59.5 346.1 59.1 346.1 58.7 346.2 58.4 346.2 58.0 346.2 57.7 346.3
  57.3 346.2 57.1 346.1 56.8 346.0 56.5 345.9 56.3 345.8 56.0 345.7 55.8 345.6
  55.6 345.4 55.4 345.2 55.1 344.9 54.9 344.7 54.7 344.5 54.5 344.3 54.3 344.1
  54.1 343.9 54.1 343.8 54.0 343.7 54.0 343.6 54.0 343.4 53.9 343.2 53.9 343.0
  53.9 342.9 53.8 342.7 53.8 342.6 53.7 342.4 53.6 342.3 53.5 342.2 53.3 342.1
  53.2 342.0 53.0 342.0 52.8 341.9 52.6 341.8 52.4 341.8 52.1 341.7 51.9 341.7
  51.7 341.5 51.4 341.2 51.2 341.0 50.9 340.7 50.7 340.4 50.4 340.2 50.1 339.9
  49.8 339.6 49.6 339.2 49.3 338.8
  10 13 79  0.0
  72.5 321.4 72.5 321.4 72.6 321.4 72.6 321.4 72.7 321.3 72.7 321.3 72.8 321.2
  72.9 321.2 73.0 321.1 73.1 321.0 73.3 320.8 73.4 320.7 73.5 320.6 73.7 320.4
  73.8 320.3 74.0 320.1 74.1 320.0 74.2 319.4 74.3 318.8 74.4 318.2 74.4 317.6
  74.5 317.0 74.5 316.4 74.5 315.8 74.5 315.2 74.5 314.6 74.5 314.0 74.5 313.4
  74.5 312.9 74.5 312.3 74.5 311.8 74.5 311.3 74.5 310.8 74.5 310.3 74.5 309.9
  74.5 309.5 74.5 309.1 74.5 308.7 74.5 308.3 74.6 308.0 74.6 307.7 74.6 307.4
  74.5 307.1 74.5 306.8 74.5 306.6 74.5 306.3 74.4 306.1 74.4 305.9 74.4 305.7
  74.3 305.6 74.3 305.4 74.2 305.2 74.2 305.0 74.1 304.8 74.1 304.5 74.1 304.3
  74.1 304.0 74.0 303.7 74.0 303.4 73.9 303.3 73.9 303.3 73.8 303.2 73.8 303.2
  73.7 303.2 73.6 303.2 73.5 303.3 73.3 303.3 73.2 303.4 73.0 303.5 72.9 303.6
  72.7 303.7 72.5 303.9 72.3 304.0 72.0 304.2 71.8 304.4 71.5 304.7 71.3 305.0
  71.0 305.3 70.8 305.6 70.5 305.9 70.2 306.1 69.9 306.4 69.7 306.8 69.4 307.1
  69.1 307.5 68.8 307.8 68.5 308.1 68.3 308.4 68.0 308.8 67.7 309.4 67.5 309.9
  67.2 310.4 66.9 311.0 66.6 311.5 66.3 312.0 66.0 312.5 65.8 313.0 65.6 313.5
  65.4 314.0 65.3 314.5 65.1 315.0 64.9 315.5 64.8 315.9 64.6 316.4 64.6 316.9
  64.6 317.4 64.5 317.8 64.5 318.3 64.5 318.7 64.5 319.2 64.5 319.6 64.5 320.1
  64.6 320.5 64.7 320.8 64.7 321.2 64.8 321.6 64.9 321.9 65.0 322.3 65.1 322.6
  65.2 322.9 65.3 323.2 65.3 323.5 65.4 323.8 65.5 324.1 65.6 324.4 65.7 324.8
  65.8 325.1 65.9 325.5 66.1 325.8 66.2 326.1 66.3 326.4 66.5 326.7 66.6 327.0
  66.7 327.4 66.9 327.7 67.0 328.1 67.2 328.4 67.4 328.8 67.6 329.1 67.8 329.4
  67.9 329.7 68.1 330.1 68.3 330.3 68.5 330.5 68.7 330.8 68.9 331.1 69.1 331.3
  69.3 331.6 69.5 331.9 69.7 332.1 69.9 332.4 70.0 332.7 70.2 333.0 70.4 333.2
  70.6 333.4 70.7 333.7 70.9 334.0 71.0 334.3 71.1 334.6 71.2 334.9 71.3 335.3
  71.4 335.7 71.5 336.1 71.5 336.5 71.5 337.0 71.6 337.4 71.6 337.9 71.6 338.5
  71.7 339.0 71.7 339.6 71.7 340.2 71.7 340.7 71.6 341.3 71.6 341.8 71.6 342.3
  71.5 342.8 71.5 343.2 71.4 343.6 71.4 344.0 71.3 344.4 71.2 344.7 71.1 344.9
  70.9 345.2 70.8 345.3 70.7 345.4 70.5 345.4 70.3 345.4 70.2 345.4 70.0 345.3
  69.8 345.7 69.6 346.1 69.4 346.4 69.2 346.7 68.9 347.1 68.7 347.3 68.4 347.6
  68.1 347.8 67.8 348.1 67.5 348.7 67.1 349.3 66.8 349.8 66.4 350.3 66.0 350.8
  65.6 351.2 65.3 351.8 64.9 352.4 64.6 353.0 64.4 353.5 64.2 354.0 63.9 354.5
  63.7 355.0 63.4 355.5 63.2 356.0 62.9 356.4 62.7 356.8 62.6 357.1 62.5 357.4
  62.3 357.6 62.2 357.8 62.0 358.1 61.8 358.3 61.7 358.6 61.5 358.9 61.3 359.2
  61.1 359.4 60.9 359.7 60.7 360.0 60.5   0.2 60.2   0.4 60.0   0.5 59.8   0.6
  59.6   0.7 59.4   0.8 59.2   0.9 58.9   1.0 58.7   1.1 58.5   1.2 58.3   1.4
  58.1   1.5 57.9   1.6 57.7   1.6
  10 14 79  0.0
  72.5 321.4 72.5 321.3 72.6 321.3 72.6 321.2 72.6 321.2 72.7 321.2 72.7 321.3
  72.7 321.4 72.7 321.4 72.7 321.6 72.7 321.7 72.8 321.8 72.8 322.0 72.8 322.2
  72.8 322.4 72.8 322.5 72.8 322.6 72.8 322.7 72.8 322.8 72.9 322.9 72.9 322.9
  72.9 323.0 72.9 323.0 73.0 323.0 73.0 323.0 73.0 323.0 73.1 323.0 73.1 323.0
  73.2 322.9 73.3 322.9 73.3 322.8 73.4 322.7 73.5 322.6 73.7 322.5 73.8 322.4
  73.9 322.3 74.0 322.2 74.2 321.6 74.4 321.0 74.5 320.4 74.6 319.8 74.7 319.2
  74.8 318.6 74.8 318.0 74.9 317.3 74.9 316.7 75.0 316.1 75.0 315.5 75.0 314.8
  75.0 314.2 74.9 313.6 74.9 313.0 74.9 312.4 74.9 311.9 74.9 311.3 74.9 310.8
  74.9 310.3 74.9 309.8 74.9 309.4 74.9 309.0 74.9 308.5 74.9 308.2 75.0 307.8
  75.0 307.4 75.0 307.1 74.9 306.8 74.9 306.5 74.9 306.2 74.9 305.9 74.9 305.7
  74.8 305.5 74.8 305.3 74.7 305.1 74.7 305.0 74.6 304.8 74.6 304.6 74.6 304.4
  74.5 304.1 74.5 303.9 74.5 303.6 74.4 303.3 74.3 303.1 74.3 302.7 74.2 302.4
  74.2 302.1 74.1 301.7 74.1 301.5 74.0 301.2 73.9 301.3 73.8 301.3 73.7 301.4
  73.5 301.5 73.4 301.7 73.2 301.8 73.0 302.0 72.9 302.1 72.6 302.3 72.4 302.5
  72.2 302.7 72.0 302.9 71.7 303.3 71.5 303.6 71.3 303.9 71.0 304.2 70.7 304.5
  70.4 304.7 70.2 305.0 69.9 305.3 69.6 305.6 69.3 305.9 69.0 306.3 68.7 306.6
  68.4 307.0 68.0 307.4 67.7 307.7 67.3 308.3 67.0 308.8 66.8 309.3 66.5 309.8
  66.1 310.3 65.8 310.8 65.5 311.3 65.2 311.8 65.0 312.3 64.8 312.8 64.6 313.2
  64.5 313.7 64.3 314.2 64.2 314.6 64.0 315.1 63.9 315.5 63.8 315.9 63.7 316.3
  63.7 316.7 63.7 317.1 63.7 317.4 63.7 317.8 63.7 318.1 63.7 318.5 63.7 318.8
  63.7 319.1 63.8 319.4 63.8 319.7 63.8 320.0 63.9 320.3 64.1 320.6 64.2 320.8
  64.3 321.0 64.4 321.2 64.5 321.5 64.6 321.7 64.7 321.9 64.8 322.2 64.9 322.5
  65.0 322.8 65.0 323.1 65.1 323.4 65.2 323.7 65.3 324.0 65.4 324.3 65.5 324.5
  65.7 324.8 65.9 325.1 66.0 325.3 66.2 325.5 66.4 325.8 66.6 326.0 66.7 326.2
  66.9 326.4 67.1 326.6 67.2 326.8 67.4 327.1 67.6 327.3 67.7 327.5 67.9 327.7
  68.0 327.9 68.2 328.1 68.4 328.3 68.6 328.5 68.8 328.7 69.0 328.9 69.2 329.1
  69.3 329.3 69.5 329.6 69.6 329.8 69.8 330.0 69.9 330.3 70.0 330.5 70.1 330.8
  70.2 331.0 70.3 331.2 70.4 331.5 70.4 331.8 70.5 332.1 70.5 332.4 70.6 332.7
  70.6 333.1 70.7 333.5 70.7 333.9 70.7 334.4 70.7 334.8 70.7 335.3 70.7 335.7
  70.7 336.2 70.6 336.7 70.6 337.2 70.5 337.6 70.4 338.0 70.3 338.3 70.2 338.6
  70.1 338.9 70.0 339.1 69.8 339.7 69.7 340.3 69.5 340.8 69.3 341.3 69.1 341.8
  68.9 342.3 68.7 342.8 68.4 343.2 68.1 343.7 67.8 344.1 67.5 344.8 67.1 345.6
  66.7 346.2 66.3 346.9 65.8 347.5 65.4 348.1 65.0 348.8 64.6 349.4 64.2 349.9
  63.8 350.5 63.4 351.1 63.0 351.7 62.6 352.3 62.4 352.8 62.1 353.3 61.8 353.8
  61.5 354.1 61.2 354.5 60.9 354.8
  10 15 79  0.0
  72.5 321.4 72.4 321.4 72.3 321.3 72.2 321.3 72.1 321.3 72.1 321.4 72.0 321.4
  71.9 321.3 71.8 321.2 71.8 321.2 71.7 321.1 71.6 321.0 71.6 321.0 71.5 321.0
  71.5 321.0 71.4 321.0 71.4 321.0 71.4 321.0 71.3 320.9 71.3 320.9 71.3 320.9
  71.3 320.9 71.3 320.9 71.3 320.9 71.3 320.9 71.4 320.9 71.4 320.9 71.4 320.9
  71.4 320.9 71.4 320.9 71.4 320.9 71.4 320.9 71.4 320.9 71.4 320.9 71.4 320.9
  71.4 320.8 71.3 320.8 71.3 320.8 71.3 320.8 71.2 320.8 71.2 320.8 71.2 320.8
  71.2 320.8 71.2 320.8 71.2 320.9 71.2 320.9 71.2 321.0 71.2 321.0 71.2 321.1
  71.2 321.1 71.2 321.2 71.2 321.3 71.3 321.3 71.4 321.4 71.4 321.5 71.5 321.6
  71.6 321.7 71.7 321.8 71.8 321.9 71.9 322.0 72.1 322.2 72.3 322.0 72.4 321.9
  72.6 321.8 72.7 321.7 72.8 321.7 73.0 321.7 73.1 321.7 73.2 321.7 73.3 321.7
  73.4 321.8 73.5 321.9 73.5 322.0 73.6 322.1 73.6 322.3 73.7 322.4 73.8 322.6
  73.8 322.7 73.9 322.9 73.9 323.0 74.0 323.2 74.0 323.3 74.1 322.8 74.2 322.3
  74.3 321.8 74.3 321.4 74.4 320.9 74.5 320.5 74.6 320.2 74.6 319.8 74.7 319.5
  74.7 319.2 74.7 318.9 74.8 318.6 74.8 318.4 74.8 318.2 74.9 318.0 74.9 317.8
  74.9 317.5 75.0 317.3 75.0 317.1 75.1 316.8 75.1 316.5 75.2 316.2 75.2 315.8
  75.3 315.5 75.4 315.1 75.5 314.6 75.5 314.2 75.6 313.7 75.7 313.3 75.7 312.9
  75.8 312.5 75.8 312.2 75.7 311.9 75.7 311.7 75.6 311.5 75.4 311.3 75.3 311.2
  75.1 311.1 74.9 311.1 74.7 311.1 74.4 311.1 74.2 311.1 73.9 311.1 73.7 311.2
  73.4 311.3 73.2 311.4 72.9 311.5 72.7 311.6 72.4 311.7 72.1 311.8 71.8 311.9
  71.6 312.1 71.3 312.3 71.1 312.5 70.9 312.7 70.6 312.9 70.4 313.1 70.1 313.3
  69.9 313.5 69.7 314.0 69.5 314.4 69.3 314.8 69.0 315.3 68.8 315.7 68.6 316.2
  68.5 316.6 68.4 317.0 68.3 317.3 68.2 317.7 68.2 318.0 68.1 318.4 68.0 318.7
  68.0 319.0 67.9 319.5 67.9 320.0 67.8 320.5 67.8 320.9 67.9 321.3 67.9 321.7
  67.9 322.1 67.9 322.5 67.9 322.8 68.0 323.1 68.0 323.3 68.0 323.6 68.0 323.6
  68.0 323.6 68.1 323.5 68.1 323.5 68.1 323.5 68.1 323.5 68.2 323.5 68.2 323.6
  68.2 323.6 68.2 323.7 68.2 323.8 68.3 323.9 68.3 324.0 68.4 324.2 68.5 324.3
  68.7 324.5 68.8 324.7 68.9 324.8 69.0 325.0 69.1 325.2 69.3 325.4 69.4 325.6
  69.5 325.7 69.6 325.9 69.8 326.1 69.9 326.3 70.0 326.5 70.1 326.7 70.2 326.8
  70.4 326.8 70.5 326.9 70.6 327.0 70.7 327.0 70.8 327.1 70.9 327.1 71.0 327.2
  71.1 327.2 71.2 327.2 71.3 327.3 71.4 327.3 71.4 327.4 71.5 327.4 71.5 327.5
  71.5 327.6 71.5 327.7 71.5 327.8 71.5 327.9 71.5 328.0 71.5 328.1 71.5 328.2
  71.5 328.4 71.5 328.5 71.5 328.7 71.4 328.9 71.4 329.2 71.4 329.5 71.4 329.8
  71.4 330.1 71.3 330.4 71.3 330.8 71.2 331.2 71.2 331.7 71.1 332.1 71.1 332.6
  71.0 333.0 71.0 333.4 70.9 333.8 70.9 334.2 70.8 334.5 70.7 334.8 70.6 335.1
  70.5 335.3 70.3 335.5 70.2 335.7
  10 16 79  0.0
  72.5 321.4 72.2 321.0 71.9 320.7 71.7 320.1 71.4 319.6 71.3 319.0 71.1 318.5
  70.9 318.0 70.8 317.4 70.6 316.9 70.5 316.5 70.3 316.0 70.3 315.5 70.2 315.0
  70.2 314.6 70.2 314.2 70.2 313.9 70.1 313.5 70.1 313.2 70.1 312.9 70.1 312.6
  70.2 312.4 70.2 312.1 70.2 311.9 70.4 311.6 70.5 311.4 70.7 311.2 70.8 311.0
  71.0 310.7 71.1 310.5 71.3 310.3 71.5 310.1 71.6 309.9 71.8 309.7 71.9 309.5
  72.1 309.2 72.3 309.1 72.4 309.0 72.6 308.9 72.7 308.7 72.9 308.6 73.0 308.5
  73.1 308.3 73.2 308.2 73.2 308.1 73.3 308.0 73.4 307.8 73.5 307.7 73.5 307.6
  73.6 307.5 73.7 307.4 73.8 307.3 73.9 307.2 74.0 307.2 74.1 307.1 74.3 306.9
  74.4 306.7 74.6 306.5 74.8 306.4 75.0 306.2 75.2 306.0 75.4 305.9 75.5 305.7
  75.7 305.5 75.8 305.2 75.9 304.9 76.0 304.6 76.0 304.2 76.0 303.4 76.0 302.6
  76.0 301.7 76.0 300.8 76.0 299.8 75.9 299.2 75.8 298.6 75.8 297.9 75.7 297.3
  75.6 296.7 75.6 296.0 75.5 295.4 75.4 294.9 75.3 294.3 75.2 293.8 75.1 293.3
  75.0 292.9 74.8 292.5 74.7 292.1 74.5 291.7 74.4 291.3 74.3 290.8 74.2 290.4
  74.1 290.0 74.0 289.5 73.9 289.5 73.8 289.5 73.7 289.4 73.6 289.3 73.6 289.2
  73.5 289.1 73.4 289.0 73.3 288.9 73.2 288.9 73.1 288.9 73.1 289.0 73.0 289.1
  72.9 289.2 72.8 289.3 72.7 289.5 72.6 289.7 72.5 289.9 72.4 290.1 72.3 290.3
  72.1 290.4 72.0 290.5 71.9 290.6 71.8 291.0 71.6 291.4 71.5 291.7 71.4 292.0
  71.3 292.2 71.2 292.4 71.1 292.5 71.0 292.7 70.9 292.9 70.8 293.1 70.7 293.4
  70.6 293.7 70.5 294.0 70.4 294.3 70.2 294.7 70.1 295.1 69.9 295.5 69.7 296.3
  69.6 297.2 69.5 298.0 69.3 298.9 69.1 299.7 69.0 300.5 68.8 301.2 68.6 301.9
  68.5 302.6 68.3 303.3 68.1 303.9 67.9 304.5 67.7 305.5 67.5 306.5 67.3 307.4
  67.1 308.3 66.8 309.1 66.5 309.9 66.3 310.6 66.0 311.3 65.7 312.4 65.5 313.3
  65.2 314.3 65.0 315.2 64.7 316.0 64.5 316.8 64.3 317.6 64.1 318.3 63.9 319.0
  63.7 319.8 63.6 320.4 63.5 321.1 63.4 321.7 63.4 322.3 63.4 322.9 63.4 323.4
  63.4 324.0 63.5 324.5 63.5 325.1 63.6 325.6 63.7 326.3 63.8 326.9 64.0 327.6
  64.1 328.3 64.2 329.1 64.3 329.8 64.4 330.6 64.5 331.4 64.6 332.2 64.7 333.0
  64.8 333.9 64.9 334.6 65.0 335.4 65.1 336.1 65.1 336.9 65.2 337.6 65.3 338.2
  65.4 338.9 65.5 339.6 65.6 340.3 65.7 340.9 65.8 341.6 65.9 342.3 65.9 342.9
  66.0 343.6 66.1 343.8 66.1 344.0 66.2 344.2 66.2 344.4 66.2 344.6 66.3 344.7
  66.3 344.9 66.3 345.0 66.3 345.1 66.4 345.2 66.4 345.3 66.4 345.4 66.4 345.5
  66.4 345.5 66.4 345.6 66.3 345.6 66.3 345.7 66.3 345.7 66.3 345.7 66.2 345.7
  66.2 345.7 66.1 345.7 66.0 345.7 66.0 345.7 65.9 345.6 65.8 345.4 65.7 345.3
  65.6 345.2 65.5 345.0 65.3 344.9 65.2 344.7 65.1 344.5 64.9 344.4 64.8 344.2
  64.6 344.0 64.5 343.9 64.4 343.7 64.3 343.6 64.3 343.5 64.2 343.3 64.2 343.2
  64.2 343.1 64.2 343.0 64.2 342.9
  10 17 79  0.0
  72.5 321.4 72.4 320.8 72.2 320.3 72.1 319.9 71.9 319.5 71.8 319.4 71.6 319.3
  71.4 319.3 71.2 319.2 71.0 319.1 70.7 319.1 70.5 319.0 70.2 319.0 69.9 319.0
  69.6 319.3 69.3 319.6 69.0 319.8 68.7 320.0 68.4 320.1 68.0 320.1 67.6 320.7
  67.2 321.2 66.8 321.6 66.3 321.9 65.8 322.1 65.2 322.9 64.7 323.7 64.1 324.2
  63.5 324.7 62.9 325.5 62.4 326.1 61.8 326.6 61.2 326.9 60.6 327.1 60.1 327.1
  59.5 327.2 58.9 326.8 58.4 326.5 57.8 326.2 57.3 325.6 56.9 325.1 56.4 324.6
  56.0 324.1 55.7 323.6 55.1 322.9 54.6 322.2 54.1 321.5 53.7 320.9 53.4 320.0
  52.9 319.1 52.5 318.2 52.0 317.3 51.7 316.3 51.3 315.3 50.7 314.2 50.2 313.0
  49.7 311.9 49.0 310.6 48.3 309.3 47.7 308.0 47.0 306.6 46.3 305.1 45.6 303.7
  44.9 302.6 44.2 301.5 43.5 300.3 42.9 299.3 42.2 298.3 41.6 297.2 41.1 296.1
  40.5 295.1 39.9 293.9 39.4 293.0 38.8 292.1 38.2 291.1 37.8 290.0 37.4 289.2
  37.0 288.3 36.6 287.3 36.3 286.3 36.1 285.3 35.8 284.2 35.6 283.4 35.3 282.5
  35.1 281.6 34.9 280.6 34.7 279.6 34.5 278.6 34.3 277.7 34.1 276.7 33.9 275.8
  33.9 275.3 33.9 274.7 33.9 274.2 33.9 273.8 33.9 273.3 33.9 272.9 33.9 272.5
  34.0 272.1 34.0 271.8 34.1 271.4 34.2 270.6 34.3 269.9 34.4 269.2 34.5 268.6
  34.7 267.9 34.8 267.3 35.0 266.6 35.2 266.0 35.4 265.4 35.6 264.9 35.8 264.3
  36.1 263.8 36.2 263.1 36.3 262.5 36.4 261.9 36.6 261.4 36.8 260.9 37.0 260.4
  37.2 259.9 37.3 259.4 37.4 258.9 37.6 258.4 37.8 257.9 37.9 257.5 38.2 257.1
  38.4 256.6 38.7 256.2 39.0 255.8 39.2 255.4 39.5 255.0 39.7 254.6 40.0 254.3
  40.3 254.0 40.6 253.5 41.0 253.1 41.3 252.7 41.7 252.4 42.1 252.1 42.5 251.7
  42.8 251.3 43.0 250.9 43.2 250.6 43.5 250.3 43.8 250.0 44.0 249.7 44.3 249.3
  44.6 249.0 44.9 248.6 45.3 248.3 45.6 248.0 45.8 247.7 46.0 247.4 46.2 247.1
  46.4 246.7 46.6 246.4 46.8 246.1 47.0 245.8 47.2 245.5 47.5 245.3 47.7 245.1
  48.0 244.9 48.3 244.6 48.7 244.3 49.0 244.1 49.4 243.9 49.6 243.6 49.9 243.4
  50.2 243.2 50.4 242.8 50.7 242.4 51.0 242.0 51.3 241.7 51.6 241.3 51.9 241.0
  52.2 240.7 52.6 240.1 52.9 239.6 53.2 239.1 53.5 238.6 53.8 238.2 54.1 237.7
  54.4 237.0 54.7 236.3 55.0 235.6 55.0 234.9 55.1 234.2 55.1 233.6 55.2 233.0
  55.3 232.4 55.4 231.8 55.1 231.3 54.8 230.7 54.6 230.3 54.3 229.8 54.1 229.3
  53.9 228.8 53.8 228.5 53.6 228.2 53.5 227.8 53.1 227.5 52.7 227.2 52.3 226.8
  51.9 226.5 51.5 226.3 51.2 226.0 50.8 225.8 50.4 225.6 50.1 225.4 49.7 225.2
  49.4 225.1 49.0 225.0 48.7 224.9 48.4 224.8 48.2 224.8 47.9 224.8 47.7 224.7
  47.5 224.7 47.3 224.7 47.1 224.7 47.0 224.7 46.9 224.7 46.8 224.6 46.7 224.5
  46.6 224.5 46.6 224.4 46.5 224.3 46.5 224.1 46.5 224.0 46.1 223.8 45.8 223.7
  45.4 223.6 45.1 223.6 44.8 223.6 44.6 223.6 44.3 223.6 44.1 223.6 43.9 223.6
  43.7 223.6 43.6 223.6 43.4 223.6
  10 18 79  0.0
  72.5 321.4 72.6 321.1 72.6 320.7 72.7 320.3 72.7 319.8 72.7 319.2 72.6 318.6
  72.6 318.0 72.6 317.3 72.6 316.6 72.6 315.8 72.7 315.1 72.8 314.2 72.9 313.4
  72.9 312.6 73.0 311.8 73.1 311.0 73.2 310.3 73.3 309.5 73.4 308.8 73.4 308.1
  73.4 307.5 73.5 306.8 73.6 306.2 73.7 305.5 73.7 304.9 73.8 304.3 73.8 303.8
  73.9 303.3 74.1 302.9 74.2 302.8 74.4 302.7 74.6 302.7 74.7 302.8 74.9 302.9
  75.1 303.0 75.3 303.2 75.5 303.4 75.6 303.6 75.8 303.7 76.0 303.8 76.2 303.9
  76.4 304.0 76.5 304.1 76.7 304.1 76.9 304.2 77.0 304.1 77.2 304.1 77.4 303.9
  77.6 303.8 77.8 303.6 78.0 303.3 78.3 303.7 78.5 304.0 78.7 304.3 78.9 304.6
  79.0 304.9 79.1 305.1 79.3 305.4 79.4 305.6 79.5 305.9 79.6 306.1 79.8 306.3
  79.9 306.5 80.0 306.8 80.0 307.0 80.1 307.2 80.2 307.4 80.3 307.5 80.4 307.7
  80.4 307.9 80.5 308.1 80.6 308.3 80.6 308.6 80.6 308.7 80.7 308.9 80.7 309.0
  80.7 309.0 80.7 309.0 80.7 308.9 80.7 308.8 80.6 308.7 80.6 308.5 80.6 308.2
  80.5 308.0 80.4 307.7 80.4 307.3 80.3 307.0 80.3 306.6 80.2 306.2 80.2 305.8
  80.2 305.3 80.1 304.9 80.1 304.4 80.1 304.0 80.1 303.5 80.1 303.0 80.1 302.5
  80.1 301.9 80.1 301.3 80.1 300.5 80.1 299.8 80.1 298.9 80.1 298.0 80.2 296.9
  80.2 295.8 80.2 294.7 80.3 293.4 80.3 292.0 80.3 290.5 80.4 289.0 80.4 287.5
  80.4 285.9 80.4 284.4 80.4 282.8 80.4 281.1 80.4 279.5 80.5 277.8 80.5 276.1
  80.6 274.3 80.6 272.5 80.6 270.6 80.6 268.7 80.6 266.7 80.6 264.8 80.5 262.8
  80.4 260.9 80.4 259.0 80.2 257.2 80.1 255.4 80.0 253.7 79.9 251.8 79.7 250.0
  79.6 248.3 79.4 246.7 79.2 245.2 79.1 243.8 78.9 242.5 78.7 241.3 78.4 240.1
  78.2 239.1 78.0 238.1 77.8 237.0 77.6 235.9 77.4 234.8 77.1 233.8 76.9 232.9
  76.6 232.1 76.4 231.3 76.1 230.7 75.8 230.1 75.5 229.1 75.2 228.3 74.9 227.4
  74.6 226.5 74.4 225.7 74.1 224.9 73.8 224.1 73.6 223.0 73.3 221.9 73.1 220.9
  72.9 219.9 72.7 218.9 72.5 218.0 72.4 217.1 72.2 216.3 72.0 215.5 71.8 214.7
  71.7 213.8 71.5 212.8 71.3 211.9 71.1 210.9 70.9 210.1 70.7 209.2 70.5 208.4
  70.3 207.6 70.1 206.9 69.9 206.2 69.7 205.3 69.5 204.4 69.3 203.6 69.0 202.8
  68.8 202.1 68.6 201.6 68.3 201.1 68.1 200.7 67.9 200.4 67.7 200.1 67.5 199.8
  67.4 199.6 67.2 199.5 67.1 199.4 66.9 199.3 66.8 199.3 66.7 199.4 66.5 199.4
  66.4 199.5 66.3 199.6 66.2 199.7 66.1 199.8 65.9 200.0 65.9 200.0 65.6 200.1
  65.4 200.2 65.2 200.3 65.0 200.5 64.8 200.6 64.5 200.9 64.3 201.1 64.1 201.4
  63.9 201.7 63.6 202.1 63.4 202.5 63.1 202.9 62.9 203.3 62.6 203.7 62.3 204.2
  61.9 204.6 61.4 205.1 60.9 205.5 60.4 205.9 59.9 206.3 59.5 206.8 59.0 207.4
  58.5 207.9 58.0 208.4 57.5 209.0 56.9 209.6 56.3 210.2 55.7 210.7 55.1 211.2
  54.5 211.8 53.9 212.3 53.2 212.7 52.5 213.1 51.8 213.6 51.0 213.9 50.3 214.4
  49.6 214.8 48.9 215.0 48.1 215.3
  10 19 79  0.0
  72.5 321.4 72.5 321.0 72.6 320.6 72.7 320.2 72.7 320.0 72.8 319.7 73.0 319.5
  73.1 319.3 73.2 319.2 73.3 319.1 73.5 319.1 73.6 319.1 73.8 319.1 73.9 319.2
  74.0 319.3 74.1 319.2 74.2 319.1 74.3 318.9 74.4 318.7 74.4 318.4 74.4 318.0
  74.4 317.6 74.3 317.1 74.3 316.6 74.2 315.9 74.0 315.3 73.9 314.7 73.8 314.1
  73.7 313.5 73.6 312.9 73.5 312.2 73.5 311.6 73.5 310.9 73.6 310.1 73.6 309.3
  73.7 308.4 73.8 307.6 74.1 306.6 74.3 306.0 74.5 305.4 74.7 304.8 74.9 304.3
  75.0 303.8 75.2 303.3 75.3 302.8 75.4 302.4 75.5 302.0 75.6 301.6 75.7 301.2
  75.7 300.9 75.8 300.6 75.9 300.3 75.9 300.0 76.0 299.8 76.1 300.0 76.2 300.3
  76.3 300.5 76.5 300.7 76.6 300.9 76.7 301.1 76.8 301.3 76.9 301.6 77.0 301.7
  77.2 301.9 77.3 302.0 77.5 302.1 77.6 302.1 77.8 302.1 77.9 302.0 78.1 301.9
  78.3 302.3 78.5 302.6 78.7 303.0 78.9 303.3 79.1 303.7 79.2 304.1 79.4 304.5
  79.5 304.9 79.6 305.3 79.7 305.6 79.8 306.0 79.9 306.3 80.0 306.6 80.1 306.9
  80.2 307.1 80.3 307.2 80.4 307.3 80.5 307.5 80.6 307.6 80.7 307.8 80.8 308.0
  80.9 308.2 80.9 308.4 81.0 308.6 81.0 308.8 81.1 309.0 81.1 309.2 81.2 309.5
  81.2 309.7 81.3 309.8 81.3 309.9 81.3 309.9 81.3 309.9 81.3 309.8 81.3 309.7
  81.3 309.5 81.3 309.3 81.2 309.0 81.2 308.7 81.1 308.4 81.0 308.0 81.0 307.6
  81.0 307.2 80.9 306.8 80.9 306.3 80.9 305.9 80.9 305.4 80.9 304.9 80.9 304.4
  80.9 303.8 80.9 303.3 80.9 302.7 80.9 302.1 80.9 301.4 80.9 300.6 81.0 299.8
  81.0 298.8 81.0 297.8 81.0 296.7 81.1 295.5 81.1 294.2 81.1 292.8 81.2 291.3
  81.2 289.6 81.2 288.0 81.3 286.3 81.3 284.6 81.3 282.9 81.3 281.1 81.3 279.4
  81.3 277.5 81.4 275.7 81.4 273.7 81.4 271.7 81.5 269.7 81.5 267.6 81.4 265.4
  81.4 263.3 81.4 261.2 81.3 259.1 81.2 257.0 81.1 255.0 81.1 253.0 81.0 251.2
  80.8 249.4 80.7 247.8 80.6 246.2 80.4 244.8 80.2 243.5 80.1 242.3 79.9 241.3
  79.7 239.9 79.5 238.6 79.3 237.5 79.1 236.4 78.9 235.4 78.7 234.4 78.4 233.6
  78.2 232.8 77.9 232.2 77.7 231.2 77.5 230.3 77.2 229.5 76.9 228.8 76.6 228.2
  76.3 227.7 76.0 227.2 75.7 226.3 75.5 225.4 75.2 224.5 74.9 223.7 74.6 222.8
  74.3 222.1 74.0 221.4 73.8 220.7 73.5 219.7 73.3 218.7 73.1 217.7 72.9 216.8
  72.7 215.9 72.5 215.1 72.3 214.4 72.1 213.7 71.9 213.1 71.8 212.1 71.6 211.2
  71.4 210.3 71.2 209.4 71.0 208.6 70.8 207.8 70.6 207.0 70.4 206.3 70.2 205.6
  70.0 205.0 69.8 204.4 69.6 203.5 69.4 202.8 69.2 202.2 69.0 201.7 68.8 201.3
  68.6 200.9 68.4 200.7 68.2 200.6 68.0 200.5 67.8 200.5 67.7 200.4 67.5 200.3
  67.3 200.3 67.2 200.2 67.0 200.3 66.8 200.3 66.6 200.4 66.4 200.5 66.1 200.6
  65.9 200.7 65.7 200.7 65.5 200.8 65.2 200.9 65.0 201.0 64.8 201.2 64.6 201.3
  64.4 201.6 64.1 201.8 63.9 202.1 63.7 202.4 63.4 202.8 63.2 203.1 63.0 203.5
  62.7 203.9 62.4 204.4 62.0 204.8
  10 20 79  0.0
  72.5 321.4 72.4 320.6 72.3 319.8 72.2 319.0 72.1 318.3 72.0 317.6 71.9 316.9
  71.9 316.2 71.8 315.6 71.8 315.1 71.7 314.6 71.7 314.1 71.7 313.7 71.7 313.4
  71.7 313.1 71.7 312.8 71.7 312.5 71.8 312.2 71.8 312.0 71.8 311.7 71.9 311.4
  71.9 311.2 72.0 310.9 72.1 310.5 72.2 310.0 72.4 309.5 72.5 309.0 72.7 308.5
  72.8 308.1 73.0 307.6 73.2 307.1 73.3 306.6 73.4 306.1 73.6 305.6 73.7 305.0
  73.9 304.5 74.1 303.9 74.2 303.4 74.3 302.9 74.4 302.4 74.4 301.8 74.4 301.2
  74.5 300.7 74.5 300.1 74.4 299.5 74.4 298.9 74.3 298.3 74.3 297.7 74.2 297.0
  74.1 296.4 74.1 295.8 74.0 295.1 74.0 294.5 74.0 293.8 74.1 293.1 74.1 292.4
  74.1 291.8 74.1 291.1 74.2 290.4 74.2 289.7 74.2 289.1 74.2 288.4 74.2 287.8
  74.2 287.2 74.2 286.7 74.1 286.2 74.1 285.6 74.1 285.2 74.1 284.7 74.0 284.2
  74.0 283.8 74.0 283.3 74.0 282.5 73.9 281.8 73.9 281.0 73.9 280.3 73.8 279.5
  73.7 278.8 73.6 278.1 73.5 277.5 73.3 276.8 73.2 276.2 73.0 275.6 72.8 275.0
  72.6 274.4 72.4 273.9 72.2 273.4 72.0 272.9 71.8 272.4 71.6 272.0 71.5 271.5
  71.3 271.2 71.1 270.8 71.0 270.4 70.8 270.1 70.6 269.8 70.4 269.5 70.3 269.2
  70.1 268.9 69.9 268.7 69.8 268.4 69.6 268.2 69.5 268.0 69.3 267.8 69.2 267.6
  69.0 267.4 68.9 267.3 68.7 267.1 68.6 267.0 68.4 266.9 68.3 266.8 68.2 266.7
  68.1 266.6 67.9 266.5 67.8 266.4 67.8 266.4 67.7 266.3 67.6 266.3 67.5 266.3
  67.5 266.4 67.4 266.4 67.4 266.5 67.3 266.6 67.3 266.7 67.3 266.8 67.3 267.0
  67.2 267.2 67.2 267.5 67.2 267.7 67.2 268.1 67.3 268.4 67.4 268.8 67.4 269.3
  67.5 269.8 67.5 270.3 67.6 270.8 67.6 271.4 67.7 272.0 67.8 272.7 67.8 273.4
  67.9 274.1 67.9 274.8 67.9 275.6 68.0 276.4 68.0 277.3 68.0 278.1 68.0 278.7
  68.1 279.3 68.1 279.9 68.1 280.5 68.2 281.2 68.2 281.9 68.3 282.7 68.3 283.5
  68.4 284.3 68.4 285.1 68.4 286.0 68.4 286.9 68.4 287.8 68.4 288.7 68.4 289.6
  68.4 290.4 68.3 291.3 68.3 292.1 68.2 293.0 68.1 293.8 68.0 294.6 67.9 295.4
  67.8 296.6 67.6 297.8 67.5 299.0 67.3 300.2 67.2 301.3 67.0 302.3 66.9 303.3
  66.7 304.2 66.5 305.0 66.3 305.8 66.1 306.6 65.9 307.3 65.6 308.0 65.4 308.6
  65.2 309.2 65.0 309.7 64.8 310.3 64.6 310.7 64.4 311.1 64.2 311.5 64.0 311.9
  63.8 312.2 63.8 312.5 63.7 312.8 63.6 313.1 63.6 313.4 63.5 313.6 63.5 313.9
  63.5 314.1 63.4 314.3 63.4 314.5 63.4 314.7 63.3 314.9 63.3 315.1 63.3 315.2
  63.3 315.4 63.3 315.5 63.2 315.7 63.2 315.9 63.2 316.1 63.3 316.5 63.3 316.9
  63.3 317.4 63.3 318.0 63.3 318.7 63.3 319.4 63.2 320.1 63.2 321.0 63.2 321.9
  63.2 322.8 63.1 323.8 63.1 324.8 63.1 325.7 63.2 326.7 63.2 327.6 63.2 328.5
  63.3 329.4 63.4 330.3 63.5 331.3 63.5 332.2 63.7 333.1 63.8 334.0 63.9 335.0
  64.0 336.0 64.3 336.8 64.6 337.7 64.9 338.5 65.1 339.4 65.4 340.3 65.7 341.2
  66.0 342.1 66.4 342.8 66.7 343.4
  10 21 79  0.0
  72.5 321.4 72.5 320.6 72.5 319.8 72.6 319.0 72.6 318.2 72.7 317.3 72.7 316.4
  72.8 315.4 72.8 314.5 72.8 313.5 72.8 312.6 72.8 311.6 72.7 310.6 72.7 309.6
  72.6 308.7 72.5 307.8 72.4 306.9 72.3 306.1 72.1 305.2 71.9 304.3 71.8 303.4
  71.5 302.4 71.3 301.3 71.1 300.3 70.9 299.2 70.6 298.2 70.4 297.2 70.2 296.2
  69.9 295.3 69.7 294.2 69.5 293.2 69.2 292.1 69.0 291.1 68.8 290.2 68.6 289.2
  68.4 288.3 68.1 287.4 68.0 286.5 67.9 285.2 67.7 284.0 67.6 282.8 67.5 281.7
  67.4 280.6 67.2 279.6 67.1 278.6 67.0 277.7 66.9 276.8 66.8 275.9 66.8 275.0
  66.7 274.1 66.7 273.3 66.6 272.4 66.6 271.6 66.6 270.7 66.7 269.9 66.8 269.1
  66.8 268.2 66.9 267.3 67.0 266.5 67.1 265.6 67.2 264.7 67.2 263.8 67.4 262.9
  67.5 262.0 67.6 261.0 67.7 260.0 67.8 259.0 68.0 258.0 68.3 257.3 68.5 256.5
  68.6 255.8 68.9 255.0 69.1 254.1 69.3 253.3 69.6 252.4 69.7 251.5 70.0 250.5
  70.2 249.5 70.4 248.8 70.5 248.1 70.7 247.4 70.8 246.7 71.0 245.9 71.1 245.1
  71.2 244.2 71.3 243.4 71.5 242.5 71.6 241.6 71.8 240.7 71.9 239.7 72.0 238.8
  72.2 238.4 72.4 238.0 72.5 237.6 72.6 237.2 72.7 236.7 72.8 236.2 72.8 235.7
  72.9 235.2 73.0 234.6 73.1 234.0 73.2 233.3 73.2 232.6 73.3 231.9 73.4 231.2
  73.5 230.4 73.6 229.6 73.7 228.9 73.8 228.1 73.8 227.3 74.0 226.6 74.1 225.8
  74.2 225.6 74.3 225.4 74.5 225.2 74.6 225.0 74.7 224.9 74.8 224.7 74.9 224.5
  74.9 224.3 75.0 224.2 75.1 224.0 75.1 223.8 75.2 223.7 75.4 223.5 75.5 223.3
  75.6 223.1 75.7 222.9 75.8 222.7 75.9 222.5 75.9 222.3 76.0 222.1 76.1 222.5
  76.2 222.9 76.3 223.3 76.3 223.7 76.4 224.2 76.4 224.6 76.4 225.0 76.3 225.5
  76.3 225.9 76.3 226.3 76.2 226.7 76.2 227.1 76.1 227.5 76.0 227.8 76.0 228.2
  75.9 228.1 75.7 228.0 75.6 228.0 75.5 228.0 75.4 228.0 75.3 228.0 75.2 228.0
  75.0 228.1 74.8 228.1 74.7 228.2 74.5 228.3 74.3 228.5 74.2 228.6 74.0 228.9
  73.8 228.9 73.7 228.9 73.5 229.0 73.4 229.1 73.2 229.2 73.0 229.4 72.9 229.7
  72.7 229.9 72.5 230.2 72.4 230.5 72.2 230.8 72.0 231.2 71.9 231.5 71.7 231.7
  71.6 231.9 71.4 232.1 71.3 232.4 71.1 232.7 70.9 233.0 70.7 233.3 70.6 233.7
  70.4 234.1 70.2 234.4 70.0 234.7 69.8 235.1 69.6 235.1 69.4 235.2 69.3 235.3
  69.0 235.4 68.8 235.5 68.6 235.6 68.4 235.6 68.2 235.7 67.9 235.8 67.7 235.6
  67.5 235.5 67.2 235.4 67.0 235.3 66.8 235.1 66.5 235.1 66.3 235.0 66.0 234.9
  65.7 234.6 65.5 234.3 65.3 234.0 65.0 233.8 64.8 233.5 64.6 233.2 64.4 233.0
  64.2 232.7 64.1 232.4 63.9 232.2 63.8 231.7 63.5 231.2 63.3 230.8 63.1 230.3
  62.9 229.9 62.7 229.5 62.5 229.1 62.3 228.7 62.1 228.3 62.0 228.0 61.8 227.6
  61.6 227.1 61.4 226.6 61.2 226.2 61.0 225.8 60.8 225.5 60.6 225.2 60.5 224.8
  60.3 224.5 60.2 224.2 60.0 223.9 59.7 223.6 59.4 223.3 59.1 223.0 58.9 222.7
  58.6 222.4 58.3 222.2 58.0 221.9
  10 22 79  0.0
  72.5 321.4 72.3 321.8 72.2 322.1 72.1 322.4 72.0 322.7 71.9 323.0 71.8 323.3
  71.7 323.5 71.6 323.8 71.5 324.0 71.4 324.1 71.3 324.3 71.1 324.4 71.0 324.4
  70.8 324.5 70.7 324.4 70.5 324.4 70.4 324.2 70.2 324.1 70.1 323.9 70.1 323.6
  70.0 323.3 70.0 323.0 69.9 322.9 69.9 322.8 69.9 322.6 69.8 322.4 69.8 322.2
  69.8 321.9 69.8 321.6 69.7 321.2 69.7 320.8 69.7 320.4 69.7 320.0 69.7 319.5
  69.7 318.9 69.7 318.3 69.8 317.7 69.8 317.0 69.8 316.4 69.7 315.7 69.7 314.9
  69.7 314.2 69.6 313.4 69.5 312.5 69.5 311.7 69.4 310.7 69.3 309.7 69.1 308.7
  69.0 307.6 68.9 306.6 68.7 305.6 68.6 304.6 68.4 303.8 68.3 302.9 68.1 302.2
  67.9 301.4 67.8 300.7 67.7 300.1 67.6 299.4 67.3 298.8 67.2 298.2 67.0 297.6
  66.9 296.9 66.7 296.4 66.7 295.8 66.5 295.2 66.4 294.8 66.3 294.3 66.2 293.9
  66.1 293.6 66.1 293.3 66.0 293.1 65.9 292.9 65.9 292.8 65.8 292.8 65.8 292.8
  65.7 292.9 65.7 293.0 65.6 293.1 65.6 293.3 65.5 293.5 65.5 293.8 65.4 294.1
  65.3 294.4 65.3 294.8 65.2 295.1 65.1 295.4 65.1 295.6 65.0 295.9 65.0 296.1
  65.0 296.3 65.0 296.4 65.0 296.5 65.1 296.6 65.1 296.7 65.2 296.7 65.2 296.7
  65.3 296.7 65.4 296.7 65.5 296.7 65.6 296.6 65.7 296.6 65.9 296.5 66.0 296.5
  66.2 296.4 66.4 296.2 66.7 296.0 66.9 295.8 66.9 295.7 67.0 295.5 67.1 295.4
  67.2 295.3 67.4 295.2 67.5 295.2 67.7 295.2 67.8 295.2 68.0 295.3 68.1 295.4
  68.3 295.2 68.5 295.0 68.7 294.8 68.9 294.7 69.1 294.5 69.3 294.4 69.6 294.3
  69.8 294.2 70.0 294.1 70.3 293.8 70.5 293.4 70.8 293.1 71.1 292.8 71.4 292.5
  71.7 292.3 72.0 292.0 72.1 291.7 72.2 291.1 72.3 290.4 72.4 289.7 72.5 289.0
  72.7 288.2 72.8 287.4 72.8 286.5 72.9 285.7 72.9 284.9 72.9 284.1 73.0 283.3
  73.0 282.6 72.9 281.9 72.9 281.3 72.9 280.7 72.9 280.2 72.9 279.7 72.8 279.2
  72.7 278.8 72.7 278.4 72.6 278.0 72.5 277.7 72.4 277.3 72.4 277.0 72.3 276.6
  72.2 276.3 72.2 275.9 72.1 275.6 72.0 275.2 71.9 275.1 71.8 275.0 71.8 275.0
  71.7 274.9 71.6 274.9 71.6 274.8 71.5 274.8 71.5 274.9 71.4 274.9 71.4 275.0
  71.3 275.1 71.3 275.3 71.3 275.4 71.2 275.7 71.2 275.9 71.2 276.2 71.2 276.5
  71.2 276.8 71.2 277.0 71.2 277.3 71.2 277.6 71.2 277.8 71.2 278.0 71.2 278.2
  71.2 278.4 71.2 278.5 71.2 278.7 71.2 278.8 71.1 278.9 71.1 279.1 71.1 279.3
  71.1 279.5 71.1 279.7 71.1 280.0 71.1 280.3 71.1 280.7 71.1 281.0 71.1 281.5
  71.1 281.9 71.0 282.4 71.0 282.9 71.0 283.4 71.0 283.9 71.0 284.5 71.0 285.0
  70.9 285.5 70.9 286.0 70.8 286.5 70.8 287.0 70.7 287.5 70.6 288.0 70.6 288.5
  70.4 288.9 70.3 289.4 70.2 289.8 70.1 290.3 69.9 290.8 69.8 291.8 69.7 292.7
  69.5 293.7 69.3 294.6 69.1 295.6 68.9 296.5 68.7 297.5 68.4 298.4 68.2 299.3
  67.9 300.1 67.7 301.1 67.5 302.1 67.4 303.0 67.2 303.8 67.0 304.5 66.8 305.3
  66.7 305.9 66.6 306.5 66.4 307.1
  10 23 79  0.0
  72.5 321.4 72.3 321.3 72.0 321.3 71.8 321.4 71.7 321.8 71.5 322.3 71.4 322.9
  71.2 323.5 71.1 324.2 70.9 324.9 70.6 325.6 70.4 326.4 70.2 327.2 69.9 328.0
  69.6 328.7 69.2 329.4 68.8 329.9 68.4 330.4 68.0 330.7 67.6 331.1 67.2 331.3
  66.8 331.4 66.4 331.5 66.1 331.6 65.7 331.6 65.3 331.6 65.0 331.7 64.6 331.7
  64.3 331.8 63.9 331.8 63.5 331.9 63.1 331.9 62.7 331.9 62.3 331.9 61.8 331.8
  61.4 331.9 61.0 332.0 60.5 332.0 59.9 332.1 59.2 332.3 58.5 332.5 57.9 332.7
  57.2 332.8 56.5 332.9 55.8 332.9 55.1 332.8 54.4 332.5 53.7 332.2 53.0 331.9
  52.5 331.6 52.1 331.2 51.6 330.8 51.1 330.5 50.6 330.1 50.1 329.7 49.6 329.3
  49.1 328.8 48.6 328.3 48.1 327.8 47.8 327.2 47.5 326.6 47.1 326.0 46.8 325.4
  46.4 324.8 46.1 324.2 45.7 323.5 45.6 322.9 45.4 322.2 45.2 321.5 45.1 320.8
  44.9 320.0 44.7 319.1 44.4 318.2 44.2 317.2 43.9 316.1 43.7 315.3 43.5 314.4
  43.2 313.5 43.0 312.5 42.8 311.6 42.6 310.6 42.5 309.7 42.3 308.8 42.1 307.8
  42.1 306.8 42.0 305.9 41.9 304.9 41.9 304.2 41.8 303.5 41.8 302.8 41.8 302.1
  41.7 301.3 41.7 300.6 41.6 299.9 41.6 299.1 41.6 298.4 41.6 297.7 41.5 297.0
  41.5 296.4 41.4 295.7 41.5 295.1 41.5 294.4 41.6 293.8 41.6 293.3 41.7 292.7
  41.7 292.1 41.8 291.5 41.8 291.0 41.9 290.4 42.0 289.9 42.0 289.4 42.1 288.6
  42.2 287.9 42.2 287.2 42.3 286.4 42.3 285.7 42.4 285.1 42.4 284.4 42.5 283.7
  42.5 283.1 42.6 282.4 42.6 281.8 42.7 281.2 42.7 280.5 42.7 279.9 42.8 279.3
  42.8 278.8 42.9 278.2 42.9 277.6 43.0 277.1 43.0 276.6 43.1 276.0 43.1 275.5
  43.2 275.1 43.2 274.6 43.3 274.1 43.3 273.7 43.4 273.3 43.5 272.9 43.5 272.5
  43.6 272.1 43.6 271.8 43.7 271.4 43.8 271.1 43.9 270.8 44.0 270.5 44.1 270.2
  44.2 269.8 44.2 269.5 44.3 269.1 44.4 268.8 44.4 268.5 44.5 268.2 44.5 267.9
  44.7 267.7 44.8 267.5 44.9 267.3 45.0 267.1 45.1 266.9 45.2 266.7 45.3 266.4
  45.4 266.2 45.5 266.0 45.6 265.8 45.7 265.5 45.8 265.3 45.8 265.1 45.9 264.8
  46.0 264.6 46.1 264.2 46.2 263.9 46.2 263.6 46.3 263.3 46.4 262.9 46.5 262.6
  46.6 262.3 46.6 262.0 46.7 261.7 46.8 261.4 46.9 261.1 47.0 260.9 47.1 260.6
  47.2 260.3 47.3 260.1 47.4 259.8 47.5 259.5 47.6 259.1 47.7 258.8 47.8 258.5
  47.9 258.1 48.0 257.8 48.1 257.4 48.2 257.0 48.3 256.5 48.5 256.0 48.6 255.5
  48.6 255.1 48.7 254.6 48.7 254.1 48.8 253.7 48.8 253.3 48.9 252.8 48.9 252.4
  49.0 252.1 49.1 251.7 49.0 251.4 49.0 251.0 48.9 250.7 48.9 250.4 48.9 250.1
  48.9 249.8 48.8 249.5 48.9 249.2 48.9 248.9 48.9 248.6 48.9 248.4 49.0 248.2
  49.0 247.9 48.9 247.7 48.9 247.5 48.8 247.2 48.8 247.0 48.7 246.8 48.7 246.5
  48.7 246.3 48.6 246.1 48.6 245.8 48.6 245.6 48.6 245.3 48.6 245.1 48.6 244.8
  48.6 244.6 48.6 244.4 48.6 244.1 48.6 243.9 48.6 243.6 48.5 243.4 48.5 243.2
  48.4 242.9 48.4 242.7 48.3 242.5
  10 24 79  0.0
  72.5 321.4 72.6 320.5 72.7 319.5 72.8 318.6 73.0 317.6 73.1 316.6 73.2 315.6
  73.4 314.6 73.5 313.6 73.7 312.7 73.8 311.7 74.1 310.7 74.3 309.9 74.6 309.1
  74.9 308.3 75.2 307.6 75.4 306.9 75.6 306.1 75.9 305.4 76.1 304.7 76.3 304.4
  76.4 304.1 76.6 303.8 76.7 303.5 76.8 303.2 77.0 302.9 77.1 302.6 77.1 302.3
  77.2 302.1 77.2 301.8 77.2 301.5 77.2 301.3 77.1 301.0 77.1 300.8 77.0 300.6
  76.9 300.4 76.8 300.2 76.7 300.0 76.6 299.8 76.5 299.6 76.4 299.4 76.3 299.1
  76.2 298.9 76.1 298.7 76.1 298.4 76.0 298.2 75.9 298.1 75.8 298.1 75.7 298.0
  75.6 297.9 75.6 297.8 75.5 297.7 75.4 297.6 75.3 297.5 75.3 297.4 75.2 297.3
  75.2 297.2 75.1 297.0 75.0 296.9 75.0 296.8 74.9 296.7 74.9 296.5 74.8 296.4
  74.8 296.1 74.7 295.9 74.6 295.6 74.6 295.3 74.6 294.9 74.5 294.6 74.4 294.2
  74.3 293.8 74.2 293.4 74.1 292.9 74.0 292.5 73.9 292.0 73.8 291.5 73.7 291.0
  73.7 290.5 73.7 290.0 73.7 289.5 73.7 289.0 73.7 288.5 73.7 287.9 73.8 287.4
  73.9 286.8 74.0 286.2 74.1 285.7 74.1 285.2 74.2 284.7 74.3 284.2 74.4 283.8
  74.6 283.4 74.7 283.1 74.9 282.7 75.1 282.4 75.2 282.1 75.4 281.8 75.5 281.5
  75.7 281.4 75.8 281.3 75.9 281.3 76.0 281.4 76.1 281.9 76.2 282.6 76.2 283.3
  76.3 284.1 76.2 284.9 76.1 285.8 76.0 286.8 75.9 287.4 75.7 288.0 75.6 288.5
  75.4 288.8 75.2 289.1 75.0 289.3 74.8 289.3 74.6 289.3 74.4 289.2 74.2 289.0
  74.0 288.8 73.8 288.5 73.6 288.0 73.4 287.5 73.2 287.0 73.0 286.6 72.7 286.2
  72.5 285.8 72.2 285.5 72.0 285.2 71.7 284.9 71.5 284.7 71.3 284.5 71.0 284.4
  70.8 284.2 70.6 284.1 70.4 283.9 70.1 283.7 69.9 283.4 69.7 283.3 69.5 283.2
  69.3 283.0 69.1 282.8 68.9 282.6 68.8 282.4 68.6 282.2 68.4 282.0 68.2 281.7
  68.1 281.5 67.9 281.3 67.7 281.3 67.5 281.2 67.3 281.2 67.0 281.1 66.8 281.1
  66.5 281.1 66.3 281.0 66.0 281.0 65.7 281.1 65.4 281.1 65.1 281.2 64.9 281.2
  64.6 281.2 64.4 281.2 64.2 281.2 64.0 281.2 63.8 281.1 63.6 281.0 63.5 280.8
  63.4 280.6 63.2 280.5 63.2 280.3 63.1 280.1 63.0 279.9 62.8 279.7 62.6 279.5
  62.4 279.3 62.2 279.0 62.1 278.8 61.9 278.6 61.7 278.3 61.6 278.0 61.5 277.8
  61.4 277.5 61.3 277.3 61.3 277.1 61.3 276.9 61.3 276.7 61.4 276.5 61.5 276.4
  61.6 276.3 61.7 276.2 61.8 276.1 62.0 276.1 62.2 276.1 62.4 276.0 62.5 275.9
  62.5 275.8 62.6 275.8 62.7 275.8 62.8 275.9 62.9 276.0 63.0 276.1 63.2 276.2
  63.4 276.4 63.5 276.6 63.7 276.9 63.8 277.2 64.0 277.5 64.2 277.8 64.4 278.2
  64.5 278.6 64.7 279.0 64.9 279.5 65.1 280.0 65.2 280.6 65.3 281.2 65.4 281.9
  65.5 282.6 65.6 283.4 65.7 284.1 65.7 284.9 65.8 285.8 65.8 286.6 65.8 287.5
  65.9 288.3 65.8 289.2 65.8 290.1 65.7 291.0 65.7 291.8 65.6 292.7 65.5 293.5
  65.4 294.3 65.3 295.1 65.3 295.8 65.2 296.6 65.1 297.2 65.0 297.9 64.8 298.5
  64.7 299.1 64.6 299.6 64.4 300.2
  10 25 79  0.0
  72.5 321.4 72.3 321.4 72.2 321.5 72.1 321.6 71.9 321.7 71.8 322.3 71.7 323.0
  71.6 323.7 71.6 324.5 71.4 325.3 71.2 326.2 71.0 327.1 70.9 328.1 70.6 329.0
  70.3 329.9 70.0 330.6 69.8 331.3 69.5 332.7 69.2 333.9 68.8 335.0 68.4 335.9
  68.0 336.8 67.5 338.2 66.9 339.4 66.3 340.5 65.5 341.4 64.7 342.2 63.8 342.9
  62.9 343.4 61.9 343.9 60.9 344.0 59.8 344.2 58.8 344.0 57.8 343.9 56.7 343.4
  55.8 342.9 54.9 342.1 54.0 341.1 53.3 340.0 52.6 338.9 52.1 337.7 51.5 336.6
  51.0 335.4 50.6 334.2 50.2 333.0 49.8 331.7 49.6 330.3 49.3 328.7 49.0 327.2
  49.0 325.5 49.0 323.9 49.2 322.3 49.4 320.7 49.5 319.2 49.8 317.7 50.0 316.3
  50.1 314.8 50.3 313.5 50.4 312.1 50.5 310.8 50.7 309.5 50.9 308.3 51.1 307.1
  51.3 305.9 51.6 304.9 51.8 303.8 51.9 302.7 52.0 301.7 52.1 300.8 52.1 299.9
  52.1 299.0 52.0 298.1 51.9 296.9 51.7 295.7 51.7 294.5 51.7 293.4 51.7 292.2
  51.7 291.1 51.7 289.9 51.7 288.8 51.8 287.7 51.8 286.6 51.7 285.5 51.7 284.5
  51.6 283.4 51.4 282.4 51.2 281.4 51.0 280.4 50.8 279.4 50.5 278.4 50.2 277.4
  49.8 276.3 49.5 275.3 49.2 274.3 48.8 273.2 48.4 272.2 48.0 271.1 47.6 270.0
  47.2 269.2 46.9 268.3 46.5 267.4 46.2 266.5 45.9 265.6 45.6 264.8 45.3 264.1
  45.0 263.3 44.7 262.5 44.5 261.7 44.3 260.8 44.0 259.9 43.9 259.1 43.7 258.4
  43.5 257.8 43.3 257.1 43.1 256.5 42.9 255.9 42.8 255.2 42.7 254.6 42.6 254.0
  42.5 253.4 42.4 252.8 42.4 252.2 42.3 251.5 42.3 250.9 42.3 250.2 42.3 249.4
  42.2 248.7 42.1 247.9 42.2 247.1 42.2 246.2 42.2 245.2 42.2 244.3 42.1 243.2
  42.3 242.1 42.4 241.0 42.5 239.9 42.5 238.8 42.5 237.7 42.5 236.6 42.4 235.5
  42.3 234.4 42.1 233.3 41.9 232.3 41.7 231.0 41.9 229.6 42.0 228.2 42.1 227.1
  42.7 225.9 43.1 224.7 43.5 223.4 44.0 222.0 44.4 220.6 44.8 219.1 45.0 217.6
  45.2 216.0 45.5 214.5 45.6 213.0 45.6 211.6 45.6 210.2 45.6 208.9 45.6 207.6
  45.5 206.3 45.4 205.0 45.3 203.8 45.1 202.6 44.9 201.4 44.8 200.2 44.5 199.0
  44.3 197.8 44.1 196.7 43.9 195.7 43.7 194.8 43.4 193.9 43.2 193.0 43.0 192.2
  42.8 191.4 42.5 190.6 42.3 189.9 41.9 189.2 41.6 188.7 41.2 188.2 40.8 187.8
  40.4 187.3 40.0 186.8 39.6 186.2 39.2 185.6 38.8 184.9 38.4 184.2 38.1 183.5
  37.9 182.7 37.6 181.9 37.4 181.1 37.1 180.3 36.8 179.5 36.5 178.6 36.2 177.8
  35.9 177.0 35.6 176.3 35.4 175.6 35.2 175.0 35.1 174.4 35.0 173.8 34.9 173.2
  34.9 172.7 34.9 172.1 34.9 171.6 34.8 171.1 34.7 170.6 34.7 170.1 34.6 169.6
  34.5 169.1 34.5 168.6 34.5 168.0 34.5 167.5 34.5 167.0 34.5 166.4 34.5 165.9
  34.5 165.3 34.6 164.8 34.6 164.3 34.6 163.8 34.7 163.4 34.8 162.9 34.9 162.6
  35.0 162.2 35.1 161.9 35.2 161.6 35.3 161.3 35.4 161.1 35.5 160.9 35.6 160.6
  35.7 160.4 35.8 160.2 36.0 160.0 36.1 159.8 36.2 159.6 36.4 159.5 36.5 159.3
  36.7 159.2 36.8 159.1 37.0 159.0
  10 26 79  0.0
  72.5 321.4 72.4 321.8 72.4 322.2 72.4 322.5 72.3 322.9 72.3 323.2 72.3 323.6
  72.3 323.9 72.2 324.2 72.1 324.4 72.0 324.7 72.0 324.9 71.9 325.8 71.8 326.6
  71.7 327.5 71.7 328.3 71.5 329.2 71.3 330.1 71.1 331.0 70.9 331.9 70.7 332.8
  70.3 333.8 70.0 334.7 69.6 336.1 69.2 337.4 68.7 338.7 68.2 339.9 67.7 341.1
  67.1 342.3 66.4 343.4 65.7 344.4 65.0 345.1 64.2 345.8 63.4 346.4 62.5 346.8
  61.7 347.3 60.8 347.5 60.0 347.7 59.2 347.8 58.4 347.9 57.7 347.9 57.0 347.9
  56.3 347.9 55.6 347.8 55.0 347.7 54.4 347.5 53.8 347.4 53.2 347.0 52.6 346.7
  52.0 346.3 51.5 345.9 51.0 345.2 50.5 344.6 50.1 343.8 49.7 343.1 49.4 342.2
  49.0 341.3 48.7 340.3 48.4 339.3 48.2 338.2 47.9 337.1 47.7 336.0 47.4 334.9
  47.2 333.8 47.1 332.6 46.9 331.4 46.8 330.1 46.7 328.8 46.5 327.4 46.5 326.0
  46.5 324.5 46.5 323.1 46.7 321.6 46.9 320.2 47.1 318.8 47.4 317.5 47.7 316.3
  47.9 315.0 48.1 313.8 48.3 312.5 48.4 311.1 48.6 309.8 48.7 308.6 48.8 307.4
  49.0 306.2 49.3 305.0 49.5 303.9 49.7 302.9 49.9 301.9 50.0 300.8 50.2 299.8
  50.2 298.8 50.2 297.7 50.2 296.6 50.2 295.5 50.2 294.4 50.1 293.2 50.1 292.0
  50.1 290.9 50.2 289.7 50.2 288.6 50.3 287.5 50.3 286.4 50.3 285.3 50.3 284.2
  50.3 283.2 50.1 282.2 50.0 281.2 49.8 280.3 49.6 279.3 49.3 278.4 49.0 277.4
  48.7 276.5 48.5 275.5 48.2 274.5 47.9 273.5 47.5 272.6 47.2 271.7 46.9 270.8
  46.5 269.9 46.2 269.1 45.8 268.2 45.5 267.4 45.2 266.7 44.9 266.0 44.6 265.3
  44.3 264.5 44.0 263.8 43.8 263.2 43.6 262.6 43.3 262.0 43.1 261.4 42.9 260.8
  42.6 260.1 42.4 259.5 42.2 258.8 42.0 258.2 41.8 257.6 41.6 257.0 41.4 256.5
  41.2 256.0 41.1 255.4 41.0 254.9 40.9 254.3 40.8 253.7 40.7 253.1 40.6 252.5
  40.5 251.8 40.5 251.1 40.5 250.4 40.4 249.6 40.4 248.8 40.2 248.0 40.3 247.1
  40.3 246.2 40.3 245.2 40.3 244.2 40.2 243.2 40.4 242.1 40.6 241.1 40.7 240.0
  40.8 238.9 40.8 237.8 40.7 236.7 40.7 235.5 40.6 234.3 40.5 233.1 40.3 231.9
  40.5 230.5 40.7 229.2 40.9 227.8 41.4 226.3 41.9 224.9 42.4 223.5 42.8 222.2
  43.3 220.7 43.7 219.3 43.9 217.8 44.2 216.4 44.4 214.9 44.4 213.4 44.5 212.0
  44.4 210.6 44.4 209.2 44.3 207.9 44.2 206.6 44.0 205.3 43.8 204.1 43.6 202.9
  43.4 201.8 43.2 200.6 42.9 199.6 42.6 198.5 42.3 197.5 42.0 196.6 41.7 195.7
  41.4 194.8 41.0 193.9 40.6 193.1 40.3 192.3 39.9 191.5 39.4 190.8 38.8 190.1
  38.2 189.5 37.5 188.9 36.8 188.2 36.1 187.6 35.6 186.9 35.1 186.0 34.7 185.2
  34.3 184.4 34.0 183.7 33.8 182.9 33.6 182.3 33.4 181.6 33.3 181.0 33.1 180.3
  33.0 179.7 32.6 179.0 32.3 178.4 32.0 177.7 31.7 177.2 31.4 176.7 31.2 176.2
  31.0 175.7 30.8 175.2 30.7 174.7 30.6 174.2 30.6 173.8 30.6 173.4 30.5 173.1
  30.5 172.7 30.5 172.3 30.5 171.9 30.4 171.6 30.4 171.2 30.4 170.8 30.4 170.5
  30.4 170.1 30.4 169.7 30.4 169.4
  10 27 79  0.0
  72.5 321.4 72.8 321.7 73.1 322.0 73.3 322.4 73.5 322.9 73.7 323.4 73.9 324.0
  74.0 324.7 74.0 325.5 74.1 326.0 74.2 326.7 74.3 327.3 74.4 328.1 74.4 328.9
  74.4 329.6 74.3 330.3 74.3 330.9 74.2 331.4 74.1 331.8 74.0 332.2 73.8 333.0
  73.5 333.7 73.3 334.4 73.0 335.1 72.8 335.7 72.4 336.3 72.1 336.8 71.7 337.2
  71.4 338.3 71.1 339.3 70.7 340.3 70.3 341.1 69.9 341.9 69.4 342.8 69.0 343.7
  68.5 344.4 67.9 345.0 67.4 345.6 66.8 346.1 66.1 346.7 65.5 347.2 64.8 347.6
  64.1 348.0 63.4 348.4 62.8 348.7 62.2 349.0 61.5 349.3 60.9 349.6 60.3 349.9
  59.7 350.1 59.2 350.5 58.6 350.8 58.1 351.1 57.5 351.4 57.0 351.7 56.5 351.9
  56.0 352.2 55.4 352.2 54.8 352.3 54.2 352.3 53.6 352.3 53.1 352.2 52.5 352.0
  52.0 351.9 51.5 351.8 51.1 351.5 50.6 351.2 50.2 350.9 49.8 350.5 49.4 350.0
  49.1 349.4 48.7 348.8 48.4 348.2 48.1 347.5 47.8 346.8 47.5 346.0 47.3 345.2
  47.1 344.3 46.9 343.5 46.7 342.6 46.6 341.7 46.4 340.7 46.3 339.7 46.1 338.7
  45.9 337.7 45.7 336.7 45.6 335.7 45.4 334.7 45.3 333.7 45.2 332.7 45.1 331.6
  45.0 330.5 44.9 329.4 44.8 328.3 44.7 327.1 44.7 325.9 44.7 324.7 44.6 323.5
  44.7 322.3 44.9 321.2 45.0 320.2 45.1 319.1 45.2 318.1 45.3 317.1 45.4 316.0
  45.5 315.0 45.6 314.0 45.6 313.0 45.6 311.9 45.6 310.8 45.6 309.8 45.7 308.7
  45.7 307.8 45.8 306.8 45.9 305.9 45.9 305.1 46.0 304.3 46.1 303.3 46.2 302.4
  46.2 301.4 46.2 300.5 46.3 299.5 46.2 298.5 46.2 297.5 46.2 296.5 46.2 295.5
  46.2 294.5 46.2 293.6 46.2 292.6 46.2 291.7 46.2 290.8 46.1 289.9 46.1 289.0
  46.1 288.2 46.1 287.3 46.0 286.5 45.8 285.8 45.7 285.1 45.6 284.3 45.5 283.6
  45.3 283.0 45.1 282.3 44.9 281.6 44.7 281.0 44.5 280.3 44.3 279.7 44.0 279.0
  43.8 278.4 43.5 277.7 43.2 277.0 43.0 276.3 42.7 275.6 42.4 274.9 42.1 274.2
  41.7 273.5 41.4 272.8 41.1 272.1 40.8 271.5 40.4 270.8 40.0 270.2 39.6 269.5
  39.2 269.0 38.9 268.4 38.5 267.8 38.1 267.3 37.7 266.7 37.3 266.2 36.9 265.7
  36.5 265.2 36.2 264.7 35.8 264.1 35.5 263.6 35.2 263.0 35.0 262.4 34.7 261.8
  34.5 261.2 34.2 260.6 34.0 260.0 33.8 259.5 33.7 259.0 33.6 258.5 33.6 258.1
  33.5 257.6 33.4 257.1 33.4 256.7 33.3 256.2 33.2 255.8 33.2 255.3 33.2 254.9
  33.2 254.5 33.2 254.1 33.2 253.8 33.2 253.4 33.2 253.1 33.2 252.8 33.2 252.5
  33.1 252.3 33.1 252.0 33.0 251.8 32.9 251.7 32.8 251.5 32.7 251.4 32.6 251.3
  32.5 251.2 32.4 251.2 32.3 251.2 32.2 251.1 32.0 251.1 31.8 251.0 31.6 250.9
  31.3 250.9 31.1 250.8 30.8 250.7 30.5 250.6 30.1 250.5 29.8 250.4 29.4 250.5
  29.0 250.5 28.6 250.6 28.3 250.6 28.0 250.7 27.7 250.8 27.5 250.9 27.2 251.0
  27.0 251.2 26.9 251.3 26.7 251.6 26.6 251.8 26.5 252.1 26.4 252.4 26.3 252.7
  26.2 253.0 26.1 253.4 26.0 253.7 25.9 253.8 25.8 253.9 25.7 254.0 25.6 254.1
  25.5 254.2 25.4 254.2 25.4 254.2
  10 28 79  0.0
  72.5 321.4 72.7 321.1 73.0 320.8 73.2 320.6 73.4 320.6 73.6 320.6 73.8 320.8
  74.0 321.1 74.2 321.2 74.4 321.5 74.6 321.9 74.7 322.5 74.9 323.3 75.0 324.3
  75.2 325.4 75.3 326.5 75.4 327.7 75.4 329.0 75.4 330.2 75.3 331.4 75.3 332.5
  75.1 333.6 74.9 334.5 74.6 335.2 74.4 335.9 74.1 336.4 73.6 336.9 73.3 337.7
  72.9 338.4 72.6 339.2 72.2 339.9 71.9 340.7 71.5 341.4 71.0 342.0 70.6 342.7
  70.1 343.2 69.7 343.8 69.3 344.0 68.6 344.3 68.0 344.7 67.3 345.0 66.6 345.3
  65.8 345.7 65.1 345.7 64.4 345.7 63.6 345.8 63.0 345.4 62.3 345.1 61.7 344.7
  61.2 343.8 60.9 343.0 60.6 342.2 60.3 341.4 60.0 340.8 59.7 340.1 59.4 339.3
  59.3 338.6 59.1 337.8 59.0 337.0 58.9 336.2 58.7 335.3 58.7 334.4 58.7 333.5
  58.6 332.4 58.5 331.4 58.5 330.3 58.6 329.1 58.6 328.0 58.6 326.9 58.9 325.7
  59.3 324.5 59.6 323.2 60.2 322.0 60.9 321.6 61.5 321.2 62.1 320.8 62.7 321.3
  63.2 321.9 63.7 322.7 64.2 323.5 64.7 325.0 64.8 326.6 64.9 328.4 64.6 330.2
  64.3 332.1 63.6 333.9 63.0 335.0 62.3 336.0 61.6 336.9 60.6 337.1 59.7 337.3
  58.8 337.0 58.0 336.6 57.2 335.7 56.7 334.9 56.2 334.0 55.7 333.1 55.3 331.9
  55.3 330.5 55.3 329.1 55.3 327.6 55.6 326.0 56.0 324.3 56.3 322.6 56.9 321.3
  57.5 320.0 58.2 318.6 59.1 318.1 59.8 317.5 60.5 316.9 61.2 316.9 61.7 316.9
  62.2 316.8 62.7 317.2 63.1 317.5 63.5 317.8 63.7 318.1 64.0 318.4 64.2 318.6
  64.4 319.1 64.6 319.5 64.7 319.9 64.8 320.2 64.8 320.5 64.7 320.8 64.6 321.1
  64.6 321.3 64.6 321.6 64.6 321.7 64.6 321.9 64.6 322.0 64.6 322.1 64.7 322.2
  64.8 322.3 64.8 322.3 64.9 322.4 64.9 322.4 64.9 322.4 64.9 322.4 64.9 322.3
  64.9 322.3 64.9 322.2 64.9 322.2 64.8 322.1 64.8 321.9 64.7 321.8 64.7 321.7
  64.6 321.6 64.6 321.5 64.5 321.4 64.5 321.4 64.4 321.4 64.4 321.4 64.3 321.4
  64.3 321.4 64.2 321.4 64.2 321.5 64.1 321.6 64.1 321.7 64.0 321.8 64.0 322.0
  64.0 322.2 64.0 322.2 64.0 322.3 63.9 322.4 63.9 322.6 64.0 322.8 64.0 323.1
  64.0 323.3 64.0 323.7 64.0 324.0 63.7 324.4 63.5 324.8 63.3 325.1 63.1 325.5
  62.8 325.8 62.6 326.2 62.4 326.5 62.2 326.9 62.0 327.2 61.7 327.4 61.5 327.7
  61.3 327.9 61.1 328.1 60.8 328.3 60.5 328.4 60.2 328.4 59.8 328.5 59.5 328.3
  59.3 328.1 59.0 327.8 58.7 327.6 58.5 327.3 58.2 327.0 57.9 326.7 57.6 326.2
  57.3 325.6 57.0 325.0 56.7 324.5 56.4 323.9 56.1 323.3 55.8 322.7 55.5 321.9
  55.2 321.1 54.9 320.3 54.6 319.6 54.4 318.8 54.1 318.0 53.9 317.3 53.7 316.4
  53.5 315.6 53.4 314.7 53.2 313.9 53.0 313.0 52.8 312.2 52.7 311.4 52.5 310.6
  52.3 309.8 52.1 309.0 51.9 308.2 51.7 307.2 51.6 306.3 51.5 305.3 51.3 304.3
  51.2 303.3 51.1 302.3 51.1 301.3 51.0 300.3 50.9 299.3 51.0 298.3 51.0 297.3
  51.0 296.3 51.0 295.4 51.1 294.4 51.1 293.5 51.1 292.6 51.2 291.7 51.2 290.8
  51.3 289.9 51.4 289.0 51.4 288.1
  10 29 79  0.0
  72.5 321.4 72.6 320.8 72.7 320.3 72.8 319.8 72.9 319.3 73.1 318.8 73.2 318.4
  73.3 318.0 73.4 317.6 73.5 317.3 73.7 317.0 73.8 316.7 73.9 316.5 74.1 316.3
  74.2 316.2 74.4 316.0 74.5 315.7 74.6 315.3 74.7 314.8 74.9 314.3 75.0 313.7
  75.1 313.0 75.2 312.2 75.3 311.4 75.4 310.4 75.5 309.4 75.5 308.4 75.6 307.5
  75.6 306.7 75.6 305.9 75.6 305.2 75.6 304.6 75.5 304.0 75.5 303.5 75.4 303.1
  75.3 302.7 75.1 302.4 75.0 302.1 74.9 301.8 74.8 301.4 74.7 301.0 74.6 300.6
  74.6 300.1 74.5 299.6 74.5 299.1 74.4 298.5 74.4 297.8 74.4 297.2 74.3 296.4
  74.3 295.7 74.3 295.0 74.3 294.3 74.2 293.6 74.1 293.0 74.0 292.4 73.9 291.9
  73.9 291.1 73.9 290.2 73.9 289.4 73.9 288.5 73.9 287.5 74.0 286.5 74.0 285.4
  74.1 284.6 74.1 283.7 74.1 282.7 74.2 281.7 74.2 280.5 74.3 279.3 74.3 278.1
  74.4 276.8 74.4 275.4 74.5 274.1 74.5 272.7 74.5 271.4 74.6 270.1 74.7 268.9
  74.7 267.8 74.8 266.7 74.9 265.7 74.9 264.7 75.0 263.8 75.1 263.0 75.2 262.2
  75.3 261.5 75.5 260.8 75.6 260.1 75.7 259.4 75.8 258.6 75.9 257.9 76.1 257.1
  76.2 256.4 76.4 255.8 76.5 255.0 76.7 254.3 76.9 253.5 77.1 252.7 77.3 251.9
  77.5 251.0 77.7 250.1 77.9 249.1 78.1 248.1 78.4 247.3 78.7 246.3 78.9 245.4
  79.2 244.3 79.4 243.2 79.7 242.0 79.9 240.8 80.2 239.4 80.5 238.6 80.7 237.8
  81.0 237.0 81.2 236.0 81.4 235.1 81.6 234.0 81.8 233.0 82.0 231.9 82.3 231.4
  82.5 230.9 82.7 230.2 82.9 229.5 83.2 228.8 83.4 227.9 83.7 227.0 83.9 226.1
  84.2 225.0 84.6 225.4 85.0 225.8 85.3 226.4 85.7 227.1 86.0 227.9 86.3 229.0
  86.7 232.4 87.0 236.6 87.3 241.6 87.6 247.8 87.8 255.2 87.9 264.1 88.0 273.9
  88.0 284.3 87.9 294.3 87.8 303.1 87.7 310.5 87.5 316.3 87.2 320.8 87.0 324.2
  86.7 326.8 86.3 328.9 86.0 330.5 85.6 331.9 85.4 330.7 85.2 329.4 85.0 328.1
  84.8 326.8 84.6 325.4 84.4 324.0 84.2 322.4 84.0 321.1 83.8 320.0 83.6 317.6
  83.5 315.5 83.3 313.5 83.1 311.8 83.0 310.2 82.8 308.7 82.6 307.5 82.4 306.3
  82.2 305.3 82.1 304.4 81.9 303.4 81.8 301.9 81.7 300.4 81.6 298.9 81.6 297.3
  81.5 295.8 81.5 294.2 81.5 292.6 81.5 290.9 81.5 289.1 81.5 287.2 81.5 285.3
  81.6 283.4 81.6 281.4 81.7 279.5 81.9 277.5 82.2 275.6 82.4 273.2 82.7 270.8
  83.0 268.3 83.4 265.6 83.7 262.9 84.0 259.9 84.5 256.3 84.9 252.4 85.3 248.1
  85.6 243.3 85.9 238.1 86.1 232.4 86.4 226.0 86.6 218.9 86.7 211.3 86.8 203.5
  86.8 196.0 86.7 188.7 86.7 181.9 86.6 175.2 86.5 168.8 86.4 162.7 86.3 157.1
  86.1 152.0 85.9 147.5 85.8 143.7 85.6 139.9 85.5 136.2 85.4 132.6 85.2 129.3
  85.1 126.3 84.9 123.5 84.7 120.9 84.5 118.6 84.3 116.4 84.1 114.5 83.9 112.7
  83.7 111.5 83.5 110.4 83.3 109.4 83.1 108.5 82.9 107.7 82.7 107.0 82.4 106.3
  82.2 105.7 82.0 105.1 81.8 104.9 81.6 104.7 81.4 104.5 81.2 104.3 81.0 104.1
  80.8 103.8 80.6 103.5 80.3 103.2
  10 30 79  0.0
  72.5 321.4 72.4 321.0 72.3 320.6 72.2 320.2 72.1 320.0 72.1 319.8 72.1 319.7
  72.1 319.6 72.1 319.7 72.0 319.8 72.0 320.0 72.0 320.3 71.9 320.6 71.7 321.0
  71.6 321.3 71.6 321.6 71.5 321.9 71.5 322.0 71.5 322.2 71.5 322.3 71.5 322.3
  71.6 322.3 71.6 322.2 71.7 322.1 71.8 322.0 71.9 321.8 72.1 321.5 72.2 321.1
  72.4 320.7 72.5 320.3 72.7 319.9 72.8 319.6 73.0 319.3 73.1 319.0 73.2 318.8
  73.4 318.7 73.5 318.5 73.7 318.4 73.9 318.3 74.0 318.1 74.1 317.9 74.3 317.6
  74.4 317.2 74.6 316.8 74.7 316.2 74.8 315.6 75.0 314.9 75.1 314.1 75.2 313.2
  75.3 312.2 75.4 311.3 75.5 310.5 75.5 309.7 75.5 309.0 75.6 308.4 75.6 307.8
  75.5 307.2 75.5 306.7 75.4 306.3 75.3 306.0 75.2 305.7 75.1 305.5 75.0 305.2
  74.9 304.9 74.9 304.5 74.8 304.1 74.8 303.7 74.7 303.2 74.7 302.6 74.7 302.1
  74.7 301.4 74.6 300.8 74.7 300.1 74.7 299.3 74.6 298.6 74.6 298.0 74.5 297.4
  74.4 296.8 74.2 296.2 74.1 295.7 73.9 295.2 73.8 294.6 73.7 293.9 73.5 293.2
  73.4 292.5 73.2 291.8 73.2 291.0 73.2 290.2 73.2 289.3 73.2 288.4 73.2 287.3
  73.2 286.2 73.3 285.1 73.3 283.9 73.3 282.6 73.3 281.3 73.3 280.0 73.3 278.6
  73.4 277.3 73.4 275.9 73.4 274.6 73.4 273.4 73.5 272.2 73.5 271.0 73.5 269.8
  73.6 268.7 73.6 267.7 73.7 266.7 73.8 265.7 73.8 264.8 73.9 263.9 74.0 263.0
  74.0 262.1 74.1 261.3 74.2 260.5 74.2 259.8 74.3 259.0 74.4 258.2 74.5 257.4
  74.6 256.6 74.7 255.8 74.8 255.0 74.9 254.2 75.1 253.5 75.2 252.7 75.4 251.8
  75.6 251.0 75.8 250.2 76.0 249.4 76.2 248.6 76.5 247.6 76.7 246.6 77.0 245.5
  77.2 244.5 77.5 243.4 77.7 242.3 77.9 241.2 78.2 240.1 78.4 239.0 78.6 238.0
  78.8 236.9 78.9 235.9 79.1 234.9 79.2 233.9 79.3 233.0 79.5 232.2 79.6 231.3
  79.8 230.4 79.9 229.4 80.1 228.3 80.3 227.2 80.6 226.0 80.8 224.7 81.1 223.3
  81.3 221.9 81.6 220.3 81.9 218.6 82.2 216.8 82.6 215.7 83.0 214.6 83.4 213.3
  83.8 211.8 84.2 210.2 84.7 209.1 85.1 207.7 85.5 206.1 85.9 204.1 86.3 201.8
  86.8 199.7 87.3 196.7 87.7 192.4 88.0 186.2 88.2 177.7 88.4 166.2 88.6 151.5
  88.6 135.2 88.5 119.4 88.4 105.8 88.1  94.8 87.8  86.0 87.6  78.5 87.3  78.2
  87.0  78.0 86.7  77.7 86.4  77.4 86.1  77.1 85.8  76.9 85.5  76.7 85.3  76.4
  85.1  76.2 84.9  76.0 84.7  75.9 84.5  75.7 84.2  75.5 84.0  75.4 83.8  75.2
  83.6  75.1 83.4  74.9 83.1  74.8 82.8  74.6 82.5  74.4 82.2  74.2 81.8  74.0
  81.5  73.9 81.1  73.8 80.8  73.7 80.4  73.6 80.0  73.5 79.7  73.4 79.4  73.3
  79.0  73.2 78.7  73.1 78.4  73.0 78.1  72.8 77.8  72.7 77.5  72.5 77.3  72.4
  77.0  72.3 76.8  72.1 76.6  72.0 76.4  71.8 76.1  71.6 75.9  71.4 75.8  71.3
  75.6  71.2 75.5  71.0 75.3  70.9 75.2  70.7 75.1  70.5 75.0  70.4 74.9  70.2
  74.9  70.0 74.9  69.8 74.9  69.7 75.0  69.5 75.1  69.3 75.2  69.1 75.4  68.9
  75.5  68.7 75.7  68.5 75.9  68.3
  10 31 79  0.0
  72.5 321.4 72.5 320.9 72.6 320.5 72.7 320.1 72.7 319.9 72.9 319.7 73.1 319.5
  73.3 319.5 73.5 319.5 73.7 319.6 73.9 319.8 74.1 320.1 74.2 321.0 74.3 322.2
  74.3 323.3 74.3 324.3 74.1 325.2 73.9 326.0 73.7 326.1 73.5 326.2 73.4 326.2
  73.2 326.2 73.0 326.1 72.8 325.9 72.6 325.7 72.5 325.4 72.3 325.2 72.1 325.0
  72.0 324.9 71.8 325.0 71.7 325.0 71.5 325.2 71.4 325.3 71.2 325.6 71.1 325.8
  70.9 326.1 70.7 326.5 70.6 326.8 70.4 327.2 70.3 327.5 70.2 327.8 70.2 328.0
  70.1 328.2 70.1 328.4 70.2 328.6 70.3 328.8 70.4 329.0 70.5 329.1 70.6 329.2
  70.8 329.3 71.0 329.5 71.1 329.6 71.3 329.8 71.4 330.0 71.5 330.3 71.6 330.5
  71.7 330.8 71.8 331.1 71.9 331.4 72.0 331.8 72.0 332.2 72.0 332.6 72.0 333.0
  72.0 333.3 72.0 333.7 72.0 334.0 72.0 334.3 72.0 334.5 72.0 335.1 71.9 335.7
  71.9 336.3 71.8 337.0 71.6 337.6 71.4 338.2 71.3 338.9 71.1 339.5 70.9 340.1
  70.5 340.8 70.1 341.4 69.7 342.0 69.3 342.1 68.8 342.2 68.3 342.2 67.8 342.1
  67.2 341.4 66.6 340.6 66.0 340.0 65.6 339.4 65.2 338.5 64.8 337.6 64.3 336.8
  63.9 336.1 63.4 334.9 63.2 333.7 62.9 332.6 62.7 331.5 62.6 330.4 62.5 329.4
  62.4 328.5 62.3 327.6 62.4 326.9 62.5 326.2 62.5 325.5 62.6 324.9 62.7 324.4
  62.8 323.8 63.0 323.4 63.3 322.9 63.6 322.5 63.9 322.2 64.2 321.9 64.5 322.4
  64.7 322.9 65.0 323.5 65.2 324.0 65.1 324.6 65.1 325.1 65.0 325.7 64.9 326.1
  64.7 326.6 64.6 327.0 64.4 327.4 64.3 327.8 64.1 328.1 63.9 328.5 63.6 328.1
  63.4 327.8 63.3 327.4 63.3 327.0 63.2 326.7 63.2 326.3 63.1 325.9 63.2 325.5
  63.2 325.1 63.2 324.7 63.3 324.4 63.4 324.2 63.5 324.1 63.6 324.0 63.7 324.1
  63.8 324.2 64.0 324.5 64.1 324.8 64.3 326.0 64.5 327.3 64.7 328.7 64.5 330.2
  64.4 331.7 64.2 333.2 63.7 334.7 63.2 335.5 62.6 336.4 61.7 337.1 60.9 337.3
  60.0 337.4 59.1 336.9 58.3 336.4 57.5 335.8 56.9 334.8 56.4 333.7 56.0 332.6
  55.5 331.2 55.5 329.6 55.6 328.0 55.6 326.3 56.0 324.6 56.4 322.9 57.2 321.4
  58.0 319.9 58.9 318.5 59.9 317.6 60.8 316.8 61.6 316.6 62.4 316.4 63.2 316.8
  63.8 317.2 64.3 317.7 64.8 318.5 65.2 319.3 65.6 320.1 65.7 321.0 65.8 321.8
  65.8 322.7 65.9 323.7 65.9 324.5 65.7 325.4 65.5 326.2 65.3 326.9 65.1 327.5
  64.8 328.0 64.4 328.4 64.0 328.8 63.6 329.0 63.1 328.8 62.7 328.6 62.2 328.5
  61.7 328.3 61.3 327.8 61.0 327.3 60.7 326.7 60.4 326.1 60.2 325.5 60.0 324.8
  59.8 323.9 59.7 323.0 59.6 322.1 59.6 321.3 59.5 320.5 59.5 319.7 59.6 319.0
  59.7 318.3 59.8 317.6 59.9 316.9 60.0 316.2 60.1 315.5 60.2 314.9 60.3 314.3
  60.4 313.7 60.5 313.0 60.6 312.4 60.7 311.8 60.8 311.3 60.9 310.7 61.0 310.2
  61.2 309.8 61.3 309.3 61.5 308.9 61.6 308.5 61.8 308.2 62.0 307.9 62.2 307.7
  62.3 307.5 62.4 307.2 62.5 307.0 62.6 306.8 62.7 306.5 62.8 306.3 62.9 306.0
  63.0 305.8 63.1 305.5 63.1 305.2
