  10  1 48  0.0
  72.5 321.4 72.5 320.6 72.4 319.8 72.4 319.0 72.5 318.3 72.5 317.5 72.5 316.8
  72.4 316.1 72.4 315.4 72.6 314.7 72.7 314.0 72.8 313.3 72.9 312.5 73.0 311.7
  73.1 310.8 73.2 309.8 73.3 308.8 73.3 307.7 73.4 306.5 73.4 305.3 73.4 304.0
  73.5 302.7 73.5 301.3 73.5 299.9 73.5 298.5 73.5 297.1 73.4 295.7 73.4 294.2
  73.4 292.7 73.4 291.2 73.5 289.7 73.5 288.1 73.5 286.5 73.6 284.8 73.6 283.1
  73.6 281.3 73.7 279.5 73.5 277.7 73.4 275.9 73.3 274.2 73.2 272.6 73.1 271.1
  72.9 269.6 72.8 268.2 72.7 266.8 72.6 265.5 72.4 264.2 72.3 263.0 72.2 261.8
  72.1 260.6 71.9 259.5 71.8 258.1 71.7 256.7 71.5 255.4 71.3 254.1 71.1 252.8
  70.9 251.6 70.6 250.5 70.2 249.4 69.8 248.5 69.4 247.3 68.9 246.3 68.4 245.3
  67.9 244.3 67.4 243.2 66.9 242.2 66.4 241.2 65.9 240.2 65.5 239.2 65.0 238.3
  64.4 237.4 63.9 236.6 63.3 235.9 62.7 235.3 62.1 234.7 61.4 234.1 60.7 233.5
  60.0 232.9 59.3 232.4 58.6 231.7 58.0 231.1 57.5 230.5 56.9 229.8 56.3 229.1
  55.7 228.4 55.1 227.5 54.8 226.6 54.4 225.8 54.0 224.9 53.6 224.1 53.2 223.3
  53.0 222.4 52.8 221.6 52.5 220.7 52.3 219.9 52.2 219.0 52.2 218.0 52.1 217.0
  51.9 216.0 51.9 214.9 51.9 213.7 51.8 212.4 51.7 211.1 51.8 209.8 51.9 208.5
  51.9 207.3 52.2 206.1 52.5 205.0 52.8 204.0 53.1 203.0 53.6 202.0 54.0 201.0
  54.5 200.0 55.0 198.9 55.6 197.9 56.1 196.9 56.6 195.9 57.2 195.0 57.7 194.1
  58.2 193.2 58.7 192.4 59.2 191.7 59.6 191.0 60.1 190.4 60.5 190.0 61.0 189.7
  61.4 189.3 61.9 189.1 62.3 188.9 62.8 188.9 63.2 188.9 63.7 189.0 64.1 189.2
  64.6 189.0 65.0 188.8 65.4 188.6 65.8 188.5 66.2 188.3 66.5 188.1 66.9 187.8
  67.1 187.7 67.4 187.6 67.6 187.6 67.9 187.6 68.1 187.8 68.4 188.2 68.6 188.7
  68.8 189.3 69.0 190.0 69.2 190.8 69.4 191.6 69.5 192.6 69.7 193.7 69.8 194.8
  69.9 196.0 69.9 197.3 70.0 198.5 70.1 199.8 70.1 201.1 70.1 202.3 70.1 203.3
  70.1 204.3 70.0 205.3 69.9 206.0 69.8 206.7 69.7 207.4 69.6 208.0 69.4 208.5
  69.3 209.0 69.1 209.4 68.9 209.8 68.7 210.2 68.6 210.6 68.4 210.9 68.2 211.2
  68.0 211.4 67.8 211.6 67.6 211.8 67.4 212.0 67.2 212.2 67.1 212.4 67.0 212.6
  66.8 212.8 66.7 213.0 66.6 213.2 66.4 213.5 66.3 213.7 66.2 213.9 66.1 214.2
  66.0 214.4 65.9 214.7 65.8 215.0 65.7 215.3 65.6 215.6 65.5 215.9 65.4 216.3
  65.3 216.7 65.2 217.1 65.1 217.6 65.0 218.0 64.9 218.5 64.8 219.0 64.7 219.5
  64.6 220.0 64.5 220.5 64.3 221.1 64.2 221.6 64.0 222.1 63.9 222.7 63.8 223.4
  63.6 224.2 63.5 224.9 63.3 225.6 63.2 226.3 63.0 227.0 62.8 227.6 62.7 228.2
  62.4 228.8 62.1 229.3 61.8 229.8 61.4 230.2 61.1 230.5 60.7 230.8 60.4 231.1
  60.0 231.3 59.6 231.2 59.1 231.1 58.7 230.9 58.3 230.7 57.8 230.5 57.3 229.7
  56.8 229.0 56.4 228.1 55.9 227.3 55.5 226.0 55.2 224.7 54.8 223.4 54.5 222.1
  54.3 220.8 54.0 219.4 53.8 217.9
  10  2 48  0.0
  72.5 321.4 72.6 320.5 72.6 319.5 72.7 318.5 72.7 317.4 72.7 316.3 72.7 315.1
  72.7 313.9 72.7 312.7 72.6 311.4 72.6 310.1 72.5 308.8 72.5 307.4 72.4 306.0
  72.4 304.6 72.3 303.2 72.2 301.8 72.2 300.4 72.1 298.9 72.0 297.6 71.9 296.1
  71.8 294.7 71.6 293.3 71.5 291.9 71.3 290.5 71.0 289.1 70.8 287.8 70.4 286.6
  70.1 285.3 69.8 284.1 69.5 283.0 69.1 282.0 68.7 280.9 68.3 279.8 67.7 278.7
  67.3 277.6 66.8 276.4 66.4 275.1 66.0 273.8 65.7 272.3 65.3 270.9 65.0 269.4
  64.7 267.9 64.4 266.4 64.1 265.0 63.8 263.7 63.6 262.8 63.3 261.9 63.1 261.0
  62.9 260.1 62.8 259.2 62.7 258.4 62.7 257.5 62.7 256.6 62.8 255.6 62.8 254.7
  62.9 253.7 63.0 252.7 63.0 251.7 63.0 250.8 62.9 249.8 62.9 248.9 62.8 248.1
  62.6 247.2 62.4 246.4 62.0 245.7 61.7 245.0 61.4 244.4 61.0 243.8 60.7 243.3
  60.3 242.7 60.0 242.1 59.6 241.6 59.3 241.1 59.0 240.5 58.6 239.9 58.3 239.4
  58.0 238.7 57.7 238.1 57.3 237.4 57.0 236.7 56.6 236.0 56.1 235.3 55.6 234.5
  54.9 234.0 54.2 233.5 53.4 233.1 52.6 232.9 51.8 232.6 51.0 232.1 50.2 231.6
  49.7 231.2 49.1 230.5 48.6 229.8 48.1 229.1 47.5 228.5 47.0 227.7 46.8 226.9
  46.5 226.2 46.2 225.4 45.9 224.7 45.6 223.8 45.6 222.9 45.7 221.9 45.7 221.0
  45.7 220.0 46.1 219.0 46.6 218.2 47.0 217.4 47.5 216.6 47.9 215.8 48.6 214.9
  49.2 214.2 49.8 213.3 50.3 212.4 50.7 211.5 51.0 210.4 51.3 209.3 51.6 208.1
  51.8 206.9 52.0 205.6 52.3 204.4 52.5 203.3 52.8 202.1 53.1 200.9 53.5 199.8
  53.8 198.7 54.2 197.5 54.6 196.5 55.1 195.3 55.4 194.2 55.9 193.2 56.4 192.1
  56.9 191.1 57.2 190.2 57.5 189.4 57.9 188.6 58.2 187.8 58.3 187.1 58.4 186.5
  58.5 186.0 58.7 185.4 58.9 184.9 59.1 184.4 59.4 183.9 59.5 183.5 59.6 183.0
  59.7 182.5 59.9 182.0 60.1 181.5 60.4 181.2 60.6 181.0 60.9 180.7 61.2 180.4
  61.5 180.1 61.8 179.8 62.0 179.4 62.1 179.1 62.3 178.9 62.5 178.8 62.7 178.6
  63.0 178.5 63.2 178.3 63.4 178.2 63.7 178.0 63.9 177.8 64.2 177.6 64.5 177.3
  64.8 177.0 65.1 176.6 65.4 176.4 65.7 176.1 66.0 175.8 66.3 175.7 66.7 175.6
  67.0 175.5 67.3 175.5 67.5 175.5 67.8 175.5 68.1 175.7 68.3 175.9 68.6 176.3
  68.9 176.7 69.1 177.0 69.4 177.4 69.6 177.7 69.8 178.1 70.0 178.4 70.3 178.8
  70.5 179.1 70.7 179.4 70.9 179.6 71.1 179.8 71.3 179.9 71.5 180.0 71.8 180.1
  72.0 180.1 72.4 179.9 72.6 179.7 72.8 179.3 73.0 179.0 73.2 178.5 73.4 177.9
  73.6 177.2 73.9 176.4 74.1 175.5 74.2 174.4 74.3 173.4 74.4 172.3 74.6 171.1
  74.6 170.0 74.7 168.8 74.7 167.5 74.7 166.2 74.8 164.9 74.8 163.6 74.7 162.2
  74.7 160.8 74.6 159.3 74.5 157.9 74.4 156.4 74.3 155.0 74.1 153.5 74.0 152.1
  73.8 150.7 73.6 149.4 73.4 148.1 73.2 146.8 73.0 145.5 72.7 144.3 72.5 143.1
  72.2 141.9 72.0 140.7 71.8 139.8 71.6 138.8 71.4 137.9 71.2 137.0 71.0 136.2
  70.8 135.3 70.7 134.5 70.6 133.7
  10  3 48  0.0
  72.5 321.4 72.3 320.4 72.1 319.3 71.8 318.3 71.6 317.6 71.4 316.9 71.3 316.2
  71.1 315.5 70.9 314.7 70.7 313.9 70.5 313.1 70.3 312.2 70.2 311.3 69.9 310.4
  69.6 309.5 69.3 308.7 69.1 307.8 68.7 306.8 68.3 305.9 67.9 305.0 67.6 304.0
  67.4 303.1 67.0 302.1 66.7 301.1 66.4 300.1 66.1 299.1 65.7 298.1 65.4 297.2
  65.1 296.3 64.8 295.3 64.4 294.4 64.1 293.5 63.8 292.7 63.5 292.0 63.2 291.3
  62.9 290.7 62.6 290.1 62.3 289.5 62.0 288.9 61.8 288.4 61.6 287.9 61.2 287.3
  60.9 286.8 60.6 286.2 60.3 285.7 60.1 285.2 60.0 284.6 59.9 283.7 59.7 282.7
  59.7 281.7 59.6 280.7 59.6 279.6 59.7 278.5 59.8 277.3 59.9 276.1 60.1 274.8
  60.1 273.7 60.2 272.6 60.3 271.4 60.1 270.1 60.0 268.9 59.8 267.6 59.4 266.4
  59.0 265.3 58.6 264.2 58.3 263.0 57.9 261.9 57.6 260.8 57.3 259.7 57.1 258.6
  57.0 257.6 56.8 256.5 56.7 255.5 56.7 254.5 56.7 253.5 56.7 252.5 56.7 251.6
  56.5 250.6 56.4 249.7 56.2 248.8 56.0 247.9 55.5 247.3 55.0 246.6 54.5 245.9
  53.9 245.3 53.3 244.7 52.7 244.1 52.2 243.5 51.7 242.9 51.3 242.2 50.9 241.4
  50.5 240.7 50.2 239.9 49.9 239.1 49.6 238.3 49.3 237.5 48.9 236.7 48.6 235.9
  48.1 235.2 47.6 234.4 47.0 233.5 46.4 232.7 45.8 231.8 45.3 230.8 44.9 229.9
  44.4 228.9 43.9 227.9 43.9 227.0 43.8 226.0 43.8 225.0 43.8 224.1 43.8 223.1
  44.1 222.1 44.4 221.2 44.7 220.2 45.0 219.2 45.4 218.2 45.7 217.1 46.1 216.1
  46.4 215.1 46.8 214.1 47.1 213.1 47.5 212.1 47.9 211.0 48.3 210.0 48.7 209.0
  49.1 207.9 49.4 206.7 49.6 205.5 49.9 204.3 50.2 203.0 50.3 201.5 50.3 200.0
  50.0 198.4 49.7 197.1 49.4 195.8 49.0 194.5 48.7 193.3 48.4 192.1 48.2 190.9
  47.9 189.7 47.7 188.6 47.6 187.5 47.4 186.4 47.3 185.4 47.1 184.4 47.0 183.4
  46.9 182.4 46.8 181.4 46.6 180.4 46.5 179.3 46.1 178.2 45.7 177.1 45.3 176.2
  44.9 175.2 44.5 174.2 44.1 173.1 43.7 172.0 43.6 171.1 43.4 170.3 43.1 169.5
  42.9 168.7 42.7 167.9 42.4 167.1 42.1 166.4 41.8 165.6 41.4 165.0 41.1 164.5
  40.8 163.9 40.4 163.3 40.1 162.6 39.7 162.0 39.4 161.4 39.1 160.7 38.8 160.1
  38.5 159.4 38.3 158.6 38.1 157.9 37.9 157.1 37.8 156.5 37.6 155.8 37.5 155.2
  37.5 154.6 37.4 153.9 37.3 153.3 37.2 152.7 37.1 152.1 37.0 151.5 37.0 150.8
  37.0 150.2 36.9 149.5 36.9 148.7 36.8 147.9 36.9 147.1 36.9 146.2 36.9 145.3
  36.9 144.4 36.9 143.3 36.9 142.3 36.9 141.2 36.9 140.1 36.9 139.0 37.0 137.8
  37.0 136.7 37.1 135.5 37.0 134.4 37.0 133.2 37.0 132.1 37.0 131.0 37.0 129.9
  37.0 128.9 37.0 127.8 36.9 126.8 36.9 125.8 36.9 124.9 36.8 123.9 36.7 123.0
  36.7 122.1 36.6 121.2 36.5 120.3 36.4 119.4 36.3 118.5 36.2 117.5 36.1 116.5
  36.0 115.5 35.8 114.8 35.7 114.1 35.5 113.4 35.3 112.7 35.1 112.0 35.1 111.3
  35.1 110.6 35.1 109.9 35.1 109.2 35.1 108.6 35.2 108.0 35.3 107.4 35.4 106.9
  35.5 106.3 35.7 105.8 35.8 105.4
  10  4 48  0.0
  72.5 321.4 72.1 320.6 71.6 319.8 71.1 319.2 70.6 318.6 70.1 318.0 69.7 317.3
  69.3 316.9 69.0 316.4 68.7 315.9 68.4 315.4 68.2 314.9 68.1 314.2 68.0 313.4
  67.9 312.2 67.9 310.9 67.7 309.4 67.5 307.7 67.0 305.8 66.5 303.9 65.8 301.9
  65.2 300.9 64.5 299.8 63.8 298.8 63.1 298.5 62.4 298.1 61.7 297.7 61.0 297.4
  60.4 296.9 59.8 296.5 59.2 295.6 58.6 294.7 58.1 293.8 57.5 292.9 57.0 292.0
  56.5 291.1 55.9 290.2 55.4 289.4 54.9 288.6 54.4 287.9 54.1 287.1 53.9 286.3
  53.7 285.4 53.5 284.5 53.3 283.6 53.2 282.7 53.2 281.7 53.1 280.7 53.0 279.7
  53.0 278.7 53.0 277.7 52.9 276.6 52.8 275.4 52.7 274.3 52.5 273.0 52.4 271.7
  52.2 270.3 52.0 268.9 51.8 267.5 51.6 266.1 51.5 264.7 51.3 263.2 51.3 261.8
  51.3 260.5 51.4 259.2 51.5 258.0 51.5 256.9 51.6 255.8 51.7 254.8 51.9 253.8
  52.0 252.8 52.1 251.8 52.3 250.8 52.5 249.8 52.8 248.9 53.0 248.1 53.3 247.3
  53.6 246.6 54.0 245.9 54.3 245.3 54.7 244.5 55.0 243.7 55.2 243.0 55.4 242.2
  55.5 241.4 55.7 240.6 55.8 239.8 55.9 239.0 56.0 238.3 56.1 237.5 56.1 236.6
  56.2 235.8 56.4 235.0 56.6 234.3 56.8 233.5 57.1 232.8 57.3 232.1 57.5 231.4
  57.8 230.6 58.1 229.9 58.4 229.1 58.7 228.3 59.0 227.4 59.1 226.6 59.3 225.7
  59.4 224.8 59.5 223.7 59.4 222.7 59.4 221.7 59.3 220.8 59.2 220.0 59.0 219.2
  58.9 218.6 58.8 218.0 58.6 217.4 58.5 216.9 58.4 216.5 58.3 216.1 58.2 215.7
  58.2 215.4 58.1 215.0 58.0 214.7 58.0 214.4 57.9 214.3 57.8 214.3 57.7 214.2
  57.6 214.1 57.5 214.0 57.4 214.0 57.3 213.9 57.2 213.9 57.1 213.9 56.9 213.8
  56.8 213.8 56.7 213.8 56.5 213.7 56.4 213.6 56.3 213.5 56.3 213.4 56.2 213.2
  56.2 213.0 56.2 212.8 56.2 212.6 56.2 212.4 56.2 212.1 56.3 211.8 56.3 211.5
  56.2 211.2 56.3 210.9 56.3 210.5 56.3 210.1 56.4 209.7 56.5 209.3 56.6 208.9
  56.7 208.4 56.8 207.9 56.9 207.4 57.0 206.9 57.2 206.4 57.3 205.8 57.4 205.2
  57.5 204.6 57.7 204.0 57.7 203.3 57.8 202.7 57.9 201.9 58.0 201.2 58.1 200.4
  58.2 199.8 58.4 199.1 58.5 198.4 58.7 197.6 58.9 196.8 59.2 196.0 59.5 195.1
  59.8 194.1 60.2 193.2 60.7 192.3 61.2 191.4 61.6 190.4 62.1 189.3 62.7 188.2
  63.3 187.1 63.6 186.1 64.0 185.1 64.4 184.3 64.8 183.4 65.0 182.6 65.2 181.7
  65.4 180.8 65.6 180.0 65.6 179.1 65.6 178.2 65.6 177.3 65.6 176.5 65.6 175.6
  65.5 174.7 65.4 173.9 65.4 173.0 65.3 172.2 65.3 171.4 65.3 170.6 65.3 169.8
  65.3 168.9 65.3 168.1 65.4 167.3 65.4 166.6 65.4 165.8 65.4 165.0 65.5 164.3
  65.5 163.5 65.4 162.7 65.3 161.9 65.2 161.2 65.1 160.3 65.0 159.5 64.9 158.7
  64.7 157.8 64.5 157.0 64.3 156.1 64.1 155.2 63.9 154.3 63.7 153.4 63.5 152.5
  63.3 151.5 63.1 150.5 62.9 149.5 62.7 148.5 62.5 147.5 62.4 146.4 62.4 145.4
  62.3 144.5 62.2 143.7 62.2 142.9 62.2 142.2 62.2 141.5 62.2 140.9 62.2 140.4
  62.2 139.9 62.3 139.5 62.4 139.1
  10  5 48  0.0
  72.5 321.4 72.2 321.5 71.8 321.6 71.5 321.1 71.1 320.6 70.7 320.1 70.3 319.6
  70.0 319.1 69.6 318.0 69.2 316.9 68.8 315.9 68.3 314.9 67.9 314.0 67.4 312.7
  66.9 311.5 66.4 310.4 66.0 309.4 65.5 308.1 65.1 306.9 64.7 305.9 64.3 304.9
  63.9 304.0 63.5 303.3 63.0 302.7 62.5 302.2 61.9 301.8 61.3 301.5 60.6 301.3
  59.8 301.3 59.0 300.6 58.2 300.0 57.3 299.5 56.6 298.4 55.9 297.3 55.2 296.1
  54.5 295.0 53.9 293.7 53.4 292.6 52.9 291.5 52.7 290.4 52.4 289.3 52.1 288.3
  51.8 287.2 51.8 286.2 51.8 285.3 51.8 284.3 51.7 283.3 52.0 282.2 52.2 281.2
  52.4 280.1 52.6 278.9 53.0 277.8 53.4 276.6 53.8 275.4 54.3 274.2 54.9 273.0
  55.4 271.8 55.9 270.5 56.4 269.2 57.0 267.9 57.5 266.6 57.9 265.2 58.4 263.8
  58.8 262.5 59.2 261.2 59.6 259.8 59.9 258.5 60.2 257.1 60.5 256.2 60.8 255.2
  61.1 254.3 61.5 253.4 61.9 252.5 62.2 251.7 62.7 251.1 63.2 250.5 63.8 249.9
  64.3 249.3 64.9 248.4 65.4 247.3 65.9 246.3 66.4 245.2 66.9 243.7 67.3 242.1
  67.7 240.5 68.1 238.9 68.4 237.4 68.7 235.9 68.9 234.5 69.1 233.2 69.3 232.0
  69.6 230.9 69.7 229.9 69.8 228.9 70.0 228.0 70.0 227.1 70.0 226.2 70.0 225.5
  70.1 224.8 70.1 224.2 70.2 223.6 70.1 223.1 70.0 222.6 69.9 222.0 69.9 221.5
  69.8 221.0 69.7 220.6 69.7 220.1 69.7 219.7 69.5 219.3 69.3 218.9 69.2 218.6
  69.0 218.2 68.9 217.8 68.8 217.5 68.6 217.1 68.5 216.8 68.4 216.4 68.3 216.0
  68.2 215.7 68.1 215.3 67.9 214.9 67.8 214.5 67.7 214.0 67.6 213.6 67.5 213.1
  67.4 212.6 67.4 212.1 67.3 211.6 67.3 211.1 67.2 210.6 67.1 210.0 67.1 209.4
  67.1 208.8 67.1 208.2 67.1 207.5 67.0 206.9 66.9 206.4 66.7 205.9 66.6 205.4
  66.5 204.9 66.4 204.5 66.2 204.1 66.1 203.8 65.9 203.5 65.6 203.1 65.4 202.7
  65.1 202.3 64.9 202.0 64.7 201.7 64.4 201.5 64.2 201.3 64.0 201.1 63.7 200.6
  63.5 200.1 63.3 199.6 63.1 199.2 63.0 198.7 62.8 198.2 62.6 197.6 62.4 197.1
  62.3 196.5 62.1 196.0 61.9 195.4 61.7 194.8 61.5 194.1 61.3 193.5 61.1 192.9
  60.8 192.2 60.6 191.6 60.3 191.0 60.0 190.5 59.7 189.8 59.4 189.1 59.0 188.5
  58.6 187.8 58.4 187.2 58.1 186.6 57.9 186.1 57.6 185.1 57.3 184.1 57.0 183.1
  57.0 182.2 57.0 181.2 57.0 180.4 57.0 179.5 57.1 178.7 57.1 178.0 57.2 177.3
  57.1 176.7 57.1 176.2 57.0 175.8 57.0 175.4 56.9 175.1 56.8 174.9 56.7 174.7
  56.5 174.7 56.3 174.6 56.1 174.7 55.8 174.8 55.5 174.3 55.2 173.7 54.8 173.3
  54.4 172.9 53.9 172.5 53.4 171.3 53.3 170.2 53.1 169.2 52.9 168.2 52.7 167.3
  52.6 166.4 52.4 165.6 52.1 164.8 51.9 164.1 51.6 163.0 51.2 162.1 50.8 161.3
  50.4 160.5 49.9 159.8 49.5 158.8 49.1 157.8 48.7 156.8 48.4 155.8 48.1 154.9
  47.9 154.0 47.7 152.8 47.4 151.6 47.3 150.4 47.2 149.2 47.1 148.0 47.0 146.8
  47.0 145.7 47.0 144.7 46.9 143.7 47.0 142.7 47.0 141.8 47.1 141.0 47.1 140.2
  47.1 139.4 47.2 138.7 47.2 138.0
  10  6 48  0.0
  72.5 321.4 72.3 322.1 72.1 322.8 71.9 323.4 71.6 323.4 71.4 323.5 71.1 323.5
  70.9 323.5 70.6 323.5 70.2 323.5 69.9 323.4 69.6 322.7 69.2 322.0 68.8 321.3
  68.4 320.7 68.0 320.0 67.5 318.6 67.2 317.4 66.9 316.1 66.5 315.0 66.4 313.9
  66.2 312.7 66.0 311.6 65.9 310.1 65.8 308.6 65.6 307.1 65.6 305.7 65.6 304.4
  65.6 303.2 65.7 302.1 65.8 301.1 65.8 300.1 65.9 299.2 66.0 298.3 66.1 297.6
  66.2 297.1 66.3 296.6 66.3 296.3 66.3 295.9 66.5 295.4 66.5 294.8 66.6 294.2
  66.6 293.5 66.5 292.7 66.5 291.9 66.5 291.0 66.4 290.0 66.4 289.0 66.3 288.0
  66.2 286.9 66.1 285.8 66.0 284.6 65.8 283.7 65.7 282.8 65.6 281.8 65.5 280.9
  65.3 279.9 65.2 278.9 65.1 278.0 65.0 277.0 64.9 276.1 64.8 275.1 65.0 274.1
  65.1 273.1 65.2 272.0 65.6 270.8 66.0 269.4 66.4 268.4 66.8 267.2 67.3 265.9
  67.7 264.5 68.1 263.1 68.6 262.0 69.1 260.9 69.6 259.7 70.1 258.5 70.6 257.9
  71.2 257.4 71.7 256.8 72.2 256.2 72.7 256.2 73.2 256.2 73.7 256.2 74.2 256.2
  74.7 256.7 75.2 257.3 75.6 257.9 75.9 258.6 76.3 259.4 76.6 260.4 76.9 261.4
  77.1 262.5 77.4 263.6 77.6 264.8 77.7 266.0 77.9 267.2 78.0 268.3 78.1 269.3
  78.2 270.2 78.3 271.0 78.4 271.8 78.5 272.6 78.6 273.2 78.6 273.9 78.7 274.4
  78.7 274.9 78.8 275.3 78.9 275.7 78.9 276.0 79.0 276.2 79.1 276.4 79.1 276.6
  79.1 276.8 79.2 276.9 79.2 277.1 79.3 277.2 79.3 277.3 79.4 277.4 79.4 277.5
  79.5 277.5 79.5 277.6 79.6 277.6 79.6 277.6 79.7 277.6 79.7 277.6 79.8 277.6
  79.8 277.6 79.8 277.6 79.9 277.6 79.9 277.5 80.0 277.5 80.0 277.4 80.1 277.6
  80.2 277.8 80.2 277.9 80.3 278.0 80.3 278.1 80.4 278.2 80.5 278.3 80.5 278.3
  80.6 278.3 80.7 278.4 80.8 278.3 80.8 278.3 80.9 278.2 81.0 278.2 81.1 278.1
  81.1 278.0 81.2 277.8 81.3 277.7 81.4 277.5 81.4 277.3 81.5 277.1 81.6 276.8
  81.7 276.6 81.7 276.3 81.8 276.0 81.9 275.6 82.0 275.3 82.1 274.9 82.3 275.7
  82.5 276.5 82.7 277.3 82.9 278.2 83.2 279.2 83.5 280.4 83.7 281.6 84.0 283.1
  84.4 285.6 84.7 288.5 85.0 291.9 85.2 295.8 85.4 300.3 85.5 305.3 85.5 310.7
  85.6 316.3 85.5 321.8 85.3 326.7 85.2 330.7 84.9 334.1 84.6 337.0 84.3 339.5
  84.0 341.7 83.7 342.5 83.4 343.3 83.0 344.1 82.7 344.9 82.4 345.7 82.0 346.5
  81.7 347.3 81.4 347.5 81.1 347.6 80.8 347.9 80.5 348.1 80.2 348.4 80.0 348.8
  79.8 348.7 79.6 348.6 79.4 348.6 79.2 348.7 79.0 348.8 78.8 348.9 78.6 349.1
  78.4 349.3 78.2 349.6 78.0 349.9 77.8 350.2 77.7 350.5 77.5 350.7 77.4 350.9
  77.3 351.1 77.2 351.3 77.1 351.4 77.0 351.5 76.9 351.6 76.8 351.6 76.8 351.5
  76.7 351.5 76.6 351.4 76.6 351.2 76.5 351.0 76.5 350.7 76.5 350.4 76.4 350.0
  76.4 349.6 76.4 349.1 76.4 348.5 76.4 347.9 76.3 347.1 76.3 346.3 76.2 345.5
  76.2 344.5 76.2 343.5 76.1 342.4 76.1 341.3 76.0 340.1 76.0 338.9 75.9 337.5
  75.8 336.1 75.8 334.7 75.7 333.3
  10  7 48  0.0
  72.5 321.4 72.4 322.3 72.3 323.1 72.2 323.9 72.2 324.6 72.1 325.4 72.0 326.1
  72.0 326.7 71.9 327.0 71.8 327.3 71.8 327.6 71.7 327.9 71.7 328.3 71.7 328.6
  71.6 328.9 71.6 329.2 71.5 329.5 71.4 329.7 71.3 329.9 71.2 330.0 71.1 330.1
  70.9 330.2 70.8 330.2 70.5 330.2 70.3 330.2 70.1 330.1 69.8 330.0 69.5 329.3
  69.2 328.7 68.8 328.0 68.4 327.3 68.0 326.7 67.5 325.3 67.1 324.0 66.6 322.6
  66.2 321.4 65.7 320.1 65.2 318.3 64.9 316.5 64.5 314.8 64.4 313.2 64.2 311.7
  64.3 310.2 64.4 308.7 64.4 307.2 64.6 305.7 64.7 304.3 64.8 303.0 65.1 301.7
  65.3 300.4 65.5 299.2 65.7 298.0 65.9 296.9 66.1 295.8 66.3 294.9 66.5 294.0
  66.6 293.2 66.8 292.4 66.9 291.7 67.1 291.0 67.3 290.4 67.5 289.8 67.7 289.1
  67.8 288.4 67.9 287.5 67.9 286.6 68.0 285.6 68.0 284.6 68.0 283.5 68.0 282.3
  68.0 281.1 67.9 279.9 67.9 278.6 67.8 277.4 67.8 276.2 67.7 275.0 67.8 273.8
  67.8 272.6 67.8 271.5 68.0 270.3 68.2 269.1 68.3 268.2 68.6 267.2 68.8 266.3
  69.1 265.3 69.4 264.2 69.7 263.1 70.1 261.9 70.4 261.4 70.8 260.8 71.1 260.3
  71.5 259.7 71.9 259.2 72.3 258.6 72.7 258.6 73.1 258.7 73.5 258.8 73.9 258.9
  74.3 259.0 74.8 259.6 75.2 260.3 75.5 261.0 75.9 261.9 76.2 262.8 76.5 264.0
  76.8 265.2 77.1 266.6 77.3 268.0 77.4 269.6 77.5 271.2 77.7 272.8 77.7 274.4
  77.7 276.0 77.8 277.4 77.7 278.8 77.7 280.0 77.6 281.1 77.5 282.1 77.5 282.9
  77.4 283.7 77.3 284.3 77.1 284.8 77.0 285.1 76.9 285.4 76.8 285.6 76.6 285.7
  76.5 285.7 76.3 285.6 76.2 285.4 76.0 285.2 75.8 284.9 75.7 284.3 75.5 283.6
  75.4 282.9 75.2 282.3 75.0 281.7 74.8 281.1 74.5 280.5 74.3 280.0 73.9 279.5
  73.6 278.7 73.3 278.1 72.9 277.5 72.5 276.9 72.0 276.4 71.5 275.9 71.0 275.1
  70.6 274.3 70.0 273.6 69.5 272.9 68.9 271.9 68.5 270.8 68.1 269.7 67.6 268.6
  67.2 266.9 66.9 265.2 66.5 263.4 66.2 261.7 65.8 260.1 65.4 258.6 65.1 257.1
  64.8 255.8 64.7 254.5 64.6 253.2 64.5 252.0 64.5 250.7 64.5 249.5 64.5 248.4
  64.6 247.3 64.6 246.2 64.6 245.1 64.6 244.2 64.6 243.3 64.6 242.4 64.5 241.6
  64.5 240.9 64.4 240.2 64.3 239.5 64.3 238.9 64.2 238.3 64.2 237.8 64.1 237.2
  64.0 236.7 63.9 236.2 63.7 235.7 63.7 235.2 63.7 234.6 63.6 234.1 63.5 233.5
  63.5 232.9 63.3 232.3 63.2 231.7 63.2 231.1 63.1 230.4 63.1 229.8 63.0 229.1
  62.9 228.5 62.8 227.8 62.9 227.2 62.9 226.5 63.0 225.9 63.1 225.2 63.1 224.6
  63.2 223.9 63.4 223.2 63.6 222.5 63.9 221.9 64.1 221.2 64.3 220.6 64.5 220.0
  64.7 219.4 65.0 218.9 65.2 218.3 65.5 217.8 65.7 217.3 65.9 216.8 66.2 216.2
  66.4 215.9 66.7 215.6 66.9 215.3 67.2 214.9 67.4 214.6 67.6 214.3 67.8 213.9
  68.0 213.6 68.2 213.3 68.4 213.0 68.6 212.6 68.8 212.3 69.0 211.9 69.2 211.5
  69.5 211.1 69.7 210.7 70.0 210.3 70.2 209.8 70.5 209.5 70.7 209.2 71.0 208.9
  71.2 208.6 71.5 208.2 71.7 207.9
  10  8 48  0.0
  72.5 321.4 72.5 322.0 72.4 322.5 72.4 323.1 72.3 323.7 72.2 324.2 72.1 324.7
  72.0 325.2 71.9 325.7 71.8 325.7 71.7 325.7 71.6 325.7 71.5 325.7 71.4 325.8
  71.3 325.8 71.2 325.9 71.0 325.9 70.9 326.0 70.8 326.1 70.6 326.2 70.5 326.3
  70.4 326.4 70.2 326.5 70.1 326.7 70.0 326.8 69.9 326.6 69.7 326.4 69.6 326.2
  69.5 326.1 69.4 326.0 69.3 325.9 69.2 325.8 69.1 325.7 69.0 325.7 68.9 325.6
  68.8 325.6 68.8 325.6 68.7 325.7 68.6 325.7 68.5 325.6 68.3 325.6 68.2 325.4
  68.0 325.3 67.8 324.4 67.6 323.4 67.4 322.5 67.1 321.5 66.9 320.5 66.6 319.6
  66.5 318.6 66.3 317.6 66.1 316.7 65.9 315.7 66.0 314.0 66.0 312.3 66.1 311.2
  66.3 310.1 66.6 309.0 66.8 307.9 67.3 306.7 67.7 305.4 68.1 303.9 68.5 302.8
  68.9 301.7 69.2 300.5 69.5 299.2 69.7 297.9 69.8 296.5 69.9 295.2 70.0 293.8
  70.0 292.5 70.1 291.8 70.1 291.2 70.0 290.6 70.0 290.0 70.0 289.4 70.0 288.3
  70.0 287.3 70.0 286.2 69.9 285.2 69.9 284.3 69.9 283.3 69.9 282.3 69.9 281.4
  69.9 280.5 69.9 279.5 69.8 278.5 69.7 277.5 69.7 276.5 69.6 275.4 69.6 274.3
  69.5 273.2 69.5 272.2 69.5 271.1 69.5 270.0 69.5 269.0 69.6 267.9 69.7 266.8
  69.8 265.8 69.9 264.7 70.0 263.5 70.2 263.1 70.5 262.6 70.7 262.1 70.9 261.6
  71.2 261.1 71.4 260.6 71.7 260.0 72.0 259.4 72.4 259.3 72.7 259.3 73.1 259.3
  73.4 259.3 73.8 259.3 74.1 259.3 74.5 259.9 74.9 260.5 75.2 261.1 75.6 261.8
  75.9 262.6 76.2 263.4 76.5 264.4 76.8 265.6 77.1 266.9 77.3 268.2 77.5 269.6
  77.7 271.1 77.8 272.7 77.9 274.4 77.9 276.0 77.9 277.7 77.9 279.5 77.9 281.1
  77.8 282.8 77.7 284.3 77.6 285.7 77.4 286.9 77.2 287.9 77.1 288.8 76.9 289.5
  76.7 290.1 76.5 290.6 76.2 291.0 76.0 291.3 75.8 291.4 75.6 291.4 75.4 291.3
  75.2 291.0 74.9 290.7 74.7 290.4 74.4 289.9 74.2 289.4 73.9 288.9 73.7 288.0
  73.4 287.2 73.2 286.3 72.9 285.4 72.6 284.5 72.2 283.6 71.9 282.8 71.5 281.8
  71.1 280.9 70.7 280.1 70.2 279.3 69.7 278.5 69.2 277.6 68.7 276.8 68.1 275.9
  67.6 275.1 67.1 274.0 66.7 273.0 66.2 271.8 65.9 270.6 65.6 269.2 65.4 267.8
  65.1 266.2 64.8 264.6 64.5 263.0 64.1 261.4 63.6 259.8 63.3 258.4 62.9 257.0
  62.5 255.6 62.4 254.2 62.3 252.9 62.2 251.5 62.2 250.2 62.3 248.9 62.3 247.6
  62.3 246.3 62.3 245.2 62.2 244.1 62.2 243.0 62.2 242.1 62.1 241.2 62.0 240.3
  61.9 239.6 61.9 238.8 62.0 238.2 62.0 237.5 62.0 236.9 62.0 236.4 61.9 235.9
  62.1 235.5 62.2 235.0 62.3 234.5 62.4 234.0 62.4 233.4 62.5 232.9 62.5 232.3
  62.5 231.7 62.5 231.1 62.6 230.5 62.6 229.8 62.6 229.2 62.6 228.5 62.5 227.8
  62.6 227.2 62.7 226.5 62.8 225.8 62.8 225.1 62.9 224.4 62.9 223.7 63.1 223.0
  63.3 222.3 63.5 221.6 63.8 220.9 64.0 220.2 64.2 219.4 64.4 218.8 64.7 218.1
  64.9 217.5 65.2 216.9 65.4 216.3 65.7 215.8 65.9 215.2 66.1 214.7 66.4 214.3
  66.6 214.0 66.9 213.6 67.1 213.2
  10  9 48  0.0
  72.5 321.4 72.3 321.2 72.2 321.1 72.0 321.0 71.9 321.0 71.8 320.8 71.7 320.7
  71.6 320.6 71.6 320.5 71.5 320.5 71.5 320.5 71.5 320.5 71.5 320.6 71.5 320.6
  71.5 320.7 71.5 320.8 71.4 320.9 71.4 321.0 71.4 321.1 71.4 321.2 71.3 321.3
  71.3 321.4 71.2 321.5 71.1 321.7 71.0 321.8 70.9 321.9 70.8 322.1 70.7 322.2
  70.6 322.4 70.5 322.5 70.3 322.7 70.1 322.8 70.0 322.9 69.8 322.5 69.6 322.2
  69.4 321.8 69.1 321.5 68.9 321.1 68.7 320.8 68.4 320.5 68.2 320.3 68.0 320.0
  67.7 319.2 67.5 318.4 67.3 317.6 67.1 316.8 66.9 316.0 66.8 315.2 66.8 314.3
  66.7 313.5 66.6 312.6 66.6 311.7 66.7 310.8 66.8 309.8 66.9 308.7 67.0 307.6
  67.1 306.5 67.3 305.2 67.4 303.9 67.5 302.6 67.7 301.2 67.8 299.7 68.0 298.2
  68.3 297.5 68.5 296.8 68.7 295.9 69.0 295.0 69.2 294.0 69.4 292.9 69.6 291.8
  69.7 290.5 69.9 289.1 69.9 287.6 70.0 286.1 70.1 285.4 70.1 284.7 70.1 283.9
  70.2 283.1 70.2 282.3 70.2 281.5 70.1 280.7 70.1 279.9 70.3 279.0 70.5 278.2
  70.6 277.3 70.8 276.4 70.9 275.5 71.1 274.6 71.4 273.7 71.5 272.7 71.7 271.8
  72.0 270.9 72.2 270.0 72.4 270.2 72.6 270.4 72.8 270.7 73.0 270.9 73.1 271.2
  73.3 271.4 73.4 271.7 73.5 271.9 73.6 272.2 73.6 272.5 73.6 272.8 73.7 273.0
  73.7 273.3 73.6 273.5 73.6 273.8 73.6 274.0 73.6 274.2 73.5 274.4 73.5 274.6
  73.5 274.8 73.5 275.0 73.5 275.1 73.5 275.3 73.6 275.4 73.6 275.6 73.7 275.7
  73.8 275.9 73.8 276.0 73.9 276.1 74.0 276.2 74.1 277.0 74.2 277.7 74.3 278.4
  74.4 279.2 74.6 280.0 74.7 280.7 74.8 281.5 74.9 282.4 74.9 283.2 75.0 284.1
  74.9 285.0 74.9 285.9 74.8 286.8 74.7 287.8 74.6 288.7 74.4 289.6 74.2 290.5
  73.9 291.4 73.6 291.6 73.4 291.9 73.1 292.2 72.6 292.5 72.0 292.8 71.4 293.1
  70.9 292.4 70.3 291.8 69.8 291.4 69.3 290.4 68.8 289.6 68.2 288.9 67.6 288.3
  67.0 287.4 66.7 286.6 66.3 285.8 65.9 285.1 65.6 283.9 65.4 282.8 65.2 281.7
  65.0 280.7 64.8 279.7 64.7 278.7 64.7 277.7 64.6 276.8 64.5 275.8 64.5 274.9
  64.5 274.1 64.4 273.2 64.4 272.4 64.3 271.6 64.3 270.8 64.4 270.0 64.4 269.3
  64.4 268.6 64.4 267.9 64.5 267.3 64.6 266.6 64.7 266.0 64.7 265.5 64.7 265.0
  64.8 264.4 64.8 263.7 64.9 263.0 65.0 262.2 65.1 261.4 65.2 260.5 65.2 259.6
  65.4 258.7 65.5 257.7 65.6 256.7 65.7 255.6 65.9 254.5 66.0 253.4 66.2 252.3
  66.3 251.2 66.6 250.1 66.9 249.0 67.1 248.0 67.4 246.9 67.8 245.9 68.1 244.9
  68.5 244.4 68.9 244.1 69.2 243.7 69.6 243.3 70.0 242.9 70.5 242.8 70.8 242.6
  71.2 242.4 71.5 242.1 71.9 241.8 72.2 241.5 72.5 241.3 72.8 241.0 73.0 240.7
  73.3 240.4 73.5 240.0 73.7 239.6 73.9 239.2 74.1 238.7 74.3 238.4 74.5 238.0
  74.6 237.5 74.8 237.1 74.9 236.5 75.1 236.0 75.2 235.4 75.3 234.8 75.4 234.2
  75.5 233.6 75.6 233.2 75.7 232.8 75.7 232.5 75.8 232.2 75.9 232.0 75.9 232.0
  76.0 231.9 76.0 232.0 76.0 232.1
  10 10 48  0.0
  72.5 321.4 72.2 320.8 72.0 320.1 71.7 319.7 71.5 319.2 71.2 318.7 71.0 318.1
  70.8 317.6 70.5 317.1 70.3 316.5 70.0 315.9 69.8 315.4 69.6 314.9 69.5 314.4
  69.3 314.0 69.1 313.5 69.0 313.0 68.8 312.6 68.7 312.1 68.5 311.7 68.4 311.3
  68.3 311.0 68.1 310.6 68.0 310.3 67.8 310.1 67.7 309.8 67.6 309.6 67.4 309.4
  67.3 309.2 67.2 309.0 67.0 308.8 66.9 308.7 66.7 308.6 66.6 308.5 66.4 308.4
  66.2 308.3 66.0 308.3 65.8 308.3 65.7 307.6 65.7 306.9 65.8 306.1 65.9 305.1
  65.9 304.1 66.0 302.9 66.3 301.6 66.7 300.9 67.0 300.1 67.3 299.1 67.8 298.0
  68.3 296.7 68.7 296.1 69.1 295.3 69.5 294.5 70.0 293.5 70.3 292.3 70.7 292.2
  71.1 292.1 71.4 292.0 71.7 291.9 72.0 291.8 72.4 293.3 72.6 294.9 72.8 296.6
  72.9 298.4 73.0 300.1 73.1 301.9 73.2 303.6 73.2 305.3 73.2 307.0 73.3 308.7
  73.3 310.3 73.2 311.8 73.2 313.3 73.2 314.7 73.2 316.0 73.1 317.3 73.1 318.4
  73.1 319.5 73.0 320.5 73.0 321.5 72.9 322.4 72.9 323.3 72.8 324.2 72.8 325.0
  72.8 325.8 72.8 326.6 72.7 327.3 72.6 328.0 72.6 328.7 72.5 329.3 72.4 329.8
  72.3 330.3 72.2 330.7 72.1 331.0 71.9 331.4 71.7 331.3 71.5 331.3 71.3 331.2
  71.0 331.0 70.7 330.8 70.4 330.6 70.1 330.4 69.7 330.1 69.3 329.3 68.9 328.5
  68.4 327.7 67.9 326.8 67.5 325.4 66.9 324.0 66.5 322.6 66.0 321.2 65.5 319.4
  65.1 317.6 64.7 315.8 64.5 314.2 64.3 312.6 64.1 311.1 64.1 309.6 64.0 308.1
  63.9 306.7 63.9 305.1 63.9 303.5 64.1 302.1 64.2 300.9 64.4 299.9 64.6 298.8
  64.7 297.9 64.9 296.9 65.0 296.0 65.2 295.2 65.4 294.4 65.6 293.7 65.7 293.0
  65.9 292.3 66.1 291.6 66.3 291.0 66.4 290.3 66.5 289.6 66.6 288.8 66.7 287.9
  66.7 286.9 66.7 285.9 66.7 284.8 66.7 283.7 66.7 282.6 66.6 281.4 66.6 280.3
  66.5 279.1 66.4 278.0 66.4 276.9 66.3 275.8 66.3 274.7 66.4 273.7 66.4 272.7
  66.5 271.7 66.8 270.8 67.1 269.8 67.4 268.7 67.7 267.5 68.1 266.3 68.4 265.3
  68.8 264.3 69.2 263.3 69.5 262.2 69.9 261.0 70.3 259.7 70.8 259.2 71.2 258.6
  71.7 258.1 72.1 257.5 72.6 257.5 73.0 257.6 73.5 257.6 73.9 257.7 74.4 257.8
  74.8 258.4 75.2 259.0 75.6 259.8 76.0 260.6 76.4 261.7 76.7 262.8 77.0 264.1
  77.2 265.5 77.4 266.8 77.6 268.3 77.7 269.7 77.8 271.1 77.9 272.5 77.9 273.8
  78.0 275.1 78.0 276.2 78.0 277.3 78.0 278.2 77.9 279.1 77.9 279.8 77.9 280.3
  77.9 280.8 77.8 281.2 77.8 281.4 77.7 281.6 77.7 281.7 77.6 281.7 77.6 281.6
  77.5 281.4 77.4 281.2 77.4 280.9 77.3 280.6 77.3 280.3 77.2 280.0 77.1 279.7
  77.0 279.4 76.9 279.2 76.8 278.9 76.7 278.7 76.6 278.4 76.4 278.2 76.3 277.9
  76.1 277.7 75.9 277.5 75.7 277.0 75.5 276.5 75.3 276.1 75.0 275.7 74.7 275.3
  74.4 275.0 74.1 274.6 73.7 274.3 73.3 273.8 72.9 273.2 72.4 272.8 71.9 272.3
  71.4 271.4 71.0 270.5 70.5 269.6 70.0 268.8 69.5 267.5 69.2 266.3 68.9 265.0
  68.5 263.9 68.3 262.8 68.0 261.7
  10 11 48  0.0
  72.5 321.4 72.3 320.7 72.1 320.0 71.9 319.3 71.7 318.9 71.5 318.5 71.4 318.1
  71.2 317.7 71.1 317.3 71.0 316.8 70.8 316.4 70.7 315.9 70.6 315.3 70.6 314.8
  70.5 314.2 70.4 313.6 70.3 313.0 70.2 312.4 70.1 311.7 70.0 311.0 70.0 310.4
  69.9 309.7 69.8 309.0 69.7 308.3 69.6 307.5 69.6 306.7 69.6 305.9 69.5 304.9
  69.5 304.0 69.5 303.0 69.6 301.9 69.6 300.9 69.6 299.8 69.8 298.7 69.9 297.6
  70.1 296.5 70.3 295.6 70.5 294.7 70.7 293.8 70.8 292.9 71.0 292.0 71.2 291.1
  71.4 290.3 71.5 289.5 71.7 288.6 71.9 287.8 72.0 287.0 72.1 286.2 72.2 285.8
  72.4 285.4 72.6 285.1 72.8 284.9 73.0 284.6 73.2 284.4 73.5 284.2 73.7 284.0
  73.9 283.9 74.2 283.9 74.4 284.3 74.7 284.8 75.0 285.4 75.3 286.1 75.5 286.9
  75.8 287.9 76.0 288.9 76.2 290.2 76.4 291.5 76.6 293.0 76.8 294.6 76.9 296.3
  77.1 298.1 77.2 300.1 77.4 302.2 77.5 304.4 77.7 306.6 77.9 308.9 78.2 311.1
  78.5 312.4 78.8 313.8 79.2 315.2 79.6 316.7 80.0 318.3 80.6 318.2 81.1 318.2
  81.7 318.1 82.2 317.9 82.9 315.7 83.4 313.1 83.8 309.8 84.1 305.9 84.4 300.0
  84.7 293.7 84.8 287.4 84.8 281.1 84.7 275.2 84.7 269.6 84.6 264.4 84.5 259.4
  84.4 254.8 84.3 250.5 84.2 246.5 84.1 242.7 83.9 239.1 83.8 236.4 83.7 233.9
  83.5 231.5 83.4 229.2 83.3 227.1 83.1 225.0 82.9 223.0 82.7 221.2 82.5 219.4
  82.3 217.7 82.1 216.1 81.9 214.6 81.7 213.3 81.6 212.0 81.4 210.8 81.2 209.7
  81.0 208.6 80.8 207.6 80.6 206.6 80.4 205.7 80.2 204.8 79.9 204.0 79.8 203.3
  79.6 202.6 79.4 202.0 79.2 201.3 79.0 200.7 78.9 200.1 78.7 199.5 78.5 198.9
  78.3 198.3 78.1 197.8 78.0 197.2 77.8 196.8 77.6 196.3 77.5 195.9 77.3 195.4
  77.2 194.9 77.0 194.5 76.9 194.0 76.7 193.6 76.6 193.1 76.4 192.7 76.3 192.2
  76.1 191.8 76.0 191.4 75.8 191.0 75.7 190.7 75.6 190.4 75.4 190.1 75.3 189.8
  75.1 189.6 75.0 189.3 74.8 189.1 74.6 188.8 74.5 188.6 74.3 188.4 74.2 188.1
  74.0 187.9 73.9 187.6 73.7 187.7 73.6 187.7 73.5 187.7 73.4 187.8 73.3 187.8
  73.1 187.8 73.0 187.8 72.9 187.9 72.8 187.9 72.7 187.9 72.6 187.9 72.4 187.9
  72.3 187.9 72.2 187.9 72.1 187.9 72.0 187.9 71.9 187.9 71.8 188.2 71.8 188.6
  71.7 189.0 71.7 189.5 71.6 190.0 71.5 190.5 71.5 191.1 71.4 191.7 71.4 192.3
  71.4 193.0 71.3 193.7 71.3 194.4 71.2 195.1 71.2 195.9 71.1 196.7 71.1 197.6
  71.0 198.4 70.9 199.2 70.8 200.0 70.6 200.9 70.4 201.6 70.2 202.4 69.9 203.1
  69.6 203.9 69.3 204.6 68.9 205.2 68.5 205.9 68.1 206.4 67.7 206.9 67.3 207.4
  66.8 207.9 66.3 208.4 65.9 208.8 65.4 209.1 64.9 209.5 64.5 209.8 64.0 210.0
  63.5 210.2 63.0 210.4 62.5 210.5 61.9 210.6 61.4 210.5 60.9 210.5 60.4 210.4
  59.9 210.3 59.4 210.2 59.0 210.0 58.5 209.9 58.1 209.7 57.8 209.6 57.5 209.5
  57.2 209.3 56.9 209.0 56.7 208.7 56.4 208.4 56.2 208.0 56.0 207.5 55.9 206.9
  55.7 206.2 55.5 205.5 55.3 204.6
  10 12 48  0.0
  72.5 321.4 72.4 320.9 72.2 320.5 72.1 319.9 71.9 319.4 71.7 319.1 71.5 318.8
  71.3 318.5 71.1 318.2 70.9 317.9 70.6 317.7 70.4 317.4 70.1 317.1 69.8 316.9
  69.5 316.8 69.3 316.6 69.1 316.5 68.9 316.4 68.7 316.3 68.5 316.1 68.3 316.0
  68.2 315.9 68.0 315.7 67.9 315.6 67.8 315.5 67.7 315.5 67.7 315.6 67.6 315.6
  67.6 315.7 67.6 315.7 67.6 315.9 67.7 316.0 67.7 316.2 67.8 316.4 67.8 316.7
  67.9 317.0 68.0 317.4 68.0 317.9 68.1 317.8 68.2 317.7 68.2 317.6 68.2 317.4
  68.2 317.3 68.2 317.1 68.2 316.9 68.2 316.7 68.2 316.4 68.1 316.2 68.1 315.9
  68.0 315.6 68.0 315.3 68.0 314.9 68.0 314.9 67.9 314.8 67.9 314.8 67.8 314.7
  67.8 314.6 67.7 314.4 67.7 314.3 67.6 314.1 67.5 313.9 67.5 313.6 67.4 313.4
  67.3 313.2 67.2 312.9 67.2 312.7 67.1 312.5 67.0 312.2 66.9 312.0 66.8 311.8
  66.8 311.6 66.7 311.4 66.6 311.2 66.6 311.0 66.5 310.8 66.4 310.6 66.3 310.5
  66.2 310.3 66.1 310.2 65.9 310.1 65.8 309.7 65.7 309.3 65.6 308.8 65.4 308.3
  65.3 307.7 65.4 307.0 65.5 306.3 65.6 305.4 65.7 304.4 65.7 303.3 66.1 302.1
  66.5 301.5 66.8 300.8 67.1 300.0 67.6 299.0 68.1 297.9 68.5 297.5 68.9 296.9
  69.3 296.2 69.6 295.5 70.0 294.6 70.5 294.8 70.8 294.9 71.2 295.1 71.5 295.2
  71.7 295.4 72.0 295.7 72.2 295.9 72.4 297.6 72.6 299.3 72.7 301.1 72.8 302.9
  72.8 304.6 72.8 306.4 72.9 308.1 72.8 309.7 72.8 311.3 72.8 312.8 72.7 314.2
  72.7 315.5 72.6 316.8 72.5 317.9 72.4 319.0 72.4 320.0 72.3 321.0 72.2 321.9
  72.1 322.8 72.0 323.6 71.9 324.4 71.9 324.7 71.8 325.0 71.8 325.4 71.7 325.7
  71.7 326.1 71.6 326.4 71.5 326.7 71.4 327.0 71.3 327.3 71.2 327.4 71.0 327.6
  70.9 327.7 70.7 327.8 70.5 327.9 70.2 327.9 70.0 327.9 69.7 327.4 69.4 326.9
  69.1 326.4 68.7 325.8 68.4 325.3 68.0 324.7 67.5 323.4 67.2 322.1 66.8 320.9
  66.3 319.7 66.1 318.5 65.8 317.4 65.4 315.6 65.4 313.9 65.4 312.3 65.3 310.8
  65.4 309.2 65.5 307.6 65.8 306.0 66.0 304.5 66.3 303.4 66.6 302.3 66.8 301.2
  67.1 300.0 67.3 298.9 67.5 297.8 67.7 296.8 67.8 295.7 67.9 294.7 68.0 293.7
  68.2 293.0 68.3 292.4 68.4 291.8 68.5 291.2 68.6 290.7 68.8 290.3 68.9 289.8
  69.0 289.3 69.1 288.7 69.1 288.0 69.1 287.3 69.1 286.4 69.1 285.5 69.1 284.5
  69.1 283.5 69.1 282.4 69.1 281.3 69.0 280.2 69.0 279.1 69.0 278.0 68.9 277.0
  68.9 275.9 68.9 274.9 69.0 273.9 69.1 272.9 69.1 272.0 69.3 271.0 69.5 270.1
  69.7 269.2 69.9 268.2 70.2 267.2 70.5 266.7 70.8 266.2 71.1 265.8 71.4 265.3
  71.7 264.8 72.0 264.3 72.3 263.9 72.7 264.1 73.0 264.3 73.4 264.6 73.7 264.9
  74.0 265.2 74.3 265.6 74.6 266.5 74.9 267.5 75.2 268.6 75.4 269.8 75.6 271.1
  75.8 272.5 75.9 273.9 75.9 275.4 76.0 276.9 76.0 278.5 75.9 280.0 75.8 281.5
  75.6 282.8 75.5 284.0 75.3 285.1 75.1 286.0 74.8 286.8 74.6 287.5 74.4 288.0
  74.1 288.4 73.8 288.7 73.5 288.6
  10 13 48  0.0
  72.5 321.4 72.5 321.2 72.6 321.0 72.6 320.9 72.7 320.7 72.7 320.5 72.7 320.3
  72.7 320.1 72.7 319.9 72.7 319.8 72.7 319.6 72.7 319.4 72.7 319.3 72.7 319.1
  72.7 318.9 72.6 318.7 72.6 318.5 72.5 318.2 72.5 318.0 72.4 317.7 72.3 317.3
  72.2 317.0 72.1 316.6 71.9 316.2 71.8 315.9 71.6 315.6 71.5 315.3 71.3 314.9
  71.1 314.6 70.9 314.3 70.6 314.0 70.4 313.8 70.1 313.5 69.9 313.2 69.6 313.0
  69.4 312.8 69.1 312.7 68.8 312.5 68.5 312.4 68.2 312.2 68.0 312.0 67.8 311.7
  67.6 311.4 67.5 311.0 67.4 310.7 67.3 310.4 67.2 310.0 67.1 309.6 67.1 309.3
  67.1 308.9 67.1 308.5 67.1 308.0 67.1 307.6 67.2 307.1 67.3 306.5 67.5 306.0
  67.6 305.4 67.7 304.7 67.8 304.0 67.9 303.2 68.0 302.3 68.1 301.4 68.1 300.3
  68.2 299.2 68.2 298.0 68.3 296.8 68.3 295.6 68.3 294.4 68.3 293.2 68.3 292.0
  68.3 290.8 68.2 289.7 68.1 288.5 68.0 287.4 67.8 286.4 67.6 285.5 67.5 284.6
  67.3 283.7 67.0 282.9 66.7 282.2 66.4 281.5 66.1 280.8 65.8 280.1 65.5 279.3
  65.1 278.5 64.8 277.6 64.5 276.6 64.2 275.6 63.9 274.6 63.7 273.5 63.4 272.4
  63.2 271.4 62.9 270.4 62.6 269.5 62.2 268.7 61.9 267.9 61.4 267.5 61.0 267.1
  60.5 266.7 59.9 266.3 59.4 266.0 58.8 265.7 58.3 265.3 57.7 264.9 57.2 264.5
  56.6 264.0 56.1 263.6 55.6 263.0 55.1 262.5 54.7 261.9 54.2 261.3 53.8 260.7
  53.5 260.1 53.2 259.5 52.8 258.9 52.5 258.2 52.2 257.5 51.9 256.9 51.7 256.3
  51.5 255.8 51.3 255.3 51.1 254.8 50.9 254.2 50.8 253.7 50.7 253.2 50.5 252.6
  50.5 252.1 50.4 251.6 50.4 251.0 50.4 250.5 50.4 250.0 50.4 249.5 50.5 249.0
  50.5 248.4 50.5 247.9 50.4 247.3 50.3 246.8 50.2 246.2 50.1 245.5 50.0 244.9
  50.0 244.2 49.9 243.1 49.9 241.9 49.8 240.6 49.9 239.2 50.0 237.7 50.2 236.7
  50.4 235.6 50.6 234.4 50.9 233.2 51.2 232.0 51.4 230.7 51.7 229.4 52.0 228.1
  52.3 227.1 52.4 226.1 52.5 225.0 52.7 223.9 52.3 222.7 52.0 221.5 51.7 220.3
  51.5 218.7 50.9 217.1 50.4 215.5 49.8 214.0 49.2 212.1 48.7 210.2 48.6 208.4
  48.6 206.7 48.9 204.9 49.2 203.3 49.4 201.6 49.7 200.0 49.9 198.5 49.9 197.0
  49.9 195.5 49.9 194.0 49.9 192.6 49.8 191.2 49.8 189.9 49.8 188.6 49.8 187.4
  49.7 186.1 49.6 184.9 49.6 183.7 49.5 182.5 49.4 181.3 49.3 180.2 49.3 179.1
  49.1 178.1 48.9 177.2 48.7 176.4 48.6 175.6 48.7 175.0 48.9 174.3 49.1 173.7
  49.3 173.2 49.5 172.7 49.7 172.2 49.8 171.8 50.3 171.4 50.7 170.6 51.1 169.9
  51.5 169.2 51.9 168.5 52.3 167.9 52.5 166.9 52.7 166.0 52.9 165.0 53.1 164.1
  53.3 163.1 53.4 162.2 53.5 161.3 53.6 160.4 53.8 159.5 53.9 158.6 54.0 157.7
  54.2 156.9 54.4 156.1 54.6 155.3 54.9 154.5 55.2 153.8 55.5 153.0 55.8 152.2
  56.1 151.4 56.5 150.7 56.8 149.9 57.2 149.1 57.6 148.3 58.0 147.5 58.2 146.6
  58.5 145.7 58.8 144.8 59.0 143.8 59.2 142.8 59.4 141.9 59.6 140.9 59.8 139.9
  59.9 138.8 60.0 137.8 60.2 136.9
  10 14 48  0.0
  72.5 321.4 72.6 321.7 72.8 322.0 72.9 322.2 73.1 322.4 73.2 322.6 73.3 322.7
  73.4 322.8 73.5 322.9 73.6 322.9 73.7 322.9 73.8 322.8 73.9 322.7 73.9 322.5
  74.0 322.3 74.0 322.1 74.1 322.0 74.1 321.8 74.2 321.7 74.2 321.6 74.2 321.5
  74.2 321.4 74.3 321.2 74.3 321.1 74.3 321.0 74.3 320.9 74.3 320.9 74.3 320.8
  74.3 320.7 74.3 320.6 74.2 320.6 74.2 320.6 74.2 320.5 74.2 320.5 74.1 320.5
  74.1 320.5 74.1 320.5 74.0 320.5 74.0 320.5 73.9 320.3 73.8 320.0 73.8 319.7
  73.7 319.4 73.6 319.1 73.5 318.8 73.4 318.4 73.3 318.0 73.2 317.6 73.1 317.1
  72.9 316.7 72.8 316.2 72.6 315.7 72.4 315.2 72.2 314.7 72.0 314.3 71.7 314.0
  71.5 313.7 71.2 313.4 70.9 313.1 70.6 312.9 70.3 312.6 70.0 312.4 69.7 312.3
  69.4 312.1 69.1 311.9 68.9 311.7 68.8 311.5 68.6 311.3 68.4 311.0 68.3 310.8
  68.2 310.5 68.0 310.2 68.0 309.8 67.9 309.4 67.8 309.0 67.8 308.6 67.8 308.2
  67.8 307.7 67.9 307.2 67.9 306.7 68.0 306.1 68.1 305.4 68.2 304.6 68.3 303.7
  68.4 302.7 68.4 301.6 68.5 300.5 68.5 299.4 68.6 298.2 68.6 297.0 68.6 295.7
  68.6 294.5 68.6 293.3 68.6 292.1 68.7 290.9 68.6 289.7 68.5 288.6 68.5 287.5
  68.3 286.4 68.1 285.4 67.9 284.4 67.7 283.6 67.4 282.8 67.1 282.0 66.8 281.3
  66.5 280.6 66.2 279.9 65.8 279.3 65.4 278.5 65.1 277.6 64.8 276.6 64.5 275.6
  64.2 274.6 63.9 273.5 63.7 272.4 63.4 271.4 63.2 270.4 62.9 269.5 62.6 268.6
  62.2 267.9 61.8 267.2 61.3 266.8 60.8 266.4 60.3 266.1 59.8 265.7 59.2 265.4
  58.7 265.0 58.1 264.6 57.5 264.2 57.0 263.7 56.4 263.2 55.9 262.7 55.4 262.2
  54.9 261.5 54.5 260.9 54.1 260.2 53.7 259.5 53.3 258.9 52.9 258.2 52.6 257.5
  52.3 256.8 52.0 256.1 51.8 255.3 51.5 254.7 51.3 254.1 51.1 253.4 50.9 252.8
  50.8 252.1 50.7 251.4 50.6 250.7 50.6 250.0 50.6 249.3 50.6 248.6 50.5 247.9
  50.4 247.2 50.3 246.4 50.2 245.7 50.1 245.0 50.0 244.2 49.9 243.4 49.7 242.1
  49.6 240.6 49.5 239.1 49.5 237.5 49.5 235.8 49.6 234.0 49.7 232.2 49.8 230.4
  49.8 228.5 49.9 226.6 49.8 224.7 49.8 222.8 49.5 221.1 49.1 219.3 48.5 217.7
  47.9 216.0 47.2 214.4 46.5 212.7 45.8 210.9 45.4 209.2 45.0 207.5 45.0 205.8
  45.1 204.3 45.1 202.9 45.5 201.6 45.8 200.5 46.2 199.4 46.3 198.2 46.4 196.9
  46.4 195.6 46.3 194.3 46.2 192.9 46.1 191.6 46.1 190.2 46.0 188.9 45.9 187.6
  46.0 186.6 46.0 185.7 46.0 184.9 46.0 184.1 45.9 183.5 45.9 182.8 45.8 182.3
  45.7 181.7 45.6 181.3 45.5 180.8 45.4 180.4 45.3 180.1 45.1 179.7 45.0 179.4
  44.9 179.0 44.8 178.7 44.7 178.3 44.6 178.0 44.5 177.6 44.4 177.3 44.3 176.9
  44.2 176.6 44.1 176.2 44.0 175.9 44.3 175.2 44.7 174.9 45.1 174.5 45.4 174.2
  45.7 173.8 46.0 173.5 46.3 173.5 46.6 173.5 46.9 173.5 47.1 173.6 47.4 173.7
  47.6 173.6 47.8 173.5 48.0 173.3 48.1 173.0 48.2 172.5 48.3 171.8 48.6 171.1
  48.8 170.3 49.0 169.4 49.2 168.4
  10 15 48  0.0
  72.5 321.4 72.5 322.2 72.5 323.0 72.6 323.7 72.6 324.5 72.7 325.3 72.8 326.1
  73.0 326.9 73.1 327.8 73.2 328.7 73.3 329.6 73.4 330.6 73.5 331.6 73.6 332.7
  73.7 333.8 73.7 334.8 73.8 335.8 73.8 336.8 73.8 337.8 73.7 338.8 73.7 339.7
  73.7 340.6 73.6 341.5 73.5 342.4 73.4 343.2 73.2 344.0 73.1 344.7 72.9 345.5
  72.6 346.1 72.4 346.8 72.1 347.4 71.9 347.9 71.6 348.4 71.2 348.9 70.7 349.3
  70.2 349.7 69.7 350.0 69.2 350.1 68.7 350.3 68.2 350.4 67.6 350.4 67.1 350.3
  66.6 350.2 66.0 350.1 65.4 349.9 64.9 349.5 64.3 349.1 63.7 348.8 63.2 348.2
  62.6 347.6 62.0 347.0 61.4 346.3 60.8 345.6 60.2 344.9 59.6 344.2 59.0 343.2
  58.6 342.2 58.2 341.1 57.9 339.9 57.6 338.2 57.4 336.4 57.1 334.4 56.8 332.4
  56.6 330.4 56.4 328.6 56.3 327.0 56.4 325.4 56.6 324.0 56.9 322.6 57.4 321.3
  57.8 320.1 58.3 318.9 58.8 317.9 59.4 317.0 59.9 316.0 60.4 315.0 60.9 314.0
  61.3 312.9 61.7 311.7 61.9 310.4 62.1 308.9 62.3 307.4 62.5 305.7 62.7 304.0
  62.8 302.2 63.1 300.4 63.4 298.8 63.9 297.3 64.3 296.0 64.8 294.7 65.3 293.5
  65.8 292.2 66.2 291.0 66.6 289.6 67.0 288.2 67.3 286.7 67.5 285.2 67.6 283.8
  67.6 282.3 67.7 280.9 67.6 279.5 67.5 278.1 67.4 276.8 67.3 275.5 67.2 274.2
  67.1 272.9 66.9 271.7 66.9 270.6 66.9 269.4 66.9 268.3 66.8 267.2 66.9 266.0
  66.9 264.9 67.0 263.7 67.0 262.5 67.1 261.3 67.1 260.2 67.2 259.1 67.2 258.0
  67.2 257.0 67.1 255.9 67.1 255.0 67.1 254.1 67.1 253.2 67.1 252.4 67.1 251.6
  67.1 250.8 67.1 250.1 67.1 249.4 67.2 248.7 67.2 248.0 67.3 247.4 67.4 246.7
  67.5 246.1 67.5 245.4 67.6 244.8 67.6 244.1 67.6 243.5 67.6 242.8 67.5 242.2
  67.5 241.6 67.4 241.0 67.3 240.4 67.3 239.8 67.2 239.2 67.0 238.7 66.9 238.2
  66.8 237.8 66.7 237.4 66.5 237.0 66.4 236.7 66.3 236.4 66.1 236.2 66.0 235.9
  65.9 235.5 65.7 235.0 65.6 234.6 65.5 234.2 65.4 233.8 65.3 233.5 65.1 233.2
  65.0 233.0 64.9 232.8 64.8 232.6 64.7 232.5 64.6 232.5 64.5 232.5 64.4 232.6
  64.3 232.7 64.2 232.9 64.0 233.1 63.9 233.4 63.8 233.4 63.7 233.5 63.5 233.6
  63.4 233.8 63.2 234.0 63.1 234.2 62.9 234.5 62.7 234.8 62.4 235.1 62.2 235.5
  61.9 235.8 61.7 235.7 61.5 235.7 61.2 235.7 61.0 235.7 60.7 235.8 60.5 235.8
  60.3 235.9 60.1 236.1 59.8 236.2 59.5 235.9 59.3 235.6 59.2 235.3 59.1 235.1
  59.0 234.8 59.0 234.6 58.9 234.4 58.9 234.2 58.9 234.0 58.9 233.8 59.0 233.6
  59.0 233.4 59.1 233.2 59.2 232.9 59.2 232.7 59.3 232.5 59.3 232.3 59.3 232.1
  59.2 231.9 59.1 231.8 59.0 231.6 58.9 231.5 58.7 231.4 58.6 231.3 58.5 231.3
  58.3 231.3 58.1 231.3 57.9 231.3 57.7 231.2 57.5 231.1 57.3 231.0 57.1 230.9
  56.9 230.9 56.6 230.9 56.4 230.9 56.1 231.0 55.9 231.1 55.6 231.0 55.3 230.8
  55.1 230.6 54.8 230.5 54.5 230.2 54.2 230.0 53.9 229.8 53.6 229.1 53.3 228.5
  53.0 227.7 52.8 227.0 52.6 226.3
  10 16 48  0.0
  72.5 321.4 72.2 321.9 71.8 322.4 71.5 322.6 71.2 322.7 70.9 322.8 70.5 322.9
  70.2 323.0 69.8 323.1 69.5 322.9 69.2 322.8 68.9 322.5 68.6 322.3 68.4 322.1
  68.2 321.8 68.0 321.5 67.9 321.2 67.8 320.4 67.7 319.6 67.5 318.7 67.4 317.7
  67.2 316.7 67.2 315.5 67.1 314.4 67.0 313.2 67.0 312.0 67.0 310.8 66.9 309.5
  66.9 308.3 67.0 307.1 66.9 305.8 66.9 304.5 66.9 303.2 66.8 301.9 66.7 300.5
  66.6 299.1 66.4 297.6 66.2 296.1 66.0 294.6 65.7 292.9 65.4 291.3 65.1 289.6
  64.8 287.9 64.5 286.2 64.3 284.3 64.0 282.4 63.9 280.3 63.8 278.5 63.9 276.7
  63.9 274.8 64.1 272.9 64.3 270.0 64.6 267.1 64.9 264.1 65.2 261.3 65.3 258.8
  65.2 256.5 65.1 254.6 64.8 252.8 64.5 251.4 64.1 250.1 63.6 249.0 63.2 247.8
  63.0 246.6 62.9 245.4 62.7 244.2 62.6 243.1 62.6 241.9 62.6 240.8 62.6 239.7
  62.5 238.6 62.4 237.5 62.3 236.4 62.2 235.4 61.9 234.4 61.5 233.3 61.1 232.2
  60.7 231.2 60.0 230.2 59.3 229.3 58.6 228.2 57.7 227.2 56.8 226.0 55.7 224.8
  54.6 223.6 53.2 222.4 51.9 220.9 50.9 219.0 50.1 217.0 49.4 215.1 48.9 213.3
  48.4 211.5 48.2 209.8 47.8 208.1 47.4 206.4 47.2 204.7 46.8 203.1 46.6 201.4
  46.3 199.7 46.4 198.0 46.4 196.3 46.4 194.6 46.7 192.9 47.1 191.3 47.5 189.6
  47.9 188.1 48.4 186.5 48.9 185.0 49.5 183.5 50.1 182.1 50.7 180.7 51.2 179.3
  51.7 177.9 52.2 176.5 52.7 175.2 53.2 173.8 53.7 172.5 54.2 171.2 54.8 170.0
  55.4 168.9 56.0 167.8 56.6 166.7 57.3 165.9 58.1 165.0 58.8 164.4 59.6 163.7
  60.3 163.0 61.0 162.4 61.7 161.8 62.4 161.3 63.1 160.7 63.8 160.2 64.5 159.7
  65.1 159.1 65.6 158.5 66.2 157.9 66.8 157.3 67.3 156.7 67.9 156.0 68.4 155.4
  68.8 154.9 69.3 154.4 69.7 153.8 70.1 153.2 70.5 153.0 70.9 152.8 71.3 152.6
  71.6 152.3 71.9 152.0 72.3 151.6 72.6 151.9 73.0 152.1 73.2 152.4 73.5 152.6
  73.8 152.9 74.0 153.2 74.2 153.4 74.5 153.9 74.7 154.4 75.0 154.9 75.2 155.4
  75.4 155.9 75.5 156.5 75.7 157.0 75.8 157.6 75.9 158.1 76.0 158.7 76.2 159.2
  76.3 159.6 76.4 160.1 76.5 160.6 76.6 161.0 76.7 161.4 76.8 161.9 76.8 162.3
  76.9 162.6 77.0 163.0 77.1 163.4 77.1 163.7 77.2 164.0 77.3 164.4 77.3 164.6
  77.3 165.0 77.4 165.3 77.4 165.7 77.4 166.1 77.4 166.5 77.4 167.0 77.4 167.5
  77.4 168.0 77.4 168.6 77.4 169.1 77.3 169.7 77.3 170.3 77.2 170.9 77.2 171.5
  77.1 172.2 77.0 172.8 76.9 173.5 76.8 174.2 76.7 174.9 76.6 175.5 76.5 176.2
  76.3 176.9 76.2 177.6 76.1 178.3 75.9 178.9 75.8 179.6 75.7 180.2 75.5 180.7
  75.4 181.2 75.3 181.7 75.2 182.1 75.1 182.4 75.0 182.7 74.8 183.0 74.7 183.2
  74.6 183.4 74.5 183.5 74.4 183.6 74.3 183.6 74.2 183.6 74.0 183.6 73.9 183.5
  73.8 183.5 73.7 183.5 73.6 183.4 73.6 183.3 73.5 183.2 73.4 183.0 73.3 182.9
  73.2 182.7 73.1 182.5 73.0 182.3 72.9 182.1 72.8 181.9 72.7 181.7 72.7 181.5
  72.6 181.3 72.5 181.0 72.4 180.8
  10 17 48  0.0
  72.5 321.4 72.0 321.6 71.6 321.8 71.1 321.9 70.6 322.1 70.0 322.2 69.4 322.4
  68.8 322.6 68.2 322.7 67.6 322.9 67.0 323.0 66.3 323.1 65.6 323.1 64.9 323.2
  64.2 323.1 63.6 323.0 63.0 322.8 62.4 322.4 61.8 322.0 61.3 321.3 60.9 320.4
  60.5 319.5 60.3 318.4 60.1 317.3 59.9 316.1 59.7 314.8 59.5 313.5 59.3 312.2
  59.1 310.9 58.7 309.6 58.3 308.2 57.8 306.9 57.3 305.6 56.7 304.2 56.2 302.8
  55.7 301.2 55.2 299.5 54.9 297.7 54.6 295.9 54.6 294.2 54.6 292.6 54.5 291.0
  54.8 289.4 55.0 287.8 55.4 286.2 55.6 284.6 55.8 282.9 56.0 281.2 56.2 279.2
  56.5 277.3 56.7 275.5 57.1 273.6 57.5 271.9 57.9 270.1 58.3 268.4 58.8 266.8
  59.2 265.1 59.6 263.4 60.0 261.7 60.4 260.2 60.8 258.7 61.2 257.1 61.5 255.4
  61.8 253.7 62.0 252.0 62.2 250.3 62.3 248.6 62.4 247.0 62.4 245.5 62.4 244.1
  62.4 242.8 62.4 241.5 62.4 240.3 62.3 239.2 62.4 238.1 62.4 237.1 62.5 236.1
  62.5 235.2 62.6 234.3 62.6 233.4 62.7 232.5 62.8 231.6 62.7 230.8 62.6 230.0
  62.6 229.2 62.6 228.5 62.5 227.7 62.2 227.0 61.8 226.4 61.4 225.7 61.0 225.0
  60.5 224.3 60.0 223.7 59.3 223.2 58.6 222.3 57.9 221.6 57.1 220.6 56.1 219.7
  55.3 218.9 54.5 217.9 53.6 216.8 52.8 215.1 52.5 213.3 52.1 211.6 52.3 210.0
  52.5 208.4 52.8 206.9 53.0 205.3 53.3 203.7 53.1 201.9 53.0 200.1 52.8 198.2
  52.3 196.3 52.0 194.3 51.9 192.0 51.8 189.8 52.0 187.6 52.3 185.6 52.7 183.9
  53.2 182.3 53.7 180.7 54.2 179.2 54.8 178.0 55.3 176.8 55.8 175.6 56.2 174.3
  56.6 173.4 57.0 172.4 57.4 171.3 57.8 170.3 58.1 169.2 58.5 168.4 58.9 167.6
  59.4 166.7 59.9 165.9 60.4 165.1 61.0 164.5 61.5 163.9 62.1 163.2 62.6 162.7
  63.2 162.1 63.7 161.6 64.2 160.9 64.8 160.5 65.3 160.0 65.8 159.5 66.2 158.9
  66.7 158.5 67.2 158.0 67.6 157.5 68.1 156.9 68.6 156.7 69.1 156.3 69.5 155.9
  69.9 155.5 70.3 155.0 70.7 155.0 71.1 155.0 71.5 154.9 71.8 154.9 72.1 154.8
  72.4 155.2 72.8 155.7 73.1 156.2 73.3 156.7 73.6 157.3 73.8 157.9 74.0 158.5
  74.3 159.3 74.5 160.1 74.7 161.0 74.9 161.9 75.0 162.8 75.2 163.7 75.3 164.6
  75.4 165.4 75.5 166.3 75.7 167.1 75.8 167.8 75.9 168.6 75.9 169.3 76.0 169.9
  76.1 170.5 76.1 171.0 76.2 171.5 76.3 172.0 76.3 172.4 76.4 172.9 76.4 173.3
  76.4 173.7 76.5 174.1 76.5 174.5 76.5 174.9 76.6 175.3 76.6 175.6 76.6 175.9
  76.7 176.3 76.7 176.6 76.7 176.8 76.7 177.1 76.7 177.4 76.8 177.6 76.8 177.9
  76.8 178.1 76.8 178.3 76.8 178.5 76.8 178.7 76.8 179.0 76.8 179.2 76.8 179.5
  76.8 179.8 76.8 180.1 76.8 180.5 76.7 180.8 76.7 181.2 76.7 181.6 76.6 182.0
  76.6 182.4 76.5 182.9 76.4 183.3 76.4 183.8 76.3 184.2 76.2 184.7 76.1 185.2
  76.0 185.7 75.9 186.2 75.9 186.9 75.8 187.5 75.7 188.2 75.6 188.8 75.5 189.5
  75.4 190.1 75.3 190.6 75.3 191.1 75.2 191.5 75.1 192.0 75.0 192.3 74.9 192.7
  74.8 193.0 74.8 193.2 74.7 193.4
  10 18 48  0.0
  72.5 321.4 72.1 321.3 71.7 321.1 71.3 320.9 71.0 320.8 70.6 320.6 70.2 320.5
  69.8 320.4 69.4 320.3 69.1 320.1 68.8 320.0 68.4 319.9 68.1 319.9 67.7 319.8
  67.4 319.9 67.1 320.1 66.9 320.2 66.6 320.4 66.4 320.5 66.1 320.7 65.8 320.9
  65.6 321.2 65.3 321.4 65.1 321.7 64.8 322.0 64.5 322.3 64.2 322.5 63.8 322.8
  63.5 323.0 63.1 323.2 62.8 323.4 62.4 323.5 61.9 323.6 61.5 323.5 61.0 323.3
  60.6 323.0 60.1 322.8 59.6 322.5 59.2 321.7 58.8 320.8 58.4 319.9 58.4 319.0
  58.3 317.9 58.3 316.8 58.2 315.6 58.1 314.3 58.0 313.0 57.9 311.7 57.7 310.3
  57.5 308.9 57.2 307.6 56.8 306.2 56.4 304.8 56.1 303.4 55.7 301.8 55.4 300.1
  55.1 298.3 54.9 296.5 54.6 294.6 54.6 292.8 54.6 291.0 55.0 289.1 55.4 287.2
  55.8 285.2 56.1 283.2 56.4 280.8 56.7 278.5 57.0 276.2 57.4 274.1 57.8 272.1
  58.2 270.2 58.6 268.6 59.0 267.0 59.4 265.3 59.8 263.7 60.1 262.1 60.4 260.7
  60.8 259.2 61.1 257.8 61.4 256.2 61.7 254.7 62.0 253.1 62.4 251.4 62.6 249.7
  62.9 247.9 63.1 246.2 63.2 244.5 63.3 243.0 63.3 241.6 63.4 240.3 63.4 239.0
  63.4 237.9 63.3 236.8 63.3 235.7 63.2 234.8 63.1 233.8 63.1 232.9 63.0 232.1
  63.0 231.2 62.9 230.4 62.7 229.7 62.6 228.9 62.4 228.3 62.3 227.6 62.0 227.0
  61.6 226.2 61.3 225.5 61.0 224.8 60.6 224.1 60.2 223.5 59.7 222.9 59.2 222.0
  58.6 221.1 57.9 220.3 57.3 219.3 56.6 218.4 55.8 217.5 55.1 216.4 54.3 215.3
  53.9 214.2 53.5 212.6 53.1 211.0 53.2 209.5 53.2 208.0 53.3 206.5 53.4 205.0
  53.6 203.4 53.4 201.7 53.3 199.9 52.9 198.0 52.5 195.9 52.3 193.8 52.1 191.6
  52.1 189.4 52.1 187.3 52.3 185.3 52.6 183.4 53.1 181.6 53.6 179.9 54.0 178.3
  54.6 177.1 55.1 175.9 55.6 174.7 56.1 173.5 56.6 172.5 57.1 171.6 57.6 170.6
  58.0 169.6 58.5 168.8 59.0 168.1 59.4 167.3 59.9 166.5 60.4 165.6 60.9 165.1
  61.4 164.4 61.8 163.8 62.3 163.1 62.8 162.5 63.3 161.9 63.8 161.2 64.2 160.5
  64.7 160.1 65.1 159.6 65.6 159.1 66.0 158.5 66.4 157.9 66.8 157.5 67.3 157.1
  67.7 156.7 68.1 156.2 68.5 155.9 69.0 155.7 69.4 155.4 69.7 155.1 70.1 154.7
  70.5 154.7 70.9 154.7 71.3 154.7 71.6 154.7 71.9 154.6 72.3 154.6 72.6 155.1
  72.9 155.6 73.2 156.1 73.5 156.7 73.7 157.3 74.0 157.9 74.2 158.5 74.4 159.5
  74.6 160.4 74.8 161.4 75.0 162.4 75.2 163.5 75.3 164.5 75.5 165.6 75.6 166.6
  75.7 167.6 75.8 168.7 75.9 169.6 76.0 170.6 76.0 171.5 76.1 172.2 76.2 172.9
  76.2 173.5 76.3 174.1 76.3 174.7 76.4 175.2 76.4 175.7 76.5 176.2 76.5 176.6
  76.5 177.1 76.6 177.5 76.6 178.0 76.6 178.4 76.6 178.8 76.7 179.2 76.7 179.6
  76.7 180.0 76.7 180.4 76.8 180.7 76.8 181.1 76.8 181.4 76.8 181.7 76.8 182.0
  76.9 182.3 76.9 182.6 76.9 182.9 76.9 183.2 76.9 183.4 76.9 183.7 76.9 183.9
  77.0 184.2 77.0 184.5 77.0 184.8 77.0 185.2 76.9 185.5 76.9 185.9 76.9 186.3
  76.9 186.7 76.8 187.1 76.8 187.5
  10 19 48  0.0
  72.5 321.4 72.2 321.2 71.9 321.0 71.6 320.5 71.3 320.1 71.0 319.6 70.6 319.2
  70.3 318.7 69.9 318.3 69.5 317.6 69.1 317.0 68.7 316.3 68.3 315.7 67.8 315.0
  67.3 314.1 66.9 313.2 66.4 312.4 66.0 311.6 65.5 310.4 65.0 309.3 64.6 308.1
  64.2 307.0 63.8 305.9 63.4 304.4 63.0 302.9 62.7 301.5 62.4 300.1 62.2 298.8
  61.9 297.6 61.6 296.2 61.4 295.0 61.0 293.8 60.7 292.7 60.3 291.6 59.8 290.7
  59.3 289.7 58.8 288.7 58.3 287.8 57.5 286.8 56.7 285.8 55.9 284.7 55.2 283.6
  54.3 282.4 53.4 281.3 52.5 280.2 51.7 279.0 51.0 277.7 50.4 276.3 49.8 275.0
  49.5 273.6 49.1 272.2 48.7 270.9 48.3 269.6 48.0 268.4 47.6 267.1 47.4 265.9
  47.1 264.7 46.8 263.6 46.6 262.4 46.4 261.3 46.1 260.1 45.8 259.0 45.7 257.7
  45.6 256.4 45.4 255.1 45.6 253.9 45.7 252.7 45.8 251.7 46.1 250.7 46.4 249.9
  46.7 249.1 47.0 248.3 47.2 247.6 47.5 246.9 47.8 246.2 48.0 245.6 48.2 244.9
  48.3 244.1 48.4 243.3 48.6 242.5 48.7 241.6 48.8 240.8 48.8 239.9 49.0 239.1
  49.2 238.2 49.4 237.3 49.6 236.4 49.8 235.6 50.1 234.8 50.3 233.8 50.6 232.7
  50.8 231.8 51.0 230.8 51.1 229.8 51.2 228.9 51.2 228.0 51.2 227.1 51.1 226.2
  50.9 225.3 50.8 224.4 50.6 223.5 50.3 222.6 50.1 221.7 49.8 220.7 49.5 219.7
  49.4 218.7 49.2 217.7 49.1 216.6 48.9 215.5 49.0 214.3 49.1 213.2 49.1 212.0
  49.1 210.8 49.1 209.5 49.0 208.2 48.9 206.8 48.7 205.4 48.5 203.9 48.3 202.4
  48.1 200.9 48.0 199.3 47.9 197.8 47.9 196.5 47.9 195.2 47.9 194.1 47.8 193.2
  47.7 192.3 47.7 191.5 47.7 190.8 47.8 190.1 47.8 189.5 47.9 188.8 47.9 188.1
  48.0 187.4 48.0 186.7 48.1 185.0 48.2 183.4 48.0 181.9 47.8 180.7 47.7 179.5
  47.5 178.3 47.4 177.3 47.2 176.2 47.1 175.3 47.2 174.4 47.2 173.5 47.3 172.6
  47.4 171.7 47.5 170.9 47.7 170.0 47.8 169.1 47.9 168.3 48.1 167.4 48.1 166.7
  48.2 166.1 48.3 165.5 48.4 164.9 48.4 164.3 48.5 163.8 48.5 163.2 48.6 162.6
  48.7 162.0 48.8 161.4 49.0 160.8 49.1 160.2 49.2 159.5 49.4 158.9 49.5 158.2
  49.7 157.6 49.9 156.9 50.1 156.2 50.3 155.6 50.5 154.9 50.8 154.3 51.0 153.6
  51.2 153.0 51.5 152.3 51.8 151.7 52.0 151.1 52.2 150.5 52.4 149.9 52.6 149.3
  52.8 148.8 53.0 148.2 53.3 147.8 53.4 147.3 53.5 146.8 53.6 146.4 53.8 146.0
  53.9 145.6 54.0 145.2 54.2 144.6 54.3 144.0 54.4 143.4 54.5 142.9 54.5 142.3
  54.6 141.7 54.6 141.1 54.6 140.6 54.7 140.0 54.6 139.4 54.6 138.8 54.6 138.3
  54.6 137.7 54.5 137.1 54.5 136.5 54.5 135.9 54.4 135.4 54.3 134.9 54.2 134.3
  54.2 133.8 54.1 133.3 54.0 132.9 53.9 132.4 53.9 132.2 53.8 132.0 53.7 131.8
  53.6 131.6 53.4 131.4 53.3 131.2 53.2 131.0 53.1 130.8 52.9 130.7 52.8 130.5
  52.7 130.3 52.5 130.1 52.4 129.9 52.3 129.8 52.1 129.6 52.0 129.5 51.9 129.3
  51.7 129.2 51.5 129.0 51.4 128.9 51.2 128.7 51.0 128.5 50.7 128.4 50.5 128.2
  50.3 128.0 50.0 127.8 49.6 127.7
  10 20 48  0.0
  72.5 321.4 72.4 321.0 72.2 320.7 72.1 320.3 71.9 320.0 71.8 319.6 71.6 319.3
  71.4 318.9 71.3 318.6 71.0 318.3 70.8 317.9 70.6 317.7 70.4 317.4 70.1 317.1
  69.8 316.8 69.6 316.2 69.3 315.6 69.0 315.0 68.6 314.4 68.3 313.9 67.9 313.4
  67.5 312.5 67.1 311.7 66.7 310.9 66.2 310.1 65.7 309.4 65.2 308.3 64.7 307.3
  64.1 306.4 63.5 305.5 62.9 304.4 62.3 303.3 61.6 302.4 61.0 301.2 60.2 300.1
  59.5 299.2 58.7 298.0 57.9 296.9 57.1 295.6 56.4 294.5 55.6 293.4 54.8 292.1
  54.1 290.9 53.5 289.7 52.8 288.4 52.2 287.1 51.7 285.8 51.1 284.3 50.5 282.9
  49.8 281.6 49.0 280.1 48.2 278.7 47.7 277.2 47.2 275.6 47.0 273.9 46.8 272.3
  46.5 270.7 46.4 269.1 46.2 267.6 46.3 266.1 46.3 264.8 46.3 263.5 46.8 262.3
  47.3 261.2 47.7 260.1 48.2 259.2 49.0 258.4 49.9 257.7 50.7 257.1 51.5 256.6
  52.3 256.0 53.1 255.6 54.0 255.1 54.8 254.5 55.6 253.8 56.4 253.0 57.1 252.1
  57.9 251.3 58.7 250.4 59.5 249.6 60.3 248.7 61.2 248.0 62.1 247.2 63.0 246.6
  64.0 246.1 65.0 245.6 66.0 245.6 67.0 245.7 67.9 245.9 68.7 246.0 69.6 246.0
  70.3 246.0 71.0 245.7 71.7 245.4 72.4 245.0 73.0 244.3 73.5 243.5 73.9 242.8
  74.3 242.0 74.8 241.3 75.1 240.6 75.5 239.9 75.8 239.2 76.0 238.5 76.3 237.8
  76.6 237.0 76.9 236.3 77.1 235.5 77.3 234.8 77.5 234.0 77.6 233.3 77.8 232.4
  77.9 231.6 78.0 230.7 78.1 229.6 78.2 228.3 78.3 227.0 78.3 225.7 78.2 224.4
  78.2 223.1 78.1 221.8 78.1 220.5 78.0 219.3 77.9 218.0 77.8 216.9 77.7 215.7
  77.5 214.6 77.4 213.5 77.3 212.4 77.2 211.3 77.0 210.3 76.9 209.3 76.7 208.4
  76.6 207.5 76.4 206.6 76.3 205.8 76.1 205.1 76.0 204.4 75.9 203.9 75.7 203.5
  75.6 203.1 75.5 202.8 75.4 202.5 75.4 202.3 75.3 202.1 75.2 202.0 75.2 201.9
  75.2 201.9 75.2 202.0 75.2 202.1 75.2 202.3 75.2 202.5 75.3 202.8 75.3 203.2
  75.4 203.6 75.5 204.1 75.5 204.7 75.6 205.4 75.7 206.2 75.7 206.9 75.8 207.6
  75.8 208.4 75.8 209.2 75.8 209.9 75.9 210.7 75.9 211.5 75.9 212.2 75.9 212.9
  75.9 213.6 75.9 214.3 75.9 215.0 75.8 215.6 75.8 216.2 75.8 216.8 75.8 217.4
  75.8 217.9 75.8 218.4 75.8 218.9 75.7 219.3 75.7 219.8 75.7 220.1 75.7 220.5
  75.7 220.9 75.7 221.3 75.8 221.7 75.8 222.2 75.9 222.7 75.9 223.3 76.0 223.9
  76.1 224.5 76.2 225.1 76.3 225.8 76.4 226.6 76.5 227.4 76.6 228.3 76.8 229.2
  76.9 230.2 77.0 231.2 77.2 232.3 77.3 233.4 77.4 234.5 77.5 235.7 77.7 236.9
  77.8 238.1 77.8 239.4 77.9 240.6 78.0 241.9 78.1 242.6 78.2 243.2 78.3 243.9
  78.4 244.5 78.4 245.1 78.5 245.7 78.6 246.3 78.7 246.9 78.8 247.5 78.9 248.0
  79.0 248.6 79.1 249.2 79.2 249.7 79.3 250.3 79.4 250.8 79.5 251.3 79.6 251.9
  79.7 252.4 79.8 253.0 79.9 253.5 80.0 254.0 80.1 254.6 80.2 254.6 80.3 254.5
  80.4 254.5 80.6 254.5 80.7 254.6 80.8 254.6 81.0 254.6 81.1 254.7 81.2 254.8
  81.4 254.9 81.5 254.9 81.6 255.1
  10 21 48  0.0
  72.5 321.4 72.5 320.8 72.5 320.1 72.5 319.5 72.5 318.8 72.5 318.1 72.5 317.4
  72.5 316.7 72.5 315.9 72.4 315.1 72.4 314.4 72.3 313.6 72.3 312.8 72.2 312.0
  72.2 311.2 72.2 310.5 72.1 309.9 72.1 309.2 72.0 308.7 71.9 308.1 71.9 307.9
  71.8 307.6 71.8 307.4 71.7 307.1 71.6 307.0 71.6 306.8 71.5 306.7 71.4 306.5
  71.3 306.5 71.1 306.4 71.0 306.3 70.9 306.3 70.7 306.3 70.5 306.4 70.3 306.4
  70.1 306.5 69.9 306.5 69.7 306.4 69.5 306.3 69.2 306.2 68.9 306.1 68.6 306.0
  68.3 305.9 67.9 305.8 67.5 305.3 67.1 304.8 66.7 304.4 66.3 303.9 65.9 303.5
  65.4 302.8 65.0 302.0 64.5 301.4 64.0 300.7 63.5 299.8 63.0 299.0 62.4 298.2
  61.8 297.5 61.3 296.6 60.6 295.8 60.0 295.0 59.3 294.3 58.6 293.5 57.9 292.6
  57.2 291.6 56.6 290.6 56.0 289.6 55.4 288.4 54.8 287.3 54.3 286.1 53.8 285.0
  53.2 283.7 52.7 282.5 52.1 281.4 51.5 280.2 50.8 279.0 50.4 277.7 49.9 276.4
  49.4 275.0 49.3 273.5 49.1 272.0 49.2 270.4 49.3 268.9 49.3 267.5 49.6 266.1
  50.0 264.9 50.3 263.7 51.1 262.9 51.9 262.1 52.7 261.4 53.6 260.8 54.5 260.3
  55.4 259.7 56.4 259.0 57.4 258.2 58.3 257.3 59.2 256.5 60.0 255.5 60.8 254.5
  61.7 253.7 62.5 252.7 63.3 252.1 64.1 251.4 65.0 251.2 65.8 251.1 66.7 250.9
  67.7 251.2 68.6 251.6 69.5 252.0 70.5 252.5 71.4 252.6 72.3 252.8 73.1 252.6
  73.8 252.4 74.3 252.3 74.8 251.8 75.3 251.4 75.8 250.9 76.1 250.5 76.5 250.0
  76.9 249.6 77.2 249.2 77.5 248.8 77.7 248.5 77.9 248.2 78.1 247.9 78.4 247.5
  78.6 247.2 78.8 246.8 79.0 246.4 79.1 246.1 79.3 245.7 79.4 245.4 79.6 245.0
  79.7 244.7 79.8 244.3 80.0 244.0 80.1 243.7 80.2 242.5 80.3 241.2 80.4 239.8
  80.5 238.3 80.5 236.8 80.6 235.2 80.6 233.5 80.6 231.8 80.5 230.0 80.4 228.3
  80.4 226.6 80.3 224.8 80.2 223.1 80.1 221.4 80.0 219.7 79.8 218.5 79.7 217.2
  79.6 216.0 79.4 214.8 79.3 213.6 79.1 212.5 79.0 211.4 78.8 210.4 78.7 209.4
  78.5 208.4 78.4 207.6 78.2 206.7 78.1 206.0 77.9 205.2 77.8 204.8 77.7 204.4
  77.6 204.0 77.5 203.8 77.4 203.5 77.3 203.4 77.2 203.2 77.2 203.2 77.2 203.2
  77.1 203.2 77.1 203.3 77.1 203.5 77.1 203.7 77.1 204.0 77.1 204.3 77.1 204.8
  77.2 205.2 77.2 205.7 77.2 206.1 77.2 206.6 77.2 207.0 77.2 207.5 77.2 208.0
  77.2 208.4 77.2 208.9 77.2 209.4 77.2 209.8 77.2 210.3 77.1 210.7 77.1 211.1
  77.1 211.5 77.1 211.9 77.1 212.3 77.0 212.6 77.0 213.0 77.0 213.3 77.0 213.6
  77.0 213.9 76.9 214.1 76.9 214.4 76.9 214.6 76.9 215.0 76.9 215.3 76.9 215.7
  76.9 216.2 77.0 216.7 77.0 217.2 77.1 217.8 77.2 218.5 77.2 219.2 77.3 219.9
  77.4 220.7 77.5 221.6 77.7 222.5 77.8 223.5 77.9 224.6 78.0 225.8 78.2 226.4
  78.4 227.0 78.5 227.7 78.7 228.5 78.9 229.4 79.1 230.3 79.3 231.3 79.4 232.4
  79.6 233.5 79.8 234.6 79.9 235.7 80.1 236.8 80.3 236.6 80.5 236.3 80.7 236.1
  80.9 235.9 81.0 235.6 81.2 235.4
  10 22 48  0.0
  72.5 321.4 72.7 320.8 72.8 320.1 73.0 319.5 73.1 318.8 73.2 318.2 73.3 317.5
  73.4 316.9 73.5 316.2 73.6 315.6 73.7 314.9 73.7 314.3 73.8 313.7 73.8 313.1
  73.9 312.5 73.9 311.9 74.0 311.3 74.0 310.7 74.1 310.0 74.1 309.3 74.2 308.6
  74.2 307.9 74.3 307.1 74.4 306.2 74.4 305.4 74.5 304.5 74.5 303.5 74.6 302.5
  74.7 301.5 74.7 300.4 74.8 299.3 74.9 298.2 75.0 297.0 75.1 295.8 75.2 294.6
  75.4 293.3 75.5 292.1 75.7 290.9 75.9 289.7 76.1 288.5 76.3 287.5 76.6 286.5
  76.9 285.5 77.1 284.5 77.3 283.5 77.6 282.6 77.8 281.6 78.0 280.7 78.3 280.1
  78.5 279.5 78.7 278.9 79.0 278.3 79.2 277.8 79.3 277.2 79.5 276.7 79.7 276.1
  79.8 275.6 80.0 275.2 80.1 274.7 80.3 274.5 80.4 274.3 80.6 274.1 80.7 273.9
  80.8 273.7 80.9 273.6 80.9 273.5 81.0 273.3 81.0 273.2 81.0 273.1 81.0 273.1
  81.0 273.0 81.0 273.0 81.0 273.0 80.9 273.0 80.8 273.0 80.8 273.1 80.7 273.1
  80.6 273.2 80.4 273.3 80.3 273.5 80.2 273.6 80.0 273.8 79.8 273.9 79.7 274.0
  79.5 274.1 79.4 274.2 79.2 274.3 79.1 274.5 79.0 274.7 78.9 274.9 78.8 275.2
  78.8 275.5 78.7 275.8 78.7 276.1 78.7 276.5 78.7 276.9 78.7 277.3 78.7 277.8
  78.7 278.3 78.7 278.9 78.8 279.4 78.8 280.0 78.9 280.7 78.9 281.4 79.0 282.1
  79.0 282.8 79.1 283.6 79.2 284.5 79.3 285.3 79.4 286.3 79.4 287.2 79.5 288.2
  79.5 289.3 79.5 290.4 79.5 291.6 79.5 292.8 79.5 294.0 79.4 295.2 79.3 296.5
  79.2 297.8 79.1 299.1 79.0 300.4 78.8 301.7 78.6 303.0 78.4 304.2 78.2 305.5
  78.0 306.7 77.8 308.3 77.5 309.7 77.2 311.1 77.0 312.5 76.6 313.7 76.3 314.8
  75.9 315.8 75.5 316.9 75.2 317.8 74.8 318.7 74.4 319.5 74.0 320.3 73.7 321.0
  73.4 321.5 73.0 322.0 72.7 322.4 72.4 322.8 72.0 323.2 71.7 323.6 71.3 323.7
  71.0 323.7 70.6 323.8 70.3 323.8 69.9 323.8 69.5 323.7 69.2 323.5 68.8 323.4
  68.5 323.2 68.3 323.0 68.0 322.8 67.8 322.5 67.6 321.8 67.5 321.0 67.4 320.1
  67.3 319.3 67.1 318.4 67.0 317.4 66.9 316.4 66.8 315.2 66.7 314.1 66.6 312.9
  66.6 311.7 66.5 310.5 66.4 309.3 66.4 308.1 66.4 306.9 66.4 305.7 66.3 304.4
  66.3 303.2 66.2 301.9 66.1 300.6 66.0 299.3 65.8 297.8 65.6 296.3 65.4 294.7
  65.1 293.1 64.8 291.5 64.5 289.9 64.2 288.2 63.9 286.5 63.7 285.0 63.5 283.5
  63.4 281.9 63.3 280.2 63.2 278.5 63.3 276.7 63.4 274.8 63.6 272.9 63.7 270.9
  64.1 268.8 64.4 265.8 64.6 262.9 64.6 260.2 64.6 257.9 64.5 255.8 64.1 254.0
  63.7 252.4 63.2 251.0 62.7 249.6 62.3 248.4 61.8 247.2 61.6 245.7 61.4 244.3
  61.3 242.9 61.2 241.6 61.2 240.3 61.2 239.1 61.1 237.9 61.0 236.7 60.8 235.5
  60.5 234.4 60.1 233.3 59.7 232.3 59.3 231.1 58.6 230.0 57.9 228.9 57.2 227.6
  56.2 226.4 55.2 225.2 54.1 223.9 52.8 222.8 51.5 221.3 50.3 219.4 49.6 217.4
  48.9 215.6 48.4 213.8 48.0 212.0 47.6 210.3 47.3 208.6 47.1 206.9 46.9 205.2
  46.7 203.5 46.5 201.8 46.4 200.1
  10 23 48  0.0
  72.5 321.4 72.7 320.3 73.0 319.2 73.2 318.0 73.4 316.8 73.6 315.6 73.7 314.3
  73.9 313.0 74.0 311.7 74.2 310.3 74.3 308.9 74.5 307.5 74.6 306.0 74.8 304.6
  75.0 303.1 75.1 301.7 75.2 300.2 75.3 298.8 75.3 297.3 75.4 295.9 75.4 294.5
  75.5 293.0 75.5 291.6 75.5 290.1 75.6 288.6 75.6 287.1 75.6 285.6 75.6 284.1
  75.6 282.6 75.5 281.1 75.5 279.6 75.4 278.1 75.3 276.6 75.2 275.1 75.1 273.6
  75.0 272.2 74.9 270.8 74.7 269.4 74.6 268.0 74.4 266.7 74.3 265.5 74.2 264.2
  74.1 263.0 74.0 261.9 73.9 260.7 73.9 259.4 73.8 258.0 73.8 256.7 73.8 255.4
  73.8 254.1 73.8 252.8 73.8 251.4 73.8 250.0 73.8 248.6 73.8 247.2 73.8 245.7
  73.8 244.3 73.8 242.8 73.7 241.3 73.7 239.9 73.5 238.5 73.4 237.2 73.2 235.9
  73.1 234.8 72.8 233.7 72.6 232.7 72.4 231.7 72.1 230.8 71.9 230.0 71.6 229.0
  71.3 228.0 71.1 227.1 70.8 226.2 70.5 225.4 70.2 224.6 69.8 223.9 69.6 222.8
  69.3 221.7 69.0 220.6 68.7 219.6 68.5 218.5 68.3 217.5 68.1 216.4 67.9 215.4
  67.7 214.2 67.6 213.0 67.4 211.8 67.3 210.7 67.2 209.7 67.0 208.6 66.9 207.6
  66.8 206.7 66.7 205.7 66.6 204.8 66.5 204.0 66.5 203.1 66.4 202.3 66.4 201.5
  66.3 200.7 66.3 199.9 66.3 199.1 66.4 198.3 66.4 197.6 66.5 196.8 66.5 196.1
  66.6 195.3 66.7 194.5 66.8 193.7 66.9 192.9 67.0 192.1 67.1 191.2 67.3 190.3
  67.4 189.3 67.6 188.4 67.7 187.4 67.8 186.3 68.0 185.3 68.1 184.3 68.3 183.6
  68.5 183.0 68.7 182.3 68.9 181.7 69.1 181.1 69.4 180.5 69.6 179.9 69.8 179.4
  70.1 178.9 70.3 178.7 70.6 178.5 70.9 178.4 71.2 178.3 71.4 178.2 71.7 178.1
  71.9 178.0 72.2 178.0 72.4 178.3 72.7 178.5 72.9 178.8 73.1 179.0 73.2 179.2
  73.4 179.4 73.5 179.6 73.7 179.7 73.8 179.8 73.9 179.9 74.0 179.9 74.1 180.1
  74.2 180.3 74.2 180.4 74.3 180.5 74.3 180.5 74.4 180.5 74.4 180.4 74.4 180.2
  74.4 180.0 74.4 179.8 74.4 179.4 74.4 179.1 74.4 178.7 74.4 178.4 74.4 178.0
  74.4 177.7 74.4 177.4 74.3 177.2 74.3 176.9 74.2 176.7 74.2 176.4 74.1 176.2
  74.0 176.1 73.9 175.9 74.0 175.7 74.0 175.5 74.1 175.4 74.1 175.3 74.2 175.2
  74.2 175.2 74.3 175.1 74.3 175.1 74.3 175.1 74.4 175.1 74.4 175.2 74.4 175.2
  74.5 175.3 74.5 175.4 74.5 175.5 74.5 175.5 74.4 175.6 74.4 175.7 74.4 175.8
  74.4 175.8 74.3 175.9 74.3 176.0 74.2 176.0 74.0 176.1 73.8 176.1 73.5 176.1
  73.3 176.1 73.1 176.1 72.9 176.1 72.6 176.0 72.4 176.0 72.1 176.0 72.0 175.9
  71.9 175.9 71.8 175.5 71.7 175.0 71.6 174.6 71.5 174.1 71.4 173.7 71.3 173.2
  71.2 172.7 71.1 172.2 71.0 171.7 71.0 171.2 70.9 170.7 70.9 170.1 70.9 169.6
  70.8 169.0 70.8 168.4 70.8 167.9 70.7 167.3 70.7 166.7 70.7 166.1 70.6 165.5
  70.6 164.8 70.5 164.2 70.5 163.6 70.4 163.0 70.4 162.3 70.3 161.7 70.2 161.1
  70.2 160.5 70.1 159.9 70.1 159.4 70.2 158.9 70.2 158.4 70.2 158.0 70.2 157.5
  70.3 157.1 70.3 156.7 70.4 156.4
  10 24 48  0.0
  72.5 321.4 72.7 319.6 72.7 317.7 72.8 315.7 72.6 313.7 72.5 311.7 72.3 309.8
  72.1 307.9 71.7 306.1 71.4 304.8 71.1 303.5 70.5 302.3 70.0 301.2 69.5 300.6
  69.0 300.0 68.3 299.3 67.7 298.8 67.1 298.4 66.6 298.1 66.1 297.7 65.7 297.3
  65.4 296.9 65.1 296.4 64.8 295.9 64.4 295.4 64.0 294.9 63.7 294.3 63.4 293.7
  63.2 293.1 63.0 292.5 62.9 291.8 62.7 291.1 62.5 290.4 62.4 289.7 62.3 289.0
  62.3 288.2 62.2 287.4 62.0 286.6 61.8 285.7 61.7 284.8 61.6 283.9 61.4 282.9
  61.2 281.9 61.1 280.9 61.0 279.7 60.8 278.6 60.7 277.4 60.6 276.2 60.6 274.9
  60.6 273.6 60.6 272.3 60.6 270.9 60.7 269.5 60.8 268.1 60.9 266.7 61.0 265.2
  61.1 263.8 61.2 262.3 61.2 260.8 61.2 259.3 61.0 257.7 60.8 256.2 60.6 254.7
  60.3 253.3 60.1 251.9 59.9 250.5 59.6 249.2 59.5 247.9 59.2 246.7 59.0 245.5
  58.9 244.3 58.7 243.2 58.4 242.1 58.2 241.1 57.9 240.0 57.7 239.0 57.3 238.1
  56.9 237.1 56.5 236.2 56.1 235.2 55.6 234.3 55.0 233.4 54.5 232.4 53.9 231.4
  53.3 230.4 52.6 229.4 51.9 228.4 51.2 227.4 50.4 226.5 49.7 225.6 48.9 224.9
  48.1 224.1 47.3 223.4 46.7 222.7 46.0 221.9 45.3 221.2 44.6 220.5 43.9 219.8
  43.4 219.0 42.9 218.2 42.4 217.4 41.8 216.5 41.3 215.5 41.0 214.5 40.7 213.4
  40.4 212.2 40.0 211.1 40.0 209.9 39.9 208.7 39.8 207.5 40.2 206.4 40.5 205.4
  40.8 204.5 41.1 203.6 41.5 202.7 42.0 201.7 42.4 200.8 42.8 200.0 43.3 199.2
  43.8 198.4 44.3 197.6 44.9 196.8 45.3 196.0 45.8 195.2 46.2 194.4 46.7 193.5
  47.1 192.5 47.5 191.6 47.8 190.6 48.2 189.6 48.6 188.6 49.0 187.6 49.4 186.6
  49.8 185.5 50.2 184.5 50.6 183.5 51.0 182.5 51.4 181.5 51.8 180.4 52.3 179.4
  52.6 178.5 53.0 177.5 53.5 176.6 53.9 175.6 54.2 174.7 54.5 173.8 54.9 172.9
  55.2 172.0 55.4 171.0 55.5 170.1 55.7 169.2 55.9 168.3 56.1 167.3 56.0 166.5
  56.0 165.7 55.9 164.8 55.9 163.9 55.7 163.1 55.5 162.2 55.3 161.4 55.1 160.7
  55.0 159.9 54.8 159.2 54.7 158.5 54.5 157.8 54.4 157.2 54.3 156.6 54.3 156.0
  54.2 155.4 54.0 154.8 53.9 154.3 53.9 153.6 53.8 153.0 53.8 152.4 53.8 151.9
  53.6 151.3 53.3 150.8 53.0 150.3 52.7 149.8 52.5 149.3 52.2 148.9 51.9 148.4
  51.7 147.9 51.1 147.3 50.6 146.7 50.2 146.0 49.7 145.3 49.3 144.5 49.0 143.6
  48.6 142.7 48.3 141.8 47.9 140.9 47.6 139.9 47.3 138.9 47.1 137.8 46.8 136.9
  46.5 135.9 46.1 134.9 45.7 134.0 45.3 133.1 44.8 132.2 44.4 131.2 44.0 130.3
  43.5 129.4 43.1 128.4 42.7 127.3 42.5 126.3 42.3 125.2 42.1 124.1 41.9 123.1
  41.9 122.1 41.9 121.1 41.9 120.2 41.8 119.2 41.9 118.2 41.9 117.3 41.9 116.3
  41.9 115.4 42.0 114.4 42.1 113.4 42.2 112.4 42.3 111.4 42.5 110.3 42.8 109.4
  43.0 108.4 43.3 107.5 43.6 106.6 44.0 105.7 44.5 104.8 45.0 104.0 45.5 103.3
  46.0 102.6 46.5 102.0 47.0 101.3 47.6 100.7 48.1 100.1 48.7  99.5 48.9  98.7
  49.1  97.9 49.2  97.1 49.4  96.2
  10 25 48  0.0
  72.5 321.4 72.5 319.4 72.4 317.3 72.3 315.1 72.1 313.0 71.9 310.9 71.5 309.4
  71.2 307.9 70.8 306.5 70.4 305.2 69.9 303.8 69.3 303.3 68.7 302.8 68.0 302.2
  67.4 301.7 66.8 301.6 66.2 301.5 65.6 301.3 65.1 301.3 64.6 301.3 64.1 301.2
  63.7 301.2 63.3 301.0 62.9 300.7 62.6 300.4 62.3 300.1 62.0 299.8 61.6 299.1
  61.3 298.4 61.0 297.6 60.7 296.8 60.4 295.9 60.0 295.0 59.6 293.6 59.2 292.2
  58.9 290.8 58.4 289.3 57.9 287.9 57.5 286.4 57.1 285.1 56.8 283.8 56.6 282.6
  56.5 281.3 56.4 280.1 56.3 278.9 56.4 277.6 56.4 276.3 56.4 274.9 56.4 273.5
  56.4 272.0 56.4 270.4 56.5 268.8 56.5 267.2 56.6 265.6 56.7 264.0 56.8 262.5
  57.1 261.0 57.3 259.5 57.7 258.0 58.1 256.5 58.5 255.0 59.0 253.6 59.4 252.1
  59.8 250.6 60.2 249.1 60.7 247.7 61.0 246.3 61.4 244.8 61.7 243.4 61.8 241.9
  62.0 240.5 62.2 239.1 62.3 237.7 62.3 236.4 62.4 235.1 62.4 233.9 62.4 232.6
  62.4 231.4 62.3 230.3 62.2 229.2 62.1 228.1 62.1 227.0 62.0 226.0 61.9 224.9
  61.8 223.7 61.7 222.6 61.6 221.5 61.5 220.5 61.4 219.5 61.2 218.5 61.1 217.6
  61.0 216.8 60.8 216.0 60.7 215.2 60.6 214.5 60.5 213.8 60.4 213.2 60.3 212.6
  60.2 212.0 60.2 211.4 60.3 210.8 60.4 210.3 60.4 209.7 60.5 209.1 60.7 208.5
  60.8 207.9 61.0 207.2 61.2 206.6 61.4 205.9 61.6 205.1 61.8 204.4 62.0 203.7
  62.2 202.7 62.4 201.8 62.6 200.9 62.7 200.0 62.8 199.0 63.0 198.1 63.1 197.2
  63.2 196.3 63.4 195.3 63.4 194.4 63.5 193.5 63.6 192.6 63.7 191.8 63.8 190.9
  63.9 190.0 64.0 189.1 64.1 188.2 64.2 187.4 64.3 186.6 64.4 185.7 64.4 184.9
  64.5 184.1 64.6 183.3 64.6 182.5 64.7 181.7 64.8 180.8 64.8 180.0 64.9 179.1
  64.9 178.2 64.9 177.3 64.9 176.4 65.0 175.5 65.0 174.6 64.9 173.6 64.9 172.7
  64.9 171.7 64.8 170.8 64.7 169.8 64.6 168.9 64.6 168.0 64.4 167.0 64.3 166.1
  64.2 165.1 64.1 164.2 64.0 163.2 63.8 162.4 63.7 161.6 63.6 160.8 63.5 160.1
  63.4 159.4 63.2 158.8 63.1 158.1 63.0 157.5 62.8 156.9 62.7 156.3 62.5 155.8
  62.3 155.2 62.2 154.7 62.0 154.1 61.8 153.7 61.6 153.2 61.4 152.8 61.3 152.4
  61.1 152.0 60.9 151.6 60.7 151.1 60.6 150.7 60.4 150.3 60.2 149.9 60.1 149.5
  59.9 149.1 59.7 148.7 59.6 148.4 59.4 148.1 59.2 147.8 59.1 147.4 58.9 147.1
  58.7 146.8 58.5 146.4 58.2 146.1 58.0 145.7 57.7 145.4 57.4 145.2 57.1 144.9
  56.8 144.6 56.5 144.3 56.1 144.0 55.7 143.7 55.3 143.5 54.8 143.3 54.3 143.1
  53.7 142.9 53.2 142.6 52.6 142.3 52.0 142.0 51.5 141.6 51.0 141.0 50.5 140.4
  50.1 139.7 49.8 139.0 49.6 138.1 49.4 137.2 49.1 136.2 48.9 135.3 48.6 134.4
  48.3 133.5 48.0 132.6 47.7 131.8 47.4 130.9 47.1 130.0 46.8 129.2 46.4 128.3
  46.0 127.5 45.8 126.5 45.6 125.5 45.4 124.6 45.2 123.5 45.2 122.5 45.3 121.5
  45.3 120.5 45.4 119.5 45.5 118.5 45.7 117.5 45.8 116.5 45.9 115.5 46.1 114.6
  46.4 113.6 46.6 112.7 46.8 111.8
  10 26 48  0.0
  72.5 321.4 72.3 320.0 72.0 318.5 71.8 317.6 71.5 316.7 71.3 315.8 71.0 314.9
  70.7 314.0 70.4 313.1 70.0 312.2 69.7 311.2 69.3 311.0 68.9 310.8 68.5 310.5
  68.0 310.3 67.5 310.1 67.1 310.2 66.7 310.2 66.2 310.2 65.8 310.2 65.3 310.2
  64.9 310.2 64.5 310.2 64.1 310.2 63.7 310.2 63.3 310.1 62.9 310.0 62.6 309.9
  62.2 309.9 61.9 309.9 61.6 309.5 61.3 309.1 61.1 308.7 60.9 308.3 60.7 307.9
  60.4 307.5 60.2 307.1 60.0 306.8 59.8 305.6 59.6 304.5 59.4 303.4 59.2 302.4
  59.0 301.3 58.8 300.2 58.6 299.0 58.4 297.8 58.2 296.6 58.0 295.3 57.6 293.9
  57.3 292.4 57.0 291.0 56.6 289.5 56.2 288.1 55.8 286.7 55.5 285.3 55.1 283.9
  55.1 282.6 55.0 281.3 54.9 280.0 54.8 278.7 54.9 277.4 55.1 276.1 55.2 274.8
  55.5 273.4 55.8 272.0 56.1 270.4 56.5 268.9 56.8 267.3 57.2 265.7 57.5 264.0
  57.9 262.4 58.3 260.8 58.7 259.2 59.1 257.5 59.6 255.9 60.0 254.3 60.5 252.7
  61.0 251.1 61.5 249.5 62.1 247.9 62.6 246.4 63.1 244.9 63.5 243.4 63.9 241.8
  64.2 240.2 64.5 238.6 64.7 237.1 64.9 235.5 64.9 234.0 64.9 232.5 64.9 231.1
  64.7 229.8 64.6 228.5 64.4 227.3 64.2 226.2 63.9 225.2 63.7 224.2 63.5 223.3
  63.2 222.5 63.0 221.7 62.7 220.9 62.5 220.2 62.3 219.5 62.1 218.8 62.0 218.1
  61.8 217.2 61.7 216.2 61.5 215.3 61.3 214.4 61.1 213.5 60.9 212.7 60.7 211.9
  60.5 211.2 60.4 210.5 60.2 209.9 60.1 209.3 59.9 208.7 59.8 207.8 59.8 207.0
  59.7 206.2 59.7 205.5 59.7 204.8 59.7 204.1 59.8 203.5 59.8 202.9 59.8 202.3
  59.8 201.8 59.9 201.3 60.0 200.7 60.1 200.2 60.2 199.5 60.2 198.8 60.3 198.0
  60.3 197.3 60.4 196.5 60.5 195.8 60.4 195.1 60.4 194.4 60.4 193.7 60.4 193.0
  60.5 192.3 60.5 191.7 60.5 191.0 60.5 190.3 60.5 189.6 60.5 189.0 60.5 188.3
  60.6 187.6 60.6 186.8 60.6 186.1 60.6 185.4 60.6 184.6 60.7 183.8 60.7 183.0
  60.7 182.1 60.7 181.3 60.7 180.3 60.7 179.4 60.6 178.4 60.5 177.5 60.4 176.6
  60.4 175.7 60.1 174.9 59.9 174.0 59.7 173.2 59.5 172.4 59.4 171.6 59.0 170.9
  58.6 170.1 58.3 169.4 57.9 168.8 57.6 168.0 57.2 167.2 56.8 166.5 56.4 165.8
  56.0 165.0 55.7 164.3 55.4 163.5 55.0 162.7 54.6 162.0 54.2 161.3 53.8 160.6
  53.4 160.0 52.9 159.4 52.3 158.8 51.7 158.2 51.0 157.6 50.4 157.0 49.7 156.4
  49.0 155.5 48.3 154.7 47.6 153.9 46.9 153.0 46.3 152.0 45.8 151.0 45.3 150.0
  44.8 149.0 44.3 147.9 44.0 146.9 43.7 145.8 43.3 144.8 43.0 143.8 42.6 142.7
  42.2 141.7 41.8 140.7 41.3 139.6 40.9 138.5 40.5 137.4 40.2 136.3 39.8 135.2
  39.5 134.0 39.2 132.8 38.9 131.6 38.8 130.3 38.7 129.1 38.6 127.8 38.7 126.5
  38.7 125.2 38.8 124.0 39.0 122.7 39.2 121.6 39.4 120.5 39.6 119.4 40.0 118.4
  40.5 117.7 41.0 117.0 41.5 116.3 42.0 115.7 42.6 115.1 43.2 114.6 43.8 114.0
  44.3 113.5 44.8 112.9 45.3 112.3 45.8 111.7 46.3 111.1 46.8 110.5 47.3 110.0
  47.8 109.3 48.2 108.7 48.7 108.2
  10 27 48  0.0
  72.5 321.4 72.2 320.1 71.9 318.7 71.7 318.0 71.4 317.2 71.2 316.5 70.9 315.8
  70.7 315.2 70.5 314.6 70.3 313.9 70.1 313.3 70.0 312.7 69.8 312.4 69.7 312.0
  69.6 311.6 69.6 311.2 69.5 310.8 69.5 310.4 69.4 310.0 69.3 309.5 69.2 309.1
  69.1 308.6 69.0 308.2 68.8 307.8 68.7 307.4 68.6 307.0 68.5 306.6 68.3 306.2
  68.1 305.9 67.9 305.6 67.7 305.5 67.4 305.4 67.1 305.3 66.8 305.3 66.5 305.3
  66.2 305.4 65.8 305.5 65.4 305.3 65.0 305.1 64.6 304.9 64.2 304.7 63.9 304.6
  63.5 304.0 63.2 303.6 63.0 303.1 62.7 302.6 62.5 302.1 62.3 301.7 62.1 301.2
  61.8 300.8 61.6 299.9 61.5 299.0 61.3 298.2 61.0 297.3 60.8 296.4 60.6 295.5
  60.4 294.5 60.1 293.6 59.9 292.7 59.6 291.4 59.4 290.1 59.2 288.8 58.9 287.5
  59.0 286.2 59.0 284.9 59.0 283.5 59.2 282.1 59.4 280.6 59.5 279.0 59.8 277.4
  60.0 275.7 60.3 274.0 60.6 272.4 60.9 270.8 61.4 269.2 61.8 267.6 62.3 266.0
  62.8 264.7 63.3 263.4 63.7 262.0 64.0 260.6 64.4 259.5 64.7 258.3 65.0 257.1
  65.3 255.9 65.5 254.6 65.8 253.2 66.0 251.8 66.3 250.8 66.6 249.8 66.9 248.8
  67.2 247.6 67.4 246.5 67.6 245.2 67.8 243.9 68.0 242.5 68.1 241.1 68.3 240.0
  68.5 238.8 68.6 237.7 68.7 236.4 68.8 235.2 68.8 233.9 68.9 232.6 68.9 231.3
  68.9 230.0 68.8 228.7 68.7 227.4 68.6 226.2 68.4 225.0 68.3 223.9 68.1 222.8
  67.9 221.7 67.7 220.7 67.6 219.6 67.4 218.6 67.3 217.6 67.1 216.6 67.0 215.6
  66.8 214.6 66.7 213.6 66.6 212.7 66.5 211.7 66.4 210.8 66.4 209.9 66.3 209.0
  66.2 208.2 66.2 207.3 66.1 206.5 66.1 205.7 66.1 205.0 66.1 204.3 66.0 203.5
  66.0 202.9 66.0 202.2 66.0 201.5 66.0 200.9 66.0 200.2 66.1 199.6 66.1 198.9
  66.2 198.3 66.3 197.6 66.4 197.0 66.4 196.3 66.5 195.6 66.6 195.0 66.8 194.3
  66.9 193.6 67.0 192.9 67.1 192.1 67.2 191.4 67.4 190.6 67.5 189.9 67.7 189.1
  67.8 188.2 68.0 187.4 68.2 186.6 68.4 185.9 68.6 185.3 68.8 184.6 68.9 183.9
  69.1 183.3 69.3 182.6 69.5 182.0 69.7 181.3 69.9 180.7 70.1 180.1 70.3 179.6
  70.4 179.2 70.6 178.7 70.7 178.3 70.8 177.8 71.0 177.4 71.1 177.0 71.2 176.5
  71.3 176.1 71.4 175.7 71.4 175.3 71.5 174.9 71.5 174.6 71.5 174.2 71.5 173.9
  71.6 173.5 71.6 173.1 71.6 172.7 71.7 172.3 71.7 171.8 71.7 171.4 71.7 170.9
  71.7 170.4 71.7 169.9 71.7 169.4 71.8 168.8 71.8 168.2 71.8 167.6 71.8 167.0
  71.8 166.3 71.8 165.7 71.9 165.0 71.9 164.3 71.9 163.6 71.9 162.9 71.9 162.1
  72.0 161.4 72.0 160.6 72.0 159.8 72.0 159.4 72.0 159.0 72.0 158.7 72.0 158.3
  72.0 158.0 72.0 157.8 72.0 157.0 71.9 156.3 71.8 155.6 71.8 154.9 71.7 154.3
  71.7 153.6 71.6 153.0 71.5 152.4 71.4 151.8 71.4 151.3 71.3 150.7 71.3 150.3
  71.2 149.8 71.2 149.4 71.1 149.1 71.0 148.8 70.9 148.5 70.8 148.2 70.7 148.0
  70.7 147.7 70.7 147.4 70.7 147.1 70.7 146.7 70.7 146.3 70.6 145.9 70.6 145.5
  70.5 145.1 70.5 144.6 70.4 144.2
  10 28 48  0.0
  72.5 321.4 72.1 319.9 71.8 318.4 71.5 317.5 71.2 316.7 70.9 315.8 70.6 315.0
  70.3 314.1 70.0 313.2 69.7 312.8 69.4 312.4 69.2 312.0 68.8 311.6 68.4 311.2
  68.1 310.8 67.7 310.4 67.4 310.2 67.1 310.1 66.9 309.9 66.7 309.7 66.5 309.5
  66.3 309.2 66.1 309.0 66.0 308.7 65.9 308.4 65.9 307.9 65.8 307.4 65.9 306.8
  65.9 306.1 66.0 305.4 66.1 304.6 66.2 304.0 66.4 303.3 66.6 302.5 66.9 301.6
  67.1 300.6 67.4 299.5 67.6 298.2 67.7 297.0 67.8 295.8 67.8 294.7 67.7 293.7
  67.7 292.8 67.6 291.9 67.4 291.1 67.2 290.3 67.0 289.6 66.9 289.0 66.7 288.3
  66.5 287.6 66.4 287.0 66.3 286.3 66.2 285.6 66.2 284.8 66.1 284.0 66.2 283.1
  66.3 282.2 66.4 281.1 66.6 279.9 66.9 278.6 67.1 277.2 67.4 275.6 67.6 273.9
  67.9 272.3 68.1 270.7 68.2 269.2 68.4 267.8 68.5 266.3 68.6 265.0 68.7 263.6
  68.7 262.3 68.7 261.0 68.7 259.7 68.7 258.5 68.7 257.3 68.7 256.1 68.7 254.9
  68.7 253.8 68.8 252.7 68.8 251.5 68.8 250.4 68.8 249.2 68.9 248.0 68.9 246.9
  69.0 245.7 69.0 244.5 69.0 243.3 69.0 242.2 68.9 241.0 68.9 239.9 68.8 238.9
  68.7 237.9 68.6 236.8 68.6 235.9 68.4 234.9 68.3 233.9 68.2 233.0 68.1 232.1
  68.0 231.2 67.9 230.3 67.7 229.2 67.6 228.2 67.4 227.1 67.3 226.1 67.1 225.2
  67.0 224.2 66.8 223.2 66.7 222.3 66.6 221.4 66.5 220.5 66.4 219.6 66.3 218.7
  66.2 217.8 66.1 216.9 66.0 216.1 65.9 215.5 65.8 214.9 65.7 214.3 65.6 213.7
  65.5 213.0 65.4 212.4 65.3 211.8 65.2 211.1 65.2 210.5 65.1 209.8 65.1 209.2
  65.0 208.5 65.0 207.8 65.0 207.1 65.0 206.4 64.9 205.7 64.9 205.1 64.9 204.4
  64.9 203.7 64.9 203.1 65.0 202.5 65.0 201.9 65.0 201.3 65.0 200.8 65.0 200.3
  65.1 199.8 65.2 199.3 65.2 198.8 65.3 198.4 65.4 198.0 65.5 197.7 65.6 197.3
  65.7 197.0 65.8 196.7 65.9 196.4 65.9 196.2 66.0 195.9 66.2 195.5 66.3 195.1
  66.4 194.7 66.6 194.4 66.7 194.0 66.8 193.6 66.9 193.3 67.1 192.9 67.2 192.5
  67.4 192.1 67.5 191.7 67.7 191.2 67.9 190.7 68.0 190.3 68.2 189.7 68.4 189.2
  68.6 188.7 68.8 188.2 69.0 187.6 69.2 187.0 69.4 186.4 69.6 185.8 69.8 185.2
  70.0 184.6 70.2 184.1 70.5 183.6 70.7 183.2 70.9 182.7 71.1 182.2 71.3 181.7
  71.5 181.2 71.8 180.6 72.0 180.1 72.2 179.6 72.3 179.3 72.5 179.0 72.7 178.8
  72.9 178.5 73.0 178.2 73.2 177.9 73.3 177.6 73.5 177.4 73.6 177.1 73.7 176.8
  73.8 176.5 74.0 176.3 74.1 176.0 74.1 176.0 74.2 175.9 74.2 175.9 74.3 176.0
  74.3 176.0 74.3 176.0 74.4 176.1 74.5 176.1 74.6 176.2 74.7 176.2 74.8 176.3
  74.9 176.4 75.0 176.4 75.0 176.5 75.1 176.6 75.2 176.7 75.3 176.7 75.4 176.8
  75.4 176.9 75.5 177.0 75.6 177.1 75.6 177.2 75.7 177.3 75.8 177.4 75.8 177.5
  75.9 177.6 75.9 177.7 76.0 177.8 76.1 177.9 76.1 178.1 76.2 178.4 76.2 178.6
  76.3 178.9 76.3 179.2 76.4 179.6 76.5 180.0 76.5 180.4 76.6 180.9 76.7 181.4
  76.8 182.0 76.8 182.6 76.9 183.3
  10 29 48  0.0
  72.5 321.4 72.1 320.6 71.6 319.8 71.3 319.5 70.9 319.1 70.5 318.8 70.1 318.4
  69.7 318.1 69.3 318.0 68.9 317.9 68.5 317.8 68.1 317.7 67.7 317.6 67.3 317.4
  66.9 317.2 66.5 316.9 66.1 316.7 65.7 316.5 65.4 315.9 65.2 315.3 64.9 314.8
  64.7 314.2 64.5 313.7 64.2 313.3 64.0 312.8 63.8 312.0 63.5 311.2 63.3 310.5
  63.1 309.8 62.8 309.1 62.5 308.4 62.3 307.8 61.9 307.2 61.6 306.1 61.2 305.1
  60.9 304.1 60.5 303.0 60.1 301.9 59.8 300.8 59.5 299.3 59.4 297.9 59.3 296.5
  59.2 295.0 59.3 293.6 59.3 292.2 59.3 290.8 59.4 289.4 59.4 287.9 59.4 286.4
  59.4 284.9 59.3 283.4 59.2 281.8 59.0 280.1 58.9 278.4 58.8 276.7 58.8 274.9
  58.9 273.1 59.1 271.3 59.4 269.6 59.8 267.8 60.3 266.2 61.0 264.6 61.6 263.1
  62.1 261.7 62.6 260.3 63.0 258.9 63.3 257.6 63.5 256.2 63.6 254.8 63.6 253.4
  63.6 252.0 63.5 250.7 63.4 249.3 63.2 248.0 63.0 246.7 62.9 245.4 62.7 244.1
  62.6 242.9 62.5 241.7 62.4 240.5 62.3 239.4 62.3 238.4 62.2 237.5 62.1 236.6
  62.1 235.8 61.9 235.1 61.6 234.2 61.4 233.3 61.2 232.5 60.9 231.6 60.5 230.8
  60.2 230.0 59.8 229.3 59.4 228.2 59.0 227.1 58.7 226.0 58.3 224.9 58.0 223.9
  57.6 222.5 57.3 221.2 56.9 220.0 56.6 218.8 56.2 217.7 55.7 216.7 55.3 215.5
  54.9 214.3 54.5 213.2 54.0 212.1 53.5 211.0 53.0 209.7 52.5 208.4 52.0 207.2
  51.7 205.8 51.3 204.4 51.0 202.9 50.9 201.5 50.7 200.0 50.7 198.4 50.6 196.9
  50.4 195.3 50.5 193.7 50.6 192.0 50.7 190.2 50.7 188.4 50.8 186.6 50.8 184.8
  50.8 183.0 50.9 181.2 51.1 179.5 51.1 177.8 51.2 176.1 51.3 174.6 51.4 173.1
  51.6 171.7 51.7 170.4 51.9 169.2 52.0 168.1 52.2 167.1 52.0 166.1 51.9 165.2
  51.7 164.2 51.5 163.3 51.2 162.4 50.8 161.4 50.5 160.5 50.1 159.5 49.8 158.5
  49.4 157.3 49.1 156.1 48.8 154.8 48.5 153.5 48.1 152.2 47.8 150.9 47.4 149.3
  47.0 147.7 46.6 146.2 46.2 144.6 45.9 142.9 45.8 141.1 45.8 139.3 46.1 137.4
  46.3 135.7 46.6 134.0 46.9 132.3 47.2 130.7 47.3 129.2 47.5 127.7 47.6 126.2
  47.7 124.8 47.7 123.4 47.9 122.1 48.1 120.8 48.2 119.6 48.5 118.3 48.8 117.0
  49.0 115.8 49.4 114.5 49.8 113.2 50.2 112.0 50.6 110.6 51.1 109.3 51.5 108.0
  51.8 106.7 52.2 105.5 52.5 104.4 52.8 103.3 52.9 102.2 53.1 101.1 53.2 100.0
  53.3  98.9 53.4  97.8 53.6  96.7 53.7  95.6 53.8  94.5 54.0  93.4 54.2  92.2
  54.4  91.3 54.6  90.4 54.9  89.4 55.2  88.5 55.5  87.7 55.9  86.8 56.3  85.9
  56.7  85.2 57.1  84.5 57.5  83.8 58.0  83.1 58.5  82.4 59.0  81.7 59.5  81.0
  60.0  80.3 60.5  79.5 61.0  79.1 61.6  78.7 62.1  78.4 62.7  78.0 63.3  77.7
  63.9  77.3 64.4  77.0 65.0  76.8 65.5  76.5 66.0  76.3 66.6  76.3 67.1  76.2
  67.5  76.2 68.0  76.3 68.5  76.4 68.9  76.5 69.3  76.7 69.7  76.9 70.1  77.1
  70.5  77.2 70.9  77.3 71.2  77.5 71.5  77.6 71.8  77.7 72.1  77.8 72.3  77.9
  72.6  78.0 72.8  78.0 73.1  78.0
  10 30 48  0.0
  72.5 321.4 72.2 321.4 71.9 321.4 71.6 321.4 71.3 321.4 71.0 321.4 70.6 321.3
  70.3 321.3 70.0 321.2 69.7 321.2 69.4 321.2 69.0 321.1 68.6 321.1 68.3 321.1
  67.8 321.0 67.5 321.1 67.1 321.1 66.6 321.1 66.2 321.1 65.8 321.0 65.4 320.9
  65.0 320.8 64.6 320.6 64.2 320.3 63.8 320.1 63.4 319.6 63.2 319.0 63.0 318.4
  62.8 317.7 62.5 316.9 62.3 316.1 62.0 315.3 62.0 314.4 61.9 313.4 61.7 312.4
  61.6 311.4 61.6 310.3 61.5 309.1 61.5 308.0 61.5 306.8 61.4 305.6 61.4 304.3
  61.3 303.1 61.3 301.8 61.3 300.5 61.2 299.2 61.3 297.8 61.3 296.4 61.4 295.0
  61.6 293.5 61.7 292.0 61.9 290.6 62.2 289.1 62.6 288.1 63.0 287.0 63.4 285.9
  63.8 284.9 64.2 283.8 64.6 283.0 65.1 282.3 65.5 281.5 65.9 280.7 66.2 279.8
  66.4 279.0 66.6 278.3 66.8 277.6 66.9 276.9 67.0 276.3 67.1 275.6 67.1 275.1
  67.2 274.5 67.3 274.0 67.4 273.5 67.4 273.1 67.5 272.7 67.6 272.4 67.6 272.1
  67.7 271.8 67.9 271.6 68.1 271.5 68.4 271.2 68.6 271.0 68.9 270.9 69.1 270.8
  69.3 270.7 69.5 270.7 69.7 270.6 69.8 270.4 70.0 270.1 70.1 269.7 70.3 269.1
  70.4 268.3 70.5 267.5 70.7 266.6 70.9 265.6 71.1 264.4 71.3 263.2 71.4 261.9
  71.5 260.5 71.6 259.1 71.6 257.6 71.7 256.1 71.7 254.7 71.6 253.3 71.5 251.9
  71.5 250.6 71.4 249.4 71.3 248.2 71.2 247.1 71.2 246.0 71.1 245.0 71.1 243.9
  71.1 242.9 71.1 242.0 71.2 241.0 71.2 240.1 71.2 239.2 71.2 238.4 71.2 237.5
  71.2 236.7 71.2 235.9 71.2 235.2 71.2 234.5 71.1 233.8 71.1 233.2 71.1 232.6
  71.0 232.1 70.9 231.6 70.8 231.1 70.7 230.7 70.6 230.3 70.4 230.0 70.3 229.7
  70.2 229.4 70.0 229.1 69.9 228.8 69.7 228.0 69.6 227.1 69.4 226.3 69.2 225.6
  69.1 224.8 68.9 224.0 68.8 223.3 68.6 222.5 68.5 221.8 68.4 221.0 68.2 220.2
  68.1 219.4 68.0 218.6 67.9 217.7 67.8 216.8 67.7 215.9 67.6 214.9 67.5 214.0
  67.4 213.0 67.3 212.0 67.3 211.1 67.2 210.1 67.1 209.0 67.0 208.0 67.0 206.9
  66.9 205.8 66.8 204.7 66.8 203.6 66.8 202.6 66.8 201.5 66.8 200.5 66.8 199.4
  66.9 198.5 67.1 197.5 67.2 196.7 67.4 195.9 67.6 195.1 67.9 194.4 68.1 193.8
  68.4 193.2 68.7 192.7 69.0 192.1 69.3 191.6 69.5 191.0 69.8 190.5 70.0 189.9
  70.2 189.3 70.5 188.6 70.7 187.9 70.8 187.2 70.9 186.5 71.0 185.8 71.1 185.1
  71.2 184.4 71.3 183.7 71.3 183.0 71.4 182.3 71.5 181.6 71.6 180.8 71.6 180.1
  71.7 179.4 71.8 178.7 71.8 177.9 71.9 177.2 72.0 176.5 72.0 175.7 72.1 175.1
  72.1 174.5 72.2 173.9 72.2 173.3 72.3 172.7 72.4 172.1 72.5 171.5 72.5 170.9
  72.6 170.3 72.6 169.6 72.7 169.0 72.8 168.4 72.8 167.7 72.9 167.1 72.9 166.4
  73.0 165.7 73.1 165.1 73.1 164.4 73.2 163.6 73.3 162.9 73.3 162.1 73.4 161.3
  73.5 160.5 73.5 159.7 73.6 158.8 73.6 157.9 73.6 157.0 73.7 156.0 73.7 155.1
  73.7 154.2 73.7 153.2 73.7 152.4 73.6 151.5 73.6 150.7 73.5 150.0 73.5 149.2
  73.4 148.6 73.4 147.9 73.4 147.3
  10 31 48  0.0
  72.5 321.4 72.2 321.2 72.0 321.1 71.8 321.2 71.6 321.3 71.4 321.5 71.2 321.6
  71.1 321.8 70.9 322.0 70.8 322.2 70.7 322.4 70.5 322.7 70.5 323.0 70.4 323.3
  70.3 323.7 70.2 324.0 70.0 324.3 69.8 324.8 69.6 325.3 69.4 325.8 69.2 326.3
  69.0 326.8 68.8 327.3 68.6 327.8 68.4 328.3 68.0 328.7 67.5 329.1 67.0 329.4
  66.6 329.8 66.1 330.0 65.6 330.3 65.1 330.4 64.5 330.6 64.0 330.8 63.4 330.8
  62.8 330.8 62.2 330.9 61.5 331.0 60.8 330.8 60.2 330.5 59.6 330.2 59.0 329.4
  58.5 328.6 57.9 327.8 57.6 326.6 57.1 325.4 56.7 324.2 56.3 323.1 55.9 322.0
  55.6 320.9 55.2 319.8 55.0 318.8 54.8 317.8 54.6 317.0 54.4 316.2 54.1 315.5
  54.2 314.8 54.2 314.1 54.3 313.5 54.4 312.8 54.5 312.2 54.6 311.6 54.9 310.9
  55.3 310.2 55.6 309.4 55.9 308.5 56.1 307.6 56.4 306.6 56.6 305.4 56.8 304.1
  57.0 302.7 57.1 301.2 57.1 299.6 57.2 298.0 57.3 296.3 57.4 294.6 57.5 292.9
  57.6 291.3 57.8 289.7 58.0 288.2 58.2 286.7 58.5 285.3 58.9 283.9 59.3 282.6
  59.7 281.2 60.2 279.8 60.6 278.5 60.9 277.1 61.3 275.7 61.4 274.3 61.6 272.8
  61.8 271.4 61.9 269.9 62.0 268.4 62.1 266.9 62.3 265.7 62.5 264.5 62.8 263.4
  63.0 262.2 63.3 261.1 63.6 259.9 63.8 258.7 64.1 257.5 64.3 256.3 64.6 255.0
  64.8 253.8 64.9 252.5 65.1 251.2 65.0 249.9 65.0 248.7 64.9 247.5 64.7 246.3
  64.5 245.1 64.3 244.0 64.2 242.9 63.9 241.8 63.8 240.8 63.6 239.8 63.4 238.9
  63.3 238.0 63.1 237.1 63.0 236.2 62.9 235.4 62.7 234.6 62.5 233.8 62.3 233.1
  62.1 232.4 61.9 231.7 61.7 230.9 61.4 230.1 61.1 229.3 60.8 228.6 60.5 227.9
  60.1 227.2 59.7 226.5 59.3 225.4 59.0 224.4 58.6 223.4 58.2 222.4 57.8 221.5
  57.5 220.4 57.1 219.3 56.7 218.4 56.3 217.4 55.9 216.6 55.4 215.6 55.1 214.6
  54.7 213.6 54.4 212.7 54.0 211.7 53.6 210.6 53.3 209.3 52.9 208.1 52.5 206.9
  52.2 205.8 51.9 204.6 51.5 203.2 51.4 201.9 51.2 200.5 51.1 199.2 51.1 197.8
  51.1 196.5 51.1 195.1 51.3 193.6 51.4 192.1 51.6 190.5 51.7 188.9 51.9 187.2
  52.0 185.5 52.1 183.8 52.2 182.3 52.4 180.9 52.6 179.4 52.8 178.0 52.9 176.7
  53.1 175.3 53.3 174.1 53.6 172.9 53.8 171.7 54.1 170.5 54.5 169.6 54.9 168.7
  55.2 167.9 55.4 167.0 55.5 166.2 55.5 165.4 55.6 164.6 55.6 163.9 55.5 163.2
  55.3 162.6 55.2 161.9 55.0 161.4 54.8 160.8 54.5 160.3 54.3 159.9 54.1 159.4
  53.9 159.0 53.7 158.2 53.5 157.5 53.3 156.8 53.2 156.1 53.0 155.4 52.8 154.8
  52.7 154.2 52.6 153.5 52.4 152.9 52.3 152.4 52.1 151.8 51.9 151.3 51.7 150.3
  51.4 149.4 51.2 148.5 51.0 147.7 50.8 146.8 50.6 146.0 50.5 145.2 50.4 144.4
  50.3 143.6 50.3 142.8 50.4 142.0 50.5 141.1 50.6 140.2 50.7 139.3 50.8 138.3
  51.0 137.4 51.1 136.4 51.2 135.4 51.1 134.3 51.1 133.2 51.0 132.2 50.8 131.1
  50.7 130.0 50.5 129.0 50.3 127.9 50.2 126.9 50.2 125.8 50.2 124.8 50.1 123.7
  50.3 122.7 50.4 121.6 50.6 120.5
