   6  1 76  0.0
  72.5 321.4 72.6 320.7 72.7 320.0 72.8 319.4 72.9 318.7 73.0 318.2 73.1 317.6
  73.1 317.1 73.2 316.7 73.3 316.2 73.4 315.8 73.3 315.5 73.3 315.2 73.3 315.0
  73.3 314.7 73.3 314.6 73.3 314.4 73.2 314.3 73.2 314.2 73.2 314.1 73.1 314.0
  73.1 314.0 73.0 313.9 73.0 313.9 72.9 313.9 72.9 313.9 72.8 313.9 72.8 313.9
  72.7 313.9 72.7 313.9 72.6 313.9 72.6 313.9 72.5 313.9 72.5 313.9 72.4 313.9
  72.4 313.9 72.3 313.9 72.2 313.9 72.2 313.9 72.1 313.9 72.0 313.9 71.9 314.2
  71.8 314.5 71.7 314.8 71.6 315.1 71.5 315.4 71.4 315.7 71.3 316.0 71.2 316.2
  71.1 316.4 71.1 316.7 71.0 317.0 70.9 317.2 70.9 317.5 70.8 317.8 70.7 318.2
  70.6 318.5 70.5 318.8 70.4 319.2 70.3 319.5 70.1 319.9 70.0 320.3 69.9 320.9
  69.8 321.6 69.6 322.2 69.5 322.8 69.4 323.4 69.2 324.0 69.1 324.6 69.0 325.1
  68.9 325.7 68.8 326.2 68.6 326.7 68.5 327.2 68.4 327.7 68.2 328.1 68.1 328.5
  68.0 328.8 67.9 329.2 67.8 329.9 67.7 330.7 67.6 331.4 67.6 332.2 67.5 332.9
  67.5 333.7 67.4 334.4 67.4 335.2 67.4 336.0 67.3 336.8 67.2 337.6 67.2 338.4
  67.1 339.3 67.0 340.1 66.8 340.9 66.7 341.6 66.6 342.4 66.5 343.2 66.3 344.0
  66.2 344.7 66.1 345.5 66.0 346.2 65.9 347.3 65.8 348.4 65.8 349.4 65.7 350.4
  65.7 351.4 65.6 352.3 65.6 353.2 65.7 354.2 65.7 355.1 65.8 356.1 65.9 357.0
  65.9 358.0 66.0 358.9 66.1 359.7 66.2   0.6 66.3   0.9 66.5   1.2 66.6   1.5
  66.7   1.8 66.9   2.2 67.0   2.5 67.1   2.8 67.3   3.1 67.4   3.3 67.5   3.6
  67.6   3.9 67.7   4.1 67.8   4.4 68.0   4.6 68.1   4.8 68.2   4.9 68.4   5.0
  68.5   5.1 68.7   5.2 68.8   5.3 68.9   5.3 69.1   5.3 69.2   5.4 69.4   5.4
  69.5   5.4 69.6   5.4 69.8   5.4 69.9   5.3 70.1   5.3 70.3   5.2 70.4   5.0
  70.6   4.9 70.7   4.8 70.9   4.6 71.0   4.4 71.1   4.3 71.2   4.1 71.4   3.9
  71.4   3.7 71.4   3.5 71.4   3.3 71.4   3.1 71.3   2.9 71.3   2.6 71.3   2.4
  71.3   2.2 71.2   1.9 71.2   1.6 71.1   1.3 71.0   1.0 71.0   0.7 70.9   0.4
  70.8   0.1 70.6 359.8 70.4 358.8 70.1 357.9 69.8 357.0 69.6 356.2 69.3 355.5
  68.9 354.8 68.5 354.1 68.1 353.5 67.7 352.9 67.3 352.4 66.9 352.0 66.5 351.6
  65.9 351.1 65.4 351.0 64.8 350.8 64.2 350.6 63.6 350.3 62.9 350.3 62.3 350.3
  61.7 350.2 61.0 350.3 60.4 350.4 59.7 350.4 59.1 350.5 58.4 350.6 57.7 350.7
  57.1 350.8 56.4 350.9 55.8 350.9 55.2 350.9 54.5 350.8 53.9 350.7 53.3 350.6
  52.8 350.5 52.2 350.3 51.6 350.2 51.1 350.0 50.5 349.8 50.0 349.7 49.5 349.5
  49.0 349.4 48.5 349.2 48.1 349.1 47.6 348.9 47.2 348.8 46.8 348.6 46.4 348.5
  46.1 348.4 45.7 348.3 45.4 348.2 45.0 348.0 44.7 347.9 44.2 347.8 43.8 347.6
  43.4 347.4 43.0 347.2 42.6 346.9 42.2 346.7 41.9 346.5 41.6 346.2 41.3 345.9
  41.0 345.6 40.8 345.4 40.5 345.1 40.3 344.8 40.1 344.6 39.9 344.3 39.7 344.0
  39.5 343.7 39.4 343.4 39.3 343.1
   6  2 76  0.0
  72.5 321.4 72.5 320.1 72.5 318.8 72.4 317.6 72.4 316.4 72.4 315.2 72.3 314.1
  72.3 313.0 72.3 311.9 72.3 310.9 72.3 309.9 72.3 309.0 72.3 308.1 72.4 307.3
  72.4 306.5 72.5 305.7 72.5 305.1 72.5 304.5 72.6 304.0 72.6 303.5 72.6 303.1
  72.6 302.8 72.6 302.5 72.6 302.3 72.5 302.1 72.5 302.0 72.4 301.9 72.4 301.9
  72.3 301.9 72.3 302.0 72.2 302.0 72.1 302.2 72.0 302.3 72.0 302.5 71.9 302.8
  71.8 303.2 71.7 303.6 71.6 304.0 71.6 304.4 71.4 304.7 71.3 305.1 71.2 305.5
  71.1 305.9 71.0 306.2 70.9 306.6 70.8 306.9 70.8 307.3 70.7 307.6 70.6 308.0
  70.6 308.3 70.5 308.7 70.4 309.0 70.3 309.4 70.2 309.8 70.1 310.1 70.0 310.5
  69.9 311.1 69.7 311.6 69.6 312.2 69.5 312.8 69.4 313.3 69.3 313.9 69.2 314.5
  69.1 315.0 69.0 315.5 68.8 316.1 68.8 316.6 68.7 317.0 68.7 317.5 68.6 318.0
  68.5 318.4 68.5 318.9 68.4 319.3 68.3 319.7 68.2 320.2 68.2 320.6 68.2 321.1
  68.1 321.6 68.1 322.1 68.0 322.6 68.0 323.2 67.9 324.0 67.8 324.9 67.8 325.7
  67.7 326.6 67.6 327.4 67.5 328.3 67.3 329.1 67.2 330.0 67.1 330.8 67.0 331.7
  66.9 332.5 66.7 333.4 66.6 334.2 66.5 335.0 66.4 335.8 66.2 336.6 66.1 337.4
  66.0 338.2 65.9 339.3 65.8 340.5 65.7 341.6 65.6 342.8 65.5 343.9 65.5 345.1
  65.4 346.2 65.2 347.3 65.1 348.4 64.9 349.5 64.7 350.6 64.6 351.6 64.4 352.6
  64.3 353.7 64.1 354.7 64.0 355.7 63.9 356.7 63.8 357.5 63.7 358.4 63.6 359.3
  63.5   0.2 63.5   0.6 63.4   1.0 63.4   1.4 63.3   1.8 63.3   2.1 63.3   2.5
  63.3   2.9 63.3   3.3 63.3   3.7 63.3   4.1 63.3   4.5 63.3   4.9 63.3   5.3
  63.3   5.7 63.3   6.1 63.3   6.5 63.3   6.9 63.3   7.3 63.4   7.6 63.4   8.0
  63.5   8.3 63.5   8.7 63.5   9.0 63.5   9.3 63.6   9.6 63.6   9.9 63.6  10.3
  63.7  10.6 63.7  10.9 63.8  11.2 63.8  11.5 63.9  11.8 64.0  12.1 64.2  12.4
  64.3  12.7 64.5  13.0 64.7  13.2 64.9  13.5 65.1  13.7 65.4  14.0 65.6  14.2
  65.9  14.4 66.2  14.5 66.6  14.6 66.9  14.7 67.3  14.8 67.7  14.8 68.1  14.8
  68.6  14.9 69.0  14.9 69.5  14.9 69.9  14.9 70.3  14.8 70.7  14.8 71.1  14.8
  71.5  14.7 71.9  14.6 72.2  14.4 72.6  14.4 73.0  14.3 73.4  14.3 73.7  14.2
  74.1  14.0 74.4  14.0 74.7  13.9 75.0  13.8 75.2  13.7 75.4  13.5 75.6  13.3
  75.7  13.1 75.8  12.9 76.0  12.7 76.0  12.4 76.1  12.2 76.2  11.9 76.2  11.7
  76.2  11.5 76.2  11.3 76.2  11.0 76.1  10.8 76.0  10.6 75.9  10.4 75.8  10.1
  75.6   9.8 75.4   9.5 75.2   9.3 75.0   9.0 74.8   8.8 74.6   8.6 74.3   8.4
  74.1   8.2 73.8   8.0 73.5   7.7 73.2   7.5 73.0   7.3 72.7   7.1 72.3   6.9
  72.0   6.7 71.7   6.4 71.4   6.1 71.0   5.8 70.7   5.5 70.4   5.3 70.0   5.0
  69.7   4.7 69.3   4.4 69.0   4.1 68.6   3.8 68.2   3.5 67.8   3.3 67.4   2.9
  67.0   2.6 66.5   2.2 66.1   2.0 65.6   1.7 65.1   1.4 64.5   1.1 64.0   0.8
  63.4   0.4 62.9 360.0 62.4 359.1
   6  3 76  0.0
  72.5 321.4 72.4 320.5 72.3 319.6 72.1 318.6 72.0 317.7 71.8 317.4 71.7 317.1
  71.5 316.8 71.4 316.4 71.2 316.0 71.0 315.6 70.8 315.1 70.5 314.6 70.3 314.1
  70.1 313.5 70.0 312.9 69.8 313.0 69.7 313.1 69.5 313.2 69.4 313.3 69.3 313.3
  69.1 313.3 69.0 313.3 68.9 313.3 68.8 313.3 68.7 313.3 68.6 313.2 68.5 313.2
  68.4 313.1 68.3 313.1 68.2 313.0 68.1 312.9 68.0 312.9 67.9 312.8 67.8 313.2
  67.8 313.6 67.7 313.9 67.7 314.2 67.6 314.6 67.5 315.0 67.5 315.4 67.4 315.8
  67.4 316.2 67.4 316.7 67.3 317.2 67.3 317.7 67.3 318.3 67.3 318.8 67.3 319.4
  67.3 320.1 67.3 320.7 67.3 321.3 67.3 322.0 67.3 322.6 67.3 323.2 67.3 323.8
  67.3 324.4 67.3 325.0 67.3 325.6 67.3 326.2 67.3 326.8 67.3 327.4 67.4 328.0
  67.4 328.6 67.4 329.2 67.4 329.9 67.5 330.5 67.5 331.2 67.5 331.8 67.5 332.5
  67.6 333.2 67.6 333.9 67.6 334.6 67.7 335.3 67.7 336.0 67.7 336.7 67.7 337.4
  67.7 338.0 67.7 338.6 67.7 339.3 67.7 339.9 67.7 340.4 67.7 341.0 67.7 341.5
  67.7 342.0 67.7 342.5 67.6 343.0 67.6 343.4 67.6 343.9 67.5 344.3 67.5 344.7
  67.6 345.1 67.6 345.6 67.6 346.0 67.6 346.4 67.6 346.9 67.7 347.3 67.7 347.8
  67.7 348.2 67.8 348.7 67.9 349.1 68.0 349.6 68.1 350.0 68.2 350.0 68.2 349.9
  68.3 349.9 68.4 349.9 68.5 349.9 68.6 349.9 68.7 349.9 68.7 349.9 68.8 349.9
  68.9 350.0 69.0 350.0 69.0 350.1 69.1 350.1 69.1 350.2 69.2 350.3 69.3 350.4
  69.3 350.4 69.4 350.5 69.4 350.6 69.5 350.8 69.5 350.9 69.5 351.1 69.5 351.3
  69.5 351.6 69.5 351.8 69.5 352.1 69.5 352.4 69.5 352.7 69.5 353.1 69.5 353.4
  69.5 353.8 69.5 354.2 69.4 354.6 69.4 354.9 69.4 355.2 69.4 355.6 69.4 355.9
  69.4 356.2 69.5 356.5 69.6 356.8 69.7 357.1 69.8 357.4 69.8 357.7 69.9 358.0
  70.0 358.3 70.1 358.7 70.1 358.4 70.2 358.2 70.2 357.9 70.2 357.7 70.2 357.5
  70.2 357.3 70.2 357.1 70.2 356.9 70.2 356.7 70.1 356.5 70.1 356.3 70.1 356.1
  70.1 355.9 70.0 355.8 69.9 356.1 69.9 356.5 69.8 356.9 69.8 357.3 69.8 357.7
  69.8 358.2 69.8 358.6 69.8 359.1 69.8 359.5 69.8 359.9 69.7   0.3 69.8   0.4
  69.9   0.5 69.9   0.6 70.0   0.7 70.0   0.8 70.0   0.9 70.0   0.8 70.1   0.7
  70.1   0.5 70.1   0.4 70.1   0.3 70.1   0.2 70.1   0.0 70.1 359.9 69.9 359.4
  69.8 359.4 69.6 359.3 69.4 359.2 69.2 359.0 69.0 358.9 68.8 358.7 68.6 358.6
  68.4 358.4 68.2 358.2 67.9 358.0 67.7 358.3 67.4 358.5 67.2 358.7 66.9 358.9
  66.6 359.1 66.3 359.2 65.9 359.3 65.6 359.7 65.2   0.1 64.9   0.3 64.6   0.4
  64.3   0.5 64.0   0.6 63.6   0.8 63.3   1.0 62.9   1.2 62.5   1.5 62.1   1.6
  61.7   1.8 61.3   2.1 60.9   2.4 60.6   2.7 60.2   2.9 59.8   3.1 59.4   3.5
  59.0   3.8 58.7   4.1 58.5   4.4 58.3   4.7 58.2   4.9 58.0   5.2 57.8   5.6
  57.7   5.9 57.6   6.3 57.5   6.6 57.5   6.9 57.4   7.3 57.4   7.6 57.4   7.9
  57.4   8.2 57.5   8.5 57.5   8.8
   6  4 76  0.0
  72.5 321.4 72.3 320.9 72.2 320.4 72.0 319.8 71.8 319.2 71.5 319.0 71.3 318.8
  71.0 318.6 70.8 318.4 70.5 318.1 70.2 317.9 69.9 317.6 69.6 317.8 69.3 317.9
  69.1 318.1 68.8 318.4 68.6 318.6 68.4 318.9 68.2 319.3 68.0 319.6 67.8 320.7
  67.7 321.7 67.6 322.8 67.6 323.9 67.5 325.0 67.4 326.0 67.3 327.1 67.2 328.1
  67.0 329.1 66.8 330.1 66.7 330.9 66.5 331.7 66.3 332.4 66.0 333.1 65.7 334.0
  65.4 334.8 65.1 335.5 64.7 336.2 64.3 336.8 63.9 337.2 63.5 337.8 63.1 338.2
  62.6 338.6 62.0 338.9 61.4 339.1 60.8 339.3 60.1 339.4 59.4 339.6 58.7 339.6
  57.9 339.7 57.2 339.5 56.4 339.4 55.7 339.2 54.9 338.9 54.2 338.5 53.5 338.1
  52.8 337.5 52.2 336.9 51.6 336.3 51.1 335.5 50.2 334.8 49.4 334.0 48.7 333.1
  48.1 332.3 47.6 331.3 47.0 330.5 46.5 329.6 46.1 328.6 45.7 327.5 45.3 326.6
  45.0 325.8 44.6 324.9 44.3 323.9 43.9 322.9 43.6 322.1 43.4 321.3 43.2 320.5
  43.0 319.5 42.9 318.5 42.9 317.4 42.9 316.2 42.9 314.9 42.8 313.6 42.8 312.2
  42.7 310.9 42.6 309.6 42.4 308.4 42.3 307.3 42.2 306.3 42.0 305.3 41.9 304.3
  41.8 303.7 41.7 303.0 41.7 302.4 41.6 301.8 41.5 301.2 41.5 300.6 41.5 300.0
  41.4 299.4 41.3 298.9 41.2 298.3 41.1 297.8 41.0 297.4 41.0 296.9 40.9 296.5
  40.8 296.1 40.7 295.7 40.6 295.3 40.4 295.0 40.3 294.7 40.1 294.4 40.0 294.1
  39.8 293.9 39.7 293.7 39.5 293.5 39.4 293.3 39.2 293.2 39.1 293.0 38.9 292.9
  38.7 292.7 38.6 292.6 38.4 292.4 38.2 292.3 38.1 292.2 38.0 292.1 37.9 292.0
  37.8 292.0 37.6 291.9 37.4 291.8 37.2 291.8 37.1 291.7 37.0 291.6 36.9 291.6
  36.8 291.5 36.7 291.4 36.6 291.4 36.6 291.3 36.5 291.2 36.4 291.1 36.3 291.1
  36.2 291.0 36.2 290.9 36.1 290.8 36.0 290.8 35.9 290.7 35.8 290.6 35.8 290.5
  35.7 290.4 35.7 290.3 35.6 290.2 35.6 290.1 35.5 289.9 35.5 289.8 35.5 289.7
  35.4 289.5 35.4 289.4 35.4 289.2 35.4 289.0 35.4 288.9 35.4 288.7 35.5 288.5
  35.5 288.3 35.5 288.1 35.6 287.9 35.7 287.7 35.8 287.4 35.9 287.2 36.1 287.0
  36.2 286.8 36.4 286.5 36.5 286.3 36.7 286.1 36.8 285.9 37.0 285.7 37.1 285.4
  37.3 285.2 37.4 284.9 37.5 284.7 37.7 284.5 37.8 284.2 37.9 284.0 38.0 283.7
  38.1 283.5 38.2 283.3 38.2 283.1 38.3 282.9 38.5 282.7 38.6 282.5 38.7 282.3
  38.8 282.1 38.9 281.9 39.0 281.8 39.2 281.6 39.3 281.4 39.5 281.3 39.6 281.1
  39.7 281.0 39.9 280.8 40.0 280.7 40.1 280.5 40.2 280.5 40.3 280.4 40.4 280.4
  40.4 280.3 40.5 280.3 40.6 280.2 40.6 280.2 40.7 280.1 40.7 280.0 40.8 280.0
  40.9 279.9 41.0 279.8 41.1 279.8 41.2 279.7 41.3 279.6 41.3 279.6 41.4 279.5
  41.5 279.4 41.5 279.3 41.6 279.3 41.6 279.2 41.7 279.2 41.8 279.2 41.8 279.1
  41.9 279.1 42.0 279.1 42.0 279.1 42.1 279.3 42.1 279.4 42.2 279.5 42.3 279.6
  42.3 279.8 42.4 279.9 42.5 280.0 42.5 280.1 42.6 280.2 42.6 280.4 42.7 280.5
  42.7 280.6 42.8 280.7 42.8 280.8
   6  5 76  0.0
  72.5 321.4 72.5 321.9 72.5 322.4 72.5 322.8 72.5 323.3 72.5 323.7 72.5 324.2
  72.5 324.6 72.5 325.0 72.5 325.5 72.5 325.9 72.5 326.3 72.5 326.7 72.5 327.1
  72.5 327.4 72.5 327.7 72.4 327.9 72.4 328.1 72.4 328.2 72.4 328.3 72.3 328.2
  72.3 328.1 72.3 328.0 72.2 327.8 72.2 327.5 72.1 327.1 72.0 326.7 71.9 326.3
  71.8 326.2 71.8 326.2 71.7 326.1 71.6 325.9 71.5 325.7 71.3 325.5 71.2 325.2
  71.1 324.9 70.9 324.5 70.8 324.1 70.6 323.7 70.4 323.4 70.2 323.0 70.0 322.7
  69.8 323.1 69.6 323.6 69.5 324.1 69.4 324.6 69.3 325.2 69.3 325.7 69.2 326.3
  69.2 326.9 69.1 327.4 69.1 327.9 69.0 328.4 68.9 328.8 68.9 329.2 68.8 329.5
  68.7 329.8 68.6 330.1 68.5 330.3 68.5 330.6 68.4 330.7 68.3 330.9 68.2 331.0
  68.2 331.1 68.1 331.2 68.0 331.2 68.0 331.2 67.9 331.8 67.8 332.3 67.8 332.7
  67.7 333.0 67.6 333.3 67.5 333.6 67.4 333.7 67.4 333.9 67.3 334.1 67.2 334.2
  67.1 334.3 67.0 334.4 66.9 334.5 66.8 334.6 66.7 334.7 66.6 334.8 66.5 334.9
  66.4 334.9 66.3 335.0 66.3 335.1 66.2 335.2 66.1 335.3 66.0 335.5 66.0 335.6
  65.9 336.1 65.9 336.6 65.9 337.1 65.8 337.6 65.8 338.1 65.8 338.6 65.8 339.1
  65.8 339.7 65.8 340.2 65.8 340.8 65.7 341.3 65.7 341.8 65.7 342.3 65.6 342.8
  65.5 343.3 65.5 343.7 65.4 344.2 65.4 344.6 65.4 345.0 65.4 345.4 65.4 345.8
  65.5 346.1 65.5 346.5 65.5 346.8 65.5 347.1 65.6 347.4 65.6 347.7 65.6 348.0
  65.7 348.2 65.8 348.5 65.9 348.7 66.1 349.0 66.2 349.0 66.3 349.1 66.5 349.1
  66.6 349.2 66.7 349.3 66.8 349.4 66.9 349.5 67.0 349.6 67.0 349.7 67.1 349.8
  67.2 349.9 67.2 350.1 67.3 350.2 67.3 350.4 67.4 350.6 67.5 350.8 67.6 351.0
  67.6 351.2 67.7 351.5 67.8 351.7 67.9 352.0 68.0 352.3 68.1 352.6 68.3 352.3
  68.5 352.1 68.6 352.0 68.8 351.8 68.9 351.7 69.0 351.6 69.1 351.5 69.2 351.4
  69.3 351.3 69.4 351.3 69.5 351.2 69.6 351.2 69.7 351.2 69.8 351.2 69.9 351.3
  70.0 351.3 70.1 351.3 70.2 350.8 70.2 350.4 70.3 349.9 70.4 349.5 70.5 349.0
  70.6 348.6 70.7 348.1 70.7 347.7 70.7 347.4 70.7 347.0 70.7 346.7 70.7 346.4
  70.7 346.1 70.6 345.9 70.6 345.6 70.5 345.4 70.4 345.2 70.3 345.1 70.2 344.9
  70.1 344.7 70.0 344.6 69.9 345.1 69.8 345.5 69.6 346.0 69.5 346.4 69.4 346.8
  69.3 347.2 69.2 347.6 69.1 347.9 68.9 348.3 68.9 348.6 68.9 348.9 68.8 349.2
  68.8 349.5 68.7 349.7 68.6 350.0 68.5 350.2 68.4 350.5 68.3 350.7 68.2 351.0
  68.0 351.2 67.9 351.4 67.8 352.0 67.7 352.7 67.7 353.4 67.7 354.1 67.6 354.8
  67.6 355.6 67.6 356.3 67.6 357.1 67.7 357.8 67.7 358.6 67.8 359.4 67.9   0.1
  68.0   0.4 68.1   0.7 68.2   0.9 68.3   1.1 68.5   1.2 68.5   1.3 68.6   1.5
  68.7   1.6 68.8   1.7 68.8   1.8 68.9   1.8 68.9   1.9 69.0   2.0 69.0   2.0
  69.0   2.0 69.1   2.1 69.1   2.1 69.1   2.1 69.1   2.1 69.2   2.1 69.2   2.1
  69.2   2.0 69.2   2.0 69.2   2.0
   6  6 76  0.0
  72.5 321.4 72.4 321.6 72.3 321.8 72.2 322.0 72.0 322.3 71.9 322.5 71.8 323.0
  71.8 323.4 71.7 323.9 71.6 324.4 71.5 324.9 71.5 325.5 71.4 326.1 71.4 326.7
  71.4 327.4 71.4 328.0 71.4 328.7 71.4 329.5 71.4 330.2 71.4 330.9 71.4 331.7
  71.4 332.5 71.4 333.2 71.4 334.0 71.4 334.7 71.4 335.5 71.4 336.2 71.4 336.9
  71.3 337.7 71.3 338.4 71.2 339.1 71.2 339.8 71.1 340.4 71.0 341.1 71.0 341.8
  70.9 342.4 70.8 343.1 70.7 343.7 70.6 344.2 70.6 344.7 70.6 345.0 70.6 345.2
  70.6 345.4 70.6 345.5 70.7 345.6 70.7 345.5 70.8 345.4 70.9 345.3 71.1 345.1
  71.2 344.8 71.3 344.5 71.5 344.1 71.6 343.8 71.7 343.4 71.8 342.9 71.9 342.4
  72.0 341.9 72.0 341.3 72.1 340.6 72.2 339.8 72.3 339.0 72.3 338.2 72.3 337.3
  72.4 336.5 72.4 335.6 72.4 334.7 72.5 333.8 72.5 332.9 72.5 332.0 72.6 331.1
  72.6 330.2 72.6 329.3 72.6 328.3 72.6 327.4 72.6 326.5 72.6 325.6 72.6 324.7
  72.5 323.8 72.4 322.8 72.3 321.8 72.2 320.8 72.1 319.8 72.0 318.7 71.8 318.2
  71.7 317.7 71.5 317.2 71.4 316.6 71.2 316.1 71.1 315.5 70.9 314.9 70.8 314.3
  70.6 313.7 70.5 313.1 70.4 312.5 70.2 311.8 70.1 311.2 70.1 310.6 70.0 310.0
  69.9 310.0 69.9 310.0 69.8 310.0 69.8 310.0 69.7 310.0 69.7 310.0 69.7 310.0
  69.6 310.0 69.6 309.9 69.6 309.9 69.6 309.9 69.6 309.8 69.6 309.8 69.6 309.8
  69.5 309.9 69.5 310.0 69.5 310.1 69.5 310.2 69.4 310.4 69.4 310.6 69.3 310.9
  69.3 311.1 69.2 311.5 69.2 311.8 69.1 312.2 69.0 312.5 69.0 312.9 68.9 313.2
  68.8 313.6 68.8 314.0 68.7 314.4 68.6 314.7 68.5 315.1 68.4 315.5 68.2 315.9
  68.1 316.3 68.0 316.7 67.9 317.1 67.8 317.7 67.7 318.3 67.7 319.0 67.6 319.6
  67.5 320.3 67.5 321.0 67.4 321.7 67.4 322.5 67.4 323.2 67.3 323.9 67.3 324.7
  67.3 325.5 67.3 326.3 67.3 327.1 67.4 327.9 67.4 328.7 67.4 329.6 67.5 330.5
  67.6 331.3 67.6 332.2 67.6 333.1 67.6 334.0 67.7 334.8 67.7 335.6 67.7 336.4
  67.6 337.2 67.6 337.9 67.6 338.6 67.5 339.2 67.5 339.9 67.4 340.5 67.4 341.2
  67.4 341.8 67.4 342.3 67.4 342.9 67.3 343.5 67.3 344.0 67.3 344.6 67.4 345.1
  67.4 345.6 67.4 346.1 67.5 346.6 67.5 347.1 67.5 347.7 67.5 348.2 67.6 348.7
  67.6 349.2 67.7 349.7 67.7 350.2 67.8 350.8 67.8 351.3 67.9 351.8 67.9 352.4
  67.9 352.9 68.0 353.5 68.0 354.0 68.1 354.0 68.1 354.1 68.1 354.1 68.2 354.2
  68.2 354.3 68.2 354.4 68.2 354.6 68.2 354.8 68.2 355.0 68.1 355.2 68.1 355.4
  68.1 355.7 68.0 356.0 68.0 356.3 68.0 357.1 68.0 357.8 68.0 358.6 68.0 359.3
  68.0 359.6 68.1 359.8 68.1   0.1 68.2   0.2 68.4   0.3 68.5   0.3 68.6   0.4
  68.7   0.5 68.8   0.6 69.0   0.7 69.1   0.9 69.2   1.0 69.3   1.1 69.4   1.2
  69.4   1.4 69.5   1.5 69.6   1.7 69.6   1.9 69.7   2.0 69.7   2.2 69.8   2.4
  69.8   2.6 69.9   2.8 69.9   3.0 70.0   3.2 70.0   3.4 70.1   3.4 70.2   3.4
  70.3   3.4 70.3   3.5 70.4   3.5
   6  7 76  0.0
  72.5 321.4 72.6 321.5 72.7 321.7 72.8 321.8 72.8 321.9 72.9 322.1 73.0 322.2
  73.0 322.4 73.0 322.5 73.0 322.7 73.0 322.8 73.0 323.0 73.0 323.2 73.0 323.3
  73.0 323.5 72.9 323.6 72.9 323.8 72.8 324.0 72.7 324.2 72.7 324.3 72.7 324.5
  72.7 324.7 72.6 324.9 72.6 325.1 72.5 325.3 72.4 325.5 72.4 325.7 72.3 326.0
  72.2 326.2 72.2 326.5 72.1 326.8 72.1 327.0 72.0 327.3 72.0 327.7 71.9 328.3
  71.9 328.9 71.9 329.5 71.9 330.2 71.8 330.9 71.8 331.6 71.8 332.3 71.9 333.1
  71.9 333.8 71.9 334.5 71.9 335.2 72.0 335.9 72.0 336.5 72.0 337.2 72.0 337.8
  72.0 338.3 72.0 338.7 72.0 339.4 72.0 340.0 72.0 340.7 71.9 341.3 71.9 342.0
  71.9 342.6 71.8 343.2 71.8 343.8 71.8 344.4 71.8 345.0 71.8 345.5 71.8 345.9
  71.9 346.3 72.0 346.5 72.1 346.7 72.2 346.7 72.3 346.5 72.5 346.4 72.6 346.2
  72.8 345.9 73.0 345.6 73.2 345.3 73.4 344.8 73.7 344.4 73.9 343.9 74.0 343.3
  74.1 342.7 74.3 342.1 74.4 341.4 74.6 340.7 74.7 339.9 74.8 339.1 74.8 338.3
  74.9 337.4 74.9 336.5 75.0 335.6 75.0 334.6 75.0 333.6 75.0 332.5 75.0 331.4
  75.0 330.3 75.0 329.1 75.0 327.8 75.0 326.5 74.9 325.2 74.9 323.7 74.8 322.3
  74.6 320.8 74.5 319.4 74.3 318.0 74.1 316.7 73.8 315.4 73.6 314.2 73.3 313.1
  73.1 312.0 72.8 310.8 72.5 309.7 72.2 308.6 71.9 307.5 71.6 306.8 71.4 306.2
  71.2 305.5 71.0 304.8 70.8 304.1 70.6 303.4 70.5 302.7 70.4 302.0 70.3 301.3
  70.2 300.7 70.2 300.0 70.1 299.3 70.1 298.7 70.1 298.1 70.1 297.5 70.1 296.9
  70.1 296.3 70.2 295.8 70.2 295.3 70.3 294.8 70.4 294.3 70.5 293.8 70.6 293.4
  70.8 292.9 70.9 292.5 71.0 292.2 71.1 291.9 71.2 291.6 71.3 291.3 71.4 291.1
  71.5 290.9 71.6 290.7 71.7 290.5 71.8 290.4 71.9 290.3 72.0 290.3 72.1 290.2
  72.2 290.2 72.3 290.2 72.4 290.2 72.5 290.3 72.6 290.4 72.7 290.5 72.8 290.7
  72.9 290.8 73.0 291.1 73.1 291.3 73.2 291.6 73.3 291.9 73.4 292.2 73.5 292.5
  73.5 292.8 73.5 293.0 73.5 293.3 73.5 293.5 73.5 293.7 73.5 293.9 73.5 294.1
  73.6 294.3 73.6 294.5 73.6 294.7 73.6 295.0 73.6 295.3 73.6 295.6 73.6 296.0
  73.6 296.4 73.6 296.8 73.5 297.3 73.5 297.8 73.5 298.3 73.4 298.8 73.4 299.3
  73.3 299.9 73.3 300.5 73.2 301.0 73.1 301.6 73.0 302.1 73.0 302.7 72.9 303.2
  72.7 303.8 72.6 304.3 72.5 304.8 72.3 305.3 72.1 305.8 71.9 306.3 71.7 307.0
  71.5 307.6 71.2 308.2 71.0 308.9 70.8 309.5 70.5 310.1 70.3 310.6 70.0 311.2
  69.7 312.0 69.4 312.7 69.2 313.5 68.9 314.2 68.7 314.9 68.5 315.5 68.2 316.1
  68.0 316.7 67.8 317.3 67.6 318.0 67.4 318.8 67.2 319.5 67.1 320.3 66.9 321.1
  66.8 321.9 66.6 322.6 66.5 323.4 66.3 324.1 66.2 324.8 66.1 325.5 66.0 326.2
  65.9 327.2 65.8 328.3 65.7 329.3 65.7 330.4 65.6 331.4 65.6 332.5 65.6 333.7
  65.6 334.8 65.6 335.9 65.6 337.1 65.5 338.3 65.4 339.4 65.3 340.6 65.3 341.8
  65.2 343.0 65.1 344.2 65.0 345.4
   6  8 76  0.0
  72.5 321.4 72.5 321.2 72.5 321.1 72.4 320.9 72.4 320.8 72.4 320.6 72.4 320.5
  72.4 320.4 72.3 320.3 72.3 320.3 72.3 320.2 72.3 320.1 72.2 320.1 72.2 320.1
  72.2 320.1 72.2 320.1 72.2 320.1 72.2 320.1 72.2 320.1 72.3 320.2 72.3 320.2
  72.4 320.3 72.5 320.4 72.6 320.5 72.7 320.6 72.8 320.7 72.9 320.9 72.9 321.0
  73.0 321.1 73.1 321.3 73.1 321.4 73.2 321.6 73.2 321.7 73.2 321.9 73.2 322.0
  73.2 322.2 73.2 322.3 73.1 322.5 73.1 322.7 73.1 322.8 73.0 323.0 73.0 323.2
  72.9 323.3 72.8 323.5 72.8 323.7 72.7 323.9 72.6 324.1 72.5 324.3 72.5 324.5
  72.4 324.7 72.3 324.9 72.3 325.2 72.2 325.4 72.1 325.7 72.1 326.0 72.0 326.2
  72.0 326.5 71.9 327.1 71.9 327.7 71.8 328.3 71.8 328.9 71.8 329.6 71.8 330.3
  71.8 331.0 71.8 331.7 71.8 332.5 71.8 333.2 71.8 333.9 71.8 334.6 71.9 335.3
  71.9 336.0 71.9 336.7 71.9 337.4 71.9 338.0 71.9 338.7 71.9 339.3 71.8 340.0
  71.8 340.6 71.8 341.2 71.8 341.9 71.7 342.5 71.7 343.1 71.6 343.7 71.6 344.3
  71.6 344.9 71.6 345.4 71.6 345.9 71.7 346.2 71.8 346.5 71.8 346.6 71.9 346.7
  72.0 346.8 72.2 346.6 72.3 346.4 72.5 346.1 72.7 345.8 72.9 345.5 73.1 345.1
  73.3 344.6 73.6 344.1 73.8 343.5 73.9 342.9 74.0 342.3 74.2 341.6 74.3 340.9
  74.4 340.2 74.6 339.4 74.6 338.6 74.7 337.7 74.7 336.8 74.8 335.9 74.8 334.9
  74.8 333.9 74.8 332.9 74.9 331.8 74.8 330.6 74.8 329.5 74.8 328.2 74.9 326.9
  74.8 325.6 74.8 324.2 74.8 322.7 74.7 321.3 74.5 319.9 74.3 318.5 74.1 317.1
  73.9 315.8 73.6 314.6 73.3 313.5 73.1 312.3 72.8 311.2 72.5 310.1 72.2 309.0
  71.9 307.9 71.7 307.2 71.4 306.5 71.2 305.8 71.0 305.2 70.8 304.5 70.7 303.8
  70.6 303.1 70.4 302.4 70.3 301.7 70.3 301.1 70.2 300.4 70.1 299.7 70.1 299.1
  70.1 298.5 70.1 297.9 70.1 297.3 70.2 296.7 70.2 296.2 70.2 295.7 70.3 295.2
  70.4 294.7 70.5 294.2 70.6 293.8 70.8 293.4 70.9 293.0 71.0 292.6 71.1 292.3
  71.2 292.0 71.3 291.8 71.4 291.6 71.5 291.4 71.6 291.2 71.7 291.1 71.8 291.0
  71.9 290.9 72.0 290.9 72.1 290.8 72.2 290.8 72.3 290.9 72.4 290.9 72.5 291.0
  72.6 291.1 72.7 291.2 72.8 291.4 72.9 291.6 73.0 291.8 73.1 292.1 73.1 292.4
  73.2 292.8 73.2 293.1 73.2 293.3 73.2 293.6 73.2 293.9 73.2 294.1 73.3 294.4
  73.3 294.6 73.3 294.8 73.3 295.0 73.3 295.2 73.3 295.4 73.3 295.6 73.3 295.9
  73.3 296.1 73.3 296.5 73.3 296.8 73.3 297.2 73.2 297.6 73.2 298.1 73.2 298.5
  73.1 299.0 73.1 299.5 73.0 300.0 73.0 300.6 72.9 301.1 72.8 301.6 72.7 302.1
  72.6 302.7 72.5 303.2 72.4 303.7 72.3 304.2 72.1 304.7 71.9 305.2 71.7 305.9
  71.5 306.6 71.3 307.2 71.1 307.8 70.8 308.4 70.6 309.0 70.3 309.5 70.1 310.1
  69.8 310.6 69.5 311.4 69.2 312.1 69.0 312.8 68.8 313.5 68.6 314.2 68.3 314.9
  68.1 315.6 67.8 316.2 67.7 317.0 67.5 317.7 67.3 318.5 67.1 319.2 67.0 320.0
  66.8 320.8 66.7 321.6 66.6 322.3
   6  9 76  0.0
  72.5 321.4 72.5 321.4 72.5 321.4 72.6 321.4 72.6 321.4 72.6 321.3 72.6 321.3
  72.6 321.2 72.6 321.2 72.6 321.1 72.6 321.0 72.6 320.9 72.6 320.8 72.6 320.7
  72.6 320.6 72.6 320.5 72.6 320.3 72.6 320.2 72.6 320.1 72.6 319.9 72.6 319.8
  72.5 319.6 72.5 319.5 72.5 319.3 72.4 319.1 72.4 319.0 72.4 318.8 72.3 318.7
  72.3 318.5 72.2 318.4 72.1 318.3 72.1 318.3 72.0 318.2 71.9 318.1 71.9 318.2
  71.8 318.2 71.7 318.3 71.6 318.3 71.5 318.4 71.5 318.5 71.4 318.5 71.4 318.6
  71.4 318.7 71.3 318.8 71.3 319.0 71.4 319.1 71.4 319.2 71.4 319.4 71.5 319.5
  71.5 319.7 71.6 319.8 71.6 320.0 71.7 320.2 71.8 320.4 71.8 320.5 71.9 320.7
  71.9 320.9 71.9 321.1 71.9 321.2 71.9 321.4 71.9 321.6 71.9 321.7 71.8 321.9
  71.8 322.1 71.7 322.3 71.7 322.5 71.6 322.8 71.6 323.0 71.5 323.3 71.4 323.5
  71.3 323.8 71.3 324.1 71.2 324.4 71.1 324.7 71.1 325.1 71.0 325.5 71.0 325.9
  70.9 326.3 70.9 326.8 70.9 327.2 70.8 327.7 70.8 328.3 70.8 328.8 70.8 329.4
  70.7 330.1 70.7 330.7 70.7 331.4 70.7 332.0 70.7 332.7 70.7 333.4 70.7 334.1
  70.7 334.7 70.7 335.4 70.6 336.0 70.6 336.6 70.6 337.3 70.5 337.9 70.5 338.5
  70.4 339.1 70.4 339.7 70.3 340.2 70.2 340.8 70.1 341.4 70.1 342.0 70.0 342.6
  69.9 343.3 69.7 344.0 69.6 344.6 69.5 345.2 69.4 345.8 69.3 346.3 69.2 346.7
  69.1 347.0 69.0 347.3 68.9 347.4 68.8 347.5 68.8 347.6 68.7 347.5 68.7 347.4
  68.6 347.3 68.6 347.1 68.6 346.8 68.6 346.6 68.6 346.3 68.6 345.9 68.6 345.6
  68.6 345.2 68.6 344.9 68.6 344.4 68.6 344.0 68.6 343.6 68.5 343.1 68.5 342.6
  68.4 342.1 68.3 341.6 68.3 341.1 68.2 340.7 68.1 340.3 68.0 340.0 67.8 340.0
  67.6 340.0 67.3 340.0 67.1 340.0 66.9 340.1 66.6 340.1 66.3 340.2 66.0 340.3
  65.7 340.3 65.4 340.6 65.1 340.8 64.7 341.0 64.4 341.2 64.0 341.3 63.6 341.5
  63.2 341.7 62.8 341.9 62.3 342.0 61.9 342.1 61.4 342.2 61.0 342.2 60.5 342.3
  60.0 342.3 59.5 342.2 59.0 342.0 58.5 341.9 58.0 341.8 57.4 341.7 56.9 341.5
  56.4 341.3 55.9 341.2 55.4 340.9 55.0 340.6 54.6 340.3 54.1 340.0 53.4 339.6
  52.7 339.1 52.1 338.5 51.5 337.9 51.0 337.3 50.5 336.6 50.0 335.9 49.2 335.2
  48.6 334.5 48.0 333.7 47.5 333.1 47.1 332.4 46.8 331.7 46.3 330.9 46.0 330.1
  45.6 329.5 45.4 328.9 45.2 328.2 45.0 327.5 44.6 326.9 44.4 326.1 44.1 325.4
  43.9 324.5 43.8 324.0 43.6 323.4 43.4 322.8 43.3 322.1 43.3 321.4 43.2 320.6
  43.2 319.7 43.3 318.7 43.3 317.6 43.4 316.5 43.4 315.4 43.4 314.2 43.4 313.1
  43.5 312.0 43.5 311.0 43.5 310.0 43.5 309.0 43.5 308.1 43.5 307.2 43.5 306.4
  43.5 305.5 43.5 304.7 43.5 303.9 43.5 303.0 43.5 302.2 43.5 301.5 43.6 300.7
  43.6 300.0 43.7 299.3 43.7 298.6 43.7 297.9 43.8 297.3 43.8 296.7 43.9 296.1
  44.0 295.5 43.9 295.0 43.9 294.5 43.9 294.0 43.9 293.5 43.9 293.0 43.8 292.5
  43.8 292.1 43.8 291.6 43.7 291.1
   6 10 76  0.0
  72.5 321.4 72.4 321.6 72.4 321.8 72.3 322.0 72.3 322.2 72.3 322.4 72.2 322.6
  72.2 322.8 72.2 323.0 72.2 323.1 72.1 323.3 72.1 323.4 72.1 323.6 72.1 323.7
  72.1 323.8 72.1 324.0 72.1 324.1 72.1 324.2 72.0 324.3 72.0 324.3 72.0 324.4
  72.0 324.5 72.0 324.6 72.0 324.7 71.9 324.9 71.9 325.0 71.9 325.1 71.9 325.2
  71.9 325.3 71.9 325.4 71.9 325.5 71.9 325.6 71.9 325.6 71.9 325.7 71.9 325.7
  71.8 325.7 71.8 325.7 71.8 325.7 71.8 325.7 71.8 325.6 71.8 325.6 71.8 325.6
  71.8 325.5 71.8 325.5 71.7 325.5 71.7 325.4 71.7 325.4 71.7 325.3 71.7 325.3
  71.7 325.2 71.7 325.1 71.7 325.1 71.6 325.0 71.6 325.0 71.6 324.9 71.6 324.9
  71.6 324.8 71.6 324.8 71.6 324.8 71.6 324.7 71.6 324.7 71.6 324.7 71.7 324.7
  71.7 324.7 71.7 324.7 71.8 324.8 71.8 324.8 71.9 324.9 71.9 325.0 72.0 325.2
  72.1 325.3 72.2 325.4 72.3 325.6 72.4 325.7 72.5 325.9 72.6 326.1 72.7 326.3
  72.8 326.4 72.9 326.6 72.9 326.8 73.0 326.9 73.0 327.1 73.1 327.3 73.1 327.4
  73.2 327.6 73.2 327.7 73.2 327.9 73.2 328.0 73.3 328.2 73.3 328.4 73.3 328.5
  73.3 328.7 73.3 328.9 73.3 329.1 73.3 329.3 73.3 329.5 73.3 329.7 73.3 329.8
  73.2 330.1 73.2 330.3 73.2 330.5 73.2 330.7 73.1 331.0 73.1 331.3 73.1 331.5
  73.1 331.8 73.1 332.1 73.1 332.4 73.2 332.7 73.2 333.0 73.3 333.4 73.3 333.8
  73.4 334.1 73.4 334.5 73.5 335.0 73.5 335.4 73.6 335.8 73.6 336.3 73.7 336.8
  73.7 337.3 73.7 337.7 73.8 338.2 73.8 338.7 73.8 339.2 73.9 339.7 73.9 340.2
  73.9 340.6 73.9 341.1 74.0 341.6 74.0 342.0 74.0 342.4 74.0 342.4 74.1 342.4
  74.1 342.4 74.1 342.3 74.2 342.2 74.2 342.0 74.3 341.8 74.4 341.6 74.5 341.3
  74.6 341.0 74.7 340.7 74.8 340.3 74.9 339.8 75.0 339.3 75.0 338.7 75.1 338.1
  75.1 337.5 75.2 336.8 75.3 336.1 75.3 335.4 75.3 334.6 75.3 333.8 75.3 332.9
  75.3 332.1 75.3 331.2 75.2 330.2 75.1 329.3 75.0 328.3 74.9 327.3 74.8 326.2
  74.6 325.1 74.5 323.9 74.3 322.7 74.1 321.5 73.9 320.3 73.8 319.3 73.6 318.4
  73.3 317.4 73.2 316.4 73.0 315.4 72.7 314.4 72.4 313.4 72.1 312.4 71.7 311.4
  71.4 310.9 71.2 310.4 70.9 309.9 70.6 309.3 70.3 308.7 70.1 308.2 69.8 307.5
  69.6 307.5 69.5 307.5 69.3 307.5 69.2 307.6 69.1 307.6 69.0 307.6 68.9 307.6
  68.8 307.7 68.7 307.7 68.7 307.7 68.6 307.8 68.6 307.9 68.6 307.9 68.6 308.0
  68.6 308.0 68.6 308.0 68.5 308.1 68.4 308.1 68.4 308.1 68.3 308.2 68.2 308.2
  68.2 308.2 68.1 308.2 68.1 308.2 68.1 308.2 68.0 308.3 68.0 308.4 67.9 308.7
  67.9 309.0 67.8 309.4 67.8 309.8 67.7 310.2 67.7 310.6 67.6 311.1 67.6 311.5
  67.5 312.0 67.5 312.5 67.5 313.0 67.4 313.6 67.4 314.1 67.3 314.6 67.2 315.2
  67.1 315.8 67.1 316.3 67.0 316.9 66.9 317.5 66.9 318.1 66.8 318.7 66.7 319.3
  66.6 319.9 66.6 320.5 66.5 321.2 66.5 321.8 66.5 322.5 66.4 323.1 66.4 323.8
  66.4 324.5 66.4 325.2 66.4 325.9
   6 11 76  0.0
  72.5 321.4 72.3 322.1 72.1 322.9 71.9 323.6 71.7 324.3 71.5 325.1 71.4 325.8
  71.2 326.5 71.1 327.2 71.0 328.0 70.8 328.7 70.7 329.4 70.6 330.2 70.5 330.9
  70.4 331.7 70.3 332.4 70.1 333.1 69.9 333.7 69.8 334.5 69.6 335.2 69.5 335.9
  69.3 336.5 69.0 337.1 68.8 337.6 68.5 338.1 68.2 338.5 67.9 338.9 67.7 339.5
  67.5 340.0 67.1 340.5 66.8 341.0 66.4 341.5 66.1 341.9 65.8 342.2 65.4 342.7
  65.1 343.1 64.8 343.6 64.5 343.9 64.2 344.3 63.8 344.6 63.3 344.9 62.8 345.1
  62.3 345.3 61.8 345.5 61.3 345.6 60.8 345.7 60.3 345.7 59.7 345.7 59.2 345.6
  58.7 345.6 58.1 345.5 57.6 345.5 57.0 345.5 56.5 345.5 55.9 345.5 55.3 345.4
  54.8 345.3 54.2 345.2 53.6 345.0 53.1 344.7 52.5 344.5 52.0 344.2 51.4 343.8
  50.9 343.4 50.4 343.0 49.9 342.7 49.4 342.2 49.0 341.7 48.5 341.2 48.1 340.8
  47.7 340.3 47.4 339.7 47.1 339.0 46.9 338.4 46.7 337.8 46.5 337.1 46.3 336.5
  46.1 335.9 45.9 335.3 45.8 334.6 45.7 333.9 45.6 333.2 45.5 332.4 45.4 331.7
  45.3 331.0 45.2 330.3 45.2 329.5 45.1 328.7 45.1 327.9 45.1 327.1 45.1 326.3
  45.2 325.5 45.2 324.7 45.3 324.0 45.6 323.2 45.8 322.5 46.0 321.8 46.3 321.1
  46.5 320.4 46.7 319.7 47.0 319.0 47.4 318.3 47.7 317.7 47.9 317.1 48.2 316.4
  48.5 315.9 48.8 315.3 49.1 314.8 49.4 314.3 49.7 313.8 50.0 313.2 50.2 312.7
  50.4 312.2 50.7 311.7 51.0 311.1 51.3 310.6 51.6 310.1 51.8 309.6 52.1 309.1
  52.3 308.7 52.6 308.4 52.8 308.1 53.0 307.8 53.5 307.5 53.9 307.1 54.2 306.6
  54.6 306.3 55.0 305.9 55.3 305.4 55.6 305.0 56.0 304.5 56.3 304.0 56.7 303.6
  57.1 303.3 57.5 302.9 57.9 302.5 58.2 302.1 58.6 301.6 58.9 301.1 59.2 300.5
  59.5 299.9 59.7 299.2 59.9 298.5 60.0 297.6 60.2 296.6 60.3 295.4 60.5 294.3
  60.7 293.1 60.9 291.8 61.0 290.5 61.1 289.2 61.2 287.8 61.2 286.4 61.2 284.9
  61.2 283.4 61.1 281.9 60.9 280.2 60.8 278.5 60.8 276.8 60.7 275.1 60.7 273.5
  60.6 271.9 60.5 270.4 60.5 268.9 60.4 267.5 60.3 266.2 60.2 264.9 60.1 263.7
  59.9 262.5 59.8 261.3 59.7 260.2 59.5 259.2 59.3 258.2 59.0 257.2 58.7 256.3
  58.4 255.5 58.0 254.7 57.7 253.9 57.3 253.1 57.0 252.2 56.6 251.3 56.4 250.3
  56.2 249.4 55.9 248.6 55.7 247.7 55.6 246.9 55.6 246.1 55.5 245.4 55.4 244.6
  55.3 243.9 55.3 243.2 55.4 242.5 55.4 241.9 55.4 241.2 55.4 240.6 55.4 240.0
  55.5 239.4 55.6 238.8 55.6 238.3 55.7 237.8 55.8 237.3 55.9 236.8 56.0 236.4
  56.1 236.0 56.3 235.8 56.5 235.6 56.7 235.5 56.9 235.3 57.2 235.2 57.4 235.1
  57.7 235.1 58.0 235.0 58.2 235.0 58.6 235.2 58.9 235.5 59.3 235.8 59.6 236.1
  59.7 236.4 59.9 236.7 60.0 237.1 60.2 237.8 60.4 238.4 60.6 239.1 60.8 239.7
  61.0 240.3 60.9 240.9 60.9 241.6 60.8 242.2 60.7 242.9 60.6 243.6 60.5 244.3
  60.1 244.9 59.7 245.5 59.3 245.9 58.9 246.3 58.5 246.6 58.1 247.0 57.7 247.4
  57.4 247.6 57.0 247.9 56.7 248.2
   6 12 76  0.0
  72.5 321.4 72.2 321.7 71.9 322.1 71.7 322.3 71.4 322.6 71.2 322.9 71.0 323.3
  70.8 323.8 70.6 324.4 70.4 325.0 70.3 325.7 70.1 326.5 70.0 327.4 69.9 328.3
  69.8 329.0 69.7 329.6 69.6 330.3 69.5 331.0 69.5 331.8 69.4 332.5 69.4 333.3
  69.3 334.2 69.3 335.0 69.3 335.9 69.2 336.9 69.2 337.9 69.2 339.0 69.1 340.0
  68.9 341.1 68.8 342.2 68.6 343.3 68.4 344.4 68.0 345.4 67.7 346.4 67.3 347.3
  66.9 348.2 66.4 349.1 65.9 350.0 65.4 350.7 65.0 351.4 64.5 352.0 63.9 352.7
  63.3 353.1 62.8 353.5 62.2 354.0 61.6 354.5 61.0 354.8 60.4 355.1 59.7 355.5
  59.1 355.7 58.5 355.8 57.9 355.9 57.3 355.7 56.6 355.6 56.0 355.4 55.4 355.0
  54.7 354.7 54.0 354.4 53.4 354.1 52.7 353.7 52.0 353.3 51.3 352.9 50.7 352.3
  50.1 351.7 49.6 351.2 49.1 350.4 48.6 349.7 48.1 348.9 47.6 348.2 47.1 347.3
  46.7 346.5 46.3 345.7 45.8 344.7 45.4 343.7 45.2 342.7 44.9 341.6 44.7 340.5
  44.4 339.4 44.3 338.3 44.1 337.2 43.9 336.0 43.8 334.9 43.8 333.8 43.8 332.7
  43.8 331.6 44.1 330.5 44.4 329.3 44.6 328.3 44.8 327.2 45.2 326.1 45.6 325.1
  46.0 324.1 46.4 323.1 46.8 322.1 47.2 321.1 47.7 320.2 48.1 319.2 48.5 318.4
  48.9 317.7 49.3 316.9 49.7 316.1 50.2 315.3 50.5 314.7 50.9 314.0 51.3 313.4
  51.7 312.7 52.1 312.0 52.5 311.5 52.9 311.0 53.3 310.6 53.7 310.1 54.0 309.6
  54.4 309.2 54.8 308.8 55.1 308.3 55.4 307.8 55.7 307.3 56.0 306.7 56.3 306.1
  56.5 305.6 56.8 305.0 57.1 304.4 57.3 303.7 57.5 303.0 57.8 302.2 58.0 301.4
  58.2 300.7 58.4 299.9 58.6 299.1 58.8 298.2 59.0 297.4 59.2 296.5 59.3 295.5
  59.6 294.6 59.8 293.6 60.0 292.7 60.1 291.7 60.4 290.7 60.6 289.8 60.7 288.7
  60.9 287.6 61.1 286.4 61.2 285.1 61.4 283.8 61.6 282.5 61.8 281.0 62.0 279.6
  62.1 278.2 62.2 276.8 62.3 275.4 62.3 274.0 62.3 272.6 62.3 271.2 62.3 269.8
  62.3 268.4 62.2 267.1 62.3 265.8 62.3 264.5 62.4 263.3 62.5 262.1 62.7 260.9
  62.8 259.9 63.0 258.8 63.1 257.9 63.3 256.9 63.4 256.1 63.6 255.2 63.8 254.4
  64.0 253.6 64.1 252.9 64.3 252.2 64.5 251.5 64.7 250.8 64.9 250.1 65.1 249.4
  65.3 248.8 65.4 248.2 65.6 247.6 65.9 247.0 66.1 246.5 66.4 246.0 66.7 245.6
  67.0 245.2 67.3 244.9 67.6 244.6 67.9 244.3 68.2 244.1 68.6 244.1 69.0 244.1
  69.4 244.1 69.7 244.2 70.1 244.3 70.5 244.5 71.0 244.8 71.4 245.1 71.8 245.4
  72.2 245.7 72.7 246.0 73.1 246.4 73.5 246.7 73.9 247.0 74.4 247.4 74.8 247.8
  75.3 248.2 75.8 248.6 76.3 249.0 76.9 249.7 77.5 250.3 78.0 251.1 78.7 252.4
  79.3 253.8 79.9 255.3 80.4 257.0 81.0 259.3 81.6 261.8 82.1 264.7 82.7 268.0
  83.2 271.7 83.7 276.1 84.1 281.2 84.5 286.3 84.9 292.0 85.1 298.4 85.3 305.3
  85.4 312.5 85.5 320.0 85.6 327.4 85.6 334.6 85.6 341.4 85.6 347.9 85.5 354.0
  85.4 359.8 85.3   5.2 85.2   5.6 85.1   6.0 84.9   6.5 84.8   6.9 84.6   7.3
  84.4   7.7 84.2   8.1 84.1   8.5
   6 13 76  0.0
  72.5 321.4 72.4 320.9 72.3 320.3 72.2 319.9 72.0 319.4 71.9 318.9 71.7 318.6
  71.6 318.3 71.4 318.1 71.2 317.8 71.0 317.5 70.8 317.2 70.6 316.9 70.3 316.5
  70.1 316.3 69.8 316.0 69.6 315.9 69.4 315.7 69.1 315.5 68.9 315.4 68.6 315.2
  68.4 315.0 68.2 314.9 67.9 314.8 67.7 314.7 67.5 314.6 67.3 314.6 67.1 314.6
  67.0 314.5 66.8 314.5 66.6 314.5 66.5 314.6 66.4 314.6 66.2 314.6 66.1 314.7
  66.0 314.7 65.9 314.8 65.8 315.0 65.8 315.1 65.7 315.3 65.6 315.5 65.6 315.7
  65.5 315.9 65.5 316.1 65.4 316.3 65.4 316.5 65.4 316.8 65.4 317.0 65.3 317.3
  65.3 317.5 65.3 317.7 65.3 318.0 65.3 318.2 65.3 318.3 65.3 318.5 65.3 318.7
  65.3 318.8 65.3 318.9 65.3 319.0 65.3 319.1 65.4 319.2 65.4 319.2 65.4 319.2
  65.4 319.3 65.4 319.3 65.4 319.3 65.4 319.3 65.5 319.2 65.5 319.2 65.5 319.1
  65.4 319.1 65.4 319.0 65.4 318.9 65.4 318.8 65.4 318.8 65.4 318.7 65.4 318.6
  65.4 318.6 65.4 318.5 65.4 318.4 65.4 318.4 65.4 318.4 65.4 318.3 65.4 318.3
  65.4 318.3 65.4 318.3 65.4 318.3 65.5 318.3 65.5 318.3 65.5 318.2 65.5 318.2
  65.6 318.2 65.6 318.2 65.7 318.2 65.7 318.2 65.8 318.2 65.8 318.2 65.9 318.2
  66.0 318.2 66.0 318.3 66.0 318.3 66.1 318.3 66.1 318.3 66.1 318.3 66.1 318.4
  66.1 318.4 66.1 318.4 66.1 318.4 66.1 318.4 66.0 318.4 66.0 318.4 66.0 318.4
  66.0 318.4 66.0 318.5 66.0 318.6 65.9 318.6 65.9 318.7 65.9 318.8 66.0 318.9
  66.0 319.0 66.0 319.1 66.0 319.3 66.0 319.4 66.0 319.5 66.0 319.7 66.0 319.8
  65.9 320.0 65.9 320.1 65.9 320.3 66.0 320.5 66.0 320.7 66.0 320.9 66.0 321.0
  66.0 321.1 66.0 321.2 66.1 321.4 66.1 321.5 66.1 321.7 66.2 321.9 66.2 322.1
  66.3 322.3 66.3 322.5 66.4 322.8 66.5 323.0 66.6 323.3 66.7 323.5 66.8 323.8
  66.8 324.0 66.9 324.3 67.0 324.5 67.1 324.8 67.1 325.1 67.2 325.3 67.2 325.6
  67.3 325.8 67.3 326.1 67.4 326.4 67.4 326.6 67.4 326.9 67.4 327.2 67.4 327.5
  67.5 327.8 67.5 328.2 67.5 328.5 67.5 328.9 67.5 329.2 67.5 329.6 67.5 330.0
  67.4 330.5 67.4 330.9 67.4 331.4 67.4 331.9 67.4 332.5 67.3 333.1 67.2 333.7
  67.2 334.3 67.1 334.9 67.0 335.6 66.9 336.2 66.8 336.8 66.6 337.4 66.5 338.0
  66.3 338.6 66.1 339.1 65.9 339.6 65.7 340.0 65.5 340.2 65.4 340.5 65.2 340.7
  65.0 340.9 64.8 341.1 64.5 341.2 64.3 341.3 64.0 341.4 63.7 341.5 63.4 341.3
  63.1 341.1 62.8 340.9 62.5 340.7 62.1 340.6 61.8 340.5 61.4 340.0 61.1 339.5
  60.7 339.0 60.4 338.5 60.1 338.0 59.8 337.6 59.5 336.8 59.1 336.0 58.7 335.3
  58.4 334.5 58.1 333.9 57.7 333.2 57.3 332.1 57.0 331.0 56.8 329.9 56.5 328.9
  56.3 327.8 56.3 326.9 56.3 326.1 56.2 325.4 56.1 324.8 55.9 324.2 55.7 323.3
  55.7 322.5 55.7 321.7 55.7 320.9 55.7 320.1 55.7 319.3 56.0 318.5 56.2 317.7
  56.5 317.4 56.7 317.1 56.9 316.9 57.0 316.7 57.1 316.5 57.2 316.3 57.2 316.1
  57.2 316.0 57.2 316.0 57.4 315.9
   6 14 76  0.0
  72.5 321.4 72.5 321.6 72.4 321.7 72.4 321.9 72.3 322.0 72.3 322.1 72.2 322.2
  72.2 322.3 72.1 322.4 72.1 322.4 72.0 322.5 72.0 322.5 71.9 322.7 71.9 322.9
  71.8 323.0 71.8 323.1 71.7 323.2 71.7 323.2 71.6 323.2 71.5 323.2 71.5 323.1
  71.4 323.0 71.3 322.8 71.2 322.7 71.1 322.4 71.1 322.2 71.0 321.9 70.8 321.6
  70.7 321.3 70.6 321.0 70.4 320.7 70.3 320.4 70.1 320.1 70.0 319.8 69.8 319.7
  69.6 319.6 69.3 319.4 69.1 319.2 68.9 319.1 68.6 318.9 68.4 318.7 68.2 318.6
  68.0 318.4 67.8 318.5 67.6 318.5 67.4 318.6 67.2 318.6 67.0 318.6 66.8 318.6
  66.6 318.6 66.4 318.6 66.2 318.6 66.1 318.7 65.9 318.7 65.8 319.0 65.7 319.3
  65.6 319.5 65.5 319.8 65.4 320.0 65.3 320.2 65.2 320.5 65.1 320.6 65.0 320.8
  64.9 321.0 64.9 321.2 64.8 321.4 64.7 321.6 64.7 321.8 64.6 322.0 64.5 322.2
  64.5 322.4 64.4 322.6 64.4 322.9 64.4 323.1 64.3 323.3 64.3 323.5 64.3 323.7
  64.3 323.9 64.4 324.0 64.4 324.2 64.5 324.4 64.6 324.5 64.7 324.7 64.8 324.9
  64.9 325.0 65.1 325.2 65.2 325.3 65.3 325.5 65.4 325.6 65.5 325.7 65.6 325.9
  65.7 326.0 65.7 326.1 65.8 326.2 65.8 326.2 65.9 326.3 65.9 326.3 66.0 326.4
  66.0 326.4 66.1 326.6 66.1 326.8 66.1 327.0 66.2 327.2 66.2 327.4 66.3 327.6
  66.3 327.8 66.4 328.0 66.4 328.1 66.5 328.3 66.5 328.5 66.5 328.6 66.5 328.8
  66.5 329.1 66.6 329.3 66.6 329.6 66.7 329.8 66.7 330.2 66.8 330.5 66.8 330.9
  66.9 331.3 66.9 331.8 67.0 332.3 66.9 332.8 66.8 333.3 66.6 333.7 66.5 334.2
  66.4 334.7 66.3 335.2 66.2 335.7 66.1 336.2 65.8 336.6 65.5 337.1 65.2 337.7
  65.0 338.2 64.7 338.6 64.4 339.1 64.1 339.5 63.7 339.9 63.4 340.2 63.0 340.5
  62.6 340.8 62.1 341.1 61.7 341.4 61.3 341.6 60.9 341.9 60.4 342.2 60.0 342.5
  59.6 342.7 59.2 342.9 58.8 343.1 58.4 343.2 58.0 343.4 57.6 343.4 57.1 343.5
  56.7 343.5 56.3 343.6 55.8 343.6 55.4 343.6 54.9 343.5 54.5 343.5 54.0 343.3
  53.6 343.2 53.2 343.0 52.8 342.7 52.4 342.5 52.0 342.2 51.6 341.9 51.2 341.5
  50.8 341.2 50.4 340.8 50.0 340.5 49.6 340.1 49.3 339.8 48.9 339.4 48.6 339.1
  48.3 338.6 47.9 338.2 47.6 337.7 47.3 337.2 46.9 336.7 46.6 336.1 46.3 335.4
  46.0 334.8 45.8 334.1 45.5 333.4 45.3 332.7 45.1 331.9 44.9 331.1 44.8 330.3
  44.7 329.5 44.6 328.6 44.5 327.7 44.5 326.8 44.5 325.8 44.5 324.9 44.4 324.0
  44.4 323.0 44.4 322.1 44.5 321.2 44.5 320.2 44.5 319.3 44.6 318.3 44.7 317.4
  44.8 316.4 45.0 315.5 45.2 314.6 45.4 313.7 45.6 312.8 45.8 311.9 46.1 311.1
  46.3 310.4 46.5 309.6 46.8 308.9 47.0 308.2 47.2 307.4 47.5 306.8 47.8 306.1
  48.0 305.5 48.4 304.9 48.7 304.4 49.0 303.8 49.4 303.3 49.8 302.9 50.2 302.4
  50.6 301.9 51.1 301.3 51.5 300.8 51.9 300.4 52.4 299.9 52.8 299.4 53.2 299.0
  53.7 298.6 54.1 298.2 54.6 298.0 55.0 297.7 55.5 297.5 55.9 297.4 56.3 297.3
  56.7 297.1 57.0 296.9 57.4 296.8
   6 15 76  0.0
  72.5 321.4 72.2 321.2 72.0 321.0 71.8 321.1 71.6 321.2 71.4 321.4 71.2 321.5
  71.0 321.7 70.8 321.9 70.7 322.1 70.5 322.3 70.4 322.5 70.3 322.8 70.1 323.1
  70.0 323.3 69.9 323.6 69.9 324.0 69.8 324.3 69.8 324.7 69.9 325.1 69.9 325.5
  69.9 325.9 70.0 326.4 70.0 327.0 70.1 327.4 70.1 327.9 70.2 328.5 70.2 329.0
  70.3 329.5 70.4 330.1 70.4 330.7 70.5 331.3 70.5 331.9 70.6 332.5 70.6 333.2
  70.6 333.8 70.5 334.5 70.5 335.2 70.5 335.9 70.4 336.5 70.3 337.1 70.2 337.6
  70.1 338.0 70.0 338.5 69.9 338.9 69.8 339.6 69.7 340.4 69.6 341.1 69.5 341.8
  69.3 342.4 69.2 343.0 69.1 343.5 69.0 344.1 68.8 344.6 68.7 345.1 68.6 345.6
  68.4 346.1 68.3 346.6 68.2 347.1 68.1 347.6 68.0 348.1 67.9 348.6 67.7 349.1
  67.6 349.7 67.5 350.2 67.3 350.7 67.2 351.2 67.0 351.7 66.9 352.1 66.6 352.6
  66.2 353.1 65.9 353.5 65.6 353.6 65.3 353.8 65.0 353.9 64.6 354.0 64.3 354.1
  64.0 354.2 63.7 354.0 63.4 353.9 63.1 353.7 62.7 353.5 62.4 353.3 62.1 353.0
  61.7 352.7 61.4 352.3 61.1 351.8 60.8 351.3 60.6 350.8 60.3 350.2 60.1 349.7
  59.8 349.1 59.5 348.4 59.2 347.7 59.0 347.0 58.8 346.2 58.6 345.5 58.4 344.8
  58.2 344.1 57.9 343.4 57.8 342.7 57.7 342.0 57.6 341.4 57.5 340.7 57.3 340.0
  57.3 339.3 57.2 338.6 57.1 337.8 57.0 337.1 56.8 336.3 56.7 335.6 56.7 334.8
  56.7 334.1 56.7 333.4 56.7 332.8 56.8 332.1 56.8 331.5 56.9 331.0 57.0 330.4
  57.1 329.9 57.2 329.5 57.3 329.0 57.4 328.6 57.5 328.3 57.7 327.9 57.8 327.5
  58.0 327.2 58.2 326.8 58.3 326.5 58.5 326.3 58.7 326.1 58.9 325.8 59.2 325.7
  59.4 325.5 59.6 325.3 59.8 325.2 60.1 325.0 60.3 325.0 60.6 325.1 60.8 325.1
  61.1 325.2 61.4 325.2 61.7 325.3 61.9 325.3 62.2 325.4 62.5 325.6 62.8 325.8
  63.1 326.0 63.4 326.3 63.7 326.5 63.9 326.8 64.2 327.1 64.4 327.4 64.6 327.8
  64.9 328.1 65.0 328.5 65.1 328.9 65.2 329.3 65.3 329.7 65.4 330.1 65.5 330.5
  65.6 330.9 65.6 331.3 65.7 331.7 65.7 332.1 65.6 332.5 65.4 332.9 65.3 333.3
  65.1 333.7 65.0 334.0 64.8 334.4 64.7 334.7 64.5 335.0 64.4 335.3 64.3 335.6
  64.2 335.9 64.1 336.1 63.8 336.4 63.6 336.6 63.4 336.7 63.1 336.9 62.9 337.0
  62.7 337.1 62.5 337.2 62.3 337.3 62.1 337.4 61.9 337.5 61.7 337.5 61.5 337.5
  61.3 337.6 61.1 337.6 60.9 337.5 60.8 337.5 60.6 337.5 60.4 337.4 60.2 337.4
  60.0 337.4 59.9 337.3 59.7 337.2 59.5 337.2 59.3 337.1 59.0 337.0 58.8 337.0
  58.6 336.9 58.4 336.9 58.1 336.8 57.9 336.8 57.6 336.6 57.4 336.4 57.2 336.2
  57.0 336.0 56.8 335.8 56.5 335.6 56.1 335.3 55.8 335.1 55.4 334.8 55.1 334.4
  54.7 334.1 54.3 333.8 53.9 333.5 53.5 333.1 53.1 332.7 52.8 332.3 52.4 331.8
  52.1 331.4 51.7 331.0 51.4 330.4 51.1 329.9 50.7 329.4 50.4 329.0 50.0 328.5
  49.6 328.0 49.4 327.4 49.1 326.7 48.8 326.1 48.6 325.4 48.3 324.6 48.1 323.9
  48.0 323.1 47.8 322.3 47.7 321.5
   6 16 76  0.0
  72.5 321.4 72.1 321.5 71.6 321.7 71.3 322.1 70.9 322.5 70.5 322.9 70.2 323.3
  69.8 323.7 69.5 324.5 69.2 325.4 68.9 326.3 68.6 327.1 68.4 328.0 68.1 328.9
  67.7 329.8 67.4 330.9 67.1 331.9 66.9 332.9 66.5 333.7 66.2 334.4 65.9 335.0
  65.7 335.6 65.4 336.1 65.3 336.5 65.2 336.9 65.2 337.2 65.2 337.5 65.2 337.7
  65.3 337.9 65.4 338.1 65.5 338.2 65.7 338.4 65.9 338.5 66.1 338.6 66.4 339.0
  66.7 339.5 67.0 340.0 67.3 340.5 67.6 341.1 67.9 341.8 68.2 342.5 68.5 343.6
  68.7 344.7 68.8 345.8 68.9 347.0 69.0 348.3 69.0 349.5 68.9 350.7 68.9 351.9
  68.8 353.0 68.6 354.1 68.4 355.0 68.2 355.9 68.0 356.6 67.8 357.3 67.6 357.6
  67.4 357.9 67.2 358.1 66.9 358.3 66.7 358.5 66.5 358.6 66.3 358.7 66.1 358.9
  65.9 359.0 65.7 358.9 65.5 358.9 65.4 358.9 65.2 358.9 65.0 359.0 64.9 359.1
  64.7 359.3 64.6 359.5 64.5 359.7 64.4 360.0 64.2   0.3 64.0   0.4 63.8   0.6
  63.6   0.5 63.4   0.5 63.1   0.5 62.8   0.5 62.5   0.5 62.2   0.5 61.8   0.6
  61.4   0.4 60.9   0.3 60.5   0.2 60.0   0.0 59.6 359.9 59.2 359.3 58.9 358.7
  58.5 358.1 58.1 357.5 57.7 356.9 57.3 356.1 57.0 355.3 56.6 354.5 56.2 353.8
  55.8 353.2 55.4 352.4 55.0 351.7 54.6 351.0 54.2 350.3 53.8 349.6 53.5 348.9
  53.2 348.2 52.9 347.5 52.5 346.8 52.2 346.2 51.8 345.7 51.4 345.0 51.0 344.3
  50.7 343.6 50.3 343.0 49.8 342.3 49.5 341.6 49.1 340.8 48.7 340.1 48.3 339.4
  48.0 338.7 47.7 338.0 47.4 337.2 47.1 336.5 46.8 335.8 46.6 335.2 46.4 334.5
  46.2 333.8 45.9 333.2 45.7 332.5 45.5 331.8 45.4 331.2 45.4 330.4 45.3 329.7
  45.3 329.0 45.2 328.3 45.2 327.5 45.1 326.7 45.0 326.0 44.9 325.3 44.8 324.5
  44.7 323.8 44.6 323.1 44.6 322.5 44.5 321.8 44.4 321.1 44.4 320.5 44.3 319.8
  44.3 319.2 44.3 318.5 44.2 317.8 44.2 317.1 44.2 316.4 44.2 315.7 44.2 315.1
  44.2 314.4 44.2 313.7 44.2 313.1 44.3 312.4 44.3 311.8 44.4 311.1 44.5 310.4
  44.5 309.7 44.6 309.0 44.7 308.3 44.7 307.5 44.8 306.8 44.9 306.0 45.0 305.3
  45.2 304.6 45.3 303.9 45.5 303.2 45.6 302.6 45.7 302.0 45.8 301.3 45.9 300.8
  45.9 300.2 45.9 299.7 46.2 299.2 46.4 298.8 46.6 298.5 46.8 298.2 47.0 297.9
  47.2 297.7 47.3 297.4 47.4 297.1 47.4 296.9 47.5 296.7 47.5 296.5 47.4 296.3
  47.3 296.2 47.2 296.1 47.0 296.1 46.8 296.1 46.5 296.1 46.2 296.0 46.0 296.0
  45.7 295.8 45.6 295.5 45.4 295.3 45.2 295.1 45.0 295.0 44.7 294.8 44.3 294.7
  43.9 294.6 43.3 294.3 42.8 294.0 42.1 293.7 41.5 293.4 40.9 292.9 40.4 292.5
  39.8 292.0 39.3 291.4 39.0 290.8 38.6 290.2 38.2 289.6 37.9 289.1 37.5 288.5
  37.1 287.8 37.1 287.2 37.0 286.6 36.9 286.1 36.8 285.6 36.7 285.2 36.6 284.8
  36.5 284.4 36.4 284.1 36.3 283.8 36.5 283.6 36.7 283.4 36.9 283.3 37.2 283.2
  37.4 283.1 37.6 283.0 37.9 283.0 38.1 283.0 38.3 283.2 38.6 283.5 38.8 283.8
  39.0 284.0 39.0 284.3 38.9 284.6
   6 17 76  0.0
  72.5 321.4 72.3 321.0 72.1 320.6 71.9 320.1 71.7 319.9 71.4 319.7 71.1 319.5
  70.8 319.3 70.5 319.2 70.2 319.0 69.9 318.8 69.6 318.8 69.3 318.7 69.0 318.6
  68.6 318.6 68.3 318.7 68.0 318.8 67.7 318.9 67.4 319.4 67.2 319.9 66.9 320.5
  66.7 321.2 66.5 322.0 66.3 322.8 66.1 323.8 65.9 324.8 65.6 325.9 65.4 327.1
  65.1 328.3 64.7 329.5 64.2 330.7 63.7 331.8 63.1 332.7 62.3 333.6 61.4 334.3
  60.5 334.7 59.4 335.1 58.2 335.0 56.9 335.0 55.7 334.6 54.6 334.0 53.5 333.3
  52.5 332.3 51.5 331.3 50.6 330.1 49.8 328.8 49.0 327.3 48.5 325.8 48.0 324.1
  47.6 322.3 47.5 320.6 47.5 319.0 47.7 317.3 47.9 315.8 48.4 314.3 49.0 313.2
  49.7 312.3 50.4 311.4 51.2 310.8 52.0 310.3 52.9 310.1 53.7 309.9 54.4 309.7
  55.1 309.9 55.6 310.0 56.1 310.2 56.5 310.4 56.8 310.7 57.1 310.9 57.4 311.2
  57.6 311.4 57.8 311.7 57.9 312.0 58.1 312.3 58.1 312.3 58.0 312.3 58.0 312.3
  57.9 312.5 57.9 312.8 57.8 313.0 57.7 313.2 57.7 313.4 57.6 313.6 57.5 313.8
  57.4 314.0 57.2 314.1 57.1 314.3 57.0 314.4 57.0 314.4 56.9 314.5 56.9 314.5
  56.9 314.5 56.9 314.4 56.9 314.3 57.0 314.2 57.1 314.1 57.2 313.9 57.3 313.7
  57.4 313.5 57.5 313.3 57.7 313.2 57.9 313.0 58.1 312.9 58.3 312.8 58.6 312.7
  58.8 312.7 59.0 312.6 59.3 312.6 59.5 312.7 59.7 312.8 59.9 312.9 60.1 313.1
  60.3 313.3 60.4 313.7 60.6 314.1 60.7 314.5 60.8 315.0 60.9 315.6 61.0 316.2
  61.1 316.9 61.1 317.7 61.1 318.6 61.1 319.5 61.1 320.4 61.0 321.4 60.9 322.2
  60.8 323.0 60.6 323.7 60.5 324.3 60.1 324.8 59.8 325.3 59.4 325.6 59.0 325.9
  58.5 326.2 58.1 326.4 57.6 326.5 57.1 326.6 56.7 326.6 56.2 326.6 55.7 326.6
  55.2 326.4 54.7 326.2 54.2 326.0 53.7 325.8 53.2 325.4 52.7 324.9 52.3 324.5
  51.8 324.1 51.4 323.5 51.2 322.9 50.9 322.3 50.7 321.7 50.4 321.1 50.2 320.5
  50.0 320.0 49.8 319.3 49.6 318.6 49.4 317.9 49.2 317.2 49.0 316.5 48.9 315.8
  48.7 315.1 48.6 314.4 48.5 313.8 48.3 313.1 48.1 312.4 47.9 311.7 47.9 310.8
  47.8 309.9 47.7 309.0 47.7 308.2 47.6 307.3 47.7 306.4 47.9 305.6 48.0 304.7
  48.1 303.9 48.3 303.2 48.5 302.4 48.6 301.7 48.7 301.0 48.8 300.3 48.9 299.5
  49.1 298.8 49.2 298.1 49.4 297.4 49.6 296.7 49.7 296.0 49.9 295.3 50.1 294.5
  50.2 293.8 50.4 293.0 50.5 292.3 50.7 291.6 50.8 290.9 51.0 290.1 51.1 289.4
  51.2 288.7 51.4 288.0 51.5 287.3 51.7 286.5 51.9 285.8 52.0 285.1 52.2 284.3
  52.4 283.5 52.5 282.6 52.6 281.8 52.7 281.0 52.8 280.3 52.9 279.5 53.0 278.8
  53.1 278.1 53.3 277.4 53.4 276.7 53.5 276.0 53.6 275.3 53.9 274.7 54.1 274.0
  54.3 273.2 54.5 272.3 54.7 271.4 54.9 270.5 55.1 269.7 55.3 268.8 55.5 268.0
  55.7 267.2 55.8 266.5 55.9 265.8 56.0 265.1 56.1 264.3 56.3 263.5 56.3 262.7
  56.4 262.0 56.4 261.3 56.5 260.6 56.5 260.0 56.5 259.4 56.5 258.9 56.6 258.3
  56.6 257.8 56.7 257.3 56.7 256.9
   6 18 76  0.0
  72.5 321.4 72.4 320.8 72.4 320.2 72.3 319.6 72.2 319.0 72.1 318.5 72.0 317.9
  71.9 317.3 71.9 316.9 71.8 316.5 71.7 316.1 71.6 315.7 71.4 315.4 71.2 315.0
  71.0 314.7 70.8 314.3 70.6 314.0 70.3 313.7 70.1 313.4 69.9 313.1 69.6 312.9
  69.4 312.6 69.1 312.4 68.9 312.2 68.6 311.9 68.3 311.7 68.0 311.5 67.7 311.3
  67.4 311.0 67.1 310.8 66.9 310.6 66.6 310.4 66.3 310.1 66.1 309.9 65.8 309.7
  65.6 309.4 65.4 309.2 65.2 308.9 65.0 308.6 64.8 308.3 64.7 308.1 64.6 307.8
  64.6 307.5 64.6 307.3 64.6 307.0 64.6 306.7 64.7 306.4 64.8 306.1 64.8 305.9
  64.9 305.5 65.0 305.3 65.1 305.0 65.2 304.7 65.2 304.5 65.3 304.3 65.4 304.1
  65.4 304.0 65.5 303.9 65.6 303.8 65.7 303.8 65.8 303.7 65.9 303.8 66.0 303.8
  66.1 303.9 66.2 304.1 66.1 304.3 66.1 304.6 66.1 304.8 66.0 305.1 66.0 305.4
  66.0 305.7 65.9 305.9 65.9 306.1 65.9 306.3 65.8 306.6 65.8 306.8 65.7 307.0
  65.7 307.2 65.6 307.4 65.5 307.6 65.4 307.8 65.4 308.0 65.2 308.2 65.0 308.3
  64.8 308.5 64.7 308.6 64.5 308.8 64.4 308.9 64.2 309.0 64.1 309.1 64.0 309.1
  63.9 309.2 63.8 309.1 63.8 309.1 63.7 308.9 63.6 308.8 63.6 308.6 63.6 308.4
  63.5 308.2 63.5 308.0 63.4 307.8 63.4 307.6 63.3 307.4 63.3 307.1 63.2 306.8
  63.2 306.6 63.1 306.3 63.0 306.0 62.9 305.7 62.8 305.4 62.7 305.2 62.7 304.9
  62.6 304.6 62.5 304.3 62.4 304.0 62.5 303.7 62.6 303.3 62.7 303.0 62.8 302.7
  62.8 302.3 62.9 301.9 63.0 301.5 63.1 301.1 63.2 300.7 63.3 300.3 63.3 299.8
  63.4 299.3 63.5 298.8 63.6 298.3 63.7 297.7 63.8 297.1 63.8 296.4 63.9 295.8
  64.0 295.0 64.2 294.7 64.4 294.3 64.5 293.9 64.7 293.5 64.8 293.0 64.9 292.5
  65.0 292.0 65.2 291.4 65.4 290.8 65.5 290.2 65.6 289.5 65.8 288.8 65.9 288.1
  66.0 287.3 66.2 286.8 66.4 286.2 66.6 285.5 66.8 284.9 67.0 284.3 67.2 283.6
  67.4 283.0 67.6 282.3 67.8 281.7 68.0 281.0 68.1 280.4 68.3 279.9 68.6 279.4
  68.8 278.9 69.0 278.4 69.2 277.9 69.4 277.4 69.5 276.9 69.7 276.4 69.9 275.8
  70.0 275.3 70.1 274.8 70.3 274.5 70.4 274.2 70.5 273.9 70.6 273.7 70.7 273.4
  70.7 273.2 70.8 273.0 70.8 272.9 70.8 272.7 70.8 272.6 70.8 272.5 70.8 272.4
  70.8 272.3 70.8 272.2 70.8 272.2 70.8 272.1 70.8 272.1 70.9 272.1 70.9 272.2
  70.9 272.2 71.0 272.3 71.0 272.4 71.1 272.5 71.1 272.6 71.2 272.8 71.2 273.0
  71.3 273.2 71.4 273.5 71.4 273.9 71.5 274.2 71.6 274.7 71.7 275.2 71.8 275.7
  71.8 276.4 71.9 277.1 72.0 277.9 72.1 278.8 72.2 279.3 72.3 279.9 72.3 280.6
  72.4 281.3 72.4 282.1 72.4 282.9 72.5 283.8 72.5 284.7 72.5 285.6 72.4 286.6
  72.4 287.5 72.4 288.5 72.3 289.5 72.2 290.5 72.1 291.4 72.0 292.3 71.9 293.5
  71.7 294.6 71.6 295.6 71.4 296.5 71.2 297.3 71.0 298.1 70.8 298.9 70.6 299.5
  70.3 300.1 70.1 300.7 69.8 301.2 69.6 301.4 69.3 301.7 69.1 301.9 68.8 302.1
  68.6 302.3 68.3 302.4 68.1 302.6
   6 19 76  0.0
  72.5 321.4 72.2 321.2 71.9 321.0 71.6 320.8 71.3 320.7 71.0 320.5 70.7 320.4
  70.5 320.2 70.2 320.1 69.9 320.0 69.6 320.0 69.4 320.1 69.2 320.1 69.0 320.2
  68.8 320.2 68.6 320.2 68.4 320.2 68.3 320.2 68.1 320.1 68.0 320.0 67.8 319.8
  67.7 319.8 67.5 319.7 67.4 319.6 67.3 319.5 67.2 319.4 67.1 319.2 67.0 319.1
  67.0 319.0 66.9 318.8 66.8 318.7 66.8 318.6 66.8 318.4 66.7 318.3 66.7 318.2
  66.7 318.1 66.7 317.9 66.7 317.8 66.7 317.6 66.7 317.5 66.7 317.4 66.6 317.3
  66.6 317.1 66.6 317.0 66.5 316.9 66.5 316.8 66.4 316.7 66.4 316.6 66.3 316.5
  66.2 316.4 66.2 316.3 66.1 316.2 66.0 316.1 65.9 316.0 65.9 316.1 65.8 316.2
  65.7 316.3 65.6 316.4 65.5 316.6 65.5 316.7 65.4 316.9 65.3 317.2 65.2 317.4
  65.1 317.8 65.0 318.2 65.0 318.6 64.9 319.2 64.8 319.8 64.7 320.4 64.6 321.2
  64.5 322.0 64.4 322.9 64.3 323.9 64.2 325.0 63.9 326.1 63.7 327.2 63.4 328.3
  62.9 329.4 62.3 330.4 61.7 331.4 61.0 332.0 60.3 332.5 59.2 333.0 58.1 333.1
  56.9 333.2 55.6 332.8 54.5 332.0 53.5 331.1 52.6 329.9 51.8 328.7 50.9 327.2
  50.5 325.6 50.0 324.0 50.1 322.1 50.1 320.5 50.2 318.8 50.8 317.2 51.4 315.8
  52.2 314.5 53.0 313.7 53.8 313.0 54.6 312.3 55.4 312.1 56.1 312.0 56.8 312.2
  57.3 312.4 57.7 312.7 58.1 313.2 58.4 313.7 58.6 314.3 58.7 315.0 58.9 315.6
  59.0 316.3 58.9 317.0 58.8 317.6 58.7 318.2 58.6 318.7 58.4 319.1 58.3 319.4
  58.2 319.7 58.0 319.9 57.9 320.0 57.7 320.4 57.7 320.7 57.7 320.9 57.8 321.1
  57.8 321.3 58.0 321.4 58.2 321.4 58.4 321.2 58.7 321.0 59.0 320.8 59.4 320.5
  59.9 320.2 60.3 319.9 60.5 319.8 60.7 319.6 60.9 319.5 61.1 319.4 61.2 319.4
  61.4 319.4 61.6 319.4 61.8 319.4 62.0 319.5 62.2 319.7 62.4 320.0 62.5 320.3
  62.9 320.8 63.2 321.3 63.5 322.0 63.7 322.8 63.8 323.7 63.9 324.8 64.0 325.9
  64.1 326.8 64.2 327.7 64.2 328.6 64.1 329.4 63.9 330.2 63.8 331.3 63.7 332.3
  63.4 333.2 63.2 333.9 63.0 334.6 62.7 335.1 62.5 335.6 62.2 336.0 62.0 336.4
  61.8 336.8 61.6 337.1 61.4 337.3 61.2 337.5 61.0 337.7 60.8 337.7 60.6 337.7
  60.5 337.7 60.3 337.5 60.1 337.4 60.0 337.1 59.8 337.0 59.7 336.9 59.5 336.8
  59.4 336.6 59.2 336.4 59.1 336.2 59.0 335.9 58.8 335.6 58.5 335.3 58.3 334.9
  58.1 334.5 57.9 334.1 57.7 333.7 57.6 333.3 57.4 332.9 57.3 332.4 57.2 332.0
  56.9 331.5 56.6 331.0 56.4 330.5 56.2 330.0 56.1 329.4 55.9 328.9 55.8 328.4
  55.8 327.8 55.7 327.2 55.7 326.6 55.7 326.1 55.7 325.6 55.7 325.1 55.7 324.7
  55.7 324.3 55.8 323.9 55.7 323.6 55.7 323.3 55.8 323.0 55.8 322.7 55.9 322.5
  55.9 322.2 56.0 321.9 56.1 321.6 56.2 321.3 56.3 321.0 56.4 320.7 56.5 320.4
  56.6 320.1 56.8 319.7 56.8 319.4 56.8 319.1 56.8 318.8 56.9 318.5 56.9 318.2
  57.0 318.0 57.1 317.7 57.2 317.4 57.4 317.1 57.5 316.9 57.7 316.6 57.9 316.3
  58.1 316.1 58.3 315.9 58.4 315.7
   6 20 76  0.0
  72.5 321.4 72.4 321.0 72.4 320.7 72.3 320.3 72.2 320.0 72.1 319.6 71.9 319.2
  71.7 319.1 71.5 318.9 71.3 318.8 71.1 318.6 70.8 318.5 70.6 318.4 70.3 318.2
  70.0 318.1 69.7 318.1 69.4 318.1 69.1 318.1 68.7 318.1 68.4 318.1 68.0 318.1
  67.6 318.1 67.3 318.1 66.9 318.1 66.5 318.1 66.1 318.0 65.7 318.0 65.3 317.9
  65.0 317.8 64.7 317.8 64.3 317.8 64.0 317.8 63.7 317.9 63.4 317.8 63.1 317.8
  62.9 317.8 62.6 317.8 62.4 317.9 62.2 317.9 62.0 318.0 61.8 317.9 61.6 317.7
  61.4 317.6 61.2 317.6 61.0 317.5 60.7 317.4 60.5 317.4 60.3 317.3 60.0 317.3
  59.8 317.3 59.5 317.1 59.3 316.9 59.1 316.7 58.9 316.4 58.8 316.2 58.6 315.9
  58.3 315.6 58.1 315.3 57.8 314.9 57.5 314.5 57.3 314.1 57.0 313.6 56.8 313.2
  56.6 312.8 56.4 312.3 56.3 311.9 56.1 311.5 55.8 311.0 55.7 310.5 55.5 309.9
  55.4 309.3 55.2 308.7 55.1 308.1 55.0 307.6 54.9 307.0 54.8 306.5 54.7 305.9
  54.6 305.4 54.6 304.9 54.5 304.4 54.5 303.9 54.5 303.4 54.4 303.0 54.4 302.5
  54.5 302.0 54.5 301.5 54.5 301.1 54.6 300.6 54.6 300.2 54.6 299.8 54.6 299.4
  54.5 299.0 54.5 298.6 54.4 298.3 54.4 298.0 54.4 297.7 54.4 297.4 54.3 297.1
  54.3 296.9 54.3 296.6 54.3 296.3 54.3 296.0 54.3 295.7 54.4 295.4 54.4 295.0
  54.4 294.7 54.4 294.3 54.4 294.0 54.5 293.7 54.5 293.3 54.5 293.0 54.6 292.6
  54.6 292.3 54.7 291.9 54.8 291.5 54.9 291.1 55.0 290.6 55.1 290.2 55.3 289.7
  55.4 289.3 55.6 288.8 55.9 288.4 56.1 287.9 56.1 287.5 56.2 287.1 56.2 286.7
  56.3 286.3 56.4 285.9 56.4 285.5 56.5 285.1 56.5 284.7 56.5 284.3 56.6 283.9
  56.5 283.6 56.4 283.2 56.3 282.9 56.2 282.6 56.1 282.4 56.0 282.1 55.9 281.9
  55.8 281.6 55.7 281.3 55.5 281.0 55.4 280.8 55.3 280.5 55.2 280.3 55.1 280.1
  54.9 279.9 54.8 279.6 54.6 279.4 54.4 279.1 54.3 278.8 54.2 278.6 54.1 278.3
  54.0 278.0 53.9 277.7 53.9 277.2 53.9 276.8 53.8 276.3 53.8 275.9 53.5 275.4
  53.2 275.0 53.0 274.6 52.7 274.2 52.4 273.8 52.1 273.4 51.8 273.0 51.5 272.6
  51.2 272.1 50.9 271.7 50.4 271.3 49.9 270.9 49.4 270.5 48.9 270.0 48.4 269.6
  47.9 269.3 47.5 268.8 47.0 268.4 46.6 267.9 46.1 267.5 45.5 267.1 45.0 266.7
  44.5 266.3 44.0 265.9 43.5 265.5 43.0 265.1 42.5 264.8 42.1 264.4 41.7 264.1
  41.3 263.6 40.8 263.3 40.3 262.9 39.8 262.5 39.3 262.2 38.9 261.8 38.4 261.4
  38.0 261.1 37.7 260.7 37.3 260.4 37.0 260.0 36.7 259.6 36.4 259.3 36.1 258.9
  35.9 258.6 35.6 258.3 35.3 258.0 35.1 257.7 34.9 257.4 34.7 257.1 34.5 256.8
  34.3 256.5 34.2 256.1 34.0 255.8 33.9 255.4 33.7 255.1 33.6 254.8 33.5 254.4
  33.4 254.1 33.2 253.8 33.1 253.4 33.0 253.1 32.9 252.7 32.9 252.4 32.8 252.0
  32.7 251.7 32.3 251.4 32.0 251.1 31.6 250.9 31.3 250.7 31.0 250.5 30.6 250.4
  30.4 250.2 30.1 250.0 29.9 249.8 29.7 249.7 29.5 249.6 29.3 249.6 29.2 249.5
  29.0 249.5 28.9 249.4 28.8 249.4
   6 21 76  0.0
  72.5 321.4 72.3 321.0 72.2 320.6 72.1 320.1 71.9 319.7 71.7 319.3 71.5 318.9
  71.4 318.6 71.2 318.2 71.0 317.8 70.8 317.5 70.7 317.1 70.5 316.8 70.4 316.4
  70.2 316.1 70.1 315.8 69.9 315.5 69.7 315.4 69.5 315.3 69.4 315.2 69.2 315.2
  69.1 315.2 69.0 315.2 68.8 315.2 68.7 315.2 68.6 315.3 68.4 315.4 68.3 315.4
  68.1 315.5 67.9 315.6 67.7 315.9 67.5 316.2 67.3 316.5 67.1 316.7 66.9 317.0
  66.7 317.3 66.4 317.5 66.1 317.7 65.8 317.9 65.6 318.1 65.3 318.3 65.0 318.5
  64.7 318.6 64.4 318.6 64.1 318.7 63.8 318.7 63.5 318.5 63.2 318.3 62.9 318.1
  62.6 317.8 62.3 317.5 62.1 317.3 61.8 317.1 61.6 316.7 61.4 316.3 61.2 316.0
  61.0 315.6 60.9 315.3 60.8 315.0 60.6 314.7 60.5 314.4 60.4 314.1 60.3 313.9
  60.2 313.6 60.0 313.5 59.9 313.3 59.7 313.0 59.5 312.6 59.3 312.4 59.1 312.2
  58.9 312.0 58.6 311.8 58.3 311.8 58.0 311.7 57.7 311.7 57.4 311.3 57.1 310.9
  56.7 310.5 56.4 310.1 56.1 309.7 55.8 309.3 55.5 308.6 55.2 307.9 54.9 307.3
  54.5 306.6 54.2 305.9 53.8 305.3 53.5 304.4 53.2 303.6 52.9 302.8 52.7 301.9
  52.4 301.1 52.2 300.2 52.0 299.4 51.9 298.5 51.8 297.4 51.7 296.4 51.6 295.4
  51.5 294.3 51.4 293.3 51.3 292.3 51.2 291.3 51.0 290.4 50.7 289.4 50.4 288.5
  50.0 287.7 49.5 286.8 49.0 285.9 48.5 285.1 47.9 284.2 47.4 283.2 46.9 282.2
  46.4 281.2 45.9 280.3 45.4 279.3 44.9 278.4 44.3 277.5 43.8 276.6 43.2 275.8
  42.7 274.9 42.1 273.9 41.6 273.0 41.1 272.0 40.8 271.0 40.5 270.0 40.1 269.0
  39.7 268.0 39.4 267.1 39.1 266.2 38.9 265.3 38.6 264.3 38.3 263.3 38.3 262.2
  38.2 261.3 38.2 260.3 38.1 259.5 38.3 258.7 38.5 258.0 38.7 257.4 39.0 256.8
  39.2 256.3 39.3 255.8 39.8 255.3 40.4 254.9 41.0 254.6 41.6 254.4 42.3 254.1
  42.9 254.0 43.6 253.9 44.2 253.8 44.8 253.8 45.3 253.7 45.7 253.7 46.1 253.6
  46.5 253.7 46.8 253.8 47.1 253.9 47.4 254.0 47.6 254.1 47.9 254.2 48.1 254.2
  48.4 254.3 48.6 254.3 48.8 254.3 49.0 254.3 49.2 254.3 49.4 254.2 49.6 254.1
  49.8 254.0 50.0 253.9 50.2 253.8 50.5 253.8 50.7 253.7 51.0 253.6 51.3 253.5
  51.6 253.3 51.9 253.2 52.2 253.0 52.5 253.0 52.9 252.9 53.2 252.9 53.4 252.8
  53.7 252.8 54.0 252.7 54.2 252.7 54.3 252.9 54.5 253.1 54.6 253.3 54.8 253.5
  54.8 253.7 54.9 254.0 54.9 254.2 54.9 254.5 54.9 254.8 54.9 255.1 54.9 255.3
  54.9 255.5 54.9 255.7 54.9 255.8 54.9 255.9 54.9 256.0 54.9 256.1 54.9 256.1
  54.9 256.0 54.9 256.0 54.9 255.9 54.8 255.7 54.8 255.6 54.8 255.4 54.7 255.2
  54.6 254.9 54.6 254.7 54.5 254.4 54.4 254.0 54.3 253.7 54.2 253.3 54.1 252.9
  54.0 252.5 53.9 252.2 53.7 251.9 53.6 251.6 53.5 251.2 53.4 250.9 53.3 250.6
  53.2 250.3 53.1 249.9 53.0 249.6 53.0 249.2 52.9 248.9 52.8 248.5 52.7 248.2
  52.6 247.9 52.6 247.6 52.6 247.3 52.5 247.0 52.4 246.8 52.3 246.6 52.2 246.3
  52.0 246.1 51.9 246.0 51.7 245.8
   6 22 76  0.0
  72.5 321.4 72.4 321.0 72.3 320.5 72.2 320.1 72.1 319.7 71.9 319.3 71.8 318.9
  71.6 318.5 71.5 318.0 71.3 317.6 71.2 317.2 71.0 316.8 70.9 316.4 70.8 315.9
  70.6 315.5 70.3 315.1 70.1 314.6 69.9 314.2 69.7 313.8 69.4 313.3 69.2 312.9
  69.0 312.5 68.7 312.0 68.5 311.6 68.2 311.2 67.9 310.8 67.6 310.4 67.3 310.1
  67.1 309.8 66.8 309.5 66.6 309.2 66.4 308.9 66.3 308.6 66.1 308.3 66.0 308.0
  65.8 307.8 65.7 307.6 65.6 307.4 65.5 307.2 65.5 307.1 65.4 306.9 65.4 306.8
  65.3 306.6 65.3 306.5 65.2 306.4 65.2 306.4 65.1 306.3 65.1 306.3 65.1 306.3
  65.1 306.3 65.1 306.4 65.0 306.4 65.0 306.4 65.0 306.5 64.9 306.5 64.9 306.6
  64.8 306.6 64.8 306.7 64.7 306.8 64.7 306.8 64.6 306.9 64.6 307.0 64.5 307.0
  64.5 307.0 64.4 307.0 64.4 306.9 64.4 306.8 64.3 306.7 64.3 306.5 64.3 306.3
  64.3 306.0 64.3 305.8 64.3 305.4 64.3 305.1 64.3 304.7 64.3 304.4 64.3 304.1
  64.2 303.9 64.3 303.7 64.4 303.4 64.5 303.3 64.5 303.1 64.5 303.0 64.5 302.8
  64.5 302.8 64.4 302.7 64.4 302.7 64.3 302.7 64.2 302.7 64.1 302.7 64.0 302.8
  63.9 302.8 63.7 302.8 63.6 302.9 63.5 303.0 63.3 303.1 63.1 303.4 62.9 303.7
  62.8 303.9 62.6 304.2 62.4 304.4 62.1 304.6 61.9 304.7 61.7 304.8 61.4 304.9
  61.2 304.9 60.9 305.0 60.7 305.0 60.4 304.9 60.1 304.9 59.8 304.8 59.5 304.6
  59.2 304.4 59.0 304.2 58.7 304.0 58.5 303.8 58.2 303.6 57.9 303.3 57.7 302.9
  57.5 302.6 57.3 302.2 57.1 301.8 56.9 301.5 56.7 301.1 56.6 300.8 56.4 300.4
  56.3 300.1 56.2 299.7 56.0 299.4 55.8 299.0 55.7 298.4 55.6 297.8 55.4 297.1
  55.3 296.5 55.2 295.8 55.0 295.2 54.9 294.5 54.7 293.9 54.6 293.3 54.5 292.7
  54.4 292.0 54.4 291.4 54.3 290.8 54.2 290.2 54.1 289.5 54.1 288.9 54.0 288.2
  54.0 287.5 53.9 286.9 53.8 286.0 53.7 285.1 53.6 284.2 53.5 283.3 53.3 282.5
  53.1 281.6 53.0 280.7 52.8 279.8 52.7 278.9 52.6 278.0 52.5 277.2 52.4 276.4
  52.2 275.8 52.2 275.1 52.2 274.5 52.2 273.9 52.1 273.3 52.1 272.8 52.1 272.2
  52.0 271.6 52.2 271.1 52.3 270.5 52.4 270.0 52.4 269.5 52.4 269.0 52.4 268.5
  52.4 268.1 52.3 267.7 52.5 267.3 52.6 266.9 52.8 266.5 52.9 266.2 53.0 265.9
  53.2 265.5 53.3 265.2 53.3 264.9 53.4 264.6 53.5 264.3 53.5 264.0 53.5 263.7
  53.9 263.5 54.3 263.2 54.7 263.3 55.0 263.4 55.4 263.5 55.7 263.6 56.0 263.7
  56.3 264.2 56.2 264.6 56.1 265.1 56.0 265.5 55.9 265.9 55.7 266.1 55.5 266.4
  55.2 266.6 54.9 266.9 54.6 267.1 54.2 267.3 53.9 267.5 53.5 267.5 53.1 267.5
  52.7 267.5 52.2 267.5 51.7 267.4 51.3 267.2 50.8 267.0 50.3 266.8 49.7 266.7
  49.2 266.4 48.6 266.1 48.1 265.8 47.5 265.5 46.9 265.0 46.4 264.6 45.9 264.2
  45.3 263.7 45.0 263.2 44.6 262.8 44.2 262.3 43.7 262.0 43.3 261.6 42.8 261.2
  42.4 260.8 41.9 260.4 41.4 260.0 41.3 259.5 41.1 259.1 40.9 258.7 40.6 258.4
  40.3 258.0 40.0 257.7 39.7 257.3
   6 23 76  0.0
  72.5 321.4 72.4 321.1 72.4 320.8 72.3 320.5 72.3 320.2 72.2 319.9 72.1 319.6
  72.0 319.3 71.9 319.1 71.8 318.7 71.7 318.4 71.6 318.0 71.5 317.7 71.3 317.3
  71.2 316.9 71.1 316.5 71.0 316.1 70.8 315.6 70.7 315.2 70.5 314.7 70.4 314.2
  70.2 313.7 70.1 313.2 69.9 312.7 69.8 312.1 69.6 311.6 69.4 311.0 69.3 310.4
  69.1 309.8 68.9 309.2 68.7 308.6 68.5 308.0 68.3 307.4 68.1 306.8 67.9 306.2
  67.7 305.6 67.5 305.1 67.3 304.6 67.1 304.1 66.9 303.6 66.7 303.0 66.5 302.5
  66.3 301.9 66.1 301.4 65.9 300.8 65.8 300.2 65.6 299.7 65.5 299.1 65.4 298.5
  65.3 297.8 65.2 297.2 65.1 296.5 65.0 295.7 64.9 295.0 64.7 294.2 64.6 293.5
  64.5 292.7 64.3 291.9 64.2 291.1 64.0 290.3 63.8 289.5 63.6 288.8 63.4 288.1
  63.2 287.4 63.2 286.6 63.1 285.9 63.0 285.1 63.0 284.4 62.9 283.6 62.8 282.8
  62.8 282.0 62.7 281.1 62.6 280.2 62.5 279.3 62.4 278.4 62.3 277.4 62.2 276.5
  62.2 275.6 62.1 274.6 62.0 273.7 62.0 272.7 62.0 271.8 62.0 271.0 62.0 270.3
  62.0 269.5 62.0 268.7 62.0 267.9 61.9 267.1 61.9 266.2 61.9 265.3 61.9 264.4
  61.9 263.4 61.9 262.5 61.9 261.6 61.9 260.7 61.9 259.7 61.9 258.8 62.0 257.9
  62.0 257.0 62.0 256.2 62.1 255.2 62.1 254.3 62.1 253.4 62.1 252.5 62.1 251.7
  62.0 250.8 62.0 250.0 61.9 249.2 61.9 248.5 61.9 247.7 61.8 246.9 61.7 246.2
  61.6 245.4 61.6 244.6 61.5 243.9 61.4 243.1 61.3 242.4 61.2 241.7 61.2 241.0
  61.1 240.3 61.0 239.6 60.9 239.0 60.8 238.3 60.7 237.7 60.6 237.1 60.5 236.5
  60.5 235.9 60.4 235.3 60.2 234.8 60.1 234.2 60.0 233.7 60.0 233.1 59.9 232.6
  59.8 232.0 59.8 231.4 59.7 230.9 59.5 230.4 59.4 229.9 59.2 229.5 59.1 229.0
  58.9 228.6 58.8 228.3 58.7 227.9 58.4 227.6 58.2 227.3 57.9 227.0 57.7 226.7
  57.5 226.4 57.3 226.1 57.1 225.8 56.9 225.5 56.8 225.2 56.7 225.0 56.6 224.7
  56.5 224.5 56.4 224.2 56.3 224.0 56.3 223.7 56.2 223.5 56.2 223.3 56.1 223.1
  56.1 223.0 56.1 222.8 56.1 222.7 56.1 222.6 56.1 222.5 56.1 222.4 56.1 222.3
  56.1 222.3 56.2 222.3 56.2 222.3 56.2 222.3 56.3 222.3 56.3 222.3 56.3 222.4
  56.4 222.4 56.4 222.5 56.4 222.6 56.5 222.7 56.5 222.8 56.5 222.9 56.6 223.0
  56.6 223.2 56.6 223.3 56.6 223.4 56.5 223.5 56.5 223.6 56.4 223.7 56.3 223.8
  56.2 223.8 56.1 223.9 56.0 223.9 55.8 223.8 55.6 223.7 55.4 223.5 55.2 223.4
  55.0 223.3 54.8 223.2 54.6 223.1 54.4 223.0 54.2 222.9 54.0 222.8 53.8 222.5
  53.5 222.2 53.3 221.9 53.0 221.6 52.8 221.3 52.5 221.0 52.2 220.7 52.0 220.4
  51.7 219.9 51.4 219.3 51.1 218.7 50.8 218.2 50.5 217.6 50.2 217.0 49.9 216.4
  49.6 215.6 49.2 214.8 48.8 214.0 48.4 213.3 48.0 212.5 47.5 211.7 47.2 210.8
  46.9 209.9 46.6 209.0 46.2 208.2 45.9 207.3 45.7 206.4 45.5 205.5 45.3 204.7
  45.0 204.0 44.7 203.2 44.5 202.6 44.1 202.0 43.8 201.4 43.5 200.7 43.2 200.1
  42.8 199.5 42.5 198.9 42.2 198.3
   6 24 76  0.0
  72.5 321.4 72.5 321.1 72.4 320.9 72.4 320.6 72.3 320.4 72.3 320.2 72.2 320.0
  72.2 319.8 72.2 319.6 72.1 319.4 72.1 319.2 72.1 319.1 72.0 318.9 72.0 318.8
  71.9 318.6 71.9 318.5 71.9 318.3 71.8 318.1 71.8 317.9 71.8 317.6 71.7 317.4
  71.7 317.1 71.7 316.8 71.6 316.5 71.6 316.1 71.6 315.8 71.6 315.4 71.5 315.0
  71.5 314.6 71.4 314.2 71.4 313.8 71.3 313.4 71.2 313.0 71.1 312.6 71.0 312.2
  70.9 311.8 70.8 311.3 70.7 310.9 70.5 310.4 70.4 309.9 70.3 309.5 70.1 308.9
  69.9 308.4 69.8 307.7 69.6 307.0 69.5 306.3 69.3 305.6 69.2 304.8 69.0 304.0
  68.8 303.3 68.6 302.5 68.4 301.7 68.2 301.0 68.0 300.3 67.8 299.6 67.7 298.9
  67.5 298.3 67.4 297.6 67.2 297.0 67.0 296.3 66.9 295.7 66.8 295.1 66.6 294.4
  66.5 293.8 66.4 293.1 66.3 292.4 66.2 291.8 66.2 291.1 66.2 290.4 66.1 289.7
  66.1 289.0 66.1 288.3 66.1 287.6 66.2 286.8 66.2 286.1 66.3 285.4 66.3 284.7
  66.3 284.0 66.4 283.3 66.5 282.6 66.5 281.8 66.6 281.1 66.6 280.4 66.6 279.7
  66.7 279.0 66.8 278.3 66.9 277.5 66.9 276.8 67.0 276.0 67.0 275.3 67.1 274.5
  67.1 273.7 67.1 272.9 67.2 272.1 67.2 271.4 67.2 270.6 67.3 269.8 67.4 269.1
  67.5 268.4 67.5 267.6 67.6 266.9 67.8 266.1 67.9 265.4 68.0 264.6 68.1 263.9
  68.2 263.5 68.4 263.2 68.6 262.8 68.7 262.4 68.9 262.1 69.1 261.7 69.2 261.3
  69.4 260.9 69.6 260.5 69.8 260.0 70.0 259.5 70.2 259.1 70.4 259.0 70.7 258.9
  70.9 258.8 71.2 258.7 71.5 258.6 71.7 258.5 71.9 258.3 72.2 258.1 72.4 258.2
  72.6 258.3 72.9 258.4 73.1 258.5 73.2 258.6 73.4 258.6 73.6 258.7 73.7 258.7
  73.9 258.7 74.0 258.7 74.2 259.1 74.3 259.6 74.4 260.1 74.4 260.5 74.5 261.0
  74.5 261.4 74.5 261.8 74.5 262.3 74.5 262.7 74.5 263.1 74.4 263.4 74.4 263.8
  74.3 264.1 74.2 264.5 74.0 264.8 73.8 265.0 73.6 264.8 73.5 264.5 73.3 264.2
  73.1 263.8 73.0 263.5 72.9 263.1 72.8 262.8 72.6 262.4 72.5 262.0 72.4 261.6
  72.2 261.1 72.1 260.7 71.9 260.2 71.8 259.3 71.7 258.4 71.7 257.4 71.6 256.4
  71.5 255.4 71.5 254.3 71.5 253.2 71.5 252.1 71.5 251.0 71.5 249.8 71.6 248.7
  71.6 247.5 71.7 246.3 71.7 245.0 71.8 243.6 72.0 242.2 72.2 240.7 72.4 239.8
  72.6 238.7 72.8 237.6 73.0 236.5 73.1 235.2 73.3 233.9 73.5 232.6 73.6 231.2
  73.8 229.8 73.9 228.3 74.0 226.8 74.2 226.0 74.4 225.0 74.6 224.1 74.7 223.1
  74.9 222.1 75.0 221.1 75.2 220.0 75.4 218.9 75.6 217.8 75.8 216.7 75.9 215.6
  76.1 214.5 76.3 214.1 76.5 213.7 76.7 213.3 76.9 212.8 77.1 212.4 77.2 211.9
  77.4 211.4 77.6 210.9 77.8 210.4 78.0 209.9 78.2 210.1 78.4 210.2 78.6 210.3
  78.8 210.4 79.0 210.5 79.2 210.5 79.4 210.5 79.6 210.5 79.8 210.5 80.0 210.5
  80.2 210.4 80.4 210.9 80.6 211.3 80.8 211.8 81.0 212.3 81.1 212.7 81.2 213.1
  81.3 213.4 81.4 213.6 81.4 213.8 81.5 214.0 81.5 214.0 81.6 214.1 81.6 214.0
  81.6 213.9 81.6 213.8 81.6 213.6
   6 25 76  0.0
  72.5 321.4 72.5 321.2 72.5 320.9 72.5 320.6 72.5 320.3 72.5 320.0 72.5 319.6
  72.4 319.3 72.4 318.9 72.3 318.5 72.3 318.1 72.2 317.6 72.1 317.2 72.1 316.7
  72.0 316.3 71.9 316.2 71.9 316.2 71.8 316.2 71.8 316.2 71.7 316.1 71.7 316.1
  71.7 316.1 71.6 316.1 71.6 316.1 71.6 316.1 71.6 316.1 71.5 316.0 71.5 316.0
  71.5 316.0 71.5 315.9 71.5 315.8 71.4 315.7 71.4 315.6 71.4 315.5 71.4 315.4
  71.4 315.2 71.4 315.0 71.4 314.9 71.4 314.7 71.4 314.5 71.4 314.2 71.4 314.0
  71.4 313.7 71.4 313.5 71.4 313.2 71.4 312.9 71.4 312.5 71.4 312.2 71.4 311.8
  71.4 311.4 71.4 311.1 71.4 310.7 71.4 310.2 71.3 309.8 71.3 309.4 71.2 308.9
  71.2 308.5 71.1 308.0 71.0 307.6 70.9 307.1 70.8 306.6 70.7 306.1 70.6 305.6
  70.5 305.0 70.4 304.5 70.2 303.9 70.1 303.3 70.0 302.7 69.9 302.1 69.8 301.2
  69.6 300.4 69.4 299.6 69.3 298.8 69.2 298.0 69.1 297.2 68.9 296.4 68.8 295.6
  68.7 294.9 68.6 294.1 68.5 293.4 68.4 292.7 68.3 291.9 68.2 291.2 68.2 290.5
  68.1 289.9 68.0 289.2 68.0 288.6 67.9 287.9 68.0 287.2 68.0 286.5 68.0 285.8
  68.1 285.2 68.1 284.5 68.2 283.9 68.3 283.2 68.4 282.6 68.5 282.0 68.6 281.3
  68.7 280.7 68.8 280.1 68.9 279.5 69.0 279.0 69.1 278.4 69.2 277.8 69.3 277.3
  69.4 276.7 69.5 276.2 69.6 275.7 69.7 275.2 69.8 274.6 70.0 274.1 70.1 273.6
  70.2 273.4 70.3 273.3 70.4 273.2 70.5 273.1 70.6 273.0 70.7 272.9 70.8 272.8
  70.9 272.8 71.0 272.8 71.1 272.8 71.2 272.8 71.3 272.7 71.3 272.7 71.4 272.7
  71.5 272.7 71.6 272.6 71.6 272.6 71.7 272.5 71.7 272.5 71.8 272.4 71.8 272.4
  71.8 272.3 71.9 272.3 71.9 272.2 71.9 272.1 71.9 272.0 71.9 271.9 72.0 271.8
  72.0 271.6 72.1 271.9 72.1 272.2 72.0 272.5 72.0 272.7 71.9 272.5 71.8 272.3
  71.7 272.0 71.6 271.8 71.5 271.6 71.5 271.3 71.4 271.0 71.3 270.7 71.2 270.4
  71.1 270.1 71.0 269.8 70.9 269.4 70.8 269.1 70.6 268.7 70.5 268.3 70.3 267.9
  70.3 267.4 70.3 267.0 70.3 266.5 70.2 266.0 70.2 265.5 70.2 265.0 70.1 264.4
  70.0 263.8 70.1 263.2 70.1 262.6 70.1 261.9 70.1 261.3 70.1 260.6 70.0 259.8
  70.1 259.1 70.2 258.3 70.3 257.4 70.4 256.5 70.5 255.6 70.7 254.6 71.0 253.5
  71.2 252.4 71.3 251.3 71.6 250.2 71.8 249.0 72.0 247.8 72.3 247.0 72.5 246.3
  72.7 245.5 73.0 244.7 73.1 243.8 73.4 243.0 73.6 242.1 73.8 241.1 74.0 240.1
  74.2 239.8 74.5 239.4 74.7 239.0 75.0 238.7 75.2 238.3 75.4 237.9 75.6 237.5
  75.9 237.1 76.1 236.7 76.3 237.0 76.5 237.3 76.6 237.6 76.8 237.9 76.9 238.1
  77.0 238.3 77.0 238.5 77.0 238.6 77.0 238.7 77.0 238.8 77.0 238.8 76.9 238.8
  76.8 238.8 76.7 238.7 76.5 238.5 76.4 238.3 76.3 238.1 76.2 237.8 76.0 237.4
  75.9 237.0 75.8 236.0 75.7 234.9 75.6 233.7 75.4 232.6 75.3 231.3 75.2 230.1
  75.2 228.9 75.1 227.7 75.0 226.5 75.0 225.3 74.9 224.1 74.8 222.8 74.8 221.6
  74.7 220.5 74.7 219.3 74.7 218.1
   6 26 76  0.0
  72.5 321.4 72.5 321.2 72.5 321.0 72.5 320.8 72.5 320.6 72.5 320.4 72.6 320.3
  72.6 320.1 72.7 320.0 72.6 319.8 72.6 319.7 72.6 319.6 72.6 319.5 72.6 319.4
  72.6 319.2 72.6 319.1 72.6 318.9 72.6 318.8 72.6 318.6 72.6 318.4 72.5 318.1
  72.5 317.9 72.5 317.6 72.5 317.3 72.5 317.0 72.5 316.7 72.5 316.4 72.5 316.0
  72.5 315.6 72.4 315.3 72.4 314.9 72.3 314.5 72.3 314.1 72.2 313.6 72.1 313.2
  72.1 312.8 72.0 312.3 71.9 312.3 71.8 312.3 71.7 312.2 71.6 312.2 71.6 312.2
  71.5 312.2 71.4 312.2 71.4 312.1 71.3 312.1 71.3 312.1 71.2 312.1 71.2 312.1
  71.2 312.1 71.1 312.1 71.1 312.1 71.1 312.1 71.1 312.0 71.0 311.9 71.0 311.8
  71.0 311.7 71.0 311.6 70.9 311.5 70.9 311.4 70.9 311.2 70.9 311.0 70.9 310.8
  70.9 310.6 70.9 310.4 70.9 310.1 70.9 309.9 70.9 309.6 70.9 309.3 70.9 308.9
  70.9 308.6 71.0 308.2 71.0 307.8 71.0 307.4 71.0 307.0 71.0 306.5 71.0 306.1
  71.0 305.6 70.9 305.1 70.9 304.6 70.8 304.1 70.8 303.6 70.7 303.1 70.7 302.6
  70.7 302.0 70.6 301.4 70.6 300.8 70.5 300.2 70.4 299.6 70.4 299.0 70.3 298.4
  70.2 297.7 70.2 297.1 70.1 296.4 70.0 295.8 69.9 294.9 69.8 294.1 69.7 293.3
  69.7 292.4 69.6 291.6 69.6 290.8 69.5 290.1 69.5 289.3 69.5 288.6 69.5 287.8
  69.5 287.1 69.5 286.4 69.5 285.7 69.6 285.0 69.6 284.4 69.6 283.7 69.7 283.0
  69.8 282.3 69.8 281.7 69.9 281.0 70.0 280.4 70.1 279.9 70.2 279.5 70.4 279.1
  70.5 278.7 70.6 278.3 70.8 277.9 70.9 277.6 71.0 277.2 71.2 276.9 71.3 276.6
  71.4 276.3 71.6 276.0 71.7 275.7 71.8 275.4 72.0 275.1 72.1 274.9 72.2 275.1
  72.3 275.4 72.5 275.6 72.6 275.9 72.7 276.2 72.8 276.6 72.9 276.9 73.0 277.3
  73.1 277.7 73.1 278.1 73.2 278.5 73.3 278.9 73.3 279.3 73.4 279.8 73.5 280.2
  73.4 280.6 73.3 281.0 73.2 281.3 73.1 281.6 73.0 281.9 72.9 282.2 72.8 282.5
  72.7 282.7 72.6 282.9 72.5 283.1 72.4 283.3 72.3 283.4 72.2 283.5 72.0 283.6
  71.9 283.7 71.8 283.3 71.6 282.9 71.5 282.5 71.4 282.1 71.2 281.7 71.0 281.3
  70.9 280.8 70.7 280.4 70.5 280.0 70.3 279.6 70.1 279.2 69.9 278.8 69.7 278.1
  69.5 277.5 69.3 276.8 69.1 276.2 68.9 275.5 68.7 274.9 68.5 274.2 68.3 273.6
  68.1 272.9 68.0 272.3 67.8 271.3 67.7 270.4 67.6 269.4 67.5 268.4 67.4 267.4
  67.4 266.3 67.4 265.3 67.5 264.2 67.4 263.1 67.6 261.9 67.7 260.7 67.7 259.4
  67.9 258.0 68.1 256.6 68.3 255.4 68.5 254.1 68.7 252.7 69.0 251.4 69.3 249.9
  69.5 248.5 69.8 247.0 70.2 245.4 70.5 244.2 70.8 242.9 71.1 241.6 71.4 240.3
  71.7 238.9 72.0 237.5 72.3 236.5 72.6 235.5 72.9 234.5 73.1 233.4 73.4 232.3
  73.7 231.2 74.0 230.0 74.3 228.8 74.6 228.2 74.9 227.6 75.3 226.9 75.6 226.2
  75.9 225.5 76.3 224.7 76.7 224.7 77.0 224.7 77.4 224.7 77.8 224.8 78.1 224.8
  78.5 225.4 78.8 226.2 79.1 227.0 79.4 227.9 79.6 228.8 79.8 229.8 79.9 230.7
  80.1 231.7 80.2 233.2 80.2 234.7
   6 27 76  0.0
  72.5 321.4 72.5 321.2 72.4 321.0 72.4 320.7 72.4 320.5 72.4 320.3 72.4 320.1
  72.4 319.8 72.4 319.6 72.4 319.3 72.3 319.1 72.3 318.8 72.3 318.6 72.3 318.3
  72.3 318.0 72.3 317.8 72.3 317.5 72.3 317.3 72.3 317.0 72.2 316.8 72.2 316.5
  72.2 316.3 72.2 316.1 72.1 315.9 72.1 315.7 72.1 315.5 72.0 315.3 72.0 315.1
  71.9 315.1 71.9 315.0 71.8 315.0 71.8 314.9 71.7 314.8 71.7 314.8 71.6 314.7
  71.5 314.7 71.5 314.6 71.4 314.6 71.4 314.5 71.3 314.4 71.3 314.4 71.2 314.3
  71.2 314.3 71.2 314.2 71.2 314.1 71.2 314.1 71.2 314.0 71.2 313.9 71.2 313.9
  71.2 313.8 71.2 313.8 71.2 313.7 71.2 313.6 71.2 313.6 71.2 313.5 71.2 313.5
  71.1 313.4 71.1 313.4 71.0 313.3 70.9 313.3 70.9 313.3 70.8 313.2 70.7 313.2
  70.6 313.2 70.5 313.1 70.5 313.1 70.4 313.1 70.3 313.1 70.3 313.1 70.2 313.1
  70.2 313.0 70.1 313.0 70.1 313.0 70.1 313.0 70.0 313.0 70.0 313.0 70.0 313.2
  69.9 313.3 69.9 313.4 69.9 313.5 69.9 313.5 69.9 313.5 69.9 313.5 69.9 313.5
  69.9 313.5 69.9 313.4 69.9 313.3 69.9 313.1 69.9 313.0 69.9 312.8 69.9 312.6
  69.9 312.4 69.9 312.2 69.9 311.9 69.9 311.6 69.9 311.3 69.9 311.0 70.0 310.7
  70.0 310.3 70.0 309.9 70.0 309.5 70.0 309.0 69.9 308.6 69.9 308.1 69.9 307.5
  69.8 306.9 69.8 306.3 69.7 305.7 69.7 305.0 69.6 304.2 69.5 303.4 69.5 302.6
  69.4 301.8 69.3 301.0 69.2 300.1 69.1 299.3 69.1 298.5 69.0 297.7 68.9 296.9
  68.8 296.1 68.7 295.3 68.6 294.5 68.5 293.7 68.4 292.9 68.3 292.1 68.2 291.4
  68.2 290.7 68.2 289.9 68.1 289.2 68.1 288.5 68.0 287.9 68.0 287.2 68.0 286.6
  68.1 285.9 68.1 285.3 68.1 284.6 68.1 284.0 68.2 283.3 68.3 282.7 68.3 282.1
  68.4 281.5 68.5 280.8 68.6 280.2 68.7 279.6 68.8 279.0 68.9 278.4 69.0 277.8
  69.1 277.3 69.2 276.7 69.3 276.2 69.4 275.6 69.5 275.1 69.6 274.6 69.7 274.1
  69.8 273.5 69.9 273.0 70.0 272.5 70.2 272.3 70.3 272.1 70.4 272.0 70.5 271.8
  70.6 271.7 70.8 271.6 70.9 271.5 71.0 271.4 71.2 271.3 71.3 271.3 71.5 271.2
  71.6 271.2 71.8 271.2 71.9 271.2 72.1 271.2 72.3 271.6 72.4 272.0 72.5 272.5
  72.6 272.9 72.7 273.3 72.7 273.7 72.8 274.0 72.9 274.4 72.9 274.8 73.0 275.2
  73.0 275.5 73.1 275.8 73.1 276.1 73.0 276.4 73.0 276.6 72.9 276.9 72.9 277.0
  72.8 277.2 72.7 277.4 72.6 277.5 72.5 277.6 72.3 277.6 72.2 277.7 72.0 277.8
  71.8 277.8 71.7 277.4 71.5 277.0 71.3 276.7 71.1 276.3 70.9 275.9 70.7 275.5
  70.5 275.2 70.3 274.8 70.1 274.4 69.9 274.1 69.7 273.4 69.5 272.7 69.3 272.0
  69.1 271.3 69.0 270.5 68.9 269.8 68.7 269.0 68.6 268.2 68.4 267.4 68.4 266.6
  68.4 265.7 68.4 264.9 68.3 263.9 68.4 263.0 68.4 262.0 68.4 261.0 68.4 259.9
  68.6 258.7 68.8 257.5 68.9 256.2 69.0 254.9 69.3 253.5 69.5 252.0 69.8 250.5
  70.0 249.0 70.3 247.9 70.6 246.7 70.9 245.5 71.2 244.2 71.4 242.8 71.7 241.5
  72.0 240.1 72.2 238.6 72.5 237.6
   6 28 76  0.0
  72.5 321.4 72.7 321.2 72.9 321.0 73.0 320.8 73.2 320.7 73.3 320.5 73.5 320.4
  73.6 320.3 73.8 320.3 73.9 320.2 74.0 320.2 74.2 320.0 74.3 319.8 74.4 319.7
  74.6 319.5 74.7 319.3 74.8 319.0 74.8 318.8 74.9 318.5 75.0 318.3 75.0 317.9
  75.1 317.6 75.1 317.3 75.1 317.0 75.1 316.6 75.1 316.2 75.1 315.9 75.1 315.5
  75.1 315.1 75.2 314.7 75.2 314.3 75.2 314.0 75.2 313.6 75.2 313.2 75.2 312.8
  75.2 312.4 75.2 311.9 75.2 311.5 75.2 311.1 75.2 310.7 75.2 310.4 75.2 310.0
  75.2 309.6 75.2 309.3 75.2 309.0 75.2 308.7 75.2 308.4 75.2 308.1 75.2 307.8
  75.2 307.6 75.2 307.4 75.2 307.2 75.2 307.0 75.3 306.8 75.3 306.7 75.3 306.5
  75.3 306.4 75.3 306.4 75.3 306.3 75.4 306.3 75.4 306.2 75.4 306.2 75.4 306.2
  75.5 306.1 75.5 306.0 75.5 305.8 75.6 305.6 75.6 305.4 75.7 305.1 75.7 304.8
  75.8 304.5 75.9 304.1 76.0 303.6 76.1 303.2 76.2 302.8 76.3 302.4 76.4 302.0
  76.5 301.6 76.6 301.3 76.7 300.9 76.7 300.5 76.8 300.1 76.9 299.8 77.0 299.4
  77.1 299.1 77.2 298.7 77.3 298.4 77.4 298.1 77.5 297.8 77.6 297.6 77.7 297.3
  77.8 297.1 77.9 296.9 78.0 296.7 78.0 296.5 78.1 296.6 78.2 296.7 78.2 296.8
  78.3 296.8 78.3 296.9 78.4 297.0 78.5 297.1 78.5 297.1 78.5 297.2 78.6 297.3
  78.6 297.3 78.7 297.4 78.7 297.5 78.7 297.5 78.7 297.6 78.8 297.6 78.8 297.7
  78.8 297.7 78.8 297.7 78.8 297.8 78.8 297.8 78.8 297.8 78.8 297.7 78.8 297.7
  78.8 297.7 78.8 297.7 78.8 297.6 78.8 297.6 78.8 297.6 78.8 297.7 78.7 297.8
  78.7 297.9 78.7 298.0 78.6 298.2 78.6 298.5 78.5 298.7 78.4 299.0 78.3 299.3
  78.2 299.6 78.1 300.0 78.0 300.3 77.9 300.6 77.8 300.8 77.6 301.1 77.5 301.3
  77.3 301.5 77.1 301.7 77.0 301.9 76.8 302.1 76.6 302.2 76.4 302.4 76.2 302.6
  76.0 302.8 75.8 302.7 75.6 302.7 75.3 302.8 75.1 302.8 74.9 302.9 74.7 303.0
  74.4 303.1 74.2 303.2 73.9 303.3 73.7 303.1 73.5 302.8 73.2 302.6 72.9 302.5
  72.7 302.3 72.4 302.2 72.1 302.1 71.8 302.0 71.6 301.6 71.3 301.2 71.0 300.9
  70.7 300.6 70.4 300.3 70.1 300.0 69.9 299.7 69.7 299.1 69.5 298.5 69.3 298.0
  69.1 297.4 68.9 296.8 68.6 296.3 68.4 295.7 68.2 295.1 68.0 294.6 67.8 293.8
  67.6 292.9 67.4 292.1 67.2 291.3 67.0 290.4 66.9 289.6 66.8 288.8 66.6 287.9
  66.5 287.1 66.4 286.2 66.3 285.3 66.2 284.3 66.1 283.3 65.9 282.4 65.8 281.3
  65.7 280.1 65.6 279.0 65.5 277.9 65.5 276.8 65.4 275.7 65.4 274.5 65.4 273.4
  65.3 272.3 65.3 271.2 65.3 270.0 65.3 268.9 65.3 267.7 65.4 266.6 65.4 265.5
  65.5 264.3 65.5 263.2 65.6 262.1 65.7 261.0 65.8 260.0 66.0 258.9 66.1 257.8
  66.3 257.0 66.5 256.1 66.7 255.2 66.8 254.4 67.0 253.5 67.2 252.6 67.3 251.7
  67.4 250.8 67.5 249.9 67.6 249.1 67.7 248.2 67.8 247.3 67.9 246.5 68.0 245.6
  68.1 244.7 68.2 244.0 68.3 243.3 68.4 242.5 68.6 241.7 68.7 240.9 68.9 240.0
  69.0 239.1 69.2 238.2 69.4 237.2
   6 29 76  0.0
  72.5 321.4 72.7 321.3 72.9 321.2 73.1 321.1 73.2 321.0 73.4 320.8 73.6 320.7
  73.8 320.5 73.9 320.4 74.1 320.2 74.3 319.9 74.5 319.5 74.7 319.1 74.9 318.7
  75.1 318.3 75.2 317.9 75.4 317.5 75.6 317.1 75.8 316.6 75.9 316.2 76.1 315.7
  76.3 315.1 76.4 314.4 76.6 313.8 76.7 313.1 76.9 312.3 77.0 311.6 77.1 310.8
  77.1 310.0 77.2 309.2 77.3 308.4 77.4 307.6 77.4 306.7 77.4 305.8 77.5 304.9
  77.5 304.0 77.6 303.0 77.6 302.0 77.6 301.0 77.7 300.0 77.7 299.0 77.7 297.9
  77.8 296.8 77.8 295.7 77.8 294.6 77.8 293.4 77.9 292.2 77.9 290.9 78.0 289.6
  78.1 288.2 78.1 286.8 78.2 285.3 78.3 283.8 78.3 282.3 78.4 280.8 78.5 279.3
  78.6 277.7 78.6 276.2 78.7 274.6 78.8 272.9 78.8 271.2 78.9 269.5 78.9 267.8
  78.9 266.2 78.9 264.6 78.9 263.0 78.9 261.5 78.9 260.1 78.8 258.8 78.7 257.5
  78.6 256.3 78.6 255.2 78.4 254.1 78.3 253.1 78.2 252.1 78.2 251.2 78.0 250.4
  77.9 249.6 77.9 248.8 77.8 248.0 77.8 247.3 77.8 246.6 77.8 246.0 77.8 245.3
  77.8 244.7 77.8 244.1 77.9 243.4 77.9 242.8 77.9 242.2 77.9 241.7 77.9 241.1
  77.9 240.6 77.9 240.1 77.9 239.6 77.9 239.1 78.0 238.7 78.0 238.2 78.0 237.9
  78.1 237.6 78.1 237.4 78.1 237.3 78.2 237.1 78.2 237.0 78.3 236.9 78.4 236.8
  78.4 236.8 78.5 236.8 78.5 236.8 78.6 236.8 78.7 236.9 78.7 237.0 78.7 237.1
  78.8 237.2 78.8 237.4 78.8 237.5 78.7 237.6 78.7 237.8 78.6 237.9 78.6 238.1
  78.5 238.3 78.4 238.4 78.3 238.6 78.2 238.7 78.1 238.9 77.9 239.0 77.9 239.1
  77.8 239.1 77.7 239.1 77.6 239.1 77.5 239.1 77.4 239.1 77.2 239.0 77.1 238.9
  77.0 238.8 76.9 238.7 76.8 238.5 76.7 238.3 76.5 238.1 76.4 237.8 76.3 237.6
  76.1 237.2 76.0 236.9 75.8 236.4 75.7 235.9 75.5 235.4 75.3 234.8 75.2 234.3
  75.0 233.9 74.8 233.4 74.7 233.0 74.5 232.5 74.3 232.1 74.2 231.6 74.0 231.2
  73.9 230.8 73.7 230.2 73.6 229.7 73.5 229.1 73.3 228.5 73.2 227.9 73.1 227.3
  72.9 226.7 72.8 226.1 72.7 225.5 72.5 224.8 72.4 224.2 72.3 223.5 72.1 222.9
  71.9 222.2 71.8 221.4 71.6 220.6 71.5 219.8 71.3 219.1 71.2 218.3 71.0 217.6
  70.9 216.8 70.8 216.1 70.7 215.4 70.5 214.6 70.4 213.9 70.3 213.2 70.2 212.4
  70.1 211.6 69.9 210.8 69.8 210.1 69.6 209.3 69.5 208.5 69.3 207.6 69.1 206.8
  68.9 206.1 68.7 205.3 68.4 204.6 68.2 203.8 67.8 203.2 67.6 202.7 67.3 202.2
  67.0 201.8 66.7 201.4 66.4 201.1 66.1 200.7 65.8 200.4 65.5 200.3 65.2 200.2
  64.9 200.1 64.6 200.0 64.3 200.0 64.1 199.9 63.8 199.8 63.6 199.8 63.3 199.7
  63.1 199.7 62.8 199.6 62.6 199.6 62.3 199.5 62.1 199.4 61.8 199.4 61.6 199.3
  61.3 199.2 61.1 199.1 60.8 199.0 60.6 198.9 60.4 198.8 60.2 198.7 60.1 198.6
  59.9 198.5 59.7 198.4 59.6 198.2 59.5 198.0 59.4 197.9 59.3 197.7 59.2 197.5
  59.1 197.3 59.0 197.0 59.0 196.8 58.9 196.6 58.8 196.3 58.8 196.0 58.8 195.8
  58.7 195.5 58.6 195.2 58.6 194.9
   6 30 76  0.0
  72.5 321.4 72.6 321.1 72.7 320.8 72.9 320.6 73.0 320.3 73.2 320.1 73.3 319.8
  73.5 319.6 73.6 319.4 73.7 319.2 73.9 319.0 74.0 318.8 74.1 318.6 74.3 318.4
  74.5 318.1 74.6 317.8 74.8 317.5 74.9 317.1 75.1 316.7 75.2 316.3 75.3 315.9
  75.4 315.4 75.5 314.9 75.6 314.4 75.7 313.8 75.7 313.2 75.8 312.5 75.9 311.9
  75.9 311.3 75.9 310.6 76.0 309.9 76.0 309.2 76.0 308.4 76.1 307.4 76.1 306.4
  76.1 305.3 76.1 304.3 76.1 303.2 76.1 302.1 76.1 301.0 76.0 300.0 76.0 298.9
  75.9 297.9 75.8 296.9 75.8 295.9 75.7 294.9 75.6 293.9 75.5 292.8 75.4 291.7
  75.3 290.6 75.2 289.4 75.1 288.2 75.0 286.9 75.0 285.6 74.9 284.3 74.8 282.9
  74.7 281.5 74.6 280.0 74.5 278.6 74.3 277.1 74.2 275.7 74.1 274.2 73.9 272.7
  73.8 271.3 73.7 269.9 73.6 268.4 73.6 267.0 73.5 265.5 73.4 264.0 73.3 262.6
  73.2 261.1 73.1 259.6 73.0 258.1 72.8 256.7 72.7 255.3 72.6 253.9 72.5 252.4
  72.4 251.0 72.3 249.5 72.2 248.0 72.0 246.5 71.8 245.1 71.7 243.8 71.5 242.5
  71.2 241.2 71.0 239.8 70.8 238.5 70.6 237.1 70.4 235.7 70.2 234.3 70.0 232.8
  69.8 231.6 69.6 230.3 69.4 229.0 69.3 227.7 69.1 226.4 68.9 225.0 68.7 223.7
  68.5 222.3 68.4 221.0 68.2 219.7 68.2 218.4 68.1 217.1 68.0 215.8 68.0 214.5
  67.9 213.2 67.9 212.1 67.8 211.0 67.7 209.9 67.6 208.8 67.6 207.7 67.5 206.6
  67.4 205.6 67.3 204.6 67.2 203.5 67.1 202.5 67.0 201.5 66.8 200.5 66.7 199.5
  66.6 198.4 66.4 197.3 66.2 196.2 66.1 195.1 65.9 193.9 65.8 192.9 65.7 191.9
  65.7 190.9 65.7 189.9 65.6 188.8 65.5 187.8 65.5 186.7 65.4 185.6 65.3 184.6
  65.2 183.5 65.2 182.3 65.1 181.1 65.1 179.9 65.0 178.6 64.9 177.2 64.9 175.9
  64.7 174.5 64.6 173.2 64.5 171.9 64.2 170.7 63.9 169.5 63.7 168.4 63.4 167.4
  63.1 166.4 62.7 165.5 62.4 164.5 62.1 163.6 61.7 162.7 61.3 162.0 61.0 161.3
  60.7 160.5 60.4 159.7 60.0 158.9 59.6 158.2 59.3 157.6 58.9 156.9 58.5 156.3
  58.1 155.7 57.6 155.0 57.1 154.7 56.6 154.3 56.0 153.9 55.5 153.5 55.0 153.3
  54.6 153.0 54.1 152.7 53.6 152.4 53.2 152.5 52.8 152.5 52.3 152.4 51.9 152.4
  51.5 152.6 51.1 152.7 50.7 152.8 50.4 152.9 50.0 153.0 49.7 153.0 49.4 153.2
  49.1 153.5 48.9 153.7 48.6 153.8 48.3 154.0 48.0 154.2 47.7 154.3 47.5 154.5
  47.2 154.6 46.9 154.7 46.7 154.8 46.4 154.8 46.1 154.9 45.8 154.9 45.6 154.9
  45.4 155.0 45.2 155.0 45.0 155.0 44.8 155.0 44.6 155.0 44.4 155.1 44.2 155.1
  44.1 155.1 43.9 155.1 43.8 155.0 43.6 155.0 43.5 154.9 43.3 154.8 43.2 154.8
  43.1 154.7 43.0 154.6 42.9 154.5 42.8 154.4 42.7 154.3 42.6 154.2 42.6 154.1
  42.5 154.0 42.4 153.9 42.3 153.8 42.2 153.7 42.1 153.6 41.9 153.5 41.7 153.3
  41.5 153.2 41.3 153.0 41.0 152.8 40.7 152.7 40.4 152.5 40.1 152.4 39.8 152.2
  39.4 152.1 39.1 151.9 38.9 151.7 38.8 151.5 38.6 151.3 38.4 151.2 38.2 151.0
  38.0 150.8 37.7 150.6 37.4 150.3
