   8  1 74  0.0
  72.5 321.4 72.4 321.0 72.2 320.7 72.1 320.5 72.0 320.3 71.8 320.0 71.7 319.7
  71.5 319.5 71.4 319.3 71.2 319.2 71.1 319.1 71.0 319.1 70.9 319.1 70.7 319.2
  70.6 319.2 70.5 319.2 70.5 319.2 70.4 319.2 70.3 319.1 70.3 319.0 70.2 318.9
  70.2 318.7 70.1 318.5 70.1 318.3 70.1 318.0 70.0 317.8 70.0 317.5 70.0 317.2
  69.9 316.6 69.9 315.9 69.8 315.3 69.8 314.6 69.8 313.9 69.7 313.2 69.6 312.5
  69.6 311.7 69.6 311.0 69.6 310.2 69.6 309.4 69.7 308.7 69.7 308.1 69.8 307.4
  69.9 306.8 70.0 306.2 70.1 305.5 70.2 305.3 70.4 305.1 70.5 304.9 70.6 304.6
  70.8 304.3 70.9 304.0 71.1 303.7 71.2 303.3 71.4 303.0 71.5 302.7 71.7 302.4
  71.8 302.1 72.0 301.7 72.2 301.4 72.4 301.7 72.6 302.1 72.8 302.5 73.0 302.8
  73.2 303.2 73.4 303.6 73.6 303.9 73.9 304.3 74.0 304.6 74.2 305.3 74.4 305.9
  74.6 306.5 74.8 307.0 75.0 307.5 75.2 307.9 75.4 308.4 75.5 308.8 75.6 309.2
  75.7 309.5 75.8 309.8 75.9 310.0 75.9 310.2 76.0 310.4 76.0 310.5 76.1 310.9
  76.1 311.4 76.2 311.8 76.2 312.3 76.1 312.8 76.0 313.2 75.9 313.0 75.7 312.8
  75.6 312.7 75.5 312.5 75.3 312.3 75.2 312.1 75.0 311.9 74.9 311.8 74.8 311.6
  74.6 311.4 74.5 311.3 74.3 311.1 74.1 311.0 73.8 310.8 73.6 310.4 73.4 310.0
  73.1 309.6 72.8 309.3 72.6 309.0 72.2 308.8 71.9 308.6 71.6 308.5 71.3 308.3
  71.0 308.2 70.8 308.1 70.5 307.9 70.4 307.9 70.2 307.8 70.1 307.7 70.0 307.6
  70.0 307.6 69.9 307.5 69.8 307.3 69.8 307.2 69.7 307.1 69.7 307.0 69.6 307.0
  69.5 306.9 69.5 306.8 69.4 306.8 69.4 306.8 69.3 306.8 69.2 306.8 69.2 306.8
  69.1 306.8 69.1 306.9 69.0 306.9 68.9 306.9 68.9 307.0 68.8 307.0 68.8 307.0
  68.7 307.1 68.7 307.1 68.6 307.1 68.6 307.2 68.5 307.2 68.5 307.2 68.4 307.2
  68.3 307.2 68.2 307.2 68.0 307.1 67.8 307.1 67.7 307.0 67.5 306.9 67.2 306.7
  66.9 306.5 66.6 306.3 66.3 306.1 65.9 305.8 65.5 305.2 65.2 304.5 64.7 303.8
  64.6 303.2 64.4 302.5 64.2 301.8 64.0 301.1 63.8 300.1 63.6 298.9 63.5 297.7
  63.5 296.4 63.4 295.0 63.6 293.6 63.8 292.2 63.9 290.9 64.2 289.5 64.4 288.5
  64.7 287.6 65.1 286.7 65.5 285.8 66.0 284.9 66.3 283.9 66.9 283.3 67.4 282.6
  67.8 281.9 68.2 281.1 68.5 280.3 68.8 279.5 69.2 278.7 69.5 277.9 69.8 277.2
  70.0 276.4 70.3 276.1 70.5 275.8 70.8 275.7 71.1 275.6 71.4 275.5 71.7 275.4
  71.9 275.2 72.1 275.0 72.4 275.3 72.6 275.6 72.8 275.8 73.0 276.0 73.1 276.3
  73.2 276.5 73.3 276.6 73.4 276.8 73.4 276.9 73.5 277.1 73.5 277.3 73.6 277.5
  73.5 277.8 73.5 278.0 73.5 278.3 73.4 278.6 73.3 278.9 73.2 279.2 73.0 279.5
  72.8 279.8 72.6 280.1 72.3 280.3 72.0 280.5 71.6 280.7 71.3 280.2 70.9 279.8
  70.6 279.4 70.3 279.1 69.9 278.7 69.6 278.2 69.3 277.6 69.0 277.1 68.6 276.6
  68.3 276.0 68.0 275.5 67.8 274.9 67.7 274.3 67.5 273.8 67.2 273.3 67.0 272.8
  66.7 272.4 66.3 272.1 66.0 271.8
   8  2 74  0.0
  72.5 321.4 72.4 321.6 72.4 321.8 72.3 322.1 72.2 322.3 72.1 322.6 72.0 323.0
  71.9 323.0 71.7 323.1 71.6 323.2 71.4 323.4 71.3 323.6 71.1 323.8 70.9 324.0
  70.8 324.2 70.6 324.4 70.5 324.4 70.4 324.4 70.3 324.4 70.2 324.3 70.2 324.1
  70.1 323.9 70.0 323.6 69.9 323.2 69.9 322.9 69.8 322.5 69.8 322.2 69.7 321.8
  69.6 321.4 69.6 321.0 69.5 320.6 69.4 320.2 69.4 319.9 69.3 319.5 69.2 319.1
  69.1 318.8 69.1 318.4 69.0 318.1 69.0 317.8 68.9 317.4 68.8 317.0 68.8 316.6
  68.7 316.1 68.7 315.7 68.7 315.2 68.7 314.7 68.7 314.2 68.7 313.6 68.7 313.1
  68.7 312.5 68.6 312.0 68.7 311.4 68.7 310.8 68.7 310.2 68.7 309.6 68.7 309.0
  68.8 308.4 68.8 307.8 68.9 307.1 69.0 306.4 69.1 305.7 69.2 305.0 69.3 304.3
  69.4 303.5 69.5 302.8 69.7 302.2 69.9 301.5 70.1 300.8 70.3 300.6 70.4 300.3
  70.6 299.9 70.8 299.5 70.9 299.1 71.0 298.6 71.2 298.2 71.3 297.7 71.5 297.2
  71.6 296.8 71.8 296.3 71.9 295.9 72.1 295.4 72.3 295.5 72.5 295.7 72.7 295.9
  72.9 296.2 73.2 296.4 73.4 296.7 73.6 296.9 73.8 297.1 74.0 297.4 74.2 297.9
  74.5 298.4 74.7 298.8 74.9 299.2 75.2 299.6 75.4 300.0 75.6 300.4 75.8 300.6
  76.0 300.9 76.2 301.2 76.4 301.5 76.6 301.8 76.7 302.2 76.9 302.5 77.1 302.9
  77.2 303.3 77.4 303.8 77.5 304.2 77.6 304.7 77.6 305.2 77.7 305.7 77.8 306.3
  77.9 306.9 77.9 307.5 78.0 308.2 78.0 308.8 78.1 309.4 78.1 310.1 78.2 310.8
  78.2 311.5 78.3 312.3 78.3 313.1 78.3 313.8 78.3 314.4 78.4 314.9 78.4 315.4
  78.4 315.7 78.4 316.0 78.3 316.2 78.3 316.3 78.2 316.3 78.2 316.3 78.1 316.2
  78.0 316.0 78.0 315.8 77.9 315.2 77.9 314.6 77.8 314.1 77.7 313.6 77.7 313.1
  77.6 312.6 77.5 312.1 77.4 311.6 77.3 311.1 77.2 310.6 77.1 310.1 77.0 309.5
  76.9 309.1 76.8 308.6 76.7 308.2 76.6 307.8 76.6 307.5 76.6 307.1 76.6 306.8
  76.6 306.5 76.6 306.3 76.6 306.0 76.6 305.8 76.6 305.6 76.7 305.3 76.7 305.1
  76.7 304.8 76.8 304.5 76.9 304.2 76.9 303.8 77.1 303.5 77.2 303.1 77.4 302.6
  77.5 302.2 77.7 301.7 77.9 301.2 78.0 300.7 78.2 301.0 78.4 301.4 78.6 301.7
  78.8 302.0 79.0 302.4 79.2 302.7 79.4 303.1 79.6 303.4 79.9 303.7 80.1 304.1
  80.2 305.5 80.4 306.8 80.6 308.1 80.7 309.3 80.8 310.4 80.9 311.5 81.0 312.6
  81.1 313.7 81.2 314.7 81.3 315.7 81.4 316.6 81.6 317.6 81.7 318.7 81.8 319.8
  81.9 321.1 82.0 322.4 82.2 324.9 82.4 327.7 82.6 330.6 82.7 333.7 82.9 337.2
  83.1 340.9 83.3 344.9 83.5 349.5 83.6 354.2 83.6 359.0 83.5   3.5 83.4   3.9
  83.3   4.4 83.1   4.8 82.8   5.3 82.6   5.7 82.3   6.1 82.0   6.4 81.7   6.7
  81.4   7.0 81.1   7.4 80.8   7.7 80.5   8.0 80.1   8.4 79.7   8.7 79.3   9.0
  78.9   9.3 78.5   9.6 78.1  10.0 77.7  10.3 77.4  10.5 77.1  10.8 76.8  11.0
  76.5  11.3 76.2  11.6 75.9  11.9 75.7  12.1 75.4  12.3 75.0  12.5 74.7  12.7
  74.3  13.0 74.0  13.2 73.6  13.3
   8  3 74  0.0
  72.5 321.4 72.4 321.7 72.3 321.9 72.2 322.3 72.1 322.6 72.0 323.0 71.9 323.5
  71.8 323.9 71.6 324.4 71.5 324.9 71.4 325.5 71.3 326.0 71.1 326.6 71.0 327.1
  70.9 327.6 70.7 328.1 70.7 328.6 70.6 328.9 70.6 329.3 70.6 329.6 70.6 329.8
  70.6 330.0 70.6 330.1 70.7 330.2 70.7 330.2 70.8 330.2 70.8 330.2 70.8 330.2
  70.9 330.2 70.9 330.3 70.8 330.5 70.8 330.6 70.8 330.8 70.7 331.0 70.6 331.3
  70.6 331.6 70.5 332.0 70.4 332.4 70.3 332.7 70.3 333.0 70.3 333.3 70.3 333.5
  70.3 333.7 70.4 333.8 70.4 333.9 70.5 334.0 70.6 334.0 70.7 334.0 70.8 333.9
  70.9 333.7 71.0 333.6 71.2 333.6 71.2 333.6 71.3 333.7 71.4 333.9 71.5 334.1
  71.5 334.3 71.6 334.7 71.6 335.1 71.6 335.6 71.6 336.1 71.7 336.8 71.8 337.4
  71.8 338.0 71.9 338.6 71.9 339.2 72.0 339.7 72.0 340.3 72.0 340.8 72.1 341.5
  72.1 342.2 72.1 342.9 72.1 343.6 72.1 344.4 72.2 345.2 72.2 346.1 72.3 347.0
  72.4 348.0 72.5 349.1 72.7 350.4 72.8 351.7 73.0 353.2 73.2 354.8 73.4 356.7
  73.6 358.7 73.8   0.9 73.8   1.5 73.9   2.2 74.1   2.9 74.2   3.4 74.3   4.0
  74.4   4.5 74.5   5.1 74.6   5.7 74.7   6.2 74.9   6.8 75.0   7.3 75.1   7.9
  75.2   8.4 75.3   8.9 75.3   9.5 75.3  10.0 75.3  10.5 75.3  11.0 75.2  11.5
  75.1  12.0 75.1  12.5 74.9  13.0 74.8  13.4 74.7  13.9 74.5  14.3 74.3  14.7
  74.1  15.1 73.9  15.5 73.7  16.0 73.5  16.5 73.2  17.0 73.0  17.5 72.7  18.0
  72.3  18.4 72.0  18.8 71.6  19.3 71.3  19.8 70.9  20.3 70.5  20.7 70.1  21.2
  69.7  21.7 69.3  22.1 68.9  22.6 68.5  23.0 68.0  23.5 67.5  23.8 67.1  24.2
  66.6  24.6 66.1  25.0 65.6  25.4 65.1  25.7 64.6  26.0 64.1  26.3 63.6  26.5
  63.2  26.6 62.7  26.7 62.3  26.8 61.8  26.8 61.4  26.7 61.0  26.6 60.7  26.4
  60.3  26.3 59.9  26.2 59.5  25.9 59.2  25.5 58.9  25.2 58.5  24.9 58.2  24.6
  57.9  24.3 57.6  23.8 57.4  23.4 57.2  23.0 57.0  22.5 56.8  22.1 56.6  21.6
  56.5  21.1 56.3  20.6 56.2  20.1 56.2  19.5 56.2  19.0 56.2  18.4 56.2  17.8
  56.3  17.2 56.3  16.6 56.4  16.1 56.4  15.5 56.6  14.9 56.7  14.4 56.9  13.9
  57.0  13.4 57.2  13.0 57.4  12.5 57.6  12.1 57.8  11.7 58.0  11.3 58.3  11.2
  58.6  11.1 58.9  11.1 59.1  11.0 59.4  10.9 59.6  10.9 59.9  10.8 60.1  10.8
  60.4  10.9 60.6  10.9 60.8  10.9 61.0  11.0 61.2  11.0 61.3  11.0 61.5  11.0
  61.5  11.1 61.6  11.1 61.6  11.1 61.6  11.2 61.6  11.2 61.5  11.3 61.5  11.3
  61.4  11.3 61.3  11.4 61.1  11.4 61.0  11.5 60.8  11.5 60.6  11.5 60.5  11.6
  60.3  11.6 60.1  11.6 59.8  11.6 59.6  11.6 59.4  11.6 59.1  11.5 58.8  11.5
  58.5  11.4 58.2  11.4 57.8  11.3 57.4  11.0 57.1  10.8 56.7  10.6 56.3  10.3
  55.8  10.0 55.4   9.6 55.0   9.1 54.6   8.6 54.1   8.1 53.7   7.5 53.3   6.9
  53.0   6.2 52.7   5.4 52.5   4.7 52.2   3.9 52.1   3.1 52.0   2.3 51.9   1.4
  51.8   0.4 51.7 359.5 51.8 357.9
   8  4 74  0.0
  72.5 321.4 72.4 321.6 72.4 321.8 72.3 322.0 72.3 322.2 72.2 322.4 72.2 322.6
  72.1 322.9 72.0 323.1 72.0 323.3 71.9 323.7 71.9 324.0 71.9 324.4 71.8 324.8
  71.8 325.2 71.7 325.6 71.7 326.0 71.6 326.5 71.6 326.9 71.5 327.4 71.5 327.8
  71.4 328.3 71.4 328.7 71.3 329.2 71.2 329.7 71.2 330.3 71.1 330.8 71.1 331.4
  71.0 332.0 70.9 332.6 70.9 333.3 70.9 334.0 70.8 334.7 70.8 335.4 70.7 336.2
  70.7 337.0 70.7 337.9 70.6 338.8 70.6 339.7 70.6 340.5 70.6 341.2 70.6 341.9
  70.6 342.6 70.6 343.1 70.7 343.6 70.7 344.1 70.8 344.5 70.8 344.9 70.9 345.2
  71.0 345.4 71.0 345.7 71.1 346.0 71.1 346.4 71.2 346.8 71.2 347.3 71.3 347.8
  71.3 348.4 71.4 349.0 71.4 349.7 71.4 350.4 71.4 351.2 71.5 352.1 71.5 352.9
  71.4 353.7 71.4 354.5 71.4 355.3 71.4 356.1 71.2 356.9 71.1 357.7 71.0 358.5
  70.9 359.2 70.8   0.0 70.6   0.3 70.4   0.6 70.2   0.9 70.0   1.2 69.8   1.5
  69.7   1.8 69.5   2.1 69.4   2.4 69.2   2.7 69.1   3.1 69.0   3.4 68.8   3.7
  68.7   4.1 68.5   4.4 68.3   4.8 68.2   5.2 68.0   5.5 67.9   5.9 67.8   6.2
  67.6   6.5 67.5   6.9 67.4   7.2 67.4   7.5 67.3   7.9 67.2   8.2 67.1   8.6
  66.9   8.9 66.8   9.2 66.6   9.5 66.5   9.8 66.3  10.0 66.2  10.3 66.0  10.5
  65.9  10.7 65.7  10.7 65.6  10.7 65.5  10.7 65.4  10.7 65.3  10.7 65.2  10.7
  65.2  10.7 65.1  10.7 65.1  10.7 65.0  10.7 65.0  10.7 65.0  10.7 65.0  10.7
  65.0  10.7 65.0  10.8 65.0  10.8 65.0  10.8 65.0  10.9 65.0  10.9 65.0  11.0
  65.0  11.1 65.0  11.1 65.0  11.2 65.0  11.3 65.0  11.4 65.0  11.5 65.0  11.5
  64.9  11.7 64.9  11.8 64.9  11.8 64.8  11.9 64.8  12.0 64.7  12.1 64.5  12.1
  64.4  12.2 64.3  12.3 64.2  12.3 64.0  12.4 63.9  12.4 63.8  12.2 63.7  12.0
  63.6  11.7 63.6  11.5 63.6  11.3 63.6  11.1 63.6  11.0 63.6  10.8 63.6  10.6
  63.6  10.5 63.7  10.3 63.7  10.2 63.8  10.0 63.8   9.9 63.9   9.8 64.0   9.6
  64.1   9.8 64.2   9.9 64.4  10.0 64.5  10.2 64.7  10.3 64.9  10.5 65.0  10.7
  65.2  10.8 65.4  11.0 65.6  11.2 65.8  11.5 66.0  11.7 66.2  12.2 66.2  12.6
  66.2  13.1 66.1  13.6 66.1  14.1 66.0  14.7 66.0  15.3 66.0  15.9 66.0  16.4
  65.7  17.0 65.5  17.5 65.3  18.1 65.1  18.7 64.9  19.2 64.7  19.8 64.6  20.4
  64.2  21.0 63.8  21.6 63.5  22.0 63.1  22.4 62.8  22.8 62.4  23.2 62.1  23.6
  61.7  24.1 61.2  24.3 60.7  24.5 60.1  24.7 59.6  25.0 59.0  25.0 58.5  25.0
  57.9  25.0 57.4  24.9 56.9  24.8 56.3  24.7 55.7  24.6 55.2  24.3 54.6  24.1
  54.0  23.8 53.8  23.6 53.5  23.2 53.2  22.8 52.8  22.5 52.5  22.1 52.1  21.7
  51.6  21.2 51.2  20.6 50.8  20.0 50.3  19.4 50.1  18.8 49.7  18.2 49.4  17.5
  49.1  16.7 48.7  16.0 48.3  15.3 48.2  14.5 48.0  13.7 47.9  12.9 47.7  12.0
  47.5  11.1 47.6  10.2 47.6   9.3 47.6   8.4 47.6   7.4 47.8   6.5 48.0   5.6
  48.2   4.7 48.3   3.8 48.7   2.9
   8  5 74  0.0
  72.5 321.4 72.5 321.2 72.4 321.1 72.4 320.9 72.3 320.8 72.3 320.7 72.2 320.6
  72.2 320.5 72.1 320.5 72.1 320.5 72.0 320.5 72.0 320.5 71.9 320.6 71.9 320.6
  71.8 320.7 71.8 320.7 71.7 320.8 71.7 320.9 71.6 321.0 71.6 321.1 71.5 321.2
  71.5 321.3 71.5 321.5 71.4 321.6 71.4 321.8 71.4 321.9 71.3 322.1 71.3 322.3
  71.3 322.6 71.2 322.8 71.2 323.1 71.2 323.4 71.2 323.7 71.1 324.0 71.1 324.3
  71.1 324.7 71.1 325.1 71.0 325.4 71.0 325.8 71.0 326.2 70.9 326.7 70.9 327.1
  70.8 327.5 70.8 327.9 70.7 328.4 70.7 328.8 70.7 329.3 70.6 329.8 70.6 330.3
  70.5 330.8 70.5 331.4 70.5 331.9 70.4 332.6 70.4 333.2 70.3 333.8 70.3 334.5
  70.3 335.2 70.2 335.9 70.2 336.7 70.2 337.5 70.2 338.4 70.1 339.3 70.1 340.1
  70.1 340.9 70.1 341.6 70.1 342.3 70.1 343.0 70.2 343.5 70.2 344.0 70.3 344.5
  70.4 344.9 70.4 345.3 70.5 345.6 70.6 345.8 70.7 346.1 70.7 346.4 70.8 346.8
  70.9 347.3 70.9 347.7 71.0 348.3 71.0 348.9 71.0 349.5 71.1 350.2 71.1 350.9
  71.2 351.7 71.2 352.5 71.2 353.4 71.2 354.2 71.1 355.0 71.1 355.7 71.1 356.5
  71.0 357.3 70.9 358.1 70.8 358.9 70.6 359.6 70.5   0.4 70.3   0.7 70.1   1.0
  69.9   1.3 69.8   1.6 69.6   1.9 69.4   2.2 69.3   2.5 69.1   2.8 69.0   3.1
  68.8   3.4 68.7   3.8 68.6   4.1 68.4   4.4 68.2   4.8 68.0   5.1 67.8   5.5
  67.7   5.8 67.5   6.1 67.4   6.4 67.3   6.7 67.2   7.0 67.1   7.3 67.0   7.6
  66.9   8.0 66.8   8.3 66.6   8.7 66.4   9.0 66.3   9.3 66.1   9.6 65.9   9.9
  65.8  10.0 65.6  10.1 65.5  10.1 65.4  10.2 65.2  10.2 65.1  10.2 65.0  10.2
  64.9  10.2 64.8  10.2 64.8  10.2 64.7  10.1 64.6  10.1 64.6  10.2 64.5  10.2
  64.5  10.2 64.5  10.2 64.5  10.2 64.5  10.2 64.5  10.3 64.5  10.3 64.5  10.3
  64.5  10.4 64.5  10.4 64.5  10.5 64.5  10.6 64.5  10.6 64.5  10.7 64.5  10.8
  64.5  10.9 64.5  11.0 64.5  11.1 64.5  11.2 64.4  11.3 64.4  11.3 64.4  11.4
  64.3  11.5 64.3  11.6 64.2  11.6 64.2  11.7 64.1  11.7 64.1  11.8 64.0  11.8
  64.0  11.9 63.9  11.6 63.9  11.4 63.8  11.2 63.8  11.0 63.8  10.8 63.8  10.6
  63.8  10.4 63.8  10.2 63.8  10.1 63.8   9.9 63.9   9.7 63.9   9.6 64.0   9.5
  64.0   9.3 64.1   9.4 64.2   9.5 64.3   9.7 64.4   9.8 64.6   9.9 64.7  10.1
  64.9  10.2 65.0  10.4 65.2  10.6 65.4  10.7 65.6  10.9 65.8  11.1 66.0  11.4
  66.2  11.8 66.4  12.2 66.4  12.7 66.3  13.1 66.3  13.6 66.2  14.2 66.2  14.7
  66.1  15.3 66.1  16.0 66.1  16.6 65.8  17.2 65.6  17.8 65.4  18.3 65.2  18.9
  65.0  19.5 64.8  20.1 64.4  20.7 64.0  21.3 63.7  21.9 63.3  22.2 63.0  22.6
  62.6  23.0 62.3  23.5 61.9  23.9 61.6  24.1 61.1  24.3 60.5  24.5 60.0  24.7
  59.5  24.7 58.9  24.7 58.4  24.7 57.8  24.8 57.3  24.6 56.7  24.5 56.2  24.4
  55.6  24.3 55.1  24.0 54.5  23.8 54.3  23.5 54.0  23.3 53.7  22.9 53.4  22.5
  53.0  22.1 52.7  21.7 52.2  21.3
   8  6 74  0.0
  72.5 321.4 72.5 320.9 72.4 320.4 72.4 319.9 72.4 319.5 72.4 319.1 72.4 318.7
  72.3 318.3 72.3 317.9 72.3 317.6 72.3 317.2 72.2 316.9 72.2 316.6 72.1 316.3
  72.1 316.0 72.0 315.8 72.0 315.5 72.0 315.2 72.0 315.0 71.9 314.7 71.9 314.5
  71.9 314.2 71.9 313.9 71.8 313.6 71.8 313.3 71.8 312.9 71.7 312.6 71.7 312.3
  71.6 312.0 71.6 311.7 71.5 311.5 71.5 311.2 71.4 311.0 71.4 310.8 71.3 310.6
  71.3 310.5 71.2 310.3 71.2 310.2 71.1 310.1 71.1 310.0 71.0 309.9 71.0 309.8
  70.9 309.7 70.9 309.7 70.9 309.6 70.8 309.6 70.8 309.6 70.7 309.6 70.7 309.6
  70.6 309.6 70.6 309.6 70.6 309.6 70.5 309.6 70.5 309.6 70.4 309.6 70.4 309.6
  70.3 309.6 70.2 309.6 70.2 309.6 70.1 309.6 70.1 309.6 70.0 309.6 69.9 309.3
  69.9 309.0 69.8 308.7 69.8 308.4 69.7 308.1 69.7 307.9 69.6 307.6 69.5 307.3
  69.4 307.1 69.3 306.9 69.2 306.7 69.1 306.5 69.0 306.3 68.9 306.1 68.8 305.9
  68.7 305.7 68.6 305.5 68.4 305.4 68.3 305.2 68.1 305.0 67.9 304.9 67.8 304.4
  67.6 303.9 67.3 303.4 67.1 303.0 66.8 302.5 66.5 302.2 66.2 301.8 65.8 301.5
  65.5 301.1 65.2 300.8 64.8 300.4 64.5 300.1 64.1 299.8 63.8 299.6 63.5 299.4
  63.3 299.2 63.0 299.0 62.8 298.7 62.6 298.5 62.4 298.2 62.2 297.9 62.0 297.6
  61.8 297.5 61.6 297.3 61.5 297.1 61.3 296.9 61.2 296.7 61.0 296.6 60.8 296.4
  60.7 296.2 60.5 296.1 60.3 296.0 60.2 295.9 60.1 295.8 59.9 295.7 59.8 295.6
  59.7 295.5 59.5 295.4 59.4 295.3 59.3 295.2 59.1 295.1 59.0 294.9 58.8 294.7
  58.7 294.5 58.6 294.3 58.4 294.1 58.3 293.8 58.1 293.5 58.0 293.2 57.8 292.9
  57.7 292.8 57.6 292.7 57.4 292.6 57.3 292.5 57.2 292.5 57.0 292.5 56.9 292.4
  56.8 292.5 56.7 292.5 56.7 292.5 56.6 292.6 56.5 292.6 56.5 292.7 56.4 292.8
  56.4 292.8 56.3 292.9 56.3 293.0 56.2 293.0 56.2 293.0 56.1 293.1 56.1 293.1
  56.0 293.1 56.0 293.2 55.9 293.1 55.9 293.0 55.8 292.9 55.8 292.9 55.7 292.8
  55.7 292.8 55.7 292.8 55.6 292.7 55.6 292.7 55.5 292.7 55.5 292.7 55.5 292.7
  55.4 292.7 55.4 292.8 55.3 292.8 55.3 292.8 55.2 292.9 55.2 292.9 55.1 293.0
  55.0 293.1 54.9 293.2 54.8 293.3 54.6 293.4 54.5 293.5 54.3 293.6 54.1 293.7
  53.9 293.8 53.7 293.8 53.5 293.8 53.3 293.8 53.1 293.8 52.8 293.9 52.5 294.0
  52.3 294.0 52.0 294.1 51.7 294.2 51.4 294.3 51.1 294.4 50.8 294.4 50.4 294.5
  50.1 294.6 49.8 294.6 49.5 294.6 49.3 294.5 49.0 294.4 48.7 294.3 48.5 294.2
  48.3 294.1 48.1 294.0 47.9 293.9 47.7 293.6 47.6 293.4 47.5 293.1 47.4 292.8
  47.3 292.6 47.3 292.3 47.2 292.0 47.2 291.8 47.0 291.5 46.9 291.3 46.7 291.0
  46.6 290.8 46.5 290.5 46.4 290.2 46.3 290.0 46.2 289.7 46.2 289.4 46.1 289.1
  46.1 288.8 46.1 288.4 46.0 288.1 46.0 287.8 46.0 287.4 46.0 287.1 46.0 286.7
  46.0 286.2 45.9 285.8 45.9 285.3 45.9 284.8 45.8 284.3 45.8 283.9 45.8 283.4
  45.8 282.9 45.8 282.5 45.9 282.0
   8  7 74  0.0
  72.5 321.4 72.5 321.0 72.4 320.5 72.4 320.1 72.4 319.7 72.4 319.3 72.4 319.0
  72.4 318.6 72.4 318.2 72.4 317.9 72.4 317.5 72.4 317.2 72.3 316.8 72.3 316.5
  72.3 316.2 72.2 315.8 72.3 315.5 72.4 315.1 72.5 314.7 72.6 314.3 72.7 313.9
  72.8 313.4 72.9 313.0 73.0 312.5 73.1 312.0 73.2 311.4 73.3 310.9 73.4 310.4
  73.5 309.8 73.6 309.3 73.7 308.8 73.8 308.3 73.8 307.7 74.0 307.2 74.1 306.7
  74.2 306.1 74.2 305.5 74.3 304.9 74.4 304.3 74.4 303.7 74.5 303.1 74.6 302.5
  74.6 302.0 74.7 301.4 74.8 300.9 74.8 300.4 74.8 300.0 74.9 299.6 74.9 299.2
  74.9 298.8 74.9 298.5 75.0 298.3 75.0 298.0 75.0 297.9 75.0 297.7 75.0 297.7
  75.0 297.6 75.0 297.7 75.0 297.7 75.0 297.9 75.0 298.1 75.0 298.3 74.9 298.5
  74.9 298.8 74.9 299.1 75.0 299.5 75.0 299.8 75.0 300.2 75.0 300.6 75.0 301.0
  75.1 301.4 75.1 301.9 75.1 302.4 75.2 302.9 75.2 303.4 75.3 303.9 75.3 304.5
  75.3 305.0 75.3 305.5 75.3 306.1 75.3 306.6 75.3 307.1 75.3 307.6 75.3 308.2
  75.3 308.7 75.2 309.2 75.2 309.6 75.2 310.1 75.1 310.6 75.1 311.0 75.1 311.5
  75.1 311.9 75.1 312.3 75.0 312.7 75.0 313.0 75.0 313.4 74.9 313.8 74.9 314.2
  74.9 314.6 74.9 315.0 74.8 315.5 74.8 316.1 74.7 316.7 74.6 317.3 74.5 317.9
  74.4 318.6 74.3 319.3 74.1 320.0 74.0 320.8 73.8 321.5 73.6 322.2 73.5 322.9
  73.3 323.5 73.2 324.0 73.1 324.5 73.0 324.9 72.9 325.3 72.9 325.6 72.8 325.9
  72.8 326.1 72.8 326.3 72.7 326.5 72.7 326.6 72.7 326.9 72.6 327.1 72.6 327.4
  72.5 327.7 72.4 328.1 72.3 328.5 72.2 328.9 72.1 329.3 71.9 329.8 71.8 330.1
  71.7 330.5 71.5 330.8 71.4 331.1 71.3 331.3 71.3 331.5 71.2 331.7 71.2 331.8
  71.2 331.8 71.2 331.8 71.2 331.8 71.2 331.7 71.3 331.6 71.3 331.4 71.4 331.3
  71.4 331.2 71.4 331.2 71.4 331.2 71.4 331.2 71.4 331.4 71.4 331.6 71.3 331.8
  71.3 332.1 71.3 332.5 71.3 333.0 71.3 333.5 71.3 334.0 71.3 334.4 71.3 334.8
  71.3 335.2 71.3 335.5 71.3 335.8 71.3 336.1 71.4 336.3 71.4 336.5 71.4 336.7
  71.4 336.8 71.4 336.9 71.4 337.0 71.4 337.2 71.5 337.4 71.5 337.6 71.5 337.9
  71.5 338.2 71.5 338.6 71.5 339.0 71.6 339.4 71.6 339.9 71.6 340.5 71.7 341.1
  71.9 341.9 72.0 342.7 72.1 343.6 72.2 344.7 72.4 346.0 72.5 347.4 72.7 348.9
  72.9 350.5 73.0 352.3 73.2 354.2 73.3 356.2 73.5 358.3 73.6   0.4 73.7   1.0
  73.8   1.6 73.9   2.1 73.9   2.7 73.9   3.3 73.9   3.9 73.8   4.5 73.7   5.1
  73.6   5.6 73.5   6.2 73.3   6.8 73.1   7.3 72.9   7.9 72.7   8.4 72.5   9.0
  72.3   9.5 72.0  10.1 71.8  10.6 71.5  11.1 71.3  11.6 71.0  12.2 70.7  12.7
  70.4  13.2 70.0  13.7 69.7  14.2 69.4  14.7 69.1  15.1 68.8  15.6 68.5  16.1
  68.1  16.6 67.7  17.1 67.3  17.4 66.9  17.7 66.6  18.1 66.2  18.4 65.8  18.8
  65.5  19.0 65.2  19.2 65.0  19.4 64.7  19.6 64.4  19.9 64.2  20.1 63.8  20.3
  63.4  20.3 63.0  20.3 62.7  20.3
   8  8 74  0.0
  72.5 321.4 72.3 321.1 72.2 320.8 72.0 320.5 71.9 320.2 71.8 320.2 71.7 320.2
  71.6 320.1 71.5 320.1 71.4 320.1 71.3 320.1 71.2 320.0 71.1 320.0 71.2 319.9
  71.2 319.8 71.3 319.7 71.3 319.6 71.4 319.4 71.5 319.2 71.5 319.0 71.6 318.8
  71.6 318.6 71.7 318.3 71.7 318.1 71.8 317.8 71.8 317.5 71.9 317.2 71.9 316.9
  72.0 316.6 72.0 316.2 72.0 315.9 72.1 315.6 72.3 315.2 72.4 314.9 72.5 314.6
  72.6 314.2 72.7 313.9 72.8 313.6 72.8 313.2 72.9 312.9 73.0 312.5 73.1 312.1
  73.2 311.6 73.4 311.2 73.5 310.7 73.7 310.2 73.8 309.7 74.0 309.2 74.1 308.6
  74.2 308.3 74.4 308.0 74.5 307.7 74.7 307.3 74.9 306.9 75.1 306.5 75.2 306.0
  75.3 305.5 75.4 304.9 75.5 304.3 75.6 303.6 75.7 302.9 75.7 302.1 75.8 301.4
  75.9 300.6 75.9 299.9 76.0 299.2 76.0 298.5 76.1 297.7 76.1 297.0 76.1 296.3
  76.2 295.6 76.2 295.0 76.2 294.4 76.2 293.8 76.2 293.2 76.1 292.7 76.1 292.3
  76.1 291.9 76.1 291.5 76.1 291.2 76.1 291.0 76.0 290.8 76.0 290.6 76.0 290.6
  75.9 290.6 75.9 290.7 75.9 290.8 75.8 290.9 75.8 291.1 75.8 291.3 75.8 291.5
  75.8 291.7 75.7 291.9 75.7 292.2 75.7 292.5 75.7 292.9 75.8 293.2 75.8 293.6
  75.8 294.0 75.8 294.4 75.9 294.9 75.9 295.4 75.9 295.9 75.9 296.4 75.9 296.9
  76.0 297.4 76.0 298.0 76.0 298.5 76.0 298.7 76.0 298.9 76.1 299.1 76.1 299.3
  76.2 299.5 76.2 299.8 76.3 300.0 76.3 300.3 76.4 300.6 76.5 301.0 76.6 301.3
  76.7 301.7 76.8 302.1 76.9 302.5 77.0 302.9 77.1 303.4 77.3 304.0 77.4 304.7
  77.5 305.3 77.6 306.1 77.7 306.9 77.9 307.7 78.0 308.6 78.1 309.6 78.2 309.4
  78.3 309.2 78.5 309.0 78.6 309.0 78.7 308.9 78.8 309.0 79.0 309.1 79.1 309.2
  79.2 309.4 79.3 309.7 79.5 310.0 79.6 310.4 79.7 310.9 79.8 311.5 79.9 312.1
  80.0 312.8 80.1 312.2 80.2 311.6 80.4 311.0 80.5 310.4 80.6 309.9 80.8 309.3
  80.9 308.8 81.0 308.3 81.2 307.7 81.4 307.2 81.5 306.6 81.7 306.0 81.9 305.3
  82.1 304.6 82.3 302.3 82.5 299.9 82.8 297.4 83.1 294.8 83.4 291.9 83.7 288.8
  83.9 285.3 84.2 281.2 84.6 276.5 84.8 271.2 85.0 265.3 85.1 259.0 85.1 252.4
  85.0 245.7 84.9 239.0 84.6 232.8 84.3 227.2 83.9 222.5 83.5 216.5 83.0 211.5
  82.4 207.6 81.6 204.4 81.0 200.9 80.3 198.0 79.5 195.6 78.7 193.0 77.9 190.7
  77.2 188.6 76.4 186.6 75.6 184.7 75.0 182.9 74.4 181.1 73.8 179.3 73.4 177.7
  73.1 176.1 72.7 174.4 72.5 172.6 72.3 170.7 72.2 168.7 72.1 166.6 72.1 164.4
  72.1 162.0 72.2 159.4 72.3 156.5 72.4 153.5 72.6 150.4 72.8 147.2 73.0 143.9
  73.3 140.6 73.6 137.2 73.9 133.7 74.2 130.3 74.5 127.2 74.8 124.2 75.1 121.3
  75.4 118.5 75.7 115.9 76.0 113.3 76.5 111.1 76.9 108.8 77.3 106.4 77.8 103.8
  78.3 101.0 78.8  98.4 79.3  95.6 79.7  92.2 80.1  88.5 80.5  85.4 80.9  82.1
  81.2  78.4 81.6  77.8 81.9  77.2 82.1  76.5 82.4  76.3 82.8  76.1 83.0  75.8
  83.3  75.5 83.6  75.2 83.8  74.9
   8  9 74  0.0
  72.5 321.4 72.3 321.9 72.2 322.3 72.0 322.6 71.9 322.9 71.7 323.6 71.5 324.2
  71.3 324.8 71.0 325.2 70.7 325.6 70.4 326.0 70.1 326.2 69.9 326.4 69.6 326.9
  69.4 327.3 69.2 327.8 69.0 328.2 68.8 328.7 68.6 329.2 68.4 329.7 68.2 330.2
  68.0 330.7 67.8 331.3 67.6 332.0 67.5 332.6 67.3 333.3 67.1 333.9 66.9 334.5
  66.7 335.1 66.5 335.6 66.3 336.1 66.1 336.6 65.8 337.0 65.6 337.4 65.3 337.7
  65.1 337.9 64.8 338.1 64.5 338.3 64.2 338.4 63.9 338.6 63.6 338.6 63.3 338.5
  63.0 338.5 62.7 338.5 62.4 338.5 62.1 338.5 61.7 338.5 61.4 338.4 61.0 338.2
  60.7 338.1 60.3 337.9 59.9 337.8 59.6 337.4 59.3 337.1 58.9 336.7 58.6 336.4
  58.2 336.0 57.9 335.7 57.8 335.2 57.6 334.7 57.5 334.2 57.4 333.8 57.2 333.3
  57.1 332.9 57.0 332.5 56.8 332.1 56.7 331.8 56.7 331.5 56.7 331.2 56.7 330.9
  56.8 330.7 56.8 330.5 56.8 330.3 56.8 330.1 56.8 329.9 56.8 329.8 56.7 329.6
  56.7 329.4 56.6 329.2 56.6 329.0 56.5 328.9 56.4 328.7 56.3 328.5 56.2 328.3
  56.1 328.1 55.9 327.9 56.0 327.6 56.0 327.3 56.0 327.0 56.1 326.8 56.1 326.7
  56.1 326.5 56.2 326.3 56.2 326.1 56.3 325.8 56.3 325.6 56.3 325.4 56.4 325.2
  56.4 325.0 56.5 324.8 56.5 324.6 56.6 324.4 56.7 324.3 56.7 324.1 56.8 324.0
  56.9 323.8 57.0 323.7 57.1 323.6 57.3 323.5 57.4 323.4 57.5 323.3 57.7 323.2
  57.9 323.1 58.0 323.0 58.3 322.9 58.5 322.9 58.7 322.8 59.0 322.7 59.2 322.6
  59.5 322.5 59.8 322.3 60.1 322.1 60.4 322.2 60.7 322.2 61.0 322.2 61.3 322.2
  61.6 322.2 61.9 322.1 62.2 322.0 62.5 321.9 62.8 321.8 63.1 321.6 63.4 321.4
  63.7 321.1 64.0 320.9 64.3 320.8 64.6 320.7 64.8 320.6 65.1 320.5 65.3 320.4
  65.5 320.4 65.6 320.3 65.8 320.3 66.0 320.3 66.1 320.3 66.3 320.5 66.4 320.7
  66.5 320.8 66.7 320.9 66.8 321.0 66.9 321.0 67.0 321.0 67.1 320.9 67.1 320.7
  67.2 320.5 67.3 320.3 67.3 319.9 67.3 319.5 67.3 319.1 67.3 318.7 67.2 318.2
  67.2 317.7 67.2 317.2 67.2 316.6 67.1 316.0 67.1 315.4 67.0 314.8 66.9 314.2
  66.8 313.6 66.7 313.0 66.6 312.5 66.5 311.9 66.3 311.2 66.2 310.6 66.0 310.0
  65.9 309.4 65.8 308.6 65.6 307.8 65.5 306.9 65.4 306.1 65.4 305.3 65.3 304.4
  65.2 303.6 65.2 302.9 65.2 302.2 65.1 301.5 65.1 300.8 65.0 300.2 64.9 299.7
  64.9 299.1 64.8 298.6 64.7 298.1 64.6 297.6 64.5 297.1 64.4 296.7 64.2 296.2
  64.1 295.7 64.1 295.3 64.0 294.8 63.9 294.3 63.9 293.9 63.8 293.3 63.8 292.8
  63.8 292.2 63.8 291.6 63.8 290.9 63.9 290.3 63.9 289.6 64.0 289.0 64.1 288.4
  64.1 287.9 64.3 287.3 64.6 286.8 64.8 286.3 65.0 285.8 65.3 285.3 65.5 284.9
  65.8 284.4 66.1 283.9 66.5 283.7 66.8 283.4 67.2 283.0 67.6 282.7 68.0 282.3
  68.4 281.9 68.8 281.7 69.2 281.4 69.6 281.0 70.0 280.7 70.3 280.2 70.7 279.7
  71.1 279.1 71.5 278.5 71.9 277.7 72.2 276.9 72.6 276.3 72.9 275.5 73.2 274.8
  73.4 274.0 73.6 273.2 73.8 272.3
   8 10 74  0.0
  72.5 321.4 72.2 321.6 72.0 321.9 71.7 322.5 71.4 323.0 71.2 323.6 70.9 324.2
  70.6 324.7 70.2 325.3 69.9 325.9 69.5 326.6 69.2 327.4 68.9 328.2 68.5 329.1
  68.2 329.9 67.8 330.7 67.5 331.6 67.2 332.4 66.8 333.3 66.4 334.1 66.0 334.9
  65.7 335.7 65.3 336.2 64.9 336.6 64.5 337.0 64.1 337.4 63.7 337.8 63.4 338.0
  63.1 338.3 62.7 338.5 62.4 338.8 62.1 339.2 61.8 339.5 61.6 339.7 61.3 339.9
  61.1 340.1 60.8 340.2 60.5 340.4 60.2 340.6 59.9 340.8 59.6 340.7 59.3 340.5
  59.0 340.4 58.7 340.3 58.4 340.2 58.1 340.1 57.8 340.1 57.5 339.7 57.4 339.2
  57.3 338.8 57.2 338.4 57.0 337.9 56.9 337.5 56.8 337.0 56.7 336.5 56.6 335.9
  56.7 335.4 56.7 334.8 56.8 334.2 56.8 333.6 56.8 333.0 56.8 332.4 56.8 331.7
  56.9 331.1 57.0 330.4 57.0 329.8 57.1 329.1 57.2 328.5 57.3 327.8 57.3 327.1
  57.4 326.4 57.5 325.7 57.6 325.0 57.7 324.3 57.7 323.5 57.7 322.9 57.7 322.3
  57.7 321.7 57.7 321.2 57.7 320.7 57.8 320.2 57.8 319.8 57.8 319.4 57.7 319.0
  57.7 318.7 57.7 318.3 57.7 318.0 57.8 317.7 57.9 317.4 57.9 317.0 58.1 316.7
  58.2 316.6 58.4 316.5 58.6 316.3 58.8 316.1 59.0 315.9 59.1 315.7 59.2 315.5
  59.4 315.3 59.5 315.2 59.7 315.0 59.8 314.9 60.0 314.8 60.1 314.7 60.2 314.7
  60.4 314.8 60.5 314.9 60.7 315.0 60.8 315.1 61.0 315.2 61.1 315.4 61.2 315.6
  61.3 315.8 61.4 316.0 61.5 316.2 61.7 316.4 61.9 316.7 62.1 316.9 62.3 317.2
  62.5 317.6 62.7 317.9 62.8 318.3 63.0 318.6 63.2 319.0 63.4 319.3 63.5 319.6
  63.7 319.9 63.9 320.2 64.1 320.4 64.3 320.7 64.5 320.9 64.6 321.2 64.8 321.4
  65.0 321.7 65.2 321.9 65.3 322.2 65.5 322.4 65.6 322.6 65.8 322.9 66.0 323.1
  66.1 323.3 66.3 323.6 66.4 323.8 66.6 324.0 66.8 324.3 66.9 324.5 67.1 324.8
  67.3 325.0 67.4 325.3 67.6 325.6 67.7 326.0 67.8 326.3 67.9 326.7 68.0 327.0
  68.2 327.5 68.3 328.0 68.3 328.5 68.4 329.1 68.4 329.7 68.4 330.3 68.4 330.9
  68.4 331.6 68.5 332.2 68.5 332.9 68.5 333.7 68.5 334.4 68.6 335.2 68.6 336.0
  68.7 336.9 68.8 337.8 68.8 338.7 68.9 339.6 69.0 340.6 69.1 341.7 69.2 342.8
  69.2 343.9 69.3 345.1 69.3 346.4 69.4 347.7 69.4 349.1 69.3 350.4 69.3 351.8
  69.2 353.1 69.1 354.2 69.0 355.3 69.0 356.3 68.8 357.2 68.7 358.1 68.6 358.8
  68.5 359.5 68.4   0.2 68.3   0.4 68.2   0.7 68.1   0.9 67.9   1.1 67.8   1.4
  67.7   1.7 67.5   2.1 67.3   2.4 67.1   2.7 66.9   3.0 66.6   3.2 66.3   3.5
  66.0   3.8 65.6   4.0 65.3   4.2 64.9   4.4 64.6   4.6 64.2   4.8 63.8   5.1
  63.5   5.1 63.1   5.1 62.8   5.2 62.4   5.2 62.1   5.2 61.8   5.2 61.5   5.0
  61.2   4.8 61.0   4.5 60.7   4.3 60.5   4.0 60.3   3.8 60.0   3.5 59.7   3.0
  59.5   2.5 59.3   1.9 59.1   1.4 58.9   0.9 58.7   0.3 58.6 359.8 58.4 358.7
  58.2 357.6 58.1 356.5 58.0 355.3 57.9 354.0 57.9 352.8 57.8 351.6 57.8 350.4
  57.9 349.3 57.9 348.3 57.9 347.4
   8 11 74  0.0
  72.5 321.4 72.5 321.7 72.5 321.9 72.4 322.2 72.3 322.4 72.2 322.7 72.1 322.9
  71.9 323.1 71.8 323.4 71.6 323.6 71.3 323.9 71.1 324.1 70.8 324.4 70.5 324.7
  70.1 324.9 69.8 325.2 69.5 325.6 69.2 326.1 68.9 326.6 68.6 327.1 68.3 327.7
  68.1 328.3 67.8 328.9 67.5 329.7 67.3 330.6 67.0 331.5 66.8 332.5 66.5 333.4
  66.3 334.3 66.0 335.3 65.7 336.2 65.4 337.2 65.1 338.2 64.9 339.2 64.6 340.1
  64.3 341.1 64.0 342.1 63.8 343.1 63.5 344.1 63.3 345.0 63.0 345.9 62.7 346.8
  62.5 347.6 62.2 348.4 61.9 349.2 61.6 349.9 61.2 350.6 60.9 351.2 60.6 351.8
  60.3 352.4 59.9 353.0 59.6 353.5 59.2 354.0 58.9 354.4 58.5 354.9 58.2 355.4
  57.8 355.8 57.5 356.1 57.1 356.3 56.7 356.6 56.4 356.9 56.0 357.2 55.6 357.3
  55.3 357.4 54.9 357.5 54.6 357.5 54.2 357.6 53.8 357.7 53.4 357.6 53.0 357.4
  52.6 357.3 52.2 357.2 51.7 357.1 51.3 356.9 50.8 356.6 50.3 356.3 49.8 356.0
  49.3 355.5 49.0 354.9 48.6 354.4 48.2 353.8 47.7 353.3 47.1 352.5 46.5 351.7
  46.3 351.0 46.1 350.2 45.8 349.5 45.5 348.4 45.1 347.4 45.1 346.4 45.0 345.4
  44.9 344.6 44.7 343.8 45.1 343.0 45.4 342.2 45.7 341.4 45.9 340.5 46.0 339.7
  46.5 339.0 46.8 338.4 47.1 337.6 47.4 336.9 47.6 336.1 47.7 335.2 48.0 334.4
  48.3 333.6 48.6 332.8 48.8 332.0 49.0 331.2 49.4 330.3 49.7 329.5 50.0 328.6
  50.3 327.7 50.5 326.9 50.8 326.0 51.1 325.2 51.4 324.4 51.6 323.5 52.0 322.7
  52.3 321.9 52.7 321.1 53.1 320.3 53.4 319.5 53.7 318.7 54.0 317.9 54.3 317.3
  54.6 316.8 54.9 316.2 55.3 315.7 55.5 315.2 55.7 314.8 55.9 314.3 56.2 313.8
  56.4 313.6 56.6 313.3 56.8 313.1 57.0 312.8 57.2 312.6 57.3 312.4 57.4 312.2
  57.5 312.0 57.6 311.8 57.6 311.7 57.6 311.5 57.5 311.4 57.5 311.3 57.5 311.2
  57.4 311.0 57.4 311.0 57.3 310.9 57.2 310.8 57.1 310.7 57.0 310.7 56.9 310.7
  56.8 310.6 56.6 310.6 56.5 310.7 56.3 310.7 56.2 310.7 56.0 310.7 55.8 310.5
  55.6 310.2 55.4 309.9 55.2 309.6 54.9 309.3 54.7 309.0 54.4 308.7 54.1 308.4
  53.8 308.1 53.5 307.4 53.5 306.6 53.4 305.6 53.4 304.7 53.4 303.6 53.4 302.5
  53.5 301.3 53.5 300.1 53.5 298.9 53.4 297.6 53.4 296.2 53.2 294.9 53.1 293.5
  53.0 292.1 52.9 290.7 52.9 289.3 52.9 288.0 52.8 286.7 52.9 285.5 52.9 284.3
  52.9 283.1 53.0 282.1 53.1 281.1 53.2 280.2 53.3 279.3 53.5 278.6 53.7 277.9
  53.9 277.4 54.1 276.9 54.3 276.6 54.4 276.3 54.6 276.1 54.7 276.0 55.1 275.9
  55.4 275.9 55.7 275.9 55.9 276.0 56.2 276.0 56.3 276.2 56.4 276.3 56.4 276.4
  56.5 276.5 56.5 276.6 56.5 276.7 56.5 276.8 56.4 276.9 56.4 276.9 56.3 277.0
  56.2 277.1 56.1 277.2 56.0 277.3 55.9 277.1 55.8 276.9 55.7 276.7 55.6 276.5
  55.5 276.3 55.4 276.0 55.4 275.8 55.4 275.5 55.5 275.1 55.6 274.8 55.7 274.4
  55.8 274.1 56.0 273.7 56.1 273.4 56.3 273.3 56.5 273.2 56.8 273.0 57.0 272.9
  57.3 272.7 57.6 272.4 57.9 272.2
   8 12 74  0.0
  72.5 321.4 72.5 321.6 72.4 321.7 72.4 321.9 72.3 322.1 72.2 322.3 72.2 322.5
  72.1 322.7 71.9 322.9 71.8 323.1 71.7 323.4 71.5 323.7 71.3 324.0 71.2 324.3
  71.0 324.6 70.9 324.9 70.7 325.1 70.6 325.4 70.5 325.6 70.4 325.8 70.3 325.9
  70.2 326.1 70.2 326.2 70.1 326.3 70.1 326.4 70.1 326.5 70.0 326.6 70.0 326.7
  69.9 326.8 69.8 326.9 69.6 327.0 69.5 327.2 69.3 327.4 69.1 327.6 68.8 327.8
  68.6 328.1 68.3 328.3 68.0 328.6 67.7 329.2 67.4 329.7 67.1 330.3 66.9 331.0
  66.6 331.6 66.4 332.3 66.1 333.1 65.9 333.9 65.6 334.8 65.4 335.7 65.2 336.7
  65.0 337.7 64.8 338.8 64.5 339.8 64.3 340.8 64.1 341.9 63.8 342.9 63.6 344.0
  63.4 345.0 63.3 346.1 63.0 347.2 62.8 348.4 62.6 349.6 62.4 350.7 62.1 351.9
  61.8 352.9 61.5 353.8 61.2 354.7 60.9 355.6 60.6 356.4 60.3 357.1 59.9 357.8
  59.5 358.4 59.2 359.0 58.8 359.6 58.4   0.2 58.1   0.5 57.7   0.8 57.3   1.0
  56.9   1.3 56.6   1.5 56.2   1.7 55.8   1.9 55.4   2.0 55.1   2.1 54.7   2.2
  54.3   2.3 53.9   2.4 53.5   2.3 53.2   2.3 52.8   2.2 52.4   2.1 51.9   2.0
  51.5   1.8 51.1   1.6 50.6   1.3 50.1   1.1 49.5   1.0 48.9   0.6 48.3   0.3
  47.8 359.9 47.3 359.2 46.9 358.4 46.4 357.6 45.9 356.8 45.4 355.8 45.0 354.8
  44.6 353.8 44.1 352.7 43.6 351.5 43.4 350.2 43.1 348.8 42.9 347.4 42.9 346.0
  42.9 344.7 42.9 343.5 43.3 342.2 43.7 341.0 44.1 339.9 44.8 339.0 45.4 338.0
  45.9 336.9 46.4 335.8 46.9 334.9 47.3 333.9 47.8 332.9 48.1 331.8 48.5 330.9
  49.0 329.9 49.3 329.0 49.7 328.0 50.0 327.0 50.2 326.0 50.5 325.1 50.7 324.2
  50.9 323.2 51.0 322.2 51.1 321.2 51.2 320.2 51.4 319.2 51.5 318.2 51.6 317.2
  51.7 316.1 51.9 315.1 51.9 314.0 51.9 312.9 51.9 311.8 51.7 310.7 51.5 309.6
  51.3 308.6 51.2 307.5 50.9 306.5 50.6 305.5 50.4 304.4 50.2 303.4 49.8 302.3
  49.5 301.2 49.2 300.1 48.9 299.0 48.4 297.9 47.9 296.7 47.6 295.6 47.1 294.4
  46.6 293.3 46.2 292.2 45.8 291.0 45.3 290.0 44.9 289.0 44.4 288.0 44.0 287.1
  43.4 286.2 42.8 285.3 42.3 284.3 41.7 283.4 41.2 282.5 40.6 281.6 40.1 280.7
  39.6 279.8 39.1 279.0 38.6 278.1 38.0 277.3 37.5 276.3 37.0 275.5 36.6 274.6
  36.2 273.6 35.9 272.6 35.6 271.8 35.6 271.0 35.5 270.2 35.4 269.3 35.4 268.5
  35.3 267.6 35.4 266.7 35.5 265.8 35.6 264.9 35.6 264.1 35.7 263.3 35.9 262.5
  36.2 261.9 36.4 261.1 36.7 260.4 37.0 259.8 37.3 259.1 37.7 258.6 38.1 258.0
  38.5 257.6 39.1 257.1 39.6 256.7 40.3 256.4 40.9 256.1 41.7 255.9 42.1 255.6
  42.5 255.4 42.9 255.3 43.4 255.1 43.9 254.9 44.4 254.7 45.0 254.7 45.5 254.7
  46.1 254.7 46.7 254.9 47.3 255.0 47.8 255.1 48.4 255.1 49.0 255.3 49.5 255.5
  50.1 255.7 50.7 256.0 51.4 256.4 52.2 256.9 52.9 257.5 53.7 258.2 54.3 258.9
  55.0 259.7 55.7 260.6 56.4 261.4 57.2 262.2 57.9 263.1 58.7 264.0 59.4 264.8
  60.2 265.7 61.1 266.3 61.9 267.1
   8 13 74  0.0
  72.5 321.4 72.5 321.1 72.4 320.7 72.4 320.4 72.4 320.1 72.3 319.9 72.2 319.6
  72.0 319.4 71.9 319.2 71.7 319.2 71.6 319.1 71.4 319.1 71.2 319.1 71.0 319.2
  70.9 319.2 70.7 319.3 70.5 319.4 70.4 319.5 70.2 319.6 70.0 319.7 69.9 319.8
  69.7 320.1 69.6 320.4 69.6 320.7 69.5 321.0 69.4 321.3 69.3 321.6 69.2 321.9
  69.1 322.2 69.0 322.5 68.8 322.9 68.7 323.2 68.5 323.5 68.4 323.8 68.2 324.2
  68.0 324.5 67.8 324.8 67.6 325.3 67.5 325.8 67.3 326.2 67.1 326.5 67.0 326.9
  66.9 327.2 66.8 327.4 66.7 327.6 66.6 327.8 66.5 328.0 66.5 328.1 66.5 328.1
  66.4 328.2 66.4 328.2 66.3 328.4 66.2 328.5 66.1 328.7 66.0 328.9 65.8 329.4
  65.7 329.9 65.5 330.4 65.3 331.0 65.0 331.6 64.8 332.2 64.6 332.9 64.3 333.6
  64.1 334.3 63.9 335.0 63.7 335.7 63.6 336.4 63.4 337.1 63.3 337.9 63.1 338.7
  63.0 339.5 62.9 340.3 62.8 341.2 62.6 342.1 62.5 343.1 62.4 344.1 62.3 345.1
  62.2 346.2 62.1 347.2 61.9 348.4 61.8 349.4 61.6 350.4 61.4 351.4 61.2 352.4
  60.9 353.4 60.6 354.4 60.3 355.4 60.0 356.3 59.7 357.2 59.3 357.7 59.0 358.2
  58.6 358.8 58.2 359.3 57.9 359.9 57.5   0.1 57.1   0.3 56.8   0.5 56.4   0.7
  56.1   0.9 55.7   1.1 55.4   1.1 55.0   1.1 54.7   1.1 54.4   1.2 54.0   1.2
  53.7   1.3 53.4   1.2 53.0   1.0 52.7   0.9 52.4   0.8 52.0   0.7 51.7   0.6
  51.3   0.2 51.0 359.9 50.7 359.4 50.5 359.0 50.3 358.5 50.0 358.1 49.7 357.4
  49.4 356.7 49.0 356.0 48.7 355.4 48.6 354.7 48.5 354.1 48.3 353.4 48.1 352.7
  47.8 352.0 47.5 351.1 47.4 350.2 47.3 349.3 47.2 348.4 47.0 347.5 47.3 346.6
  47.5 345.8 47.7 345.0 47.9 344.2 47.9 343.5 48.3 342.8 48.6 342.3 48.8 341.7
  49.0 341.2 49.1 340.7 49.2 340.2 49.2 339.8 49.4 339.3 49.6 338.9 49.7 338.4
  49.8 337.8 49.8 337.3 49.8 336.7 49.8 336.0 49.8 335.3 50.0 334.6 50.2 333.9
  50.3 333.3 50.5 332.6 50.6 332.0 50.7 331.4 51.0 330.8 51.3 330.1 51.5 329.4
  51.7 328.7 51.9 327.9 52.1 327.1 52.4 326.4 52.7 325.7 52.9 325.0 53.2 324.4
  53.5 323.7 53.8 322.9 54.2 322.2 54.5 321.7 54.8 321.2 55.1 320.6 55.3 320.1
  55.6 319.7 55.9 319.2 56.2 318.7 56.5 318.5 56.8 318.4 57.2 318.2 57.5 318.1
  57.7 317.9 58.0 317.8 58.3 317.9 58.5 318.0 58.7 318.0 58.9 318.1 59.1 318.2
  59.2 318.3 59.4 318.4 59.5 318.4 59.6 318.5 59.7 318.6 59.8 318.6 59.9 318.7
  60.0 318.8 60.1 319.0 60.3 319.3 60.4 319.5 60.5 319.7 60.6 319.9 60.8 320.1
  61.0 320.3 61.2 320.5 61.4 320.7 61.6 320.9 61.9 321.1 62.1 321.3 62.4 321.4
  62.6 321.6 62.9 321.8 63.2 322.0 63.4 322.1 63.7 322.3 64.0 322.4 64.2 322.6
  64.5 322.7 64.7 322.8 65.0 322.9 65.2 323.0 65.4 323.1 65.6 323.2 65.8 323.2
  66.0 323.3 66.3 323.5 66.5 323.7 66.6 324.0 66.8 324.2 67.0 324.5 67.1 324.8
  67.2 325.2 67.4 325.5 67.5 325.9 67.6 326.2 67.7 326.6 67.8 327.1 67.8 327.5
  67.9 328.0 68.0 328.5 68.0 329.0
   8 14 74  0.0
  72.5 321.4 72.4 321.0 72.3 320.6 72.3 320.2 72.2 319.8 72.1 319.4 72.0 319.0
  71.9 318.7 71.8 318.3 71.7 317.9 71.7 317.4 71.6 317.0 71.6 316.6 71.6 316.1
  71.6 315.7 71.4 315.3 71.3 314.9 71.1 314.6 71.0 314.3 70.8 314.0 70.6 313.7
  70.4 313.4 70.2 313.2 70.0 313.0 69.8 312.8 69.6 312.7 69.4 312.6 69.1 312.6
  68.9 312.5 68.7 312.5 68.5 312.5 68.3 312.5 68.1 312.6 67.9 312.6 67.7 312.7
  67.6 312.8 67.4 313.0 67.3 313.1 67.1 313.3 67.0 313.5 66.9 313.7 66.7 314.0
  66.6 314.3 66.5 314.6 66.4 315.0 66.3 315.3 66.3 315.8 66.2 316.2 66.1 316.7
  65.9 317.2 65.8 317.9 65.7 318.5 65.6 319.2 65.5 319.8 65.4 320.4 65.2 321.1
  65.1 321.7 65.0 322.2 64.9 322.8 64.8 323.4 64.6 324.0 64.5 324.5 64.4 325.1
  64.3 325.6 64.1 326.1 64.0 326.6 64.0 327.0 63.9 327.7 63.8 328.3 63.7 328.9
  63.7 329.5 63.6 330.1 63.5 330.6 63.5 331.1 63.4 331.6 63.3 332.1 63.2 332.7
  63.0 333.2 62.8 333.7 62.7 334.3 62.5 334.9 62.3 335.5 62.1 336.1 62.0 336.8
  62.0 337.5 61.9 338.0 61.8 338.6 61.7 339.1 61.6 339.6 61.6 340.1 61.6 340.7
  61.5 341.2 61.5 341.8 61.5 342.4 61.5 343.0 61.4 343.7 61.4 344.4 61.4 345.1
  61.3 345.9 61.3 346.7 61.2 347.6 61.1 348.6 61.0 349.5 60.9 350.5 60.7 351.5
  60.5 352.5 60.3 353.4 60.0 354.4 59.7 355.0 59.4 355.5 59.1 356.0 58.8 356.6
  58.4 357.1 58.0 357.6 57.7 358.2 57.3 358.3 57.0 358.4 56.7 358.5 56.4 358.7
  56.1 359.0 55.8 359.2 55.5 359.1 55.3 358.9 55.1 358.8 54.8 358.7 54.6 358.6
  54.4 358.6 54.2 358.5 54.0 358.5 53.8 358.1 53.6 357.6 53.4 357.2 53.2 356.8
  53.1 356.4 52.9 356.0 52.8 355.6 52.7 355.2 52.5 354.8 52.4 354.4 52.2 354.0
  52.0 353.6 51.9 353.3 51.7 352.6 51.5 351.9 51.4 351.2 51.3 350.4 51.2 349.7
  51.1 348.9 51.0 348.2 50.8 347.5 50.8 346.8 50.8 346.1 50.8 345.4 50.8 344.7
  50.8 344.1 50.9 343.4 51.1 342.7 51.3 342.0 51.5 341.3 51.6 340.5 51.7 339.7
  51.8 338.9 52.0 338.1 52.0 337.2 52.1 336.5 52.1 335.7 52.3 335.0 52.5 334.3
  52.7 333.6 52.9 332.8 53.0 332.1 53.1 331.3 53.4 330.5 53.6 329.7 53.8 328.9
  54.0 328.0 54.1 327.2 54.3 326.4 54.4 325.7 54.5 324.9 54.6 324.2 54.7 323.5
  54.8 322.7 54.8 322.0 54.9 321.4 55.0 320.7 55.1 320.0 55.3 319.3 55.4 318.6
  55.5 318.0 55.7 317.3 55.9 316.6 56.1 315.9 56.2 315.5 56.3 315.1 56.5 314.7
  56.6 314.3 56.7 313.9 56.9 313.6 57.1 313.3 57.2 312.9 57.4 312.6 57.6 312.3
  57.8 312.0 57.7 311.7 57.7 311.3 57.7 311.0 57.6 310.7 57.6 310.3 57.6 310.0
  57.6 309.7 57.5 309.4 57.5 309.1 57.5 308.8 57.5 308.5 57.5 308.2 57.4 307.9
  57.3 307.7 57.2 307.4 57.1 307.2 56.9 306.9 56.8 306.7 56.7 306.4 56.5 306.2
  56.4 305.9 56.3 305.7 56.1 305.5 56.0 305.2 55.9 305.0 55.7 304.3 55.6 303.6
  55.5 302.8 55.5 302.0 55.4 301.2 55.4 300.2 55.3 299.3 55.3 298.2 55.4 297.1
  55.4 296.0 55.5 294.8 55.5 293.6
   8 15 74  0.0
  72.5 321.4 72.6 320.9 72.8 320.5 72.9 320.1 73.0 319.7 73.0 319.4 73.1 319.1
  73.1 318.8 73.1 318.6 73.2 318.4 73.2 318.2 73.2 318.1 73.3 318.0 73.4 317.9
  73.4 317.9 73.4 317.8 73.4 317.6 73.4 317.5 73.4 317.3 73.3 317.1 73.2 316.9
  73.1 316.6 73.0 316.3 72.9 316.1 72.7 315.8 72.5 315.4 72.2 315.1 72.0 314.8
  71.8 314.5 71.6 314.2 71.4 313.8 71.2 313.5 71.0 313.1 70.8 312.8 70.7 312.4
  70.5 312.0 70.4 311.7 70.1 311.3 69.9 310.9 69.7 310.6 69.5 310.4 69.2 310.2
  69.0 310.0 68.7 309.8 68.5 309.6 68.2 309.5 67.9 309.4 67.7 309.3 67.4 309.2
  67.1 309.2 66.9 309.1 66.6 309.1 66.4 309.0 66.2 309.0 66.0 309.0 65.9 308.9
  65.7 308.9 65.6 308.8 65.5 308.8 65.4 308.7 65.4 308.6 65.3 308.6 65.3 308.6
  65.3 308.6 65.3 308.6 65.2 308.7 65.2 308.8 65.3 309.0 65.3 309.2 65.3 309.4
  65.3 309.7 65.4 310.1 65.4 310.5 65.5 310.9 65.5 311.4 65.5 311.9 65.5 312.4
  65.5 312.8 65.4 313.3 65.3 313.7 65.3 314.2 65.2 314.6 65.1 315.0 65.0 315.4
  65.0 315.8 64.9 316.2 64.8 316.6 64.7 316.9 64.6 317.3 64.5 317.6 64.3 317.9
  64.2 318.3 64.1 318.6 63.9 318.9 63.7 319.3 63.5 319.8 63.4 320.2 63.3 320.7
  63.2 321.1 63.2 321.6 63.1 322.0 63.0 322.5 63.0 323.0 62.9 323.5 62.8 324.1
  62.7 324.6 62.6 325.1 62.5 325.6 62.4 326.1 62.2 326.7 62.1 327.2 62.0 327.7
  61.9 328.0 61.7 328.2 61.6 328.4 61.5 328.6 61.4 328.8 61.3 328.9 61.3 329.0
  61.2 329.1 61.2 329.1 61.1 329.1 61.1 329.1 61.1 329.2 61.1 329.2 61.0 329.2
  61.0 329.2 61.0 329.3 60.9 329.3 60.9 329.3 60.9 329.4 60.8 329.4 60.8 329.5
  60.8 329.5 60.7 329.6 60.7 329.7 60.6 329.8 60.5 329.8 60.4 329.9 60.3 330.0
  60.1 330.1 60.0 330.2 59.8 330.1 59.7 330.0 59.5 329.9 59.3 329.9 59.1 329.8
  59.0 329.7 58.8 329.6 58.6 329.5 58.5 329.4 58.4 329.2 58.2 329.1 58.1 328.9
  58.0 328.7 57.9 328.2 57.8 327.7 57.8 327.2 57.8 326.7 57.8 326.2 57.8 325.6
  57.8 325.1 57.9 324.5 57.9 323.9 57.9 323.2 58.0 322.6 58.0 322.3 58.1 321.9
  58.1 321.6 58.1 321.2 58.1 320.9 58.1 320.5 58.1 320.3 58.1 320.0 58.1 319.7
  58.1 319.5 58.1 319.2 58.2 319.0 58.2 318.8 58.2 318.6 58.2 318.4 58.2 318.3
  58.2 318.2 58.2 318.1 58.1 318.0 58.1 317.9 58.0 317.9 57.9 317.9 57.8 317.7
  57.7 317.5 57.5 317.3 57.3 317.2 57.0 317.0 56.8 316.9 56.5 316.8 56.2 316.6
  55.9 316.5 55.6 315.9 55.3 315.3 54.9 314.7 54.5 314.1 54.2 313.6 53.8 313.1
  53.5 312.1 53.1 311.1 52.6 310.2 52.2 309.2 51.8 308.2 51.4 306.8 51.0 305.4
  50.5 304.0 50.0 302.6 49.6 301.3 49.2 299.8 48.9 298.2 48.5 296.7 48.2 295.3
  47.9 293.9 47.7 292.5 47.4 291.2 47.2 289.9 47.0 288.7 46.7 287.5 46.6 286.4
  46.5 285.2 46.3 284.2 46.1 283.1 46.3 282.1 46.4 281.2 46.5 280.3 46.6 279.5
  46.9 278.7 47.2 278.1 47.5 277.5 47.8 276.9 48.1 276.5 48.3 276.2 48.6 276.0
  48.8 275.9 49.3 275.9 49.7 275.9
   8 16 74  0.0
  72.5 321.4 72.6 321.3 72.8 321.2 72.9 321.1 73.1 321.0 73.2 320.9 73.4 320.8
  73.5 320.8 73.7 320.7 73.8 320.7 74.0 320.7 74.1 320.7 74.3 320.8 74.4 321.0
  74.6 321.1 74.7 321.2 74.9 321.3 75.0 321.3 75.2 321.2 75.3 321.1 75.4 321.0
  75.6 320.8 75.7 320.6 75.8 320.3 75.9 319.9 75.9 319.5 76.0 319.1 76.0 318.7
  76.0 318.3 76.0 318.0 76.1 317.6 76.1 317.3 76.1 316.8 76.2 316.3 76.2 315.8
  76.1 315.1 76.1 314.5 76.0 313.8 75.9 313.1 75.8 312.8 75.7 312.4 75.6 312.1
  75.5 311.8 75.3 311.5 75.0 311.2 74.7 311.0 74.4 310.7 74.1 310.4 73.7 310.2
  73.4 310.0 73.1 309.7 72.8 309.4 72.5 309.2 72.2 308.9 71.9 308.5 71.6 308.2
  71.3 307.8 71.0 307.5 70.7 307.1 70.4 306.8 70.1 306.4 69.8 306.1 69.5 305.8
  69.2 305.5 68.9 305.3 68.6 305.1 68.4 304.9 68.1 304.7 67.8 304.6 67.5 304.4
  67.3 304.2 67.0 304.0 66.8 303.9 66.6 303.7 66.4 303.5 66.2 303.4 66.0 303.2
  65.9 303.0 65.7 302.6 65.6 302.2 65.5 301.8 65.4 301.3 65.3 300.8 65.2 300.3
  65.1 299.8 64.9 299.3 64.8 298.8 64.8 298.3 64.7 297.8 64.7 297.3 64.7 296.8
  64.7 296.2 64.7 295.7 64.7 295.1 64.6 294.5 64.6 293.9 64.6 293.3 64.6 292.7
  64.6 292.1 64.6 291.5 64.5 290.9 64.5 290.3 64.5 289.7 64.5 289.2 64.5 288.6
  64.6 288.1 64.6 287.6 64.5 287.1 64.4 286.6 64.4 286.2 64.3 285.8 64.3 285.3
  64.3 284.9 64.3 284.5 64.4 284.0 64.5 283.6 64.4 283.1 64.4 282.7 64.4 282.2
  64.5 281.7 64.5 281.3 64.6 280.8 64.7 280.3 64.8 279.7 64.7 279.2 64.5 278.6
  64.4 278.0 64.4 277.4 64.3 276.8 64.3 276.1 64.4 275.4 64.3 274.7 64.2 273.9
  64.1 273.1 64.1 272.3 64.1 271.5 63.8 270.6 63.6 269.7 63.4 268.9 63.3 268.1
  63.1 267.4 62.9 266.7 62.6 266.0 62.4 265.4 62.2 264.9 62.0 264.3 61.7 264.0
  61.5 263.6 61.1 263.2 60.7 262.7 60.3 262.2 59.8 261.6 59.4 261.1 58.9 260.6
  58.5 260.1 58.0 259.5 57.5 259.2 56.9 258.9 56.4 258.6 55.8 258.2 55.2 258.1
  54.7 257.9 54.1 257.7 53.5 257.6 52.9 257.5 52.3 257.4 51.7 257.4 51.2 257.4
  50.6 257.5 50.1 257.6 49.6 257.6 49.1 257.7 48.7 257.8 48.2 257.9 47.8 258.0
  47.5 257.9 47.1 257.9 46.8 257.9 46.5 257.9 46.2 257.9 45.9 257.9 45.7 257.7
  45.5 257.6 45.3 257.4 45.1 257.3 44.9 257.2 44.7 257.0 44.5 256.9 44.4 256.7
  44.2 256.6 44.1 256.5 43.9 256.3 43.8 256.2 43.7 256.0 43.5 255.8 43.3 255.6
  43.1 255.4 43.0 255.2 42.8 254.9 42.7 254.6 42.5 254.3 42.4 254.0 42.2 253.7
  42.1 253.3 41.9 252.9 41.8 252.6 41.7 252.2 41.6 251.8 41.4 251.5 41.2 251.1
  41.0 250.8 40.8 250.4 40.6 250.1 40.4 249.8 40.2 249.5 40.0 249.2 39.8 248.9
  39.6 248.8 39.4 248.7 39.2 248.6 39.0 248.5 38.9 248.3 38.8 248.2 38.7 248.1
  38.6 247.9 38.5 247.8 38.4 247.6 38.3 247.4 38.2 247.3 38.1 247.1 38.0 246.9
  37.9 246.8 37.9 246.7 37.8 246.6 37.8 246.5 37.8 246.4 37.8 246.4 37.8 246.3
  37.8 246.3 37.8 246.3 37.9 246.3
   8 17 74  0.0
  72.5 321.4 72.9 321.3 73.3 321.2 73.7 321.0 74.0 320.9 74.4 320.6 74.8 320.3
  75.1 319.9 75.4 319.6 75.6 319.3 75.8 318.9 75.9 318.5 76.1 318.2 76.3 317.8
  76.5 317.5 76.7 317.1 76.8 316.8 77.0 316.5 77.2 316.3 77.3 316.0 77.3 315.8
  77.3 315.5 77.3 315.3 77.3 315.1 77.3 315.0 77.3 314.8 77.2 314.7 77.2 314.6
  77.2 314.5 77.1 314.5 77.1 314.5 77.0 314.4 77.0 314.4 76.9 314.5 76.8 314.5
  76.7 314.6 76.7 314.7 76.6 314.8 76.5 314.8 76.4 314.9 76.3 315.0 76.2 315.0
  76.1 315.0 76.0 315.0 75.9 315.0 75.8 314.9 75.7 314.7 75.6 314.5 75.5 314.2
  75.4 313.9 75.2 313.6 75.1 313.3 75.0 313.0 74.9 312.8 74.8 312.5 74.7 312.3
  74.6 312.0 74.4 311.7 74.2 311.5 73.9 311.2 73.8 311.1 73.6 310.9 73.4 310.8
  73.3 310.6 73.1 310.5 72.8 310.3 72.6 310.1 72.3 310.0 72.1 309.8 71.8 309.6
  71.5 309.3 71.2 309.1 70.9 308.8 70.6 308.5 70.3 308.2 70.0 307.9 69.7 307.6
  69.4 307.3 69.1 306.9 68.8 306.5 68.5 306.2 68.2 305.9 68.0 305.5 67.7 305.2
  67.5 304.9 67.3 304.6 67.0 304.4 66.8 304.1 66.6 303.9 66.3 303.6 66.1 303.4
  65.9 303.1 65.7 302.7 65.6 302.3 65.4 301.8 65.3 301.4 65.2 300.9 65.0 300.3
  64.9 299.8 64.8 299.2 64.7 298.6 64.6 298.0 64.5 297.4 64.5 296.8 64.4 296.2
  64.3 295.5 64.2 294.9 64.1 294.2 64.0 293.6 63.9 292.9 63.9 291.8 63.8 290.8
  63.7 289.7 63.6 288.6 63.5 287.6 63.4 286.6 63.3 285.5 63.2 284.5 63.0 283.6
  62.8 282.6 62.6 281.6 62.4 280.7 62.2 279.8 62.0 278.8 61.8 277.7 61.6 276.7
  61.3 275.6 61.1 274.6 60.9 273.6 60.7 272.6 60.4 271.7 60.2 270.8 60.0 269.9
  59.8 269.1 59.5 268.1 59.2 267.3 59.0 266.4 58.7 265.6 58.4 264.9 58.1 264.2
  57.8 263.5 57.6 262.7 57.4 261.9 57.2 261.2 57.0 260.4 56.8 259.7 56.7 259.0
  56.6 258.4 56.5 257.8 56.3 257.3 56.1 256.9 56.0 256.5 55.8 255.9 55.8 255.4
  55.8 254.9 55.9 254.4 56.0 253.9 56.0 253.4 56.1 253.3 56.1 253.1 56.2 253.0
  56.2 252.8 56.1 252.6 56.1 252.4 56.0 252.2 55.9 251.9 56.0 251.5 56.1 251.3
  56.2 251.0 56.2 250.7 56.2 250.5 56.3 250.2 56.3 249.9 56.3 249.6 56.3 249.4
  56.3 249.1 56.4 248.9 56.4 248.6 56.4 248.4 56.3 248.2 56.3 248.0 56.6 247.8
  56.8 247.6 57.0 247.4 57.1 247.2 57.3 246.9 57.4 246.6 57.5 246.3 57.6 246.0
  57.7 245.6 57.7 245.3 57.8 244.9 57.9 244.6 57.9 244.2 57.9 243.8 58.2 243.4
  58.4 243.1 58.7 242.8 58.9 242.5 59.0 242.2 59.2 241.9 59.3 241.6 59.4 241.3
  59.5 241.1 59.6 240.8 59.7 240.5 59.8 240.3 59.8 240.0 59.9 239.8 60.1 239.6
  60.4 239.6 60.6 239.5 60.8 239.5 61.1 239.5 61.3 239.5 61.5 239.5 61.7 239.5
  61.8 239.6 62.0 239.6 62.2 240.2 62.2 240.9 62.2 241.7 62.2 242.4 62.1 243.2
  62.1 244.0 62.0 244.8 61.8 245.6 61.5 245.9 61.2 246.2 60.8 246.6 60.5 246.9
  60.1 247.2 59.7 247.5 59.3 247.2 58.9 247.0 58.5 246.8 58.1 246.5 57.7 246.2
  57.3 245.7 56.9 245.0 56.5 244.4
   8 18 74  0.0
  72.5 321.4 72.8 321.3 73.1 321.1 73.4 321.0 73.7 321.0 74.0 320.9 74.4 321.2
  74.7 321.5 75.0 321.9 75.4 322.2 75.7 322.7 76.0 323.1 76.3 323.7 76.7 324.1
  77.0 324.6 77.4 325.0 77.7 325.5 78.0 325.9 78.3 326.3 78.6 326.6 78.9 326.9
  79.1 327.2 79.4 327.6 79.6 327.9 79.8 328.3 80.0 328.8 80.2 329.3 80.4 330.2
  80.7 331.2 80.9 332.4 81.1 333.8 81.4 335.5 81.6 337.4 81.7 339.6 81.9 342.1
  82.1 344.8 82.1 347.9 82.1 351.2 82.0 354.2 81.8 357.0 81.7 359.5 81.5   1.8
  81.2   2.1 80.9   2.4 80.6   2.6 80.4   2.9 80.1   3.2 79.8   3.4 79.5   3.6
  79.2   3.8 79.0   4.0 78.7   4.2 78.3   4.4 78.0   4.5 77.7   4.6 77.4   4.7
  77.1   4.7 76.9   4.8 76.6   4.8 76.3   4.9 76.0   4.9 75.7   4.9 75.5   4.9
  75.2   5.0 75.0   5.0 74.7   5.0 74.5   5.0 74.3   5.0 74.0   5.1 73.8   5.1
  73.6   5.0 73.3   5.0 73.1   4.9 72.9   4.8 72.7   4.8 72.5   4.7 72.3   4.7
  72.1   4.6 71.9   4.6 71.7   4.4 71.6   4.3 71.4   4.2 71.2   4.1 71.1   4.0
  71.0   3.9 70.9   3.8 70.8   3.7 70.7   3.6 70.6   3.5 70.5   3.4 70.5   3.3
  70.4   3.2 70.3   3.1 70.2   3.0 70.2   2.9 70.1   2.8 70.1   2.7 70.0   2.7
  70.0   2.6 70.0   2.5 69.9   2.4 69.9   2.4 69.9   2.3 69.9   2.3 69.9   2.2
  69.9   2.2 69.9   2.2 70.0   2.2 70.0   2.2 70.0   2.2 70.1   2.3 70.1   2.4
  70.2   2.5 70.3   2.5 70.3   2.6 70.4   2.7 70.5   2.8 70.6   3.0 70.7   3.1
  70.8   3.2 70.9   3.3 71.0   3.5 71.1   3.6 71.2   3.8 71.4   3.9 71.5   4.0
  71.6   4.2 71.7   4.3 71.8   4.5 72.0   4.6 72.1   4.8 72.3   4.9 72.5   5.1
  72.7   5.2 72.9   5.4 73.1   5.5 73.3   5.7 73.5   5.9 73.7   6.1 73.8   6.2
  74.0   6.4 74.2   6.6 74.4   6.8 74.6   7.0 74.8   7.2 75.0   7.4 75.2   7.6
  75.3   7.8 75.5   8.0 75.7   8.2 75.9   8.4 76.0   8.6 76.2   8.6 76.4   8.6
  76.5   8.7 76.7   8.7 76.8   8.7 77.0   8.6 77.1   8.6 77.2   8.6 77.3   8.5
  77.4   8.5 77.5   8.4 77.6   8.3 77.6   8.2 77.7   8.1 77.8   8.0 77.8   7.8
  77.8   7.7 77.8   7.5 77.8   7.4 77.9   7.2 77.9   7.0 77.9   6.8 78.0   6.6
  78.0   6.4 78.1   6.0 78.1   5.7 78.2   5.3 78.3   5.0 78.4   4.7 78.5   4.3
  78.5   4.0 78.6   3.6 78.6   3.3 78.7   2.9 78.7   2.6 78.7   2.2 78.7   1.9
  78.7   1.5 78.7   1.2 78.6   0.8 78.6   0.5 78.5   0.1 78.5 359.7 78.4 358.0
  78.3 356.2 78.2 354.4 78.1 352.7 77.9 351.0 77.8 349.5 77.7 348.1 77.6 346.6
  77.4 345.1 77.3 343.6 77.1 342.1 76.9 340.7 76.8 339.2 76.5 337.8 76.3 336.5
  76.0 335.3 75.7 334.1 75.5 333.4 75.2 332.8 74.9 332.2 74.5 331.7 74.2 331.2
  73.9 330.7 73.6 330.9 73.3 331.1 72.9 331.3 72.5 331.4 72.2 331.4 71.8 331.4
  71.4 332.1 71.0 332.7 70.7 333.2 70.3 333.7 70.0 334.1 69.7 334.5 69.4 335.1
  69.2 335.7 68.9 336.4 68.7 337.0 68.4 337.6 68.2 338.1 67.9 338.7 67.7 339.3
  67.5 339.9 67.3 340.5 67.1 341.1
   8 19 74  0.0
  72.5 321.4 72.9 322.2 73.3 323.0 73.7 323.8 74.1 324.6 74.5 325.6 74.9 326.7
  75.3 327.9 75.6 329.2 75.9 330.5 76.1 331.8 76.4 333.1 76.6 334.4 76.8 335.9
  77.0 337.4 77.1 339.0 77.2 340.7 77.2 342.5 77.2 344.2 77.2 346.0 77.2 347.7
  77.2 349.4 77.1 351.1 77.0 352.7 76.9 354.3 76.8 355.8 76.6 357.3 76.5 358.7
  76.3   0.0 76.1   0.3 75.9   0.7 75.7   1.0 75.6   1.3 75.4   1.7 75.2   2.0
  75.0   2.3 74.7   2.6 74.5   2.9 74.3   3.2 74.1   3.6 73.9   3.9 73.7   4.1
  73.4   4.4 73.2   4.6 72.9   4.9 72.7   5.1 72.4   5.4 72.2   5.7 71.9   5.9
  71.7   6.1 71.4   6.2 71.2   6.3 71.0   6.4 70.8   6.4 70.6   6.5 70.4   6.6
  70.1   6.6 69.9   6.7 69.7   6.6 69.5   6.5 69.3   6.4 69.1   6.3 68.9   6.1
  68.7   6.0 68.5   5.9 68.3   5.9 68.1   5.8 67.9   5.7 67.8   5.6 67.6   5.5
  67.4   5.4 67.2   5.3 67.0   5.2 66.8   5.1 66.6   5.1 66.3   5.0 66.1   5.0
  65.9   4.9 65.7   4.8 65.5   4.7 65.2   4.6 65.0   4.5 64.7   4.4 64.5   4.3
  64.2   4.3 64.0   4.2 63.7   3.9 63.5   3.7 63.2   3.4 62.9   3.2 62.6   3.0
  62.3   2.8 61.9   2.6 61.6   2.2 61.2   1.9 60.7   1.5 60.3   1.2 59.7   1.0
  59.2   0.5 58.7   0.1 58.2 359.6 57.6 358.8 57.0 357.8 56.4 356.8 55.8 355.9
  55.1 354.9 54.5 353.9 53.8 353.1 53.1 352.2 52.4 351.4 51.4 350.6 50.4 349.5
  49.4 348.6 48.4 347.4 47.3 346.2 46.2 345.0 45.2 343.8 44.3 342.5 43.4 341.3
  42.5 340.1 41.7 338.8 41.1 337.4 40.6 336.0 40.2 334.5 39.8 333.0 39.5 331.7
  39.3 330.4 39.2 329.1 39.1 327.8 39.3 326.5 39.5 325.2 39.7 323.9 40.0 322.6
  40.4 320.9 40.7 319.3 41.1 317.7 41.6 316.3 42.0 314.9 42.4 313.7 42.8 312.5
  43.2 311.4 43.7 310.4 44.3 309.5 44.9 308.8 45.5 308.1 46.2 307.5 46.8 306.9
  47.5 306.3 48.2 305.8 48.9 305.2 49.6 304.6 50.4 304.0 51.1 303.4 51.7 302.8
  52.3 302.2 53.0 301.6 53.6 301.0 54.2 300.4 54.8 299.8 55.2 299.3 55.6 298.7
  56.0 298.0 56.4 297.4 56.9 296.7 57.3 295.9 57.6 295.1 57.9 294.3 58.2 293.4
  58.5 292.6 58.8 291.6 58.9 290.6 59.0 289.6 59.1 288.6 59.2 287.5 59.2 286.3
  59.1 285.2 59.1 284.0 59.1 282.8 58.9 281.5 58.7 280.3 58.5 279.0 58.2 277.7
  57.9 276.4 57.6 275.3 57.2 274.3 56.8 273.2 56.4 272.2 56.0 271.2 55.5 270.4
  55.1 269.5 54.6 268.6 54.0 267.8 53.6 266.9 53.2 266.2 52.7 265.5 52.2 264.8
  51.7 264.2 51.2 263.7 50.8 263.3 50.4 262.7 50.0 262.2 49.6 261.8 49.1 261.4
  48.7 261.0 48.3 260.5 47.9 259.9 47.7 259.7 47.4 259.5 47.2 259.3 46.9 259.0
  46.6 258.8 46.4 258.5 46.1 258.2 45.8 257.9 45.6 257.7 45.3 257.4 45.0 257.1
  44.8 256.8 44.5 256.5 44.3 256.2 44.1 255.8 43.8 255.5 43.5 255.1 43.3 254.7
  43.0 254.3 42.8 253.8 42.5 253.4 42.3 252.9 42.0 252.4 41.8 251.8 41.6 251.2
  41.5 250.6 41.4 250.0 41.3 249.3 41.1 248.6 41.0 247.9 41.2 247.2 41.3 246.4
  41.4 245.7 41.6 245.0 41.7 244.3
   8 20 74  0.0
  72.5 321.4 72.6 322.3 72.7 323.1 72.9 324.0 73.0 324.9 73.1 325.8 73.2 326.7
  73.3 327.6 73.4 328.5 73.5 329.5 73.6 330.4 73.7 331.4 73.8 332.5 73.9 333.5
  74.0 334.6 74.1 335.8 74.2 337.3 74.3 338.9 74.5 340.6 74.5 342.5 74.6 344.4
  74.5 346.5 74.5 348.6 74.4 350.7 74.3 352.9 74.2 355.0 74.0 357.1 73.8 358.8
  73.5   0.5 73.3   1.0 73.0   1.4 72.8   1.9 72.5   2.3 72.3   2.7 72.0   3.2
  71.8   3.6 71.6   3.8 71.4   4.0 71.2   4.2 71.0   4.4 70.8   4.7 70.6   4.9
  70.5   5.1 70.3   5.3 70.2   5.5 70.1   5.7 70.0   6.0 69.9   6.0 69.8   6.1
  69.8   6.1 69.7   6.2 69.7   6.3 69.6   6.3 69.6   6.4 69.6   6.4 69.5   6.4
  69.5   6.5 69.5   6.5 69.4   6.5 69.4   6.6 69.4   6.6 69.3   6.6 69.3   6.6
  69.3   6.6 69.2   6.6 69.2   6.6 69.1   6.7 69.0   6.7 68.9   6.7 68.9   6.7
  68.8   6.7 68.7   6.7 68.6   6.7 68.4   6.7 68.3   6.7 68.2   6.7 68.0   6.6
  67.9   6.6 67.8   6.5 67.6   6.3 67.5   6.2 67.3   6.0 67.1   5.8 66.9   5.6
  66.7   5.5 66.4   5.3 66.2   5.1 65.9   4.9 65.6   4.7 65.4   4.5 65.1   4.3
  64.8   4.2 64.5   4.0 64.2   3.8 63.9   3.7 63.6   3.4 63.2   3.2 62.9   3.0
  62.5   2.8 62.1   2.5 61.7   2.3 61.3   1.9 60.8   1.5 60.3   1.1 59.8   0.8
  59.2   0.1 58.6 359.6 58.0 358.5 57.3 357.1 56.6 355.8 56.0 354.7 55.3 353.7
  54.6 352.5 53.7 351.4 53.0 350.2 52.3 349.1 51.3 348.1 50.4 346.9 49.5 345.8
  48.6 344.6 47.5 343.4 46.8 342.1 46.0 341.0 45.1 339.8 44.9 338.6 44.7 337.4
  44.4 336.3 44.1 335.2 44.2 334.2 44.3 333.2 44.4 332.2 44.4 331.2 44.7 330.2
  45.0 329.3 45.3 328.5 45.6 327.8 46.2 327.1 46.9 326.7 47.6 326.3 48.2 326.1
  48.9 326.0 49.6 326.1 50.3 326.1 51.0 326.3 51.7 326.5 52.3 326.7 52.9 327.0
  53.5 327.2 54.1 327.5 54.7 327.7 55.2 328.0 55.7 328.4 56.1 328.7 56.6 329.1
  57.0 329.6 57.4 330.0 57.9 330.5 58.3 331.0 58.8 331.8 59.2 332.6 59.5 333.4
  59.8 334.3 60.1 335.1 60.4 336.2 60.5 337.3 60.6 338.4 60.8 339.4 60.9 340.5
  60.9 341.5 60.9 342.5 60.9 343.4 60.9 344.3 60.8 345.1 60.7 345.9 60.6 346.7
  60.5 347.4 60.4 348.1 60.3 348.7 60.2 349.3 60.1 349.9 59.9 350.5 59.8 350.9
  59.7 351.2 59.5 351.5 59.4 351.8 59.3 352.1 59.1 352.3 59.0 352.5 58.9 352.7
  58.8 352.8 58.7 353.0 58.6 353.1 58.5 353.2 58.3 353.2 58.2 353.3 58.1 353.3
  58.0 353.4 57.9 353.4 57.9 353.1 57.8 352.9 57.7 352.6 57.7 352.3 57.7 352.0
  57.7 351.8 57.7 351.5 57.8 351.2 57.8 350.9 57.9 350.6 58.0 350.4 58.1 350.5
  58.2 350.6 58.3 350.7 58.5 350.8 58.6 350.9 58.8 351.0 58.9 351.1 59.1 351.2
  59.3 351.3 59.4 351.4 59.6 351.5 59.7 351.7 59.9 351.9 60.0 352.1 60.1 352.6
  60.2 353.1 60.2 353.6 60.3 354.1 60.3 354.6 60.4 355.1 60.4 355.6 60.4 356.1
  60.4 356.6 60.4 357.1 60.3 357.6 60.3 358.1 60.2 358.5 60.1 359.0 60.0 359.4
  59.9 359.6 59.7 359.8 59.6 359.9
   8 21 74  0.0
  72.5 321.4 72.6 321.8 72.6 322.2 72.7 322.6 72.7 323.1 72.7 323.7 72.7 324.3
  72.8 324.9 72.8 325.6 72.8 326.4 72.8 327.2 72.8 328.0 72.8 328.9 72.8 329.8
  72.7 330.7 72.7 331.6 72.7 332.6 72.8 333.5 72.8 334.5 72.8 335.4 72.9 336.4
  72.9 337.5 73.0 338.6 73.0 339.7 73.1 340.8 73.1 342.0 73.1 343.2 73.1 344.4
  73.0 345.8 73.0 347.1 73.0 348.6 72.9 350.1 72.8 351.6 72.7 353.2 72.6 354.9
  72.5 356.6 72.3 358.3 72.1   0.1 71.8   0.6 71.6   1.0 71.3   1.3 71.0   1.6
  70.8   1.9 70.5   2.2 70.2   2.5 69.8   2.8 69.5   2.8 69.3   2.8 69.0   2.9
  68.7   2.9 68.4   2.9 68.2   2.9 68.0   2.9 67.8   2.7 67.6   2.5 67.5   2.3
  67.3   2.1 67.2   1.9 67.1   1.7 67.0   1.5 66.9   1.3 66.9   1.1 66.8   0.9
  66.8   0.7 66.8   0.5 66.7   0.3 66.7   0.1 66.7 359.9 66.8 359.4 66.8 358.9
  66.9 358.4 66.9 357.9 67.0 357.3 67.0 356.8 67.1 356.3 67.1 355.8 67.2 355.2
  67.3 354.7 67.3 354.1 67.4 353.6 67.5 353.1 67.5 352.5 67.6 352.0 67.7 351.4
  67.8 350.9 68.0 350.3 68.1 349.7 68.3 349.2 68.4 348.7 68.6 348.1 68.7 347.5
  69.0 346.8 69.2 346.1 69.5 345.4 69.7 344.7 70.0 343.9 70.3 343.2 70.6 342.7
  71.0 342.2 71.3 341.7 71.7 341.2 72.0 340.6 72.4 340.4 72.8 340.2 73.2 339.9
  73.6 339.5 74.1 339.1 74.5 339.0 75.0 338.8 75.5 338.5 75.9 338.3 76.3 338.0
  76.7 338.5 77.1 339.0 77.5 339.6 77.8 340.2 78.0 340.8 78.3 342.0 78.6 343.3
  78.8 344.6 79.0 345.9 79.2 347.2 79.3 348.5 79.3 349.8 79.4 351.1 79.4 352.4
  79.3 353.7 79.2 354.9 79.2 356.0 79.1 357.0 79.0 357.9 78.9 358.7 78.8 359.4
  78.8   0.1 78.6   0.2 78.5   0.4 78.3   0.5 78.2   0.7 78.1   0.9 78.0   1.1
  77.9   1.2 77.8   1.3 77.7   1.5 77.6   1.7 77.5   1.8 77.5   2.0 77.4   2.2
  77.3   2.4 77.2   2.6 77.1   2.7 77.0   2.9 76.9   3.0 76.8   3.2 76.7   3.3
  76.5   3.4 76.4   3.6 76.3   3.7 76.1   3.8 76.0   3.9 75.8   4.0 75.7   4.0
  75.5   4.1 75.4   4.1 75.2   4.1 75.0   4.1 74.8   4.2 74.6   4.2 74.4   4.2
  74.2   4.2 74.1   4.2 73.9   4.2 73.7   4.2 73.6   4.2 73.5   4.2 73.4   4.3
  73.3   4.3 73.2   4.4 73.1   4.5 73.1   4.6 73.1   4.7 73.0   4.8 73.0   5.0
  73.0   5.2 73.0   5.3 73.0   5.5 73.0   5.7 73.0   5.9 73.0   6.1 73.0   6.3
  73.0   6.5 73.1   6.7 73.1   7.0 73.1   7.2 73.2   7.5 73.2   7.7 73.3   8.0
  73.3   8.2 73.4   8.4 73.4   8.7 73.4   8.9 73.5   9.1 73.6   9.3 73.6   9.5
  73.7   9.7 73.8   9.8 74.0  10.0 74.1  10.2 74.2  10.4 74.4  10.6 74.6  10.8
  74.7  11.0 74.9  11.2 75.1  11.4 75.3  11.6 75.4  11.8 75.6  12.0 75.8  12.3
  76.0  12.5 76.2  12.7 76.4  12.9 76.6  13.0 76.7  13.1 76.9  13.2 77.0  13.3
  77.2  13.4 77.3  13.4 77.4  13.5 77.5  13.5 77.6  13.5 77.7  13.5 77.8  13.5
  77.9  13.5 77.9  13.5 78.0  13.5 78.1  13.3 78.1  13.0 78.2  12.8 78.3  12.5
  78.3  12.3 78.4  12.0 78.4  11.7
   8 22 74  0.0
  72.5 321.4 72.5 322.1 72.5 322.7 72.5 323.3 72.6 323.9 72.6 324.5 72.6 325.0
  72.7 325.6 72.8 326.1 72.9 326.6 73.0 327.1 73.1 327.6 73.1 328.1 73.3 328.5
  73.5 329.0 73.7 329.4 73.9 329.9 74.1 330.4 74.3 331.0 74.5 331.8 74.7 332.6
  74.9 333.4 75.2 334.4 75.4 335.4 75.7 336.5 75.9 337.6 76.1 338.9 76.3 339.9
  76.5 340.9 76.6 342.0 76.8 343.0 76.9 344.0 77.0 345.0 77.1 346.0 77.2 347.0
  77.3 347.9 77.3 348.8 77.4 349.7 77.5 350.5 77.6 351.4 77.6 352.2 77.7 353.0
  77.8 353.7 77.9 354.4 78.0 355.1 78.2 354.6 78.3 354.2 78.4 353.8 78.6 353.4
  78.7 353.1 78.8 352.8 79.0 352.6 79.1 352.4 79.2 352.2 79.4 352.1 79.5 352.1
  79.6 352.1 79.7 352.1 79.8 352.2 79.9 352.2 79.9 352.4 80.0 352.5 80.0 352.8
  80.1 351.6 80.1 350.6 80.1 349.7 80.1 348.9 80.1 348.2 80.2 347.6 80.1 347.1
  80.1 346.7 80.1 346.4 80.1 346.2 80.1 346.0 80.1 345.9 80.1 345.9 80.1 345.8
  80.1 345.8 80.1 345.9 80.1 345.9 80.1 346.0 80.1 346.1 80.1 346.3 80.1 346.5
  80.1 346.7 80.1 346.9 80.0 347.2 80.0 347.5 80.0 347.8 79.9 349.1 79.9 350.3
  79.9 351.6 79.8 352.8 79.7 354.0 79.7 355.2 79.6 356.3 79.5 357.5 79.4 358.6
  79.3 359.7 79.2   0.7 79.1   0.9 78.9   1.1 78.8   1.3 78.6   1.5 78.4   1.7
  78.2   1.9 78.0   2.2 77.8   2.4 77.6   2.7 77.4   2.9 77.2   3.2 77.0   3.5
  76.7   3.8 76.4   4.1 76.1   4.3 75.8   4.6 75.5   4.9 75.1   5.2 74.8   5.5
  74.5   5.8 74.1   6.2 73.8   6.5 73.4   6.7 73.1   7.0 72.8   7.2 72.5   7.5
  72.2   7.7 71.9   7.9 71.6   8.0 71.4   8.0 71.1   8.1 70.8   8.1 70.6   8.1
  70.3   8.2 70.1   8.2 69.8   8.2 69.6   8.1 69.4   8.0 69.2   8.0 69.0   7.9
  68.8   7.8 68.6   7.8 68.4   7.8 68.2   7.7 68.0   7.7 67.8   7.6 67.6   7.5
  67.5   7.4 67.3   7.4 67.1   7.3 66.9   7.3 66.7   7.2 66.5   7.2 66.3   7.2
  66.1   7.2 65.9   7.2 65.7   7.1 65.5   6.9 65.3   6.8 65.0   6.7 64.8   6.6
  64.6   6.5 64.4   6.4 64.2   6.2 63.9   6.1 63.7   5.8 63.5   5.6 63.3   5.3
  63.0   5.0 62.8   4.8 62.6   4.6 62.4   4.3 62.1   4.1 61.9   3.9 61.6   3.6
  61.3   3.3 61.0   2.9 60.7   2.6 60.4   2.3 60.1   2.0 59.9   1.7 59.7   1.3
  59.5   0.8 59.2   0.4 59.0 360.0 58.7 359.2 58.5 358.5 58.2 357.8 57.9 357.2
  57.6 356.3 57.3 355.5 57.0 354.8 56.7 354.1 56.4 353.4 56.1 352.8 55.7 352.2
  55.4 351.3 55.0 350.4 54.6 349.7 54.3 348.9 53.9 348.2 53.4 347.3 53.0 346.4
  52.6 345.6 52.1 344.7 51.7 343.9 51.3 342.9 50.9 342.0 50.4 341.1 50.0 340.2
  49.5 339.2 49.2 338.3 48.8 337.4 48.5 336.5 48.2 335.6 47.9 334.7 47.7 333.6
  47.6 332.6 47.4 331.5 47.2 330.4 47.0 329.2 46.8 328.1 46.6 326.9 46.5 325.7
  46.3 324.5 46.1 323.3 46.2 322.0 46.2 320.8 46.2 319.5 46.3 318.3 46.4 317.1
  46.5 315.9 46.8 314.7 47.1 313.7 47.4 312.6 47.8 311.6 48.3 310.6 48.9 309.6
  49.5 308.7 50.0 307.8 50.7 306.9
   8 23 74  0.0
  72.5 321.4 72.6 321.5 72.7 321.7 72.9 321.9 73.0 322.1 73.1 322.3 73.2 322.6
  73.3 322.9 73.3 323.2 73.4 323.6 73.5 324.0 73.5 324.3 73.6 324.7 73.7 325.2
  73.8 325.6 73.8 326.0 73.9 326.5 74.0 327.0 74.1 327.4 74.2 328.0 74.4 328.6
  74.6 329.2 74.8 329.7 75.0 330.3 75.2 330.9 75.4 331.5 75.6 332.0 75.8 332.6
  76.1 333.2 76.4 333.7 76.6 334.2 76.9 334.7 77.2 335.3 77.5 335.8 77.7 336.3
  78.0 336.9 78.4 337.3 78.7 337.7 79.0 338.1 79.3 338.6 79.5 339.0 79.8 339.5
  80.1 339.9 80.4 340.2 80.7 340.3 81.1 340.4 81.4 340.4 81.8 340.3 82.2 340.1
  82.6 340.1 83.1 340.0 83.5 339.8 83.9 339.5 84.2 339.2 84.7 339.5 85.2 339.7
  85.6 339.8 86.0 339.7 86.3 339.5 86.8 339.8 87.3 340.1 87.7 340.3 88.0 340.5
  88.3 340.8 88.6 341.3 88.9 342.1 89.2 343.7 89.3 346.9 89.4 353.4 89.5   6.5
  89.5   6.8 89.5   7.0 89.4   7.2 89.4   7.5 89.4   7.7 89.4   7.9 89.4   8.1
  89.4   8.2 89.4   8.4 89.4   8.5 89.3   8.6 89.3   8.7 89.3   8.7 89.3   8.8
  89.3   8.8 89.3   8.8 89.3   8.8 89.3   8.7 89.3   8.7 89.3   8.7 89.3   8.7
  89.3   8.6 89.3   8.6 89.3   8.6 89.4   8.5 89.4   8.5 89.4   8.4 89.4   8.3
  89.4   8.3 89.4   8.2 89.5   8.2 89.5   8.1 89.5   8.1 89.5   8.0 89.5   8.0
  89.5   7.9 89.6   7.9 89.6   7.8 89.7   7.8 89.7   7.7 89.8   7.7 89.8   7.6
  89.8   7.6 89.8   7.5 89.9   7.5 89.9   7.5 89.9   7.4 90.0   7.4 90.0   7.3
  90.0 187.3 89.8 179.4 89.7 172.2 89.6 165.5 89.6 159.0 89.6 153.1 89.6 147.7
  89.6 143.2 89.6 139.5 89.6 136.6 89.6 134.3 89.7 132.6 89.7 131.4 89.7 130.6
  89.7 130.1 89.8 131.1 89.8 133.0 89.9 135.7 89.9 138.9 90.0 138.5 90.0 147.4
  90.0 130.7 89.9 170.9 89.8 156.7 89.8 150.1 89.8 148.8 89.8 149.7 89.8 152.7
  89.8 156.3 89.8 160.0 89.8 163.9 89.7 168.2 89.7 172.6 89.6 177.0 89.5 181.4
  89.4 185.8 89.3 190.3 89.2 194.7 89.0 199.0 88.9 203.3 88.7 207.8 88.6 212.5
  88.5 217.5 88.4 222.9 88.4 228.6 88.3 234.7 88.2 241.0 88.1 247.5 88.1 254.2
  88.0 260.7 87.9 267.2 87.8 273.4 87.8 279.1 87.7 284.3 87.6 289.1 87.5 293.6
  87.5 297.8 87.4 301.8 87.3 305.5 87.2 309.2 87.2 312.6 87.1 315.9 87.0 319.0
  86.9 321.6 86.8 323.6 86.7 325.1 86.6 326.2 86.5 326.8 86.4 327.0 86.3 326.9
  86.1 326.4 86.0 325.6 85.9 325.0 85.8 324.1 85.7 323.0 85.6 321.8 85.5 320.7
  85.4 319.6 85.2 318.5 85.1 317.5 84.9 316.6 84.8 315.8 84.6 315.0 84.3 314.3
  84.1 313.7 83.9 313.1 83.7 312.1 83.5 311.1 83.3 310.0 83.1 309.0 82.9 308.0
  82.7 307.1 82.4 306.1 82.1 305.2 81.8 304.4 81.5 303.8 81.2 303.3 80.8 302.9
  80.4 302.6 80.0 302.3 79.6 302.0 79.2 301.8 78.8 301.6 78.4 301.3 77.9 301.0
  77.5 300.9 77.1 300.7 76.7 300.4 76.2 300.1 75.8 299.8 75.3 299.4 74.8 298.9
  74.3 298.5 73.8 298.2 73.4 297.8 72.9 297.5 72.5 297.2 72.1 297.0 71.7 296.7
  71.3 296.5 70.9 296.4 70.6 296.2
   8 24 74  0.0
  72.5 321.4 72.6 321.8 72.8 322.3 72.9 322.7 73.0 323.1 73.1 323.5 73.2 324.0
  73.2 324.4 73.3 324.8 73.4 325.3 73.5 325.7 73.5 326.1 73.6 326.5 73.6 327.0
  73.7 327.3 73.8 327.7 73.9 328.0 74.1 328.3 74.3 328.5 74.5 328.6 74.7 328.7
  75.0 328.8 75.2 328.9 75.5 329.0 75.8 329.0 76.1 329.0 76.4 329.1 76.8 329.3
  77.1 329.6 77.5 329.9 77.8 330.3 78.1 330.8 78.5 331.0 78.9 331.3 79.2 331.6
  79.6 331.9 80.0 332.3 80.4 332.8 80.9 333.1 81.3 333.3 81.8 333.6 82.2 333.9
  82.7 334.4 83.2 334.8 83.7 335.3 84.1 335.7 84.6 336.6 85.1 337.7 85.5 338.9
  85.9 340.3 86.2 342.0 86.7 343.4 87.1 345.0 87.4 346.9 87.8 349.1 88.0 351.8
  88.4 355.5 88.7   0.6 89.0   0.8 89.3   0.9 89.6   1.0 89.9   1.1 90.0 181.2
  89.8 338.1 89.8 340.4 89.9 356.0 89.8  58.5 89.9 238.7 89.7 179.4 89.8 212.1
  89.7 173.4 89.8 234.9 89.6 188.6 89.8 198.8 89.9 142.9 89.5 185.2 89.6 194.9
  89.7 190.0 89.8 193.7 89.9 181.3 89.8 336.7 89.8 340.2 89.7 347.2 89.7   2.3
  89.6   2.5 89.6   2.7 89.6   2.9 89.6   3.1 89.6   3.3 89.6   3.5 89.5   3.7
  89.5   3.9 89.5   4.2 89.5   4.4 89.5   4.6 89.5   4.8 89.5   5.0 89.4   5.2
  89.4   5.4 89.4   5.6 89.4   5.8 89.4   5.9 89.4   6.0 89.5   6.1 89.5   6.2
  89.5   6.3 89.5   6.3 89.5   6.3 89.5   6.3 89.5   6.3 89.5   6.3 89.6   6.3
  89.6   6.2 89.6   6.2 89.6   6.1 89.6   6.1 89.6   6.0 89.7   6.0 89.7   5.9
  89.7   5.9 89.7   5.8 89.7   5.7 89.7   5.7 89.8   5.6 89.8   5.5 89.8   5.4
  89.8   5.4 89.8   5.3 89.8   5.3 89.8   5.2 89.8   5.1 89.8   5.1 89.9   5.0
  89.9   5.0 89.9   4.9 89.9   4.9 89.9   4.8 89.9   4.8 90.0   4.7 90.0   4.7
  90.0   4.6 90.0 184.6 89.8 177.7 89.7 171.6 89.6 166.1 89.6 160.6 89.5 155.5
  89.5 150.9 89.5 146.8 89.5 143.3 89.5 140.4 89.5 137.9 89.5 135.9 89.5 134.3
  89.5 133.1 89.5 132.1 89.6 131.4 89.6 130.9 89.6 131.1 89.6 132.0 89.6 133.3
  89.7 134.8 89.7 136.6 89.7 138.5 89.7 140.5 89.8 142.5 89.8 144.4 89.8 146.2
  89.8 148.0 89.8 149.6 89.8 152.9 89.8 156.6 89.8 160.5 89.8 164.5 89.7 168.6
  89.7 173.0 89.6 177.4 89.5 181.8 89.4 186.3 89.3 190.8 89.2 195.2 89.0 199.5
  88.9 203.8 88.7 208.3 88.6 213.1 88.5 218.2 88.4 223.6 88.4 229.3 88.3 235.4
  88.2 241.8 88.1 248.3 88.1 255.0 88.0 261.5 87.9 267.9 87.8 274.1 87.8 279.7
  87.6 284.8 87.6 289.5 87.5 294.0 87.5 298.2 87.4 302.1 87.3 305.9 87.2 309.5
  87.2 312.9 87.1 316.2 87.0 319.3 86.9 321.9 86.8 323.9 86.7 325.4 86.6 326.5
  86.5 327.1 86.4 327.3 86.3 327.1 86.1 326.6 86.0 325.8 85.9 325.2 85.8 324.4
  85.7 323.2 85.6 322.1 85.5 321.0 85.4 319.9 85.2 318.8 85.1 317.9 84.9 316.9
  84.8 316.1 84.6 315.3 84.4 314.6 84.2 313.9 83.9 313.4 83.8 312.3 83.6 311.3
  83.4 310.3 83.2 309.3 83.0 308.3 82.8 307.3 82.5 306.3 82.2 305.4 81.9 304.5
  81.6 303.9 81.2 303.4 80.9 303.0
   8 25 74  0.0
  72.5 321.4 72.6 321.6 72.7 321.9 72.8 322.2 72.9 322.5 73.0 322.8 73.0 323.2
  73.0 323.6 73.1 324.0 73.1 324.4 73.1 324.8 73.2 325.3 73.3 325.7 73.3 326.2
  73.3 326.7 73.4 327.2 73.5 327.6 73.5 328.1 73.7 328.5 73.8 328.9 74.0 329.2
  74.2 329.6 74.4 329.8 74.6 330.0 74.8 330.2 75.0 330.4 75.3 330.5 75.5 330.7
  75.7 330.9 76.0 331.2 76.2 331.4 76.4 331.6 76.7 331.7 76.9 331.9 77.2 332.1
  77.5 332.2 77.8 332.4 78.2 332.5 78.6 332.4 79.0 332.3 79.4 332.1 79.8 332.0
  80.2 331.9 80.6 332.0 81.1 332.3 81.6 332.6 82.1 332.9 82.7 333.8 83.3 334.8
  83.8 336.1 84.3 337.6 84.9 340.0 85.4 342.9 85.8 346.6 86.1 351.1 86.7 354.9
  87.1 359.8 87.5   6.0 87.7   6.4 88.0   6.7 88.2   7.0 88.5   7.3 88.8   7.6
  89.0   7.9 89.2   8.2 89.5   8.5 89.6   8.8 89.8   9.1 90.0   9.4 89.9 189.6
  89.9 320.7 89.8 301.5 89.7 255.5 89.5 213.3 89.4 194.8 89.3 192.3 89.2 191.8
  89.1 191.5 89.0 191.3 88.7 191.1 88.5 191.0 88.1 190.8 87.6 190.7 87.2 190.5
  86.8 190.4 86.2 190.3 85.5 190.2 85.0 190.0 84.4 189.8 83.8 189.7 83.2 189.3
  82.6 189.0 81.9 188.8 81.4 188.1 80.8 187.4 80.0 186.9 79.2 186.4 78.6 185.6
  77.9 184.9 77.4 184.0 76.9 183.2 76.4 182.4 75.9 181.6 75.5 180.8 75.1 180.0
  74.7 179.2 74.4 178.4 74.0 177.5 73.7 176.7 73.5 175.9 73.2 175.0 72.9 174.0
  72.6 173.1 72.4 172.1 72.1 171.2 71.8 170.2 71.5 169.1 71.3 167.9 71.0 166.7
  70.7 165.4 70.5 164.0 70.2 162.5 69.9 161.0 69.6 159.6 69.4 158.2 69.1 156.6
  68.9 155.0 68.6 153.4 68.3 151.9 68.1 150.4 67.9 148.9 67.7 147.9 67.5 146.9
  67.3 146.0 67.1 145.1 66.9 144.3 66.7 143.5 66.6 142.8 66.5 142.1 66.5 141.4
  66.4 140.8 66.3 140.2 66.3 139.6 66.3 139.1 66.3 138.6 66.4 138.1 66.4 137.7
  66.4 137.2 66.5 136.8 66.5 136.4 66.6 136.1 66.7 135.7 66.7 135.4 66.8 135.1
  66.9 134.8 67.0 134.5 67.0 134.2 67.1 134.0 67.2 133.7 67.3 133.5 67.4 133.3
  67.5 133.1 67.6 133.0 67.7 132.8 67.8 132.7 67.9 132.5 68.0 132.4 68.2 132.1
  68.3 131.8 68.4 131.5 68.6 131.2 68.7 131.0 68.8 130.8 69.0 130.6 69.2 130.4
  69.4 130.3 69.6 130.1 69.9 130.0 70.1 129.9 70.5 129.9 70.8 130.0 71.1 130.0
  71.5 130.0 71.8 130.0 72.2 129.9 72.6 130.4 73.0 130.8 73.4 131.2 73.8 131.6
  74.2 132.1 74.6 133.2 75.0 134.5 75.4 135.8 75.8 137.3 76.2 138.7 76.5 140.7
  76.8 142.9 77.1 145.1 77.2 147.4 77.4 149.8 77.4 152.3 77.3 154.8 77.3 157.3
  77.1 159.7 76.8 162.0 76.5 164.0 76.1 165.9 75.7 167.6 75.3 168.8 74.9 170.0
  74.5 171.0 74.0 171.9 73.6 172.8 73.1 173.0 72.7 173.2 72.3 173.4 71.9 173.6
  71.5 173.5 71.1 173.4 70.8 173.3 70.5 173.1 70.1 173.0 69.8 172.8 69.5 172.7
  69.3 172.5 69.0 172.3 68.8 172.2 68.6 172.0 68.4 171.8 68.2 171.6 68.0 171.4
  67.9 171.1 67.7 171.1 67.6 171.1 67.4 171.0 67.3 170.9 67.1 170.9 67.0 170.8
  66.9 170.7 66.7 170.6 66.6 170.5
   8 26 74  0.0
  72.5 321.4 72.6 321.9 72.7 322.4 72.8 322.8 72.9 323.3 72.9 323.7 73.0 324.2
  73.0 324.6 73.0 325.0 73.1 325.4 73.1 325.8 73.0 326.1 73.0 326.4 72.9 326.7
  72.9 327.0 72.9 327.3 72.8 327.6 72.9 327.8 72.9 328.1 73.0 328.4 73.1 328.6
  73.2 328.9 73.4 329.1 73.6 329.3 73.8 329.6 74.0 329.8 74.2 330.1 74.4 330.4
  74.6 330.7 74.8 331.0 75.0 331.3 75.1 331.6 75.3 332.0 75.5 332.3 75.7 332.6
  75.9 333.0 76.1 333.4 76.4 333.3 76.7 333.3 76.9 333.3 77.2 333.3 77.4 333.3
  77.7 333.4 78.0 333.5 78.3 333.6 78.7 333.8 79.0 334.1 79.4 334.4 79.7 334.8
  80.0 335.2 80.3 335.7 80.7 336.6 81.0 337.6 81.3 338.5 81.6 339.5 81.9 340.5
  82.1 341.6 82.4 343.0 82.7 344.6 83.0 346.2 83.2 347.9 83.4 349.6 83.6 351.6
  83.8 353.9 84.0 356.5 84.1 359.3 84.4   2.6 84.6   3.0 84.8   3.3 85.0   3.7
  85.2   4.1 85.4   4.6 85.6   5.0 85.9   5.5 86.1   6.0 86.4   6.3 86.8   6.7
  87.1   7.0 87.4   7.3 87.6   7.7 87.9   8.0 88.0   8.4 88.3   8.7 88.6   9.0
  88.8   9.3 89.1   9.7 89.3  10.0 89.5  10.3 89.7  10.6 89.8  10.9 90.0  11.2
  89.9 191.5 89.9 306.9 89.8 263.9 89.5 226.9 89.3 204.0 89.2 196.4 89.1 193.8
  89.0 192.9 88.8 192.4 88.5 192.1 88.1 191.9 87.7 191.7 87.3 191.5 86.9 191.4
  86.4 191.2 85.7 191.1 85.2 190.7 84.7 190.4 84.0 190.1 83.2 189.9 82.6 189.5
  81.9 189.2 81.4 188.4 80.7 187.8 80.0 187.2 79.2 186.7 78.6 185.8 78.0 185.0
  77.4 183.9 76.8 182.9 76.3 182.0 75.8 181.0 75.4 180.0 75.0 179.0 74.6 178.0
  74.3 176.9 74.0 175.8 73.7 174.6 73.4 173.4 73.1 172.2 72.9 171.0 72.6 169.7
  72.3 168.4 72.0 167.1 71.7 165.7 71.4 164.3 71.1 162.8 70.7 161.3 70.4 159.8
  70.1 158.3 69.8 156.7 69.5 155.2 69.2 153.6 68.9 152.1 68.6 150.6 68.3 149.1
  68.0 147.7 67.8 146.8 67.5 145.9 67.3 145.1 67.0 144.3 66.8 143.5 66.6 142.7
  66.4 142.0 66.2 141.3 66.0 140.6 65.9 140.0 65.7 139.9 65.6 139.8 65.5 139.7
  65.4 139.6 65.4 139.5 65.3 139.4 65.2 139.3 65.2 139.2 65.2 139.0 65.2 138.9
  65.2 138.8 65.2 138.7 65.2 138.6 65.2 138.5 65.2 138.3 65.2 138.2 65.2 138.1
  65.2 137.9 65.2 137.8 65.3 137.6 65.3 137.5 65.3 137.4 65.3 137.2 65.4 137.1
  65.4 136.9 65.4 136.8 65.4 136.7 65.5 136.5 65.5 136.4 65.5 136.2 65.6 136.1
  65.6 136.0 65.6 135.9 65.6 135.7 65.6 135.6 65.6 135.5 65.6 135.4 65.6 135.2
  65.6 135.0 65.6 134.8 65.6 134.6 65.6 134.4 65.6 134.2 65.7 133.9 65.7 133.6
  65.8 133.4 65.8 133.1 65.9 132.7 65.9 132.4 66.0 132.2 66.1 131.9 66.1 131.6
  66.1 131.3 66.1 130.9 66.2 130.6 66.2 130.2 66.2 129.8 66.2 129.4 66.2 128.9
  66.2 128.4 66.2 127.9 66.1 127.5 66.0 127.2 65.8 126.9 65.7 126.7 65.5 126.4
  65.3 126.2 65.2 126.0 65.0 125.8 64.8 125.6 64.7 125.4 64.5 125.2 64.3 125.0
  64.2 124.8 64.0 124.6 63.8 124.3 63.7 123.9 63.4 123.5 63.2 123.2 63.0 122.8
  62.7 122.5 62.5 122.2 62.2 121.9
   8 27 74  0.0
  72.5 321.4 72.6 321.7 72.8 322.0 72.9 322.3 73.0 322.6 73.1 322.9 73.2 323.2
  73.3 323.5 73.3 323.8 73.4 324.0 73.5 324.3 73.6 324.6 73.7 324.9 73.7 325.2
  73.8 325.5 73.9 325.8 74.0 326.2 74.1 326.5 74.2 327.1 74.3 327.8 74.4 328.5
  74.6 329.2 74.8 330.0 74.9 330.8 75.0 331.7 75.2 332.7 75.3 333.6 75.4 334.4
  75.6 335.2 75.7 335.9 75.8 336.5 75.9 337.0 76.0 337.5 76.2 337.8 76.3 338.1
  76.4 338.3 76.6 338.4 76.7 338.5 76.8 338.6 77.0 338.7 77.1 338.9 77.3 339.2
  77.4 339.5 77.6 339.9 77.8 340.4 78.0 340.9 78.1 341.5 78.3 342.6 78.6 343.7
  78.8 345.0 79.0 346.2 79.2 347.5 79.4 348.7 79.5 350.1 79.7 351.5 79.8 352.9
  79.9 354.5 80.0 356.1 80.0 357.7 80.1 359.7 80.1   1.8 80.1   2.2 80.1   2.6
  80.0   2.9 80.0   3.3 79.9   3.6 79.9   3.9 79.8   4.2 79.7   4.5 79.5   4.8
  79.4   5.1 79.2   5.4 79.1   5.8 78.9   6.1 78.8   6.4 78.6   6.7 78.5   7.0
  78.4   7.2 78.3   7.5 78.3   7.8 78.2   8.0 78.0   8.3 77.9   8.5 77.7   8.6
  77.6   8.7 77.5   8.8 77.4   8.9 77.3   9.0 77.2   9.0 77.1   9.0 77.0   9.0
  76.9   9.0 76.8   8.9 76.8   8.8 76.7   8.7 76.6   8.6 76.5   8.5 76.4   8.3
  76.3   8.1 76.2   7.9 76.2   7.8 76.2   7.6 76.2   7.4 76.2   7.3 76.2   7.1
  76.2   7.0 76.3   6.8 76.3   6.7 76.3   6.5 76.4   6.4 76.4   6.3 76.4   6.2
  76.5   6.1 76.5   6.0 76.6   5.9 76.6   5.8 76.7   5.8 76.7   5.7 76.7   5.7
  76.8   5.7 76.8   5.6 76.9   5.6 76.9   5.6 77.0   5.6 77.0   5.6 77.1   5.5
  77.1   5.5 77.2   5.5 77.2   5.5 77.2   5.5 77.2   5.4 77.3   5.4 77.3   5.4
  77.3   5.4 77.3   5.3 77.3   5.3 77.3   5.2 77.3   5.2 77.3   5.1 77.3   5.1
  77.4   5.0 77.4   4.9 77.4   4.8 77.4   4.7 77.5   4.6 77.5   4.4 77.6   4.3
  77.6   4.2 77.7   4.1 77.8   4.0 77.9   4.0 78.0   3.9 78.2   3.7 78.4   3.5
  78.5   3.3 78.7   3.2 79.0   3.0 79.2   2.8 79.4   2.6 79.7   2.4 79.9   2.2
  80.2   2.0 80.6   1.8 80.9   1.6 81.3   1.4 81.7   1.2 82.0   1.0 82.5   0.9
  83.0   0.8 83.4   0.7 83.8   0.6 84.2   0.5 84.7   0.5 85.2   0.5 85.5   0.4
  85.9   0.3 86.1   0.2 86.6   0.2 86.9   0.2 87.2   0.2 87.5   0.2 87.7   0.1
  87.9   0.0 88.1 360.0 88.4 357.6 88.6 354.3 88.8 349.5 89.0 342.7 89.2 332.8
  89.3 318.4 89.3 299.0 89.4 275.5 89.4 254.2 89.5 240.7 89.5 233.6 89.5 229.7
  89.4 227.3 89.3 225.9 89.2 225.0 89.1 224.3 89.0 223.9 88.9 223.7 88.8 223.5
  88.7 223.5 88.6 223.5 88.5 223.6 88.5 223.7 88.4 223.9 88.3 224.1 88.3 224.4
  88.2 224.8 88.2 225.2 88.2 225.6 88.1 226.1 88.1 226.7 88.1 227.3 88.1 228.1
  88.1 228.9 88.1 229.9 88.2 231.1 88.2 232.6 88.2 234.4 88.3 236.6 88.4 239.3
  88.4 242.6 88.5 246.8 88.6 251.9 88.7 258.2 88.8 266.0 88.9 275.5 89.1 285.5
  89.1 295.5 89.2 305.1 89.3 314.2 89.4 323.1 89.4 331.9 89.4 341.1 89.5 351.3
  89.5   3.4 89.6   3.5 89.7   3.6
   8 28 74  0.0
  72.5 321.4 72.6 321.3 72.7 321.3 72.7 321.3 72.8 321.4 72.8 321.4 72.8 321.5
  72.8 321.7 72.8 321.9 72.7 322.1 72.6 322.3 72.6 322.6 72.5 322.8 72.3 323.2
  72.2 323.4 72.2 323.7 72.1 324.0 72.0 324.3 72.0 324.6 72.0 324.8 72.1 325.1
  72.1 325.4 72.2 325.7 72.3 325.9 72.5 326.2 72.6 326.5 72.8 326.7 73.0 327.0
  73.1 327.3 73.3 327.5 73.4 327.8 73.5 328.0 73.7 328.3 73.9 328.5 74.1 328.7
  74.3 329.3 74.5 330.0 74.7 330.6 74.9 331.4 75.0 332.1 75.2 333.0 75.4 333.9
  75.6 334.9 75.8 335.9 75.9 337.0 76.1 338.2 76.2 339.3 76.4 340.4 76.4 341.5
  76.5 342.5 76.5 343.5 76.6 344.4 76.7 345.2 76.7 346.0 76.8 346.7 76.8 347.4
  76.9 348.0 77.0 348.5 77.0 349.0 77.1 349.5 77.2 349.8 77.3 350.2 77.4 350.6
  77.5 351.0 77.6 351.5 77.7 352.1 77.7 352.7 77.7 353.4 77.8 354.1 77.8 354.9
  77.9 355.7 77.9 356.6 78.0 357.5 78.0 358.5 78.1   0.0 78.1   0.3 78.1   0.7
  78.1   1.0 78.1   1.3 78.1   1.6 78.1   1.9 78.1   2.2 78.1   2.5 78.1   2.8
  78.1   3.2 78.1   3.5 78.1   3.8 78.1   4.1 78.0   4.4 77.9   4.7 77.8   4.8
  77.7   5.0 77.6   5.1 77.5   5.3 77.4   5.4 77.3   5.6 77.2   5.7 77.1   5.9
  77.0   6.0 76.9   6.1 76.8   6.3 76.8   6.4 76.7   6.5 76.7   6.6 76.7   6.8
  76.7   6.9 76.7   7.0 76.7   7.1 76.7   7.2 76.8   7.3 76.8   7.4 76.8   7.5
  76.9   7.5 76.9   7.5 76.9   7.5 76.9   7.5 76.9   7.4 76.9   7.3 77.0   7.2
  77.0   7.1 77.0   6.9 77.0   6.8 77.0   6.6 77.0   6.4 77.0   6.3 77.1   6.1
  77.1   6.0 77.2   5.8 77.2   5.7 77.3   5.5 77.4   5.4 77.5   5.3 77.6   5.2
  77.8   5.1 77.9   5.0 78.1   4.9 78.3   4.9 78.5   4.9 78.7   4.9 78.9   4.9
  79.1   4.9 79.4   5.0 79.6   5.0 79.9   5.0 80.1   5.1 80.4   5.2 80.8   5.4
  81.0   5.5 81.3   5.7 81.6   5.8 81.9   6.0 82.1   6.1 82.4   6.4 82.7   6.6
  83.0   6.9 83.2   7.2 83.5   7.4 83.7   7.7 84.0   7.9 84.2   8.1 84.5   8.4
  84.7   8.7 85.0   9.0 85.2   9.2 85.5   9.5 85.7   9.9 85.9  10.2 86.2  10.5
  86.5  10.8 86.8  11.2 87.1  11.5 87.3  11.8 87.6  12.1 87.7  12.5 87.9  12.8
  88.1  13.1 88.3  13.4 88.5  13.7 88.7  14.0 88.8  14.3 89.0  14.6 89.2  14.8
  89.3  15.1 89.4  15.4 89.4  15.7 89.5  16.0 89.5  16.3 89.6  16.6 89.6  16.9
  89.6  17.2 89.6  17.5 89.6  17.8 89.6  18.1 89.5  18.4 89.5  18.7 89.5  19.0
  89.4  19.2 89.4  19.5 89.3  19.7 89.3  19.9 89.3  20.0 89.2  20.2 89.2  20.3
  89.2  20.5 89.1  20.6 89.1  20.7 89.1  20.7 89.1  20.8 89.1  20.9 89.1  21.0
  89.1  21.0 89.1  21.1 89.1  21.1 89.1  21.2 89.1  21.2 89.1  21.2 89.1  21.3
  89.1  21.3 89.2  21.3 89.2  21.3 89.2  21.3 89.2  21.4 89.2  21.4 89.2  21.4
  89.2  21.4 89.2  21.4 89.2  21.4 89.2  21.4 89.2  21.4 89.2  21.5 89.2  21.5
  89.2  21.5 89.2  21.5 89.2  21.5 89.2  21.5 89.2  21.5 89.2  21.5 89.2  21.5
  89.2  21.5 89.1  21.5 89.1  21.5
   8 29 74  0.0
  72.5 321.4 72.2 321.3 71.9 321.1 71.7 321.0 71.5 320.8 71.3 320.6 71.1 320.5
  70.9 320.3 70.7 320.2 70.5 320.0 70.4 319.8 70.2 319.7 70.0 319.5 69.8 319.4
  69.7 318.9 69.6 318.5 69.4 318.1 69.4 317.7 69.3 317.3 69.3 316.9 69.3 316.5
  69.3 316.0 69.3 315.6 69.3 315.1 69.3 314.6 69.3 314.1 69.3 313.6 69.3 313.1
  69.3 312.6 69.3 312.1 69.3 311.6 69.3 311.1 69.3 310.7 69.3 310.2 69.3 309.7
  69.4 309.2 69.5 308.7 69.5 308.2 69.6 307.7 69.7 307.1 69.8 306.6 69.9 306.1
  70.0 305.6 70.0 305.0 70.1 304.8 70.2 304.7 70.3 304.5 70.4 304.3 70.5 304.1
  70.6 303.9 70.7 303.7 70.7 303.5 70.8 303.3 70.8 303.1 70.9 302.9 71.0 302.7
  71.0 302.5 71.1 302.4 71.2 302.2 71.2 302.0 71.3 301.8 71.4 301.6 71.5 301.4
  71.5 301.3 71.6 301.2 71.7 301.2 71.7 301.2 71.8 301.2 71.8 301.3 71.9 301.5
  71.9 301.7 72.0 301.9 72.0 302.2 72.1 302.5 72.2 302.8 72.2 303.2 72.3 303.5
  72.4 303.9 72.5 304.2 72.5 304.6 72.5 305.0 72.6 305.4 72.6 305.8 72.7 306.2
  72.7 306.6 72.8 307.0 72.8 307.4 72.9 307.8 72.9 308.2 72.9 308.6 73.0 309.0
  73.0 309.4 73.0 309.8 73.1 310.2 73.1 310.6 73.1 311.0 73.2 311.3 73.2 311.7
  73.3 312.1 73.3 312.5 73.4 312.8 73.4 313.2 73.4 313.7 73.4 314.1 73.4 314.5
  73.4 314.9 73.4 315.4 73.3 315.9 73.3 316.4 73.2 316.9 73.2 317.4 73.1 317.9
  73.1 318.4 73.1 318.8 73.1 319.3 73.2 319.8 73.2 320.3 73.3 320.7 73.4 321.2
  73.5 321.7 73.7 322.1 73.8 322.5 74.0 323.0 74.1 323.4 74.3 323.9 74.4 324.3
  74.5 324.7 74.7 325.1 74.8 325.4 75.0 325.8 75.1 326.2 75.2 326.6 75.3 326.9
  75.5 327.3 75.6 327.6 75.7 327.9 75.9 328.2 76.1 328.4 76.4 328.6 76.7 328.7
  77.0 328.8 77.3 328.9 77.7 329.0 78.0 329.1 78.4 329.1 78.9 329.1 79.3 329.2
  79.8 329.3 80.3 329.4 80.8 329.6 81.3 329.8 81.8 330.1 82.2 330.3 82.8 330.8
  83.3 331.4 83.8 332.0 84.2 332.6 84.8 333.3 85.4 334.2 85.8 335.4 86.2 336.8
  86.7 337.6 87.2 338.7 87.6 340.2 87.9 342.3 88.1 345.2 88.5 349.7 88.8 356.7
  89.0   8.2 89.2   8.4 89.5   8.7 89.7   8.9 89.9   9.1 89.9 189.4 89.9 354.2
  89.9  63.7 89.9 243.9 89.6 185.7 89.7 194.4 89.7 186.7 89.8 196.5 89.8 176.4
  89.9 255.2 89.6 204.3 89.4 191.0 89.4 190.3 89.4 190.6 89.5 190.8 89.5 191.0
  89.6 191.2 89.7 191.5 89.8 191.8 89.9  11.9 89.9  12.3 90.0 192.6 89.8  15.2
  89.9  15.6 90.0 195.9 89.9  37.5 89.8 217.8 89.7 183.2 89.9 214.4 89.8 170.7
  89.8 222.1 89.7 190.5 89.8 189.7 89.8 189.1 89.9 187.9 89.9   6.7 89.7   7.0
  89.6   7.2 89.6   7.5 89.5   7.7 89.5   7.9 89.5   8.2 89.5   8.4 89.4   8.7
  89.4   8.9 89.4   9.2 89.4   9.4 89.4   9.6 89.4   9.7 89.3   9.9 89.3  10.0
  89.3  10.1 89.3  10.2 89.3  10.3 89.3  10.3 89.3  10.3 89.3  10.3 89.3  10.3
  89.3  10.3 89.3  10.3 89.3  10.3 89.3  10.3 89.3  10.3 89.3  10.3 89.3  10.2
  89.4  10.2 89.4  10.1 89.4  10.1
   8 30 74  0.0
  72.5 321.4 72.5 321.4 72.5 321.3 72.5 321.1 72.5 320.9 72.4 320.6 72.3 320.2
  72.2 319.7 72.0 319.2 71.8 318.6 71.6 318.2 71.3 317.8 71.0 317.3 70.6 316.8
  70.3 316.4 69.9 316.1 69.5 315.8 69.2 315.6 68.8 315.4 68.4 315.2 68.0 315.0
  67.6 314.9 67.3 314.4 66.9 313.9 66.5 313.4 66.2 312.9 65.8 312.4 65.4 311.7
  65.0 311.1 64.5 310.6 63.9 310.1 63.3 309.4 62.7 308.8 61.9 308.2 61.2 307.4
  60.3 306.6 59.4 305.8 58.5 304.7 57.5 303.6 56.8 302.1 56.0 300.8 55.2 299.2
  54.5 297.8 53.8 296.4 53.1 294.8 52.6 293.2 52.0 291.7 51.8 290.2 51.5 288.4
  51.2 286.7 51.0 285.0 50.8 283.4 50.7 281.8 50.6 280.3 50.4 278.8 50.4 277.4
  50.3 276.0 50.3 274.8 50.4 273.5 50.6 272.3 50.9 271.2 51.2 270.0 51.6 268.9
  51.9 267.7 52.3 266.6 52.6 265.7 52.9 264.8 53.3 264.0 53.6 263.1 54.0 262.3
  54.4 261.5 54.7 261.0 55.1 260.6 55.5 260.2 55.9 259.7 56.2 259.3 56.6 259.1
  57.0 258.9 57.4 258.7 57.8 258.5 58.1 258.4 58.5 258.6 58.8 258.8 59.1 259.1
  59.4 259.5 59.7 259.9 59.9 260.3 60.2 260.8 60.4 261.4 60.6 261.9 60.7 262.5
  60.8 263.0 60.9 263.5 61.0 264.0 60.9 264.4 60.8 264.8 60.6 265.1 60.4 265.4
  60.1 265.6 59.9 265.7 59.6 265.7 59.3 265.6 58.9 265.5 58.5 265.4 58.1 265.2
  57.7 265.0 57.3 264.4 56.8 263.7 56.4 263.0 56.0 262.3 55.5 261.2 55.1 260.2
  54.7 259.1 54.3 258.0 54.0 256.8 53.6 255.5 53.4 254.1 53.1 252.8 52.9 251.4
  52.8 249.9 52.7 248.5 52.5 247.0 52.6 245.6 52.7 244.1 52.7 242.7 52.9 241.3
  53.1 239.9 53.2 238.6 53.4 237.3 53.5 236.1 53.5 234.8 53.5 233.6 53.5 232.4
  53.4 231.1 53.4 229.8 53.4 228.5 53.3 227.2 53.5 226.0 53.6 224.7 53.6 223.4
  53.9 222.1 54.2 220.7 54.5 219.2 55.0 217.7 55.6 216.1 56.2 214.5 56.9 213.0
  57.6 211.6 58.1 210.1 58.8 208.9 59.4 207.7 59.8 206.5 60.2 205.3 60.8 204.4
  61.4 203.5 61.7 202.5 62.1 201.7 62.6 201.1 63.2 200.5 63.7 200.0 64.4 199.5
  64.6 199.4 64.9 199.3 65.2 199.3 65.6 199.2 66.0 199.2 66.4 199.2 66.8 199.5
  67.2 199.9 67.7 200.4 68.4 200.8 69.1 201.5 69.7 202.3 70.2 203.2 70.7 204.1
  71.2 205.1 71.6 206.1 72.0 207.4 72.3 208.8 72.6 209.7 72.9 210.7 73.1 211.9
  73.4 213.2 73.5 214.8 73.7 216.5 73.8 218.4 73.9 220.5 73.9 222.8 73.9 225.1
  73.9 227.5 73.8 229.9 73.6 232.2 73.4 234.4 73.1 236.4 72.9 238.3 72.7 240.1
  72.4 241.7 72.2 243.1 71.8 244.4 71.7 245.8 71.4 247.0 71.2 248.1 71.1 249.1
  70.9 250.0 70.7 251.0 70.6 251.9 70.3 252.9 70.3 253.8 70.2 254.8 70.2 255.7
  70.1 256.8 70.2 257.8 70.3 258.9 70.4 260.1 70.7 261.3 70.9 262.7 71.2 264.2
  71.4 265.9 71.6 267.7 71.8 269.6 71.9 271.7 72.0 273.8 72.1 275.2 72.2 276.7
  72.2 278.1 72.3 279.4 72.4 280.8 72.4 282.1 72.5 283.3 72.6 284.6 72.7 285.7
  72.7 286.9 72.8 288.0 72.8 289.0 72.9 290.1 73.0 291.0 73.1 292.0 73.1 292.9
  73.3 293.8 73.4 294.6 73.6 295.4
   8 31 74  0.0
  72.5 321.4 72.4 321.5 72.4 321.5 72.3 321.6 72.3 321.7 72.2 321.7 72.2 321.8
  72.2 321.9 72.2 322.0 72.2 322.1 72.2 322.1 72.2 322.2 72.2 322.3 72.3 322.4
  72.3 322.4 72.4 322.5 72.4 322.5 72.4 322.6 72.5 322.6 72.5 322.6 72.6 322.6
  72.6 322.7 72.7 322.6 72.7 322.6 72.8 322.6 72.8 322.6 72.8 322.5 72.8 322.3
  72.8 322.0 72.7 321.7 72.6 321.3 72.5 320.8 72.3 320.3 72.1 319.7 71.9 319.0
  71.6 318.5 71.4 318.0 71.0 317.5 70.7 317.1 70.3 316.7 69.9 316.4 69.6 316.1
  69.2 315.9 68.8 315.7 68.5 315.5 68.1 315.3 67.7 315.1 67.4 314.6 67.0 314.1
  66.7 313.6 66.3 313.0 65.9 312.6 65.5 311.9 65.1 311.3 64.6 310.7 64.0 310.2
  63.4 309.5 62.7 308.9 61.9 308.3 61.1 307.4 60.3 306.6 59.3 305.7 58.4 304.6
  57.5 303.5 56.7 302.1 55.9 300.7 55.1 299.2 54.5 297.8 53.7 296.4 53.0 294.8
  52.5 293.2 51.9 291.7 51.6 289.9 51.3 288.1 51.0 286.4 50.8 284.7 50.5 283.1
  50.4 281.5 50.2 280.0 49.9 278.5 49.9 276.9 49.8 275.4 49.9 273.8 50.1 272.4
  50.3 271.2 50.7 270.1 51.0 268.9 51.3 267.8 51.7 266.6 52.0 265.4 52.3 264.6
  52.7 263.7 53.0 262.9 53.4 262.1 53.8 261.3 54.1 260.5 54.5 260.1 54.9 259.7
  55.3 259.2 55.7 258.7 56.1 258.2 56.5 258.0 56.9 257.8 57.2 257.6 57.6 257.4
  58.0 257.3 58.3 257.1 58.6 257.3 58.9 257.6 59.2 258.0 59.5 258.3 59.7 258.6
  60.0 259.0 60.1 259.3 60.3 259.9 60.4 260.4 60.5 260.9 60.6 261.3 60.6 261.8
  60.6 262.2 60.5 262.5 60.4 262.9 60.3 263.1 60.1 263.4 60.0 263.6 59.8 263.6
  59.6 263.6 59.3 263.5 59.1 263.4 58.8 263.2 58.5 263.0 58.1 262.7 57.7 262.4
  57.3 261.7 56.8 261.0 56.4 260.3 56.0 259.5 55.6 258.4 55.2 257.3 54.8 256.2
  54.5 255.1 54.2 253.9 53.9 252.8 53.6 251.4 53.4 250.0 53.3 248.5 53.1 247.1
  53.2 245.7 53.2 244.2 53.3 242.8 53.4 241.5 53.6 240.1 53.7 238.8 53.8 237.6
  53.9 236.3 53.9 235.1 53.8 233.8 53.8 232.6 53.7 231.3 53.7 230.1 53.6 228.8
  53.5 227.5 53.6 226.2 53.7 224.9 53.7 223.6 54.0 222.3 54.3 220.8 54.5 219.3
  55.1 217.7 55.7 216.1 56.2 214.5 56.9 213.0 57.6 211.5 58.2 210.1 58.8 208.8
  59.5 207.6 59.9 206.4 60.5 205.2 61.1 204.3 61.8 203.3 62.2 202.4 62.7 201.8
  63.2 201.2 63.8 200.6 64.4 200.1 65.1 200.0 65.4 199.8 65.8 199.8 66.1 199.7
  66.5 200.0 67.0 200.3 67.7 200.7 68.4 201.1 69.1 202.0 69.7 202.9 70.2 203.9
  70.7 204.9 71.2 206.0 71.6 207.3 71.9 208.7 72.2 210.3 72.6 211.4 72.8 212.7
  73.1 214.1 73.3 215.6 73.5 217.4 73.6 219.3 73.7 221.3 73.7 223.5 73.8 225.8
  73.7 228.0 73.6 230.3 73.4 232.5 73.2 234.6 73.0 236.5 72.8 238.3 72.5 239.9
  72.2 241.3 72.0 242.6 71.7 244.1 71.6 245.4 71.4 246.6 71.2 247.6 70.9 248.6
  70.8 249.5 70.7 250.4 70.6 251.2 70.4 252.1 70.4 253.0 70.4 253.8 70.4 254.7
  70.3 255.7 70.3 256.6 70.4 257.6 70.6 258.7 70.7 259.7 70.9 260.9 71.1 262.1
  71.3 263.5 71.5 265.1 71.8 266.7
