   7  1 61  0.0
  72.5 321.4 72.5 321.1 72.5 320.8 72.5 320.6 72.5 320.2 72.5 319.9 72.5 319.6
  72.4 319.3 72.4 318.9 72.4 318.6 72.3 318.3 72.2 318.0 72.2 317.6 72.1 317.3
  72.0 317.0 72.0 316.7 71.9 316.4 71.9 316.0 71.8 315.7 71.8 315.3 71.7 314.8
  71.7 314.3 71.7 313.8 71.7 313.3 71.7 312.7 71.7 312.0 71.7 311.3 71.6 310.6
  71.6 309.9 71.6 309.2 71.5 308.5 71.5 307.8 71.5 307.0 71.4 306.2 71.4 305.4
  71.4 304.6 71.4 303.8 71.4 302.9 71.3 302.0 71.2 301.1 71.2 300.2 71.1 299.3
  71.0 298.4 70.8 297.4 70.7 296.4 70.5 295.4 70.3 294.3 70.1 293.2 69.9 292.0
  69.8 290.7 69.6 289.4 69.5 288.2 69.3 287.0 69.2 285.9 69.2 284.9 69.1 283.9
  69.1 282.9 69.0 281.8 69.0 280.8 69.0 279.8 69.0 278.7 68.9 277.5 68.9 276.2
  68.8 274.8 68.7 273.3 68.6 271.8 68.6 270.2 68.5 268.6 68.3 267.0 68.3 265.4
  68.3 263.9 68.3 262.4 68.4 260.9 68.4 259.4 68.6 257.9 68.7 256.5 68.9 255.2
  69.1 253.9 69.3 252.6 69.5 251.4 69.7 250.2 69.9 249.1 70.1 248.0 70.3 246.9
  70.5 245.8 70.7 244.8 70.9 243.8 71.0 242.7 71.1 241.7 71.3 240.7 71.4 239.6
  71.5 238.6 71.6 237.5 71.7 236.5 71.7 235.4 71.8 234.3 71.8 233.3 71.8 232.2
  71.8 231.2 71.8 230.2 71.8 229.2 71.8 228.3 71.8 227.3 71.9 226.5 71.9 225.6
  71.9 224.9 72.0 224.2 72.0 223.5 72.1 223.2 72.3 222.9 72.4 222.6 72.5 222.3
  72.6 222.1 72.7 222.0 72.8 221.8 72.9 221.7 72.9 221.6 73.0 221.6 73.1 221.6
  73.2 221.6 73.2 221.6 73.3 221.7 73.3 221.9 73.4 222.0 73.4 222.2 73.5 222.5
  73.5 222.8 73.6 223.1 73.6 223.5 73.7 223.9 73.7 224.3 73.6 224.9 73.6 225.4
  73.6 226.0 73.5 226.5 73.5 227.0 73.5 227.5 73.5 227.9 73.5 228.2 73.4 228.5
  73.4 228.8 73.4 229.1 73.4 229.3 73.4 229.5 73.5 229.6 73.5 229.7 73.6 229.8
  73.6 230.0 73.7 230.1 73.8 230.2 73.8 230.3 73.9 230.4 74.0 230.5 74.1 230.6
  74.3 230.7 74.4 230.7 74.5 230.8 74.7 231.0 74.8 231.1 74.9 231.2 75.0 231.4
  75.1 231.5 75.2 231.7 75.2 231.9 75.3 232.1 75.3 232.4 75.4 232.6 75.4 232.9
  75.4 233.1 75.4 233.5 75.4 233.8 75.4 234.0 75.4 234.3 75.4 234.6 75.4 234.9
  75.4 235.1 75.4 235.4 75.4 235.6 75.4 235.8 75.4 236.0 75.4 236.2 75.4 236.3
  75.4 236.4 75.4 236.3 75.4 236.1 75.4 235.8 75.3 235.4 75.3 234.9 75.2 234.2
  75.2 233.5 75.1 232.6 75.1 231.7 75.0 230.6 74.8 229.5 74.7 228.4 74.5 227.3
  74.4 226.3 74.2 225.3 74.0 224.3 73.8 223.4 73.6 222.5 73.4 221.7 73.2 220.9
  72.9 220.1 72.7 219.4 72.4 218.6 72.0 218.0 71.7 217.3 71.3 216.7 71.0 216.1
  70.6 215.5 70.2 214.9 69.8 214.3 69.4 213.6 69.1 213.0 68.7 212.3 68.4 211.5
  68.0 210.8 67.7 209.9 67.4 209.2 67.2 208.4 66.9 207.5 66.6 206.6 66.4 205.6
  66.1 204.6 65.9 203.5 65.7 202.8 65.5 202.0 65.4 201.2 65.2 200.3 65.0 199.5
  65.0 198.7 64.9 198.0 64.9 197.3 64.8 196.6 64.8 195.9 64.9 195.3 65.0 194.7
  65.0 194.1 65.1 193.6 65.2 193.0
   7  2 61  0.0
  72.5 321.4 72.3 321.4 72.2 321.5 72.1 321.4 72.0 321.4 71.9 321.4 71.9 321.5
  71.8 321.6 71.8 321.6 71.8 321.7 71.8 321.7 71.8 321.8 71.8 321.8 71.8 321.8
  71.8 321.8 71.9 321.8 71.9 321.8 71.9 321.7 72.0 321.7 72.0 321.7 72.1 321.5
  72.1 321.2 72.2 321.0 72.2 320.7 72.2 320.4 72.3 320.1 72.3 319.7 72.3 319.4
  72.3 319.0 72.3 318.6 72.3 318.2 72.2 317.8 72.2 317.4 72.2 317.0 72.1 316.7
  72.1 316.3 72.0 315.9 71.9 315.7 71.8 315.4 71.8 315.0 71.7 314.7 71.7 314.3
  71.6 313.8 71.6 313.4 71.6 312.9 71.6 312.3 71.5 311.7 71.5 311.1 71.4 310.4
  71.4 309.7 71.3 309.0 71.3 308.3 71.2 307.5 71.2 306.8 71.1 306.0 71.1 305.2
  71.0 304.4 71.0 303.6 70.9 302.8 70.9 301.9 70.8 301.0 70.8 300.1 70.8 299.1
  70.7 298.2 70.6 297.3 70.5 296.3 70.3 295.3 70.2 294.3 70.0 293.3 69.8 292.2
  69.7 290.9 69.5 289.7 69.3 288.4 69.1 287.2 69.0 286.0 68.9 284.9 68.8 283.8
  68.8 282.8 68.7 281.8 68.7 280.8 68.6 279.8 68.7 278.8 68.7 277.7 68.8 276.5
  68.8 275.2 68.7 273.8 68.7 272.4 68.6 270.8 68.6 269.2 68.6 267.6 68.6 266.0
  68.6 264.4 68.6 262.9 68.6 261.4 68.7 259.9 68.8 258.4 69.0 256.9 69.1 255.3
  69.4 253.8 69.6 252.3 69.8 250.9 70.0 249.5 70.3 248.2 70.5 246.9 70.8 245.7
  71.0 244.5 71.2 243.4 71.4 242.3 71.6 241.2 71.7 240.1 71.8 239.1 71.9 238.0
  72.0 236.9 72.1 236.1 72.2 235.2 72.3 234.4 72.3 233.6 72.4 232.8 72.4 232.0
  72.5 231.3 72.5 230.5 72.5 229.8 72.5 229.1 72.5 228.5 72.5 227.9 72.5 227.3
  72.6 226.8 72.6 226.3 72.7 225.8 72.8 225.4 72.8 224.9 72.9 224.5 73.0 224.2
  73.2 223.8 73.3 223.5 73.4 223.2 73.5 223.0 73.6 222.8 73.8 222.6 73.9 222.4
  74.0 222.3 74.1 222.3 74.2 222.1 74.3 222.0 74.4 221.8 74.5 221.6 74.6 221.5
  74.7 221.4 74.8 221.4 74.9 221.3 75.0 221.3 75.0 221.4 75.1 221.4 75.2 221.5
  75.2 221.6 75.3 221.8 75.3 222.0 75.3 222.2 75.4 222.4 75.4 222.6 75.5 222.7
  75.5 222.9 75.6 223.1 75.7 223.2 75.8 223.3 75.9 223.5 76.0 223.6 76.2 223.6
  76.3 223.6 76.5 223.7 76.7 223.8 76.8 223.8 77.0 223.9 77.1 224.0 77.3 224.1
  77.4 224.2 77.5 224.3 77.6 224.4 77.8 224.5 77.9 224.6 78.0 224.8 78.1 224.9
  78.2 224.9 78.3 225.0 78.4 224.9 78.5 224.8 78.5 224.7 78.6 224.4 78.6 224.2
  78.7 223.9 78.7 223.5 78.7 223.0 78.7 222.6 78.6 222.0 78.6 221.6 78.6 221.1
  78.5 220.7 78.5 220.4 78.4 220.1 78.4 219.8 78.3 219.6 78.2 219.5 78.0 219.3
  77.9 219.3 77.8 219.4 77.7 219.6 77.5 219.7 77.4 219.7 77.3 219.7 77.1 219.6
  77.0 219.5 76.8 219.4 76.7 219.1 76.5 218.9 76.4 218.6 76.2 218.3 76.0 217.9
  75.8 217.5 75.7 216.7 75.5 215.9 75.2 215.2 75.0 214.6 74.7 214.0 74.4 213.5
  74.1 213.1 73.7 212.7 73.4 212.2 73.0 211.7 72.6 211.3 72.2 210.9 71.8 210.5
  71.4 209.9 71.0 209.4 70.6 208.9 70.2 208.3 69.8 207.8 69.5 207.1 69.2 206.3
  68.9 205.5 68.7 204.7 68.4 203.9
   7  3 61  0.0
  72.5 321.4 72.5 321.1 72.5 320.7 72.5 320.3 72.4 319.9 72.4 319.5 72.3 319.1
  72.2 318.7 72.2 318.3 72.1 317.9 72.0 317.5 71.9 317.1 71.8 316.7 71.8 316.2
  71.7 315.8 71.6 315.4 71.5 315.0 71.5 314.6 71.4 314.3 71.3 313.9 71.3 313.5
  71.2 313.2 71.2 312.8 71.1 312.5 71.1 312.2 71.1 311.8 71.0 311.5 71.0 311.1
  71.0 310.8 71.0 310.4 71.0 309.9 71.0 309.5 71.0 309.0 71.1 308.5 71.1 308.0
  71.1 307.4 71.1 306.9 71.1 306.2 71.1 305.6 71.1 304.8 71.1 304.0 71.1 303.2
  70.9 302.3 70.8 301.3 70.7 300.4 70.5 299.4 70.4 298.3 70.2 297.3 70.1 296.3
  70.0 295.2 69.9 294.6 69.9 294.0 69.9 293.4 69.8 292.7 69.8 292.0 69.9 291.3
  69.9 290.6 69.9 289.8 69.9 289.1 69.9 288.3 69.9 287.6 69.9 286.8 69.9 286.0
  69.9 285.2 69.9 284.5 69.9 283.7 69.9 282.9 70.0 282.1 70.0 281.3 70.0 280.6
  70.0 279.9 70.1 279.0 70.2 278.2 70.3 277.3 70.4 276.5 70.5 275.7 70.6 274.9
  70.7 274.1 70.9 273.3 71.0 272.5 71.2 271.7 71.4 270.8 71.5 270.0 71.7 269.1
  71.9 268.3 72.1 267.4 72.4 266.4 72.6 265.3 72.8 264.1 73.0 262.8 73.2 261.4
  73.3 260.0 73.5 258.5 73.6 257.0 73.8 255.5 74.0 253.9 74.3 252.7 74.6 251.5
  75.0 250.3 75.4 249.0 75.7 247.8 76.1 246.5 76.6 245.5 77.0 244.6 77.4 243.7
  77.8 242.9 78.2 242.1 78.6 242.2 79.1 242.3 79.5 242.6 79.9 242.9 80.4 243.3
  80.8 244.1 81.3 245.1 81.7 246.1 82.1 247.1 82.6 248.4 83.1 249.7 83.5 251.2
  83.9 252.7 84.2 254.5 84.6 256.2 85.0 258.4 85.4 261.1 85.7 264.5 86.0 268.5
  86.2 273.2 86.6 278.0 86.9 283.8 87.1 290.7 87.2 298.5 87.3 306.8 87.3 315.3
  87.3 323.8 87.3 331.8 87.2 339.1 87.1 345.7 86.9 351.6 86.8 356.8 86.6   1.5
  86.4   1.8 86.2   2.1 86.0   2.3 85.8   2.6 85.7   2.9 85.6   3.2 85.5   3.4
  85.4   3.7 85.2   4.0 85.1   4.2 85.0   4.5 84.9   4.8 84.8   5.0 84.7   5.2
  84.6   5.5 84.5   5.7 84.4   5.9 84.3   6.1 84.2   6.3 84.0   6.5 83.9   6.7
  83.8   6.8 83.7   6.9 83.6   7.0 83.5   7.1 83.4   7.2 83.3   7.2 83.1   7.2
  83.0   7.3 82.8   7.2 82.7   7.2 82.6   7.2 82.6   7.3 82.5   7.3 82.5   7.3
  82.5   7.3 82.6   7.3 82.6   7.3 82.7   7.3 82.8   7.3 83.0   7.4 83.1   7.4
  83.2   7.4 83.3   7.5 83.3   7.6 83.3   7.7 83.2   7.8 83.1   7.9 82.9   8.0
  82.7   8.1 82.5   8.3 82.1   8.5 81.7   8.7 81.3   8.8 80.9   9.0 80.4   9.2
  79.9   9.4 79.4   9.5 78.9   9.6 78.3   9.8 77.6   9.9 77.0  10.0 76.3  10.1
  75.5  10.2 74.7  10.4 73.9  10.6 73.2  10.8 72.5  11.0 71.8  11.2 71.2  11.3
  70.6  11.4 70.0  11.5 69.5  11.6 69.1  11.6 68.6  11.6 68.2  11.6 67.9  11.6
  67.5  11.5 67.2  11.4 66.9  11.3 66.6  11.2 66.3  11.1 66.0  10.9 65.7  10.6
  65.4  10.3 65.1  10.0 64.8   9.7 64.5   9.3 64.2   9.0 63.9   8.6 63.7   8.1
  63.4   7.7 63.2   7.2 63.0   6.7 62.8   6.3 62.6   5.8 62.5   5.3 62.3   4.9
  62.2   4.4 62.0   3.9 61.9   3.4
   7  4 61  0.0
  72.5 321.4 72.4 320.9 72.4 320.3 72.4 319.7 72.3 319.1 72.2 318.5 72.1 317.9
  72.0 317.3 72.0 316.6 71.9 315.8 71.9 315.1 71.8 314.4 71.7 313.7 71.7 313.1
  71.6 312.4 71.6 311.8 71.5 311.2 71.4 310.5 71.4 309.9 71.3 309.2 71.2 308.6
  71.2 307.9 71.1 307.2 71.0 306.4 70.9 305.7 70.8 304.9 70.7 304.1 70.6 303.3
  70.5 302.5 70.3 301.7 70.2 300.9 70.1 300.1 69.9 299.2 69.8 298.4 69.7 297.5
  69.6 296.7 69.4 295.8 69.3 294.9 69.2 294.1 69.1 293.2 69.0 292.4 68.9 291.5
  68.8 290.7 68.7 289.9 68.6 289.0 68.5 288.2 68.4 287.4 68.4 286.5 68.3 285.7
  68.3 284.9 68.2 284.1 68.2 283.3 68.2 282.5 68.2 281.7 68.1 280.9 68.1 280.1
  68.1 279.3 68.1 278.6 68.1 277.8 68.1 277.0 68.1 276.2 68.2 275.4 68.2 274.6
  68.2 273.6 68.3 272.7 68.3 271.6 68.3 270.5 68.3 269.3 68.3 268.1 68.3 266.8
  68.3 265.5 68.2 264.1 68.2 262.7 68.1 261.2 68.1 259.8 68.2 258.4 68.2 257.0
  68.3 255.6 68.3 254.1 68.4 252.7 68.5 251.3 68.6 249.9 68.8 248.4 68.9 247.0
  69.2 245.5 69.5 244.1 69.8 242.6 70.1 241.2 70.5 239.8 70.8 238.4 71.1 237.0
  71.5 235.6 71.8 234.3 72.0 233.0 72.4 231.8 72.6 230.6 72.8 229.4 73.1 228.4
  73.3 227.3 73.5 226.3 73.6 225.3 73.8 224.4 74.0 223.5 74.2 222.8 74.4 222.1
  74.7 221.4 74.9 220.8 75.1 220.2 75.4 219.6 75.6 219.1 75.8 218.7 76.0 218.4
  76.2 218.2 76.5 218.3 76.8 218.5 77.1 218.8 77.4 219.2 77.8 219.7 78.2 220.3
  78.6 220.0 79.0 219.7 79.5 219.3 80.0 219.0 80.4 218.7 80.9 218.2 81.4 217.8
  81.8 217.5 82.3 217.2 82.8 217.1 83.3 217.0 83.7 217.0 84.2 217.0 84.7 217.2
  85.2 217.4 85.7 217.4 86.0 217.4 86.6 217.4 87.1 217.1 87.5 216.4 87.9 215.0
  88.1 212.8 88.5 208.8 88.8 202.0 89.1 190.1 89.3 169.7 89.4 139.2 89.2 110.3
  89.0  89.2 88.8  75.5 88.6  75.3 88.3  75.2 88.1  75.0 87.8  74.9 87.5  74.8
  87.3  74.7 87.0  74.6 86.7  74.6 86.4  74.5 86.0  74.5 85.7  74.4 85.5  74.3
  85.2  74.2 84.9  74.2 84.6  74.1 84.3  74.0 84.0  74.0 83.7  74.0 83.5  73.9
  83.3  73.9 83.1  73.9 82.8  73.9 82.6  73.9 82.4  73.9 82.1  73.9 81.8  73.8
  81.6  73.8 81.3  73.7 81.1  73.6 80.8  73.5 80.5  73.4 80.2  73.3 79.9  73.1
  79.7  73.0 79.5  72.8 79.4  72.7 79.2  72.6 79.0  72.4 78.9  72.3 78.8  72.2
  78.7  72.2 78.7  72.1 78.6  72.1 78.6  72.0 78.6  72.0 78.5  71.9 78.4  71.9
  78.3  71.8 78.2  71.8 78.1  71.7 78.0  71.6 77.8  71.5 77.6  71.3 77.5  71.1
  77.3  71.0 77.1  70.8 76.8  70.6 76.7  70.5 76.5  70.3 76.4  70.2 76.2  70.1
  76.2  70.1 76.1  70.0 76.1  70.0 76.0  69.9 76.1  69.9 76.1  70.0 76.2  70.0
  76.2  70.1 76.3  70.1 76.3  70.1 76.3  70.1 76.3  70.1 76.3  70.1 76.2  70.1
  76.2  70.1 76.1  70.1 76.0  70.0 75.8  69.8 75.7  69.7 75.6  69.5 75.4  69.3
  75.2  69.1 75.1  68.9 74.9  68.7 74.8  68.6 74.7  68.4 74.5  68.2 74.4  68.0
  74.2  67.8 74.1  67.6 74.0  67.5
   7  5 61  0.0
  72.5 321.4 72.3 320.8 72.2 320.1 72.0 319.5 71.8 318.9 71.7 318.4 71.6 317.7
  71.4 317.0 71.2 316.2 71.1 315.3 70.9 314.4 70.8 313.5 70.7 312.5 70.5 311.5
  70.4 310.5 70.2 309.6 70.1 308.7 70.0 307.9 69.9 307.5 69.7 307.2 69.6 306.8
  69.5 306.4 69.4 306.0 69.2 305.6 69.1 305.2 68.9 304.8 68.8 304.4 68.6 304.0
  68.5 303.6 68.4 303.3 68.3 302.9 68.3 302.5 68.2 302.1 68.1 301.7 68.1 301.3
  68.1 301.0 68.0 300.6 68.0 300.2 67.9 299.8 67.9 299.4 67.9 298.9 67.9 298.4
  67.8 297.8 67.8 297.3 67.7 296.6 67.6 296.0 67.5 295.2 67.4 294.5 67.2 293.7
  67.0 293.0 66.9 292.2 66.7 291.4 66.6 290.6 66.4 289.9 66.2 289.2 66.1 288.4
  65.9 287.7 65.8 287.2 65.7 286.6 65.5 286.0 65.4 285.4 65.3 284.8 65.2 284.2
  65.1 283.6 65.0 283.0 64.9 282.4 64.8 281.9 64.8 281.3 64.7 280.8 64.7 280.3
  64.6 279.8 64.6 279.4 64.5 278.9 64.4 278.5 64.4 278.0 64.3 277.6 64.3 277.1
  64.3 276.6 64.3 276.2 64.3 275.7 64.3 275.2 64.3 274.8 64.3 274.3 64.3 273.8
  64.3 273.4 64.3 272.9 64.4 272.5 64.4 272.0 64.5 271.6 64.5 271.2 64.6 270.8
  64.6 270.5 64.7 270.1 64.8 269.7 64.9 269.3 65.0 269.0 65.1 268.6 65.2 268.2
  65.4 267.7 65.4 267.2 65.5 266.6 65.6 265.9 65.7 265.2 65.8 264.3 65.8 263.4
  65.9 262.5 66.0 261.5 66.0 260.4 66.1 259.2 66.2 257.9 66.2 256.6 66.3 255.4
  66.4 254.1 66.5 252.9 66.6 251.6 66.7 250.4 66.8 249.2 67.0 248.1 67.1 247.0
  67.2 246.0 67.3 245.0 67.4 244.1 67.5 243.2 67.6 242.3 67.7 241.4 67.8 240.6
  67.9 239.8 68.1 239.0 68.2 238.2 68.3 237.4 68.5 236.7 68.6 236.0 68.8 235.4
  68.9 234.8 69.0 234.2 69.2 233.5 69.3 232.9 69.5 232.2 69.6 231.5 69.8 230.7
  69.9 229.8 70.1 228.9 70.2 227.9 70.3 226.7 70.4 225.2 70.4 223.2 70.2 221.1
  70.1 219.3 70.0 217.6 69.9 216.6 69.8 215.8 69.7 215.0 69.6 214.3 69.6 213.6
  69.6 212.9 69.6 212.2 69.7 211.5 69.8 210.8 69.9 210.1 70.0 209.4 70.1 208.8
  70.1 208.4 70.2 208.0 70.2 207.5 70.2 207.0 70.2 206.5 70.2 206.0 70.1 205.4
  70.0 204.8 70.0 204.1 69.9 203.3 69.8 202.6 69.7 201.9 69.6 201.2 69.6 200.6
  69.5 200.0 69.5 199.4 69.5 198.8 69.4 198.3 69.4 197.9 69.4 197.4 69.4 197.0
  69.5 196.6 69.5 196.2 69.5 195.8 69.6 195.5 69.6 195.2 69.6 194.8 69.7 194.6
  69.8 194.3 69.8 194.0 69.9 193.8 70.0 193.6 70.1 193.3 70.2 193.3 70.2 193.2
  70.3 193.2 70.4 193.2 70.5 193.2 70.6 193.2 70.6 193.3 70.7 193.3 70.7 193.4
  70.8 193.4 70.8 193.5 70.8 193.6 70.8 193.8 70.9 194.1 70.9 194.5 70.9 195.0
  70.9 195.6 70.9 196.3 70.8 197.0 70.8 197.8 70.8 198.7 70.7 199.6 70.7 200.5
  70.7 201.5 70.6 202.3 70.6 203.2 70.5 204.0 70.4 204.7 70.4 205.4 70.3 206.0
  70.3 206.7 70.2 207.2 70.1 207.8 70.1 208.3 70.1 208.7 70.1 209.2 70.2 209.7
  70.2 210.1 70.2 210.5 70.2 210.8 70.2 211.2 70.2 211.5 70.1 211.8 70.1 212.1
  70.1 212.3 70.2 212.5 70.2 212.7
   7  6 61  0.0
  72.5 321.4 72.6 321.3 72.6 321.2 72.7 321.0 72.7 320.7 72.8 320.4 72.8 320.0
  72.8 319.6 72.9 319.1 72.9 318.6 72.9 318.0 72.9 317.4 72.9 316.7 72.9 315.9
  72.9 315.2 72.8 314.5 72.8 313.9 72.8 313.2 72.7 312.6 72.6 312.0 72.6 311.4
  72.5 310.8 72.5 310.2 72.4 309.7 72.3 309.1 72.2 308.6 72.1 308.0 72.0 307.3
  71.9 306.6 71.9 306.1 71.8 305.4 71.7 304.8 71.6 304.0 71.6 303.2 71.6 302.4
  71.5 301.5 71.5 300.6 71.5 299.7 71.5 298.8 71.5 298.0 71.5 297.2 71.5 296.5
  71.5 295.7 71.5 295.0 71.5 294.4 71.4 293.7 71.4 293.1 71.4 292.4 71.3 291.8
  71.3 291.2 71.2 290.5 71.2 289.9 71.1 289.2 71.1 288.5 71.1 287.8 71.0 287.0
  71.0 286.3 70.9 285.6 70.9 284.8 70.8 284.1 70.8 283.3 70.7 282.6 70.7 281.9
  70.6 281.2 70.5 280.4 70.5 279.7 70.4 279.0 70.4 278.2 70.3 277.4 70.2 276.6
  70.2 275.8 70.1 274.9 70.0 274.0 69.9 273.2 69.8 272.5 69.8 271.7 69.7 270.9
  69.7 270.1 69.7 269.2 69.7 268.4 69.7 267.6 69.8 266.7 69.9 265.8 69.9 265.0
  70.1 264.1 70.2 263.0 70.3 261.9 70.5 260.6 70.6 259.4 70.8 258.0 70.9 256.6
  71.0 255.1 71.1 253.6 71.2 252.1 71.3 250.6 71.5 249.0 71.7 247.4 71.9 245.8
  72.1 244.2 72.3 242.6 72.5 241.0 72.8 239.4 73.0 237.9 73.2 236.3 73.4 234.7
  73.5 233.2 73.7 231.6 73.8 230.1 74.0 228.6 74.1 227.2 74.3 225.9 74.4 224.6
  74.6 223.3 74.8 222.0 75.0 220.6 75.2 219.2 75.4 217.8 75.6 216.4 75.8 215.0
  76.0 213.5 76.3 212.3 76.6 211.1 76.9 209.9 77.1 208.7 77.5 207.6 77.8 206.5
  78.1 205.5 78.5 204.8 78.9 204.2 79.3 203.6 79.7 203.1 80.1 202.6 80.5 202.3
  81.0 202.0 81.4 201.7 81.9 201.4 82.3 201.0 82.8 200.3 83.2 199.6 83.6 198.8
  84.1 197.9 84.6 196.7 85.1 195.3 85.5 193.6 85.9 191.6 86.2 189.2 86.7 185.5
  87.0 181.0 87.3 175.6 87.5 169.1 87.6 161.5 87.8 153.0 87.8 143.7 87.8 134.1
  87.8 124.6 87.7 115.7 87.6 107.7 87.4 100.8 87.2  94.8 86.9  89.6 86.6  85.1
  86.3  81.2 85.9  77.7 85.7  77.6 85.4  77.4 85.1  77.3 84.9  77.1 84.6  76.9
  84.3  76.8 84.0  76.6 83.8  76.6 83.5  76.5 83.3  76.4 83.2  76.4 83.0  76.3
  82.8  76.1 82.7  76.0 82.6  75.9 82.5  75.7 82.4  75.6 82.4  75.4 82.4  75.2
  82.3  75.0 82.2  74.8 82.1  74.7 82.0  74.5 81.8  74.4 81.7  74.3 81.5  74.3
  81.3  74.2 81.0  74.1 80.7  74.0 80.4  73.9 80.0  73.8 79.7  73.7 79.3  73.7
  79.0  73.6 78.6  73.6 78.2  73.5 77.8  73.5 77.5  73.5 77.1  73.5 76.8  73.6
  76.4  73.6 76.0  73.6 75.6  73.6 75.3  73.6 75.0  73.6 74.7  73.6 74.4  73.6
  74.2  73.5 73.9  73.5 73.7  73.4 73.4  73.3 73.2  73.2 73.0  73.0 72.8  72.9
  72.5  72.7 72.3  72.6 72.1  72.5 71.8  72.3 71.6  72.2 71.4  72.0 71.1  71.9
  70.8  71.7 70.4  71.5 70.1  71.3 69.7  71.1 69.4  70.8 69.0  70.6 68.7  70.3
  68.3  70.0 67.9  69.7 67.6  69.5 67.3  69.2 67.0  68.9 66.7  68.6 66.3  68.4
  66.0  68.1 65.7  67.8 65.4  67.5
   7  7 61  0.0
  72.5 321.4 72.7 321.2 72.8 321.0 73.0 320.8 73.2 320.6 73.3 320.3 73.5 320.1
  73.6 319.8 73.9 319.6 74.1 319.3 74.3 319.0 74.6 318.7 74.8 318.4 75.1 318.0
  75.3 317.7 75.5 317.4 75.7 317.1 75.9 316.8 76.1 316.5 76.3 316.1 76.5 315.7
  76.6 315.4 76.8 315.1 76.9 314.8 77.0 314.6 77.1 314.4 77.2 314.2 77.3 314.0
  77.4 313.8 77.5 313.6 77.6 313.4 77.7 313.3 77.8 313.1 77.8 312.9 77.9 312.8
  78.0 312.6 78.1 312.6 78.3 312.6 78.3 312.6 78.4 312.5 78.4 312.4 78.4 312.2
  78.3 312.0 78.2 311.7 78.1 311.4 78.0 311.1 77.8 310.3 77.6 309.4 77.3 308.5
  77.1 307.4 76.8 306.5 76.6 305.5 76.4 304.6 76.2 303.8 76.1 303.0 76.0 302.2
  75.9 301.2 75.8 300.3 75.8 299.3 75.8 298.3 75.8 297.3 75.8 296.4 75.8 295.4
  75.9 294.4 76.0 293.5 76.0 292.6 76.0 291.6 76.0 290.7 76.0 289.8 75.9 288.9
  75.9 288.0 75.8 287.1 75.7 286.2 75.6 285.3 75.5 284.3 75.4 283.4 75.4 282.4
  75.3 281.4 75.2 280.3 75.2 279.3 75.1 278.2 75.1 277.1 75.0 276.0 75.0 275.0
  74.9 273.9 74.9 272.8 74.8 271.7 74.8 270.6 74.7 269.5 74.6 268.4 74.6 267.3
  74.5 266.3 74.4 265.2 74.3 264.1 74.2 263.0 74.1 262.0 74.0 260.9 74.0 259.8
  73.9 258.5 73.9 257.2 73.8 255.9 73.8 254.5 73.8 253.1 73.7 251.6 73.7 250.1
  73.7 248.6 73.7 247.1 73.7 245.5 73.8 243.9 73.8 242.3 73.9 240.7 74.0 239.0
  74.1 237.3 74.3 236.0 74.4 234.8 74.6 233.5 74.8 232.2 75.0 230.8 75.2 229.5
  75.4 228.1 75.7 226.7 75.9 225.3 76.2 223.8 76.5 222.9 76.8 222.0 77.0 221.0
  77.3 220.0 77.5 219.0 77.8 218.0 78.0 217.0 78.3 216.4 78.5 215.9 78.8 215.3
  79.0 214.7 79.3 214.1 79.5 213.4 79.8 212.7 80.1 211.9 80.4 211.5 80.8 211.0
  81.2 210.4 81.5 209.8 81.9 209.0 82.2 208.2 82.6 207.5 83.1 206.7 83.5 205.8
  83.9 204.9 84.2 203.9 84.8 203.5 85.2 203.0 85.6 202.3 86.0 201.5 86.6 202.0
  87.1 202.4 87.5 202.6 87.8 202.6 88.1 202.2 88.5 201.1 88.8 199.0 89.1 194.6
  89.3 185.5 89.4 166.5 89.5 132.8 89.4  96.1 89.3  73.5 89.1  73.3 88.9  73.2
  88.7  73.0 88.5  72.9 88.2  72.8 87.9  72.7 87.7  72.5 87.4  72.4 87.1  72.3
  86.8  72.2 86.5  72.0 86.1  71.9 85.6  71.8 85.3  71.6 85.0  71.5 84.6  71.4
  84.2  71.3 83.8  71.1 83.6  71.0 83.3  70.9 83.0  70.7 82.6  70.6 82.3  70.6
  82.0  70.5 81.7  70.4 81.4  70.4 81.2  70.5 81.0  70.5 80.7  70.6 80.5  70.6
  80.3  70.6 80.1  70.6 80.0  70.6 79.9  70.7 79.8  70.7 79.7  70.8 79.6  70.9
  79.5  71.0 79.5  71.0 79.5  71.1 79.4  71.2 79.3  71.3 79.2  71.3 79.1  71.4
  78.9  71.4 78.7  71.5 78.5  71.5 78.2  71.5 77.9  71.6 77.7  71.7 77.4  71.8
  77.0  71.9 76.7  72.0 76.3  72.0 76.0  72.1 75.7  72.2 75.4  72.3 75.1  72.3
  74.8  72.4 74.4  72.4 74.1  72.4 73.8  72.5 73.5  72.4 73.3  72.3 73.0  72.3
  72.7  72.2 72.5  72.1 72.2  72.0 72.0  71.9 71.7  71.8 71.4  71.8 71.1  71.7
  70.8  71.6 70.5  71.6 70.2  71.5
   7  8 61  0.0
  72.5 321.4 72.6 321.3 72.6 321.3 72.7 321.2 72.8 321.1 72.9 321.0 72.9 320.9
  73.0 320.8 73.1 320.6 73.2 320.5 73.2 320.3 73.3 320.2 73.4 320.0 73.5 319.8
  73.6 319.6 73.7 319.4 73.9 319.2 74.0 319.0 74.1 318.7 74.3 318.6 74.4 318.5
  74.6 318.4 74.7 318.2 74.9 318.1 75.1 317.9 75.2 317.8 75.4 317.6 75.6 317.4
  75.8 317.1 76.0 316.9 76.1 316.6 76.4 316.2 76.6 315.7 76.8 315.2 77.1 314.6
  77.3 314.0 77.6 313.2 77.8 312.4 78.0 311.5 78.3 311.0 78.5 310.5 78.7 309.9
  78.9 309.3 79.0 308.7 79.2 308.1 79.3 307.5 79.4 306.9 79.5 306.2 79.6 305.6
  79.7 304.9 79.7 304.2 79.8 303.6 79.9 303.0 80.0 302.5 80.2 302.0 80.3 301.7
  80.5 301.5 80.6 301.3 80.8 301.2 80.9 301.2 81.1 301.3 81.3 301.5 81.4 301.8
  81.5 302.0 81.6 302.3 81.6 302.6 81.6 302.8 81.5 303.1 81.4 303.3 81.3 303.6
  81.2 303.8 81.0 304.0 80.7 304.2 80.5 304.3 80.2 304.5 79.9 304.8 79.7 304.6
  79.5 304.5 79.3 304.4 79.1 304.4 78.9 304.5 78.7 304.6 78.6 304.7 78.4 304.9
  78.3 305.2 78.2 305.5 78.1 305.7 78.0 305.8 77.9 305.3 77.7 304.7 77.6 304.1
  77.4 303.4 77.3 302.8 77.1 302.1 77.0 301.4 76.8 300.7 76.6 300.0 76.3 299.3
  76.1 298.6 75.9 297.9 75.7 297.1 75.6 296.3 75.4 295.5 75.3 294.7 75.2 293.8
  75.1 293.0 75.0 292.1 74.9 291.2 74.8 290.3 74.8 289.4 74.7 288.4 74.6 287.5
  74.6 286.5 74.5 285.6 74.4 284.6 74.3 283.6 74.2 282.7 74.1 281.7 74.0 280.7
  73.8 279.7 73.7 278.7 73.6 277.6 73.5 276.6 73.3 275.5 73.2 274.5 73.2 273.4
  73.1 272.3 73.0 271.3 73.0 270.2 72.9 269.2 72.9 268.1 72.9 267.1 73.0 266.0
  73.0 264.9 73.1 263.7 73.1 262.5 73.2 261.1 73.2 259.7 73.3 258.3 73.4 256.7
  73.4 255.1 73.6 253.5 73.7 251.8 73.9 250.0 74.1 248.3 74.3 246.9 74.5 245.6
  74.8 244.2 75.0 242.8 75.3 241.4 75.5 239.9 75.7 238.4 76.0 236.9 76.2 235.4
  76.4 234.4 76.7 233.4 76.9 232.3 77.2 231.2 77.4 230.0 77.6 228.9 77.8 227.7
  78.1 226.5 78.4 225.8 78.6 225.1 78.9 224.4 79.2 223.6 79.5 222.7 79.8 221.8
  80.1 220.9 80.5 220.4 80.8 219.9 81.2 219.5 81.6 219.2 82.0 218.9 82.4 218.7
  82.8 218.8 83.3 219.1 83.7 219.5 84.1 220.0 84.6 221.0 85.1 222.3 85.5 223.8
  85.9 225.8 86.2 228.1 86.7 231.3 87.2 235.3 87.5 240.4 87.8 247.1 88.0 255.9
  88.3 267.7 88.5 282.7 88.5 298.8 88.5 313.9 88.4 326.1 88.2 335.4 88.0 342.7
  87.8 348.6 87.5 353.7 87.3 358.2 87.1   2.2 86.8   2.4 86.6   2.6 86.3   2.8
  86.0   3.0 85.8   3.2 85.6   3.3 85.4   3.5 85.2   3.6 85.0   3.8 84.8   3.9
  84.5   4.0 84.3   4.1 84.0   4.2 83.7   4.3 83.5   4.3 83.3   4.3 83.0   4.4
  82.8   4.4 82.5   4.4 82.2   4.5 82.0   4.5 81.7   4.6 81.5   4.8 81.3   4.9
  81.1   5.1 80.8   5.2 80.6   5.4 80.4   5.6 80.1   5.8 79.9   6.0 79.7   6.2
  79.5   6.3 79.3   6.5 79.2   6.6 79.1   6.8 79.0   6.9 78.9   6.9 78.8   7.0
  78.7   7.0 78.7   7.0 78.6   7.0
   7  9 61  0.0
  72.5 321.4 72.6 321.3 72.6 321.2 72.7 321.1 72.7 321.0 72.7 320.8 72.8 320.6
  72.8 320.3 72.8 320.1 72.8 319.8 72.8 319.5 72.8 319.1 72.8 318.7 72.7 318.3
  72.7 317.9 72.7 317.5 72.7 317.1 72.7 316.7 72.7 316.3 72.7 315.9 72.7 315.6
  72.7 315.2 72.7 314.9 72.7 314.5 72.7 314.2 72.7 313.9 72.7 313.6 72.7 313.3
  72.8 312.9 72.8 312.5 72.9 312.1 73.0 311.7 73.1 311.2 73.2 310.7 73.3 310.2
  73.4 309.6 73.6 308.9 73.7 308.2 73.9 307.5 74.1 306.7 74.3 306.3 74.5 305.9
  74.7 305.5 74.9 305.1 75.1 304.6 75.3 304.1 75.6 303.6 75.8 303.0 76.0 302.4
  76.3 301.8 76.6 301.1 76.8 300.4 77.0 299.5 77.3 298.6 77.5 297.6 77.7 296.5
  78.0 295.4 78.2 294.2 78.4 293.1 78.7 291.9 78.9 290.7 79.1 289.4 79.3 288.0
  79.4 286.7 79.6 285.2 79.7 283.8 79.7 282.3 79.8 280.9 79.8 279.4 79.8 278.0
  79.7 276.5 79.7 275.1 79.6 273.7 79.5 272.3 79.4 270.8 79.3 269.3 79.2 267.8
  79.0 266.3 78.9 264.8 78.7 263.3 78.5 261.8 78.2 260.4 78.0 259.1 77.7 258.0
  77.4 257.0 77.0 256.0 76.7 255.1 76.3 254.2 76.0 253.2 75.7 252.2 75.4 251.2
  75.2 250.3 74.9 249.3 74.6 248.2 74.4 247.2 74.2 246.2 74.0 245.2 73.8 244.3
  73.6 243.3 73.3 242.5 73.1 241.6 72.8 240.8 72.4 240.1 72.1 239.4 71.7 238.7
  71.3 238.1 70.8 237.5 70.4 236.9 69.9 236.4 69.5 235.7 69.1 235.0 68.7 234.3
  68.3 233.6 67.9 232.9 67.5 232.2 67.2 231.5 66.8 230.8 66.5 230.0 66.2 229.3
  65.8 228.6 65.5 227.9 65.3 227.2 65.0 226.4 64.8 225.7 64.5 224.9 64.3 224.1
  64.1 223.4 63.8 222.6 63.5 221.6 63.3 220.7 63.0 219.7 62.7 218.8 62.3 217.9
  62.0 216.9 61.6 215.9 61.4 214.7 61.1 213.6 60.9 212.4 60.7 211.1 60.5 209.8
  60.3 208.6 60.1 207.3 59.9 206.0 59.7 204.4 59.4 202.7 59.2 201.0 59.0 199.4
  58.9 197.8 58.7 196.3 58.5 194.9 58.4 193.6 58.3 192.4 58.1 191.2 58.1 190.0
  58.0 188.9 58.0 187.8 58.0 186.6 58.0 185.4 58.1 184.2 58.1 183.0 58.0 181.8
  58.0 180.8 58.0 179.7 58.0 178.7 58.1 177.7 58.1 176.7 58.1 175.7 58.2 174.7
  58.3 173.7 58.4 172.8 58.5 171.9 58.6 171.1 58.7 170.4 58.8 169.7 59.0 169.1
  59.1 168.5 59.3 167.9 59.4 167.4 59.6 166.9 59.8 166.3 60.0 165.8 60.2 165.3
  60.4 164.9 60.6 164.5 60.9 164.1 61.1 163.7 61.3 163.3 61.6 163.0 61.8 162.6
  62.0 162.2 62.3 162.1 62.6 161.9 62.8 161.8 63.1 161.8 63.3 161.7 63.5 161.6
  63.7 161.6 64.0 161.5 64.2 161.5 64.4 161.7 64.6 161.8 64.7 162.0 64.9 162.1
  65.1 162.3 65.2 162.4 65.4 162.5 65.5 162.7 65.7 162.9 65.9 163.1 66.0 163.3
  66.2 163.6 66.4 163.9 66.5 164.3 66.7 164.8 66.8 165.2 66.9 165.7 67.0 166.3
  67.1 166.8 67.3 167.4 67.4 167.9 67.5 168.3 67.5 168.8 67.6 169.2 67.6 169.6
  67.7 170.0 67.7 170.4 67.8 170.7 67.8 171.0 67.8 171.4 67.9 171.7 67.9 172.0
  67.9 172.4 67.9 172.8 67.9 173.2 67.8 173.6 67.8 174.1 67.9 174.6 67.9 175.1
  67.9 175.6 67.9 176.2 67.9 176.8
   7 10 61  0.0
  72.5 321.4 72.7 321.1 72.8 320.8 73.0 320.5 73.1 320.2 73.3 319.9 73.4 319.7
  73.5 319.5 73.6 319.3 73.7 319.1 73.8 319.0 73.9 318.9 74.0 318.8 74.1 318.7
  74.2 318.7 74.3 318.6 74.4 318.6 74.5 318.5 74.5 318.4 74.6 318.4 74.6 318.3
  74.7 318.2 74.7 318.1 74.8 318.0 74.8 317.9 74.8 317.7 74.8 317.6 74.8 317.4
  74.8 317.2 74.8 317.0 74.8 316.8 74.8 316.6 74.7 316.3 74.7 316.0 74.6 315.7
  74.6 315.4 74.5 315.0 74.4 314.6 74.4 314.2 74.3 313.8 74.3 313.5 74.2 313.1
  74.2 312.7 74.1 312.3 74.1 311.9 74.0 311.5 74.0 311.2 74.0 310.7 73.9 310.3
  73.9 309.9 73.9 309.5 73.9 309.0 73.9 308.5 73.9 308.0 73.9 307.4 74.0 306.7
  74.1 306.3 74.2 305.9 74.3 305.5 74.4 305.1 74.6 304.7 74.8 304.2 74.9 303.7
  75.1 303.2 75.3 302.7 75.5 302.1 75.7 301.5 75.9 300.9 76.1 300.2 76.4 299.6
  76.6 298.9 76.8 298.2 77.1 297.4 77.3 296.5 77.6 295.5 77.8 294.5 78.0 293.3
  78.3 292.3 78.5 291.1 78.7 289.8 78.9 288.5 79.1 287.1 79.3 285.6 79.5 284.1
  79.6 282.4 79.7 280.7 79.8 279.0 79.8 277.2 79.8 275.5 79.8 273.8 79.7 272.1
  79.7 270.4 79.6 268.8 79.5 267.2 79.3 265.6 79.2 264.0 79.1 262.5 78.9 261.0
  78.6 259.6 78.4 258.2 78.1 256.8 77.8 255.5 77.5 254.3 77.2 253.2 76.8 252.2
  76.5 251.2 76.1 250.3 75.6 249.4 75.2 248.5 74.8 247.7 74.4 246.8 74.0 246.0
  73.7 245.2 73.3 244.3 73.1 243.4 72.8 242.5 72.5 241.7 72.2 240.8 71.9 240.0
  71.6 239.2 71.4 238.4 71.1 237.6 70.9 236.8 70.6 236.0 70.3 235.3 69.9 234.6
  69.5 234.0 69.2 233.3 68.8 232.6 68.4 232.0 68.0 231.3 67.6 230.6 67.3 230.0
  66.9 229.4 66.6 228.7 66.2 228.1 65.9 227.4 65.6 226.7 65.3 226.0 65.0 225.3
  64.7 224.6 64.4 223.9 64.2 223.1 64.0 222.4 63.8 221.5 63.7 220.4 63.5 219.3
  63.3 218.2 63.0 217.2 62.7 216.1 62.4 215.2 62.1 214.2 61.8 213.4 61.5 212.3
  61.2 211.2 61.0 210.2 60.8 209.1 60.6 207.9 60.5 206.8 60.3 205.7 60.1 204.6
  60.0 203.5 59.9 202.1 59.7 200.6 59.6 199.1 59.6 197.7 59.5 196.2 59.4 194.8
  59.3 193.4 59.3 192.2 59.2 191.1 59.1 190.1 59.1 189.1 59.1 188.2 59.1 187.2
  59.2 186.3 59.2 185.3 59.3 184.2 59.4 183.2 59.5 182.1 59.5 180.9 59.6 179.8
  59.7 178.8 59.8 177.8 60.0 176.8 60.1 175.8 60.3 175.0 60.5 174.2 60.8 173.4
  61.0 172.6 61.2 171.9 61.5 171.1 61.8 170.5 62.2 169.8 62.5 169.4 62.9 169.1
  63.3 168.7 63.6 168.4 63.9 168.1 64.3 167.8 64.6 167.9 64.9 168.0 65.2 168.1
  65.5 168.3 65.7 168.5 66.0 168.7 66.2 168.9 66.4 169.4 66.6 169.9 66.8 170.4
  66.9 171.0 67.0 171.5 67.2 172.0 67.2 172.6 67.2 173.1 67.2 173.6 67.2 174.0
  67.2 174.5 67.2 174.9 67.2 175.4 67.3 175.9 67.3 176.3 67.3 176.8 67.4 177.3
  67.4 177.8 67.5 178.3 67.5 178.9 67.6 179.5 67.7 180.2 67.7 180.9 67.7 181.6
  67.7 182.3 67.7 183.1 67.7 183.9 67.7 184.8 67.7 185.6 67.7 186.4 67.6 187.1
  67.6 187.8 67.6 188.5 67.4 189.1
   7 11 61  0.0
  72.5 321.4 72.6 321.2 72.7 320.9 72.8 320.7 72.8 320.4 72.9 320.2 73.0 319.9
  73.0 319.7 73.1 319.4 73.2 319.1 73.2 318.9 73.3 318.6 73.3 318.3 73.3 318.0
  73.3 317.7 73.4 317.4 73.4 317.0 73.5 316.7 73.5 316.3 73.6 315.9 73.7 315.5
  73.8 315.1 73.8 314.7 73.9 314.2 74.0 313.8 74.1 313.4 74.2 313.1 74.3 312.8
  74.4 312.5 74.5 312.2 74.6 312.0 74.7 311.7 74.8 311.5 74.9 311.3 75.0 311.0
  75.1 310.8 75.2 310.6 75.3 310.4 75.4 310.2 75.5 310.0 75.6 309.8 75.7 309.5
  75.7 309.3 75.8 309.0 75.8 308.8 75.9 308.5 75.9 308.2 75.9 307.9 75.9 307.6
  75.9 307.3 75.9 307.0 75.9 306.7 75.9 306.3 75.8 305.9 75.8 305.5 75.7 305.0
  75.6 304.6 75.6 304.1 75.5 303.6 75.4 303.1 75.3 302.5 75.2 302.0 75.1 301.4
  75.0 300.9 75.0 300.3 74.9 299.8 74.9 299.2 74.9 298.7 74.9 298.1 74.9 297.5
  74.9 296.9 74.9 296.2 74.9 295.6 75.0 294.9 75.1 294.1 75.3 293.4 75.4 292.6
  75.5 291.9 75.6 291.0 75.8 290.2 75.9 289.4 76.1 288.5 76.2 287.9 76.4 287.3
  76.5 286.6 76.7 285.9 76.8 285.1 77.0 284.3 77.1 283.4 77.3 282.5 77.4 281.5
  77.6 280.5 77.7 279.4 77.8 278.3 78.0 277.1 78.1 275.8 78.2 274.2 78.3 272.5
  78.4 270.8 78.4 269.0 78.4 267.2 78.4 265.4 78.4 263.7 78.3 262.0 78.1 260.3
  78.0 258.7 77.8 257.1 77.6 255.4 77.4 253.8 77.2 252.1 77.0 250.5 76.7 249.0
  76.4 247.5 76.1 246.2 75.7 244.9 75.4 243.7 75.1 242.5 74.8 241.3 74.5 240.2
  74.2 239.2 73.9 238.1 73.6 237.1 73.3 236.1 73.0 235.1 72.7 234.1 72.3 233.2
  72.0 232.3 71.7 231.2 71.3 230.1 71.0 229.1 70.7 228.1 70.4 227.1 70.0 226.1
  69.7 225.1 69.4 224.1 69.1 223.2 68.7 222.4 68.4 221.6 68.0 220.8 67.6 220.0
  67.3 219.2 66.9 218.5 66.6 217.7 66.2 216.9 65.9 216.1 65.6 215.4 65.4 214.8
  65.1 214.2 64.8 213.6 64.6 213.0 64.3 212.5 64.1 212.0 63.9 211.5 63.7 211.0
  63.5 210.4 63.4 209.9 63.2 209.4 63.1 208.9 63.0 208.4 62.8 207.9 62.7 207.3
  62.7 206.8 62.6 206.3 62.5 205.7 62.4 205.2 62.3 204.7 62.2 204.2 62.1 203.7
  62.0 203.1 62.0 202.6 62.0 202.1 62.0 201.4 61.9 200.6 61.9 199.8 62.0 199.0
  62.2 198.4 62.3 197.8 62.4 197.1 62.6 196.5 62.7 195.9 63.0 195.3 63.3 194.8
  63.6 194.2 63.9 193.6 64.1 193.0 64.4 192.7 64.7 192.3 64.9 192.0 65.1 191.7
  65.3 191.3 65.6 191.0 65.8 190.7 65.9 190.3 66.1 190.0 66.3 189.9 66.5 189.8
  66.7 189.7 66.9 189.6 67.0 189.5 67.2 189.4 67.4 189.4 67.5 189.3 67.7 189.2
  67.9 189.1 68.0 189.1 68.2 189.2 68.4 189.4 68.5 189.6 68.6 189.8 68.7 190.0
  68.8 190.2 68.9 190.5 68.9 190.7 69.0 191.0 69.0 191.3 69.0 191.6 69.0 192.0
  68.9 192.3 68.8 192.5 68.7 192.7 68.6 192.9 68.5 192.9 68.4 193.0 68.2 193.0
  68.1 192.9 67.9 192.8 67.8 192.7 67.6 192.6 67.4 192.5 67.2 192.4 67.0 192.3
  66.8 192.1 66.6 192.0 66.4 191.9 66.2 191.8 66.0 191.7 65.8 191.5 65.6 191.2
  65.4 190.9 65.2 190.6 65.0 190.3
   7 12 61  0.0
  72.5 321.4 72.5 320.5 72.5 319.6 72.5 318.7 72.5 317.8 72.5 316.8 72.5 315.8
  72.5 314.9 72.5 313.8 72.5 312.8 72.6 311.8 72.6 310.8 72.7 309.7 72.7 308.6
  72.8 307.4 72.9 306.2 72.9 304.8 73.0 303.4 73.1 301.8 73.1 300.1 73.2 298.3
  73.2 296.4 73.2 294.3 73.2 292.1 73.1 289.5 72.9 286.8 72.6 284.0 72.4 281.2
  72.1 278.3 71.9 275.5 71.6 273.0 71.4 270.6 71.1 268.3 70.9 266.0 70.7 263.9
  70.5 261.7 70.3 259.7 70.1 257.7 70.0 255.8 69.9 254.4 69.8 253.0 69.7 251.7
  69.6 250.4 69.5 249.2 69.4 247.9 69.2 246.7 69.1 245.4 68.9 244.2 68.7 243.0
  68.5 241.7 68.3 240.5 68.1 239.4 68.0 238.3 67.9 237.7 67.9 237.2 67.8 236.7
  67.8 236.2 67.8 235.8 67.8 235.4 67.8 235.0 67.8 234.7 67.9 234.4 67.9 234.1
  68.0 233.8 68.0 233.5 68.0 233.2 68.0 232.9 68.0 232.6 67.9 232.3 67.9 231.9
  67.8 231.6 67.7 231.2 67.5 230.9 67.4 230.5 67.2 230.0 67.1 229.6 67.0 229.0
  66.8 228.5 66.7 227.8 66.4 227.2 66.2 226.5 65.9 225.8 65.7 225.4 65.5 225.1
  65.3 224.8 65.0 224.4 64.8 224.0 64.6 223.6 64.4 223.3 64.2 222.9 64.0 222.6
  63.8 222.5 63.6 222.5 63.4 222.4 63.2 222.3 62.9 222.3 62.7 222.2 62.4 222.2
  62.2 222.1 61.9 222.1 61.6 222.3 61.3 222.5 61.0 222.7 60.7 222.9 60.4 223.1
  60.0 223.4 59.7 223.6 59.3 224.0 58.9 224.3 58.6 224.7 58.3 225.0 58.0 225.3
  57.7 225.7 57.3 226.0 57.0 226.3 56.6 226.7 56.3 227.0 55.9 227.3 55.6 227.7
  55.3 228.0 55.1 228.4 54.9 228.9 54.7 229.3 54.5 229.8 54.3 230.3 54.2 230.8
  54.0 231.4 53.9 232.0 53.7 232.7 53.4 233.4 53.1 234.1 52.9 234.9 52.6 235.6
  52.3 236.4 51.8 237.2 51.4 237.8 50.8 238.3 50.3 238.9 49.7 239.4 49.1 239.6
  48.5 239.8 47.8 240.0 47.0 240.1 46.1 240.3 45.2 240.4 44.4 240.3 43.5 240.3
  42.6 240.0 41.8 239.8 41.1 239.3 40.3 238.8 39.6 238.4 39.0 237.7 38.3 236.9
  37.8 236.1 37.2 235.2 37.0 234.1 36.8 232.9 36.7 231.8 36.7 230.6 36.8 229.4
  36.8 228.3 36.9 227.3 37.1 226.3 37.3 225.4 37.5 224.5 37.7 223.7 38.1 222.9
  38.4 222.3 38.8 221.8 39.1 221.2 39.6 220.7 40.0 220.2 40.5 219.7 41.0 219.4
  41.6 219.1 42.1 218.8 42.7 218.6 43.2 218.3 43.8 218.1 44.3 217.8 44.8 217.5
  45.3 217.1 45.7 216.8 46.2 216.4 46.6 216.1 47.0 215.7 47.3 215.3 47.6 215.0
  47.8 214.8 48.1 214.5 48.4 214.1 48.6 213.8 48.8 213.4 49.0 213.1 49.2 212.7
  49.4 212.2 49.6 211.8 49.6 211.3 49.7 210.8 49.7 210.3 49.8 209.8 49.8 209.2
  49.8 208.6 49.9 208.0 49.8 207.3 49.8 206.7 49.7 206.0 49.7 205.4 49.6 204.7
  49.6 204.1 49.6 203.5 49.5 203.0 49.4 202.4 49.3 201.9 49.3 201.4 49.2 200.9
  49.2 200.4 49.1 199.9 49.0 199.3 48.8 198.8 48.7 198.2 48.6 197.6 48.5 197.1
  48.4 196.5 48.3 195.8 48.1 195.2 48.0 194.5 47.8 194.1 47.7 193.8 47.6 193.4
  47.5 192.9 47.5 192.5 47.4 192.0 47.3 191.4 47.2 190.9 47.0 190.3 46.9 189.7
  46.8 189.0 46.8 188.3 46.7 187.6
   7 13 61  0.0
  72.5 321.4 72.3 320.6 72.2 319.9 72.1 319.1 72.1 318.3 72.0 317.5 72.0 316.8
  72.0 315.7 72.0 314.7 72.1 313.9 72.2 313.1 72.4 312.3 72.5 311.6 72.7 310.8
  72.8 309.9 72.9 308.9 73.0 307.7 73.0 306.4 73.0 305.0 72.9 303.4 72.9 301.7
  72.8 299.8 72.7 297.8 72.5 295.8 72.3 293.6 72.1 291.2 71.9 288.9 71.7 286.1
  71.6 283.4 71.5 280.7 71.3 278.1 71.1 275.7 71.0 273.4 70.8 271.3 70.7 269.3
  70.5 267.4 70.5 265.6 70.5 263.8 70.6 262.0 70.6 260.1 70.7 258.2 70.8 256.2
  70.9 254.1 71.2 252.0 71.6 249.8 72.0 247.6 72.5 245.2 73.0 242.7 73.7 240.0
  74.3 237.1 74.9 234.2 75.4 231.0 75.8 227.8 76.2 224.6 76.6 221.8 77.0 219.0
  77.4 216.2 77.8 213.6 78.1 211.0 78.6 209.4 79.0 207.7 79.4 206.1 79.8 204.3
  80.2 202.2 80.6 200.8 81.0 199.3 81.3 197.5 81.6 195.6 81.9 193.4 82.2 191.0
  82.6 189.8 83.0 188.4 83.3 186.8 83.6 185.0 83.9 183.1 84.2 181.0 84.6 180.8
  85.0 180.6 85.4 180.7 85.8 181.0 86.1 181.7 86.6 186.2 87.1 192.7 87.3 201.5
  87.4 212.3 87.3 224.0 87.0 234.1 86.7 241.9 86.1 247.5 85.5 251.4 85.0 252.5
  84.4 253.2 83.8 253.6 83.3 252.1 82.7 250.7 82.2 249.2 81.6 247.8 81.1 245.7
  80.6 243.6 80.1 241.5 79.7 239.3 79.3 237.5 78.9 235.6 78.5 233.7 78.1 231.7
  77.7 229.5 77.5 227.9 77.1 226.2 76.8 224.6 76.5 223.0 76.2 221.4 75.8 219.8
  75.6 218.2 75.3 216.8 74.9 215.4 74.7 214.2 74.4 213.0 74.1 211.9 73.8 210.9
  73.6 209.7 73.4 208.5 73.2 207.4 73.2 206.1 73.1 204.8 73.0 203.5 73.0 202.2
  73.0 200.8 73.0 199.4 73.0 197.9 73.1 196.4 73.1 194.7 73.3 193.0 73.4 191.1
  73.6 189.0 73.8 186.7 74.0 184.3 74.3 182.5 74.6 180.6 74.8 178.6 75.0 176.4
  75.2 174.2 75.4 171.8 75.6 169.5 75.7 167.1 75.9 164.7 76.0 162.2 76.1 159.9
  76.3 158.4 76.4 157.0 76.6 155.6 76.7 154.3 76.8 153.1 76.9 152.0 77.1 150.9
  77.2 149.9 77.4 149.0 77.5 148.2 77.6 147.4 77.8 146.7 77.9 146.1 78.1 145.5
  78.3 145.7 78.5 146.0 78.8 146.5 79.0 147.1 79.2 147.8 79.4 148.8 79.5 149.8
  79.6 151.1 79.7 152.6 79.7 153.8 79.7 154.8 79.7 155.6 79.7 156.2 79.6 156.6
  79.6 156.8 79.5 156.9 79.4 156.7 79.4 156.4 79.3 156.0 79.2 155.4 79.1 154.6
  79.1 153.8 79.1 153.0 79.1 152.2 79.2 151.3 79.3 150.4 79.4 149.4 79.6 148.4
  79.8 147.3 79.9 146.2 80.2 145.1 80.4 144.5 80.7 143.6 81.0 142.7 81.2 141.7
  81.4 140.7 81.6 139.7 81.7 138.6 81.9 137.6 82.0 136.5 82.2 136.1 82.4 135.6
  82.5 135.1 82.6 134.6 82.7 134.1 82.8 133.4 83.0 132.6 83.2 131.7 83.3 130.5
  83.5 129.2 83.7 127.6 83.9 125.9 84.1 123.8 84.4 122.0 84.7 119.6 84.9 116.7
  85.2 113.3 85.4 109.6 85.6 105.7 85.8 101.5 85.9  97.1 86.1  92.3 86.2  86.3
  86.3  80.1 86.3  73.9 86.2  73.5 86.1  73.2 86.0  72.8 85.9  72.5 85.8  72.1
  85.7  71.8 85.6  71.4 85.5  71.1 85.4  70.8 85.3  70.4 85.2  70.1 85.1  69.8
  85.0  69.4 84.9  69.1 84.8  68.8
   7 14 61  0.0
  72.5 321.4 72.5 321.0 72.6 320.6 72.6 320.1 72.6 319.6 72.6 319.1 72.6 318.5
  72.6 317.9 72.6 317.3 72.6 316.6 72.6 315.8 72.6 315.1 72.5 314.2 72.5 313.3
  72.5 312.4 72.5 311.4 72.5 310.3 72.5 309.2 72.5 308.0 72.6 306.6 72.6 305.2
  72.7 303.8 72.9 302.3 73.1 300.8 73.3 299.2 73.5 297.7 73.7 296.1 73.9 294.6
  74.2 293.0 74.4 291.7 74.6 290.4 74.9 288.9 75.1 287.4 75.2 285.7 75.4 284.0
  75.5 282.3 75.5 280.4 75.6 278.5 75.6 276.7 75.7 274.8 75.8 273.0 75.9 271.2
  76.1 269.5 76.4 268.4 76.7 267.4 77.1 266.4 77.4 265.3 77.8 264.2 78.2 263.1
  78.7 263.1 79.2 263.0 79.6 262.8 80.0 262.6 80.3 262.3 80.6 263.1 80.9 263.9
  81.1 264.8 81.2 265.7 81.3 266.7 81.4 267.7 81.4 268.7 81.3 269.8 81.3 270.8
  81.2 271.9 81.0 273.0 80.8 274.0 80.6 274.9 80.3 275.8 79.9 276.5 79.5 275.8
  79.2 275.2 78.8 274.5 78.4 273.9 77.9 273.3 77.5 271.3 77.2 269.3 76.9 267.3
  76.6 265.4 76.4 263.6 76.3 261.8 76.1 260.1 75.9 258.3 75.8 255.7 75.6 252.9
  75.4 250.1 75.2 247.1 75.1 243.9 75.1 240.8 75.1 237.6 75.2 234.5 75.3 231.4
  75.5 228.4 75.7 225.5 75.9 222.6 76.2 219.8 76.6 217.1 77.0 214.4 77.4 211.5
  77.8 208.5 78.1 205.6 78.5 203.1 78.8 200.4 79.2 197.5 79.5 194.6 79.7 191.6
  80.0 188.5 80.4 185.8 80.8 183.0 81.1 180.0 81.5 177.0 81.8 174.0 82.2 170.9
  82.6 169.4 83.1 167.8 83.5 166.1 83.9 164.3 84.2 162.3 84.7 162.1 85.1 161.9
  85.6 161.7 85.9 161.5 86.3 161.3 86.8 165.0 87.2 170.1 87.5 176.9 87.8 186.0
  87.9 198.0 87.8 211.3 87.6 223.7 87.3 232.9 86.9 239.1 86.3 243.2 85.6 245.9
  85.1 245.0 84.4 244.4 83.8 244.1 83.2 241.9 82.7 240.2 82.2 238.8 81.7 237.6
  81.3 235.4 80.9 233.6 80.5 232.0 80.2 230.6 80.0 229.3 79.8 227.2 79.6 225.4
  79.4 223.7 79.1 222.3 78.9 221.1 78.6 220.0 78.2 219.2 77.8 218.4 77.5 217.8
  77.1 217.3 76.6 216.9 76.2 216.6 75.7 216.4 75.2 215.7 74.9 215.0 74.5 214.1
  74.2 213.2 73.9 212.2 73.6 210.5 73.4 208.9 73.2 207.2 73.0 205.4 72.9 203.6
  72.8 201.6 72.7 199.5 72.6 197.4 72.6 195.2 72.6 193.0 72.6 190.7 72.6 188.5
  72.6 186.4 72.6 184.2 72.6 182.2 72.6 180.1 72.6 178.1 72.5 176.2 72.5 174.3
  72.4 172.4 72.3 170.5 72.1 168.6 72.0 166.8 71.8 164.9 71.7 163.1 71.5 161.3
  71.3 159.5 71.2 157.7 71.0 156.0 70.7 154.2 70.5 152.5 70.3 150.7 70.2 148.9
  70.0 147.2 69.9 145.4 69.8 143.9 69.8 142.4 69.8 141.0 69.8 139.8 69.8 138.6
  69.9 137.5 69.9 136.4 69.9 135.5 69.9 134.6 69.8 133.7 69.8 133.0 69.7 132.3
  69.7 131.7 69.6 131.1 69.4 130.6 69.3 130.2 69.2 129.8 69.0 129.5 68.9 129.2
  68.7 129.0 68.6 128.7 68.4 128.5 68.2 128.1 67.9 127.8 67.8 127.4 67.6 127.0
  67.4 126.6 67.2 126.2 67.1 125.7 66.9 125.2 66.7 124.6 66.5 124.0 66.3 123.5
  66.2 123.1 66.1 122.6 66.0 122.3 65.9 122.0 65.9 121.8 65.8 121.5 65.7 121.4
  65.7 121.2 65.6 121.1 65.6 121.0
   7 15 61  0.0
  72.5 321.4 72.3 321.7 72.2 321.9 72.0 322.1 71.8 322.3 71.7 322.4 71.5 322.4
  71.4 322.4 71.2 322.3 71.0 322.2 70.9 322.1 70.7 321.9 70.5 321.7 70.3 321.4
  70.2 321.2 70.0 320.9 69.9 320.7 69.8 320.2 69.7 319.8 69.7 319.4 69.7 319.0
  69.8 318.6 69.8 318.2 69.9 317.8 70.0 317.4 70.1 317.0 70.2 316.6 70.3 316.1
  70.4 315.5 70.5 314.9 70.5 314.2 70.6 313.4 70.7 312.6 70.7 311.7 70.8 310.7
  70.9 309.7 71.0 308.5 71.0 307.3 71.1 306.0 71.2 304.6 71.3 303.1 71.5 301.5
  71.7 299.9 71.9 298.2 72.1 296.4 72.3 295.0 72.6 293.6 72.9 292.2 73.2 290.8
  73.5 289.3 73.9 287.8 74.2 286.1 74.6 284.6 74.9 283.1 75.2 281.4 75.4 279.6
  75.6 277.8 75.8 275.9 75.9 274.0 76.1 272.1 76.2 270.6 76.2 269.2 76.3 267.7
  76.5 266.4 76.7 265.0 76.9 263.6 77.2 262.2 77.5 260.7 77.8 259.2 78.2 257.6
  78.7 256.9 79.2 256.2 79.7 255.6 80.2 255.0 80.7 255.3 81.2 255.6 81.7 255.9
  82.1 256.3 82.4 258.0 82.7 260.1 82.9 262.4 83.0 265.0 83.1 267.7 83.1 270.6
  83.0 273.6 82.8 276.4 82.5 279.1 82.2 281.5 81.7 283.6 81.4 284.3 80.9 284.8
  80.5 285.2 80.0 285.4 79.5 285.6 79.1 284.6 78.6 283.6 78.0 282.7 77.4 281.8
  76.9 279.9 76.5 278.2 76.1 276.4 75.8 274.7 75.5 271.8 75.3 269.0 75.0 266.4
  74.8 263.8 74.6 261.3 74.5 258.9 74.3 256.4 74.1 253.9 73.9 251.3 73.8 248.4
  73.7 245.6 73.6 242.7 73.5 239.9 73.5 237.2 73.5 234.5 73.6 231.9 73.7 229.4
  73.8 227.0 74.0 224.6 74.2 222.2 74.5 219.7 74.7 217.3 75.0 214.9 75.2 212.5
  75.4 210.1 75.6 207.8 75.8 205.6 76.0 203.4 76.2 201.2 76.4 199.1 76.6 197.0
  76.9 194.9 77.1 192.7 77.3 190.4 77.6 188.0 77.8 185.5 78.0 182.9 78.2 180.2
  78.4 177.5 78.6 174.9 78.8 172.2 78.9 169.6 79.0 167.2 79.0 164.8 79.1 162.6
  79.1 160.4 79.1 158.3 79.1 156.3 79.1 154.4 79.1 152.6 79.1 150.8 79.1 149.1
  79.2 147.5 79.2 146.0 79.2 144.5 79.3 143.2 79.3 142.0 79.3 140.9 79.3 140.0
  79.4 139.1 79.4 138.2 79.5 137.4 79.6 136.6 79.7 135.9 79.8 135.2 79.9 134.5
  80.1 133.8 80.2 133.1 80.4 132.4 80.6 131.7 80.8 131.0 81.0 130.2 81.2 129.4
  81.4 128.5 81.6 127.6 81.8 126.7 82.1 125.7 82.4 125.0 82.7 124.1 82.9 123.2
  83.2 122.2 83.5 121.3 83.8 120.4 84.1 119.4 84.4 118.9 84.8 118.3 85.1 117.6
  85.4 117.0 85.7 116.2 86.0 115.4 86.5 115.4 86.8 115.5 87.2 115.7 87.5 116.1
  87.8 116.6 88.0 117.4 88.4 118.6 88.6 120.5 88.9 123.8 89.1 129.4 89.2 139.0
  89.3 155.4 89.3 179.8 89.3 208.8 89.3 233.5 89.3 248.1 89.2 256.3 89.0 261.3
  88.9 264.4 88.7 266.5 88.5 267.8 88.3 268.7 88.0 269.2 87.8 269.6 87.6 269.8
  87.4 269.8 87.2 269.8 87.0 269.9 86.7 269.9 86.4 269.9 86.1 269.9 85.8 269.9
  85.5 268.5 85.3 267.1 85.1 265.7 84.8 264.4 84.6 263.1 84.3 261.9 83.9 261.0
  83.7 259.3 83.4 257.9 83.1 256.6 82.8 255.4 82.5 254.4 82.1 253.4 81.8 252.6
  81.5 251.4 81.2 250.2 80.9 249.0
   7 16 61  0.0
  72.5 321.4 72.0 321.1 71.6 320.9 71.1 321.1 70.7 321.2 70.2 321.2 69.8 321.2
  69.4 321.2 69.0 321.1 68.6 321.0 68.2 320.9 67.8 320.7 67.4 320.4 67.0 320.0
  66.8 319.7 66.6 319.4 66.4 319.2 66.1 319.0 65.9 318.9 65.7 318.7 65.5 318.6
  65.2 318.5 65.0 318.5 64.7 318.6 64.4 318.7 64.1 318.9 63.9 319.0 63.6 318.9
  63.3 318.7 63.0 318.5 62.8 318.3 62.5 318.0 62.3 317.6 62.1 317.2 61.9 316.8
  61.7 316.3 61.6 315.8 61.6 315.2 61.6 314.7 61.7 314.2 61.7 313.7 61.8 313.3
  61.8 312.8 61.9 312.4 62.0 312.0 62.0 311.7 62.2 311.3 62.3 310.9 62.4 310.5
  62.6 310.2 62.7 309.9 62.8 309.6 63.0 309.3 63.1 309.1 63.2 308.8 63.3 308.5
  63.4 308.2 63.5 308.0 63.6 307.7 63.7 307.4 63.8 307.2 63.9 306.9 64.0 306.7
  64.1 306.0 64.2 305.3 64.3 304.6 64.4 303.9 64.6 303.1 64.8 302.3 64.9 301.5
  65.1 300.6 65.2 299.8 65.4 298.8 65.6 297.8 65.8 296.9 66.0 296.0 66.2 295.1
  66.4 293.8 66.6 292.6 66.8 291.4 67.0 290.3 67.2 289.2 67.3 288.2 67.5 287.2
  67.6 286.3 67.7 285.4 67.8 284.5 67.8 283.5 67.8 282.4 67.8 281.2 67.8 280.0
  67.7 278.7 67.5 277.3 67.3 275.9 67.1 274.4 66.8 272.9 66.5 271.3 66.2 269.8
  65.9 268.4 65.6 267.5 65.4 266.8 65.2 266.0 64.9 265.4 64.7 264.8 64.5 264.2
  64.2 263.7 64.2 263.1 64.3 262.6 64.3 262.1 64.3 261.5 64.3 261.0 64.3 260.5
  64.3 260.0 64.3 259.4 64.3 258.9 64.3 258.5 64.2 258.0 64.1 257.6 64.0 257.2
  63.8 256.9 63.7 256.6 63.5 256.3 63.2 256.1 63.0 255.8 63.0 255.6 62.9 255.4
  62.7 255.3 62.6 255.2 62.4 255.1 62.1 255.1 61.8 255.0 61.5 254.9 61.2 254.9
  60.8 254.9 60.4 254.9 60.1 254.9 59.7 254.9 59.5 254.6 59.2 254.4 59.0 254.1
  58.9 253.8 58.7 253.6 58.6 253.4 58.5 253.2 58.4 253.1 58.3 253.0 58.3 252.9
  58.2 252.7 58.1 252.5 57.9 252.3 57.8 251.6 57.7 251.0 57.6 250.3 57.5 249.7
  57.3 249.1 57.1 248.5 56.9 248.0 56.8 247.4 56.7 246.9 56.6 246.3 56.5 245.8
  56.4 245.3 56.3 244.8 56.2 244.3 56.0 243.8 56.0 243.3 55.9 242.7 55.9 242.0
  55.8 241.4 55.8 240.8 55.7 240.2 55.7 239.7 55.7 239.1 55.8 238.6 55.9 238.1
  56.0 237.6 56.1 237.2 56.2 237.0 56.3 236.8 56.4 236.7 56.5 236.5 56.5 236.4
  56.6 236.4 56.6 236.3 56.6 236.3 56.6 236.3 56.6 236.4 56.5 236.5 56.5 236.6
  56.4 236.8 56.3 237.0 56.1 237.2 56.0 237.5 55.8 237.4 55.7 237.4 55.5 237.5
  55.2 237.6 55.0 237.7 54.7 237.8 54.4 238.0 54.1 238.3 53.8 238.5 53.4 238.7
  53.1 238.9 52.7 239.2 52.2 239.5 51.8 239.8 51.3 239.9 50.8 240.1 50.1 240.2
  49.4 240.4 48.6 240.3 47.8 240.3 46.9 240.1 45.9 240.1 44.8 239.4 44.3 238.8
  43.9 238.3 43.4 237.4 42.8 236.7 42.3 235.9 42.0 235.2 41.7 234.4 41.4 233.6
  41.1 232.9 40.7 232.1 40.4 231.3 40.5 230.6 40.6 229.9 40.7 229.2 40.8 228.5
  40.9 227.8 41.4 227.1 41.9 226.5 42.4 225.9 42.9 225.4 43.4 225.0 43.8 224.7
  44.3 224.3 44.7 224.2 45.1 224.1
   7 17 61  0.0
  72.5 321.4 72.2 321.8 72.0 322.1 71.7 322.7 71.5 323.2 71.3 323.7 71.0 324.2
  70.7 324.7 70.4 325.2 70.1 325.6 69.8 326.0 69.5 326.8 69.2 327.5 68.9 328.2
  68.5 328.9 68.2 329.5 67.7 330.1 67.3 330.8 66.9 331.4 66.5 332.0 66.0 332.5
  65.6 333.0 65.2 333.4 64.8 333.7 64.4 333.9 64.0 334.1 63.6 334.2 63.2 334.4
  62.8 334.5 62.4 334.7 62.0 334.8 61.6 334.9 61.3 334.9 61.0 335.0 60.6 335.1
  60.3 335.1 60.0 335.2 59.7 335.3 59.5 335.2 59.2 335.0 58.9 334.9 58.7 334.8
  58.5 334.6 58.3 334.5 58.1 334.4 57.9 334.2 57.7 333.9 57.6 333.6 57.4 333.3
  57.3 333.0 57.2 332.7 57.2 332.4 57.1 332.0 57.1 331.6 56.9 331.2 56.7 330.8
  56.6 330.4 56.5 329.9 56.4 329.4 56.4 328.9 56.4 328.3 56.5 327.7 56.4 327.1
  56.3 326.5 56.2 326.0 56.1 325.4 56.0 324.8 56.0 324.3 56.0 323.8 55.9 323.2
  55.8 322.6 55.8 322.1 55.8 321.6 55.7 321.0 55.7 320.5 55.7 320.0 55.7 319.4
  55.7 318.9 55.7 318.5 55.7 318.0 55.7 317.6 55.7 317.2 55.7 316.8 55.6 316.4
  55.6 316.0 55.6 315.7 55.5 315.4 55.4 315.1 55.3 314.8 55.3 314.6 55.2 314.4
  55.1 314.2 55.0 314.0 54.8 313.8 54.7 313.6 54.6 313.5 54.4 313.3 54.3 313.2
  54.2 313.0 54.0 312.8 53.9 312.6 53.8 311.8 53.6 311.0 53.5 310.3 53.4 309.6
  53.3 309.0 53.2 308.4 53.0 307.8 52.9 307.2 52.8 306.7 52.6 306.2 52.4 305.8
  52.2 305.3 51.9 305.0 51.7 304.5 51.4 304.0 51.2 303.5 51.0 303.0 50.8 302.6
  50.5 302.2 50.3 301.8 50.0 301.4 49.8 301.0 49.5 300.4 49.2 299.8 49.1 299.2
  48.9 298.6 48.7 298.0 48.5 297.5 48.2 296.9 48.0 296.4 47.7 295.8 47.5 295.3
  47.4 294.7 47.2 294.2 46.9 293.8 46.7 293.4 46.5 293.0 46.2 292.6 45.9 292.3
  45.6 292.0 45.5 291.7 45.5 291.5 45.4 291.3 45.4 291.1 45.3 291.0 45.1 290.8
  45.0 290.6 44.9 290.4 44.7 290.1 44.5 289.8 44.2 289.5 44.0 289.2 43.7 288.9
  43.3 288.6 42.9 288.2 42.5 287.9 42.5 287.6 42.4 287.3 42.3 287.0 42.3 286.7
  42.2 286.4 42.0 286.1 41.9 285.8 41.8 285.3 41.6 284.9 41.4 284.4 41.2 284.0
  41.0 283.6 41.1 283.2 41.3 282.7 41.5 282.3 41.6 281.9 41.8 281.5 41.9 281.1
  42.0 280.7 42.1 280.5 42.2 280.3 42.3 280.2 42.4 280.0 42.4 279.9 42.7 279.7
  43.0 279.6 43.2 279.4 43.5 279.2 43.8 279.0 44.1 278.8 44.4 278.8 44.7 278.9
  45.0 278.9 45.3 278.9 45.7 278.9 46.0 279.0 46.4 279.2 46.8 279.3 47.2 279.5
  47.5 279.7 47.9 279.8 48.2 279.9 48.5 280.1 48.8 280.3 49.1 280.4 49.3 280.6
  49.5 280.7 49.8 280.7 50.0 280.8 50.3 280.9 50.6 280.9 50.8 281.0 51.1 281.0
  51.4 281.0 51.7 281.1 52.1 281.1 52.4 281.2 52.7 281.2 53.1 281.3 53.5 281.4
  53.9 281.4 54.3 281.5 54.7 281.5 55.1 281.6 55.5 281.5 55.9 281.5 56.2 281.4
  56.6 281.3 56.8 281.2 57.0 281.0 57.2 280.9 57.3 280.6 57.4 280.4 57.5 280.1
  57.6 279.9 57.4 279.6 57.3 279.3 57.3 279.1 57.4 278.9 57.5 278.7 57.6 278.5
  57.9 278.3 58.2 278.2 58.6 278.4
   7 18 61  0.0
  72.5 321.4 72.2 321.8 71.9 322.1 71.7 323.3 71.5 324.4 71.2 325.4 70.9 326.4
  70.6 327.3 70.4 328.1 70.1 328.9 69.9 329.7 69.7 331.0 69.5 332.2 69.4 333.5
  69.2 334.6 68.9 335.6 68.7 336.6 68.4 337.4 68.2 338.2 67.9 338.9 67.6 339.6
  67.3 340.3 67.0 340.9 66.8 341.4 66.5 341.9 66.3 342.3 66.0 342.8 65.8 343.4
  65.7 343.9 65.5 344.6 65.4 345.2 65.4 345.8 65.3 346.5 65.3 347.2 65.2 347.8
  65.2 348.5 65.2 349.2 65.2 349.9 65.2 350.6 65.3 351.3 65.3 352.1 65.4 352.8
  65.5 353.6 65.5 354.4 65.6 355.3 65.7 356.2 65.8 357.1 65.8 358.0 65.9 358.9
  65.9 359.9 66.0   0.8 66.0   1.2 65.9   1.6 65.9   1.9 65.9   2.3 65.8   2.7
  65.8   3.0 65.7   3.4 65.7   3.7 65.6   4.1 65.5   4.4 65.3   4.8 65.2   5.2
  65.0   5.5 64.9   5.9 64.8   6.4 64.6   6.8 64.5   7.3 64.4   7.8 64.4   8.3
  64.2   8.8 64.0   9.4 63.9  10.0 63.7  10.5 63.5  11.0 63.4  11.4 63.2  11.9
  63.0  12.3 62.8  12.7 62.5  13.1 62.3  13.4 62.0  13.8 61.8  14.1 61.6  14.4
  61.3  14.7 61.1  15.1 60.9  15.3 60.7  15.6 60.4  15.9 60.2  16.1 60.0  16.3
  59.9  16.5 59.8  16.7 59.6  16.8 59.5  17.0 59.4  17.1 59.3  17.2 59.2  17.3
  59.1  17.4 59.0  17.5 58.9  17.6 58.8  17.6 58.7  17.7 58.6  17.7 58.6  17.7
  58.5  17.7 58.4  17.7 58.4  17.7 58.3  17.7 58.3  17.7 58.2  17.6 58.2  17.6
  58.2  17.5 58.2  17.4 58.2  17.3 58.2  17.3 58.2  17.2 58.2  17.0 58.2  16.9
  58.3  16.8 58.3  16.6 58.4  16.5 58.4  16.3 58.4  16.2 58.5  16.0 58.4  15.8
  58.4  15.6 58.3  15.4 58.3  15.1 58.2  14.9 58.2  14.6 58.1  14.4 58.1  14.1
  58.1  13.8 58.1  13.6 58.0  13.3 58.0  13.0 58.0  12.6 57.9  12.2 57.9  11.8
  57.8  11.3 57.8  10.9 57.7  10.5 57.7  10.0 57.6   9.6 57.6   9.1 57.6   8.6
  57.5   8.2 57.5   7.7 57.4   7.2 57.3   6.7 57.2   6.2 57.1   5.7 57.0   5.2
  56.9   4.6 56.8   4.1 56.7   3.5 56.6   3.0 56.4   2.4 56.3   1.9 56.1   1.4
  56.0   0.9 55.9   0.4 55.7 359.8 55.5 358.8 55.4 357.8 55.2 356.7 54.9 355.7
  54.7 354.7 54.5 353.6 54.3 352.6 54.1 351.5 53.9 350.5 53.8 349.5 53.7 348.5
  53.5 347.5 53.2 346.6 52.9 345.7 52.6 344.9 52.2 344.2 51.8 343.5 51.6 342.6
  51.3 341.6 51.2 340.6 51.0 339.5 51.1 338.3 51.1 337.2 51.2 336.1 51.2 335.0
  51.3 333.9 51.4 332.9 51.4 331.9 51.5 330.9 51.6 329.9 51.6 328.9 51.6 327.9
  51.6 327.0 51.7 326.0 51.7 325.0 51.7 324.0 51.6 322.9 51.6 321.9 51.5 320.9
  51.5 319.8 51.4 318.8 51.3 317.8 51.2 316.8 51.2 315.9 51.0 314.9 50.9 314.0
  50.7 313.1 50.5 312.3 50.3 311.4 50.2 310.5 50.0 309.6 49.9 308.7 49.7 307.9
  49.6 307.0 49.4 306.2 49.2 305.4 49.0 304.6 48.8 303.9 48.6 303.1 48.4 302.4
  48.2 301.7 48.0 300.9 47.8 300.3 47.6 299.7 47.3 299.0 47.0 298.4 46.7 297.8
  46.4 297.1 46.2 296.5 45.9 296.0 45.6 295.3 45.3 294.7 45.0 294.0 44.7 293.4
  44.4 292.9 44.0 292.3 43.7 291.7
   7 19 61  0.0
  72.5 321.4 72.2 321.6 71.9 321.7 71.6 322.0 71.4 322.3 71.1 322.5 70.8 322.7
  70.6 322.9 70.4 323.1 70.1 323.3 69.9 323.5 69.7 324.2 69.5 324.9 69.4 325.7
  69.2 326.4 69.0 327.2 68.7 328.1 68.4 328.9 68.1 329.8 67.8 330.6 67.4 331.5
  67.0 332.3 66.7 333.1 66.3 333.9 65.9 334.7 65.5 335.1 65.1 335.5 64.7 336.1
  64.4 336.6 64.1 337.2 63.8 337.9 63.6 338.1 63.3 338.3 63.1 338.6 62.8 338.9
  62.6 339.3 62.3 339.7 62.1 340.1 61.9 340.5 61.8 340.5 61.7 340.5 61.6 340.4
  61.4 340.4 61.3 340.4 61.2 340.4 61.1 340.5 61.1 340.5 61.0 340.5 60.9 340.6
  60.9 340.6 60.8 340.7 60.7 340.8 60.6 341.0 60.4 341.2 60.3 341.4 60.1 341.7
  59.9 341.9 59.7 341.7 59.4 341.5 59.2 341.4 58.9 341.2 58.6 341.1 58.4 341.0
  58.1 340.9 57.9 340.8 57.8 340.3 57.7 339.8 57.4 339.2 57.2 338.8 57.0 338.3
  56.9 337.9 56.7 337.4 56.7 337.1 56.6 336.7 56.6 336.3 56.6 335.9 56.4 335.5
  56.1 335.1 55.9 334.7 55.7 334.1 55.4 333.5 55.1 333.0 54.8 332.5 54.5 332.0
  53.9 331.5 53.3 330.9 52.7 330.3 52.0 329.7 51.4 329.1 50.9 328.2 50.4 327.2
  50.0 326.2 49.7 325.2 49.4 323.9 49.4 322.5 49.3 321.2 49.3 319.9 49.4 318.6
  49.5 317.5 49.5 316.4 49.5 315.4 49.4 314.4 49.2 313.5 49.0 312.7 48.8 312.0
  48.6 311.3 48.3 310.6 47.9 310.0 47.6 309.3 47.1 308.5 46.7 307.8 46.6 307.1
  46.5 306.4 46.4 305.6 46.3 304.8 46.2 304.0 46.3 303.1 46.4 302.3 46.5 301.5
  46.6 300.8 46.6 300.0 46.7 299.3 46.8 298.6 47.0 297.9 47.1 297.3 47.2 296.6
  47.3 295.9 47.5 295.2 47.6 294.5 47.8 293.8 47.9 293.1 48.1 292.4 48.2 291.9
  48.5 291.4 48.8 290.9 49.1 290.4 49.4 289.9 49.8 289.4 50.1 289.0 50.5 288.8
  50.9 288.6 51.3 288.5 51.7 288.3 52.1 288.1 52.5 288.3 52.9 288.4 53.3 288.5
  53.7 288.6 54.0 288.7 54.3 288.7 54.6 289.0 54.9 289.2 55.2 289.4 55.4 289.6
  55.7 289.6 55.9 289.6 56.1 289.5 56.2 289.4 56.4 289.4 56.5 289.4 56.7 289.4
  56.8 289.5 56.9 289.7 57.0 289.9 57.1 290.2 57.2 290.6 57.2 291.0 57.3 291.5
  57.3 292.1 57.2 292.8 57.2 293.5 57.1 294.2 57.0 294.8 57.0 295.4 56.9 295.9
  56.8 296.4 56.7 296.8 56.6 297.1 56.5 297.3 56.3 297.5 56.1 297.7 55.9 297.7
  55.7 297.6 55.5 297.4 55.3 297.3 55.1 297.1 54.9 296.8 54.6 296.6 54.4 296.3
  54.2 296.0 54.0 295.6 53.9 295.3 53.7 294.9 53.5 294.5 53.4 294.1 53.2 293.7
  53.0 293.3 52.8 293.0 52.7 292.6 52.5 292.3 52.3 292.0 52.2 291.7 52.2 291.3
  52.2 291.0 52.2 290.7 52.2 290.4 52.2 290.2 52.1 289.9 52.1 289.6 52.1 289.4
  52.1 289.2 52.0 288.9 52.0 288.7 52.0 288.5 52.0 288.5 51.9 288.5 51.9 288.5
  51.9 288.6 51.8 288.6 51.8 288.7 51.8 288.7 51.7 288.8 51.7 288.8 51.7 288.9
  51.7 289.0 51.6 289.0 51.6 289.1 51.6 289.2 51.6 289.3 51.6 289.4 51.5 289.4
  51.5 289.5 51.5 289.5 51.5 289.6 51.4 289.6 51.4 289.6 51.3 289.6 51.3 289.5
  51.2 289.5 51.1 289.4 51.0 289.4
   7 20 61  0.0
  72.5 321.4 72.3 321.8 72.2 322.1 72.0 322.4 71.8 322.6 71.6 323.2 71.4 323.7
  71.2 324.2 71.0 324.5 70.8 324.8 70.5 325.1 70.3 325.3 70.1 325.4 69.8 325.5
  69.5 326.2 69.2 326.8 68.9 327.2 68.5 327.6 68.0 327.9 67.6 328.1 67.1 328.6
  66.7 328.9 66.1 329.1 65.5 329.3 64.9 329.2 64.2 329.1 63.6 329.1 63.0 328.9
  62.4 328.9 61.8 328.8 61.2 328.5 60.6 328.2 60.0 328.0 59.4 327.5 58.8 326.9
  58.1 326.4 57.4 325.9 56.6 324.9 55.9 324.0 55.2 322.8 54.7 321.6 54.2 320.4
  53.7 319.2 53.5 318.0 53.3 316.8 53.1 315.6 53.1 314.5 53.0 313.4 53.0 312.3
  52.9 311.3 53.0 310.2 53.0 309.1 53.1 308.1 53.2 306.9 53.5 305.8 53.9 304.6
  54.3 303.5 54.8 302.3 55.4 301.2 56.1 300.2 56.9 299.5 57.6 298.9 58.2 298.2
  58.9 297.9 59.6 297.6 60.2 297.2 60.8 297.0 61.3 296.8 61.8 296.5 62.3 296.1
  62.8 295.9 63.1 295.5 63.4 295.1 63.7 294.7 64.0 294.3 64.3 294.0 64.6 293.6
  65.0 293.3 65.3 293.0 65.7 292.9 66.0 292.7 66.4 292.8 66.8 293.0 67.2 293.3
  67.6 293.7 67.9 294.3 68.3 294.8 68.6 295.4 68.9 296.1 69.2 296.7 69.5 297.3
  69.8 297.9 70.1 298.4 70.4 299.0 70.7 299.7 71.0 300.3 71.2 301.1 71.4 301.8
  71.6 302.5 71.9 303.0 72.1 303.5 72.3 304.1 72.4 304.5 72.5 304.9 72.6 305.2
  72.6 305.4 72.7 305.6 72.8 305.7 72.9 305.7 73.0 305.6 73.1 305.5 73.2 305.5
  73.3 305.5 73.5 305.5 73.6 305.5 73.8 305.5 74.0 305.5 74.1 305.6 74.3 305.7
  74.5 305.9 74.7 306.1 75.0 306.4 75.2 306.6 75.4 306.9 75.6 307.3 75.8 307.7
  76.0 308.1 76.2 308.4 76.5 308.7 76.7 309.1 76.9 309.5 77.2 310.0 77.4 310.5
  77.7 311.0 77.9 311.5 78.1 311.9 78.3 311.9 78.4 311.8 78.6 311.7 78.7 311.6
  78.7 311.5 78.7 311.3 78.7 311.1 78.7 310.9 78.7 310.6 78.6 310.3 78.5 310.0
  78.4 309.8 78.3 309.6 78.2 309.4 78.1 309.2 78.0 309.1 77.9 309.0 77.8 308.6
  77.7 308.1 77.6 307.6 77.6 307.2 77.5 306.7 77.5 306.3 77.4 305.8 77.4 305.3
  77.3 304.8 77.2 304.4 77.2 303.9 77.3 303.3 77.3 302.8 77.4 302.3 77.4 301.7
  77.4 301.1 77.5 300.5 77.5 299.8 77.6 299.1 77.8 298.2 77.8 297.2 77.9 296.2
  78.0 295.1 78.1 293.9 78.1 293.5 78.2 292.9 78.2 292.2 78.2 291.5 78.2 290.7
  78.2 290.0 78.1 289.3 78.1 288.8 78.0 288.4 77.9 288.1 77.8 287.0 77.8 286.0
  77.7 285.2 77.6 284.4 77.5 283.8 77.4 283.4 77.4 283.0 77.3 282.6 77.2 282.1
  77.1 281.5 77.0 280.9 76.8 280.1 76.7 279.3 76.7 278.3 76.7 277.2 76.7 276.0
  76.7 274.6 76.7 273.1 76.6 271.5 76.6 269.8 76.6 268.1 76.5 266.3 76.5 264.5
  76.4 262.6 76.5 260.7 76.6 258.7 76.8 256.6 77.0 254.6 77.4 252.5 77.8 250.5
  78.3 248.3 78.8 247.4 79.3 246.4 79.6 245.4 79.9 244.3 80.1 243.3 80.3 244.1
  80.4 245.0 80.4 246.0 80.4 247.0 80.3 248.0 80.0 249.0 79.7 249.9 79.4 249.2
  79.2 248.4 78.9 247.5 78.7 246.5 78.5 245.5 78.3 244.3 78.1 243.0 78.0 241.6
  77.9 238.4 77.9 235.3 78.0 232.1
   7 21 61  0.0
  72.5 321.4 72.5 322.3 72.5 323.1 72.5 323.9 72.4 324.7 72.3 325.3 72.2 326.0
  72.0 326.6 71.9 327.1 71.7 328.1 71.5 329.0 71.2 330.0 70.9 331.0 70.6 332.0
  70.4 332.9 70.1 333.7 69.9 334.4 69.6 335.3 69.4 336.2 69.2 336.9 68.9 337.5
  68.7 338.0 68.4 338.4 68.1 338.7 67.8 338.9 67.5 339.1 67.2 339.3 66.8 339.4
  66.5 339.4 66.1 339.4 65.7 339.4 65.3 339.3 64.9 339.1 64.5 339.0 64.1 338.8
  63.7 338.7 63.3 338.6 62.9 338.5 62.4 338.5 62.0 338.4 61.6 338.2 61.1 338.1
  60.7 337.9 60.3 337.8 60.0 337.7 59.6 337.5 59.3 337.3 59.1 337.1 58.8 336.9
  58.6 336.7 58.4 336.5 58.2 336.2 57.9 335.9 57.6 335.4 57.2 334.9 56.8 334.3
  56.4 333.7 56.0 333.1 55.6 332.2 55.2 331.3 54.6 330.3 53.9 329.3 53.3 328.3
  52.8 327.3 52.3 326.3 51.8 325.2 51.4 324.3 51.0 323.4 50.7 322.5 50.3 321.5
  50.0 320.7 49.8 319.8 49.6 319.2 49.4 318.6 49.3 317.9 49.2 317.3 49.0 316.6
  48.9 315.9 48.8 315.1 48.8 314.3 48.7 313.5 48.6 312.6 48.6 311.8 48.6 310.8
  48.7 309.9 48.8 308.9 48.8 307.9 49.0 306.9 49.2 306.0 49.4 305.1 49.6 304.2
  49.7 303.4 49.8 302.7 49.8 301.9 49.8 301.3 49.9 300.6 49.9 299.9 49.8 299.3
  49.7 298.7 49.6 298.1 49.6 297.6 49.6 297.1 49.7 296.6 49.7 296.2 49.8 295.8
  49.7 295.4 49.6 295.1 49.4 294.9 49.3 294.6 49.2 294.4 49.1 294.2 49.0 294.1
  48.9 293.9 48.9 293.7 48.9 293.5 48.9 293.3 48.9 293.1 49.0 292.9 49.0 292.7
  49.1 292.5 49.2 292.3 49.4 292.1 49.5 291.8 49.5 291.6 49.4 291.3 49.3 291.1
  49.3 290.9 49.2 290.6 49.2 290.4 49.2 290.1 49.1 289.9 49.1 289.7 49.1 289.4
  49.1 289.1 49.0 288.9 49.0 288.7 49.0 288.5 49.0 288.4 49.0 288.3 49.0 288.2
  49.0 288.2 49.1 288.1 49.1 288.2 49.1 288.2 49.1 288.3 49.2 288.4 49.2 288.5
  49.3 288.6 49.4 288.7 49.5 288.8 49.6 288.8 49.7 288.9 49.9 289.0 50.1 289.0
  50.3 288.9 50.5 288.8 50.7 288.7 51.0 288.6 51.2 288.5 51.5 288.4 51.7 288.3
  52.0 288.2 52.3 288.1 52.6 288.1 52.9 288.1 53.2 288.1 53.5 288.2 53.8 288.3
  54.2 288.4 54.5 288.6 54.9 288.9 55.3 289.2 55.7 289.5 56.1 289.8 56.5 290.1
  57.0 290.3 57.4 290.6 57.8 291.0 58.2 291.3 58.7 291.4 59.1 291.5 59.4 291.7
  59.8 291.8 60.1 292.0 60.4 291.9 60.8 291.8 61.1 291.7 61.3 291.6 61.6 291.5
  61.9 291.4 62.1 291.4 62.4 290.8 62.6 290.3 62.9 289.8 63.1 289.2 63.4 288.8
  63.6 288.3 63.8 287.9 63.9 287.5 64.1 287.2 64.2 286.5 64.3 285.8 64.4 285.1
  64.5 284.6 64.6 284.0 64.7 283.5 64.8 283.0 64.8 282.4 64.8 281.8 64.8 281.1
  64.8 280.4 64.7 279.7 64.6 278.9 64.5 278.1 64.3 277.2 64.1 276.3 63.9 275.3
  63.6 274.9 63.3 274.5 63.0 274.2 62.8 273.8 62.5 273.5 62.3 273.1 62.1 272.7
  62.0 272.4 61.8 272.1 61.7 271.8 61.5 271.5 61.3 271.2 61.1 270.8 61.0 270.5
  60.8 270.2 60.6 269.9 60.5 269.7 60.3 269.4 60.1 269.2 60.0 269.0 59.8 268.6
  59.7 268.2 59.5 267.8 59.3 267.4
   7 22 61  0.0
  72.5 321.4 72.4 321.7 72.3 322.1 72.1 322.5 72.0 322.9 71.9 323.4 71.7 323.9
  71.6 324.4 71.4 324.9 71.3 325.5 71.1 326.1 70.9 326.7 70.6 327.4 70.4 328.1
  70.2 328.8 70.0 329.5 69.9 330.2 69.7 330.6 69.6 330.9 69.5 331.2 69.4 331.5
  69.2 331.8 69.1 332.1 69.0 332.3 68.8 332.6 68.6 332.8 68.4 333.1 68.2 333.5
  68.0 334.0 67.8 334.5 67.5 334.5 67.2 334.7 66.8 335.0 66.4 335.3 65.9 335.7
  65.4 335.8 64.8 336.0 64.3 336.3 63.8 336.6 63.2 336.5 62.7 336.4 62.2 336.2
  61.6 336.1 61.1 335.6 60.6 335.2 60.0 334.7 59.4 334.3 58.9 333.7 58.4 333.1
  57.9 332.5 57.4 331.8 57.0 331.0 56.5 330.2 56.1 329.3 55.7 328.3 55.3 327.4
  55.1 326.5 54.8 325.4 54.5 324.4 54.3 323.2 54.4 322.1 54.4 320.8 54.5 319.6
  54.8 318.4 55.0 317.2 55.2 316.1 55.4 315.0 55.6 314.0 55.8 313.0 56.1 312.1
  56.3 311.2 56.4 310.4 56.6 309.5 56.8 308.7 57.0 307.9 57.2 307.1 57.5 306.3
  57.8 305.5 58.2 304.7 58.6 304.1 59.1 303.4 59.6 302.9 60.0 302.3 60.6 302.1
  61.1 301.9 61.7 301.8 62.2 301.7 62.8 301.8 63.3 301.8 63.8 301.9 64.2 302.0
  64.7 302.1 65.2 302.2 65.7 302.4 66.1 302.5 66.5 302.6 66.9 302.9 67.2 303.1
  67.5 303.4 67.8 303.8 68.0 304.2 68.3 304.6 68.5 305.1 68.6 305.6 68.8 306.1
  68.9 306.7 69.0 307.5 69.1 308.3 69.1 309.1 69.1 310.1 69.1 311.0 69.1 312.0
  69.1 312.9 69.0 313.8 68.9 314.7 68.8 315.6 68.7 316.4 68.5 317.2 68.3 318.0
  68.1 318.7 68.0 319.4 67.8 320.0 67.6 320.6 67.4 321.2 67.1 321.9 66.9 322.6
  66.6 323.3 66.3 324.1 66.0 324.9 65.6 325.7 65.3 326.6 65.0 327.6 64.7 328.6
  64.3 329.7 63.8 330.7 63.4 331.8 63.0 332.7 62.6 333.6 62.2 334.3 61.7 335.0
  61.3 335.3 61.0 335.6 60.6 335.8 60.2 336.0 59.9 336.1 59.8 336.0 59.5 335.8
  59.2 335.7 59.0 335.5 58.7 335.4 58.4 335.2 58.2 335.1 57.9 334.9 57.7 334.5
  57.5 334.0 57.2 333.6 57.0 333.2 56.7 332.8 56.5 332.4 56.2 332.0 56.0 331.7
  55.5 331.3 55.0 330.9 54.5 330.5 53.9 330.2 53.4 329.6 52.9 329.0 52.4 328.4
  51.9 327.9 51.6 326.9 51.3 325.9 51.1 324.9 50.8 323.9 50.8 322.9 50.7 322.0
  50.5 321.0 50.4 320.1 50.3 319.3 50.0 318.5 49.8 317.7 49.5 316.8 49.2 316.0
  48.9 315.2 48.5 314.5 48.1 313.7 47.7 313.1 47.2 312.2 46.8 311.3 46.4 310.5
  46.0 309.7 45.5 308.7 45.1 307.7 45.0 306.7 44.8 305.6 44.7 304.6 44.5 303.5
  44.5 302.4 44.5 301.3 44.4 300.2 44.3 299.2 44.3 298.2 44.2 297.2 44.1 296.3
  44.0 295.4 44.0 294.5 44.0 293.7 44.0 292.8 44.0 292.0 44.2 291.1 44.4 290.2
  44.6 289.3 44.8 288.3 45.0 287.4 45.3 286.4 45.6 285.5 45.9 284.7 46.3 283.9
  46.5 283.2 46.8 282.5 47.1 282.0 47.3 281.4 47.6 280.9 47.8 280.5 48.1 280.1
  48.3 279.6 48.3 279.2 48.3 278.8 48.3 278.4 48.3 278.1 48.4 277.7 48.4 277.4
  48.4 277.1 48.5 276.7 48.6 276.4 48.7 276.0 48.8 275.6 48.7 275.3 48.7 274.9
  48.7 274.6 48.7 274.2 48.6 273.9
   7 23 61  0.0
  72.5 321.4 72.4 322.2 72.3 322.9 72.3 323.7 72.2 324.3 72.2 325.0 72.2 325.6
  72.2 326.2 72.2 326.7 72.2 327.2 72.2 327.7 72.2 328.1 72.3 328.5 72.5 328.9
  72.6 329.4 72.7 329.8 72.9 330.2 73.0 330.6 73.1 331.1 73.3 331.5 73.4 331.9
  73.6 332.4 73.7 332.8 73.9 333.3 74.0 333.7 74.2 333.8 74.3 334.0 74.5 334.2
  74.5 334.3 74.6 334.5 74.6 334.6 74.6 334.7 74.5 334.9 74.5 335.0 74.4 335.1
  74.2 335.2 74.1 335.3 73.9 335.3 73.7 335.8 73.5 336.4 73.4 336.9 73.3 337.5
  73.2 338.0 73.1 338.6 73.0 339.1 73.0 339.6 72.9 340.1 72.7 340.6 72.6 341.0
  72.5 341.4 72.3 341.8 72.2 342.1 72.1 342.3 72.0 342.5 71.9 342.7 71.9 342.9
  71.8 343.2 71.8 343.5 71.7 343.7 71.7 343.9 71.7 344.0 71.7 344.2 71.8 344.3
  71.8 344.4 71.9 344.5 71.9 344.6 72.0 344.6 72.0 344.7 72.1 344.6 72.2 344.5
  72.2 344.4 72.3 344.3 72.3 344.3 72.4 344.2 72.4 344.1 72.5 344.0 72.5 343.9
  72.5 343.8 72.4 343.7 72.4 343.5 72.3 343.3 72.2 343.2 72.2 343.0 72.1 342.8
  72.0 342.6 71.8 342.5 71.7 342.4 71.6 342.3 71.5 342.1 71.4 342.0 71.2 341.7
  71.1 341.5 71.0 341.2 70.8 340.9 70.7 340.6 70.5 340.3 70.4 340.0 70.1 339.6
  69.9 339.3 69.6 338.9 69.4 338.6 69.2 338.4 69.0 338.2 68.8 338.1 68.5 338.0
  68.3 338.0 68.0 338.1 67.8 338.2 67.5 338.3 67.3 338.4 67.0 338.6 66.8 338.8
  66.5 339.1 66.2 339.4 65.9 339.7 65.6 339.9 65.3 340.1 65.1 340.3 64.9 340.6
  64.7 340.9 64.5 341.2 64.3 341.6 64.0 342.0 63.8 342.5 63.7 342.6 63.5 342.8
  63.3 343.0 63.1 343.3 63.0 343.5 62.8 343.9 62.6 344.2 62.5 344.6 62.4 345.0
  62.3 345.4 62.3 345.8 62.2 346.3 62.1 346.7 62.0 347.1 61.9 347.5 61.9 347.5
  61.8 347.5 61.8 347.4 61.7 347.4 61.7 347.4 61.6 347.4 61.6 347.4 61.6 347.5
  61.6 347.5 61.5 347.6 61.5 347.8 61.4 347.9 61.4 348.1 61.4 348.4 61.5 348.7
  61.5 349.0 61.6 349.3 61.6 349.7 61.7 350.2 61.8 350.6 61.9 351.1 62.0 351.5
  62.1 352.0 62.2 352.6 62.4 353.3 62.5 353.9 62.7 354.6 62.9 355.2 63.1 355.9
  63.3 356.6 63.3 357.3 63.4 358.0 63.5 358.8 63.6 359.5 63.6   0.3 63.6   0.6
  63.6   1.0 63.5   1.4 63.5   1.7 63.4   2.1 63.4   2.5 63.4   2.9 63.3   3.3
  63.3   3.7 63.3   4.1 63.2   4.5 63.1   4.9 63.0   5.4 62.9   5.8 62.8   6.3
  62.7   6.8 62.7   7.3 62.7   7.8 62.7   8.3 62.5   8.8 62.3   9.3 62.1   9.7
  61.9  10.2 61.7  10.6 61.5  11.0 61.3  11.3 61.1  11.7 60.8  12.1 60.5  12.4
  60.3  12.8 60.0  13.1 59.7  13.4 59.5  13.7 59.2  14.0 58.9  14.3 58.6  14.5
  58.3  14.7 58.0  14.9 57.7  15.1 57.4  15.3 57.1  15.5 56.8  15.6 56.5  15.8
  56.2  15.9 55.9  16.1 55.6  16.1 55.4  16.1 55.2  16.1 55.0  16.1 54.8  16.1
  54.6  16.0 54.4  15.9 54.0  15.9 53.7  15.8 53.3  15.5 52.9  15.3 52.6  15.1
  52.2  14.8 51.8  14.5 51.3  14.3 50.9  14.0 50.4  13.7 49.9  13.4 49.4  13.1
  48.9  12.8 48.3  12.6 47.7  12.3
   7 24 61  0.0
  72.5 321.4 72.4 321.7 72.3 322.1 72.3 322.5 72.2 322.8 72.2 323.2 72.1 323.6
  72.1 324.1 72.0 324.5 71.9 325.3 71.9 326.1 71.8 326.9 71.7 327.7 71.7 328.4
  71.6 329.2 71.5 330.0 71.5 330.7 71.4 331.4 71.4 332.1 71.3 332.7 71.3 333.3
  71.3 333.9 71.2 334.5 71.2 335.0 71.2 335.5 71.3 335.9 71.3 336.3 71.4 336.7
  71.5 337.1 71.6 337.5 71.7 337.9 71.8 338.3 72.0 338.8 72.1 339.2 72.2 339.7
  72.4 340.3 72.6 340.9 72.7 341.5 72.9 342.1 73.1 342.7 73.2 343.2 73.4 343.7
  73.5 344.2 73.7 344.7 73.8 345.2 73.9 345.7 74.0 346.1 74.1 346.6 74.1 346.9
  74.2 347.2 74.3 347.4 74.3 347.7 74.4 347.9 74.5 348.1 74.6 348.2 74.7 348.4
  74.8 348.5 74.9 348.5 75.0 348.6 75.1 348.6 75.3 348.6 75.4 348.6 75.5 348.5
  75.6 348.5 75.7 348.5 75.8 348.4 75.9 348.4 75.9 348.4 75.9 348.3 76.0 348.3
  76.0 348.3 76.0 348.2 76.0 348.2 75.9 348.2 75.9 348.2 75.9 348.2 75.9 348.2
  75.9 348.2 75.9 348.3 75.9 348.4 75.9 348.4 75.9 348.5 75.9 348.6 76.0 348.7
  76.0 348.9 76.0 349.0 76.1 349.0 76.1 348.9 76.1 348.7 76.2 348.6 76.2 348.4
  76.3 348.2 76.3 347.9 76.3 347.6 76.3 347.3 76.3 346.9 76.4 346.5 76.4 346.1
  76.4 345.6 76.4 345.1 76.4 344.6 76.4 343.9 76.3 343.3 76.3 342.6 76.2 341.8
  76.1 341.0 76.0 340.2 75.9 339.6 75.7 339.0 75.6 338.3 75.4 337.7 75.3 337.2
  75.1 336.7 74.9 336.2 74.8 335.8 74.6 335.4 74.4 335.1 74.2 334.8 74.0 334.6
  73.8 334.4 73.6 334.3 73.3 334.2 73.1 334.1 72.9 333.9 72.7 333.8 72.5 333.6
  72.3 333.5 72.1 333.3 71.9 333.1 71.7 333.1 71.5 333.1 71.3 333.2 71.2 333.3
  71.0 333.4 70.8 333.6 70.7 333.8 70.5 334.1 70.2 334.4 70.0 334.8 69.8 335.5
  69.5 336.3 69.3 337.0 69.1 337.8 68.8 338.6 68.6 339.4 68.3 340.2 68.1 341.0
  67.9 341.8 67.8 342.6 67.6 343.4 67.5 344.2 67.4 345.0 67.4 345.8 67.3 346.7
  67.3 347.5 67.3 348.3 67.3 349.1 67.4 349.9 67.4 350.6 67.4 351.3 67.4 352.0
  67.5 352.7 67.6 353.4 67.7 354.1 67.8 354.8 67.8 355.5 67.9 356.2 67.9 356.9
  68.0 357.6 68.0 358.2 68.1 359.0 68.1 359.6 68.2   0.3 68.2   0.5 68.2   0.7
  68.1   0.9 68.1   1.1 68.0   1.2 67.9   1.4 67.8   1.8 67.7   2.1 67.6   2.5
  67.4   2.9 67.3   3.3 67.2   3.7 67.2   4.1 67.0   4.5 66.9   4.9 66.8   5.3
  66.7   5.6 66.6   6.0 66.6   6.3 66.5   6.6 66.4   7.0 66.4   7.3 66.3   7.6
  66.2   7.9 66.1   8.2 66.0   8.4 65.8   8.8 65.7   9.1 65.5   9.4 65.3   9.8
  65.1  10.1 64.9  10.4 64.7  10.7 64.5  11.1 64.3  11.4 64.1  11.8 63.9  12.2
  63.7  12.6 63.4  13.0 63.2  13.4 62.9  13.8 62.6  14.3 62.3  14.7 62.0  15.1
  61.7  15.5 61.4  15.8 61.0  16.1 60.7  16.3 60.4  16.6 60.0  16.9 59.7  17.2
  59.5  17.4 59.2  17.6 59.0  17.8 58.8  18.1 58.5  18.3 58.4  18.5 58.2  18.8
  58.0  19.0 57.8  19.1 57.6  19.3 57.4  19.4 57.3  19.5 57.1  19.6 56.9  19.7
  56.7  19.8 56.5  19.8 56.3  19.9
   7 25 61  0.0
  72.5 321.4 72.5 322.0 72.4 322.5 72.4 323.1 72.4 323.6 72.3 324.2 72.2 324.7
  72.1 325.3 72.0 325.8 71.9 326.7 71.8 327.5 71.7 328.4 71.5 329.2 71.4 330.0
  71.2 330.7 71.1 331.5 70.9 332.3 70.8 333.0 70.6 333.8 70.5 334.5 70.4 335.2
  70.3 335.9 70.1 336.6 70.1 337.3 70.0 338.0 69.9 338.9 69.8 339.7 69.8 340.5
  69.7 341.2 69.7 341.9 69.6 342.6 69.6 343.3 69.5 343.9 69.5 344.5 69.4 345.0
  69.4 345.6 69.4 346.1 69.4 346.7 69.4 347.2 69.4 347.7 69.4 348.3 69.5 348.9
  69.6 349.4 69.7 350.0 69.8 350.7 69.9 351.3 70.1 351.9 70.2 352.6 70.2 353.4
  70.3 354.0 70.3 354.6 70.4 355.2 70.4 355.7 70.4 356.2 70.4 356.6 70.4 356.9
  70.3 357.2 70.3 357.4 70.3 357.6 70.3 357.8 70.2 357.9 70.2 357.9 70.2 358.0
  70.2 358.1 70.2 358.2 70.2 358.3 70.2 358.5 70.2 358.6 70.2 358.8 70.2 359.0
  70.2 359.2 70.2 359.5 70.2 359.7 70.2 360.0 70.3   0.3 70.3   0.4 70.3   0.5
  70.4   0.6 70.4   0.7 70.5   0.9 70.6   1.0 70.7   1.2 70.7   1.3 70.8   1.5
  70.9   1.7 71.0   1.9 71.1   2.1 71.1   2.2 71.2   2.4 71.2   2.5 71.2   2.6
  71.2   2.7 71.2   2.8 71.2   2.8 71.1   2.9 71.1   2.9 71.0   2.9 71.0   2.8
  70.9   2.8 70.8   2.8 70.8   2.8 70.8   2.7 70.7   2.7 70.7   2.7 70.7   2.7
  70.7   2.8 70.7   2.8 70.7   2.8 70.7   2.8 70.8   2.9 70.8   2.9 70.9   2.9
  70.9   2.9 70.9   2.9 71.0   2.8 71.0   2.8 71.1   2.7 71.1   2.7 71.2   2.6
  71.2   2.5 71.2   2.4 71.3   2.3 71.3   2.2 71.3   2.1 71.4   2.0 71.4   1.8
  71.4   1.7 71.3   1.6 71.3   1.5 71.3   1.3 71.2   1.2 71.2   1.1 71.1   0.9
  71.0   0.8 71.0   0.7 70.9   0.5 70.9   0.4 70.9   0.2 70.9   0.1 71.0 359.9
  71.0 359.3 71.1 358.8 71.1 358.2 71.2 357.6 71.3 357.0 71.5 356.4 71.6 355.8
  71.6 355.2 71.6 354.7 71.7 354.2 71.7 353.7 71.7 353.2 71.7 352.7 71.7 352.2
  71.7 351.8 71.7 351.3 71.6 350.9 71.6 350.6 71.5 350.2 71.5 350.0 71.4 349.8
  71.4 349.6 71.4 349.5 71.3 349.5 71.3 349.5 71.3 349.5 71.3 349.6 71.3 349.7
  71.3 349.9 71.3 350.1 71.3 350.3 71.3 350.5 71.4 350.8 71.5 351.0 71.6 351.3
  71.7 351.6 71.8 351.8 72.0 352.1 72.1 352.4 72.4 352.4 72.6 352.5 72.9 352.6
  73.2 352.6 73.4 352.6 73.6 352.4 73.8 352.2 74.0 351.9 74.1 350.9 74.2 349.9
  74.3 348.8 74.3 347.6 74.2 346.4 74.0 345.2 73.8 344.6 73.6 344.1 73.5 343.7
  73.1 343.3 72.8 342.8 72.5 342.5 72.2 342.1 72.0 341.7 71.8 341.8 71.6 341.8
  71.4 341.9 71.3 341.8 71.2 341.8 71.1 341.7 71.0 341.6 70.9 341.4 70.8 341.2
  70.7 341.0 70.6 340.7 70.4 340.4 70.3 340.0 70.2 339.6 69.9 339.2 69.6 339.6
  69.4 339.8 69.1 340.1 68.9 340.2 68.7 340.3 68.5 340.4 68.3 340.4 68.1 340.3
  67.9 340.2 67.7 339.8 67.3 339.4 67.0 338.8 66.7 338.1 66.4 337.3 66.1 336.4
  65.8 335.5 65.4 334.7 64.8 333.9 64.3 333.3 63.7 332.6 63.1 332.6 62.6 332.6
  62.1 332.5 61.7 332.5 61.3 332.6
   7 26 61  0.0
  72.5 321.4 72.2 321.5 72.0 321.7 71.8 322.0 71.6 322.3 71.4 322.6 71.3 322.9
  71.1 323.1 71.0 323.4 70.9 323.6 70.9 323.8 70.8 324.0 70.8 324.1 70.8 324.3
  70.7 324.5 70.7 324.8 70.6 325.1 70.5 325.5 70.4 326.0 70.4 326.5 70.3 327.1
  70.1 327.7 70.0 328.4 69.8 329.1 69.6 329.8 69.3 330.5 69.1 331.1 68.8 331.8
  68.6 332.5 68.3 333.1 68.1 333.8 67.8 334.4 67.6 334.8 67.4 335.3 67.2 335.7
  67.0 336.2 66.8 336.6 66.7 337.1 66.5 337.6 66.4 338.1 66.2 338.6 66.1 339.1
  65.9 339.6 65.7 339.5 65.6 339.4 65.4 339.4 65.3 339.3 65.1 339.3 64.9 339.3
  64.8 339.2 64.6 339.2 64.4 339.1 64.2 338.9 64.1 338.7 63.9 338.5 63.8 337.8
  63.6 337.2 63.5 336.6 63.4 336.0 63.1 335.4 62.7 334.9 62.3 334.3 62.0 333.6
  61.7 333.0 61.4 332.2 61.1 331.4 60.7 330.6 60.3 329.8 60.0 329.0 59.6 328.0
  59.3 327.0 59.0 326.0 58.6 325.0 58.3 324.0 58.0 323.0 57.7 322.0 57.5 320.9
  57.2 319.8 57.0 318.7 56.8 317.7 56.7 316.6 56.5 315.7 56.4 314.7 56.3 313.7
  56.2 312.7 56.1 311.7 56.0 310.7 55.9 309.8 55.8 308.8 55.6 307.8 55.6 306.7
  55.6 305.7 55.6 304.7 55.6 303.6 55.9 302.6 56.1 301.6 56.4 300.8 56.7 300.0
  57.1 299.2 57.4 298.5 57.7 297.8 58.1 297.1 58.4 296.5 58.8 295.9 59.2 295.3
  59.5 294.7 59.9 294.1 60.3 293.5 60.7 293.1 61.0 292.8 61.4 292.4 61.8 292.1
  62.2 291.7 62.6 291.6 63.0 291.6 63.3 291.5 63.7 291.5 64.0 291.5 64.4 291.9
  64.7 292.4 65.0 292.9 65.3 293.5 65.5 294.0 65.8 294.6 66.1 295.2 66.4 295.9
  66.7 296.6 66.9 297.3 67.2 298.1 67.5 298.9 67.7 299.8 67.9 300.6 68.1 301.6
  68.3 302.6 68.4 303.6 68.6 304.7 68.7 305.8 68.8 306.9 69.0 308.1 69.1 309.3
  69.1 310.5 69.2 311.8 69.3 313.1 69.3 314.5 69.3 315.9 69.2 317.3 69.1 318.7
  69.0 320.0 68.7 321.3 68.5 322.6 68.2 323.7 67.9 324.9 67.5 326.2 67.2 327.4
  66.7 328.5 66.2 329.4 65.6 330.2 65.0 330.8 64.3 331.2 63.6 331.6 62.9 331.7
  62.2 331.8 61.5 331.9 60.8 331.9 60.1 331.8 59.5 331.7 59.0 331.3 58.5 331.0
  58.1 330.6 57.7 330.3 57.2 329.8 56.8 329.3 56.3 328.7 55.9 328.0 55.4 327.2
  54.9 326.3 54.4 325.3 53.8 324.3 53.2 323.2 52.8 322.1 52.3 320.8 51.8 319.5
  51.6 318.2 51.4 316.9 51.2 315.7 51.3 314.4 51.4 313.3 51.4 312.2 51.4 311.2
  51.5 310.2 51.6 309.3 51.7 308.4 51.7 307.5 51.9 306.6 52.1 305.8 52.4 304.8
  52.6 303.9 52.9 302.9 53.2 302.0 53.6 301.0 54.0 300.1 54.5 299.3 54.8 298.6
  55.2 297.9 55.7 297.2 56.2 296.6 56.7 296.2 57.3 295.8 57.6 295.3 58.0 294.9
  58.3 294.5 58.7 294.2 59.0 293.8 59.4 293.4 59.7 292.9 60.0 292.5 60.3 292.0
  60.6 291.6 60.8 291.1 61.1 290.6 61.4 290.2 61.8 289.7 62.1 289.2 62.5 288.9
  62.9 288.6 63.4 288.3 63.8 288.0 64.1 287.7 64.5 287.6 64.8 287.6 65.2 287.5
  65.5 287.5 65.9 287.3 66.2 287.2 66.6 287.3 67.0 287.3 67.4 287.5 67.8 287.6
  68.2 287.7 68.6 287.8 69.1 287.8
   7 27 61  0.0
  72.5 321.4 72.4 321.5 72.4 321.6 72.3 321.7 72.3 321.9 72.2 322.0 72.2 322.1
  72.1 322.3 72.0 322.4 72.0 322.6 72.0 322.9 71.9 323.3 71.9 323.7 71.8 324.0
  71.8 324.4 71.7 324.7 71.6 325.1 71.4 325.4 71.3 325.7 71.1 326.0 71.0 326.3
  70.8 326.5 70.5 326.8 70.3 327.0 70.0 327.2 69.8 327.5 69.5 327.9 69.3 328.4
  69.2 328.8 69.1 329.2 69.0 329.5 68.9 329.9 68.8 330.1 68.7 330.4 68.6 330.6
  68.5 330.8 68.4 330.9 68.4 331.0 68.3 331.2 68.1 331.4 68.0 331.6 67.8 331.9
  67.7 332.1 67.5 332.4 67.3 332.6 67.1 332.9 66.9 333.2 66.6 333.5 66.4 333.8
  66.1 334.1 65.8 334.4 65.5 334.3 65.2 334.2 64.9 334.1 64.7 334.0 64.4 334.0
  64.1 334.0 63.9 333.9 63.6 333.4 63.4 332.8 63.2 332.3 62.9 331.8 62.7 331.2
  62.5 330.7 62.2 330.2 62.0 329.6 61.8 329.1 61.7 328.2 61.5 327.2 61.3 326.3
  61.2 325.4 61.1 324.4 61.0 323.5 60.9 322.6 60.7 321.6 60.5 320.7 60.4 319.7
  60.3 318.6 60.2 317.5 60.1 316.5 60.0 315.4 60.0 314.4 60.0 313.4 60.0 312.4
  60.0 311.3 59.9 310.3 59.8 309.3 59.8 308.4 59.7 307.4 59.5 306.5 59.4 305.6
  59.3 304.7 59.2 303.8 59.2 302.8 59.1 301.8 59.1 300.7 59.1 299.5 59.2 298.3
  59.2 297.1 59.3 295.9 59.5 294.7 59.7 293.5 59.9 292.3 60.1 291.0 60.3 289.8
  60.5 288.6 60.6 287.3 60.8 285.9 61.0 284.5 61.1 283.0 61.4 281.6 61.6 280.3
  61.8 278.9 62.1 277.6 62.3 276.2 62.5 274.7 62.7 273.2 62.9 271.7 63.2 270.1
  63.4 268.5 63.6 266.9 63.8 265.2 64.1 263.7 64.2 262.3 64.4 261.0 64.5 259.8
  64.5 258.5 64.5 257.3 64.5 256.0 64.5 254.8 64.4 253.5 64.3 252.3 64.2 251.1
  64.1 249.8 64.0 248.7 63.8 247.6 63.6 246.5 63.5 245.5 63.2 244.5 63.0 243.5
  62.8 242.6 62.5 241.7 62.3 240.7 62.0 239.8 61.8 238.6 61.7 237.4 61.5 236.2
  61.4 235.0 61.1 233.8 60.8 232.7 60.5 231.7 60.1 230.7 59.7 229.7 59.2 228.8
  58.7 227.9 58.2 227.0 57.7 226.1 57.2 225.2 56.7 224.4 56.2 223.5 55.7 222.7
  55.3 221.8 54.8 221.0 54.3 220.1 53.8 219.2 53.3 218.3 52.9 217.5 52.4 216.5
  51.9 215.6 51.4 214.6 50.9 213.5 50.4 212.4 49.9 211.3 49.4 210.1 48.9 208.9
  48.4 207.7 48.1 206.5 47.8 205.3 47.5 204.1 47.1 202.9 47.1 201.7 47.1 200.6
  47.1 199.6 47.3 198.6 47.5 197.7 47.7 196.8 47.9 195.9 48.1 195.1 48.4 194.2
  48.6 193.3 48.8 192.4 49.0 191.5 49.3 190.6 49.5 189.7 49.9 188.8 50.2 188.0
  50.6 187.3 51.0 186.6 51.4 185.9 51.9 185.3 52.4 184.7 53.0 184.2 53.5 183.6
  54.1 183.0 54.7 182.3 55.3 181.5 55.8 180.7 56.3 179.9 56.8 179.0 57.3 178.1
  57.7 177.2 58.1 176.2 58.5 175.3 58.9 174.2 59.2 173.2 59.6 172.2 60.0 171.1
  60.3 170.1 60.7 169.2 61.0 168.3 61.3 167.5 61.5 166.7 61.7 166.0 61.9 165.4
  62.1 164.7 62.3 164.2 62.5 163.7 62.6 163.1 62.6 162.6 62.7 162.0 62.7 161.4
  62.8 160.9 62.8 160.4 62.9 159.9 62.9 159.4 62.9 159.0 62.8 158.5 62.8 158.1
  62.8 157.7 62.9 157.4 62.9 157.0
   7 28 61  0.0
  72.5 321.4 72.2 321.6 71.9 321.8 71.6 321.8 71.3 321.9 71.1 322.0 70.9 322.1
  70.7 322.3 70.5 322.4 70.3 322.6 70.2 322.8 70.1 323.1 70.0 323.3 69.9 323.8
  69.9 324.3 69.9 324.9 69.9 325.4 69.9 325.8 69.8 326.3 69.8 326.8 69.8 327.3
  69.7 327.7 69.7 328.2 69.7 328.7 69.7 329.1 69.7 329.6 69.7 330.1 69.6 330.5
  69.6 330.9 69.6 331.4 69.6 331.8 69.5 332.2 69.5 332.6 69.6 332.9 69.6 333.3
  69.6 333.7 69.6 334.1 69.6 334.5 69.6 334.9 69.5 335.3 69.5 335.7 69.5 336.2
  69.6 336.6 69.7 337.1 69.7 337.6 69.8 338.2 69.9 338.7 70.0 339.3 70.1 339.6
  70.3 340.0 70.4 340.4 70.6 340.8 70.7 341.1 70.8 341.4 70.9 341.7 70.9 342.0
  71.0 342.2 71.0 342.4 71.1 342.6 71.1 342.8 71.1 342.9 71.1 343.0 71.1 343.1
  71.0 343.3 71.0 343.5 71.0 343.8 70.9 344.2 70.9 344.5 71.0 345.0 71.0 345.4
  71.0 346.0 71.0 346.6 71.0 347.2 71.0 347.9 71.0 348.6 71.1 349.4 71.1 350.1
  71.2 350.9 71.3 351.7 71.3 352.5 71.4 353.4 71.5 354.2 71.6 355.1 71.7 356.1
  71.7 357.0 71.8 358.0 71.9 359.1 71.9   0.1 72.0   0.4 72.0   0.8 72.0   1.0
  72.1   1.1 72.1   1.3 72.1   1.5 72.1   1.7 72.1   1.9 72.1   2.0 72.1   2.2
  72.1   2.4 72.1   2.5 72.1   2.7 72.2   2.9 72.2   3.0 72.2   3.2 72.3   3.4
  72.3   3.5 72.4   3.7 72.4   3.8 72.5   4.0 72.6   4.1 72.6   4.2 72.6   4.4
  72.6   4.5 72.5   4.6 72.5   4.7 72.4   4.8 72.3   4.9 72.2   5.0 72.1   5.1
  71.9   5.2 71.8   5.4 71.6   5.5 71.4   5.7 71.3   5.8 71.1   6.0 70.9   6.1
  70.7   6.2 70.6   6.3 70.4   6.4 70.2   6.4 70.1   6.5 69.9   6.5 69.7   6.6
  69.6   6.6 69.5   6.6 69.4   6.7 69.3   6.7 69.2   6.8 69.1   6.8 69.1   6.8
  69.0   6.9 69.0   6.9 69.0   7.0 68.9   7.0 68.9   7.1 68.9   7.1 68.9   7.2
  68.9   7.2 69.0   7.3 69.0   7.4 69.0   7.6 69.1   7.7 69.2   7.8 69.2   8.0
  69.2   8.2 69.1   8.4 69.1   8.6 69.0   8.8 68.9   9.0 68.9   9.2 68.8   9.4
  68.7   9.5 68.7   9.6 68.6   9.7 68.6   9.7 68.5   9.8 68.4   9.8 68.4   9.8
  68.3   9.8 68.3   9.7 68.2   9.7 68.2   9.6 68.1   9.6 68.1   9.5 68.0   9.5
  68.0   9.4 67.9   9.3 67.9   9.2 67.8   9.1 67.7   9.0 67.7   8.9 67.6   8.8
  67.6   8.6 67.6   8.5 67.5   8.4 67.5   8.4 67.5   8.3 67.5   8.3 67.5   8.2
  67.6   8.2 67.6   8.2 67.6   8.2 67.7   8.2 67.8   8.2 67.8   8.3 67.9   8.3
  67.9   8.4 68.0   8.4 68.0   8.5 68.0   8.4 68.0   8.3 68.0   8.2 68.0   8.1
  68.0   7.9 67.8   8.1 67.8   8.2 67.8   8.3 67.8   8.4 67.7   8.5 67.7   8.6
  67.8   8.6 67.8   8.7 67.8   8.7 67.9   8.7 67.9   8.7 68.0   8.7 68.1   8.5
  68.2   8.2 68.4   8.0 68.4   7.8 68.5   7.6 68.6   7.4 68.6   7.2 68.7   7.0
  68.8   6.8 68.9   6.7 68.9   6.5 69.0   6.4 69.1   6.3 69.2   6.1 69.2   6.0
  69.3   5.9 69.3   5.9 69.3   5.8 69.4   5.8 69.4   5.8 69.4   5.7 69.4   5.7
  69.4   5.8 69.3   5.8 69.3   5.9
   7 29 61  0.0
  72.5 321.4 72.4 321.7 72.3 321.9 72.2 322.0 72.0 322.1 71.9 322.2 71.7 322.3
  71.5 322.4 71.3 322.4 71.0 322.4 70.8 322.3 70.5 322.1 70.1 322.0 69.7 321.8
  69.4 321.6 69.0 321.4 68.6 321.2 68.2 321.0 67.8 320.8 67.5 320.5 67.1 320.3
  66.8 320.0 66.4 319.6 66.0 319.2 65.7 318.8 65.4 318.3 65.1 317.9 64.9 317.4
  64.7 317.0 64.5 316.7 64.3 316.3 64.1 316.0 64.0 315.7 63.8 315.4 63.6 315.0
  63.5 314.6 63.4 314.2 63.3 313.8 63.2 313.3 63.1 312.9 63.1 312.5 63.0 312.1
  63.0 311.8 63.0 311.4 63.0 311.1 63.0 310.8 63.0 310.5 63.1 310.2 63.2 309.9
  63.3 309.6 63.4 309.4 63.5 309.1 63.6 308.8 63.8 308.5 63.9 308.3 64.0 308.0
  64.2 308.0 64.4 308.0 64.6 308.0 64.8 308.0 64.9 308.0 65.0 308.0 65.2 308.1
  65.3 308.1 65.5 308.2 65.6 308.3 65.8 308.4 66.0 308.5 66.2 308.7 66.5 308.8
  66.7 308.8 67.0 308.9 67.3 308.9 67.6 308.9 67.9 308.9 68.2 309.0 68.5 309.3
  68.7 309.6 69.0 309.9 69.2 310.3 69.5 310.7 69.7 311.1 69.9 311.5 70.1 312.0
  70.3 312.4 70.4 312.8 70.5 313.2 70.7 313.7 70.8 314.1 70.9 314.6 71.1 315.1
  71.2 315.7 71.4 316.3 71.5 316.9 71.6 317.6 71.6 318.4 71.7 319.2 71.8 320.1
  71.8 321.0 71.8 321.9 71.8 322.8 71.8 323.7 71.7 324.7 71.6 325.6 71.5 326.5
  71.4 327.3 71.3 328.1 71.1 329.0 71.0 329.7 70.8 330.5 70.7 331.3 70.5 332.0
  70.4 332.8 70.2 333.5 70.1 334.2 69.9 334.9 69.8 335.8 69.7 336.7 69.6 337.6
  69.5 338.5 69.4 339.3 69.3 340.2 69.3 341.0 69.3 341.7 69.2 342.5 69.2 343.2
  69.1 343.8 69.1 344.5 69.1 345.1 69.1 345.7 69.1 346.3 69.1 346.8 69.1 347.4
  69.1 348.0 69.1 348.6 69.1 349.2 69.2 349.8 69.3 350.4 69.5 351.0 69.6 351.7
  69.7 352.4 69.7 353.0 69.8 353.7 69.8 354.4 69.8 355.0 69.9 355.6 69.9 356.2
  69.9 356.6 69.8 357.0 69.8 357.3 69.7 357.6 69.7 357.8 69.6 357.9 69.6 357.9
  69.6 357.9 69.6 357.8 69.6 357.6 69.6 357.4 69.6 357.2 69.6 357.0 69.6 356.9
  69.6 356.7 69.6 356.6 69.6 356.5 69.6 356.5 69.6 356.4 69.6 356.4 69.6 356.4
  69.6 356.5 69.6 356.5 69.6 356.6 69.7 356.7 69.7 356.8 69.8 356.9 69.8 357.0
  69.9 357.1 70.0 357.2 70.0 357.3 70.1 357.7 70.2 358.2 70.4 358.7 70.5 359.2
  70.6 359.6 70.7   0.0 70.7   0.2 70.8   0.3 70.8   0.4 70.8   0.5 70.8   0.5
  70.8   0.6 70.8   0.6 70.7   0.6 70.6   0.6 70.6   0.6 70.5   0.6 70.4   0.6
  70.4   0.6 70.3   0.6 70.3   0.6 70.3   0.6 70.2   0.6 70.2   0.6 70.2   0.7
  70.2   0.7 70.2   0.8 70.3   0.8 70.3   0.8 70.3   0.9 70.4   0.9 70.4   0.9
  70.4   0.9 70.4   0.8 70.5   0.8 70.5   0.7 70.5   0.7 70.6   0.6 70.6   0.5
  70.7   0.4 70.7   0.3 70.7   0.2 70.7   0.1 70.7 360.0 70.7 359.7 70.6 359.3
  70.6 359.0 70.5 358.8 70.5 358.5 70.4 358.2 70.3 357.9 70.1 357.7 70.0 357.4
  69.9 357.2 69.9 357.1 69.8 357.0 69.8 356.9 69.7 356.8 69.7 356.7 69.7 356.5
  69.8 356.3 69.8 356.0 69.8 355.8
   7 30 61  0.0
  72.5 321.4 72.6 322.0 72.7 322.5 72.7 322.9 72.8 323.3 72.8 323.6 72.8 323.8
  72.7 323.9 72.7 324.0 72.6 324.0 72.5 323.9 72.4 323.7 72.3 323.4 72.2 323.1
  72.0 322.8 71.9 322.5 71.8 322.7 71.7 322.8 71.6 323.0 71.5 323.2 71.4 323.4
  71.2 323.7 71.1 323.9 71.0 324.2 70.9 324.5 70.8 324.8 70.6 325.0 70.5 325.2
  70.3 325.3 70.1 325.3 69.9 325.3 69.7 325.3 69.4 325.3 69.2 325.2 68.9 325.0
  68.5 324.8 68.2 324.5 67.8 324.2 67.4 324.0 67.0 323.8 66.6 323.6 66.2 323.4
  65.8 323.2 65.4 323.0 65.1 322.7 64.7 322.5 64.4 322.2 64.1 321.8 63.9 321.5
  63.7 321.2 63.5 320.9 63.3 320.7 63.1 320.4 63.0 320.0 62.9 319.7 62.7 319.3
  62.5 319.0 62.3 318.6 62.2 318.2 62.1 317.7 62.1 317.3 62.0 316.7 62.0 316.3
  62.0 315.6 61.9 315.0 61.8 314.5 61.7 313.9 61.6 313.4 61.6 312.9 61.6 312.3
  61.5 311.8 61.5 311.3 61.5 310.8 61.6 310.2 61.6 309.7 61.7 309.2 61.7 308.7
  61.8 308.2 61.8 307.7 61.9 307.2 62.0 306.7 62.1 306.5 62.2 306.2 62.4 306.0
  62.5 305.7 62.6 305.5 62.8 305.3 62.9 305.1 63.1 305.0 63.3 304.9 63.5 304.9
  63.6 304.9 63.8 304.9 64.0 305.0 64.3 305.3 64.5 305.6 64.7 306.0 65.0 306.3
  65.2 306.6 65.5 307.0 65.8 307.3 66.0 307.7 66.2 308.0 66.5 308.3 66.7 308.5
  66.9 308.8 67.1 309.2 67.2 309.5 67.4 309.9 67.5 310.4 67.7 310.9 67.9 311.5
  68.0 312.2 68.1 312.8 68.2 313.4 68.3 314.1 68.4 314.9 68.6 315.7 68.7 316.5
  68.8 317.3 68.9 318.3 69.1 319.2 69.2 320.2 69.2 321.1 69.2 322.0 69.2 323.0
  69.2 323.9 69.2 324.8 69.0 325.6 68.9 326.5 68.8 327.4 68.6 328.3 68.4 329.1
  68.2 330.0 68.1 330.8 67.9 331.6 67.7 332.3 67.5 332.9 67.4 333.6 67.2 334.2
  67.1 334.9 66.9 335.6 66.7 336.2 66.6 336.9 66.5 337.5 66.3 338.2 66.2 338.7
  66.1 339.2 65.9 339.6 65.8 339.4 65.7 339.1 65.5 338.8 65.4 338.5 65.3 338.1
  65.2 337.6 65.1 337.1 65.0 336.5 64.9 335.9 64.5 335.2 64.0 334.7 63.6 334.2
  63.2 333.6 62.8 333.0 62.4 332.4 62.1 331.9 61.6 331.3 61.2 330.6 60.8 329.8
  60.4 329.1 60.0 328.4 59.7 327.6 59.3 326.7 59.0 325.8 58.6 324.8 58.3 323.8
  58.0 322.7 57.8 321.6 57.6 320.5 57.4 319.4 57.2 318.4 57.1 317.3 56.9 316.3
  56.8 315.3 56.6 314.3 56.5 313.2 56.3 312.2 56.1 311.1 56.0 310.0 55.9 308.8
  55.8 307.6 55.8 306.4 55.9 305.2 56.0 303.9 56.2 302.7 56.5 301.8 56.8 301.0
  57.1 300.2 57.4 299.4 57.7 298.6 58.1 297.8 58.4 297.2 58.7 296.6 59.0 296.0
  59.4 295.3 59.7 294.7 60.1 294.0 60.5 293.7 60.9 293.3 61.3 293.0 61.7 292.7
  62.0 292.4 62.4 292.4 62.7 292.4 63.1 292.4 63.4 292.5 63.7 292.5 64.0 292.6
  64.3 292.8 64.5 293.3 64.8 293.8 65.1 294.4 65.4 294.9 65.7 295.5 66.0 296.0
  66.3 296.7 66.6 297.5 66.9 298.2 67.2 299.0 67.4 299.9 67.6 300.8 67.8 301.7
  68.0 302.7 68.1 303.7 68.3 304.7 68.4 305.8 68.6 306.9 68.7 308.0 68.8 309.2
  68.9 310.4 69.0 311.6 69.0 313.0
   7 31 61  0.0
  72.5 321.4 72.5 321.9 72.5 322.5 72.5 323.0 72.6 323.7 72.6 324.3 72.6 325.0
  72.7 325.8 72.7 326.6 72.8 327.5 72.8 328.4 72.9 329.3 73.0 330.4 73.1 331.4
  73.2 332.4 73.3 333.5 73.3 334.5 73.4 335.4 73.4 336.4 73.4 337.4 73.3 338.3
  73.3 339.2 73.2 340.1 73.1 340.9 73.0 341.8 72.8 342.6 72.7 343.3 72.5 343.8
  72.4 344.2 72.3 344.4 72.2 344.4 72.1 344.2 72.0 343.9 71.9 343.5 71.8 342.8
  71.7 341.9 71.6 341.0 71.5 340.0 71.4 339.1 71.3 338.3 71.1 337.5 71.0 336.9
  70.8 336.3 70.6 335.7 70.4 335.2 70.2 334.8 70.0 334.4 69.7 334.2 69.5 334.0
  69.2 333.7 69.0 333.4 68.7 333.2 68.4 332.9 68.1 332.5 67.8 332.2 67.6 331.8
  67.3 331.4 66.9 331.0 66.5 330.6 66.1 330.2 65.8 329.8 65.4 329.4 65.0 329.1
  64.7 328.8 64.4 328.5 64.1 328.2 63.8 327.9 63.5 327.6 63.2 327.3 62.9 326.9
  62.7 326.6 62.4 326.3 62.3 325.9 62.1 325.6 62.0 325.3 61.9 324.8 61.8 324.3
  61.7 323.9 61.6 323.4 61.5 322.9 61.4 322.4 61.4 321.9 61.4 321.4 61.5 320.8
  61.5 320.2 61.6 319.5 61.6 318.9 61.6 318.2 61.6 317.6 61.5 317.0 61.6 316.3
  61.6 315.7 61.5 315.1 61.5 314.4 61.5 313.8 61.4 313.2 61.5 312.6 61.5 312.0
  61.5 311.4 61.6 310.8 61.6 310.2 61.7 309.6 61.7 309.1 61.8 308.5 61.9 307.9
  62.0 307.4 62.1 306.8 62.2 306.5 62.3 306.2 62.5 306.0 62.6 305.7 62.8 305.6
  62.9 305.4 63.1 305.3 63.3 305.3 63.4 305.3 63.6 305.3 63.8 305.4 64.0 305.5
  64.2 305.8 64.5 306.1 64.7 306.5 65.0 306.8 65.2 307.1 65.5 307.5 65.7 307.8
  65.9 308.2 66.1 308.5 66.3 308.8 66.5 309.1 66.7 309.4 66.9 309.8 67.0 310.2
  67.2 310.6 67.3 311.1 67.5 311.7 67.6 312.3 67.7 313.1 67.8 313.8 67.9 314.7
  68.0 315.5 68.1 316.3 68.2 317.1 68.3 317.9 68.4 318.8 68.6 319.7 68.7 320.7
  68.7 321.6 68.7 322.5 68.7 323.4 68.6 324.3 68.5 325.1 68.4 326.0 68.2 326.9
  68.1 327.7 67.9 328.5 67.7 329.2 67.5 329.8 67.4 330.5 67.2 331.1 67.0 331.8
  66.8 332.5 66.6 333.1 66.4 333.8 66.3 334.4 66.1 335.1 65.9 335.7 65.7 335.8
  65.6 335.9 65.4 336.1 65.3 336.1 65.1 336.1 65.0 336.0 64.8 335.9 64.6 335.7
  64.3 335.4 64.0 335.1 63.6 334.5 63.2 333.8 62.9 333.1 62.5 332.3 62.2 331.5
  61.6 330.7 61.1 329.8 60.7 328.8 60.3 327.8 59.9 326.7 59.5 325.7 59.2 324.6
  58.8 323.4 58.5 322.4 58.2 321.3 57.9 320.3 57.6 319.2 57.5 318.2 57.3 317.1
  57.1 316.1 56.9 315.1 56.8 314.2 56.8 313.2 56.7 312.3 56.6 311.3 56.5 310.3
  56.4 309.3 56.3 308.4 56.2 307.4 56.2 306.4 56.2 305.5 56.2 304.6 56.2 303.8
  56.4 303.0 56.6 302.2 56.9 301.4 57.1 300.6 57.5 299.9 57.8 299.1 58.2 298.4
  58.7 297.9 59.1 297.3 59.5 296.8 60.0 296.2 60.4 295.7 60.8 295.1 61.2 294.7
  61.6 294.2 62.0 293.8 62.4 293.3 62.8 293.1 63.2 292.9 63.5 292.8 63.9 292.6
  64.3 292.5 64.6 292.7 65.0 292.9 65.3 293.2 65.7 293.5 66.0 293.9 66.3 294.3
  66.6 295.0 66.8 295.6 67.1 296.3
