   8  1 50  0.0
  72.5 321.4 72.6 321.4 72.6 321.5 72.7 321.5 72.8 321.4 73.0 321.4 73.1 321.4
  73.3 321.3 73.4 321.2 73.6 321.1 73.8 321.0 74.1 320.8 74.3 320.7 74.6 320.5
  74.9 320.3 75.2 320.0 75.4 319.8 75.7 319.5 75.9 319.1 76.1 318.7 76.4 318.1
  76.6 317.4 76.9 316.7 77.1 315.9 77.3 315.0 77.5 314.1 77.7 313.2 77.9 312.1
  78.1 311.0 78.3 309.8 78.4 308.5 78.6 307.1 78.7 305.6 78.8 304.1 79.0 302.5
  79.1 300.8 79.2 299.1 79.3 297.3 79.4 295.5 79.5 293.7 79.6 291.8 79.7 289.9
  79.8 288.0 79.9 286.1 80.0 284.1 80.2 282.8 80.4 281.4 80.5 280.1 80.7 278.7
  80.9 277.4 81.1 276.1 81.3 274.7 81.5 273.4 81.7 272.0 81.9 270.7 82.1 269.3
  82.4 269.0 82.7 268.7 83.0 268.5 83.3 268.4 83.5 268.3 83.8 268.4 84.1 268.6
  84.4 270.0 84.8 271.7 85.1 273.8 85.4 276.2 85.7 279.1 85.9 282.5 86.1 286.6
  86.3 292.0 86.4 297.9 86.4 304.0 86.3 309.9 86.1 315.4 85.8 320.3 85.5 324.4
  85.1 327.5 84.6 329.7 83.9 331.4 83.3 331.5 82.7 331.6 81.9 331.7 81.3 330.3
  80.5 329.1 79.8 328.1 79.1 326.1 78.4 324.3 77.8 322.4 77.3 320.1 76.8 317.8
  76.3 315.6 75.8 313.3 75.4 310.7 75.1 308.2 74.7 305.7 74.5 303.2 74.2 300.8
  74.0 298.3 73.9 295.9 73.8 294.1 73.8 292.4 73.7 290.7 73.7 289.1 73.7 287.6
  73.7 286.1 73.8 284.8 73.8 283.5 73.9 282.3 74.0 281.1 74.0 280.0 74.1 278.8
  74.3 277.6 74.4 276.4 74.6 275.4 74.8 274.4 74.9 273.6 75.1 272.7 75.3 272.0
  75.5 271.3 75.8 270.7 76.0 270.1 76.3 269.9 76.5 269.7 76.8 269.5 77.1 269.4
  77.3 269.4 77.6 269.5 77.8 269.6 78.1 269.8 78.4 270.4 78.6 271.1 78.9 271.9
  79.2 272.7 79.4 273.5 79.6 274.3 79.8 275.2 80.0 276.0 80.3 277.2 80.5 278.4
  80.7 279.7 80.9 281.0 81.0 282.3 81.1 283.7 81.3 285.0 81.3 286.3 81.4 287.6
  81.5 288.8 81.4 290.1 81.4 291.3 81.4 292.4 81.3 293.6 81.3 294.6 81.2 295.7
  81.1 296.7 80.9 297.6 80.8 298.5 80.6 299.3 80.4 300.2 80.1 300.9 79.7 301.7
  79.5 301.2 79.2 300.7 78.9 300.3 78.6 299.9 78.4 299.6 78.2 299.2 78.0 298.9
  77.8 297.6 77.6 296.3 77.4 295.1 77.4 294.0 77.3 292.9 77.3 291.9 77.3 290.9
  77.3 290.0 77.4 289.1 77.4 288.3 77.5 287.4 77.6 286.6 77.8 285.9 77.9 285.1
  78.1 284.4 78.3 284.4 78.6 284.5 78.8 284.5 79.1 284.5 79.3 284.5 79.6 284.5
  79.9 284.5 80.2 284.4 80.6 285.4 80.9 286.4 81.3 287.4 81.7 288.5 82.0 289.7
  82.2 290.9 82.6 293.2 82.8 295.6 83.1 298.3 83.2 301.2 83.2 304.2 83.1 307.2
  83.0 310.0 82.7 312.5 82.3 314.4 81.8 316.0 81.3 316.3 80.8 316.6 80.3 316.9
  79.8 317.2 79.3 316.1 78.9 315.2 78.5 314.3 78.1 313.4 77.7 312.6 77.4 310.8
  77.2 308.9 76.9 307.0 76.8 305.1 76.6 303.0 76.6 300.9 76.5 298.8 76.4 296.7
  76.4 294.6 76.4 292.6 76.4 290.7 76.4 288.8 76.5 287.1 76.5 285.4 76.5 283.8
  76.5 282.3 76.5 280.9 76.5 279.6 76.5 278.4 76.5 277.3 76.5 276.2 76.5 275.2
  76.5 274.3 76.5 273.4 76.5 272.5
   8  2 50  0.0
  72.5 321.4 72.4 321.8 72.3 322.1 72.1 322.4 72.0 322.7 71.9 323.0 71.8 323.2
  71.7 323.3 71.5 323.5 71.4 323.6 71.3 323.8 71.1 323.9 71.0 324.1 70.8 324.2
  70.7 324.3 70.6 324.5 70.5 324.6 70.4 324.6 70.3 324.7 70.3 324.7 70.2 324.8
  70.2 324.8 70.2 324.8 70.2 324.8 70.2 324.7 70.2 324.7 70.3 324.6 70.4 324.5
  70.4 324.5 70.5 324.3 70.6 324.2 70.8 324.1 70.9 323.9 71.1 323.8 71.2 323.6
  71.4 323.4 71.6 323.2 71.8 322.9 72.0 322.7 72.2 322.5 72.5 322.3 72.7 322.0
  72.9 321.8 73.1 321.5 73.3 321.2 73.5 320.9 73.7 320.6 73.9 320.3 74.0 319.9
  74.2 319.4 74.4 318.8 74.6 318.2 74.8 317.5 74.9 316.8 75.1 316.0 75.2 315.2
  75.4 314.3 75.5 313.4 75.6 312.4 75.8 311.3 75.9 310.1 76.0 308.8 76.1 307.5
  76.2 305.9 76.3 304.3 76.4 302.6 76.5 300.9 76.5 299.1 76.6 297.2 76.6 295.3
  76.7 293.4 76.8 291.5 76.9 289.5 77.0 287.5 77.1 285.5 77.2 283.4 77.3 281.4
  77.4 279.4 77.5 277.3 77.6 275.3 77.7 273.3 77.8 271.4 77.9 269.4 78.0 267.5
  78.2 265.9 78.4 264.4 78.6 262.8 78.7 261.3 79.0 259.8 79.2 258.3 79.4 256.8
  79.6 255.4 79.9 254.0 80.1 252.6 80.4 251.7 80.7 250.7 81.1 249.8 81.4 248.9
  81.8 247.9 82.1 246.9 82.6 246.3 83.1 245.7 83.5 245.0 84.0 244.2 84.6 244.0
  85.2 243.8 85.7 243.6 86.2 243.3 86.8 244.4 87.4 246.1 87.8 248.8 88.1 252.9
  88.5 259.8 88.7 271.5 88.8 289.6 88.6 311.2 88.5 328.3 88.2 337.6 87.8 342.4
  87.4 345.1 86.9 346.8 86.4 347.8 85.6 348.4 85.1 346.9 84.5 345.7 83.8 344.8
  83.2 343.2 82.5 341.9 81.6 340.9 81.0 339.7 80.2 338.7 79.4 337.7 78.8 336.7
  78.2 335.7 77.5 334.7 77.0 333.6 76.5 332.5 76.1 331.2 75.6 330.0 75.3 329.0
  74.9 328.0 74.6 326.9 74.3 325.8 74.0 324.6 73.8 323.9 73.5 323.2 73.2 322.4
  72.9 321.7 72.7 320.9 72.5 320.1 72.3 319.3 72.0 318.6 71.8 318.4 71.6 318.2
  71.3 318.0 71.1 317.9 70.9 317.8 70.7 317.7 70.5 317.6 70.3 317.5 70.2 317.4
  70.0 317.4 69.9 317.3 69.7 317.7 69.6 318.0 69.5 318.4 69.4 318.8 69.3 319.2
  69.3 319.6 69.2 320.1 69.2 320.6 69.2 321.1 69.2 321.7 69.2 322.4 69.2 323.1
  69.3 323.8 69.3 324.6 69.3 325.5 69.4 326.5 69.4 327.6 69.5 328.8 69.5 330.1
  69.5 331.4 69.5 332.7 69.4 334.1 69.3 335.5 69.3 336.9 69.1 338.3 69.0 339.6
  68.9 341.0 68.8 342.3 68.6 343.5 68.5 344.7 68.3 345.8 68.1 346.8 67.9 347.8
  67.8 348.7 67.6 349.6 67.5 350.4 67.3 351.1 67.2 351.8 67.1 352.4 66.9 352.9
  66.8 353.4 66.7 353.9 66.5 354.2 66.4 354.6 66.2 355.0 66.1 355.3 65.9 355.6
  65.6 355.9 65.4 356.2 65.2 356.5 64.9 356.8 64.6 357.0 64.4 357.3 64.0 357.5
  63.7 357.7 63.4 357.9 63.1 358.1 62.7 358.3 62.4 358.5 62.0 358.7 61.7 358.9
  61.3 359.2 61.0 359.6 60.7 360.0 60.4   0.4 60.2   0.7 59.9   0.9 59.7   1.2
  59.4   1.5 59.2   1.8 58.9   2.1 58.7   2.4 58.4   2.6 58.2   2.8 57.9   3.0
  57.6   3.1 57.4   3.2 57.1   3.2
   8  3 50  0.0
  72.5 321.4 72.3 321.9 72.2 322.3 72.0 322.7 71.8 323.2 71.7 323.3 71.6 323.4
  71.4 323.5 71.3 323.6 71.2 323.7 71.0 323.7 70.9 323.8 70.8 323.9 70.7 323.9
  70.6 324.0 70.5 324.1 70.3 324.1 70.1 324.2 70.0 324.3 69.8 324.0 69.6 323.8
  69.5 323.7 69.4 323.5 69.2 323.4 69.1 323.3 69.0 323.2 68.8 323.1 68.7 323.0
  68.5 323.0 68.3 322.9 68.2 322.9 68.0 322.9 67.8 322.8 67.6 322.7 67.5 322.6
  67.3 322.5 67.1 322.4 66.9 322.3 66.8 322.2 66.6 322.1 66.5 322.0 66.4 321.9
  66.3 321.8 66.2 321.8 66.1 321.7 66.0 321.6 66.0 321.5 66.0 321.4 66.0 321.2
  66.0 321.0 66.0 320.8 66.1 320.7 66.1 320.6 66.2 320.5 66.3 320.4 66.4 320.3
  66.5 320.2 66.6 320.1 66.8 320.0 66.9 319.9 67.1 319.8 67.3 319.7 67.5 319.6
  67.6 319.5 67.8 319.4 68.0 319.4 68.2 319.3 68.4 319.2 68.6 319.1 68.8 319.0
  69.0 318.9 69.2 318.8 69.5 318.7 69.7 318.6 69.9 318.6 70.1 318.5 70.3 318.3
  70.5 318.0 70.7 317.8 70.9 317.5 71.1 317.2 71.3 316.9 71.5 316.6 71.6 316.2
  71.8 315.9 72.0 315.5 72.2 314.8 72.4 314.0 72.6 313.2 72.7 312.4 72.9 311.4
  73.0 310.4 73.1 309.4 73.3 308.3 73.4 307.1 73.4 305.8 73.5 304.5 73.6 303.2
  73.6 301.8 73.7 300.4 73.7 298.9 73.8 297.4 73.8 295.9 73.8 294.3 73.9 292.7
  73.9 291.1 74.0 289.4 74.0 287.8 74.1 285.7 74.1 283.6 74.2 281.5 74.3 279.5
  74.3 277.5 74.4 275.4 74.5 273.5 74.5 271.5 74.6 269.6 74.7 267.7 74.8 265.9
  74.9 264.1 75.0 262.4 75.0 260.7 75.1 259.1 75.2 257.5 75.2 256.0 75.3 254.6
  75.4 253.2 75.4 251.8 75.5 250.5 75.5 249.3 75.5 248.2 75.6 247.1 75.6 246.1
  75.6 245.2 75.6 244.2 75.6 243.4 75.6 242.6 75.6 241.8 75.6 241.1 75.6 240.5
  75.6 239.8 75.6 239.2 75.6 238.7 75.6 238.1 75.7 237.7 75.7 237.2 75.7 236.8
  75.8 236.3 75.8 235.9 75.9 235.6 75.9 235.2 75.9 234.9 76.0 234.5 76.0 234.2
  76.1 234.1 76.2 233.9 76.3 233.8 76.4 233.7 76.4 233.5 76.6 233.4 76.7 233.3
  76.8 233.2 76.9 233.1 77.0 233.0 77.2 232.9 77.3 232.9 77.4 232.8 77.6 232.7
  77.7 232.6 77.9 232.6 78.1 232.5 78.2 232.5 78.4 232.6 78.6 232.6 78.8 232.6
  79.0 232.6 79.2 232.6 79.3 232.6 79.5 232.6 79.7 232.6 79.8 232.6 80.0 232.6
  80.1 232.6 80.3 232.2 80.5 231.9 80.7 231.5 80.9 231.1 81.1 230.7 81.3 230.3
  81.5 229.8 81.7 229.4 81.9 228.8 82.2 228.3 82.5 227.7 82.8 227.0 83.0 226.2
  83.3 225.4 83.6 224.5 83.9 223.4 84.2 222.2 84.6 220.8 85.0 219.0 85.3 216.9
  85.6 214.3 85.9 211.2 86.1 207.5 86.5 204.0 86.8 199.8 87.0 194.8 87.1 189.1
  87.2 182.9 87.2 176.5 87.3 170.2 87.2 164.4 87.1 159.2 87.1 154.5 87.0 150.4
  86.8 146.7 86.7 143.5 86.6 140.6 86.4 138.0 86.3 135.7 86.1 133.6 86.0 131.6
  85.9 131.6 85.8 131.6 85.7 131.6 85.6 131.6 85.5 131.6 85.4 131.6 85.3 131.5
  85.2 131.3 85.0 130.9 84.9 130.5 84.8 130.0 84.7 129.4 84.6 128.8 84.4 128.0
  84.3 127.2 84.2 126.3 84.2 125.4
   8  4 50  0.0
  72.5 321.4 72.2 321.8 72.0 322.1 71.7 322.3 71.5 322.4 71.3 322.6 71.1 322.8
  70.9 322.9 70.7 323.1 70.4 323.3 70.3 323.5 70.1 323.7 69.9 323.9 69.7 324.1
  69.5 324.2 69.3 324.4 69.1 324.5 68.9 324.5 68.7 324.6 68.5 324.7 68.4 324.7
  68.2 324.7 68.0 324.7 67.8 324.7 67.7 324.8 67.5 324.8 67.4 324.9 67.2 324.9
  67.0 324.9 66.9 324.8 66.7 324.8 66.5 324.7 66.4 324.6 66.2 324.4 66.0 324.2
  65.8 324.2 65.6 324.1 65.4 324.0 65.2 323.9 65.1 323.8 64.9 323.7 64.7 323.5
  64.5 323.4 64.3 323.2 64.1 323.1 63.9 322.9 63.7 322.7 63.5 322.4 63.2 322.1
  63.0 321.8 62.8 321.5 62.6 321.2 62.4 320.8 62.2 320.5 62.0 320.1 61.8 319.5
  61.5 319.0 61.2 318.4 60.9 317.8 60.6 317.2 60.3 316.5 60.0 315.9 59.6 315.3
  59.3 314.6 58.9 313.9 58.5 313.4 58.2 312.8 57.8 312.3 57.5 311.7 57.1 311.1
  56.6 310.6 56.2 310.1 55.7 309.7 55.3 309.0 54.8 308.5 54.4 307.9 53.9 307.4
  53.4 306.5 52.9 305.7 52.3 304.9 51.8 304.1 51.3 303.2 50.7 302.3 50.1 301.4
  49.5 300.4 48.9 299.3 48.5 298.2 48.1 297.0 47.7 295.7 47.4 294.5 47.2 293.2
  47.0 291.9 46.9 290.6 46.8 289.2 46.7 287.9 46.7 286.6 46.6 285.3 46.6 284.0
  46.6 282.7 46.6 281.5 46.7 280.2 46.7 279.1 47.1 277.9 47.4 276.9 47.8 275.9
  48.2 274.9 48.6 274.2 49.0 273.6 49.5 273.0 50.1 272.5 50.7 272.2 51.3 272.0
  51.8 271.7 52.2 271.5 52.7 271.4 53.3 271.3 53.8 271.1 54.3 271.0 54.9 270.8
  55.5 270.7 56.1 270.5 56.6 270.4 57.2 270.2 57.8 270.0 58.3 269.9 58.8 269.7
  59.3 269.6 59.8 269.5 60.3 269.4 60.7 269.4 61.2 269.4 61.6 269.5 62.0 269.5
  62.4 269.6 62.8 269.8 63.2 269.9 63.5 270.1 63.9 270.3 64.2 270.5 64.5 270.7
  64.9 271.0 65.1 271.3 65.4 271.7 65.7 272.1 65.9 272.6 66.2 273.1 66.4 273.6
  66.6 274.0 66.8 274.6 67.1 275.2 67.3 275.8 67.4 276.5 67.6 277.3 67.8 278.2
  67.9 279.1 68.1 280.1 68.2 280.2 68.3 280.3 68.4 280.5 68.5 280.6 68.6 280.8
  68.8 281.0 68.9 281.2 69.0 281.4 69.1 281.7 69.1 281.9 69.2 282.2 69.3 282.4
  69.4 282.7 69.4 283.0 69.5 283.3 69.6 283.6 69.6 284.0 69.7 284.3 69.6 284.7
  69.6 285.0 69.6 285.4 69.5 285.8 69.5 286.2 69.4 286.5 69.3 286.9 69.2 287.3
  69.1 287.7 69.0 288.0 68.9 288.2 68.7 288.5 68.5 288.7 68.2 288.8 68.0 289.0
  67.8 289.4 67.5 289.8 67.3 290.2 67.0 290.5 66.7 290.8 66.4 291.0 66.1 291.2
  65.8 291.3 65.5 291.3 65.3 291.3 65.0 291.3 64.7 291.2 64.4 291.0 64.2 290.9
  63.9 290.7 63.7 290.2 63.4 289.7 63.2 289.1 63.0 288.6 62.8 288.1 62.7 287.5
  62.5 286.9 62.4 286.3 62.3 285.8 62.2 285.2 62.1 284.6 62.0 284.0 62.0 283.3
  62.0 282.6 62.0 281.9 62.0 281.2 62.0 280.5 62.0 279.9 62.2 279.2 62.4 278.5
  62.5 277.8 62.7 277.1 62.8 276.3 63.0 275.5 63.2 274.7 63.3 273.8 63.5 272.9
  63.7 272.0 63.8 271.1 64.1 270.2 64.3 269.0 64.6 267.8 64.9 266.6 65.2 265.3
  65.5 264.0 65.8 262.7 66.1 261.5
   8  5 50  0.0
  72.5 321.4 72.3 321.5 72.0 321.7 71.8 321.8 71.6 321.8 71.4 321.9 71.2 321.9
  70.9 321.9 70.7 322.0 70.5 322.0 70.2 322.0 70.0 322.1 69.7 322.1 69.5 322.1
  69.3 322.0 69.0 322.0 68.8 322.0 68.6 322.0 68.5 322.0 68.3 322.0 68.1 322.0
  68.0 322.1 67.8 322.3 67.7 322.5 67.6 322.8 67.4 323.1 67.3 323.3 67.2 323.6
  67.1 324.0 67.1 324.3 66.9 324.7 66.8 325.0 66.7 325.4 66.5 325.8 66.4 326.2
  66.2 326.6 66.1 327.0 66.0 327.4 65.8 328.2 65.6 328.9 65.3 329.6 65.1 330.2
  64.8 330.8 64.6 331.2 64.3 331.7 64.1 332.0 63.8 332.4 63.5 332.7 63.2 333.0
  62.9 333.2 62.7 333.4 62.5 333.6 62.3 333.7 62.1 333.8 61.9 333.8 61.8 333.7
  61.7 333.6 61.7 333.4 61.6 333.2 61.6 333.0 61.6 332.8 61.6 332.5 61.6 332.2
  61.7 331.9 61.6 331.6 61.5 331.4 61.4 331.1 61.3 330.8 61.3 330.5 61.3 330.1
  61.3 329.8 61.3 329.5 61.3 329.1 61.3 328.7 61.4 328.3 61.4 327.9 61.4 327.4
  61.3 327.0 61.3 326.5 61.2 326.0 61.2 325.4 61.2 324.8 61.3 324.2 61.3 323.6
  61.2 322.9 61.1 322.1 61.0 321.5 60.9 320.8 60.9 320.1 60.8 319.5 60.6 318.8
  60.5 318.3 60.3 317.7 60.2 317.2 60.1 316.7 60.1 316.2 60.0 315.7 59.9 315.3
  59.7 314.7 59.6 314.2 59.5 313.7 59.5 313.3 59.4 312.9 59.4 312.5 59.4 312.1
  59.4 311.8 59.2 311.5 59.1 311.2 59.0 311.0 58.9 310.7 58.8 310.5 58.7 310.3
  58.7 310.1 58.6 310.0 58.5 309.8 58.4 309.7 58.4 309.6 58.3 309.4 58.3 309.3
  58.2 309.2 58.2 309.1 58.2 309.1 58.2 309.0 58.2 308.9 58.2 308.9 58.2 308.8
  58.2 308.7 58.3 308.7 58.3 308.7 58.4 308.6 58.5 308.6 58.6 308.6 58.7 308.5
  58.8 308.5 59.0 308.5 59.1 308.4 59.3 308.4 59.5 308.4 59.7 308.3 59.9 308.3
  60.1 308.2 60.4 308.3 60.6 308.4 60.9 308.6 61.2 308.7 61.5 308.8 61.7 308.9
  62.0 309.0 62.3 309.3 62.6 309.7 62.8 310.0 63.1 310.4 63.3 310.7 63.6 311.2
  63.8 311.6 64.0 312.1 64.3 312.8 64.6 313.5 64.9 314.3 65.1 315.1 65.3 315.9
  65.4 316.8 65.6 317.7 65.8 318.7 66.0 319.6 66.2 320.6 66.4 321.2 66.6 321.8
  66.9 322.4 67.1 323.1 67.3 323.7 67.5 324.4 67.7 325.1 67.9 325.8 68.1 326.6
  68.4 327.0 68.6 327.5 68.7 328.0 68.9 328.5 69.0 329.1 69.2 329.7 69.3 330.3
  69.4 331.0 69.5 331.7 69.6 332.4 69.7 333.2 69.7 334.0 69.8 334.8 69.9 335.7
  69.9 336.6 70.0 337.6 70.0 338.6 70.1 339.1 70.1 339.6 70.2 340.1 70.2 340.7
  70.2 341.3 70.2 342.0 70.3 342.7 70.3 343.4 70.3 344.2 70.3 345.1 70.3 345.9
  70.2 346.9 70.2 347.8 70.2 348.9 70.1 349.9 70.0 350.9 69.9 352.2 69.8 353.4
  69.6 354.7 69.5 355.9 69.4 357.1 69.2 358.3 69.0 359.5 68.8   0.6 68.7   1.0
  68.6   1.5 68.4   1.9 68.3   2.3 68.1   2.7 67.9   3.2 67.7   3.6 67.5   4.0
  67.2   4.4 67.0   4.8 66.7   5.2 66.4   5.6 66.1   6.0 65.7   6.4 65.3   6.6
  64.9   6.8 64.5   7.0 64.1   7.2 63.7   7.4 63.3   7.3 63.0   7.3 62.6   7.2
  62.2   7.2 61.9   7.2 61.6   6.9
   8  6 50  0.0
  72.5 321.4 72.3 321.3 72.2 321.3 72.0 321.2 71.8 321.2 71.7 321.2 71.6 321.2
  71.5 321.2 71.3 321.2 71.2 321.2 71.1 321.1 71.0 321.1 70.9 321.1 70.9 321.0
  70.8 321.0 70.7 320.9 70.6 320.9 70.5 320.9 70.3 320.8 70.2 320.8 70.1 320.8
  70.0 320.8 69.8 320.8 69.7 320.7 69.6 320.7 69.5 320.6 69.3 320.6 69.2 320.5
  69.0 320.5 68.9 320.4 68.7 320.4 68.6 320.3 68.4 320.2 68.3 320.2 68.1 320.1
  68.0 320.0 67.7 320.1 67.6 320.2 67.4 320.3 67.3 320.4 67.2 320.5 67.0 320.6
  66.9 320.7 66.8 320.9 66.7 321.1 66.6 321.2 66.6 321.4 66.5 321.6 66.4 321.8
  66.3 322.0 66.3 322.3 66.2 322.5 66.2 322.8 66.1 323.1 66.1 323.4 66.0 323.7
  66.0 324.0 65.9 324.4 65.8 325.1 65.7 325.8 65.5 326.6 65.4 327.3 65.3 328.1
  65.1 328.8 64.8 329.5 64.5 330.1 64.3 330.6 64.0 331.1 63.7 331.6 63.5 332.0
  63.2 332.4 62.9 332.7 62.6 333.0 62.3 333.2 62.1 333.4 61.9 333.6 61.7 333.6
  61.5 333.5 61.3 333.4 61.2 333.3 61.1 333.2 61.1 333.0 61.0 332.9 61.0 332.6
  61.0 332.4 61.1 332.1 61.1 331.8 61.0 331.5 60.9 331.2 60.8 330.9 60.8 330.6
  60.7 330.3 60.7 330.0 60.7 329.7 60.7 329.3 60.7 329.0 60.8 328.6 60.9 328.2
  60.9 327.8 60.8 327.3 60.8 326.9 60.7 326.4 60.7 325.9 60.7 325.3 60.7 324.8
  60.8 324.2 60.8 323.5 60.7 322.9 60.5 322.2 60.4 321.5 60.3 320.8 60.3 320.1
  60.2 319.4 60.0 318.8 59.8 318.2 59.7 317.5 59.5 316.8 59.4 316.1 59.3 315.5
  59.1 314.9 58.9 314.4 58.7 313.9 58.5 313.4 58.4 312.9 58.2 312.5 58.1 312.2
  58.0 311.8 57.8 311.3 57.5 310.8 57.3 310.4 57.0 310.0 56.8 309.7 56.5 309.4
  56.3 309.1 56.0 308.9 55.8 308.6 55.5 308.2 55.3 307.8 54.8 307.4 54.3 307.0
  53.8 306.6 53.4 306.0 52.9 305.4 52.5 304.8 52.1 304.2 51.7 303.6 51.1 302.9
  50.5 302.1 50.0 301.2 49.6 300.4 49.1 299.4 48.6 298.4 48.2 297.4 47.7 296.4
  47.3 295.4 47.0 294.4 46.7 293.3 46.4 292.3 46.1 291.1 45.9 290.0 45.8 289.0
  45.6 288.0 45.5 286.9 45.5 285.9 45.4 284.9 45.4 283.8 45.5 282.8 45.6 281.8
  45.7 280.8 45.9 279.9 46.2 279.1 46.5 278.1 46.8 277.2 47.2 276.3 47.5 275.5
  47.9 274.8 48.3 274.1 48.7 273.4 49.2 272.7 49.6 272.1 50.1 271.5 50.6 270.9
  51.0 270.4 51.5 269.9 52.0 269.4 52.5 268.9 53.0 268.5 53.6 268.1 54.2 267.7
  54.6 267.2 55.0 266.8 55.4 266.4 55.8 266.0 56.3 265.5 56.8 265.1 57.2 264.6
  57.7 264.1 58.2 263.5 58.5 263.0 58.8 262.5 59.1 262.0 59.4 261.4 59.7 260.8
  60.0 260.2 60.3 259.5 60.4 259.1 60.5 258.7 60.7 258.4 60.8 257.9 61.0 257.5
  61.1 257.1 61.3 256.7 61.5 256.2 61.6 255.8 61.6 255.4 61.7 254.9 61.7 254.5
  61.7 254.1 61.7 253.7 61.8 253.3 61.9 252.9 61.9 252.5 62.0 252.1 62.1 251.8
  62.0 251.4 62.0 251.1 61.9 250.7 61.9 250.4 61.9 250.1 61.8 249.8 61.8 249.5
  61.8 249.2 61.7 248.9 61.7 248.6 61.7 248.3 61.7 248.0 61.7 247.7 61.6 247.4
  61.4 247.2 61.3 246.9 61.1 246.6
   8  7 50  0.0
  72.5 321.4 72.3 321.4 72.2 321.3 72.0 321.3 71.8 321.2 71.7 321.3 71.5 321.4
  71.4 321.5 71.2 321.6 71.1 321.6 70.9 321.7 70.7 321.8 70.6 321.9 70.4 322.0
  70.3 322.1 70.1 322.1 70.0 322.2 69.9 322.5 69.8 322.7 69.7 323.0 69.6 323.2
  69.5 323.5 69.4 323.8 69.4 324.0 69.3 324.3 69.3 324.6 69.3 324.9 69.3 325.3
  69.3 325.6 69.3 325.9 69.4 326.3 69.4 326.7 69.4 327.1 69.4 327.5 69.4 327.9
  69.5 328.4 69.5 328.9 69.5 329.4 69.6 329.9 69.6 330.4 69.6 330.9 69.6 331.4
  69.6 331.9 69.6 332.4 69.6 332.9 69.5 333.4 69.5 333.9 69.4 334.4 69.4 334.9
  69.3 335.4 69.3 335.8 69.2 336.3 69.1 336.7 69.0 337.1 68.9 337.5 68.9 337.9
  68.8 338.2 68.7 338.6 68.6 338.9 68.5 339.2 68.4 339.4 68.4 339.7 68.3 340.0
  68.2 340.2 68.1 340.4 67.9 340.6 67.8 340.9 67.7 341.1 67.6 341.4 67.4 341.6
  67.3 341.8 67.1 342.0 67.0 342.2 66.8 342.4 66.6 342.5 66.4 342.7 66.2 342.8
  66.0 343.0 65.8 343.1 65.6 343.3 65.3 343.6 65.1 343.8 64.8 344.0 64.7 344.3
  64.6 344.5 64.4 344.7 64.3 344.9 64.2 345.1 64.1 345.3 63.9 345.5 63.8 345.6
  63.8 345.8 63.7 345.9 63.6 346.1 63.6 346.2 63.5 346.3 63.5 346.5 63.4 346.6
  63.4 346.8 63.4 346.9 63.4 347.1 63.4 347.2 63.4 347.4 63.4 347.6 63.4 347.8
  63.5 347.9 63.5 348.1 63.5 348.3 63.4 348.5 63.4 348.7 63.3 348.9 63.3 349.2
  63.2 349.4 63.1 349.7 63.1 350.0 63.0 350.3 62.9 350.7 62.8 351.0 62.8 351.4
  62.7 351.7 62.6 352.1 62.3 352.5 62.0 352.9 61.8 353.2 61.5 353.7 61.2 354.1
  60.8 354.5 60.5 354.8 60.1 355.2 59.7 355.6 59.2 355.9 58.7 356.2 58.2 356.5
  57.7 356.7 57.2 356.7 56.7 356.7 56.1 356.7 55.6 356.6 55.0 356.2 54.5 355.7
  53.9 355.3 53.3 354.4 52.7 353.5 52.1 352.6 51.6 351.7 51.2 350.5 50.8 349.2
  50.4 347.8 50.3 346.4 50.1 344.9 49.9 343.3 50.0 341.7 50.1 340.2 50.1 338.5
  50.5 337.0 50.8 335.5 51.2 334.1 51.5 332.7 51.9 331.4 52.3 330.2 52.7 329.1
  53.1 328.1 53.5 327.1 53.9 326.1 54.3 325.1 54.7 324.4 55.1 323.6 55.5 322.9
  55.9 322.1 56.3 321.4 56.7 320.8 57.1 320.3 57.6 319.8 57.9 319.2 58.3 318.7
  58.6 318.4 59.0 318.2 59.4 317.9 59.8 317.7 60.2 317.5 60.6 317.5 61.1 317.6
  61.5 317.7 61.9 317.8 62.3 317.9 62.7 318.3 63.1 318.7 63.4 319.2 63.8 319.8
  64.1 320.4 64.4 321.0 64.7 321.8 65.0 322.5 65.3 323.3 65.6 324.2 65.8 325.1
  66.0 326.1 66.3 326.8 66.5 327.5 66.8 328.3 67.0 329.1 67.1 330.0 67.3 330.9
  67.4 331.8 67.6 332.8 67.6 333.8 67.6 334.8 67.6 335.8 67.7 336.7 67.5 337.6
  67.4 338.5 67.3 339.4 67.2 340.2 66.9 341.0 66.7 341.8 66.4 342.6 66.2 343.3
  65.9 344.0 65.7 344.6 65.4 345.2 65.1 345.7 64.7 346.2 64.4 346.8 64.0 347.2
  63.7 347.7 63.3 348.1 62.9 348.4 62.5 348.7 62.1 349.1 61.7 349.4 61.3 349.5
  60.9 349.6 60.5 349.7 60.1 349.7 59.8 349.7 59.4 349.4 59.1 349.1 58.8 348.7
  58.5 348.3 58.2 347.8 58.0 347.3
   8  8 50  0.0
  72.5 321.4 72.4 321.4 72.2 321.4 72.1 321.4 72.0 321.4 71.9 321.4 71.8 321.5
  71.7 321.7 71.6 321.8 71.5 321.9 71.4 322.0 71.3 322.1 71.2 322.2 71.1 322.3
  71.0 322.3 70.9 322.4 70.8 322.5 70.7 322.6 70.6 322.7 70.5 322.7 70.4 322.8
  70.3 322.9 70.2 323.0 70.0 323.1 69.9 323.2 69.8 323.5 69.7 323.7 69.6 324.0
  69.6 324.4 69.5 324.7 69.5 325.1 69.4 325.5 69.4 325.9 69.3 326.4 69.3 326.8
  69.2 327.4 69.2 327.9 69.1 328.6 69.1 329.2 69.0 329.8 69.0 330.5 69.0 331.2
  69.0 331.8 69.0 332.5 69.0 333.2 68.9 333.9 68.9 334.6 68.9 335.4 68.9 336.1
  68.8 336.9 68.7 337.6 68.6 338.3 68.6 339.1 68.5 339.8 68.4 340.5 68.3 341.2
  68.1 341.9 68.0 342.6 67.9 343.4 67.7 344.2 67.5 345.0 67.3 345.7 67.1 346.4
  66.9 347.0 66.7 347.6 66.5 348.2 66.2 348.7 66.0 349.2 65.8 349.6 65.5 350.0
  65.3 350.3 65.1 350.6 64.8 350.8 64.6 351.0 64.3 351.1 64.1 351.3 63.8 351.4
  63.6 351.2 63.3 351.0 63.1 350.8 62.8 350.6 62.5 350.4 62.2 350.2 61.8 349.9
  61.5 349.6 61.1 349.3 60.8 349.0 60.4 348.7 60.0 348.5 59.6 348.1 59.2 347.8
  58.7 347.5 58.2 347.2 57.6 346.9 57.1 346.4 56.6 345.9 56.1 345.3 55.6 344.8
  55.2 344.0 54.8 343.3 54.2 342.5 53.7 341.7 53.2 340.7 52.7 339.8 52.1 338.8
  51.5 337.8 51.0 336.7 50.5 335.7 49.9 334.6 49.3 333.5 48.8 332.3 48.3 331.2
  47.9 330.0 47.5 329.0 47.1 327.9 46.9 326.8 46.6 325.7 46.4 324.7 46.2 323.6
  46.1 322.6 46.0 321.6 45.9 320.6 45.8 319.6 45.7 318.6 45.6 317.6 45.5 316.5
  45.4 315.5 45.3 314.5 45.3 313.4 45.2 312.3 45.1 311.2 45.0 310.0 45.0 308.9
  44.9 307.7 45.0 306.5 45.0 305.4 45.0 304.2 45.0 303.1 45.1 301.9 45.2 300.8
  45.3 299.7 45.3 298.6 45.4 297.5 45.4 296.4 45.4 295.4 45.3 294.3 45.3 293.2
  45.2 292.1 45.1 290.9 45.0 289.8 45.0 288.7 45.0 287.5 45.1 286.4 45.2 285.3
  45.4 284.2 45.6 283.2 45.8 282.3 46.0 281.3 46.1 280.5 46.4 279.8 46.3 279.1
  46.3 278.4 46.2 277.8 46.2 277.2 46.2 276.5 46.1 275.9 46.0 275.3 46.0 274.6
  45.9 273.8 45.8 273.0 45.8 272.2 45.7 271.4 45.6 270.5 45.6 269.7 45.5 268.8
  45.4 268.0 45.3 267.1 45.1 266.1 44.9 265.1 44.7 264.1 44.5 262.9 44.2 261.7
  43.8 260.5 43.5 259.4 43.3 258.2 43.0 257.2 42.8 256.1 42.5 255.1 42.7 254.1
  42.8 253.2 42.9 252.3 43.0 251.5 43.4 250.7 43.7 250.0 44.1 249.3 44.6 248.7
  45.0 248.1 45.4 247.6 45.9 247.0 46.4 246.5 46.9 246.1 47.4 245.7 47.9 245.4
  48.4 245.0 48.9 244.7 49.3 244.5 49.7 244.2 50.1 243.9 50.4 243.7 50.7 243.4
  51.0 243.1 51.2 242.8 51.4 242.5 51.6 242.2 51.7 241.9 51.8 241.5 51.9 241.2
  52.0 240.9 52.1 240.5 52.1 240.1 52.2 239.7 52.4 239.2 52.6 238.8 52.7 238.4
  52.9 238.0 53.1 237.6 53.2 237.2 53.3 236.8 53.4 236.4 53.6 235.9 53.7 235.5
  53.9 235.0 54.0 234.6 54.1 234.1 54.2 233.6 54.3 233.0 54.3 232.4 54.4 231.8
  54.5 231.2 54.5 230.6 54.6 229.9
   8  9 50  0.0
  72.5 321.4 72.4 321.6 72.2 321.8 72.1 322.0 72.0 322.2 71.9 322.3 71.8 322.7
  71.7 323.0 71.6 323.3 71.4 323.6 71.3 323.9 71.2 324.2 71.1 324.4 71.1 324.7
  71.0 324.9 70.9 325.2 70.9 325.4 70.8 325.7 70.8 325.9 70.7 326.2 70.7 326.4
  70.6 326.6 70.6 326.9 70.5 327.1 70.5 327.3 70.5 327.6 70.5 327.8 70.4 328.0
  70.4 328.3 70.4 328.5 70.5 328.7 70.5 328.9 70.5 329.1 70.5 329.3 70.5 329.5
  70.6 329.7 70.6 329.9 70.6 330.1 70.6 330.3 70.7 330.6 70.7 330.8 70.7 331.0
  70.7 331.3 70.7 331.5 70.7 331.8 70.7 332.1 70.7 332.4 70.6 332.7 70.6 333.0
  70.6 333.3 70.6 333.6 70.5 334.0 70.5 334.3 70.5 334.6 70.4 335.0 70.4 335.4
  70.3 335.7 70.3 336.1 70.2 336.4 70.2 336.8 70.2 337.2 70.1 337.5 70.1 337.9
  70.0 338.2 69.9 338.6 69.9 339.4 69.8 340.2 69.8 341.1 69.7 341.9 69.6 342.7
  69.5 343.4 69.4 344.2 69.3 345.0 69.1 345.7 69.0 346.4 68.9 347.1 68.7 347.7
  68.5 348.4 68.3 349.0 68.1 349.6 67.9 350.1 67.6 350.8 67.4 351.4 67.2 352.0
  66.8 352.6 66.5 353.1 66.2 353.6 65.8 354.0 65.5 354.3 65.1 354.5 64.8 354.8
  64.4 354.9 64.0 355.1 63.7 355.2 63.3 355.0 62.9 354.8 62.5 354.6 62.1 354.4
  61.7 354.1 61.3 353.8 61.0 353.4 60.6 353.1 60.2 352.7 59.7 352.3 59.4 351.9
  58.9 351.5 58.4 351.1 57.8 350.7 57.3 350.2 56.7 349.7 56.2 349.2 55.6 348.7
  55.2 347.9 54.5 347.2 53.8 346.5 53.2 345.6 52.6 344.7 52.0 343.8 51.4 342.9
  50.8 341.8 50.3 340.8 49.8 339.7 49.4 338.7 48.9 337.6 48.5 336.4 48.1 335.2
  47.7 334.0 47.3 333.0 47.0 331.9 46.6 330.8 46.2 329.6 45.8 328.4 45.4 327.4
  45.1 326.3 44.9 325.1 44.6 324.0 44.5 322.8 44.5 321.6 44.4 320.5 44.3 319.3
  44.3 318.1 44.3 317.0 44.3 315.8 44.4 314.7 44.5 313.6 44.5 312.4 44.6 311.2
  44.7 310.1 44.8 308.9 44.9 307.8 45.0 306.6 45.1 305.5 45.3 304.3 45.4 303.2
  45.6 302.0 45.8 300.9 46.0 299.8 46.3 298.5 46.6 297.2 46.9 296.1 47.2 294.9
  47.3 293.9 47.5 292.8 47.6 291.9 47.7 290.9 47.7 290.0 47.8 289.1 47.9 288.3
  48.0 287.4 48.2 286.9 48.4 286.4 48.6 285.8 48.9 285.3 49.2 284.8 49.5 284.3
  49.9 283.8 50.2 283.3 50.6 283.1 51.0 282.9 51.4 282.7 51.9 282.4 52.4 282.2
  52.8 282.2 53.3 282.2 53.8 282.2 54.2 282.2 54.6 282.5 55.1 282.9 55.5 283.2
  55.9 283.6 56.2 284.0 56.6 284.5 57.0 285.1 57.4 285.7 57.8 286.3 58.2 286.9
  58.6 287.5 59.0 288.2 59.2 288.9 59.5 289.7 59.7 290.5 60.0 291.4 60.2 292.3
  60.1 293.0 60.1 293.7 60.0 294.5 60.0 295.2 59.9 296.3 59.6 297.3 59.4 298.3
  59.1 299.2 58.8 300.0 58.5 300.7 58.1 301.4 57.7 302.0 57.3 302.3 56.9 302.6
  56.4 302.8 55.8 303.0 55.2 302.7 54.6 302.4 54.0 302.2 53.4 301.9 52.8 301.3
  52.2 300.6 51.6 300.0 50.9 299.0 50.3 298.0 49.7 297.0 49.2 295.9 48.8 294.8
  48.4 293.7 48.0 292.5 47.7 291.3 47.4 290.1 47.2 288.9 47.0 287.7 47.0 286.5
  46.9 285.2 46.9 284.0 47.1 282.7
   8 10 50  0.0
  72.5 321.4 72.4 321.5 72.2 321.6 72.1 321.7 72.0 321.9 71.9 322.3 71.8 322.9
  71.7 323.4 71.6 323.9 71.6 324.5 71.5 325.1 71.3 325.7 71.2 326.3 71.1 326.9
  71.0 327.5 70.9 328.1 70.8 328.7 70.6 329.3 70.5 329.8 70.3 330.3 70.2 330.8
  70.0 331.3 69.9 331.8 69.8 332.4 69.7 332.9 69.5 333.5 69.4 334.0 69.3 334.6
  69.2 335.1 69.1 335.7 69.0 336.2 68.9 336.8 68.7 337.4 68.6 338.0 68.5 338.6
  68.4 339.2 68.3 339.9 68.2 340.5 68.0 341.2 67.8 341.7 67.6 342.2 67.4 342.6
  67.2 343.1 67.1 343.6 66.9 344.0 66.6 344.5 66.4 344.9 66.1 345.3 65.9 345.7
  65.6 345.9 65.4 346.0 65.2 346.2 65.0 346.3 64.8 346.5 64.6 346.6 64.4 346.7
  64.2 346.8 64.0 347.0 63.9 347.1 63.7 347.0 63.6 346.9 63.4 346.8 63.3 346.7
  63.1 346.7 63.0 346.6 62.8 346.6 62.7 346.6 62.5 346.7 62.3 346.7 62.2 346.8
  62.0 346.8 61.8 346.7 61.6 346.6 61.4 346.4 61.2 346.3 61.0 346.2 60.8 346.1
  60.6 346.0 60.4 345.9 60.2 345.9 59.9 345.8 59.7 345.4 59.5 345.0 59.3 344.6
  59.0 344.2 58.8 343.9 58.6 343.5 58.4 343.2 58.2 342.9 58.0 342.6 57.8 341.9
  57.6 341.2 57.3 340.6 57.1 340.0 57.0 339.4 56.9 338.8 56.8 338.3 56.7 337.7
  56.6 337.2 56.5 336.7 56.4 336.3 56.3 335.8 56.5 335.4 56.7 335.0 56.9 334.6
  57.1 334.2 57.3 333.8 57.5 333.5 57.7 333.2 57.9 332.8 58.1 332.6 58.2 332.8
  58.4 333.0 58.6 333.3 58.7 333.6 58.8 333.9 58.9 334.3 58.9 334.8 59.0 335.3
  59.0 335.8 59.0 336.4 58.7 337.0 58.4 337.6 58.0 338.1 57.6 338.2 57.1 338.2
  56.6 338.3 56.1 338.4 55.4 338.5 54.8 337.8 54.1 337.1 53.4 336.4 52.8 335.1
  52.5 333.8 52.3 332.4 52.0 331.0 52.2 329.6 52.2 328.3 52.3 327.0 52.5 325.8
  52.7 324.6 52.8 323.4 53.1 322.3 53.4 321.1 53.6 320.0 53.9 319.0 54.1 317.9
  54.4 317.3 54.7 316.7 55.0 316.1 55.3 315.5 55.7 315.0 56.1 314.4 56.6 314.3
  57.0 314.3 57.5 314.3 57.9 314.3 58.4 314.3 58.8 314.7 59.1 315.1 59.4 315.5
  59.6 315.9 59.8 316.3 59.9 316.7 60.0 317.0 60.0 317.3 59.9 317.5 59.9 317.8
  59.8 317.9 59.6 318.1 59.5 318.2 59.3 318.3 59.0 318.3 58.7 318.3 58.3 318.3
  57.9 318.2 57.5 317.8 57.0 317.3 56.4 316.8 55.8 316.2 55.2 315.4 54.7 314.5
  54.1 313.6 53.5 312.7 52.9 311.6 52.6 310.4 52.3 309.2 52.0 307.9 51.9 306.4
  51.8 304.9 51.7 303.5 51.7 302.1 51.8 300.8 51.9 299.6 52.1 298.5 52.3 297.9
  52.5 297.3 52.8 296.8 53.0 296.3 53.2 295.9 53.4 295.6 53.7 295.3 54.0 295.0
  54.2 294.8 54.5 295.0 54.8 295.2 55.1 295.4 55.4 295.6 55.7 295.7 55.9 295.8
  56.2 296.0 56.5 296.4 56.7 296.8 56.8 297.3 56.9 297.7 56.9 298.1 57.0 298.5
  57.0 299.0 56.9 299.4 56.8 299.8 56.7 300.2 56.4 300.6 56.0 301.0 55.6 301.3
  55.1 301.2 54.6 301.0 54.0 300.9 53.3 300.8 52.7 300.2 52.0 299.6 51.4 298.5
  50.9 297.5 50.4 296.4 49.8 295.3 49.6 294.0 49.3 292.7 49.0 291.3 48.9 290.0
  48.8 288.7 48.7 287.4 48.7 286.1
   8 11 50  0.0
  72.5 321.4 72.4 321.4 72.3 321.4 72.2 321.3 72.1 321.2 72.0 321.1 71.9 321.4
  71.8 321.7 71.7 321.9 71.5 322.2 71.4 322.4 71.3 322.6 71.2 322.7 71.0 322.9
  70.9 323.1 70.8 323.3 70.6 323.5 70.5 323.7 70.4 324.0 70.3 324.3 70.2 324.6
  70.2 324.9 70.1 325.3 70.0 325.6 69.9 326.0 69.8 326.7 69.8 327.3 69.7 328.0
  69.6 328.6 69.5 329.2 69.3 329.8 69.2 330.4 69.0 331.0 68.9 331.5 68.7 332.1
  68.5 332.6 68.3 333.2 68.1 333.7 67.9 334.2 67.8 334.7 67.6 335.2 67.4 335.7
  67.3 336.2 67.1 336.7 67.0 337.2 66.9 337.7 66.8 338.3 66.6 338.8 66.5 339.4
  66.4 339.9 66.3 340.5 66.1 341.0 66.0 341.6 65.8 342.1 65.6 342.6 65.4 343.1
  65.3 343.5 65.1 343.9 64.9 344.3 64.5 344.6 64.2 344.9 63.9 345.1 63.5 345.2
  63.2 345.3 62.8 345.3 62.5 345.4 62.1 345.5 61.7 345.5 61.4 345.5 61.0 345.4
  60.7 345.4 60.3 345.3 60.0 345.2 59.7 345.1 59.4 344.9 59.1 344.8 58.8 344.6
  58.5 344.4 58.3 344.2 58.0 343.9 57.9 343.7 57.8 343.2 57.7 342.7 57.6 342.2
  57.6 341.7 57.5 341.1 57.5 340.5 57.4 340.0 57.3 339.4 57.3 338.8 57.2 338.3
  57.1 337.7 57.0 337.2 56.9 336.6 56.8 336.1 56.7 335.5 56.7 334.9 56.7 334.4
  56.6 333.8 56.6 333.2 56.6 332.6 56.6 332.0 56.8 331.3 56.9 330.7 57.1 330.0
  57.3 329.3 57.5 328.5 57.7 327.7 58.0 326.9 58.4 326.5 58.7 326.0 59.1 325.6
  59.4 325.2 59.8 324.9 60.1 324.5 60.5 324.6 60.8 324.6 61.2 324.7 61.6 324.8
  61.9 325.0 62.2 325.1 62.6 325.6 62.9 326.1 63.3 326.6 63.6 327.1 63.9 327.7
  64.2 328.3 64.4 329.0 64.6 329.8 64.9 330.6 65.1 331.4 65.3 332.2 65.4 333.1
  65.5 334.0 65.5 334.9 65.6 335.9 65.6 336.8 65.5 337.7 65.4 338.6 65.3 339.5
  65.2 340.3 65.0 341.0 64.8 341.7 64.5 342.4 64.3 343.0 64.1 343.5 63.8 344.0
  63.6 344.5 63.3 344.8 63.0 345.2 62.7 345.5 62.3 345.7 62.0 345.9 61.6 346.0
  61.1 346.0 60.7 346.1 60.1 346.1 59.6 346.1 59.0 346.0 58.4 345.9 57.7 345.7
  57.1 345.3 56.4 344.9 55.8 344.5 55.2 343.7 54.4 343.0 53.6 342.2 53.0 341.3
  52.3 340.2 51.7 339.2 51.2 338.0 50.6 336.9 50.1 335.6 49.7 334.4 49.2 333.1
  48.7 331.8 48.3 330.5 47.9 329.3 47.5 328.0 47.0 326.8 46.7 325.5 46.4 324.3
  46.1 323.0 46.0 321.7 45.9 320.5 45.8 319.3 45.8 318.1 45.8 316.9 45.8 315.7
  45.9 314.5 46.0 313.4 46.1 312.2 46.2 310.9 46.3 309.7 46.5 308.5 46.6 307.2
  46.8 305.9 47.0 304.7 47.1 303.4 47.4 302.2 47.6 300.9 47.9 299.7 48.2 298.4
  48.6 297.2 49.0 296.1 49.5 295.0 49.9 294.0 50.3 293.0 50.8 292.4 51.2 291.8
  51.6 291.2 51.9 290.7 52.3 290.2 52.8 290.1 53.2 290.0 53.7 289.9 54.2 289.8
  54.7 290.0 55.1 290.1 55.6 290.3 56.1 290.5 56.6 290.8 57.1 291.1 57.6 291.4
  58.0 291.8 58.5 292.0 59.0 292.2 59.5 292.4 60.0 292.6 60.6 292.4 61.1 292.1
  61.6 292.0 62.0 291.8 62.5 291.4 62.9 291.1 63.4 290.7 63.8 290.4 64.1 290.2
  64.5 289.9 64.9 289.6 65.2 289.4
   8 12 50  0.0
  72.5 321.4 72.4 321.3 72.2 321.2 72.1 321.1 72.1 321.1 72.0 321.0 71.9 321.4
  71.9 321.8 71.9 322.3 71.8 322.7 71.8 323.3 71.8 323.9 71.8 324.5 71.9 325.2
  71.9 325.9 72.0 326.6 72.0 327.3 72.0 328.0 72.0 328.7 72.0 329.0 72.1 329.4
  72.1 329.7 72.1 330.0 72.1 330.4 72.0 330.7 72.0 331.0 72.0 331.3 71.9 331.9
  71.9 332.6 71.8 333.3 71.8 334.0 71.7 334.7 71.7 335.4 71.6 336.2 71.5 336.9
  71.4 337.7 71.2 338.4 71.1 339.2 71.0 340.0 70.8 340.7 70.6 341.5 70.4 342.3
  70.2 343.0 70.0 343.8 69.8 344.5 69.5 345.5 69.2 346.5 68.9 347.5 68.6 348.4
  68.2 349.3 67.8 350.2 67.4 351.2 67.0 352.1 66.4 353.0 65.7 353.8 65.1 354.5
  64.4 355.2 63.7 355.8 63.0 356.0 62.1 356.3 61.1 356.6 60.0 356.7 58.9 356.9
  57.9 356.8 56.9 356.5 56.0 356.2 55.1 355.9 54.5 355.3 54.0 354.8 53.5 354.2
  53.0 353.3 52.5 352.5 52.1 351.7 51.7 350.9 51.4 350.1 51.0 349.3 50.6 348.6
  50.1 347.9 49.5 347.3 48.9 346.4 48.4 345.5 47.8 344.5 47.2 343.2 46.9 341.8
  46.5 340.2 46.2 338.4 46.3 336.7 46.4 334.9 46.7 333.2 46.9 331.5 47.1 330.0
  47.3 328.4 47.5 327.0 47.8 325.6 48.1 324.2 48.3 323.1 48.7 321.9 49.1 320.9
  49.4 319.8 49.8 318.8 50.2 317.9 50.7 317.1 51.1 316.4 51.6 315.7 52.0 314.9
  52.4 314.2 52.8 313.6 53.2 312.9 53.6 312.2 54.0 311.4 54.2 310.7 54.5 309.9
  54.7 309.1 54.9 308.3 55.1 307.6 55.4 306.8 55.6 306.1 55.8 305.4 56.0 304.8
  56.2 304.2 56.5 303.7 56.8 303.2 57.1 302.8 57.5 302.4 57.8 302.0 58.1 301.7
  58.4 301.2 58.7 300.8 59.0 300.3 59.3 299.9 59.5 299.5 59.7 299.1 60.0 298.8
  60.1 298.4 60.4 297.6 60.6 296.8 60.8 296.0 61.0 295.2 61.2 294.3 61.3 293.5
  61.5 292.6 61.7 291.8 61.9 290.9 62.0 290.1 62.2 288.9 62.3 287.8 62.3 286.6
  62.4 285.5 62.4 284.3 62.4 283.2 62.4 282.0 62.3 280.9 62.2 279.8 62.1 278.7
  61.9 277.7 61.8 276.7 61.6 275.7 61.5 274.6 61.3 273.6 61.2 272.5 61.1 271.4
  61.0 270.3 61.0 269.3 60.9 268.2 60.9 267.1 60.8 266.0 60.7 264.9 60.6 263.8
  60.4 262.7 60.2 261.6 59.9 260.6 59.7 259.5 59.3 258.5 58.8 257.5 58.3 256.5
  57.8 255.6 57.2 254.6 56.6 253.7 55.9 252.8 55.2 252.1 54.5 251.3 53.9 250.5
  53.2 250.0 52.6 249.5 52.0 248.9 51.4 248.4 50.9 247.8 50.5 247.3 50.0 246.7
  49.6 246.1 49.2 245.4 48.8 244.7 48.3 243.9 48.0 243.2 47.7 242.5 47.3 241.7
  46.9 241.0 46.5 240.3 46.1 239.6 46.0 238.8 45.8 238.2 45.7 237.6 45.5 237.0
  45.3 236.4 45.1 235.7 45.2 235.1 45.4 234.5 45.5 233.9 45.7 233.4 45.8 232.8
  45.9 232.3 46.0 231.7 46.2 231.2 46.4 230.6 46.6 230.0 46.8 229.4 47.0 228.8
  47.2 228.2 47.3 227.6 47.6 227.0 47.8 226.4 48.1 225.9 48.4 225.2 48.7 224.5
  49.0 223.9 49.4 223.2 49.8 222.6 50.2 222.0 50.6 221.2 51.1 220.4 51.5 219.5
  51.9 218.7 52.3 217.8 52.7 216.9 53.1 216.0 53.4 215.0 53.8 214.1 54.2 213.1
  54.5 212.4 54.9 211.6 55.2 210.9
   8 13 50  0.0
  72.5 321.4 72.1 320.7 71.7 320.0 71.2 319.4 70.8 318.8 70.4 318.2 70.0 317.7
  69.6 317.3 69.3 316.8 68.9 316.4 68.6 316.1 68.2 315.7 67.9 315.4 67.5 314.9
  67.2 314.4 66.9 314.0 66.7 313.7 66.4 313.3 66.2 313.1 66.0 312.8 65.8 312.6
  65.7 312.1 65.6 311.6 65.4 311.2 65.3 310.7 65.2 310.3 65.2 309.9 65.1 309.4
  65.1 309.0 65.1 308.6 65.1 308.2 65.1 307.7 64.9 307.3 64.8 306.9 64.7 306.4
  64.6 305.9 64.5 305.4 64.4 304.9 64.4 304.3 64.3 303.7 64.1 303.1 63.9 302.5
  63.7 301.7 63.5 300.9 63.3 300.0 63.2 299.2 63.1 298.3 63.0 297.4 62.9 296.5
  62.9 295.6 62.9 294.6 62.9 293.6 62.9 292.6 62.9 291.5 63.0 290.4 63.0 289.4
  63.1 288.3 63.2 287.2 63.3 286.2 63.3 285.2 63.4 284.3 63.4 283.4 63.5 282.7
  63.6 281.9 63.6 281.3 63.7 280.6 63.8 280.1 63.9 279.5 64.1 279.0 64.3 278.3
  64.4 277.6 64.6 276.9 64.9 276.3 65.1 275.7 65.3 275.1 65.6 274.5 65.9 273.9
  66.1 273.3 66.4 272.5 66.7 271.6 67.0 270.7 67.2 269.8 67.5 268.9 67.7 267.9
  68.0 266.9 68.2 265.8 68.5 264.7 68.7 263.6 69.0 262.5 69.2 261.4 69.5 260.4
  69.7 259.4 70.0 258.4 70.3 257.2 70.6 256.1 70.9 254.9 71.2 253.7 71.4 252.5
  71.7 251.3 71.9 250.1 72.2 248.9 72.4 247.5 72.6 246.0 72.8 244.6 73.0 243.2
  73.2 241.8 73.4 240.5 73.5 239.1 73.7 237.8 73.9 236.5 74.0 235.1 74.2 233.6
  74.3 232.1 74.5 230.5 74.6 228.9 74.7 227.3 74.8 225.6 74.9 224.0 74.9 222.3
  75.0 220.7 75.1 219.1 75.2 217.4 75.2 215.7 75.3 214.1 75.4 212.4 75.5 210.7
  75.5 209.0 75.6 207.2 75.6 205.5 75.6 203.8 75.6 202.1 75.6 200.5 75.6 198.8
  75.6 197.3 75.5 195.7 75.4 194.3 75.3 192.9 75.1 191.5 75.0 190.2 74.8 188.9
  74.6 187.7 74.4 186.6 74.2 185.4 73.9 184.4 73.7 183.3 73.5 182.2 73.3 181.2
  73.0 180.2 72.8 179.3 72.5 178.4 72.2 177.6 72.0 176.8 71.7 176.1 71.5 175.5
  71.2 175.0 70.9 174.4 70.6 173.9 70.4 173.5 70.1 173.1 69.8 172.7 69.5 172.6
  69.3 172.5 69.0 172.3 68.7 172.2 68.5 172.1 68.2 172.0 67.9 171.9 67.7 171.8
  67.5 171.7 67.3 171.5 67.1 171.4 66.9 171.2 66.6 171.0 66.4 170.9 66.2 170.7
  66.0 170.4 65.8 170.2 65.7 169.8 65.5 169.4 65.4 169.0 65.2 168.6 65.1 168.1
  64.9 167.6 64.8 167.1 64.7 166.6 64.6 166.0 64.5 165.5 64.4 164.9 64.3 164.2
  64.3 163.6 64.2 162.9 64.1 162.3 64.1 161.5 64.0 160.8 64.0 160.0 64.0 159.2
  63.9 158.4 63.9 157.6 63.9 156.8 63.9 156.0 63.9 155.2 63.8 154.4 63.8 153.6
  63.8 152.8 63.8 151.9 63.8 151.0 63.8 150.1 63.8 149.2 63.9 148.3 64.0 147.5
  64.1 146.6 64.2 145.7 64.3 144.8 64.4 143.9 64.5 143.1 64.7 142.3 64.8 141.5
  64.9 140.7 65.0 140.0 65.2 139.4 65.2 138.8 65.3 138.2 65.3 137.6 65.4 137.1
  65.4 136.6 65.4 136.2 65.4 135.8 65.4 135.4 65.3 135.1 65.2 134.8 65.1 134.5
  65.0 134.2 64.9 133.9 64.8 133.7 64.8 133.4 64.7 133.1 64.6 132.8 64.5 132.5
  64.5 132.3 64.4 132.0 64.3 131.7
   8 14 50  0.0
  72.5 321.4 72.0 320.9 71.6 320.3 71.2 319.8 70.7 319.2 70.2 318.6 69.8 318.0
  69.3 317.4 68.9 316.7 68.5 316.0 68.0 315.3 67.5 314.5 67.1 313.8 66.6 313.0
  66.1 312.3 65.7 311.5 65.3 310.9 64.9 310.2 64.5 309.5 64.1 308.8 63.7 308.1
  63.4 307.6 63.1 307.0 62.8 306.5 62.4 305.9 62.1 305.3 61.8 304.8 61.6 304.5
  61.3 304.3 61.0 304.0 60.7 303.8 60.5 303.6 60.3 303.3 60.1 303.1 59.9 302.8
  59.7 302.7 59.5 302.6 59.3 302.4 59.1 302.2 58.9 302.0 58.7 301.8 58.5 301.5
  58.3 301.2 58.1 300.9 57.9 300.6 57.7 300.3 57.5 300.0 57.5 299.6 57.4 299.3
  57.3 298.9 57.2 298.5 57.0 298.1 56.9 297.7 56.8 297.3 56.7 296.8 56.5 296.4
  56.3 296.0 56.2 295.6 56.2 295.2 56.3 294.8 56.3 294.4 56.4 294.0 56.4 293.6
  56.4 293.2 56.5 292.7 56.5 292.3 56.5 291.8 56.8 291.3 56.9 290.8 57.1 290.3
  57.3 289.8 57.4 289.2 57.5 288.7 57.6 288.2 57.7 287.6 57.8 287.1 57.8 286.6
  57.8 286.1 57.8 285.6 57.8 285.1 57.7 284.6 57.7 284.2 57.6 283.8 57.5 283.4
  57.4 283.0 57.3 282.6 57.1 282.3 57.0 281.9 56.9 281.5 56.7 281.1 56.6 280.7
  56.5 280.3 56.4 279.9 56.4 279.4 56.4 279.0 56.4 278.6 56.4 278.1 56.4 277.7
  56.5 277.2 56.5 276.8 56.5 276.4 56.5 276.0 56.6 275.5 56.7 275.1 56.8 274.7
  57.0 274.3 57.1 273.9 57.2 273.6 57.3 273.2 57.4 272.9 57.5 272.5 57.6 272.2
  57.7 271.7 57.8 271.3 58.0 270.8 58.2 270.5 58.3 270.2 58.5 269.8 58.6 269.4
  58.8 269.0 58.9 268.6 59.0 268.1 59.1 267.6 59.4 267.1 59.6 266.6 59.8 266.0
  60.0 265.4 60.2 265.2 60.5 265.0 60.7 264.8 60.9 264.6 61.1 264.4 61.3 264.2
  61.5 264.0 61.7 263.8 61.9 263.6 62.2 263.4 62.4 263.4 62.6 263.5 62.8 263.5
  63.0 263.5 63.2 263.5 63.3 263.5 63.4 263.4 63.5 263.3 63.6 263.3 63.6 263.2
  63.7 263.0 63.7 262.9 63.7 262.7 63.7 262.6 63.7 262.4 63.7 262.2 63.6 262.0
  63.6 261.8 63.5 261.5 63.4 261.3 63.3 261.1 63.2 260.8 63.1 260.5 63.0 260.2
  62.9 259.9 62.7 259.5 62.5 259.2 62.3 258.8 62.1 258.4 61.9 258.1 61.7 257.5
  61.5 257.0 61.3 256.4 61.1 255.8 60.9 255.3 60.7 254.7 60.5 254.1 60.3 253.5
  60.1 252.9 59.9 252.3 59.7 251.7 59.6 251.1 59.5 250.5 59.3 249.9 59.2 249.3
  59.1 248.8 58.9 248.2 58.8 247.7 58.6 247.2 58.3 246.7 58.1 246.2 57.8 245.7
  57.6 245.3 57.3 244.8 57.1 244.4 56.8 243.9 56.5 243.5 56.2 243.0 55.9 242.5
  55.6 242.0 55.4 241.4 55.1 240.8 54.9 240.1 54.6 239.4 54.4 238.7 54.3 238.0
  54.1 237.3 53.9 236.5 53.8 235.7 53.7 234.8 53.7 234.0 53.6 233.2 53.6 232.4
  53.6 231.6 53.7 230.8 53.9 230.1 54.0 229.3 54.1 228.5 54.3 227.7 54.6 226.9
  54.8 226.2 55.1 225.4 55.3 224.5 55.5 223.7 55.8 222.9 56.0 222.0 56.2 221.1
  56.3 220.1 56.5 219.2 56.6 218.1 56.8 217.1 56.9 216.0 56.9 214.9 57.1 213.8
  57.2 212.8 57.3 211.7 57.4 210.6 57.5 209.6 57.6 208.5 57.7 207.5 57.7 206.4
  57.7 205.3 57.7 204.2 57.7 203.1
   8 15 50  0.0
  72.5 321.4 72.2 321.5 71.9 321.5 71.6 321.6 71.3 321.7 71.1 321.7 70.8 321.8
  70.6 321.8 70.3 321.9 70.1 321.9 69.9 322.0 69.7 322.1 69.5 322.2 69.3 322.4
  69.2 322.5 69.0 322.6 68.8 322.6 68.6 322.6 68.4 322.6 68.2 322.6 68.0 322.5
  67.8 322.4 67.6 322.5 67.5 322.5 67.3 322.5 67.1 322.5 66.9 322.5 66.7 322.5
  66.6 322.4 66.4 322.4 66.2 322.3 66.0 322.2 65.9 322.1 65.7 322.2 65.6 322.3
  65.4 322.5 65.3 322.7 65.1 322.9 65.0 323.0 64.9 323.2 64.8 323.3 64.7 323.4
  64.6 323.4 64.5 323.4 64.4 323.4 64.3 323.3 64.2 323.2 64.1 323.1 64.0 322.9
  63.9 322.7 63.8 322.5 63.7 322.2 63.6 321.8 63.5 321.4 63.4 320.9 63.3 320.4
  63.1 319.8 62.9 319.1 62.7 318.5 62.4 317.8 62.1 317.1 61.8 316.3 61.6 315.8
  61.3 315.2 61.0 314.5 60.8 313.9 60.5 313.3 60.3 312.6 60.1 312.0 59.8 311.3
  59.6 311.0 59.4 310.6 59.2 310.2 59.0 309.8 58.8 309.4 58.7 308.9 58.5 308.4
  58.3 307.8 58.1 307.2 57.8 306.7 57.6 306.2 57.3 305.7 57.0 305.2 56.8 304.7
  56.5 304.2 56.1 303.6 55.8 303.1 55.4 302.5 55.1 302.0 54.8 301.4 54.5 300.8
  54.2 300.2 53.9 299.6 53.8 298.8 53.6 298.1 53.5 297.3 53.4 296.6 53.2 295.9
  53.2 295.2 53.2 294.6 53.1 293.9 53.1 293.3 53.1 292.7 53.0 292.1 52.9 291.6
  52.9 291.1 52.8 290.6 52.6 290.1 52.5 289.6 52.3 289.2 52.2 288.7 52.0 288.3
  51.8 287.8 51.7 287.3 51.5 286.8 51.3 286.3 51.1 285.8 50.9 285.3 50.7 284.8
  50.5 284.3 50.3 283.8 50.2 283.3 50.0 282.8 49.8 282.2 49.7 281.7 49.5 281.1
  49.4 280.5 49.2 280.0 49.2 279.4 49.2 278.9 49.1 278.3 49.1 277.8 49.0 277.3
  49.0 276.7 48.9 276.2 48.8 275.7 48.9 275.2 49.0 274.7 49.1 274.2 49.2 273.7
  49.3 273.1 49.3 272.6 49.4 272.1 49.4 271.6 49.5 271.1 49.6 270.6 49.7 270.0
  49.7 269.5 49.8 269.0 49.9 268.5 49.9 267.9 50.0 267.4 50.0 266.9 50.1 266.2
  50.2 265.6 50.2 264.9 50.3 264.3 50.3 263.7 50.3 263.1 50.3 262.4 50.3 261.8
  50.3 261.2 50.3 260.5 50.3 259.9 50.3 259.3 50.3 258.7 50.2 258.0 50.2 257.4
  50.2 256.8 50.1 256.2 50.1 255.6 50.0 255.0 49.9 254.5 49.8 253.8 49.8 253.1
  49.7 252.4 49.6 251.7 49.5 251.0 49.3 250.3 49.2 249.6 49.1 249.0 48.9 248.4
  48.8 247.8 48.6 247.2 48.5 246.6 48.4 246.1 48.2 245.5 48.1 245.0 48.0 244.4
  47.9 243.8 47.8 243.3 47.7 242.7 47.6 242.1 47.5 241.6 47.4 241.1 47.3 240.6
  47.3 240.1 47.2 239.7 47.1 239.2 47.0 238.8 47.0 238.3 46.9 237.9 46.8 237.5
  46.7 237.0 46.7 236.6 46.6 236.2 46.5 235.8 46.6 235.4 46.6 234.9 46.7 234.5
  46.8 234.1 46.8 233.6 46.9 233.2 47.0 232.8 47.0 232.3 47.1 231.8 47.3 231.4
  47.5 230.9 47.7 230.4 47.8 229.9 48.0 229.4 48.2 228.8 48.3 228.1 48.5 227.5
  48.7 226.8 49.0 226.2 49.2 225.5 49.5 224.8 49.7 224.2 49.9 223.5 50.2 222.8
  50.5 222.0 50.8 221.3 51.1 220.5 51.5 219.8 51.8 219.0 52.1 218.3 52.4 217.5
  52.7 216.7 53.0 215.9 53.2 215.0
   8 16 50  0.0
  72.5 321.4 72.5 321.3 72.5 321.2 72.4 321.1 72.3 321.1 72.2 321.0 72.1 321.1
  71.9 321.1 71.8 321.1 71.6 321.2 71.4 321.3 71.1 321.5 70.9 321.7 70.6 321.9
  70.3 322.1 70.1 322.3 69.8 322.4 69.6 322.6 69.4 322.7 69.2 322.8 69.0 323.0
  68.8 323.2 68.7 323.3 68.5 323.5 68.4 323.7 68.2 323.9 68.1 324.0 68.0 324.2
  67.9 324.4 67.8 324.6 67.7 324.8 67.6 325.0 67.6 325.2 67.5 325.5 67.4 325.7
  67.4 326.0 67.3 326.3 67.3 326.6 67.2 326.9 67.1 327.2 67.0 327.5 67.0 327.8
  66.9 328.1 66.8 328.4 66.6 328.7 66.5 328.9 66.4 329.2 66.3 329.5 66.1 329.8
  66.0 330.0 65.9 330.3 65.7 330.8 65.6 331.3 65.4 331.7 65.2 332.2 64.9 332.7
  64.6 333.1 64.3 333.4 63.9 333.8 63.5 334.0 63.1 334.1 62.6 334.2 62.0 334.3
  61.5 334.4 60.9 333.9 60.4 333.5 59.9 333.0 59.5 332.0 59.2 331.0 58.9 330.0
  58.6 329.1 58.4 328.2 58.1 327.3 58.0 326.5 57.8 325.3 57.7 324.2 57.5 323.2
  57.3 322.3 57.1 321.5 56.8 320.7 56.5 320.1 56.2 319.5 55.6 319.0 55.1 318.2
  54.5 317.4 53.9 316.7 53.4 315.4 52.9 314.2 52.5 313.0 52.0 311.7 51.7 310.5
  51.3 309.1 51.0 307.7 50.6 306.4 50.3 305.1 49.9 303.9 49.6 302.8 49.3 301.6
  49.0 300.5 48.7 299.3 48.6 298.1 48.4 296.9 48.3 295.8 48.2 294.6 48.2 293.5
  48.1 292.4 48.0 291.3 48.0 290.3 48.0 289.3 48.1 288.4 48.1 287.5 48.2 286.7
  48.4 286.0 48.5 285.3 48.7 284.6 48.8 283.9 48.9 283.3 49.0 282.7 49.1 282.1
  49.2 281.5 49.3 280.9 49.3 280.3 49.4 279.7 49.6 279.1 49.8 278.6 50.0 278.0
  50.2 277.5 50.4 277.0 50.6 276.5 50.9 276.0 51.2 275.5 51.6 274.9 52.0 274.3
  52.3 273.8 52.7 273.2 53.0 272.6 53.3 272.0 53.6 271.4 54.0 270.8 54.3 270.1
  54.6 269.5 54.9 268.9 55.2 268.3 55.5 267.7 55.8 267.1 56.1 266.5 56.4 266.0
  56.7 265.6 57.0 265.2 57.3 264.8 57.6 264.5 57.9 264.1 58.2 263.8 58.4 263.6
  58.7 263.5 58.9 263.3 59.1 263.2 59.3 263.1 59.5 262.9 59.7 262.7 59.9 262.5
  60.1 262.3 60.3 262.0 60.6 261.7 60.8 261.4 61.0 261.1 61.2 260.8 61.5 260.4
  61.7 260.1 61.9 259.8 62.1 259.5 62.3 259.2 62.5 259.0 62.7 258.8 62.9 258.7
  63.1 258.5 63.3 258.4 63.6 258.2 63.8 258.1 64.0 258.0 64.3 257.9 64.5 257.9
  64.8 257.8 65.0 257.8 65.2 257.8 65.3 257.7 65.5 257.7 65.6 257.6 65.8 257.6
  65.9 257.6 66.0 257.5 66.1 257.5 66.1 257.4 66.2 257.3 66.3 257.2 66.3 257.1
  66.3 257.0 66.4 256.9 66.4 256.9 66.4 256.8 66.4 256.8 66.3 256.8 66.3 256.8
  66.2 256.8 66.2 256.8 66.1 256.8 66.0 256.8 65.9 256.8 65.9 256.8 65.8 256.7
  65.7 256.6 65.6 256.5 65.6 256.4 65.5 256.2 65.4 256.0 65.4 255.8 65.3 255.6
  65.2 255.3 65.1 255.1 65.1 254.8 65.0 254.5 64.9 254.2 64.9 253.9 64.8 253.6
  64.7 253.2 64.7 252.9 64.6 252.5 64.5 252.1 64.5 251.7 64.4 251.3 64.4 250.9
  64.3 250.5 64.3 250.1 64.2 249.7 64.1 249.3 64.0 248.9 63.9 248.2 63.7 247.5
  63.7 246.9 63.6 246.2 63.4 245.5
   8 17 50  0.0
  72.5 321.4 72.6 320.6 72.7 319.7 72.7 318.8 72.7 317.8 72.8 316.8 72.9 315.7
  72.9 314.5 72.9 313.3 72.9 312.1 72.9 310.8 72.8 309.4 72.7 308.1 72.6 306.7
  72.3 305.4 72.1 304.1 71.8 303.0 71.3 301.8 70.9 300.6 70.5 299.6 69.9 298.6
  69.4 297.6 69.0 296.7 68.5 295.7 68.1 294.7 67.7 293.7 67.3 292.5 67.1 291.2
  66.8 289.8 66.5 288.4 66.3 286.9 66.0 285.4 65.7 283.9 65.4 282.3 65.1 280.7
  64.8 279.2 64.4 277.7 64.1 276.2 63.7 274.7 63.4 273.5 63.0 272.2 62.7 270.9
  62.5 269.6 62.3 268.3 62.1 267.0 62.0 265.6 61.8 264.3 61.7 263.1 61.6 261.8
  61.5 260.5 61.5 259.3 61.4 258.1 61.4 256.9 61.4 255.8 61.4 254.7 61.4 253.6
  61.4 252.6 61.4 251.6 61.5 250.7 61.6 249.8 61.8 248.9 61.9 248.1 62.0 247.3
  62.2 246.5 62.4 245.6 62.6 244.8 62.7 244.0 62.9 243.2 63.1 242.5 63.3 241.7
  63.6 240.9 63.8 240.1 64.0 239.4 64.3 238.6 64.6 237.4 64.9 236.1 65.2 234.8
  65.5 233.4 65.8 232.1 66.2 230.6 66.5 228.7 66.8 226.8 67.1 224.8 67.5 222.9
  67.8 221.0 68.1 219.1 68.6 217.4 69.0 215.6 69.5 213.8 69.9 212.0 70.3 210.2
  70.7 208.6 71.0 207.0 71.3 205.2 71.5 203.5 71.7 201.7 71.9 199.8 71.9 198.0
  72.0 196.2 72.0 194.4 72.1 193.2 72.1 192.0 72.0 190.8 72.0 189.7 71.9 188.1
  71.9 186.6 71.8 185.1 71.7 183.7 71.6 182.3 71.4 181.0 71.3 179.8 71.1 178.6
  70.9 177.5 70.7 176.4 70.5 175.3 70.3 174.2 70.0 173.2 69.8 172.2 69.6 171.0
  69.4 169.7 69.2 168.6 68.9 167.4 68.7 166.3 68.5 165.1 68.2 164.0 68.0 162.8
  67.8 161.7 67.6 160.5 67.4 159.2 67.2 158.0 67.1 156.7 66.9 155.4 66.7 154.2
  66.6 152.9 66.4 151.7 66.2 150.4 66.1 149.2 65.9 148.0 65.7 146.7 65.6 145.5
  65.5 144.2 65.3 142.9 65.3 141.6 65.2 140.3 65.1 138.9 65.1 137.5 65.1 136.1
  65.1 134.7 65.2 133.3 65.3 131.8 65.4 130.4 65.6 128.9 65.7 127.5 65.9 126.0
  66.1 124.6 66.3 123.1 66.5 121.7 66.7 120.2 66.9 118.9 67.1 117.6 67.3 116.5
  67.6 115.4 67.8 114.3 68.0 113.3 68.3 112.4 68.6 111.5 68.8 110.6 69.1 109.7
  69.3 108.8 69.6 108.0 69.8 107.2 70.1 106.4 70.3 105.7 70.5 105.0 70.8 104.3
  71.1 103.6 71.3 103.0 71.6 102.3 71.8 101.7 72.1 101.1 72.4 100.5 72.7 100.0
  73.0  99.5 73.3  99.0 73.7  98.4 74.0  97.9 74.4  97.4 74.8  96.9 75.2  96.4
  75.6  95.9 76.0  95.3 76.4  94.7 76.8  94.2 77.2  93.5 77.6  92.9 78.0  92.2
  78.3  91.5 78.7  90.7 79.1  89.9 79.4  89.0 79.8  88.1 80.1  87.1 80.4  86.1
  80.8  85.1 81.1  84.0 81.3  82.8 81.6  81.5 81.9  80.1 82.1  78.6 82.4  78.4
  82.7  78.2 83.0  78.0 83.3  77.9 83.6  77.7 83.8  77.5 84.1  77.3 84.4  77.1
  84.7  76.9 85.0  76.7 85.3  76.6 85.5  76.4 85.7  76.2 85.9  76.0 86.1  75.8
  86.4  75.7 86.6  75.5 86.8  75.4 87.0  75.3 87.1  75.2 87.3  75.0 87.4  74.9
  87.5  74.7 87.7  74.6 87.8  74.4 87.8  74.2 87.9  74.0 88.0  73.8 88.1  73.6
  88.2  73.4 88.3  73.2 88.4  72.9
   8 18 50  0.0
  72.5 321.4 72.4 320.0 72.2 318.5 72.0 317.0 71.8 315.4 71.5 314.1 71.2 312.8
  71.0 311.4 70.6 310.0 70.2 308.6 69.8 307.2 69.3 305.8 68.8 304.3 68.4 302.9
  67.8 301.4 67.3 300.2 66.7 299.0 66.0 297.8 65.4 296.6 64.7 295.6 64.1 294.6
  63.4 293.7 62.8 292.8 62.2 291.9 61.7 291.0 61.2 290.1 60.8 289.1 60.4 288.1
  60.0 287.1 59.7 286.2 59.4 285.4 59.2 284.5 58.9 283.6 58.8 282.6 58.7 281.7
  58.6 280.7 58.6 279.6 58.5 278.5 58.4 277.4 58.4 276.3 58.3 275.1 58.0 274.0
  57.8 272.8 57.7 271.8 57.4 270.7 57.1 269.7 56.9 268.6 56.7 267.5 56.4 266.5
  56.2 265.4 56.0 264.3 55.8 263.2 55.7 262.1 55.5 261.1 55.4 260.0 55.4 258.9
  55.3 257.8 55.3 256.8 55.2 255.7 55.2 254.6 55.2 253.6 55.2 252.6 55.2 251.6
  55.1 250.6 55.1 249.6 55.0 248.7 54.9 247.8 54.8 246.9 54.7 246.1 54.6 245.3
  54.5 244.5 54.4 243.7 54.3 243.0 54.2 242.3 54.1 241.7 54.0 241.1 53.9 240.6
  53.8 240.0 53.8 239.5 53.8 239.0 53.8 238.5 53.8 238.1 53.8 237.8 53.8 237.5
  53.8 237.2 53.8 236.9 53.9 236.7 53.9 236.4 53.9 236.2 53.9 235.9 53.9 235.6
  54.0 235.3 54.0 235.0 54.1 234.7 54.1 234.5 54.2 234.3 54.3 234.1 54.4 233.9
  54.5 233.7 54.6 233.6 54.8 233.4 54.9 233.2 55.1 233.0 55.2 232.8 55.4 232.7
  55.6 232.5 55.8 232.3 56.1 232.1 56.3 232.4 56.6 232.6 56.8 232.8 57.1 233.1
  57.4 233.3 57.6 233.5 57.9 233.8 58.2 234.0 58.5 234.3 58.8 234.6 59.0 235.0
  59.3 235.4 59.6 235.7 59.9 236.1 60.0 236.5 60.1 236.9 60.2 237.2 60.3 237.5
  60.3 237.8 60.4 238.1 60.5 238.4 60.6 238.7 60.7 239.0 60.7 239.3 60.8 239.7
  60.8 240.0 60.6 240.3 60.4 240.6 60.2 240.9 60.0 241.1 59.8 241.3 59.6 241.6
  59.4 241.9 59.2 242.1 59.0 242.4 58.8 242.6 58.6 242.8 58.4 243.0 58.2 243.2
  58.0 243.4 57.7 243.3 57.5 243.3 57.3 243.3 57.1 243.3 56.9 243.3 56.7 243.4
  56.5 243.4 56.3 243.4 56.1 243.4 55.9 243.5 55.7 243.3 55.5 243.1 55.3 242.9
  55.1 242.7 54.9 242.4 54.7 242.2 54.6 242.0 54.4 241.7 54.2 241.5 54.0 241.2
  53.8 241.0 53.7 240.5 53.5 240.1 53.4 239.6 53.2 239.1 53.1 238.6 53.0 238.1
  52.8 237.7 52.7 237.2 52.6 236.7 52.4 236.3 52.3 235.8 52.1 235.4 52.0 235.0
  51.8 234.5 51.6 234.0 51.5 233.5 51.3 233.1 51.2 232.6 51.0 232.2 50.8 231.8
  50.6 231.4 50.4 231.0 50.1 230.7 49.9 230.3 49.6 229.9 49.4 229.5 49.2 229.1
  48.9 228.7 48.7 228.3 48.5 227.9 48.1 227.6 47.7 227.2 47.3 226.8 46.9 226.4
  46.6 226.0 46.3 225.6 46.0 225.1 45.7 224.8 45.4 224.4 45.1 223.9 44.8 223.5
  44.5 223.0 44.2 222.4 43.9 221.9 43.6 221.4 43.4 220.8 43.2 220.3 43.0 219.7
  42.9 219.1 42.9 218.4 42.9 217.8 42.9 217.1 42.9 216.4 42.9 215.8 43.1 215.1
  43.3 214.5 43.6 213.8 43.8 213.2 44.1 212.6 44.5 212.0 44.9 211.3 45.4 210.7
  45.9 210.1 46.4 209.6 46.9 209.0 47.4 208.5 47.9 208.0 48.3 207.4 48.7 207.0
  49.1 206.5 49.5 206.0 49.9 205.5
   8 19 50  0.0
  72.5 321.4 72.3 319.8 72.0 318.2 71.7 316.5 71.5 315.7 71.1 314.9 70.8 314.0
  70.4 313.1 70.1 312.1 69.9 311.0 69.4 310.7 68.9 310.3 68.5 309.9 68.1 309.4
  67.7 308.9 67.3 308.7 66.9 308.5 66.6 308.2 66.3 307.8 65.7 307.4 65.1 307.3
  64.6 307.1 64.1 306.8 63.7 306.6 63.2 306.4 62.9 306.3 62.5 306.2 62.2 306.1
  61.9 305.9 61.6 305.9 61.4 305.9 61.2 306.0 61.0 306.0 60.8 306.1 60.7 306.1
  60.6 306.2 60.5 306.4 60.4 306.5 60.3 306.6 60.3 306.7 60.1 306.8 60.0 306.8
  59.9 306.9 59.8 307.1 59.6 307.3 59.5 307.5 59.3 307.7 59.1 307.8 58.9 308.0
  58.8 308.2 58.7 308.3 58.6 308.4 58.4 308.5 58.2 308.6 58.0 308.7 57.8 308.7
  57.5 308.9 57.2 309.1 56.9 309.3 56.5 309.5 56.1 309.7 55.6 309.9 55.1 310.0
  54.6 310.1 54.1 310.1 53.6 310.1 53.1 309.9 52.6 309.7 52.2 309.4 51.7 309.2
  51.3 308.7 50.9 308.3 50.5 307.9 50.1 307.5 49.8 307.1 49.4 306.6 49.0 306.1
  48.7 305.6 48.3 305.2 47.8 304.9 47.4 304.5 46.9 304.2 46.4 303.9 45.9 303.7
  45.3 303.4 44.6 303.1 44.0 302.9 43.3 302.4 42.7 302.0 42.1 301.6 41.5 301.1
  41.0 300.6 40.5 300.1 40.0 299.5 39.6 299.0 39.3 298.5 39.0 298.0 38.6 297.5
  38.3 297.0 37.9 296.4 37.6 296.0 37.3 295.5 37.0 295.0 36.7 294.4 36.4 293.9
  36.1 293.4 35.8 292.8 35.5 292.2 35.2 291.6 35.2 290.9 35.3 290.2 35.4 289.5
  35.4 288.9 35.5 288.2 35.6 287.5 35.9 286.8 36.2 286.2 36.6 285.5 36.9 284.9
  37.3 284.2 37.6 283.6 38.0 283.0 38.3 282.4 38.6 282.0 39.0 281.5 39.3 281.0
  39.6 280.5 39.9 280.1 40.2 279.6 40.5 279.3 40.9 279.0 41.2 278.6 41.5 278.3
  41.8 278.0 42.1 277.7 42.4 277.5 42.7 277.4 43.0 277.2 43.3 277.0 43.6 276.7
  43.9 276.5 44.2 276.2 44.4 276.0 44.7 275.8 44.9 275.5 45.2 275.3 45.5 275.0
  45.7 274.7 46.0 274.4 46.3 274.1 46.6 273.8 46.9 273.5 47.2 273.1 47.6 272.8
  47.9 272.5 48.3 272.2 48.7 271.8 49.0 271.5 49.4 271.1 49.7 270.8 50.0 270.4
  50.4 270.0 50.7 269.6 51.0 269.2 51.3 268.8 51.6 268.4 51.9 268.0 52.2 267.6
  52.4 267.1 52.7 266.7 52.9 266.2 53.2 265.8 53.5 265.4 53.7 264.9 54.0 264.5
  54.3 264.1 54.6 263.6 54.8 263.2 55.1 262.8 55.4 262.4 55.7 262.0 56.0 261.6
  56.3 261.2 56.7 260.7 57.0 260.2 57.4 259.7 57.6 259.1 57.9 258.6 58.2 258.1
  58.5 257.5 58.8 256.8 59.1 256.2 59.4 255.6 59.6 255.0 59.8 254.4 60.0 253.9
  60.2 253.4 60.4 252.9 60.7 252.4 60.9 251.9 61.1 251.5 61.2 251.0 61.3 250.7
  61.5 250.3 61.7 250.0 61.9 249.7 62.0 249.5 62.2 249.3 62.4 249.1 62.6 248.9
  62.8 248.7 62.9 248.5 63.1 248.4 63.3 248.3 63.5 248.1 63.6 248.0 63.8 247.9
  64.0 247.9 64.3 247.8 64.6 247.8 64.9 247.7 65.2 247.7 65.5 247.7 65.9 247.8
  66.2 247.8 66.6 247.5 67.0 247.2 67.4 246.9 67.8 246.6 68.2 246.3 68.6 245.3
  69.0 244.2 69.4 243.2 69.7 242.1 70.1 241.0 70.4 239.3 70.6 237.6 70.9 235.8
  71.1 234.0 71.3 232.3 71.5 230.5
   8 20 50  0.0
  72.5 321.4 72.1 320.1 71.7 318.8 71.4 318.5 71.0 318.2 70.6 317.9 70.2 317.5
  69.9 317.2 69.5 317.8 69.2 318.5 68.8 319.1 68.5 319.8 68.2 320.5 67.9 321.2
  67.8 322.3 67.6 323.5 67.5 324.6 67.5 325.8 67.5 327.1 67.5 328.4 67.6 329.8
  67.7 331.2 67.8 332.6 67.9 334.1 67.9 335.5 68.1 336.8 68.1 337.8 68.1 338.6
  68.2 339.5 68.2 340.3 68.2 341.1 68.1 341.9 68.1 342.6 68.1 343.3 68.1 343.9
  68.0 344.5 67.9 345.1 67.8 345.8 67.7 346.5 67.6 347.3 67.5 348.1 67.3 348.9
  67.1 349.7 66.9 350.5 66.7 351.3 66.5 352.2 66.2 353.0 65.8 353.9 65.5 354.7
  65.2 355.4 64.9 356.2 64.5 356.9 64.0 357.6 63.6 358.0 63.1 358.3 62.6 358.6
  62.2 358.9 61.7 359.1 61.2 359.3 60.7 359.4 60.2 359.5 59.7 359.5 59.2 359.6
  58.7 359.7 58.2 359.8 57.7 359.8 57.2 359.7 56.7 359.7 56.2 359.5 55.7 359.3
  55.2 359.0 54.8 358.6 54.3 358.2 53.9 357.8 53.5 357.2 53.2 356.5 52.8 355.8
  52.8 355.0 52.8 354.2 52.8 353.3 52.7 352.4 52.7 351.5 52.9 350.5 53.1 349.4
  53.3 348.4 53.4 347.3 53.7 346.2 54.0 345.1 54.2 344.0 54.5 342.9 54.9 341.8
  55.2 340.6 55.4 339.5 55.9 338.3 56.3 337.1 56.7 336.0 57.3 334.8 57.9 333.6
  58.4 332.4 58.9 331.3 59.5 330.2 60.1 329.0 60.7 328.1 61.2 327.2 61.7 326.2
  62.2 325.1 62.7 324.5 63.0 323.7 63.3 323.0 63.6 322.1 63.8 321.2 64.0 320.3
  64.2 319.7 64.3 319.1 64.4 318.5 64.5 317.9 64.6 317.3 64.6 316.8 64.7 316.2
  64.7 315.6 64.8 315.0 64.8 314.4 64.8 313.8 64.8 313.3 64.8 312.7 64.9 312.2
  64.9 311.6 64.9 311.1 64.9 310.6 64.9 310.0 64.9 309.4 65.0 308.9 65.0 308.2
  65.0 307.6 64.8 306.9 64.7 306.0 64.6 305.0 64.5 303.9 64.2 302.6 63.9 301.3
  63.7 299.8 63.5 298.2 63.4 296.5 63.2 294.7 63.3 293.0 63.4 291.3 63.6 289.7
  63.9 288.1 64.1 286.5 64.5 284.8 64.9 283.0 65.3 281.2 65.7 279.3 66.1 277.4
  66.4 275.4 66.8 273.3 67.1 271.0 67.5 268.7 67.8 266.2 68.1 263.7 68.4 261.4
  68.7 259.1 68.9 256.7 69.1 254.3 69.2 251.9 69.4 249.5 69.6 247.2 69.9 244.8
  70.1 242.5 70.4 240.9 70.7 239.4 70.9 237.8 71.2 236.3 71.5 234.7 71.8 233.1
  72.1 231.5 72.5 230.6 72.8 229.7 73.1 228.7 73.4 227.7 73.6 226.5 73.9 225.3
  74.1 224.0 74.3 223.2 74.5 222.2 74.6 221.1 74.8 219.9 74.9 218.5 75.0 217.0
  75.1 215.5 75.2 213.8 75.3 212.0 75.3 210.2 75.3 208.4 75.3 206.5 75.3 204.7
  75.2 202.8 75.2 201.1 75.1 199.3 74.9 197.6 74.8 196.0 74.6 194.5 74.4 193.0
  74.2 191.6 73.9 190.3 73.7 188.7 73.4 187.1 73.2 185.6 72.9 184.2 72.6 182.8
  72.3 181.5 72.1 180.2 71.8 178.9 71.5 177.3 71.2 175.7 70.9 174.2 70.7 172.7
  70.4 171.3 70.1 169.9 69.8 168.5 69.5 167.1 69.1 165.6 68.8 164.1 68.5 162.7
  68.2 161.2 67.9 159.8 67.6 158.2 67.3 156.7 67.0 155.1 66.7 153.5 66.4 152.0
  66.1 150.4 65.9 148.9 65.6 147.5 65.5 146.1 65.4 144.7 65.2 143.3 65.3 141.9
  65.3 140.6 65.3 139.3 65.5 138.0
   8 21 50  0.0
  72.5 321.4 72.2 320.3 71.9 319.2 71.6 318.8 71.3 318.5 71.1 318.1 70.8 317.8
  70.6 317.4 70.4 317.0 70.2 316.5 70.0 316.1 69.8 316.3 69.6 316.6 69.4 316.9
  69.3 317.2 69.1 317.6 69.0 317.9 68.8 318.3 68.6 318.8 68.5 319.3 68.3 319.8
  68.1 320.3 68.0 320.9 67.9 322.0 67.8 323.1 67.7 324.3 67.6 325.6 67.5 326.9
  67.4 328.4 67.4 329.8 67.3 331.4 67.3 333.1 67.3 334.8 67.3 336.5 67.3 338.3
  67.3 340.2 67.2 342.0 67.2 343.9 67.2 345.8 67.2 347.5 67.1 349.2 67.0 350.8
  66.9 352.3 66.8 353.7 66.6 355.0 66.4 356.1 66.1 357.2 65.8 358.1 65.5 359.2
  65.2   0.1 64.8   0.5 64.5   0.9 64.0   1.2 63.6   1.5 63.2   1.9 62.7   2.2
  62.2   2.5 61.7   2.8 61.2   3.2 60.8   3.7 60.2   4.1 59.7   4.5 59.1   5.0
  58.4   5.4 57.8   5.9 57.1   6.2 56.5   6.6 55.8   6.9 55.1   7.0 54.4   7.2
  53.7   7.3 53.1   7.2 52.4   7.2 51.8   7.1 51.2   6.9 50.5   6.7 49.9   6.5
  49.4   6.2 48.8   5.9 48.2   5.5 47.6   5.2 47.1   4.7 46.6   4.2 46.1   3.7
  45.7   3.2 45.3   2.5 44.9   1.9 44.6   1.2 44.2   0.4 43.9 359.7 43.9 358.7
  43.8 357.6 43.7 356.6 43.7 355.6 43.8 354.5 44.0 353.5 44.2 352.4 44.3 351.2
  44.6 350.1 44.9 349.0 45.2 347.9 45.5 346.8 45.9 345.7 46.2 344.7 46.5 343.5
  46.9 342.4 47.4 341.3 47.8 340.1 48.2 339.0 48.7 337.9 49.2 336.7 49.7 335.5
  50.2 334.3 50.7 333.0 51.3 331.8 51.8 330.5 52.4 329.3 53.0 328.1 53.6 326.9
  54.2 325.7 54.7 324.5 55.4 323.2 55.7 322.1 56.2 320.9 56.7 319.6 56.9 318.3
  57.2 317.0 57.5 315.7 57.7 314.4 57.8 313.2 58.0 311.9 58.0 310.6 58.1 309.3
  58.1 307.6 58.1 306.1 58.1 304.5 58.1 303.0 58.1 301.6 58.1 300.3 58.2 298.9
  58.2 297.7 58.3 296.5 58.3 295.3 58.3 294.2 58.3 293.0 58.3 291.9 58.2 290.9
  58.2 289.8 58.1 288.7 58.1 287.7 58.0 286.6 58.0 285.5 57.9 284.8 57.9 284.1
  57.9 283.3 57.9 282.5 57.9 281.7 58.0 280.9 58.1 280.0 58.1 278.8 58.2 277.6
  58.3 276.4 58.4 275.2 58.4 273.9 58.4 272.7 58.5 271.5 58.5 270.3 58.5 269.1
  58.5 267.9 58.4 266.8 58.4 265.7 58.4 264.6 58.4 263.6 58.3 262.6 58.3 261.7
  58.2 260.8 58.2 260.0 58.1 259.2 58.0 258.5 57.9 257.8 57.8 257.2 57.7 256.5
  57.6 255.9 57.5 255.3 57.3 254.7 57.2 254.2 57.1 253.6 56.9 253.1 56.8 252.6
  56.6 252.2 56.5 251.8 56.2 251.3 56.0 251.0 55.7 250.5 55.5 250.1 55.2 249.7
  54.9 249.4 54.7 249.0 54.4 248.6 54.1 248.2 53.8 247.9 53.5 247.4 53.2 247.0
  52.9 246.5 52.6 246.0 52.4 245.5 52.1 244.9 51.9 244.4 51.7 243.8 51.5 243.2
  51.4 242.6 51.2 242.0 51.1 241.4 50.9 240.8 50.8 240.1 50.7 239.5 50.6 238.8
  50.5 238.1 50.4 237.5 50.3 236.8 50.2 236.2 50.1 235.5 50.1 234.9 50.0 234.3
  50.0 233.8 49.9 233.3 49.9 232.9 49.8 232.5 49.8 232.1 49.7 231.7 49.6 231.3
  49.4 230.9 49.2 230.6 49.0 230.2 48.8 229.8 48.6 229.5 48.3 229.1 48.1 228.7
  47.8 228.4 47.6 228.0 47.2 227.5
   8 22 50  0.0
  72.5 321.4 72.2 320.6 71.9 319.7 71.7 319.5 71.5 319.2 71.3 318.9 71.0 318.6
  70.9 318.3 70.7 317.9 70.5 317.5 70.4 317.1 70.2 316.6 70.1 316.1 70.0 315.5
  69.8 315.6 69.7 315.6 69.6 315.7 69.4 315.8 69.3 315.9 69.1 316.0 69.0 316.1
  68.9 316.2 68.9 316.4 68.8 316.5 68.7 316.7 68.6 316.9 68.5 317.1 68.5 317.3
  68.4 317.5 68.3 317.8 68.2 318.1 68.2 318.4 68.1 318.7 68.0 319.0 68.0 319.4
  67.9 320.4 67.9 321.4 67.8 322.5 67.8 323.7 67.7 324.9 67.7 326.2 67.6 327.6
  67.5 329.0 67.5 330.5 67.4 332.0 67.3 333.7 67.2 335.3 67.1 336.9 67.0 338.5
  66.9 340.2 66.8 341.8 66.7 343.5 66.6 345.1 66.5 346.8 66.4 348.4 66.3 350.0
  66.2 351.6 66.1 353.1 65.9 354.6 65.7 356.2 65.5 357.7 65.3 359.2 65.0   0.5
  64.7   1.0 64.4   1.5 64.1   2.0 63.7   2.4 63.4   2.8 63.0   3.3 62.6   3.7
  62.1   4.1 61.7   4.5 61.2   4.8 60.7   5.2 60.2   5.5 59.7   5.9 59.2   6.2
  58.6   6.6 58.0   6.9 57.4   7.3 56.8   7.6 56.2   8.0 55.5   8.3 54.9   8.5
  54.2   8.7 53.5   9.0 52.8   8.9 52.1   8.9 51.5   8.8 50.8   8.6 50.2   8.3
  49.6   8.1 49.1   7.8 48.6   7.4 48.2   7.1 47.7   6.7 47.3   6.2 46.9   5.8
  46.4   5.3 46.0   4.8 45.6   4.3 45.2   3.6 45.0   3.0 44.7   2.3 44.5   1.7
  44.2   1.0 44.0   0.2 43.7 359.4 43.6 358.3 43.6 357.2 43.5 356.1 43.5 355.0
  43.7 353.9 43.9 352.8 44.1 351.8 44.5 350.6 44.9 349.4 45.2 348.3 45.6 347.2
  46.0 346.1 46.4 344.9 46.8 343.7 47.3 342.5 47.7 341.4 48.1 340.3 48.6 339.1
  49.0 338.0 49.5 336.8 50.0 335.7 50.5 334.6 51.0 333.5 51.5 332.4 52.0 331.3
  52.6 330.2 53.1 329.1 53.7 328.0 54.1 326.9 54.7 325.7 55.2 324.6 55.8 323.4
  56.2 322.4 56.6 321.1 57.0 319.9 57.3 318.7 57.5 317.6 57.8 316.6 58.1 315.5
  58.2 314.3 58.3 313.0 58.4 311.8 58.4 310.5 58.4 309.2 58.4 307.9 58.2 306.6
  58.1 305.2 58.1 303.9 58.0 302.5 57.9 301.1 57.9 300.1 57.9 299.1 57.9 298.2
  57.9 297.3 58.0 296.4 58.0 295.6 58.0 294.9 58.0 294.1 57.9 293.4 57.9 292.7
  57.9 292.0 57.9 291.3 57.8 290.6 57.7 289.9 57.7 289.2 57.6 288.5 57.6 287.8
  57.5 287.1 57.5 286.4 57.4 285.6 57.4 284.9 57.4 284.1 57.4 283.3 57.5 282.5
  57.6 281.7 57.7 280.8 57.8 279.9 57.9 279.0 58.0 278.1 58.1 277.2 58.2 276.0
  58.2 274.8 58.3 273.5 58.4 272.3 58.5 271.1 58.5 270.0 58.5 268.8 58.6 267.7
  58.6 266.6 58.6 265.5 58.6 264.5 58.6 263.5 58.6 262.6 58.6 261.7 58.6 260.9
  58.6 260.1 58.6 259.4 58.5 258.7 58.4 258.1 58.4 257.4 58.3 256.8 58.2 256.3
  58.2 255.7 58.1 255.2 58.0 254.7 57.8 254.2 57.7 253.7 57.6 253.2 57.5 252.8
  57.3 252.4 57.2 252.0 57.1 251.7 56.8 251.3 56.6 251.0 56.3 250.7 56.0 250.5
  55.7 250.1 55.3 249.8 55.0 249.5 54.7 249.2 54.4 248.9 54.1 248.6 53.8 248.3
  53.6 247.9 53.2 247.5 53.0 247.1 52.7 246.7 52.4 246.3 52.2 245.8 52.0 245.3
  51.8 244.9 51.6 244.4 51.5 243.9
   8 23 50  0.0
  72.5 321.4 72.3 321.0 72.1 320.6 71.9 320.1 71.7 320.1 71.5 320.0 71.3 319.9
  71.1 319.9 70.9 319.8 70.7 319.8 70.5 319.7 70.3 319.6 70.1 319.6 69.9 319.5
  69.7 319.8 69.5 320.0 69.4 320.2 69.2 320.5 69.1 320.7 68.9 321.0 68.8 321.3
  68.7 321.6 68.6 321.9 68.5 322.2 68.4 322.5 68.3 322.8 68.2 323.2 68.2 323.5
  68.1 323.9 68.0 324.3 67.9 324.8 67.9 325.4 67.8 326.1 67.7 326.8 67.6 327.6
  67.5 328.4 67.4 329.3 67.2 330.3 67.0 331.3 66.9 332.4 66.7 333.5 66.5 334.7
  66.3 335.9 66.2 337.1 66.0 338.4 65.9 339.7 65.7 340.9 65.6 342.2 65.5 343.4
  65.4 344.6 65.3 345.8 65.1 347.0 65.0 348.1 64.9 349.3 64.7 350.3 64.6 351.4
  64.4 352.4 64.3 353.3 64.1 354.3 64.0 355.1 63.8 355.5 63.7 355.8 63.5 356.2
  63.3 356.5 63.1 356.9 62.8 357.3 62.6 357.7 62.3 358.1 62.0 358.5 61.7 359.0
  61.4 359.3 61.1 359.6 60.8 359.9 60.4   0.2 60.1   0.4 59.7   0.6 59.3   0.6
  58.9   0.6 58.5   0.7 58.1   0.8 57.7   0.8 57.3   0.7 57.0   0.5 56.6   0.4
  56.2   0.3 55.9   0.1 55.5 359.8 55.3 359.3 55.0 358.8 54.8 358.4 54.6 358.0
  54.3 357.6 54.1 357.2 53.9 356.8 53.7 356.0 53.5 355.2 53.5 354.4 53.5 353.6
  53.5 352.7 53.5 351.8 53.5 350.9 53.6 349.9 53.7 348.9 53.8 347.8 53.8 346.7
  53.9 345.6 53.9 344.4 54.0 343.2 54.2 342.3 54.4 341.4 54.6 340.5 54.7 339.5
  55.0 338.6 55.3 337.6 55.6 336.7 55.9 335.7 56.2 334.7 56.5 334.2 56.8 333.6
  57.1 333.1 57.5 332.5 57.8 331.9 58.1 331.3 58.4 331.2 58.7 331.1 59.1 330.9
  59.4 330.8 59.7 330.6 60.1 330.4 60.5 330.4 60.9 330.3 61.3 330.3 61.7 330.2
  62.1 330.1 62.6 330.0 63.1 329.9 63.5 329.8 64.0 329.6 64.4 329.4 64.8 329.4
  65.3 329.3 65.7 329.3 66.1 329.2 66.5 329.3 66.8 329.3 67.2 329.4 67.6 329.4
  68.0 329.5 68.3 329.5 68.7 329.5 69.0 329.5 69.4 329.6 69.7 329.6 70.1 329.6
  70.4 329.8 70.7 330.0 71.1 330.3 71.4 330.5 71.6 330.9 71.9 331.2 72.1 331.6
  72.2 332.1 72.2 332.7 72.1 333.2 72.1 333.8 72.0 334.4 71.9 334.9 71.8 335.6
  71.7 336.2 71.5 336.9 71.3 337.5 71.1 338.2 70.9 338.9 70.7 339.5 70.5 340.1
  70.3 340.8 70.1 341.4 69.9 342.0 69.7 343.0 69.5 344.0 69.4 345.0 69.3 346.1
  69.2 347.1 69.1 348.1 69.0 349.1 68.9 350.0 68.9 350.9 68.8 351.7 68.7 352.4
  68.6 353.2 68.6 353.8 68.5 354.5 68.4 355.1 68.4 355.7 68.3 356.3 68.2 356.8
  68.1 357.3 68.0 357.8 67.8 357.9 67.7 358.0 67.6 358.1 67.5 358.2 67.4 358.2
  67.2 358.2 67.1 358.2 67.0 358.2 66.8 358.1 66.7 358.1 66.6 358.1 66.4 358.0
  66.3 358.0 66.2 357.9 66.1 357.8 66.0 357.8 65.8 357.3 65.7 356.8 65.6 356.4
  65.5 355.9 65.5 355.5 65.5 355.1 65.5 354.6 65.5 354.2 65.6 353.7 65.6 353.2
  65.6 352.8 65.7 352.3 65.7 351.7 65.9 351.2 66.1 350.7 66.3 350.5 66.5 350.4
  66.7 350.2 66.9 350.0 67.1 349.9 67.2 349.7 67.3 349.5 67.5 349.3 67.6 349.1
  67.7 348.9 67.8 348.8 67.9 348.6
   8 24 50  0.0
  72.5 321.4 72.5 321.3 72.5 321.2 72.5 321.1 72.4 321.0 72.4 320.8 72.3 320.7
  72.3 320.5 72.2 320.3 72.1 320.1 72.0 319.9 71.9 319.6 71.8 319.5 71.7 319.4
  71.6 319.3 71.5 319.2 71.3 319.1 71.2 319.0 71.1 318.8 71.0 318.7 70.8 318.6
  70.7 318.5 70.6 318.4 70.5 318.2 70.3 318.1 70.2 318.0 70.0 317.9 69.9 317.7
  69.8 317.9 69.6 318.0 69.5 318.1 69.4 318.3 69.2 318.4 69.1 318.6 68.9 318.8
  68.8 319.0 68.6 319.2 68.4 319.4 68.3 319.6 68.1 319.9 68.0 320.1 67.9 320.3
  67.8 320.5 67.7 320.8 67.6 321.1 67.6 321.4 67.5 321.7 67.4 322.1 67.4 322.4
  67.3 322.8 67.3 323.3 67.3 323.7 67.2 324.3 67.2 324.8 67.1 325.4 67.1 326.0
  67.0 326.7 67.0 327.5 66.9 328.2 66.8 329.1 66.6 330.0 66.5 331.0 66.3 332.0
  66.2 333.1 66.1 334.2 65.9 335.3 65.7 336.5 65.6 337.7 65.5 339.0 65.4 340.2
  65.3 341.4 65.2 342.7 65.0 343.9 64.9 345.1 64.8 346.3 64.6 347.4 64.5 348.5
  64.3 349.6 64.2 350.7 64.0 351.7 63.9 352.7 63.7 353.3 63.5 353.8 63.3 354.3
  63.1 354.7 62.9 355.1 62.7 355.5 62.5 355.9 62.2 356.3 61.9 356.7 61.6 356.9
  61.3 357.2 61.0 357.5 60.7 357.8 60.3 358.1 59.9 358.4 59.6 358.6 59.2 358.7
  58.8 358.8 58.5 358.9 58.1 359.0 57.7 359.1 57.4 358.9 57.0 358.7 56.7 358.4
  56.4 358.2 56.0 357.9 55.7 357.7 55.5 357.1 55.2 356.5 55.0 355.9 54.9 355.3
  54.7 354.8 54.6 354.2 54.5 353.7 54.4 353.1 54.3 352.6 54.2 352.1 54.1 351.5
  54.1 351.0 54.1 350.4 54.1 349.9 54.1 349.3 54.2 348.7 54.2 348.1 54.2 347.4
  54.2 346.7 54.3 346.0 54.3 345.2 54.3 344.5 54.4 343.6 54.5 342.8 54.7 341.9
  54.9 341.0 55.0 340.0 55.2 339.1 55.5 338.1 55.8 337.1 56.1 336.2 56.4 335.6
  56.7 335.0 57.0 334.5 57.3 333.9 57.6 333.3 58.0 332.8 58.3 332.2 58.7 332.1
  59.1 331.9 59.4 331.8 59.8 331.6 60.1 331.4 60.5 331.4 60.9 331.4 61.3 331.4
  61.7 331.3 62.2 331.2 62.6 331.2 63.1 331.2 63.5 331.2 64.0 331.1 64.4 331.0
  64.9 331.1 65.3 331.2 65.7 331.2 66.1 331.3 66.5 331.5 66.9 331.7 67.2 331.8
  67.6 332.0 67.9 332.2 68.1 332.3 68.4 332.5 68.6 332.7 68.8 333.0 69.1 333.2
  69.3 333.4 69.5 333.7 69.7 333.9 69.9 334.2 70.0 334.4 70.2 335.0 70.4 335.6
  70.6 336.3 70.4 337.0 70.3 337.7 70.1 338.4 70.0 339.1 69.8 339.7 69.7 340.3
  69.5 340.9 69.2 341.6 69.0 342.2 68.8 342.9 68.6 343.7 68.4 344.5 68.1 345.3
  67.9 346.1 67.8 346.9 67.6 347.8 67.5 348.7 67.3 349.6 67.2 350.5 67.0 351.4
  66.9 352.3 66.8 353.1 66.7 353.9 66.6 354.6 66.5 355.3 66.4 355.9 66.3 356.4
  66.2 356.9 66.0 357.3 65.8 357.3 65.7 357.2 65.5 357.1 65.3 357.0 65.1 356.9
  65.0 356.7 64.7 356.5 64.5 356.4 64.3 356.1 64.1 355.9 63.9 355.7 63.7 354.8
  63.6 353.9 63.4 353.0 63.2 352.2 63.0 351.3 62.7 350.5 62.5 349.7 62.3 348.9
  62.0 348.1 61.8 347.4 61.5 346.4 61.3 345.4 61.0 344.4 60.8 343.4 60.4 342.5
  60.0 341.6 59.6 340.7 59.3 339.5
   8 25 50  0.0
  72.5 321.4 72.6 321.6 72.7 321.7 72.8 321.9 72.9 322.1 73.0 322.2 73.0 322.4
  73.1 322.5 73.2 322.7 73.3 322.9 73.4 323.0 73.5 323.2 73.6 323.3 73.7 323.5
  73.8 323.7 73.9 323.8 73.9 324.0 74.0 324.1 74.0 324.2 74.0 324.3 74.0 324.4
  73.9 324.5 73.9 324.5 73.9 324.6 73.8 324.6 73.8 324.6 73.7 324.6 73.6 324.6
  73.5 324.5 73.4 324.5 73.3 324.4 73.2 324.3 73.1 324.2 73.0 324.1 72.9 323.9
  72.7 323.8 72.6 323.6 72.5 323.4 72.3 323.2 72.2 323.0 72.0 322.7 71.9 322.5
  71.7 322.4 71.6 322.4 71.5 322.4 71.3 322.4 71.2 322.4 71.0 322.4 70.9 322.4
  70.7 322.4 70.6 322.4 70.5 322.4 70.3 322.4 70.1 322.4 70.0 322.4 69.8 322.7
  69.7 322.9 69.6 323.2 69.4 323.5 69.3 323.9 69.1 324.2 69.0 324.6 68.8 324.9
  68.7 325.3 68.6 325.7 68.5 326.2 68.4 326.7 68.3 327.2 68.2 327.7 68.1 328.2
  67.9 328.8 67.8 329.4 67.6 330.0 67.5 330.8 67.4 331.5 67.2 332.4 67.0 333.3
  66.9 334.2 66.7 335.2 66.5 336.2 66.4 337.3 66.2 338.4 66.1 339.6 66.0 340.9
  66.0 342.1 65.9 343.4 65.9 344.7 65.9 346.1 65.9 347.4 65.9 348.6 65.8 349.9
  65.7 351.1 65.6 352.3 65.5 353.5 65.3 354.6 65.2 355.6 65.0 356.6 64.8 357.5
  64.6 358.3 64.4 359.1 64.1 359.8 63.9   0.4 63.7   0.4 63.5   0.4 63.3   0.4
  63.1   0.5 62.9   0.5 62.7   0.5 62.4   0.5 62.2   0.5 62.0   0.5 61.7   0.5
  61.5   0.5 61.2   0.5 60.9   0.5 60.5   0.5 60.2   0.6 59.8   0.7 59.5   0.7
  59.1   0.7 58.7   0.7 58.3   0.7 57.9   0.8 57.5   0.6 57.1   0.5 56.7   0.4
  56.3   0.2 55.9   0.1 55.5 359.8 55.2 359.3 54.9 358.7 54.6 358.2 54.4 357.6
  54.1 357.0 53.9 356.4 53.7 355.6 53.6 354.8 53.5 353.9 53.4 353.1 53.4 352.2
  53.3 351.3 53.3 350.3 53.3 349.4 53.3 348.4 53.3 347.3 53.2 346.3 53.2 345.2
  53.2 344.1 53.2 343.0 53.2 341.9 53.2 340.7 53.3 339.5 53.4 338.3 53.6 337.1
  53.8 335.9 54.0 334.6 54.2 333.4 54.4 332.4 54.6 331.5 54.6 330.6 54.7 329.8
  54.8 328.9 54.8 328.2 54.9 327.5 54.9 326.8 55.0 326.1 55.0 325.6 55.1 325.0
  55.1 324.5 55.2 324.0 55.3 323.5 55.4 323.0 55.5 322.5 55.6 322.0 55.6 321.5
  55.7 320.9 55.8 320.4 55.8 319.9 55.8 319.4 55.9 318.9 55.9 318.4 55.9 317.9
  55.9 317.5 55.9 317.0 56.0 316.6 56.0 316.3 56.0 315.9 55.9 315.6 55.9 315.3
  55.8 315.0 55.7 314.8 55.6 314.5 55.5 314.3 55.4 314.1 55.2 313.9 55.0 313.8
  54.8 313.6 54.5 313.5 54.2 313.4 53.9 313.3 53.5 312.9 53.1 312.7 52.7 312.4
  52.2 312.2 51.7 312.0 51.1 311.5 50.6 310.9 50.0 310.4 49.5 309.9 48.9 309.1
  48.5 308.3 48.0 307.5 47.6 306.7 47.2 306.0 46.9 305.2 46.5 304.5 46.1 303.9
  45.7 303.3 45.3 302.7 44.8 302.2 44.4 301.7 43.9 301.3 43.4 300.8 42.8 300.3
  42.3 299.8 42.0 299.3 41.7 298.6 41.4 297.9 41.1 297.2 40.8 296.4 40.5 295.6
  40.6 294.8 40.7 294.0 40.7 293.3 40.8 292.6 40.8 292.0 41.0 291.4 41.2 290.8
  41.4 290.3 41.6 289.9 41.8 289.5
   8 26 50  0.0
  72.5 321.4 72.5 321.7 72.5 322.0 72.5 322.3 72.5 322.6 72.6 322.9 72.6 323.2
  72.6 323.5 72.6 323.8 72.6 324.0 72.7 324.3 72.7 324.6 72.7 324.9 72.8 325.2
  72.8 325.5 72.8 325.8 72.9 326.1 72.9 326.4 73.0 326.7 73.0 327.0 73.0 327.4
  73.1 327.7 73.1 328.0 73.1 328.3 73.1 328.7 73.1 329.0 73.2 329.4 73.2 329.7
  73.2 330.1 73.2 330.5 73.2 330.8 73.2 331.2 73.2 331.6 73.2 332.0 73.1 332.5
  73.0 332.9 72.9 333.3 72.8 333.7 72.7 334.0 72.6 334.4 72.5 334.7 72.4 335.0
  72.3 335.2 72.1 335.4 72.0 335.6 71.9 336.1 71.7 336.6 71.4 337.0 71.2 337.4
  71.0 337.8 70.8 338.1 70.5 338.5 70.3 338.8 70.0 339.0 69.8 339.3 69.6 339.9
  69.3 340.5 69.1 341.1 68.9 341.7 68.7 342.3 68.5 342.9 68.3 343.5 68.1 344.1
  67.9 344.7 67.8 345.6 67.6 346.4 67.5 347.3 67.3 348.2 67.2 349.1 67.1 349.9
  67.0 350.7 66.8 351.6 66.7 352.3 66.6 353.1 66.5 353.8 66.4 354.5 66.2 355.1
  66.1 355.7 66.0 356.2 65.9 356.7 65.9 357.1 65.8 357.5 65.8 357.8 65.7 358.1
  65.7 358.3 65.7 358.5 65.6 358.8 65.6 359.0 65.5 359.3 65.4 359.6 65.4 359.9
  65.3   0.2 65.2   0.3 65.1   0.5 65.1   0.6 65.0   0.8 64.9   0.9 64.7   1.1
  64.6   1.3 64.4   1.5 64.2   1.6 63.9   1.8 63.7   1.8 63.4   1.8 63.1   1.8
  62.8   1.9 62.4   1.9 61.9   1.9 61.5   1.8 61.0   1.7 60.6   1.5 60.0   1.4
  59.5   1.3 59.0   1.1 58.5   0.9 57.9   0.7 57.4   0.4 56.8   0.2 56.2 359.9
  55.6 359.5 55.0 358.9 54.4 358.4 53.7 357.8 53.1 357.0 52.5 356.2 51.9 355.4
  51.3 354.5 50.7 353.6 50.2 352.7 49.6 351.8 49.2 350.9 48.7 350.0 48.3 349.1
  48.0 348.1 47.6 347.2 47.3 346.2 47.1 345.3 46.8 344.2 46.6 343.2 46.4 342.1
  46.3 341.0 46.2 339.9 46.1 338.7 46.1 337.6 46.0 336.5 45.9 335.4 46.0 334.3
  46.0 333.3 46.0 332.2 46.1 331.0 46.3 329.9 46.5 328.7 46.7 327.6 47.1 326.4
  47.5 325.3 47.9 324.3 48.3 323.3 48.8 322.3 49.3 321.3 49.7 320.4 50.1 319.4
  50.5 318.6 50.8 317.8 51.1 317.1 51.5 316.3 51.9 315.5 52.1 314.8 52.4 314.3
  52.8 313.8 53.1 313.3 53.5 312.8 53.9 312.2 54.2 311.7 54.5 311.3 54.7 310.9
  54.9 310.5 55.2 310.1 55.4 309.6 55.7 309.1 55.9 308.6 56.2 308.1 56.5 307.7
  56.4 307.4 56.2 307.0 56.1 306.6 56.0 306.3 56.0 305.9 56.0 305.3 55.9 304.8
  55.9 304.3 56.0 303.7 55.7 303.2 55.5 302.6 55.4 302.1 55.3 301.5 55.3 300.9
  55.2 300.4 55.3 299.8 55.2 299.2 55.1 298.6 55.1 298.0 55.1 297.4 55.1 296.7
  55.2 296.0 55.3 295.4 55.2 294.7 55.1 294.0 54.9 293.2 54.8 292.4 54.7 291.7
  54.4 290.9 54.1 290.0 53.8 289.2 53.5 288.4 53.3 287.6 53.1 286.8 52.9 285.9
  52.7 285.0 52.5 284.1 52.4 283.2 52.4 282.2 52.4 281.2 52.4 280.3 52.5 279.2
  52.5 278.2 52.6 277.2 52.7 276.3 52.7 275.3 52.7 274.3 52.7 273.4 52.6 272.4
  52.6 271.5 52.4 270.5 52.3 269.6 52.2 268.6 52.1 267.6 51.9 266.5 51.7 265.5
  51.6 264.5 51.5 263.4 51.3 262.4
   8 27 50  0.0
  72.5 321.4 72.4 322.0 72.2 322.5 72.1 323.0 72.0 323.4 71.9 323.7 71.8 324.0
  71.7 324.2 71.7 324.5 71.7 324.8 71.7 325.1 71.7 325.4 71.7 325.7 71.8 326.1
  71.8 326.4 71.9 326.8 71.9 327.1 71.9 327.4 72.0 327.8 72.0 328.1 72.1 328.4
  72.2 328.7 72.2 329.0 72.3 329.3 72.3 329.6 72.4 329.9 72.4 330.2 72.5 330.6
  72.5 330.9 72.6 331.2 72.6 331.6 72.6 331.9 72.7 332.3 72.6 332.6 72.6 333.0
  72.6 333.3 72.5 333.7 72.5 334.0 72.4 334.4 72.4 334.7 72.3 335.1 72.2 335.4
  72.2 335.8 72.1 336.1 72.0 336.4 71.8 337.0 71.7 337.6 71.5 338.2 71.4 338.7
  71.2 339.3 71.1 339.9 70.9 340.4 70.7 341.0 70.4 341.5 70.2 342.0 69.9 342.6
  69.7 343.4 69.4 344.3 69.1 345.1 68.8 346.0 68.5 346.8 68.2 347.7 67.9 348.5
  67.6 349.6 67.4 350.7 67.1 351.7 66.8 352.8 66.5 353.8 66.2 354.8 65.9 355.7
  65.6 356.7 65.2 357.5 64.8 358.3 64.4 359.0 64.0 359.7 63.5 359.9 63.1   0.1
  62.5   0.1 62.0   0.2 61.5   0.3 60.9   0.3 60.3   0.4 59.6   0.4 58.9   0.5
  58.2   0.6 57.4   0.7 56.6   0.8 55.7   0.9 54.9   0.8 54.0   0.8 53.1   0.7
  52.3   0.4 51.4   0.0 50.7 359.5 49.8 358.7 49.0 358.0 48.2 357.3 47.3 356.6
  46.5 356.0 45.9 355.3 45.4 354.5 44.9 353.7 44.4 352.9 43.9 352.0 43.4 351.0
  42.9 350.0 42.4 348.9 42.0 347.7 41.5 346.7 41.1 345.7 40.7 344.6 40.3 343.5
  40.2 342.4 40.2 341.3 40.1 340.3 40.1 339.2 40.3 338.2 40.5 337.2 40.8 336.3
  41.0 335.4 41.4 334.4 41.7 333.6 42.1 332.7 42.5 331.8 43.0 330.8 43.4 329.9
  43.8 329.0 44.3 328.1 44.8 327.3 45.2 326.5 45.6 325.6 46.1 324.8 46.5 324.0
  47.0 323.3 47.4 322.5 47.8 321.6 48.2 320.8 48.6 319.9 49.0 319.0 49.4 318.1
  49.8 317.2 50.2 316.2 50.7 315.4 51.1 314.5 51.5 313.6 52.0 312.7 52.5 312.0
  52.9 311.1 53.2 310.3 53.6 309.5 54.0 308.6 54.4 307.8 54.5 307.0 54.6 306.1
  54.8 305.2 54.9 304.4 55.1 303.5 54.9 302.6 54.7 301.8 54.5 301.0 54.2 300.1
  54.0 299.3 53.5 298.4 53.1 297.5 52.7 296.6 52.3 295.6 51.7 294.6 51.2 293.6
  50.8 292.6 50.3 291.5 49.8 290.5 49.3 289.5 48.8 288.5 48.3 287.5 47.7 286.6
  47.2 285.8 46.7 284.9 46.2 284.1 45.7 283.3 45.2 282.5 44.8 281.7 44.4 280.9
  44.0 280.0 43.6 279.1 43.3 278.2 43.1 277.2 42.8 276.2 42.5 275.2 42.4 274.0
  42.2 272.9 42.1 271.7 42.1 270.5 42.1 269.4 42.1 268.3 42.1 267.2 42.2 266.2
  42.4 265.3 42.6 264.4 42.8 263.7 43.2 262.9 43.5 262.2 43.9 261.6 44.3 261.0
  44.7 260.2 45.1 259.4 45.5 258.6 45.9 257.7 46.3 256.9 46.6 255.8 46.8 254.7
  47.1 253.5 47.3 252.4 47.6 251.3 47.9 250.2 48.2 249.2 48.5 248.0 48.8 246.9
  49.1 245.8 49.5 244.7 49.8 243.7 50.0 242.7 50.2 241.7 50.4 240.7 50.6 239.8
  50.6 238.9 50.6 238.1 50.7 237.2 50.7 236.4 50.7 235.7 50.5 234.9 50.4 234.3
  50.3 233.6 50.2 233.0 50.1 232.4 49.9 231.9 49.8 231.4 49.5 230.9 49.3 230.5
  49.1 230.0 48.8 229.7 48.6 229.3
   8 28 50  0.0
  72.5 321.4 72.3 321.9 72.2 322.4 72.0 322.9 71.8 322.9 71.6 323.0 71.4 323.0
  71.2 323.1 70.9 323.1 70.7 323.2 70.4 323.3 70.2 323.4 69.9 323.5 69.6 323.1
  69.3 322.8 69.0 322.5 68.8 322.2 68.5 321.9 68.3 321.7 68.0 321.5 67.8 321.3
  67.6 321.1 67.4 320.9 67.2 320.8 67.1 320.6 66.9 320.5 66.8 320.4 66.6 320.3
  66.5 320.3 66.4 320.2 66.3 320.2 66.2 320.3 66.1 320.3 66.0 320.3 65.9 320.3
  65.8 320.3 65.8 320.4 65.7 320.4 65.7 320.4 65.7 320.4 65.7 320.4 65.7 320.4
  65.7 320.4 65.7 320.4 65.7 320.3 65.8 320.3 65.8 320.3 65.9 320.3 65.9 320.3
  66.0 320.2 66.1 320.3 66.2 320.3 66.3 320.4 66.4 320.4 66.6 320.5 66.7 320.5
  66.8 320.5 67.0 320.5 67.1 320.6 67.3 320.6 67.4 320.6 67.6 320.6 67.8 320.6
  67.9 320.6 68.1 320.6 68.3 320.6 68.4 320.7 68.6 320.8 68.8 320.8 69.0 320.9
  69.2 321.0 69.4 321.1 69.6 321.2 69.8 321.3 69.9 321.4 70.1 321.5 70.3 321.6
  70.5 321.8 70.7 322.0 70.9 322.1 71.1 322.3 71.3 322.5 71.5 322.8 71.7 323.0
  71.8 323.2 72.0 323.5 72.1 323.8 72.3 323.9 72.4 324.1 72.4 324.2 72.5 324.3
  72.5 324.4 72.5 324.5 72.6 324.6 72.6 324.6 72.6 324.7 72.5 324.7 72.5 324.7
  72.5 324.7 72.4 324.7 72.4 324.6 72.3 324.6 72.2 324.5 72.1 324.4 72.0 324.3
  71.9 324.2 71.8 324.3 71.7 324.4 71.6 324.5 71.4 324.5 71.3 324.6 71.1 324.6
  71.0 324.7 70.9 324.7 70.7 324.8 70.6 324.9 70.4 324.9 70.3 325.0 70.1 325.0
  70.0 325.1 69.9 325.1 69.7 325.4 69.6 325.8 69.5 326.1 69.3 326.5 69.2 326.9
  69.1 327.3 69.0 327.7 68.9 328.2 68.7 328.7 68.6 329.2 68.4 329.7 68.3 330.3
  68.2 330.8 68.0 331.4 67.9 332.0 67.8 332.7 67.6 333.3 67.4 334.1 67.2 334.8
  67.1 335.6 66.9 336.5 66.7 337.4 66.5 338.3 66.3 339.2 66.1 340.2 66.0 341.2
  65.8 342.1 65.7 343.0 65.6 344.0 65.5 345.1 65.5 346.1 65.4 347.3 65.4 348.4
  65.3 349.6 65.3 350.8 65.2 352.0 65.0 353.2 64.8 354.4 64.6 355.5 64.4 356.6
  64.1 357.6 63.7 358.5 63.4 358.8 63.0 359.0 62.7 359.2 62.3 359.4 61.9 359.6
  61.6 359.5 61.2 359.4 60.7 359.3 60.3 359.2 59.9 359.1 59.4 359.0 58.9 358.9
  58.4 358.9 57.9 358.8 57.4 358.6 56.8 358.4 56.2 358.3 55.6 358.2 54.9 357.8
  54.3 357.4 53.7 357.0 53.1 356.3 52.5 355.5 52.0 354.7 51.5 353.8 51.0 352.9
  50.6 352.0 50.3 351.0 50.0 350.0 49.7 349.0 49.4 348.1 49.2 347.1 48.9 346.0
  48.6 345.0 48.3 344.0 48.1 342.9 47.9 341.8 47.7 340.8 47.4 339.7 47.3 338.6
  47.2 337.5 47.0 336.4 46.9 335.3 46.9 334.2 47.0 333.1 47.0 332.0 47.0 331.0
  47.2 329.9 47.4 328.8 47.6 327.8 47.8 326.8 48.0 325.8 48.1 324.8 48.2 323.7
  48.4 322.7 48.6 321.7 48.8 320.7 49.0 319.7 49.3 318.7 49.7 317.7 50.1 316.8
  50.5 316.1 50.9 315.4 51.4 314.7 52.0 314.0 52.5 313.4 53.2 313.0 53.8 312.5
  54.3 312.0 54.9 311.7 55.2 311.4 55.5 311.0 55.8 310.7 56.1 310.4 56.3 310.3
  56.6 310.3 56.8 310.3 57.0 310.3
   8 29 50  0.0
  72.5 321.4 72.4 321.7 72.3 321.9 72.2 322.2 72.1 322.5 72.0 322.7 71.9 322.5
  71.8 322.4 71.7 322.2 71.6 322.1 71.6 321.9 71.5 321.8 71.5 321.6 71.4 321.4
  71.3 321.3 71.3 321.2 71.2 321.0 71.1 320.9 71.0 320.8 70.9 320.8 70.8 320.7
  70.7 320.7 70.5 320.6 70.4 320.6 70.2 320.6 70.0 320.6 69.8 320.7 69.6 320.2
  69.4 319.8 69.2 319.4 69.0 319.0 68.7 318.7 68.4 318.3 68.2 318.0 67.9 317.6
  67.6 317.1 67.3 316.5 67.1 316.0 66.8 315.4 66.5 314.8 66.3 314.3 66.0 313.8
  65.8 313.4 65.5 312.8 65.3 312.2 65.2 311.7 64.9 311.1 64.6 310.5 64.4 310.0
  64.1 309.4 63.9 308.9 63.6 308.1 63.4 307.3 63.0 306.6 62.7 305.8 62.3 305.1
  62.0 304.3 61.7 303.4 61.3 302.5 60.9 301.7 60.5 300.9 60.2 300.1 59.8 299.3
  59.4 298.6 59.1 298.0 58.7 297.4 58.2 296.7 57.8 296.1 57.3 295.2 57.0 294.3
  56.6 293.4 56.2 292.4 55.8 291.4 55.6 290.1 55.3 288.8 55.0 287.4 54.9 286.0
  54.7 284.6 54.4 283.2 54.4 281.8 54.4 280.3 54.3 278.9 54.6 277.4 54.8 276.0
  55.2 274.5 55.5 273.1 55.9 271.6 56.3 270.2 56.7 268.8 57.2 267.5 57.7 266.3
  58.3 265.1 59.0 264.2 59.6 263.4 60.3 262.6 61.0 262.1 61.6 261.7 62.3 261.3
  63.0 261.2 63.6 261.1 64.2 261.1 64.8 261.3 65.3 261.5 65.8 261.8 66.2 262.2
  66.7 262.7 67.0 263.4 67.4 264.1 67.7 264.9 68.0 265.9 68.3 266.8 68.5 267.9
  68.8 269.0 69.0 270.3 69.1 271.6 69.3 273.0 69.4 274.5 69.5 276.0 69.5 277.7
  69.5 279.3 69.4 281.0 69.3 282.6 69.2 284.2 69.0 285.8 68.7 287.2 68.5 288.5
  68.1 289.7 67.7 290.8 67.3 291.8 66.9 292.6 66.5 293.4 66.0 294.1 65.6 294.3
  65.2 294.5 64.8 294.7 64.3 294.9 63.9 295.0 63.6 294.6 63.2 294.2 62.8 293.8
  62.4 293.4 62.0 293.1 61.7 292.7 61.3 292.2 61.0 291.8 60.5 291.4 60.1 291.1
  59.6 290.8 59.1 290.7 58.7 290.7 58.2 290.7 57.8 290.7 57.4 290.7 57.0 290.7
  56.7 290.8 56.3 290.9 56.0 291.0 55.7 291.2 55.5 290.7 55.2 290.3 54.9 289.8
  54.7 289.3 54.4 288.8 54.1 288.3 53.9 287.8 53.5 286.7 53.2 285.8 52.8 284.8
  52.4 283.9 51.9 283.1 51.5 282.1 51.0 281.1 50.6 280.1 50.1 279.0 49.8 278.0
  49.5 276.9 49.3 275.8 49.2 274.7 49.2 273.5 49.1 272.4 49.1 271.4 49.3 270.3
  49.5 269.3 49.8 268.3 50.0 267.3 50.4 266.3 50.8 265.4 51.2 264.4 51.6 263.5
  52.1 262.5 52.5 261.6 53.0 260.7 53.5 259.7 54.1 258.8 54.7 257.9 55.3 257.1
  56.0 256.2 56.6 255.4 57.4 254.7 58.2 253.9 59.0 253.4 59.9 252.8 60.7 252.2
  61.6 251.8 62.4 251.3 63.2 250.8 64.0 250.3 64.7 249.6 65.5 248.8 66.2 247.8
  66.8 246.7 67.4 245.6 68.0 244.3 68.7 243.2 69.2 242.0 69.8 240.8 70.4 239.6
  70.9 238.8 71.5 238.0 72.0 237.2 72.6 236.7 73.2 236.2 73.7 235.7 74.2 235.1
  74.7 234.8 75.2 234.5 75.6 234.1 76.0 233.7 76.5 233.3 76.9 232.9 77.3 232.6
  77.6 232.2 78.0 232.0 78.3 231.7 78.6 231.2 78.9 230.7 79.2 230.3 79.4 229.8
  79.6 229.3 79.9 228.9 80.1 228.4
   8 30 50  0.0
  72.5 321.4 72.4 321.9 72.3 322.3 72.2 322.7 72.0 323.1 71.9 323.4 71.8 323.5
  71.6 323.5 71.4 323.5 71.3 323.4 71.1 323.3 70.9 323.2 70.7 323.1 70.5 323.0
  70.2 322.9 70.0 322.8 69.8 322.6 69.6 322.2 69.4 321.8 69.1 321.4 68.9 321.0
  68.7 320.6 68.5 320.3 68.3 319.9 68.1 319.5 67.8 319.2 67.6 318.7 67.3 318.3
  67.1 317.8 66.9 317.4 66.7 316.9 66.4 316.4 66.2 316.0 66.0 315.5 65.8 314.9
  65.5 314.3 65.3 313.7 65.1 313.0 64.9 312.4 64.7 311.8 64.4 311.1 64.0 310.5
  63.7 310.0 63.4 309.2 63.1 308.5 62.9 307.8 62.4 307.0 62.0 306.3 61.6 305.3
  61.2 304.3 60.8 303.4 60.1 302.4 59.5 301.5 58.9 300.3 58.3 299.2 57.5 298.0
  56.8 296.8 56.1 295.5 55.3 294.3 54.6 292.8 53.9 291.3 53.2 289.5 52.6 287.7
  52.2 285.8 51.8 283.9 51.6 282.0 51.5 280.1 51.4 278.4 51.3 276.8 51.3 275.3
  51.4 273.9 51.5 272.6 51.6 271.3 51.7 270.1 51.7 269.0 51.8 268.0 52.0 267.0
  52.1 266.1 52.2 265.2 52.3 264.3 52.4 263.5 52.6 262.8 52.8 262.2 52.9 261.6
  53.1 261.1 53.2 260.7 53.4 260.3 53.6 259.9 53.9 259.4 54.2 259.0 54.6 258.3
  54.9 257.7 55.3 257.0 55.7 256.4 56.1 255.7 56.4 254.9 56.7 254.0 57.0 253.2
  57.4 252.5 57.7 251.7 57.9 251.0 58.2 250.3 58.4 249.6 58.7 248.8 58.9 248.1
  59.2 247.4 59.4 246.8 59.6 246.1 59.8 245.5 60.0 244.8 60.2 244.2 60.4 243.4
  60.5 242.6 60.6 241.9 60.8 241.1 60.9 240.3 61.0 239.6 60.9 238.8 60.9 238.0
  60.9 237.2 60.8 236.3 60.8 235.5 60.7 234.7 60.5 233.9 60.4 233.1 60.2 232.3
  60.1 231.6 59.9 230.9 59.7 230.4 59.6 229.9 59.4 229.5 59.2 229.0 59.1 228.6
  58.9 228.3 58.8 227.9 58.6 227.6 58.4 227.3 58.2 227.1 58.0 226.8 57.8 226.7
  57.6 226.6 57.3 226.5 57.1 226.4 56.9 226.3 56.6 226.3 56.4 226.3 56.1 226.3
  55.8 226.3 55.6 226.3 55.3 226.3 55.0 226.3 54.7 226.4 54.4 226.4 54.1 226.5
  53.8 226.6 53.5 226.6 53.1 226.6 52.8 226.6 52.5 226.6 52.1 226.6 51.8 226.7
  51.5 226.5 51.2 226.3 51.0 226.2 50.8 226.1 50.5 226.0 50.3 225.9 50.2 225.8
  50.0 225.7 49.9 225.7 49.8 225.4 49.7 225.2 49.6 225.0 49.5 224.7 49.5 224.6
  49.4 224.4 49.4 224.2 49.4 224.1 49.4 224.0 49.4 223.9 49.4 223.8 49.3 223.8
  49.3 223.8 49.2 223.7 49.1 223.7 49.1 223.8 49.0 223.8 48.9 223.8 48.8 223.9
  48.8 224.0 48.7 224.1 48.6 224.2 48.4 224.3 48.3 224.5 48.1 224.6 47.9 224.8
  47.7 224.7 47.5 224.6 47.2 224.5 47.0 224.4 46.7 224.3 46.4 224.3 46.1 224.2
  45.7 224.1 45.4 223.8 45.3 223.4 45.2 223.0 45.0 222.7 44.9 222.4 44.7 222.0
  44.6 221.7 44.4 221.4 44.2 221.1 44.0 220.8 43.8 220.3 43.5 219.8 43.4 219.3
  43.4 218.9 43.3 218.4 43.1 218.0 43.0 217.5 42.9 217.1 42.7 216.6 42.5 216.2
  42.3 215.7 42.4 215.3 42.5 214.8 42.6 214.4 42.7 213.9 42.8 213.4 42.9 212.9
  43.0 212.4 43.1 211.9 43.2 211.4 43.4 210.9 43.6 210.4 43.8 209.9 44.0 209.5
  44.3 209.2 44.5 209.0 44.7 208.8
   8 31 50  0.0
  72.5 321.4 72.4 321.9 72.3 322.4 72.2 322.9 72.1 323.4 72.1 323.9 72.0 324.4
  71.9 324.9 71.7 325.3 71.6 325.7 71.5 326.1 71.4 326.4 71.3 326.7 71.2 327.0
  71.1 327.3 70.9 327.5 70.8 327.6 70.7 327.8 70.5 327.9 70.3 328.0 70.2 328.0
  70.0 328.0 69.8 327.9 69.6 327.7 69.4 327.5 69.2 327.3 69.0 327.0 68.7 326.8
  68.5 326.5 68.2 326.3 68.0 326.0 67.7 325.6 67.4 325.2 67.2 324.8 66.9 324.4
  66.6 323.9 66.2 323.5 65.8 323.1 65.4 322.7 65.0 322.4 64.6 322.1 64.2 321.8
  63.7 321.5 63.3 321.1 62.9 320.8 62.5 320.4 62.1 320.1 61.7 319.7 61.3 319.3
  60.8 318.8 60.4 318.3 60.1 317.9 59.8 317.4 59.5 316.7 59.3 315.9 59.0 315.2
  58.7 314.4 58.5 313.7 58.3 312.9 58.2 312.1 58.1 311.3 57.7 310.5 57.4 309.6
  57.1 308.7 56.9 307.7 56.4 306.8 55.9 305.8 55.4 304.7 55.0 303.7 54.4 302.6
  53.8 301.5 53.3 300.4 52.8 299.3 52.3 298.1 51.8 296.7 51.4 295.4 51.0 293.9
  50.6 292.4 50.3 290.8 49.9 289.1 49.6 287.5 49.3 285.9 49.0 284.2 48.7 282.5
  48.5 280.8 48.2 279.2 48.0 277.6 47.9 276.1 47.7 275.1 47.7 274.1 47.7 273.1
  47.7 272.2 47.7 271.4 47.7 270.5 47.7 269.8 47.7 269.0 47.7 268.3 47.7 267.7
  47.6 267.0 47.6 266.4 47.5 265.9 47.4 265.3 47.3 264.8 47.2 264.3 47.1 263.8
  47.0 263.3 46.9 262.8 46.8 262.3 46.7 261.9 46.5 261.4 46.4 261.0 46.3 260.5
  46.1 260.1 46.0 259.7 46.0 259.2 46.0 258.8 46.0 258.4 46.0 258.0 46.0 257.6
  46.0 257.2 46.0 256.8 46.0 256.4 45.9 255.9 46.0 255.5 46.0 255.1 46.0 254.6
  45.9 254.1 45.9 253.6 45.8 253.1 45.8 252.6 45.7 252.0 45.5 251.4 45.5 250.8
  45.4 250.2 45.3 249.5 45.2 248.9 45.1 248.3 45.1 247.6 45.1 247.0 45.1 246.4
  45.2 245.8 45.2 245.2 45.2 244.6 45.2 244.0 45.3 243.4 45.4 242.8 45.4 242.3
  45.4 241.7 45.5 241.1 45.4 240.5 45.4 239.9 45.5 239.3 45.5 238.6 45.5 238.0
  45.5 237.4 45.5 236.7 45.5 236.1 45.5 235.4 45.6 234.8 45.6 234.1 45.6 233.4
  45.7 232.8 45.7 232.1 45.8 231.5 45.7 230.8 45.7 230.2 45.6 229.5 45.5 228.8
  45.4 228.1 45.4 227.4 45.2 226.7 45.1 225.9 44.9 225.2 44.8 224.4 44.7 223.6
  44.5 222.7 44.4 221.9 44.3 220.9 44.2 220.0 44.2 219.0 44.1 218.0 44.0 217.0
  44.0 216.1 43.9 215.2 43.6 214.4 43.4 213.5 43.1 212.7 42.9 211.9 42.5 211.1
  42.2 210.2 41.9 209.4 41.6 208.5 41.4 207.6 41.2 206.6 41.1 205.7 41.0 204.7
  40.9 203.6 40.9 202.5 40.9 201.4 40.9 200.3 40.9 199.2 40.9 198.1 40.9 197.0
  40.9 195.9 40.9 194.8 40.8 193.7 40.8 192.6 40.7 191.5 40.7 190.4 40.7 189.3
  40.7 188.2 40.7 187.1 40.7 186.0 40.7 184.8 40.7 183.7 40.7 182.6 40.6 181.4
  40.6 180.3 40.5 179.2 40.4 178.1 40.2 177.1 40.1 176.0 39.9 175.0 39.7 174.3
  39.5 173.5 39.3 172.8 39.0 172.2 38.8 171.5 38.5 170.9 38.1 170.4 37.7 169.9
  37.3 169.6 36.9 169.2 36.5 168.9 36.0 168.5 35.6 168.2 35.1 167.8 34.8 167.3
  34.5 166.9 34.2 166.5 33.8 166.1
