   7  1 65  0.0
  72.5 321.4 72.3 321.7 72.2 322.0 72.0 322.3 71.8 322.1 71.6 322.0 71.4 321.9
  71.2 321.7 70.9 321.6 70.7 321.5 70.4 321.4 70.1 321.3 69.8 321.2 69.4 320.8
  69.1 320.4 68.7 319.9 68.3 319.5 67.9 319.1 67.5 318.3 67.0 317.4 66.5 316.7
  66.0 315.9 65.4 314.8 64.7 313.8 64.0 312.9 63.2 311.8 62.4 310.9 61.6 310.0
  60.8 308.7 60.0 307.5 59.4 306.2 58.8 304.5 58.2 302.8 57.7 301.1 57.3 299.3
  56.8 297.5 56.3 295.8 56.0 294.0 55.7 292.4 55.4 290.7 55.4 289.0 55.4 287.2
  55.6 285.4 55.8 283.8 56.2 282.1 56.7 280.5 57.1 279.0 57.7 277.5 58.3 276.1
  59.0 274.5 59.8 273.1 60.6 271.9 61.4 270.6 62.3 269.4 63.2 268.2 64.0 267.0
  65.0 265.9 65.9 264.7 66.8 263.5 67.8 262.4 68.8 261.2 69.7 260.0 70.6 258.6
  71.5 257.4 72.3 256.1 73.1 254.8 73.8 253.4 74.5 251.8 75.3 250.4 76.0 248.8
  76.6 247.0 77.4 245.2 78.0 243.2 78.8 241.2 79.4 238.8 80.0 236.0 80.4 232.8
  81.0 229.8 81.4 226.4 81.7 222.8 82.0 219.1 82.4 216.1 82.7 212.9 83.1 209.7
  83.3 206.4 83.6 203.1 83.8 199.8 83.9 196.7 84.1 193.6 84.4 190.3 84.6 186.9
  84.8 183.3 84.9 179.7 85.0 176.0 85.1 172.2 85.2 168.5 85.3 164.7 85.3 160.9
  85.3 157.3 85.3 153.9 85.3 150.9 85.2 148.1 85.2 145.6 85.1 143.4 84.9 141.5
  84.8 139.8 84.6 138.3 84.5 136.9 84.3 135.7 84.1 134.7 84.0 133.7 83.8 132.5
  83.7 131.3 83.6 130.3 83.5 129.4 83.3 128.6 83.2 127.9 83.1 127.2 82.9 126.7
  82.8 126.2 82.7 125.8 82.6 125.5 82.4 125.1 82.3 124.7 82.1 124.2 81.9 123.7
  81.8 122.6 81.7 121.4 81.6 120.2 81.4 118.9 81.3 117.5 81.2 116.1 81.1 114.5
  81.0 112.9 80.9 111.3 80.9 109.9 80.8 108.5 80.8 107.3 80.8 106.1 80.8 105.1
  80.8 104.1 80.9 103.3 80.9 102.5 81.0 101.9 81.1 101.3 81.3 100.9 81.4 100.4
  81.5  99.8 81.5  99.2 81.6  98.6 81.6  97.9 81.6  97.2 81.7  96.4 81.7  95.5
  81.8  94.6 81.8  93.5 81.9  92.4 81.9  91.2 82.0  90.0 82.0  88.9 82.1  87.2
  82.1  85.4 82.1  83.7 82.1  82.0 82.2  80.3 82.2  78.6 82.2  78.4 82.2  78.2
  82.2  77.9 82.3  77.7 82.3  77.5 82.3  77.3 82.2  77.1 82.2  76.9 82.1  76.7
  82.0  76.5 82.0  76.3 81.9  76.3 81.8  76.2 81.6  76.1 81.5  76.1 81.4  76.0
  81.2  76.0 81.0  75.9 80.9  75.9 80.7  75.8 80.5  75.7 80.4  75.7 80.3  75.6
  80.2  75.5 80.1  75.4 80.0  75.4 79.9  75.3 79.9  75.3 79.9  75.2 79.8  75.1
  79.8  75.1 79.8  75.0 79.8  74.9 79.7  74.8 79.7  74.7 79.7  74.6 79.7  74.5
  79.7  74.4 79.7  74.3 79.8  74.2 79.8  74.0 79.8  73.9 79.8  73.7 79.9  73.5
  79.9  73.3 79.9  73.1 80.0  72.9 80.0  72.6 80.1  72.3 80.2  72.0 80.2  71.6
  80.2  71.3 80.2  70.9 80.2  70.6 80.3  70.2 80.3  69.9 80.3  69.6 80.3  69.3
  80.3  69.0 80.3  68.7 80.3  68.4 80.3  68.1 80.3  67.8 80.2  67.6 80.1  67.3
  80.1  67.1 80.1  66.8 80.0  66.6 80.0  66.3 80.0  66.1 80.0  65.9 80.0  65.6
  80.0  65.4 80.0  65.2 80.0  65.0
   7  2 65  0.0
  72.5 321.4 72.2 321.4 71.9 321.5 71.6 320.6 71.3 319.8 71.0 319.0 70.7 318.3
  70.5 317.7 70.2 317.1 69.9 316.5 69.7 315.5 69.4 314.7 69.1 314.0 68.7 313.4
  68.3 312.9 68.0 312.4 67.6 311.7 67.1 311.1 66.6 310.5 66.0 310.0 65.4 309.2
  64.6 308.4 63.8 307.7 63.1 306.8 62.3 305.8 61.4 304.9 60.5 303.7 59.8 302.4
  59.2 300.9 58.5 299.4 58.0 297.9 57.4 296.4 56.9 294.9 56.5 293.4 56.0 291.9
  55.7 290.5 55.3 289.0 54.9 287.5 54.9 285.9 54.8 284.4 54.8 282.8 55.1 281.3
  55.4 279.8 55.9 278.2 56.4 276.8 57.0 275.3 57.7 273.8 58.3 272.3 59.0 271.0
  59.9 269.7 60.8 268.4 61.7 267.4 62.7 266.4 63.7 265.7 64.6 264.9 65.6 264.4
  66.6 263.8 67.5 263.5 68.4 263.1 69.3 262.8 70.2 262.4 71.0 262.2 71.8 261.9
  72.5 261.6 73.2 261.2 73.8 260.7 74.4 260.2 74.9 259.7 75.5 259.0 76.0 258.3
  76.4 257.5 76.9 256.5 77.4 255.5 77.9 254.3 78.3 253.0 78.8 251.7 79.2 250.2
  79.7 248.6 80.1 246.9 80.6 245.1 81.0 243.2 81.4 241.0 81.8 238.6 82.1 236.0
  82.5 233.6 82.8 231.1 83.2 228.3 83.5 225.3 83.7 222.0 84.0 218.5 84.2 214.9
  84.5 212.4 84.8 209.7 85.0 206.9 85.3 203.9 85.5 200.8 85.7 197.5 85.9 194.2
  86.1 190.7 86.5 188.2 86.8 185.2 87.1 181.7 87.4 177.6 87.7 172.8 87.9 167.2
  88.1 160.7 88.5 152.4 88.8 141.2 89.0 125.8 89.1 105.5 89.0  84.0 88.8  64.8
  88.6  64.5 88.4  64.1 88.3  63.8 88.1  63.4 87.9  63.1 87.8  62.8 87.7  62.5
  87.6  62.2 87.6  61.9 87.5  61.7 87.4  61.4 87.4  61.2 87.4  60.9 87.4  60.7
  87.4  60.5 87.4  60.3 87.4  60.2 87.4  60.0 87.5  59.8 87.5  59.7 87.6  59.6
  87.6  59.5 87.7  59.3 87.7  59.2 87.8  59.1 87.8  59.0 87.8  58.9 87.8  58.8
  87.8  58.8 87.9  58.7 87.9  58.6 87.9  58.5 87.9  58.5 87.9  58.4 87.9  58.3
  87.8  58.3 87.8  58.2 87.8  58.2 87.8  58.1 87.8  58.1 87.8  58.0 87.8  58.0
  87.8  57.9 87.8  57.9 87.7  57.9 87.7  57.8 87.7  57.8 87.6  57.7 87.5  57.6
  87.4  57.5 87.3  57.3 87.1  57.2 86.9  57.0 86.7  56.8 86.4  56.6 86.0  56.4
  85.7  56.3 85.4  56.2 85.1  56.2 84.8  56.1 84.4  55.9 84.0  55.8 83.6  55.6
  83.3  55.6 83.0  55.6 82.7  55.5 82.4  55.4 82.0  55.3 81.7  55.1 81.4  54.8
  81.1  54.6 80.7  54.4 80.4  54.2 80.0  54.0 79.7  53.9 79.4  53.7 79.1  53.6
  78.8  53.5 78.5  53.4 78.1  53.3 77.8  53.2 77.6  52.9 77.3  52.7 77.0  52.5
  76.7  52.3 76.5  52.1 76.2  51.9 75.8  51.7 75.5  51.3 75.2  50.9 74.9  50.5
  74.6  50.1 74.3  49.6 74.0  49.2 73.8  48.8 73.5  48.3 73.3  47.8 73.0  47.3
  72.7  46.8 72.4  46.4 72.1  46.0 71.9  45.6 71.7  45.1 71.5  44.7 71.3  44.2
  71.1  43.8 71.0  43.3 70.8  42.9 70.7  42.5 70.5  42.1 70.3  41.7 70.1  41.4
  69.9  41.0 69.7  40.6 69.5  40.2 69.3  39.9 69.2  39.5 69.0  39.2 68.8  38.9
  68.7  38.5 68.5  38.2 68.4  37.9 68.2  37.6 68.1  37.3 67.9  37.1 67.8  36.8
  67.6  36.6 67.5  36.3 67.3  36.1
   7  3 65  0.0
  72.5 321.4 71.9 319.3 71.2 317.4 70.5 315.8 69.7 314.3 68.9 313.1 68.1 312.1
  67.2 311.1 66.4 310.4 65.5 309.8 64.7 309.7 63.8 309.6 62.8 309.8 61.8 310.1
  60.7 310.2 59.6 310.2 58.4 309.9 57.3 309.6 56.2 309.2 55.1 308.8 54.2 308.6
  53.3 308.3 52.5 308.0 51.8 307.7 51.1 307.4 50.4 306.9 49.6 306.5 48.9 306.2
  48.2 305.9 47.6 305.5 46.9 305.1 46.4 304.7 45.8 304.2 45.4 303.7 45.0 303.1
  44.5 302.5 44.1 301.8 43.7 301.2 43.3 300.5 42.9 299.8 42.6 299.0 42.4 298.3
  42.1 297.5 41.9 296.7 41.7 295.9 41.6 295.0 41.5 294.2 41.3 293.3 41.2 292.5
  41.0 291.6 40.9 290.7 40.8 289.8 40.6 288.9 40.5 287.9 40.5 287.0 40.5 286.1
  40.5 285.2 40.5 284.2 40.5 283.3 40.5 282.4 40.6 281.4 40.7 280.5 40.7 279.6
  40.8 278.7 40.9 277.8 41.0 276.9 41.0 276.0 41.1 275.2 41.3 274.3 41.4 273.4
  41.5 272.6 41.7 271.7 41.9 270.9 42.2 270.0 42.4 269.1 42.6 268.2 42.7 267.3
  42.8 266.4 42.9 265.6 42.9 264.8 43.0 264.1 43.0 263.3 43.0 262.6 43.0 261.9
  42.9 261.2 42.9 260.5 42.8 259.8 42.6 259.1 42.4 258.5 42.3 257.8 42.0 257.2
  41.8 256.6 41.6 255.9 41.4 255.3 41.1 254.8 40.9 254.2 40.6 253.7 40.4 253.1
  40.1 252.6 39.8 252.1 39.6 251.5 39.3 251.0 39.0 250.4 38.7 249.9 38.5 249.4
  38.2 248.9 37.9 248.4 37.6 247.8 37.4 247.3 37.1 246.8 36.8 246.2 36.5 245.7
  36.3 245.2 36.0 244.7 35.8 244.2 35.6 243.6 35.4 243.1 35.3 242.5 35.1 241.9
  35.0 241.3 34.9 240.8 34.8 240.2 34.8 239.7 34.8 239.1 34.9 238.6 35.0 238.0
  35.0 237.5 35.1 237.0 35.2 236.4 35.4 235.9 35.5 235.4 35.7 234.8 35.9 234.3
  36.1 233.7 36.3 233.2 36.5 232.7 36.7 232.3 37.0 231.8 37.2 231.3 37.5 230.8
  37.9 230.4 38.2 230.0 38.5 229.7 38.9 229.4 39.3 229.1 39.7 228.7 40.1 228.4
  40.5 227.9 40.8 227.4 41.1 226.9 41.4 226.3 41.8 225.7 42.2 225.1 42.6 224.3
  43.0 223.4 43.3 222.5 43.7 221.6 44.1 220.6 44.5 219.6 44.7 218.6 44.9 217.7
  45.2 216.8 45.4 215.9 45.6 215.1 45.7 214.4 45.9 213.7 46.1 213.0 46.2 212.5
  46.4 212.0 46.5 211.5 46.6 211.0 46.7 210.5 46.7 209.9 46.8 209.3 46.9 208.7
  47.0 208.1 47.1 207.4 47.0 206.7 46.9 206.0 46.8 205.4 46.7 204.7 46.6 204.1
  46.5 203.4 46.3 202.8 46.1 202.1 45.9 201.5 45.7 200.9 45.5 200.3 45.3 199.7
  44.9 199.1 44.5 198.5 44.1 198.0 43.7 197.4 43.3 196.8 42.9 196.1 42.5 195.4
  42.0 194.7 41.5 194.0 41.0 193.2 40.6 192.4 40.1 191.6 39.6 190.7 39.2 189.9
  38.7 189.0 38.3 188.1 37.8 187.2 37.5 186.2 37.2 185.1 36.9 184.1 36.6 183.0
  36.4 181.8 36.2 180.7 36.0 179.6 35.9 178.4 35.9 177.3 35.8 176.2 35.8 175.1
  35.8 174.1 35.9 173.0 35.9 172.0 36.0 170.9 36.1 169.9 36.2 168.8 36.3 167.8
  36.5 166.8 36.8 165.8 37.0 164.8 37.3 163.8 37.6 162.8 37.8 161.8 38.1 160.7
  38.3 159.6 38.3 158.4 38.2 157.2 38.2 155.9 38.2 154.7 38.2 153.5 38.2 152.4
  38.3 151.4 38.4 150.4 38.6 149.6
   7  4 65  0.0
  72.5 321.4 71.8 320.5 71.3 320.1 70.6 319.7 69.8 319.3 69.0 319.2 68.1 319.0
  67.2 318.9 66.3 319.0 65.5 319.2 64.7 319.5 63.9 319.8 63.2 320.1 62.4 320.4
  61.7 320.7 60.9 321.2 60.1 321.6 59.3 321.9 58.4 322.5 57.5 322.9 56.7 323.4
  55.8 323.8 54.9 324.3 54.1 324.7 53.2 325.0 52.4 325.2 51.6 325.5 50.8 325.7
  50.1 326.0 49.4 326.2 48.7 326.3 48.1 326.4 47.5 326.5 47.0 326.5 46.5 326.5
  46.0 326.5 45.6 326.6 45.2 326.4 44.8 326.3 44.5 326.2 44.1 326.1 43.7 326.0
  43.3 325.8 42.9 325.5 42.5 325.2 42.0 324.9 41.5 324.6 41.0 324.0 40.5 323.5
  40.1 322.9 39.8 322.3 39.4 321.6 39.0 320.8 38.6 320.1 38.2 319.4 38.3 318.6
  38.3 317.9 38.4 317.2 38.4 316.5 38.5 315.7 38.9 315.0 39.3 314.3 39.6 313.5
  39.9 312.8 40.2 312.2 40.5 311.7 40.7 311.3 40.9 310.9 41.0 310.6 41.2 310.2
  41.4 309.9 41.6 309.6 41.7 309.4 41.9 309.2 42.0 309.0 42.2 308.9 42.3 308.8
  42.4 308.8 42.5 308.7 42.6 308.8 42.7 308.8 42.8 308.9 42.8 309.0 42.9 309.2
  42.9 309.4 43.0 309.7 43.0 310.0 43.1 310.3 43.2 310.7 43.4 311.1 43.5 311.6
  43.7 312.0 43.8 312.6 43.9 313.1 44.0 313.6 44.1 314.2 44.2 314.8 44.4 315.5
  44.5 316.1 44.2 316.7 44.0 317.3 43.7 317.6 43.4 318.0 43.1 318.3 42.8 318.5
  42.4 318.7 42.1 318.8 41.6 319.0 41.2 319.2 40.7 319.4 40.1 319.7 39.5 319.8
  38.9 320.1 38.5 320.3 38.0 320.5 37.5 320.6 37.0 320.6 36.6 320.6 36.1 320.5
  35.7 320.4 35.3 320.0 34.9 319.6 34.2 319.1 33.6 318.6 33.0 317.9 32.4 317.2
  31.9 316.4 31.5 315.6 31.1 314.8 30.8 313.9 30.5 313.1 30.1 312.2 29.8 311.3
  29.7 310.4 29.6 309.6 29.4 308.8 29.3 308.0 29.5 307.2 29.7 306.5 29.9 305.9
  30.0 305.4 30.2 304.9 30.4 304.5 30.6 304.1 30.7 303.7 30.9 303.5 31.1 303.2
  31.2 303.0 31.3 302.8 31.4 302.6 31.5 302.4 31.5 302.2 31.5 302.1 31.4 301.9
  31.3 301.8 31.2 301.6 31.0 301.4 30.8 301.3 30.6 301.1 30.4 300.9 30.2 300.8
  30.1 300.6 29.9 300.4 29.8 300.4 29.7 300.4 29.6 300.4 29.5 300.3 29.4 300.3
  29.4 300.3 29.3 300.2 29.3 300.2 29.3 300.1 29.2 300.0 29.2 300.0 29.1 299.9
  29.0 299.9 28.9 299.8 28.8 299.7 28.6 299.6 28.5 299.6 28.4 299.5 28.2 299.4
  28.1 299.3 27.9 299.2 27.8 299.4 27.6 299.6 27.4 299.7 27.2 299.9 27.1 300.0
  26.9 300.1 26.8 300.2 26.6 300.3 26.5 300.4 26.3 300.5 26.1 300.6 26.0 300.6
  25.9 300.7 25.7 301.0 25.6 301.3 25.5 301.5 25.4 301.8 25.2 302.1 25.1 302.3
  25.0 302.6 24.9 302.8 24.7 303.1 24.6 303.2 24.4 303.4 24.3 303.6 24.1 303.7
  23.9 303.8 23.7 304.0 23.5 304.1 23.3 304.3 23.1 304.4 22.9 304.5 22.8 304.5
  22.6 304.5 22.4 304.6 22.2 304.7 21.9 304.7 21.7 304.9 21.5 305.0 21.2 305.2
  20.9 305.4 20.6 305.6 20.3 305.9 19.9 306.1-99.9 -99.9-99.9 -99.9-99.9 -99.9
 -99.9 -99.9-99.9 -99.9-99.9 -99.9-99.9 -99.9-99.9 -99.9-99.9 -99.9-99.9 -99.9
 -99.9 -99.9-99.9 -99.9-99.9 -99.9
   7  5 65  0.0
  72.5 321.4 72.1 320.3 71.7 319.3 71.2 318.5 70.6 317.8 70.1 317.1 69.5 316.5
  68.9 316.0 68.3 315.6 67.7 315.1 67.1 314.7 66.5 314.2 66.0 313.8 65.4 313.5
  64.9 313.1 64.4 312.8 63.9 312.5 63.4 312.2 63.0 312.0 62.6 311.7 62.1 311.4
  61.7 311.1 61.3 310.9 61.0 310.7 60.7 310.5 60.5 310.2 60.2 310.0 60.0 309.7
  59.8 309.4 59.7 309.1 59.5 308.7 59.3 308.4 59.2 308.0 59.0 307.6 58.9 307.2
  58.9 306.8 58.8 306.3 58.8 305.8 58.7 305.3 58.6 304.7 58.4 304.1 58.2 303.5
  58.1 302.9 58.0 302.2 57.8 301.3 57.7 300.3 57.5 299.2 57.6 298.1 57.7 297.0
  57.8 295.9 58.0 294.7 58.2 293.6 58.4 292.9 58.6 292.3 58.8 291.6 59.1 291.0
  59.4 290.3 59.7 289.7 60.0 289.2 60.3 288.6 60.5 288.5 60.8 288.4 61.1 288.3
  61.3 288.2 61.5 288.0 61.8 287.9 62.1 287.7 62.5 287.7 62.8 287.8 63.1 287.8
  63.5 287.9 63.8 287.9 64.1 287.9 64.4 287.9 64.7 288.0 65.0 288.1 65.2 288.2
  65.4 288.3 65.6 288.4 65.8 288.5 66.0 288.7 66.2 288.9 66.3 289.0 66.5 289.2
  66.7 289.5 66.9 289.7 67.0 290.0 67.2 290.4 67.4 290.7 67.6 291.1 67.8 291.5
  68.0 292.0 68.2 292.4 68.4 292.7 68.6 293.2 68.8 293.6 69.0 294.1 69.2 294.6
  69.4 295.1 69.6 295.6 69.7 296.2 69.7 296.7 69.8 297.3 69.8 297.8 69.8 298.3
  69.7 298.8 69.7 299.3 69.7 299.7 69.6 300.1 69.4 300.5 69.2 300.9 69.0 301.3
  68.8 301.7 68.5 302.1 68.3 302.5 68.1 302.8 67.9 303.2 67.7 303.4 67.5 303.6
  67.3 303.8 67.1 304.0 66.8 304.2 66.4 304.4 66.0 304.6 65.5 304.5 65.0 304.5
  64.5 304.4 64.0 304.3 63.4 303.6 63.0 302.9 62.6 302.2 62.1 301.4 61.6 300.7
  61.2 299.3 60.8 297.9 60.4 296.6 60.0 295.4 59.7 293.7 59.4 292.1 59.2 290.5
  59.1 289.0 59.1 287.5 59.3 286.1 59.4 284.6 59.5 283.1 59.9 281.6 60.2 280.0
  60.6 278.7 61.2 277.4 61.9 276.1 62.5 274.8 63.3 273.7 64.1 272.5 64.9 271.5
  65.8 270.3 66.6 269.1 67.5 268.1 68.4 266.9 69.4 266.2 70.3 265.3 71.2 264.7
  72.0 263.9 72.8 263.1 73.5 262.3 74.3 261.4 75.0 260.7 75.7 259.9 76.4 259.0
  77.1 258.3 77.8 257.4 78.5 256.4 79.1 255.3 79.8 254.0 80.4 252.4 81.1 251.0
  81.7 249.2 82.3 247.0 82.9 245.6 83.5 244.0 84.0 241.8 84.7 241.8 85.3 241.8
  85.8 241.7 86.2 241.4 86.8 244.5 87.3 248.7 87.7 254.2 87.9 261.6 88.1 271.3
  88.2 283.8 88.2 297.2 87.9 309.3 87.7 319.0 87.4 326.0 87.1 330.6 86.7 333.7
  86.2 335.8 85.7 337.2 85.3 337.8 84.9 338.1 84.6 338.2 84.1 338.2 83.7 338.0
  83.4 337.5 83.1 336.9 82.8 336.3 82.5 335.7 82.1 335.2 81.8 334.7 81.5 334.2
  81.2 333.7 80.9 333.2 80.5 332.7 80.2 332.2 79.9 331.7 79.6 331.2 79.3 330.8
  79.0 330.3 78.7 329.8 78.4 329.4 78.1 329.0 77.7 328.6 77.4 328.4 77.1 328.2
  76.8 328.0 76.5 327.7 76.1 327.5 75.8 327.2 75.5 327.0 75.1 326.7 74.8 326.4
  74.4 326.1 74.0 325.7 73.6 325.4 73.2 325.3 72.9 325.2 72.5 325.0 72.1 324.9
  71.8 324.7 71.4 324.7 71.1 324.6
   7  6 65  0.0
  72.5 321.4 72.3 320.5 72.2 319.5 71.9 318.5 71.6 318.0 71.4 317.5 71.1 317.0
  70.9 316.4 70.6 315.8 70.2 315.2 69.8 314.5 69.4 314.2 69.0 313.8 68.6 313.5
  68.2 313.1 67.8 312.7 67.4 312.6 67.0 312.4 66.6 312.3 66.2 312.0 65.8 311.8
  65.4 311.6 65.0 311.4 64.6 311.2 64.2 311.0 63.8 310.8 63.5 310.6 63.1 310.5
  62.8 310.3 62.4 310.1 62.1 309.8 61.8 309.5 61.6 309.2 61.4 308.8 61.2 308.3
  61.0 307.7 60.7 307.1 60.4 306.4 60.1 305.8 59.8 305.1 59.5 304.3 59.3 303.5
  59.0 302.8 58.6 302.0 58.3 301.2 58.1 300.5 57.8 299.7 57.5 299.0 57.2 298.3
  56.8 297.7 56.5 297.0 56.2 296.4 55.9 295.8 55.5 295.2 55.2 294.6 54.9 294.0
  54.6 293.5 54.2 292.9 53.9 292.4 53.6 291.7 53.2 291.0 52.8 290.4 52.3 289.8
  51.8 289.2 51.3 288.4 50.8 287.6 50.4 286.8 49.9 286.0 49.4 284.9 48.9 283.9
  48.6 282.8 48.3 281.7 48.0 280.6 47.6 279.3 47.4 278.0 47.2 276.8 47.0 275.6
  46.9 274.4 46.8 273.3 46.7 272.1 46.6 271.0 46.7 269.8 46.9 268.6 47.0 267.3
  47.2 266.1 47.5 264.9 47.7 263.7 47.9 262.6 48.2 261.5 48.4 260.6 48.7 259.7
  49.1 258.9 49.5 258.1 49.9 257.4 50.4 256.6 50.8 256.1 51.3 255.6 51.8 255.0
  52.3 254.5 52.8 254.1 53.3 253.8 53.7 253.4 54.2 253.1 54.6 252.8 55.0 252.4
  55.4 252.0 55.7 251.7 56.2 251.3 56.8 250.8 57.3 250.2 57.8 249.6 58.3 249.0
  58.8 248.3 59.2 247.6 59.7 246.8 60.1 246.0 60.6 245.2 61.0 244.4 61.3 243.6
  61.7 242.7 62.0 241.8 62.3 240.9 62.6 240.2 62.9 239.4 63.1 238.7 63.3 237.9
  63.5 237.0 63.6 236.1 63.8 235.2 63.8 234.2 63.9 233.2 64.0 232.3 64.1 231.3
  64.1 230.6 64.1 230.0 64.1 229.4 64.2 228.8 64.2 228.2 64.3 227.6 64.3 227.0
  64.4 226.4 64.5 225.9 64.5 225.3 64.6 224.7 64.7 224.1 64.8 223.5 64.9 222.9
  64.9 222.4 65.0 221.9 65.1 221.5 65.1 221.1 65.2 220.8 65.2 220.4 65.3 220.1
  65.3 219.8 65.3 219.6 65.4 219.4 65.4 219.2 65.4 219.0 65.5 218.9 65.5 218.8
  65.5 218.7 65.5 218.7 65.5 218.7 65.5 218.8 65.5 218.9 65.5 219.0 65.5 219.2
  65.4 219.4 65.4 219.7 65.3 220.0 65.3 220.2 65.1 220.4 65.0 220.6 64.8 220.8
  64.7 221.0 64.5 221.2 64.3 221.3 64.2 221.5 64.0 221.6 63.8 221.7 63.6 221.8
  63.4 221.9 63.2 222.0 63.0 222.1 62.7 222.3 62.5 222.4 62.2 222.5 62.0 222.7
  61.7 222.9 61.5 223.2 61.2 223.4 61.0 223.6 60.7 223.8 60.4 224.1 60.2 224.3
  59.9 224.6 59.7 225.0 59.5 225.4 59.3 225.8 59.1 226.3 58.9 226.9 58.7 227.5
  58.5 228.2 58.2 229.0 58.0 229.8 57.7 230.5 57.5 231.3 57.3 232.2 57.0 233.2
  56.7 234.1 56.4 235.1 56.2 236.0 55.8 236.9 55.5 237.7 55.1 238.4 54.7 239.1
  54.3 239.8 53.8 240.4 53.6 240.7 53.3 241.0 53.0 241.3 52.8 241.7 52.5 242.0
  52.2 242.3 52.0 242.7 51.7 242.7 51.5 242.8 51.2 242.8 51.0 242.9 50.8 243.1
  50.6 243.2 50.4 243.3 50.2 243.5 50.1 243.7 49.9 244.0 49.8 244.0 49.7 244.0
  49.8 244.1 49.9 244.1 50.1 244.2
   7  7 65  0.0
  72.5 321.4 72.5 320.5 72.5 319.5 72.5 318.5 72.5 317.5 72.4 316.5 72.3 315.4
  72.2 314.3 72.0 313.2 71.8 312.0 71.7 311.2 71.5 310.5 71.3 309.6 71.1 308.8
  70.9 308.0 70.8 307.2 70.6 306.5 70.4 305.8 70.1 305.2 69.9 304.6 69.7 304.5
  69.4 304.3 69.2 304.1 68.9 304.0 68.6 303.9 68.3 303.8 68.0 303.7 67.7 303.7
  67.4 303.7 67.1 303.6 66.8 303.6 66.4 303.6 66.1 303.5 65.8 303.5 65.4 303.4
  65.1 303.3 64.8 303.1 64.4 303.0 64.0 302.9 63.7 302.7 63.3 302.5 62.9 302.4
  62.5 302.2 62.1 302.0 61.6 301.9 61.2 301.7 60.8 301.5 60.3 301.3 59.8 301.1
  59.4 300.9 58.9 300.6 58.5 300.3 58.0 299.9 57.7 299.6 57.4 299.2 57.1 298.8
  56.7 298.3 56.3 297.9 55.9 297.5 55.4 297.2 54.9 296.8 54.3 296.5 53.7 296.2
  53.2 295.7 52.8 295.3 52.4 294.8 52.0 294.4 51.6 293.9 51.1 293.3 50.6 292.7
  50.1 292.2 49.5 291.7 49.1 290.9 48.8 290.2 48.4 289.4 48.0 288.6 47.5 287.6
  47.3 286.6 47.1 285.6 46.7 284.6 46.4 283.6 46.3 282.5 46.1 281.5 45.9 280.5
  45.6 279.4 45.7 278.2 45.8 277.0 45.8 275.9 46.1 274.8 46.4 273.9 46.6 273.0
  46.8 272.1 47.0 271.3 47.4 270.4 47.8 269.5 48.1 268.6 48.5 268.0 49.1 267.4
  49.6 266.7 50.1 266.1 50.7 265.6 51.2 265.2 51.6 264.7 52.0 264.2 52.5 263.9
  53.0 263.7 53.6 263.4 54.1 263.1 54.6 263.0 55.0 263.0 55.5 262.9 55.9 262.8
  56.2 262.7 56.5 262.6 56.8 262.5 57.1 262.4 57.3 262.3 57.5 262.2 57.7 262.1
  57.9 262.0 58.1 261.9 58.2 261.7 58.4 261.5 58.5 261.3 58.6 261.0 58.8 260.7
  58.9 260.4 59.0 260.1 59.2 259.8 59.4 259.5 59.5 259.1 59.7 258.7 59.9 258.2
  60.0 257.8 60.1 257.5 60.3 257.1 60.4 256.7 60.5 256.3 60.6 255.8 60.8 255.3
  61.0 254.7 61.2 254.1 61.3 253.5 61.5 252.8 61.6 252.1 61.7 251.3 61.9 250.5
  62.1 249.6 62.3 249.0 62.4 248.4 62.5 247.7 62.7 246.9 62.9 246.1 63.0 245.3
  63.1 244.4 63.2 243.5 63.3 242.5 63.4 241.6 63.5 240.7 63.5 239.7 63.6 238.9
  63.6 238.0 63.6 237.0 63.6 236.1 63.6 235.1 63.7 234.2 63.7 233.2 63.8 232.3
  63.9 231.3 64.0 230.4 64.1 229.4 64.2 228.9 64.2 228.4 64.2 228.0 64.3 227.6
  64.3 227.3 64.3 227.0 64.3 226.8 64.4 226.6 64.3 226.5 64.3 226.4 64.3 226.4
  64.3 226.4 64.2 226.4 64.1 226.5 64.0 226.5 63.9 226.6 63.8 226.5 63.6 226.3
  63.4 226.3 63.3 226.2 63.1 226.3 62.9 226.4 62.6 226.5 62.4 226.6 62.2 226.8
  62.0 226.9 61.7 227.0 61.5 227.1 61.3 227.3 61.1 227.5 60.9 227.7 60.7 228.1
  60.3 228.4 59.9 228.8 59.6 229.5 59.2 230.1 58.9 230.7 58.6 231.4 58.4 232.0
  57.9 232.7 57.5 233.1 57.2 233.5 56.8 234.0 56.5 234.5 56.3 235.0 56.0 235.5
  55.8 236.1 55.6 236.6 55.4 237.2 55.2 237.8 55.0 238.5 54.8 239.2 54.6 240.0
  54.4 240.9 54.3 241.8 54.1 242.8 53.9 243.8 53.7 244.4 53.6 245.0 53.5 245.5
  53.4 246.1 53.3 246.6 53.2 247.2 53.1 247.7 53.1 248.2 53.1 248.8 53.0 249.3
  53.0 249.8 53.0 250.3 53.0 250.9
   7  8 65  0.0
  72.5 321.4 72.7 320.5 73.0 319.7 73.2 318.9 73.4 318.1 73.6 317.4 73.8 316.7
  74.0 316.0 74.3 314.9 74.5 313.8 74.8 312.7 75.0 311.5 75.3 310.4 75.5 309.2
  75.7 307.9 75.9 306.7 76.1 305.4 76.3 303.6 76.4 301.9 76.5 300.2 76.6 298.6
  76.7 297.0 76.8 295.5 76.8 293.9 76.9 292.5 76.9 291.0 77.0 289.6 77.0 288.1
  77.0 286.7 77.1 285.2 77.1 283.8 77.2 282.3 77.2 280.9 77.3 279.4 77.4 277.9
  77.5 276.4 77.6 274.9 77.7 273.3 77.8 271.7 77.9 270.0 77.9 268.3 78.0 266.5
  78.1 264.1 78.2 261.6 78.3 259.0 78.4 256.3 78.5 253.5 78.6 250.6 78.8 247.7
  78.9 244.6 79.0 241.6 79.1 238.6 79.2 235.6 79.3 232.7 79.3 229.9 79.3 227.1
  79.3 224.4 79.3 221.9 79.3 219.5 79.3 217.3 79.3 215.2 79.3 213.4 79.2 211.6
  79.2 210.0 79.1 208.7 79.1 207.5 79.0 206.4 78.9 205.6 78.7 204.8 78.6 204.2
  78.4 203.6 78.2 203.1 78.0 202.6 77.8 202.4 77.5 202.2 77.2 202.1 76.9 202.1
  76.6 202.1 76.2 202.1 75.8 202.2 75.3 202.0 74.9 201.9 74.4 201.8 73.9 201.7
  73.5 201.2 73.0 200.8 72.5 200.4 72.1 199.9 71.7 199.5 71.3 198.9 71.0 198.2
  70.7 197.6 70.4 196.9 70.1 196.3 69.9 195.6 69.7 194.9 69.6 194.1 69.5 193.4
  69.4 192.6 69.3 191.8 69.2 190.9 69.1 190.0 69.0 189.0 69.0 188.0 68.9 187.0
  68.9 185.9 68.9 184.8 68.9 183.7 69.0 182.5 69.1 181.3 69.2 180.1 69.3 178.9
  69.5 177.7 69.7 176.5 69.8 175.3 70.1 174.1 70.4 172.9 70.7 171.8 71.1 170.6
  71.5 169.4 71.9 168.2 72.3 167.0 72.9 166.0 73.4 165.0 74.0 164.0 74.5 162.9
  75.1 162.1 75.7 161.1 76.2 160.0 76.7 159.2 77.1 158.2 77.5 157.2 77.8 156.0
  78.1 154.8 78.4 154.3 78.7 153.9 78.9 153.5 79.1 153.1 79.3 152.8 79.4 152.6
  79.6 152.5 79.7 152.4 79.8 152.5 79.9 152.6 80.0 152.8 80.1 153.1 80.2 153.3
  80.3 153.5 80.4 153.7 80.5 153.8 80.6 153.8 80.6 153.8 80.7 153.7 80.8 153.6
  80.9 153.4 80.9 153.1 81.0 152.8 81.1 152.3 81.2 151.7 81.2 151.1 81.2 150.3
  81.3 149.4 81.3 148.4 81.3 147.2 81.2 146.0 81.2 144.8 81.1 143.5 81.0 142.2
  80.8 140.9 80.7 139.7 80.4 138.6 80.2 137.5 80.0 136.6 79.8 135.6 79.5 134.6
  79.3 133.8 79.0 133.0 78.7 132.2 78.5 131.6 78.2 130.9 77.9 130.4 77.7 129.8
  77.4 129.2 77.2 128.6 76.9 128.1 76.7 127.6 76.4 127.1 76.2 126.6 76.0 126.2
  75.8 125.7 75.6 125.3 75.4 125.0 75.3 124.6 75.1 124.1 74.9 123.8 74.8 123.4
  74.7 123.1 74.6 122.8 74.4 122.5 74.3 122.3 74.2 122.2 74.0 122.0 73.9 121.9
  73.7 121.8 73.5 121.7 73.4 121.6 73.2 121.5 73.0 121.4 72.8 121.4 72.7 121.3
  72.5 121.2 72.3 121.1 72.1 121.0 71.9 120.9 71.8 121.3 71.6 121.7 71.4 122.0
  71.3 122.3 71.1 122.6 70.9 122.8 70.7 123.0 70.5 123.3 70.3 123.5 70.1 123.6
  69.9 123.8 69.7 124.1 69.5 124.3 69.3 124.5 69.0 124.7 68.8 124.9 68.5 125.0
  68.3 125.1 68.0 125.2 67.8 125.3 67.6 125.3 67.3 125.3 67.1 125.3 66.9 125.3
  66.7 125.3 66.5 125.3 66.3 125.3
   7  9 65  0.0
  72.5 321.4 72.5 319.8 72.4 318.2 72.4 316.7 72.4 315.1 72.4 313.7 72.4 312.3
  72.4 310.9 72.5 309.5 72.5 308.2 72.6 306.9 72.7 305.7 72.8 304.4 72.9 303.1
  73.0 301.9 73.1 300.6 73.2 299.4 73.2 298.2 73.3 297.1 73.3 295.9 73.4 294.8
  73.4 293.8 73.4 292.7 73.5 291.7 73.5 290.8 73.5 289.9 73.5 289.1 73.5 288.3
  73.5 287.6 73.5 286.9 73.4 286.3 73.4 285.7 73.3 285.2 73.2 284.8 73.2 284.5
  73.1 284.2 73.0 283.9 72.8 283.7 72.7 283.5 72.6 283.3 72.5 283.1 72.4 282.9
  72.3 282.6 72.1 282.4 72.0 282.1 71.9 281.9 71.8 282.1 71.7 282.3 71.6 282.5
  71.4 282.6 71.3 282.7 71.1 282.8 71.0 282.9 70.8 282.9 70.6 282.9 70.4 282.9
  70.2 282.8 70.0 282.8 69.7 283.4 69.5 284.0 69.2 284.5 68.8 284.9 68.5 285.3
  68.1 285.6 67.7 285.9 67.3 286.9 67.0 287.8 66.6 288.6 66.2 289.3 65.7 289.8
  65.3 290.4 64.8 290.8 64.3 291.2 63.7 291.4 63.2 291.5 62.7 291.6 62.1 291.7
  61.5 291.8 60.9 291.7 60.3 291.6 59.7 291.5 59.1 291.2 58.4 291.0 57.8 290.8
  57.2 290.4 56.6 290.0 55.9 289.6 55.4 289.0 54.8 288.4 54.4 287.7 53.6 287.1
  52.9 286.2 52.4 285.2 51.8 284.2 51.4 282.9 50.8 281.7 50.3 280.3 49.8 278.9
  49.5 277.6 49.2 276.2 49.0 274.9 49.0 273.6 48.9 272.3 48.9 271.1 49.0 270.0
  49.1 268.9 49.2 267.8 49.4 266.8 49.7 265.7 49.9 264.7 50.1 263.8 50.4 262.9
  50.7 262.0 51.0 261.2 51.4 260.4 51.6 259.6 52.0 258.7 52.4 258.1 52.8 257.4
  53.1 256.7 53.5 256.0 53.9 255.2 54.4 254.5 54.8 253.9 55.3 253.3 55.7 252.7
  56.1 252.0 56.5 251.3 56.9 250.6 57.3 249.8 57.6 249.0 58.0 248.2 58.3 247.4
  58.7 246.6 59.1 245.8 59.4 244.9 59.8 244.1 60.1 243.2 60.4 242.4 60.7 241.6
  61.0 240.7 61.2 239.7 61.5 238.8 61.7 237.8 61.9 236.8 62.2 235.7 62.3 235.0
  62.4 234.2 62.5 233.5 62.6 232.8 62.6 232.1 62.6 231.4 62.6 230.7 62.5 230.0
  62.4 229.4 62.3 228.8 62.2 228.2 62.1 227.6 61.9 227.0 61.7 226.1 61.5 225.3
  61.2 224.5 61.0 223.8 60.6 223.2 60.1 222.7 59.6 222.3 59.1 221.6 58.6 221.1
  58.0 220.6 57.5 220.1 56.9 219.5 56.3 218.9 55.8 218.4 55.2 217.6 54.6 216.9
  54.0 216.1 53.5 215.4 53.0 214.4 52.5 213.4 52.1 212.3 51.7 211.1 51.3 210.0
  50.9 208.9 50.5 207.7 50.2 206.6 49.9 205.4 49.6 204.3 49.4 203.2 49.2 202.1
  49.0 201.1 48.8 200.1 48.7 199.2 48.5 198.3 48.3 197.5 48.1 196.8 48.0 196.0
  47.9 195.4 47.8 194.4 47.7 193.4 47.7 192.4 47.8 191.5 47.7 190.5 47.7 189.6
  47.7 188.7 47.8 187.8 47.6 187.0 47.5 186.2 47.4 185.3 47.3 184.6 47.2 183.8
  47.1 183.0 47.0 182.3 46.9 181.6 46.8 180.9 46.7 180.3 46.6 179.6 46.4 179.0
  46.2 178.4 46.0 177.8 45.8 177.3 45.6 176.7 45.5 176.1 45.4 175.5 45.2 174.9
  45.0 174.3 44.8 173.7 44.7 173.0 44.5 172.4 44.4 171.7 44.1 171.0 43.9 170.3
  43.8 169.5 43.6 168.8 43.4 168.0 43.3 167.2 43.1 166.4 43.0 165.7 42.8 164.9
  42.7 164.2 42.6 163.5 42.5 162.8
   7 10 65  0.0
  72.5 321.4 72.5 319.5 72.5 317.5 72.4 315.6 72.4 313.7 72.3 311.9 72.3 310.1
  72.3 308.4 72.2 306.7 72.2 305.0 72.2 303.4 72.2 301.8 72.2 300.2 72.2 298.6
  72.1 296.9 72.1 295.2 72.2 293.6 72.2 291.9 72.2 290.1 72.2 288.4 72.3 286.7
  72.4 284.9 72.5 283.2 72.6 281.5 72.7 279.8 72.9 278.1 73.0 276.4 73.2 274.8
  73.3 273.2 73.4 271.5 73.6 269.9 73.7 268.3 73.9 266.6 74.0 265.0 74.1 263.4
  74.3 261.3 74.4 259.3 74.5 257.4 74.6 255.5 74.8 253.6 74.9 251.8 75.0 250.0
  75.0 248.2 75.1 246.4 75.2 244.5 75.3 242.7 75.3 240.8 75.4 238.8 75.4 236.7
  75.4 234.6 75.4 232.5 75.4 230.5 75.4 228.5 75.4 226.7 75.3 224.8 75.2 223.0
  75.2 221.2 75.1 219.5 75.0 217.7 74.8 215.9 74.6 214.2 74.4 212.5 74.2 211.0
  73.8 209.6 73.5 208.7 73.3 207.8 72.9 206.9 72.6 206.0 72.3 205.0 72.1 204.1
  71.8 203.1 71.6 202.1 71.3 201.2 71.1 200.2 70.8 199.3 70.5 198.4 70.1 197.6
  69.6 196.9 69.2 196.2 68.8 195.5 68.2 194.9 67.7 194.2 67.2 193.6 66.7 192.9
  66.2 192.1 65.7 191.4 65.3 190.6 64.8 189.8 64.4 188.9 64.0 188.0 63.6 187.1
  63.3 186.4 63.1 185.7 62.8 184.9 62.5 184.2 62.2 183.4 62.0 182.6 61.9 181.8
  61.7 181.6 61.6 181.4 61.5 181.2 61.4 180.9 61.2 180.6 61.2 180.3 61.1 180.0
  61.1 179.6 61.2 179.2 61.2 178.8 61.3 178.4 61.4 178.0 61.5 177.6 61.5 177.2
  61.6 176.8 61.7 176.5 61.8 176.1 62.0 175.8 62.1 175.5 62.2 174.8 62.4 174.2
  62.5 173.6 62.6 173.1 62.8 172.6 62.9 172.2 63.1 171.8 63.4 171.4 63.7 171.0
  64.0 170.6 64.3 170.3 64.6 169.6 65.0 169.0 65.4 168.4 65.8 167.9 66.3 167.4
  66.8 166.8 67.3 166.2 67.8 165.6 68.3 165.0 68.9 164.3 69.5 163.6 70.1 162.9
  70.8 162.3 71.5 161.5 72.1 160.8 72.8 160.2 73.5 159.5 74.1 158.8 74.7 158.5
  75.4 158.2 75.9 157.8 76.5 157.5 77.2 157.6 77.8 157.7 78.3 157.7 79.0 158.1
  79.5 158.5 80.1 159.0 80.7 159.8 81.2 160.7 81.7 161.8 82.1 162.9 82.6 164.0
  83.1 165.3 83.5 166.7 83.9 168.5 84.2 170.5 84.7 172.8 85.0 175.6 85.3 178.8
  85.6 182.5 85.8 186.6 86.0 190.9 86.1 195.3 86.4 200.3 86.5 205.5 86.7 210.9
  86.8 216.5 86.9 222.2 87.0 227.9 87.0 233.8 87.0 239.6 87.0 245.5 87.0 251.1
  86.9 256.7 86.7 262.0 86.6 266.9 86.3 271.3 86.0 275.1 85.7 278.4 85.4 281.9
  85.0 284.9 84.7 287.4 84.3 289.7 83.8 291.6 83.5 293.5 83.1 295.3 82.7 296.9
  82.3 298.5 81.9 300.0 81.5 301.3 81.2 302.6 80.8 303.9 80.4 305.1 80.0 306.2
  79.6 307.3 79.3 308.3 78.9 309.2 78.6 310.1 78.2 311.0 77.8 311.9 77.4 312.5
  77.1 313.1 76.7 313.7 76.4 314.3 76.1 314.9 75.7 315.6 75.5 315.9 75.2 316.2
  75.0 316.5 74.7 316.9 74.4 317.3 74.1 317.7 73.8 318.1 73.5 318.3 73.2 318.6
  73.0 318.8 72.6 319.0 72.3 319.2 72.0 319.5 71.7 319.4 71.3 319.3 71.0 319.2
  70.6 319.1 70.3 319.1 69.9 319.0 69.5 318.6 69.1 318.2 68.6 317.8 68.1 317.3
  67.6 317.0 67.1 316.1 66.5 315.4
   7 11 65  0.0
  72.5 321.4 72.5 319.6 72.5 317.8 72.5 316.0 72.4 314.2 72.3 312.4 72.2 310.6
  72.1 308.8 72.0 307.0 71.9 305.3 71.7 303.5 71.6 301.7 71.4 299.9 71.3 298.2
  71.2 296.5 71.1 294.8 71.0 293.2 70.9 291.6 70.9 290.0 70.9 288.4 70.9 286.9
  70.9 285.4 71.0 283.9 71.0 282.5 71.0 281.0 71.1 279.6 71.1 278.2 71.1 276.9
  71.1 275.5 71.1 274.2 71.2 272.9 71.2 271.7 71.3 270.4 71.4 269.2 71.5 268.0
  71.7 266.8 71.8 265.6 72.0 264.4 72.2 263.2 72.4 261.7 72.6 260.2 72.8 258.8
  72.9 257.4 73.1 256.0 73.3 254.7 73.5 253.4 73.6 252.3 73.8 251.2 73.9 250.1
  74.1 249.1 74.2 247.8 74.3 246.6 74.5 245.3 74.6 244.1 74.7 242.8 74.8 241.6
  74.9 240.3 75.0 239.1 75.1 237.9 75.1 236.6 75.2 235.4 75.2 234.3 75.2 233.1
  75.2 231.9 75.2 230.7 75.2 229.5 75.1 228.2 75.1 226.9 75.0 225.5 74.9 224.1
  74.8 222.6 74.7 221.1 74.6 219.5 74.4 217.8 74.2 216.2 74.1 214.7 73.8 213.2
  73.6 212.3 73.4 211.5 73.0 210.7 72.7 209.9 72.3 209.2 72.0 208.5 71.6 208.1
  71.2 207.6 70.8 207.2 70.3 206.8 69.8 206.3 69.4 205.7 69.0 205.1 68.7 204.4
  68.3 203.7 67.8 203.0 67.4 202.3 66.9 201.6 66.5 201.0 66.0 200.4 65.5 199.9
  64.9 199.4 64.3 198.9 63.7 198.4 63.2 197.9 62.6 197.4 62.1 196.9 61.6 196.3
  61.1 195.9 60.6 195.4 60.1 194.9 59.6 194.4 59.1 194.2 58.5 193.9 58.0 193.5
  57.5 193.4 56.9 193.2 56.4 193.0 55.9 192.7 55.3 192.5 54.8 192.3 54.3 192.0
  53.8 191.8 53.1 191.4 52.3 191.1 51.6 190.7 50.9 190.3 50.4 189.8 49.9 189.4
  49.5 188.7 49.2 188.1 48.9 187.4 48.4 186.7 48.0 186.0 47.7 185.3 47.4 184.4
  47.2 183.5 46.5 182.6 45.9 181.8 45.3 180.9 44.7 180.1 44.2 179.2 43.3 178.4
  42.6 177.4 41.9 176.4 41.2 175.2 40.5 174.0 39.9 172.7 39.2 171.1 38.9 169.4
  38.5 167.6 38.2 165.7 37.9 163.7 37.6 161.9 37.3 160.1 37.0 158.4 36.9 156.7
  36.8 155.3 37.1 153.9 37.4 152.6 37.7 151.3 37.8 150.2 38.0 149.2 38.2 148.4
  38.3 147.6 38.4 146.9 38.6 146.2 38.7 145.5 38.8 144.9 39.0 144.3 39.1 143.7
  39.3 143.1 39.5 142.5 39.7 141.9 39.9 141.3 40.0 140.7 40.1 140.1 40.2 139.7
  40.3 139.3 40.4 139.0 40.5 138.7 40.6 138.4 40.7 138.1 40.8 137.8 40.9 137.6
  40.9 137.3 41.0 137.0 41.0 136.7 41.0 136.4 41.0 136.1 41.0 135.8 41.2 135.5
  41.5 135.2 41.7 134.9 41.9 134.6 42.0 134.2 42.2 134.0 42.3 133.8 42.4 133.6
  42.5 133.4 42.6 133.1 42.7 132.9 42.8 132.6 42.8 132.3 42.8 132.0 42.9 131.7
  43.1 131.4 43.3 131.1 43.4 130.8 43.6 130.5 43.7 130.2 43.9 129.9 44.0 129.6
  44.1 129.3 44.3 128.9 44.4 128.6 44.5 128.2 44.5 127.8 44.7 127.4 44.8 126.9
  44.8 126.5 44.9 126.1 45.0 125.6 45.1 125.2 45.3 124.7 45.4 124.2 45.6 123.7
  45.7 123.2 45.8 122.7 46.0 122.1 46.1 121.5 46.2 120.9 46.2 120.3 46.3 119.6
  46.3 119.0 46.3 118.5 46.4 117.9 46.4 117.3 46.5 116.8 46.6 116.2 46.7 115.6
  46.7 115.0 46.8 114.3 46.9 113.7
   7 12 65  0.0
  72.5 321.4 72.5 319.6 72.4 317.9 72.4 316.3 72.3 314.7 72.2 313.1 72.1 311.6
  72.0 310.2 71.9 308.7 71.8 306.9 71.7 305.1 71.6 303.3 71.5 301.6 71.4 300.0
  71.2 298.3 71.1 296.8 70.9 295.2 70.7 293.7 70.5 292.2 70.4 290.7 70.2 289.3
  70.0 287.8 69.8 286.4 69.7 285.0 69.5 283.7 69.4 282.3 69.3 281.0 69.3 279.6
  69.3 278.3 69.3 277.0 69.4 275.7 69.5 274.4 69.6 273.2 69.7 272.0 69.9 270.8
  70.1 269.7 70.3 268.6 70.5 267.5 70.8 266.5 71.1 265.5 71.4 264.5 71.6 263.5
  71.9 262.6 72.2 261.6 72.6 260.8 72.9 260.0 73.3 259.1 73.6 258.2 74.0 257.3
  74.3 256.4 74.7 255.8 75.1 255.2 75.5 254.5 75.9 253.7 76.3 252.8 76.8 252.1
  77.2 251.3 77.7 250.4 78.1 249.5 78.5 248.9 79.0 248.2 79.4 247.4 79.8 246.4
  80.2 245.2 80.6 244.1 81.0 242.7 81.4 241.0 81.7 239.0 82.1 236.6 82.5 234.2
  82.9 231.3 83.3 228.0 83.6 224.2 84.0 219.8 84.3 215.1 84.6 210.7 84.8 205.8
  85.0 200.6 85.2 195.0 85.2 189.4 85.3 183.9 85.2 178.6 85.1 173.6 85.0 168.9
  84.9 164.5 84.8 160.4 84.6 156.5 84.5 152.7 84.3 149.1 84.0 145.8 83.7 142.9
  83.4 140.8 83.1 138.9 82.8 137.1 82.5 135.5 82.1 133.9 81.7 132.5 81.4 131.6
  81.0 130.7 80.6 129.9 80.2 129.1 79.9 128.4 79.6 127.5 79.2 126.6 78.9 125.9
  78.6 125.1 78.3 124.5 78.0 123.8 77.7 123.2 77.5 122.2 77.3 121.3 77.0 120.4
  76.8 119.6 76.5 118.8 76.2 118.0 75.8 117.3 75.6 116.2 75.3 115.1 74.9 114.0
  74.6 113.0 74.2 112.0 73.8 111.0 73.4 109.5 73.0 108.1 72.6 106.7 72.2 105.3
  71.9 104.0 71.6 102.1 71.3 100.2 71.1  98.2 70.9  96.1 70.7  94.0 70.5  91.8
  70.4  89.5 70.3  87.3 70.2  85.2 70.1  83.2 70.0  81.4 69.9  79.7 69.9  79.0
  69.8  78.3 69.7  77.7 69.6  77.0 69.5  76.4 69.5  75.7 69.3  75.1 69.2  74.4
  69.0  73.8 68.9  73.1 68.8  72.5 68.7  71.8 68.4  71.2 68.2  70.5 67.9  69.9
  67.7  69.2 67.4  68.6 67.2  67.9 66.8  67.3 66.4  66.6 66.1  66.0 65.8  65.4
  65.5  64.7 65.3  64.1 65.0  63.5 64.7  62.8 64.4  62.2 64.1  61.5 63.8  60.9
  63.5  60.3 63.3  59.7 62.9  59.1 62.6  58.5 62.2  57.8 61.8  57.2 61.5  56.6
  61.2  56.0 60.9  55.5 60.4  54.9 59.9  54.3 59.5  53.8 59.0  53.4 58.6  52.9
  58.2  52.4 57.8  51.9 57.2  51.5 56.7  51.1 56.2  50.7 55.7  50.2 55.2  49.9
  54.8  49.6 54.4  49.2 54.1  48.9 53.7  48.5 53.4  48.3 53.2  48.1 52.9  47.9
  52.5  47.6 52.1  47.4 51.7  47.1 51.3  47.1 50.9  47.1 50.6  47.0 50.2  47.0
  49.9  46.9 49.6  47.2 49.3  47.4 49.0  47.6 48.8  47.8 48.5  48.0 48.3  48.2
  48.2  48.3 48.1  48.4 48.0  48.5 47.9  48.6 47.8  48.8 47.7  48.9 47.6  49.0
  47.5  49.2 47.4  49.3 47.4  49.4 47.3  49.5 47.3  49.5 47.2  49.6 47.2  49.7
  47.2  49.7 47.2  49.8 47.2  49.8 47.2  49.9 47.2  49.9 47.2  49.9 47.3  49.9
  47.3  49.9 47.4  49.9 47.4  49.9 47.5  49.9 47.6  49.9 47.7  49.9 47.8  49.8
  47.9  49.8 48.0  49.8 48.2  49.7
   7 13 65  0.0
  72.5 321.4 72.6 320.3 72.8 319.2 72.8 318.2 72.9 317.1 72.9 316.1 73.0 315.1
  73.0 314.2 73.0 313.3 73.0 312.4 73.0 311.6 73.0 310.8 73.0 310.0 73.0 309.3
  72.9 308.5 72.9 307.6 72.8 306.5 72.7 305.5 72.6 304.3 72.5 303.0 72.5 301.7
  72.4 300.3 72.3 298.9 72.3 297.4 72.2 295.9 72.1 294.4 72.0 293.0 71.9 291.4
  71.7 289.8 71.6 288.3 71.4 286.9 71.3 285.6 71.1 284.4 70.9 283.2 70.8 282.1
  70.6 281.0 70.5 279.9 70.4 278.9 70.3 277.8 70.3 276.8 70.2 275.7 70.3 274.6
  70.3 273.5 70.4 272.4 70.5 271.3 70.6 270.2 70.8 269.0 71.0 267.9 71.3 266.7
  71.7 265.4 72.0 264.2 72.3 263.1 72.8 262.2 73.2 261.3 73.6 260.5 74.1 259.6
  74.6 259.2 75.1 258.7 75.7 258.2 76.2 257.7 76.8 257.3 77.3 256.9 77.9 256.5
  78.4 256.1 79.0 255.8 79.5 255.5 80.0 255.2 80.6 254.9 81.2 254.7 81.7 254.5
  82.2 254.3 82.8 253.7 83.3 253.0 83.8 252.1 84.2 251.0 84.7 249.0 85.2 246.6
  85.6 243.6 85.9 240.1 86.1 235.9 86.5 230.8 86.8 224.8 87.0 217.9 87.1 210.2
  87.2 202.0 87.2 193.4 87.2 185.0 87.1 177.5 86.9 171.0 86.7 165.7 86.4 161.4
  86.2 157.9 85.8 155.0 85.6 151.3 85.2 148.4 84.9 146.2 84.4 144.5 83.9 143.2
  83.5 141.7 83.0 140.4 82.6 139.3 82.1 138.3 81.5 137.4 81.1 136.2 80.6 135.1
  80.2 134.2 79.6 133.4 79.2 131.9 78.7 130.5 78.2 129.4 77.6 128.3 77.2 126.4
  76.6 124.7 76.1 123.1 75.5 121.6 74.9 119.6 74.4 117.8 73.8 116.1 73.2 114.2
  72.6 112.3 72.0 110.6 71.5 108.9 71.0 107.4 70.5 105.8 70.0 104.3 69.6 102.8
  69.1 101.6 68.7 100.3 68.2  99.1 67.8  98.0 67.4  97.1 66.9  96.3 66.5  95.5
  66.2  94.7 65.8  93.8 65.5  92.9 65.3  92.0 65.0  91.1 65.0  90.0 65.0  88.9
  64.9  87.6 64.9  86.3 65.0  85.0 64.9  83.6 65.1  82.2 65.3  80.7 65.4  79.2
  65.5  78.6 65.7  77.9 65.7  77.3 65.8  76.6 65.7  75.9 65.7  75.3 65.7  74.6
  65.6  73.9 65.5  73.3 65.4  72.6 65.1  71.9 65.1  71.2 65.0  70.5 64.9  69.8
  64.8  69.2 64.7  68.5 64.5  67.8 64.3  67.2 64.1  66.5 63.9  65.8 63.6  65.2
  63.3  64.6 62.9  64.0 62.6  63.3 62.2  62.7 61.8  62.1 61.5  61.5 61.1  61.0
  60.8  60.4 60.4  59.9 60.0  59.3 59.6  58.7 59.2  58.3 58.8  57.8 58.4  57.3
  58.0  56.8 57.6  56.5 57.3  56.2 56.9  55.9 56.5  55.5 56.1  55.2 55.7  54.9
  55.4  54.7 55.0  54.6 54.7  54.5 54.4  54.4 54.1  54.3 53.8  54.1 53.6  54.2
  53.4  54.3 53.2  54.3 53.0  54.4 52.8  54.5 52.7  54.6 52.5  54.6 52.4  54.7
  52.3  54.8 52.1  54.9 52.0  55.0 51.9  55.1 51.9  55.4 51.8  55.6 51.7  55.9
  51.7  56.2 51.7  56.4 51.7  56.7 51.8  56.9 51.8  57.1 51.8  57.3 51.9  57.5
  51.9  57.7 52.0  57.9 52.0  58.1 52.1  58.1 52.2  58.0 52.2  57.9 52.3  57.8
  52.4  57.7 52.5  57.5 52.6  57.3 52.8  57.1 52.9  56.8 53.0  56.5 53.2  56.3
  53.3  56.0 53.3  55.6 53.3  55.3 53.3  55.0 53.3  54.6 53.2  54.3 53.2  53.9
  53.1  53.5 53.0  53.0 52.9  52.5
   7 14 65  0.0
  72.5 321.4 72.4 320.1 72.4 318.8 72.3 317.6 72.2 316.5 72.1 315.4 71.9 314.4
  71.8 313.7 71.6 313.1 71.5 312.6 71.3 312.0 71.1 311.5 70.9 311.0 70.7 310.5
  70.6 310.0 70.4 309.5 70.2 309.0 70.1 308.5 69.9 308.0 69.7 307.9 69.6 307.8
  69.5 307.6 69.3 307.5 69.2 307.4 69.0 307.3 68.8 307.2 68.7 307.0 68.5 306.9
  68.3 306.7 68.1 306.5 67.9 306.3 67.7 306.5 67.5 306.7 67.2 306.8 67.0 306.9
  66.7 306.9 66.4 306.8 66.1 306.8 65.7 306.7 65.3 307.0 64.9 307.2 64.5 307.3
  64.0 307.4 63.6 307.5 63.1 307.7 62.6 307.9 62.1 308.1 61.6 308.2 61.2 308.3
  60.7 308.5 60.2 308.5 59.7 308.6 59.3 308.5 58.8 308.4 58.5 308.3 58.1 308.3
  57.8 308.3 57.6 308.1 57.4 307.9 56.9 307.8 56.4 307.7 56.0 307.7 55.7 307.7
  55.4 307.3 55.1 306.9 54.9 306.5 54.7 306.1 54.5 305.6 54.4 305.2 54.3 304.7
  54.3 304.2 54.2 303.6 53.9 303.1 53.6 302.4 53.3 301.7 53.1 301.0 53.0 300.3
  52.9 299.7 52.6 299.0 52.3 298.4 52.0 297.8 51.8 297.1 51.6 296.3 51.4 295.6
  50.9 294.9 50.5 294.2 50.0 293.6 49.6 292.9 49.3 292.1 49.0 291.1 48.5 290.2
  48.1 289.2 47.7 288.1 47.4 287.0 47.0 285.9 46.6 284.7 46.2 283.5 45.8 282.3
  45.5 281.3 45.1 280.3 44.8 279.3 44.6 278.3 44.4 277.3 44.1 276.3 43.9 275.3
  43.8 274.5 43.6 273.6 43.4 272.7 43.2 271.8 43.3 270.9 43.4 270.0 43.4 269.1
  43.5 268.2 43.5 267.4 43.6 266.5 43.7 265.7 43.8 264.9 43.9 264.2 43.9 263.4
  43.9 262.7 43.9 262.1 43.9 261.4 43.9 260.8 43.9 260.2 43.8 259.6 43.9 259.0
  44.0 258.4 44.1 257.8 44.1 257.2 44.1 256.5 44.2 255.9 44.3 255.3 44.4 254.7
  44.4 254.1 44.5 253.5 44.6 253.0 44.6 252.4 44.7 251.8 44.7 251.3 44.7 250.7
  44.8 250.2 44.8 249.6 44.8 249.1 44.8 248.5 44.7 248.0 44.8 247.4 44.8 246.8
  44.8 246.3 44.7 245.7 44.7 245.2 44.6 244.6 44.6 244.0 44.5 243.4 44.4 242.9
  44.3 242.3 44.1 241.7 43.9 241.2 43.8 240.7 43.6 240.3 43.4 239.9 43.3 239.5
  43.1 239.1 42.9 238.7 42.7 238.3 42.5 237.9 42.3 237.6 42.0 237.3 41.8 237.0
  41.5 236.7 41.2 236.5 40.9 236.2 40.6 236.0 40.5 235.7 40.3 235.5 40.1 235.3
  40.0 235.1 39.8 234.8 39.7 234.6 39.5 234.3 39.4 234.0 39.2 233.8 39.1 233.5
  38.9 233.3 38.8 233.1 38.6 233.0 38.5 232.8 38.4 232.7 38.3 232.6 38.2 232.5
  38.1 232.5 38.0 232.4 37.9 232.3 37.8 232.1 37.7 232.0 38.0 231.8 38.2 231.7
  38.4 231.8 38.7 231.9 38.9 232.0 38.9 232.2 38.8 232.3 38.8 232.5 38.7 232.6
  38.7 232.8 38.6 232.9 38.6 233.1 38.5 233.2 38.4 233.3 38.3 233.4 38.2 233.4
  38.1 233.4 38.0 233.4 37.9 233.4 37.8 233.3 37.7 233.1 37.6 233.0 37.5 232.9
  37.4 232.7 37.3 232.6 37.2 232.4 37.1 232.3 37.0 232.1 36.9 232.0 36.7 231.8
  36.6 231.7 36.4 231.5 36.2 231.4 36.1 231.2 35.9 231.1 35.7 230.9 35.6 230.8
  35.4 230.7 35.3 230.6 35.1 230.5 35.0 230.4 34.8 230.3 34.7 230.2 34.5 230.1
  34.4 230.0 34.3 229.9 34.2 229.8
   7 15 65  0.0
  72.5 321.4 72.2 321.0 71.9 320.5 71.6 320.3 71.4 320.0 71.1 319.7 70.9 319.3
  70.6 319.0 70.3 318.7 70.1 318.3 69.8 318.0 69.6 317.9 69.3 317.9 69.1 317.9
  68.8 317.9 68.5 317.8 68.2 317.7 67.9 317.6 67.6 317.8 67.3 318.0 66.9 318.2
  66.6 318.3 66.2 318.4 65.8 318.5 65.4 319.0 65.0 319.5 64.6 320.0 64.2 320.3
  63.8 320.6 63.4 321.0 63.0 321.4 62.5 321.7 62.1 322.0 61.6 322.2 61.1 322.4
  60.6 322.6 60.1 322.7 59.6 322.9 59.1 322.9 58.5 322.9 58.0 322.9 57.5 322.8
  57.1 322.5 56.6 322.2 56.2 321.8 55.9 321.4 55.5 320.8 55.3 320.2 55.1 319.6
  54.6 318.9 54.1 318.1 53.7 317.3 53.3 316.5 53.0 315.7 52.4 314.8 51.9 313.9
  51.4 312.9 51.0 311.8 50.5 310.7 50.0 309.5 49.5 308.2 49.1 307.0 48.7 305.6
  48.4 304.2 48.0 302.8 47.7 301.3 47.3 300.0 47.0 298.7 46.7 297.3 46.5 295.8
  46.3 294.3 46.2 292.9 46.1 291.4 46.0 290.0 46.0 288.6 45.9 287.6 46.0 286.6
  46.0 285.5 46.0 284.1 46.0 282.6 46.1 281.2 46.1 279.8 46.3 278.5 46.5 277.3
  46.7 276.2 46.9 275.1 47.3 274.2 47.6 273.2 48.0 272.3 48.4 271.5 48.8 270.5
  49.2 269.6 49.6 268.7 50.1 267.9 50.5 267.0 50.8 266.2 51.3 265.5 51.7 264.7
  52.2 264.0 52.8 263.3 53.1 262.6 53.5 262.0 53.9 261.3 54.4 260.6 54.9 260.0
  55.4 259.4 55.6 258.8 55.9 258.1 56.2 257.5 56.6 256.9 56.9 256.3 57.3 255.7
  57.5 255.2 57.7 254.6 57.9 254.1 58.2 253.7 58.5 253.2 58.8 252.7 59.1 252.2
  59.4 251.8 59.6 251.3 59.8 250.9 60.0 250.5 60.2 250.1 60.5 249.6 60.7 249.2
  61.0 248.8 61.2 248.4 61.5 248.0 61.8 247.7 62.0 247.4 62.2 247.1 62.4 246.7
  62.6 246.4 62.8 246.0 63.0 245.6 63.2 245.3 63.4 244.9 63.6 244.5 63.8 244.2
  63.9 243.8 64.0 243.4 64.1 242.9 64.2 242.4 64.2 241.8 64.3 241.3 64.4 240.7
  64.5 240.2 64.5 239.8 64.6 239.3 64.7 238.9 64.8 238.6 64.9 238.2 64.9 237.9
  65.0 237.7 65.1 237.4 65.2 237.2 65.3 237.0 65.4 236.9 65.5 236.8 65.6 236.7
  65.7 236.7 65.7 236.7 65.8 236.7 65.9 236.8 65.9 237.0 66.0 237.1 66.0 237.4
  66.0 237.6 66.1 237.6 66.1 237.6 66.1 237.6 66.2 237.5 66.3 237.5 66.3 237.5
  66.4 237.5 66.5 237.6 66.5 237.6 66.6 237.6 66.7 237.6 66.8 237.7 66.9 237.8
  67.0 237.8 67.1 237.9 67.2 238.0 67.3 238.2 67.4 238.3 67.5 238.5 67.6 238.8
  67.8 239.0 67.9 239.3 68.0 239.6 68.1 240.0 68.2 239.9 68.3 239.9 68.4 239.9
  68.5 240.0 68.7 240.1 68.8 240.3 68.9 240.5 69.0 240.8 69.1 241.2 69.2 241.6
  69.3 242.1 69.4 242.7 69.5 243.3 69.6 243.9 69.7 244.6 69.7 245.3 69.7 245.9
  69.6 246.5 69.6 247.1 69.5 247.6 69.4 248.1 69.3 248.6 69.1 249.0 69.0 249.4
  68.8 249.7 68.6 249.9 68.4 250.1 68.2 250.1 67.9 250.2 67.8 250.3 67.6 250.4
  67.4 250.5 67.2 250.5 67.0 250.5 66.8 250.5 66.6 250.5 66.3 250.4 66.2 250.3
  66.0 250.1 65.8 250.0 65.7 249.7 65.5 249.5 65.4 249.2 65.4 248.9 65.3 248.5
  65.3 248.1 65.3 247.6 65.1 247.1
   7 16 65  0.0
  72.5 321.4 72.3 320.7 72.2 320.0 72.0 319.3 71.8 318.8 71.6 318.4 71.4 318.0
  71.1 317.6 70.9 317.2 70.6 316.9 70.3 316.6 70.0 316.4 69.7 316.2 69.4 316.0
  69.1 315.9 68.8 315.9 68.5 315.8 68.2 315.8 67.9 315.7 67.6 315.8 67.3 315.9
  67.0 315.9 66.7 316.0 66.3 316.1 65.9 316.2 65.6 316.3 65.2 316.5 64.9 316.6
  64.5 316.8 64.1 317.0 63.8 317.2 63.4 317.4 63.1 317.5 62.7 317.7 62.4 317.8
  62.0 318.0 61.7 318.2 61.4 318.2 61.0 318.2 60.7 318.2 60.3 318.3 59.9 318.4
  59.6 318.4 59.2 318.3 58.7 318.3 58.3 318.3 57.8 318.3 57.3 317.9 56.8 317.6
  56.2 317.2 55.6 316.8 55.0 316.3 54.4 315.8 54.0 315.3 53.6 314.8 53.2 314.1
  52.8 313.4 52.5 312.7 52.1 311.9 51.9 311.1 51.7 310.2 51.6 309.1 51.3 308.1
  51.1 307.1 51.0 306.0 50.9 304.9 50.7 303.8 50.7 302.6 50.7 301.4 50.6 300.2
  50.6 299.1 50.6 297.9 50.7 296.8 50.7 295.8 51.0 294.8 51.3 293.7 51.6 292.7
  51.8 291.6 52.3 290.5 52.7 289.6 53.1 288.6 53.5 287.6 53.9 286.6 54.4 285.5
  54.8 284.8 55.3 284.0 55.8 283.2 56.3 282.5 56.8 281.9 57.4 281.4 57.9 280.9
  58.4 280.4 58.9 280.0 59.4 279.7 59.8 279.4 60.2 279.2 60.6 279.0 61.0 279.0
  61.3 278.9 61.5 278.8 61.8 278.8 62.0 278.8 62.2 278.7 62.4 278.6 62.6 278.6
  62.8 278.5 63.0 278.4 63.1 278.4 63.3 278.3 63.4 278.3 63.6 278.3 63.7 278.3
  63.8 278.3 63.9 278.3 64.0 278.3 64.0 278.4 64.1 278.0 64.2 277.5 64.2 277.0
  64.3 276.6 64.3 276.1 64.3 275.6 64.4 275.1 64.5 274.7 64.5 274.2 64.6 273.8
  64.6 273.5 64.7 273.1 64.7 272.8 64.7 272.5 64.8 272.3 64.8 272.1 64.9 271.9
  64.9 271.8 65.0 271.7 65.1 271.6 65.2 271.6 65.2 271.6 65.3 271.7 65.4 271.8
  65.4 272.0 65.5 272.2 65.5 272.5 65.5 272.8 65.5 273.1 65.4 273.5 65.4 273.9
  65.4 274.4 65.5 274.9 65.5 275.5 65.5 276.1 65.5 276.8 65.5 277.5 65.5 278.2
  65.5 278.9 65.5 279.6 65.6 280.4 65.5 281.2 65.5 281.9 65.5 282.6 65.5 283.3
  65.5 283.9 65.4 284.5 65.4 285.1 65.3 285.7 65.2 286.3 65.1 286.8 65.0 287.3
  65.0 287.8 64.9 288.3 64.7 288.7 64.6 289.2 64.4 289.7 64.3 290.3 64.1 290.8
  64.0 291.3 63.8 291.8 63.6 292.2 63.5 292.7 63.4 293.2 63.2 293.7 63.1 294.2
  63.0 294.7 62.9 295.2 62.8 295.8 62.7 296.3 62.7 296.8 62.6 297.4 62.6 297.9
  62.6 298.5 62.6 299.0 62.6 299.6 62.5 300.2 62.5 300.8 62.4 301.3 62.3 301.9
  62.3 302.4 62.2 302.9 62.1 303.4 62.0 303.9 61.9 304.5 61.7 305.0 61.6 305.5
  61.4 306.0 61.2 306.5 61.0 306.9 60.9 307.3 60.7 307.7 60.6 308.0 60.4 308.3
  60.2 308.6 60.1 308.8 60.0 309.1 60.0 309.3 60.0 309.4 60.0 309.4 60.0 309.3
  60.1 309.6 60.2 309.8 60.2 310.1 60.3 310.4 60.3 310.7 60.4 311.0 60.4 311.4
  60.4 311.8 60.4 312.3 60.1 312.7 59.8 313.2 59.5 313.6 59.2 314.0 58.9 314.4
  58.6 314.8 58.3 315.2 58.0 315.6 57.7 315.6 57.3 315.7 57.0 315.7 56.7 315.8
  56.3 315.8 55.9 315.8 55.5 315.4
   7 17 65  0.0
  72.5 321.4 72.4 321.8 72.4 322.1 72.3 322.4 72.2 322.6 72.1 322.8 72.0 323.0
  71.9 323.1 71.9 323.3 71.8 323.5 71.7 323.7 71.6 323.9 71.4 324.1 71.3 324.3
  71.2 324.4 71.0 324.5 70.9 324.5 70.7 324.4 70.6 324.3 70.5 324.2 70.3 324.0
  70.2 323.7 70.1 323.4 70.0 323.0 69.9 322.9 69.8 322.8 69.6 322.7 69.5 322.5
  69.4 322.4 69.2 322.2 69.0 322.0 68.8 321.8 68.6 321.6 68.3 321.4 68.0 321.2
  67.7 321.0 67.4 320.9 67.1 320.7 66.8 320.6 66.4 320.5 66.0 320.4 65.6 320.3
  65.3 320.4 64.9 320.5 64.5 320.6 64.1 320.6 63.7 320.7 63.3 320.9 63.0 321.0
  62.6 321.1 62.2 321.2 61.9 321.4 61.5 321.5 61.1 321.6 60.8 321.6 60.4 321.7
  60.0 321.7 59.6 321.8 59.3 321.8 58.9 321.7 58.5 321.7 58.1 321.6 57.6 321.5
  57.2 321.4 56.7 321.2 56.2 321.1 55.7 320.8 55.2 320.5 54.6 320.2 54.1 319.8
  53.6 319.3 53.0 318.9 52.5 318.5 51.9 318.0 51.3 317.6 50.7 317.1 50.1 316.6
  49.6 316.0 49.3 315.2 49.0 314.3 48.6 313.4 48.3 312.4 48.0 311.3 47.7 310.2
  47.4 309.2 47.0 308.1 46.7 307.0 46.5 306.0 46.4 304.9 46.2 303.9 46.2 302.8
  46.2 301.7 46.1 300.5 46.1 299.4 46.1 298.2 46.2 297.0 46.2 295.7 46.3 294.5
  46.5 293.2 46.7 291.9 47.0 290.6 47.3 289.4 47.6 288.1 47.9 286.9 48.2 285.7
  48.6 284.5 48.9 283.3 49.2 282.2 49.5 281.0 49.9 279.9 50.3 278.9 50.7 277.8
  51.1 276.8 51.6 275.8 52.0 274.9 52.4 273.9 52.9 273.1 53.3 272.3 53.8 271.5
  54.1 270.7 54.5 269.9 54.9 269.2 55.3 268.5 55.7 267.7 55.9 267.0 56.1 266.3
  56.4 265.6 56.7 264.9 57.0 264.2 57.3 263.5 57.4 262.8 57.6 262.1 57.8 261.4
  57.9 260.6 58.1 259.9 58.2 259.3 58.2 258.7 58.3 258.1 58.3 257.5 58.4 256.9
  58.5 256.4 58.6 255.8 58.6 255.2 58.7 254.6 58.7 254.1 58.8 253.5 58.9 252.9
  58.9 252.3 59.0 251.7 59.1 251.1 59.1 250.5 59.2 250.0 59.3 249.4 59.3 248.9
  59.4 248.4 59.5 247.8 59.7 247.3 59.8 246.9 60.0 246.4 60.2 246.0 60.4 245.5
  60.5 245.1 60.7 244.6 60.9 244.2 61.1 243.7 61.3 243.3 61.5 242.8 61.7 242.3
  61.9 241.9 62.1 241.4 62.3 240.8 62.5 240.3 62.7 239.7 62.9 239.1 63.1 238.6
  63.4 238.1 63.6 237.5 63.8 237.0 63.9 236.5 64.1 236.0 64.4 235.3 64.6 234.6
  64.8 233.9 65.0 233.2 65.2 232.5 65.4 231.7 65.6 231.0 65.9 230.3 66.1 229.5
  66.3 228.8 66.4 228.1 66.6 227.4 66.8 226.6 66.9 225.9 67.0 225.1 67.1 224.4
  67.2 223.6 67.2 222.8 67.2 222.0 67.2 221.2 67.1 220.4 67.1 219.6 67.0 218.7
  66.9 217.9 66.8 217.0 66.7 216.1 66.6 215.2 66.4 214.4 66.3 213.6 66.1 212.8
  65.9 212.1 65.7 211.2 65.4 210.4 65.1 209.7 64.8 208.9 64.5 208.2 64.2 207.5
  63.7 206.8 63.3 206.1 62.9 205.5 62.4 204.9 62.0 204.4 61.5 204.0 61.0 203.5
  60.6 203.2 60.1 202.8 59.6 202.4 59.1 202.1 58.6 201.8 58.1 201.5 57.6 201.2
  57.1 201.0 56.6 200.8 56.1 200.5 55.6 200.3 55.1 200.0 54.4 199.7 53.8 199.4
  53.1 199.0 52.4 198.6 51.8 198.2
   7 18 65  0.0
  72.5 321.4 72.4 321.3 72.3 321.1 72.2 321.0 72.1 320.9 72.0 320.7 71.9 320.3
  71.8 319.9 71.7 319.4 71.6 319.0 71.5 318.5 71.4 318.0 71.3 317.5 71.2 317.0
  71.2 316.5 71.1 316.1 71.1 315.7 71.0 315.4 71.0 315.1 71.0 314.8 71.1 314.6
  71.1 314.4 71.1 314.3 71.2 314.2 71.2 314.2 71.3 314.2 71.4 314.2 71.4 314.2
  71.4 314.3 71.4 314.3 71.4 314.3 71.3 314.4 71.2 314.5 71.1 314.6 71.0 314.6
  70.9 314.7 70.7 314.8 70.6 314.9 70.4 315.0 70.2 315.0 70.1 314.9 69.9 314.8
  69.8 314.8 69.6 314.7 69.5 314.6 69.3 314.5 69.2 314.3 69.1 314.1 68.9 313.9
  68.8 313.7 68.6 313.5 68.5 313.2 68.3 313.0 68.1 312.9 67.9 312.7 67.7 312.8
  67.5 312.8 67.2 312.9 67.0 312.9 66.7 313.0 66.4 313.0 66.1 313.1 65.7 313.1
  65.4 313.2 65.1 313.4 64.8 313.5 64.5 313.7 64.1 313.8 63.8 313.9 63.5 314.0
  63.2 314.1 62.9 314.2 62.6 314.2 62.3 314.3 62.0 314.3 61.8 314.4 61.5 314.3
  61.2 314.2 61.0 314.1 60.7 314.0 60.5 313.9 60.3 313.8 60.1 313.8 59.9 313.7
  59.7 313.5 59.5 313.3 59.3 313.1 59.1 312.9 58.9 312.8 58.6 312.7 58.4 312.6
  58.1 312.5 57.8 312.5 57.5 312.2 57.1 311.9 57.0 311.6 56.8 311.2 56.7 310.9
  56.5 310.5 56.4 310.2 56.2 309.8 56.1 309.5 55.9 309.2 55.8 308.5 55.6 307.9
  55.7 307.2 55.7 306.6 55.8 305.9 55.8 305.2 55.7 304.5 55.7 303.8 55.8 303.0
  56.0 302.2 56.1 301.3 56.3 300.7 56.5 300.1 56.7 299.4 57.1 298.7 57.5 298.0
  57.9 297.2 58.3 296.4 58.7 295.9 59.2 295.4 59.6 294.9 60.0 294.5 60.5 294.6
  60.8 294.8 61.1 295.0 61.4 295.2 61.6 295.5 61.8 295.8 61.9 296.2 61.8 296.5
  61.7 296.9 61.6 297.4 61.4 297.8 61.2 298.4 61.0 298.9 60.8 299.5 60.6 300.0
  60.1 300.6 59.6 301.2 59.0 301.5 58.4 301.7 57.8 302.0 57.1 301.8 56.4 301.5
  55.6 301.4 54.8 300.5 54.0 299.8 53.3 299.0 52.6 297.8 51.8 296.6 51.1 295.1
  50.7 293.4 50.3 291.8 50.1 290.1 49.8 288.5 49.5 286.5 49.4 284.6 49.3 282.8
  49.4 281.0 49.5 279.3 49.9 277.7 50.3 276.1 50.8 274.8 51.5 273.5 52.2 272.2
  53.0 271.2 53.7 270.3 54.6 269.4 55.4 269.1 56.3 268.7 57.0 268.8 57.7 268.8
  58.4 269.0 58.9 269.3 59.4 269.8 59.8 270.4 60.2 271.2 60.5 271.9 60.8 272.8
  60.9 273.8 61.0 274.9 61.1 276.1 60.9 277.4 60.7 278.6 60.4 279.8 60.0 280.8
  59.6 281.8 59.1 282.6 58.5 283.4 57.7 283.9 56.9 284.2 56.3 284.4 55.7 284.6
  55.1 284.4 54.5 284.1 53.9 283.9 53.2 283.2 52.5 282.5 51.8 281.7 51.2 280.5
  50.7 279.3 50.1 278.1 49.6 276.7 49.1 275.4 48.9 274.1 48.7 272.7 48.5 271.4
  48.6 270.1 48.6 268.9 48.7 267.6 48.8 266.4 48.9 265.1 49.0 263.9 49.1 262.6
  49.2 261.4 49.3 260.3 49.4 259.2 49.7 258.2 50.1 257.3 50.4 256.4 50.8 255.6
  51.2 254.9 51.7 254.3 52.2 253.7 52.7 253.1 53.2 252.5 53.8 251.9 54.1 251.3
  54.4 250.6 54.7 250.0 55.1 249.4 55.5 248.8 55.9 248.3 56.3 247.8 56.3 247.3
  56.3 246.7 56.4 246.2 56.4 245.7
   7 19 65  0.0
  72.5 321.4 72.3 320.8 72.2 320.3 72.0 319.8 71.8 319.3 71.7 318.5 71.5 317.7
  71.3 317.0 71.1 316.4 70.9 315.7 70.7 315.1 70.5 314.5 70.2 314.0 70.0 313.5
  69.7 312.9 69.5 312.3 69.3 311.7 69.0 311.2 68.8 310.7 68.6 310.2 68.4 309.6
  68.2 309.1 68.0 308.6 67.9 308.1 67.7 307.6 67.6 307.2 67.4 306.8 67.3 306.3
  67.2 305.9 67.0 305.4 66.9 305.0 66.8 304.5 66.6 304.0 66.5 303.6 66.4 303.1
  66.3 302.6 66.2 302.0 66.1 301.5 66.0 301.0 65.9 300.7 65.8 300.5 65.8 300.3
  65.7 300.0 65.7 299.8 65.7 299.6 65.7 299.4 65.7 299.2 65.7 299.0 65.7 298.8
  65.7 298.6 65.8 298.4 65.8 298.2 65.8 298.0 65.9 297.8 65.9 297.7 65.9 297.5
  66.0 297.3 66.0 297.1 66.0 296.9 66.0 296.8 66.1 296.6 66.1 296.4 66.1 296.3
  66.1 296.2 66.0 296.1 66.0 296.0 65.9 296.1 65.9 296.1 65.8 296.2 65.7 296.3
  65.6 296.5 65.5 296.7 65.3 296.9 65.2 297.1 65.0 297.4 64.9 297.7 64.8 297.9
  64.6 298.2 64.5 298.5 64.4 298.8 64.3 299.1 64.2 299.4 64.1 299.7 64.0 300.0
  63.9 300.3 63.8 300.5 63.7 300.7 63.6 301.0 63.5 301.2 63.4 301.5 63.3 301.8
  63.2 302.1 63.1 302.4 63.0 302.7 62.9 303.0 62.9 303.3 62.8 303.6 62.7 303.9
  62.6 304.2 62.4 304.4 62.2 304.7 62.0 304.9 61.8 305.1 61.6 305.1 61.4 305.0
  61.2 304.9 61.0 304.8 60.8 304.7 60.7 304.5 60.5 304.4 60.3 304.3 60.1 304.2
  60.0 304.1 59.9 304.1 59.9 303.8 59.9 303.5 60.1 303.2 60.3 303.4 60.5 303.5
  60.7 303.7 61.0 303.9 61.3 304.2 61.3 304.5 61.3 304.8 61.3 305.2 61.3 305.5
  61.2 305.9 61.2 306.3 61.1 306.8 61.1 307.2 61.0 307.6 60.9 308.1 60.6 308.6
  60.2 309.0 59.9 309.5 59.5 309.6 59.1 309.6 58.7 309.7 58.2 309.7 57.7 309.7
  57.2 309.1 56.7 308.4 56.1 307.7 55.9 306.9 55.6 305.7 55.3 304.4 55.0 303.2
  55.0 302.0 55.0 300.8 55.0 299.7 55.2 298.7 55.4 297.7 55.5 296.7 55.7 295.7
  56.0 294.8 56.4 294.1 56.7 293.5 57.0 292.9 57.3 292.3 57.6 291.8 57.9 291.3
  58.3 290.9 58.7 290.9 59.0 290.9 59.3 291.1 59.5 291.3 59.7 291.6 59.9 292.0
  59.8 292.5 59.7 293.1 59.5 293.7 59.3 294.3 59.1 294.9 58.9 295.4 58.6 296.0
  58.0 296.6 57.4 297.1 56.7 297.2 56.0 297.3 55.2 296.7 54.4 296.2 53.6 295.7
  53.0 294.5 52.4 293.4 51.8 292.3 51.2 290.7 50.7 289.2 50.3 287.6 50.0 286.0
  49.6 284.1 49.3 282.3 49.2 280.5 49.2 278.7 49.5 276.9 49.9 275.3 50.5 273.6
  51.1 272.2 51.7 270.9 52.6 269.7 53.5 268.8 54.5 268.0 55.5 267.7 56.2 267.4
  57.0 267.5 57.7 267.6 58.3 267.7 58.9 268.2 59.4 268.8 59.9 269.5 60.2 270.4
  60.6 271.5 60.9 272.7 60.9 274.1 60.8 275.6 60.7 277.1 60.3 278.5 59.8 279.8
  59.2 280.9 58.6 281.8 57.9 282.5 57.1 282.7 56.3 282.9 55.5 283.0 54.6 282.7
  53.8 282.4 53.1 281.5 52.4 280.7 51.8 279.7 51.2 278.4 50.5 277.1 50.0 275.7
  49.8 274.3 49.5 272.9 49.4 271.6 49.4 270.3 49.5 269.0 49.6 267.8 49.7 266.5
  49.8 265.3 49.9 264.0 49.9 262.8
   7 20 65  0.0
  72.5 321.4 72.3 321.4 72.1 321.4 72.0 321.3 71.8 321.7 71.6 321.9 71.5 322.0
  71.3 322.1 71.1 322.0 70.9 321.8 70.7 321.6 70.4 321.2 70.2 320.8 69.9 320.3
  69.7 320.1 69.5 319.9 69.2 319.5 68.9 319.2 68.7 318.8 68.4 318.3 68.1 317.9
  67.8 317.3 67.5 317.2 67.3 317.0 66.9 316.8 66.6 316.6 66.2 316.3 65.9 316.1
  65.5 316.2 65.1 316.3 64.7 316.3 64.4 316.3 63.9 316.3 63.6 316.5 63.1 316.7
  62.7 316.8 62.2 316.9 61.6 317.0 61.1 316.8 60.6 316.6 60.1 316.3 59.7 316.0
  59.3 315.1 58.6 314.2 58.0 313.4 57.4 312.1 56.8 310.8 55.9 309.7 55.0 308.4
  54.1 307.2 53.2 306.1 52.5 304.7 51.7 303.3 51.1 302.0 50.4 300.6 49.7 299.1
  49.2 297.8 48.6 296.4 48.0 294.8 47.7 293.2 47.5 291.7 47.3 290.3 47.2 288.9
  47.1 287.6 47.0 286.3 46.9 285.2 46.7 284.1 46.6 283.0 46.6 281.9 46.5 280.9
  46.5 279.9 46.6 278.9 46.8 278.0 46.9 277.0 47.1 276.1 47.2 275.3 47.4 274.4
  47.6 273.5 47.7 272.7 47.9 271.8 48.2 271.0 48.5 270.1 48.9 269.2 49.2 268.3
  49.6 267.5 50.0 266.7 50.5 266.0 51.0 265.3 51.4 264.5 51.9 263.8 52.2 263.1
  52.6 262.3 53.0 261.6 53.4 260.9 53.8 260.2 54.3 259.4 54.6 258.8 54.9 258.1
  55.3 257.4 55.6 256.8 56.0 256.1 56.4 255.5 56.6 254.8 56.8 254.2 57.1 253.5
  57.3 252.9 57.6 252.2 57.9 251.5 58.1 250.8 58.3 250.2 58.5 249.5 58.7 248.9
  59.0 248.3 59.2 247.7 59.4 247.1 59.5 246.6 59.7 246.0 59.9 245.5 60.1 245.0
  60.4 244.4 60.6 243.7 60.7 243.1 60.9 242.5 61.0 241.9 61.2 241.3 61.3 240.7
  61.5 240.2 61.8 239.6 61.9 239.1 61.9 238.6 62.1 238.1 62.2 237.4 62.3 236.7
  62.5 236.0 62.6 235.4 62.7 234.8 62.8 234.2 63.0 233.6 63.1 233.0 63.3 232.5
  63.4 231.9 63.5 231.4 63.6 230.9 63.7 230.4 63.8 229.9 63.9 229.4 64.1 228.9
  64.2 228.1 64.3 227.3 64.3 226.5 64.3 225.8 64.4 225.2 64.4 224.5 64.3 223.9
  64.2 223.3 64.1 222.8 63.9 222.3 63.7 222.2 63.6 222.1 63.4 222.0 63.2 221.9
  63.0 221.8 62.8 221.6 62.5 221.5 62.3 221.4 62.0 221.2 61.7 221.3 61.4 221.4
  61.1 221.5 60.8 221.5 60.4 221.6 60.1 221.7 59.7 221.8 59.4 222.0 59.0 222.3
  58.7 222.5 58.3 222.7 58.0 222.9 57.6 223.1 57.3 223.2 57.0 223.4 56.6 223.5
  56.3 223.6 55.9 223.7 55.5 223.7 55.2 223.8 54.9 223.8 54.5 223.9 54.2 223.9
  53.8 224.0 53.5 224.0 53.4 224.1 53.3 224.1 53.3 224.2 53.2 224.2 53.2 224.3
  53.2 224.3 53.2 224.3 53.2 224.3 53.2 224.3 53.2 224.3 53.2 224.2 53.3 224.2
  53.4 224.1 53.4 224.0 53.5 223.9 53.3 223.8 53.1 223.7 53.0 223.7 52.8 223.6
  52.7 223.6 52.6 223.6 52.4 223.6 52.3 223.6 52.2 223.6 52.1 223.7 52.0 223.8
  51.9 223.9 51.8 224.0 52.1 224.1 52.4 224.3 52.7 224.4 53.0 224.5 53.3 224.6
  53.6 224.7 53.9 224.9 54.1 225.0 54.4 225.2 54.7 225.3 54.9 225.4 55.2 225.6
  55.4 225.8 55.7 226.1 55.9 226.4 56.2 226.7 56.4 226.9 56.7 227.1 56.9 227.3
  57.2 227.6 57.5 227.8 57.7 228.2
   7 21 65  0.0
  72.5 321.4 72.2 321.4 71.9 321.5 71.7 321.9 71.4 322.3 71.2 322.7 71.0 323.1
  70.7 323.6 70.5 324.0 70.2 324.5 69.9 325.0 69.7 325.7 69.4 326.5 69.2 327.2
  68.9 328.0 68.6 328.8 68.3 329.7 68.0 330.5 67.7 331.2 67.4 332.1 67.1 333.0
  66.7 333.8 66.3 334.5 65.9 335.3 65.5 335.7 65.1 336.1 64.7 336.4 64.2 336.7
  63.7 336.9 63.3 336.8 62.9 336.6 62.5 336.5 62.1 336.3 61.7 336.2 61.3 335.7
  60.9 335.3 60.5 334.9 60.1 334.4 59.7 334.0 59.3 333.4 59.1 332.8 58.8 332.2
  58.6 331.6 58.3 331.0 58.1 330.3 57.8 329.7 57.6 328.8 57.4 327.8 57.1 326.8
  56.8 325.8 56.5 324.8 56.2 323.8 55.8 322.7 55.4 321.4 55.1 320.1 54.8 318.8
  54.4 317.4 53.9 315.9 53.4 314.5 52.9 313.0 52.4 311.5 51.8 310.0 51.3 308.8
  50.8 307.5 50.3 306.2 49.8 304.9 49.4 303.8 49.0 302.6 48.7 301.4 48.3 300.2
  47.9 298.9 47.6 298.0 47.3 297.1 46.9 296.1 46.6 295.1 46.4 294.0 46.3 292.8
  46.1 291.7 45.9 290.4 45.8 289.5 45.7 288.6 45.5 287.7 45.4 286.8 45.2 285.8
  45.1 284.9 44.9 284.0 44.7 283.1 44.6 282.3 44.5 281.4 44.4 280.6 44.3 279.7
  44.4 278.9 44.4 278.1 44.5 277.2 44.6 276.4 44.6 275.6 44.8 274.9 45.0 274.1
  45.1 273.3 45.2 272.5 45.4 271.8 45.7 271.0 45.9 270.3 46.2 269.5 46.5 268.7
  46.8 267.9 47.2 267.1 47.6 266.3 48.0 265.5 48.4 264.7 48.8 263.9 49.2 263.2
  49.5 262.4 49.8 261.7 50.1 261.0 50.4 260.3 50.7 259.6 50.9 258.9 51.2 258.3
  51.4 257.6 51.7 256.8 51.9 256.1 52.2 255.4 52.3 254.8 52.4 254.2 52.6 253.6
  52.7 253.0 52.8 252.5 53.0 251.9 53.0 251.4 53.0 250.8 53.1 250.3 53.1 249.8
  53.1 249.4 53.2 248.9 53.2 248.4 53.3 247.9 53.2 247.4 53.1 246.9 53.1 246.4
  53.0 246.0 53.0 245.5 52.9 245.0 52.9 244.5 52.8 244.0 52.8 243.5 52.6 243.1
  52.4 242.7 52.2 242.3 52.0 241.9 51.8 241.4 51.6 240.9 51.4 240.5 51.2 240.1
  51.0 239.7 50.7 239.3 50.3 239.0 49.9 238.7 49.6 238.3 49.2 237.9 48.9 237.5
  48.5 237.1 48.2 236.7 47.9 236.3 47.7 235.9 47.3 235.5 47.0 235.0 46.7 234.6
  46.4 234.2 46.1 233.8 45.8 233.4 45.5 233.0 45.2 232.6 45.0 232.3 44.8 231.9
  44.5 231.5 44.2 231.1 43.9 230.7 43.7 230.4 43.5 230.0 43.3 229.7 43.2 229.3
  43.0 229.0 42.9 228.6 42.7 228.2 42.6 227.8 42.5 227.4 42.3 227.0 42.2 226.6
  42.1 226.2 42.0 225.8 41.9 225.3 41.9 225.0 41.8 224.7 41.8 224.3 41.7 224.0
  41.7 223.6 41.7 223.3 41.6 222.9 41.6 222.6 41.5 222.2 41.5 221.8 41.4 221.4
  41.4 221.0 41.3 220.5 41.2 220.0 41.3 219.4 41.3 218.9 41.3 218.3 41.3 217.8
  41.3 217.3 41.3 216.7 41.2 216.2 41.2 215.7 41.3 215.2 41.3 214.7 41.3 214.3
  41.3 213.8 41.4 213.4 41.4 213.0 41.4 212.7 41.5 212.3 41.5 211.9 41.7 211.6
  41.9 211.2 42.0 210.9 42.2 210.3 42.4 209.8 42.6 209.2 42.8 208.7 42.9 208.2
  43.1 207.6 43.3 207.0 43.5 206.5 43.7 205.9 43.8 205.3 44.0 204.7 44.2 203.9
  44.3 203.1 44.5 202.3 44.6 201.4
   7 22 65  0.0
  72.5 321.4 72.2 320.0 71.9 318.6 71.6 317.5 71.4 316.4 71.2 315.2 71.0 314.0
  70.8 312.8 70.7 311.5 70.6 310.1 70.5 308.7 70.5 307.2 70.4 305.7 70.4 304.1
  70.4 302.4 70.3 300.7 70.2 298.9 70.2 297.1 70.1 295.3 70.0 293.4 70.0 291.5
  69.9 289.5 69.9 287.5 69.8 285.5 69.7 283.5 69.6 281.6 69.5 279.8 69.3 278.1
  69.1 276.5 68.9 275.0 68.7 273.5 68.5 272.2 68.3 270.8 68.1 269.5 67.8 268.3
  67.6 267.5 67.3 266.8 67.0 266.1 66.6 265.5 66.3 264.9 65.9 264.3 65.6 264.2
  65.2 264.0 64.8 263.9 64.5 263.7 64.1 263.5 63.6 263.4 63.2 263.5 62.7 263.6
  62.1 263.8 61.6 263.9 61.0 263.9 60.4 264.0 59.8 264.0 59.3 263.8 58.7 263.6
  58.1 263.4 57.4 263.2 56.9 262.8 56.3 262.4 55.7 262.1 55.2 261.5 54.8 261.0
  54.4 260.5 54.1 260.0 53.6 259.4 53.2 258.8 52.9 258.2 52.6 257.5 52.3 256.9
  52.0 256.2 51.8 255.5 51.3 254.7 50.9 254.0 50.5 253.2 50.1 252.3 49.8 251.4
  49.4 250.7 49.0 249.9 48.6 249.1 48.2 248.2 47.9 247.3 47.5 246.6 47.1 245.8
  46.7 244.9 46.4 243.9 46.0 242.9 45.6 242.1 45.2 241.2 44.9 240.3 44.5 239.3
  44.2 238.3 43.9 237.2 43.5 236.4 43.2 235.6 42.9 234.7 42.5 233.7 42.2 232.7
  41.8 231.7 41.7 231.2 41.6 230.7 41.4 230.2 41.3 229.7 41.1 229.2 40.9 228.7
  40.7 228.2 40.5 227.6 40.6 227.0 40.7 226.5 40.8 225.9 40.9 225.4 41.0 224.9
  41.1 224.4 41.1 224.0 41.3 223.5 41.4 223.1 41.5 222.8 41.6 222.4 41.6 222.1
  41.6 221.8 41.5 221.4 41.4 221.0 41.2 220.7 41.1 220.3 40.9 219.9 40.8 219.4
  40.8 219.0 40.7 218.5 40.7 218.0 40.7 217.5 40.6 217.0 40.6 216.5 40.7 216.0
  40.9 215.5 41.1 215.0 41.2 214.5 41.4 214.1 41.5 213.7 41.7 213.3 41.8 212.9
  41.9 212.5 41.9 212.2 42.0 211.8 42.0 211.4 42.1 210.9 42.1 210.3 42.2 209.7
  42.2 209.2 42.2 208.6 42.3 208.0 42.3 207.4 42.4 206.8 42.4 206.2 42.4 205.6
  42.5 205.0 42.5 204.4 42.5 203.9 42.7 203.3 42.8 202.8 43.0 202.2 43.1 201.7
  43.3 201.2 43.4 200.6 43.5 200.1 43.7 199.6 44.0 199.1 44.3 198.5 44.6 198.1
  45.0 197.8 45.3 197.4 45.7 197.0 46.1 196.6 46.5 196.3 46.9 196.0 47.3 195.7
  47.7 195.3 48.0 194.8 48.4 194.5 48.8 194.2 49.2 193.9 49.6 193.6 49.9 193.2
  50.3 192.8 50.7 192.6 51.1 192.3 51.4 192.1 51.8 191.8 52.0 191.5 52.3 191.3
  52.6 191.1 52.8 190.8 53.1 190.6 53.4 190.4 53.6 190.2 53.9 190.0 54.1 189.8
  54.3 189.5 54.5 189.3 54.7 189.0 54.9 188.8 55.0 188.6 55.1 188.4 55.3 188.2
  55.4 188.1 55.5 188.0 55.5 187.9 55.6 187.9 55.7 187.8 55.7 187.7 55.7 187.7
  55.8 187.6 55.8 187.5 55.8 187.5 55.9 187.4 55.9 187.4 55.9 187.4 56.0 187.4
  56.0 187.4 56.0 187.3 56.0 187.3 56.0 187.3 56.0 187.2 56.0 187.2 56.0 187.1
  56.0 187.0 56.0 187.0 56.0 186.9 56.0 186.8 56.0 186.7 56.0 186.6 56.0 186.5
  55.9 186.3 55.8 186.2 55.7 186.1 55.6 186.0 55.4 185.9 55.3 185.8 55.1 185.7
  54.8 185.6 54.6 185.6 54.3 185.5
   7 23 65  0.0
  72.5 321.4 72.4 319.7 72.2 318.1 72.0 316.5 71.8 314.9 71.6 313.7 71.4 312.4
  71.2 311.0 71.0 309.6 70.8 308.0 70.6 306.4 70.4 304.6 70.3 302.7 70.0 300.7
  69.8 298.6 69.6 296.8 69.4 295.0 69.1 293.2 68.9 291.3 68.7 289.5 68.5 287.8
  68.2 286.1 67.9 284.5 67.7 283.5 67.4 282.5 67.0 281.5 66.7 280.6 66.4 279.6
  66.0 278.7 65.6 277.8 65.2 277.0 64.8 276.2 64.4 275.4 64.0 274.7 63.6 274.0
  63.2 273.2 62.8 272.5 62.4 271.8 62.1 271.2 61.8 270.5 61.5 269.6 61.2 268.7
  60.9 267.7 60.7 266.7 60.5 265.8 60.3 264.8 60.1 263.7 59.9 262.7 59.7 261.7
  59.5 260.6 59.3 259.6 59.1 258.6 58.9 257.6 58.7 256.6 58.5 255.7 58.3 254.8
  58.2 253.9 58.1 253.1 57.9 252.3 57.8 251.2 57.7 250.2 57.7 249.2 57.7 248.4
  57.7 247.5 57.7 246.8 57.8 246.0 57.8 245.3 57.9 244.7 58.0 244.0 58.0 243.4
  58.1 243.1 58.2 242.8 58.3 242.5 58.4 242.2 58.5 242.0 58.6 241.7 58.7 241.5
  58.8 241.3 58.9 241.1 59.1 241.0 59.2 240.8 59.4 240.7 59.5 240.6 59.7 240.4
  59.8 240.3 60.0 240.2 60.1 240.1 60.2 240.5 60.4 240.8 60.4 241.2 60.5 241.5
  60.6 241.9 60.6 242.2 60.7 242.6 60.7 243.0 60.7 243.3 60.7 243.7 60.7 244.1
  60.4 244.5 60.2 244.8 59.9 245.2 59.6 245.4 59.3 245.6 58.9 245.8 58.6 246.0
  58.2 246.2 57.8 246.4 57.4 246.3 57.0 246.3 56.5 246.3 56.0 246.2 55.5 245.9
  55.0 245.5 54.5 245.2 54.0 244.8 53.5 244.4 53.1 244.0 52.6 243.5 52.0 243.1
  51.5 242.7 50.9 242.3 50.3 241.9 49.7 241.5 49.1 240.8 48.6 240.2 48.1 239.5
  47.5 238.8 46.9 237.9 46.4 237.0 45.9 236.1 45.5 235.3 45.0 234.4 44.5 233.5
  44.0 232.6 43.6 231.6 43.3 230.8 43.1 230.0 42.9 229.2 42.7 228.4 42.5 227.5
  42.6 226.7 42.6 225.9 42.6 225.1 42.6 224.3 42.6 223.4 42.5 222.6 42.3 221.7
  42.2 220.9 42.0 220.1 41.8 219.3 41.8 218.8 41.7 218.4 41.7 217.9 41.6 217.4
  41.6 216.9 41.6 216.4 41.7 215.9 41.9 215.3 42.1 214.9 42.4 214.3 42.6 213.7
  42.8 213.2 42.9 212.6 43.1 212.1 43.2 211.6 43.4 211.1 43.5 210.6 43.7 210.1
  43.8 209.5 43.9 209.0 44.0 208.5 44.1 208.0 44.2 207.3 44.3 206.7 44.5 206.0
  44.6 205.4 44.8 204.8 44.9 204.2 45.1 203.6 45.3 203.1 45.6 202.5 45.8 202.0
  46.1 201.4 46.3 201.0 46.6 200.6 46.9 200.2 47.1 199.8 47.5 199.5 47.8 199.2
  48.2 198.9 48.6 198.6 49.0 198.4 49.4 198.3 49.9 198.1 50.3 198.0 50.8 197.7
  51.2 197.4 51.7 197.1 52.1 196.8 52.6 196.5 53.1 196.1 53.5 195.8 53.8 195.5
  54.1 195.2 54.3 194.7 54.6 194.2 54.8 193.7 55.0 193.1 55.3 192.6 55.5 192.1
  55.6 191.5 55.7 191.0 55.8 190.5 55.8 190.0 55.9 189.5 56.0 189.0 56.1 188.5
  56.1 187.8 56.2 187.0 56.2 186.2 56.2 185.4 56.2 184.5 56.2 183.6 56.3 182.6
  56.3 181.6 56.4 180.4 56.4 179.2 56.5 177.9 56.6 176.5 56.7 175.0 57.0 173.5
  57.2 171.9 57.4 170.4 57.6 168.9 57.8 167.5 57.9 166.1 58.1 164.7 58.3 163.0
  58.4 161.4 58.6 159.9 58.7 158.4
   7 24 65  0.0
  72.5 321.4 72.8 320.0 73.1 318.5 73.4 317.0 73.7 315.5 74.0 314.0 74.2 312.5
  74.6 310.9 74.9 309.2 75.2 307.5 75.5 305.8 75.9 304.0 76.2 302.2 76.6 300.5
  77.0 298.8 77.4 297.3 77.7 295.9 78.1 294.6 78.5 293.1 78.9 291.5 79.3 289.9
  79.6 288.3 79.9 286.6 80.2 284.8 80.5 281.9 80.8 278.6 81.1 275.2 81.3 271.8
  81.6 268.2 81.8 264.5 82.0 260.6 82.1 256.7 82.3 252.6 82.4 248.6 82.4 244.7
  82.4 241.1 82.3 237.7 82.2 234.8 81.9 232.0 81.7 229.5 81.4 227.3 81.1 225.5
  80.7 223.9 80.2 222.6 79.6 221.4 79.0 220.9 78.4 220.5 77.7 220.1 77.1 220.1
  76.4 220.0 75.7 220.0 74.9 220.0 74.3 220.1 73.7 220.1 73.1 220.1 72.6 220.1
  72.0 220.2 71.5 220.2 71.0 220.1 70.5 220.0 70.0 220.0 69.5 220.0 68.9 219.9
  68.4 219.9 67.9 219.9 67.5 220.0 67.1 220.1 66.7 220.2 66.3 220.3 65.9 220.3
  65.5 220.4 65.1 220.5 64.8 220.5 64.4 220.6 64.1 220.6 63.7 220.7 63.4 220.7
  63.1 220.8 62.8 220.8 62.6 220.9 62.3 221.0 62.1 221.1 61.9 221.3 61.7 221.4
  61.6 221.6 61.4 221.8 61.3 222.0 61.1 222.3 61.0 222.6 60.9 222.9 60.8 223.2
  60.7 223.5 60.5 223.9 60.4 224.3 60.3 224.7 60.2 225.1 60.1 225.5 60.0 225.9
  59.9 226.4 59.8 226.7 59.7 227.0 59.6 227.3 59.4 227.5 59.3 227.7 59.2 228.0
  59.0 228.1 59.0 228.3 59.0 228.4 59.0 228.6 59.0 228.7 59.0 228.8 59.0 228.9
  59.0 229.0 59.0 229.1 59.1 229.2 59.1 229.3 59.1 229.3 59.2 229.4 59.2 229.5
  59.3 229.6 59.3 229.7 59.4 229.8 59.5 229.9 59.5 230.0 59.6 230.0 59.6 230.1
  59.7 230.2 59.7 230.3 59.8 230.4 59.8 230.4 59.8 230.5 59.9 230.6 59.9 230.7
  59.9 230.7 59.9 230.8 60.0 230.9 60.0 231.1 60.0 231.2 60.0 231.5 60.0 231.8
  60.0 232.1 60.0 232.4 60.0 232.8 60.0 233.0 59.9 233.3 59.9 233.6 59.8 233.9
  59.8 234.2 59.7 234.5 59.7 234.8 59.6 235.0 59.5 235.3 59.5 235.6 59.4 235.9
  59.3 236.1 59.2 236.4 59.0 236.6 58.8 236.9 58.7 237.1 58.5 237.3 58.3 237.5
  58.2 237.7 58.0 237.9 57.9 238.1 57.7 237.9 57.6 237.7 57.5 237.5 57.3 237.4
  57.2 237.2 57.1 237.0 57.0 236.8 56.9 236.7 56.8 236.5 56.7 236.4 56.6 236.2
  56.5 236.1 56.4 235.9 56.2 235.8 56.1 235.7 56.0 235.5 55.9 235.4 55.8 235.0
  55.7 234.6 55.6 234.2 55.5 233.8 55.4 233.5 55.2 233.1 55.1 232.8 55.0 232.5
  54.9 232.2 54.8 231.9 54.6 231.6 54.5 231.3 54.4 231.0 54.2 230.7 54.1 230.5
  53.9 230.3 53.7 229.7 53.5 229.2 53.3 228.7 53.1 228.2 52.9 227.8 52.6 227.4
  52.4 226.9 52.2 226.5 52.0 226.1 51.8 225.7 51.6 225.0 51.4 224.3 51.2 223.7
  51.0 223.0 50.9 222.4 50.7 221.7 50.6 221.1 50.4 220.5 50.3 219.8 50.3 219.2
  50.2 218.5 50.2 217.7 50.1 217.0 50.0 216.1 49.9 215.2 49.7 214.1 49.5 213.1
  49.2 212.1 49.0 211.1 48.8 210.2 48.6 209.2 48.4 208.4 48.2 207.5 48.3 206.7
  48.3 206.0 48.3 205.3 48.4 204.6 48.4 204.0 48.5 203.4 48.7 202.8 48.8 202.2
  48.8 201.6 48.9 201.0 48.9 200.4
   7 25 65  0.0
  72.5 321.4 73.2 321.2 73.8 321.0 74.4 320.8 75.0 320.6 75.6 320.4 76.1 320.2
  76.6 319.8 77.1 319.4 77.6 319.0 78.0 318.5 78.5 317.3 78.9 316.0 79.3 314.5
  79.7 313.0 80.1 311.3 80.6 309.0 81.0 306.5 81.5 303.8 81.9 300.9 82.3 297.7
  82.8 294.1 83.2 289.9 83.6 285.4 83.9 280.3 84.2 274.8 84.4 269.3 84.7 263.4
  84.8 257.2 84.9 250.8 84.9 244.4 84.9 238.0 84.7 232.1 84.6 226.8 84.3 222.2
  83.9 218.3 83.7 215.4 83.4 212.9 83.1 210.7 82.7 208.8 82.4 207.1 82.0 205.5
  81.6 204.1 81.3 203.2 81.0 202.4 80.6 201.6 80.2 201.0 79.8 200.4 79.4 200.1
  78.9 199.9 78.5 199.8 78.0 199.8 77.5 199.9 77.0 200.2 76.5 200.4 75.9 200.7
  75.3 200.9 74.7 201.1 74.1 201.3 73.5 201.5 72.9 201.4 72.3 201.2 71.7 201.0
  71.2 200.6 70.7 200.2 70.1 199.8 69.6 199.3 69.1 198.7 68.7 198.0 68.2 197.4
  67.7 196.7 67.3 196.1 66.9 195.4 66.5 194.7 66.2 194.0 65.9 193.3 65.6 192.6
  65.4 191.9 65.2 191.2 65.1 190.5 65.0 189.7 64.9 188.9 64.8 188.2 64.7 187.3
  64.7 186.5 64.7 185.7 64.8 185.0 64.8 184.2 64.8 183.4 65.0 182.7 65.1 182.0
  65.3 181.3 65.5 180.7 65.7 180.1 65.9 179.6 66.4 179.1 66.9 178.5 67.4 178.0
  67.9 177.5 68.5 177.0 69.0 176.5 69.6 176.2 70.1 175.9 70.9 175.8 71.6 175.8
  72.3 175.9 73.0 176.2 73.6 176.7 74.1 177.2 74.8 177.9 75.3 178.7 75.8 179.5
  76.3 180.5 76.6 181.1 77.0 181.8 77.3 182.5 77.6 183.2 77.9 184.0 78.2 184.7
  78.4 184.7 78.6 184.6 78.8 184.4 79.0 184.3 79.2 184.2 79.5 184.1 79.7 184.1
  80.0 184.0 80.3 184.0 80.8 183.0 81.2 182.1 81.7 181.1 82.3 180.1 83.0 177.7
  83.7 175.0 84.3 171.8 85.1 167.1 85.7 161.0 86.2 152.9 86.8 143.8 87.1 132.4
  87.3 119.3 87.2 106.8 87.0  96.5 86.7  88.8 86.4  83.3 85.9  79.4 85.6  79.0
  85.2  78.7 84.8  78.3 84.3  77.9 83.7  77.5 83.3  77.1 82.7  76.7 82.1  76.3
  81.4  75.9 80.8  75.4 80.2  75.0 79.6  74.6 79.1  74.2 78.5  73.8 77.9  73.4
  77.3  73.1 76.8  72.8 76.2  72.5 75.6  72.3 75.0  72.1 74.5  72.0 73.9  71.8
  73.4  71.8 72.8  71.8 72.4  71.7 71.9  71.7 71.6  71.8 71.2  71.9 70.9  72.0
  70.6  72.1 70.3  72.2 70.0  72.4 69.8  72.5 69.5  72.7 69.3  72.9 69.0  73.2
  68.8  73.4 68.6  73.7 68.4  74.0 68.2  74.3 68.0  74.6 67.9  74.9 67.7  75.3
  67.6  75.7 67.5  76.0 67.3  76.4 67.0  76.8 66.8  77.2 66.6  77.6 66.4  78.0
  66.2  78.4 65.9  78.9 65.7  79.2 65.5  79.5 65.3  79.8 65.1  80.1 64.8  80.9
  64.4  81.7 64.1  82.4 63.8  83.2 63.5  83.6 63.1  84.1 62.7  84.5 62.2  85.0
  61.7  85.4 61.2  85.7 60.7  86.0 60.2  86.3 59.7  86.6 59.3  86.8 58.8  87.0
  58.4  87.2 58.0  87.4 57.7  87.6 57.4  87.6 57.1  87.6 56.8  87.5 56.6  87.4
  56.4  87.3 56.2  87.1 56.1  86.9 56.0  86.7 55.9  86.3 55.8  85.8 55.7  85.4
  55.6  84.9 55.5  84.4 55.4  83.8 55.4  83.3 55.4  82.7 55.5  82.1 55.5  81.5
  55.5  80.8 55.5  80.2 55.5  79.5
   7 26 65  0.0
  72.5 321.4 73.0 321.2 73.4 321.0 73.9 320.8 74.4 320.6 74.9 320.3 75.5 319.9
  75.9 319.5 76.3 319.0 76.8 318.0 77.2 316.9 77.7 315.7 78.0 314.4 78.4 312.4
  78.9 310.2 79.2 307.9 79.5 305.4 79.8 302.8 80.0 300.0 80.2 297.2 80.5 293.8
  80.7 290.3 80.8 286.7 80.9 283.0 81.0 279.3 81.0 275.6 81.0 271.9 81.0 268.2
  81.0 264.6 80.9 261.1 80.8 257.7 80.7 254.4 80.5 251.4 80.2 248.5 80.0 245.8
  79.7 243.3 79.5 241.5 79.2 239.8 78.8 238.3 78.5 237.0 78.1 235.8 77.7 234.8
  77.3 234.2 76.9 233.7 76.5 233.3 76.1 232.9 75.6 232.6 75.2 232.6 74.8 232.5
  74.4 232.6 73.9 232.6 73.4 232.5 73.0 232.5 72.5 232.5 72.1 232.5 71.6 232.6
  71.1 232.6 70.7 232.7 70.3 232.8 69.8 233.0 69.4 233.1 69.0 233.3 68.6 233.5
  68.2 233.8 67.9 234.0 67.6 234.4 67.3 234.7 67.0 235.1 66.8 235.5 66.5 235.9
  66.2 236.4 66.0 236.9 65.8 237.4 65.6 237.9 65.5 238.3 65.3 238.7 65.1 239.1
  64.9 239.5 64.8 239.9 64.6 240.3 64.6 240.7 64.6 241.1 64.6 241.5 64.6 241.9
  64.6 242.3 64.6 242.7 64.7 243.1 64.7 243.4 64.8 243.7 64.8 244.1 65.0 244.3
  65.2 244.6 65.4 244.8 65.6 245.0 65.8 245.2 66.0 245.4 66.2 245.5 66.4 245.8
  66.6 246.1 66.8 246.4 66.9 246.6 67.1 246.8 67.3 247.0 67.5 247.1 67.7 247.3
  67.9 247.4 68.0 247.4 68.2 247.7 68.4 247.9 68.6 248.2 68.9 248.4 69.1 248.6
  69.4 248.8 69.7 249.0 70.0 249.1 70.2 249.3 70.6 249.4 70.9 249.4 71.2 249.5
  71.5 249.5 71.8 249.4 72.2 249.3 72.5 248.9 72.9 248.5 73.2 248.0 73.5 247.4
  73.8 246.8 74.1 246.2 74.4 245.2 74.8 244.2 75.1 243.2 75.4 242.1 75.7 241.0
  76.0 239.8 76.2 238.5 76.5 236.9 76.8 235.2 77.1 233.5 77.4 231.7 77.7 229.9
  77.9 227.9 78.1 225.9 78.4 223.7 78.6 221.5 78.8 219.2 79.0 216.9 79.2 214.5
  79.4 212.2 79.5 209.8 79.6 207.4 79.7 205.2 79.8 203.1 79.8 201.1 79.9 199.4
  80.1 197.7 80.2 196.1 80.4 194.6 80.7 193.2 80.9 191.8 81.3 190.6 81.7 189.4
  82.1 188.3 82.7 186.9 83.3 185.3 83.9 183.6 84.5 181.8 85.2 179.3 85.8 176.3
  86.3 172.4 87.0 168.0 87.5 161.5 87.9 151.8 88.1 137.7 88.3 118.5 88.2  98.3
  88.1  82.9 87.9  73.1 87.8  72.9 87.6  72.6 87.3  72.3 87.0  72.1 86.7  71.8
  86.2  71.5 85.7  71.2 85.3  70.9 84.8  70.6 84.2  70.3 83.4  70.0 82.7  69.8
  82.0  69.5 81.2  69.3 80.5  69.0 79.6  68.8 78.8  68.5 78.0  68.3 77.3  68.1
  76.6  67.9 75.9  67.7 75.3  67.6 74.8  67.5 74.3  67.4 73.8  67.3 73.4  67.3
  73.0  67.3 72.6  67.3 72.3  67.4 72.0  67.4 71.7  67.5 71.5  67.6 71.2  67.7
  71.0  67.9 70.8  68.0 70.6  68.2 70.4  68.4 70.3  68.6 70.1  68.9 70.0  69.1
  69.8  69.5 69.7  69.8 69.6  70.1 69.5  70.5 69.4  70.8 69.2  71.2 69.1  71.6
  69.0  72.0 68.9  72.4 68.7  72.8 68.5  73.2 68.3  73.7 68.1  74.1 68.0  74.5
  67.8  74.9 67.6  75.3 67.5  75.7 67.4  76.1 67.1  76.5 66.8  76.9 66.6  77.3
  66.3  77.7 66.0  78.1 65.7  78.4
   7 27 65  0.0
  72.5 321.4 72.8 321.2 73.1 321.0 73.5 320.8 73.8 320.6 74.1 320.4 74.5 319.9
  74.7 319.5 74.9 319.0 75.2 318.5 75.4 318.0 75.7 317.5 75.9 317.0 76.2 316.5
  76.5 315.5 76.6 314.6 76.8 313.5 77.0 312.4 77.2 311.2 77.3 310.0 77.4 308.7
  77.5 307.5 77.6 306.2 77.6 304.9 77.6 303.6 77.6 302.3 77.6 301.1 77.6 299.8
  77.5 298.5 77.5 297.2 77.5 295.9 77.4 294.6 77.4 293.3 77.3 292.1 77.4 290.8
  77.3 289.6 77.3 288.4 77.3 287.3 77.3 286.1 77.3 284.9 77.3 283.8 77.3 282.6
  77.2 281.5 77.2 280.4 77.2 279.3 77.1 278.2 77.1 277.1 77.1 276.1 77.1 275.1
  77.1 274.0 77.1 273.0 77.1 272.0 77.1 270.9 77.0 269.8 77.0 268.7 77.0 267.6
  77.0 266.5 77.0 265.3 77.0 264.2 77.0 263.0 77.0 261.9 77.0 260.7 77.0 259.5
  77.0 258.3 76.9 257.2 76.9 256.0 76.8 254.9 76.7 253.7 76.7 252.6 76.6 251.5
  76.4 250.5 76.2 249.4 76.1 248.4 75.9 247.5 75.7 247.0 75.5 246.6 75.3 246.2
  75.1 245.7 74.9 245.3 74.7 244.9 74.5 244.5 74.4 244.1 74.2 243.7 74.0 243.3
  73.7 243.2 73.5 243.1 73.3 243.0 73.0 242.9 72.8 242.8 72.5 242.8 72.3 242.7
  72.0 242.6 71.7 242.6 71.5 243.0 71.3 243.5 71.1 244.0 70.9 244.5 70.8 245.0
  70.8 245.5 70.7 246.0 70.7 246.5 70.7 247.0 70.7 247.5 70.7 248.0 70.8 248.5
  71.0 249.0 71.2 249.6 71.4 250.1 71.6 250.7 71.7 251.3 71.9 252.0 72.1 252.7
  72.4 253.0 72.7 253.4 72.9 253.8 73.2 254.3 73.5 254.8 73.7 255.3 74.0 255.8
  74.3 255.4 74.6 255.0 74.9 254.6 75.2 254.1 75.5 253.7 75.9 253.2 76.2 252.7
  76.6 251.7 76.8 250.6 77.1 249.5 77.4 248.4 77.7 247.3 77.9 246.2 78.1 245.2
  78.4 243.4 78.5 241.5 78.7 239.6 78.7 237.6 78.7 235.6 78.6 233.6 78.6 231.6
  78.4 229.5 78.3 227.4 78.0 225.4 77.8 224.0 77.6 222.6 77.3 221.3 77.0 220.1
  76.8 218.9 76.4 217.8 76.0 216.9 75.6 216.1 75.3 215.4 74.9 214.7 74.4 214.0
  74.0 213.4 73.5 212.8 73.2 212.5 72.8 212.3 72.4 212.1 72.0 211.9 71.5 211.9
  71.0 211.9 70.5 211.9 70.0 211.9 69.5 211.9 69.0 211.9 68.5 211.9 68.1 211.9
  67.6 211.9 67.1 211.8 66.7 211.7 66.3 211.7 65.9 211.6 65.6 211.6 65.3 211.6
  65.0 211.6 64.7 211.7 64.4 211.8 64.2 211.9 63.9 212.0 63.8 212.3 63.6 212.5
  63.4 212.8 63.3 213.1 63.1 213.4 62.9 213.7 62.7 213.9 62.5 214.2 62.3 214.4
  62.1 214.7 61.9 214.9 61.7 215.1 61.4 215.3 61.1 215.6 60.9 215.8 60.7 215.9
  60.4 216.1 60.3 216.2 60.1 216.3 59.9 216.3 59.8 216.2 59.7 216.0 59.6 215.9
  59.4 215.7 59.2 215.4 59.1 215.2 58.9 214.9 58.7 214.6 58.6 214.3 58.5 214.0
  58.4 213.6 58.2 213.3 58.1 212.9 58.1 212.4 58.0 212.0 57.8 211.2 57.6 210.4
  57.5 209.6 57.3 208.7 57.2 207.9 56.9 207.0 56.7 206.2 56.5 205.4 56.3 204.6
  56.1 203.8 55.8 203.0 55.6 202.0 55.3 201.0 55.0 200.1 54.8 199.2 54.5 198.3
  54.3 197.4 53.9 196.4 53.6 195.4 53.2 194.3 52.8 193.3 52.3 192.4 51.8 191.5
  51.3 190.4 50.9 189.3 50.5 188.2
   7 28 65  0.0
  72.5 321.4 72.7 320.8 72.9 320.1 73.1 319.4 73.3 318.7 73.4 317.9 73.6 317.1
  73.8 316.3 73.9 315.4 74.0 314.5 74.1 313.3 74.2 312.1 74.4 310.8 74.4 309.5
  74.4 308.2 74.4 306.9 74.4 305.6 74.3 304.2 74.2 302.9 74.1 301.6 74.1 300.3
  74.0 299.1 73.9 298.3 73.9 297.6 73.8 296.9 73.8 296.2 73.8 295.5 73.8 294.8
  73.7 294.0 73.7 293.3 73.6 292.5 73.6 291.8 73.5 291.0 73.5 290.2 73.4 289.3
  73.3 288.5 73.3 287.6 73.2 286.8 73.1 285.9 73.1 285.1 73.0 284.2 73.0 283.4
  72.9 282.7 72.9 281.9 72.8 281.2 72.7 280.5 72.7 279.8 72.7 279.1 72.6 278.5
  72.6 277.9 72.6 277.4 72.6 276.9 72.6 276.5 72.5 276.1 72.5 275.8 72.5 275.6
  72.4 275.4 72.4 275.3 72.4 275.3 72.3 275.4 72.3 275.5 72.2 275.8 72.2 276.0
  72.1 276.3 72.0 276.6 72.0 277.0 71.9 277.9 71.8 278.7 71.8 279.6 71.7 280.5
  71.6 281.4 71.5 282.3 71.3 283.1 71.2 284.0 71.1 284.8 71.0 285.6 70.9 286.4
  70.7 287.2 70.6 287.9 70.5 288.5 70.5 289.2 70.5 289.8 70.4 290.3 70.4 290.9
  70.4 291.3 70.5 291.8 70.5 292.2 70.6 292.6 70.7 293.0 70.8 293.4 70.9 293.8
  71.1 294.1 71.2 294.4 71.3 294.7 71.4 295.0 71.6 295.2 71.7 295.5 71.8 295.7
  72.0 295.9 72.1 296.0 72.2 295.6 72.4 295.2 72.5 294.8 72.6 294.3 72.7 293.8
  72.8 293.3 72.9 292.8 73.0 292.3 73.1 291.8 73.1 291.2 73.1 290.7 73.1 290.2
  73.2 289.8 73.2 289.5 73.2 289.2 73.2 288.9 73.2 288.7 73.2 288.6 73.2 288.4
  73.2 288.3 73.2 288.2 73.2 288.2 73.2 288.1 73.2 287.9 73.3 287.7 73.3 287.4
  73.4 287.2 73.5 286.8 73.7 286.5 73.8 286.1 74.0 285.6 74.2 285.2 74.4 285.2
  74.7 285.3 75.0 285.3 75.3 285.2 75.6 285.1 76.0 284.9 76.3 284.7 76.8 285.0
  77.2 285.3 77.5 285.6 77.9 286.0 78.3 286.4 78.7 287.1 79.1 287.9 79.4 288.8
  79.6 289.8 79.8 290.9 79.9 292.2 79.9 293.4 79.9 294.8 79.9 296.2 79.8 297.6
  79.7 298.9 79.5 300.2 79.3 301.4 79.0 302.5 78.7 303.5 78.4 304.3 78.0 304.9
  77.6 305.5 77.3 305.6 76.9 305.7 76.5 305.7 76.2 305.6 75.8 305.5 75.5 304.9
  75.2 304.4 74.8 303.8 74.6 303.2 74.3 302.7 74.1 302.1 73.8 301.6 73.6 300.7
  73.3 299.9 73.2 299.0 73.0 298.2 72.9 297.3 72.7 296.5 72.6 295.7 72.5 294.8
  72.5 293.9 72.4 292.9 72.3 291.9 72.3 290.9 72.2 289.9 72.2 288.8 72.1 287.6
  72.1 286.5 72.1 285.3 72.1 284.0 72.2 282.7 72.2 281.3 72.2 279.8 72.4 278.2
  72.5 276.5 72.7 274.6 72.9 272.7 73.0 270.6 73.2 268.5 73.4 266.1 73.6 263.7
  73.9 261.3 74.1 258.7 74.4 256.7 74.6 254.7 75.0 252.5 75.3 250.3 75.6 247.9
  75.9 245.5 76.2 243.0 76.5 240.8 76.8 238.5 77.1 236.1 77.4 233.7 77.7 231.1
  77.9 228.5 78.1 225.8 78.2 223.3 78.3 220.8 78.4 218.3 78.5 215.7 78.6 213.1
  78.6 210.6 78.7 208.1 78.8 205.7 78.8 203.5 78.9 201.4 79.0 199.5 79.1 197.8
  79.3 196.2 79.4 194.9 79.6 193.7 79.9 192.6 80.1 191.6 80.6 191.0 81.1 190.4
  81.5 189.9 82.0 189.3 82.5 188.9
   7 29 65  0.0
  72.5 321.4 72.7 320.3 72.9 319.2 73.0 318.1 73.2 316.9 73.3 315.8 73.3 314.6
  73.3 313.4 73.4 312.2 73.4 310.9 73.4 309.7 73.4 308.4 73.4 307.1 73.3 305.7
  73.2 304.2 73.1 302.6 72.9 301.0 72.7 299.4 72.6 297.8 72.4 296.1 72.2 294.3
  72.1 292.4 71.9 290.4 71.8 288.7 71.7 286.8 71.6 284.7 71.5 282.6 71.4 280.3
  71.3 277.8 71.2 275.2 71.0 272.5 70.9 269.7 70.8 266.6 70.7 263.5 70.7 260.3
  70.7 257.0 70.8 253.8 70.9 250.6 71.2 247.7 71.5 245.0 71.9 242.6 72.2 240.4
  72.5 237.4 72.8 234.6 73.1 232.0 73.3 229.4 73.6 226.8 73.9 224.2 74.3 221.7
  74.7 217.9 75.2 214.3 75.7 210.8 76.2 207.7 76.8 204.0 77.4 200.7 78.0 197.7
  78.8 194.5 79.6 191.6 80.3 188.8 81.3 185.3 82.0 181.6 82.6 177.7 83.2 171.9
  83.6 165.5 84.0 158.7 84.2 152.0 84.5 144.2 84.5 136.9 84.5 130.2 84.5 124.0
  84.4 118.3 84.2 113.1 84.0 108.4 83.8 104.1 83.6 100.9 83.4  98.2 83.2  95.8
  82.9  93.7 82.7  91.8 82.4  90.2 82.1  88.7 81.9  87.3 81.6  86.6 81.4  85.9
  81.2  85.3 81.0  84.6 80.7  84.0 80.4  83.3 80.2  82.5 79.9  81.7 79.6  81.4
  79.3  81.0 79.1  80.7 78.8  80.3 78.4  79.9 78.1  79.8 77.8  79.7 77.4  79.8
  77.1  79.9 76.8  80.0 76.5  80.1 76.1  80.5 75.8  80.8 75.5  81.7 75.2  82.5
  74.8  83.2 74.5  83.9 74.2  84.5 73.9  85.2 73.6  85.9 73.4  86.5 73.1  87.2
  72.8  87.7 72.4  88.2 72.2  88.7 71.9  89.1 71.7  89.4 71.4  89.7 71.2  89.9
  70.9  90.1 70.6  90.3 70.2  90.5 69.9  90.7 69.5  90.7 69.2  90.8 68.8  90.8
  68.4  91.0 67.9  91.1 67.5  90.8 67.1  90.6 66.6  90.3 66.2  90.1 65.7  89.9
  65.3  89.4 64.9  88.9 64.4  88.4 64.1  88.0 63.6  87.6 63.1  87.0 62.7  86.5
  62.3  86.1 61.9  85.7 61.5  85.1 61.2  84.5 60.9  84.0 60.4  83.5 59.9  83.0
  59.5  82.3 59.0  81.7 58.5  81.1 58.1  80.5 57.7  79.9 57.1  79.5 56.5  79.1
  55.9  78.8 55.3  78.4 54.8  78.0 54.3  77.5 53.8  77.1 53.4  76.7 53.0  76.3
  52.6  75.8 51.9  75.4 51.3  75.0 50.8  74.5 50.3  74.0 49.8  73.5 49.4  73.1
  48.9  72.6 48.6  72.1 48.2  71.6 47.7  71.1 47.3  70.8 47.0  70.4 46.7  70.1
  46.4  69.7 46.2  69.4 46.0  69.0 45.9  68.6 45.8  68.3 45.7  68.0 45.4  67.7
  45.2  67.3 44.9  67.0 44.7  66.7 44.5  66.3 44.3  65.9 44.1  65.6 44.0  65.2
  43.8  64.9 43.7  64.7 43.6  64.5 43.4  64.2 43.3  64.0 43.2  63.8 43.1  63.5
  43.0  63.3 42.9  63.0 42.8  62.7 42.8  62.5 42.7  62.2 42.7  61.9 42.6  61.6
  42.6  61.3 42.6  61.1 42.5  60.8 42.5  60.5 42.5  60.3 42.5  60.0 42.4  59.8
  42.4  59.6 42.3  59.3 42.3  59.1 42.3  58.8 42.3  58.6 42.3  58.3 42.4  58.1
  42.5  57.9 42.5  57.7 42.6  57.4 42.7  57.2 42.7  56.9 42.8  56.7 42.9  56.5
  42.9  56.2 42.9  56.0 43.1  55.7 43.2  55.5 43.3  55.2 43.4  55.0 43.5  54.7
  43.6  54.4 43.7  54.1 43.7  53.8 43.8  53.5 43.8  53.2 43.8  52.8 43.8  52.5
  43.7  52.1 43.7  51.7 43.7  51.3
   7 30 65  0.0
  72.5 321.4 72.4 321.4 72.3 321.4 72.2 321.4 72.1 321.3 72.1 321.2 72.1 321.0
  72.0 320.8 72.1 320.6 72.1 320.3 72.1 320.0 72.1 319.6 72.2 319.1 72.2 318.6
  72.2 318.0 72.3 317.4 72.4 316.6 72.4 315.8 72.4 314.9 72.4 313.9 72.4 312.9
  72.4 311.8 72.3 310.6 72.2 309.5 72.2 308.3 72.1 307.0 72.1 305.8 72.0 304.4
  71.9 303.3 71.8 302.0 71.8 300.8 71.7 299.4 71.6 298.0 71.6 296.4 71.5 294.8
  71.4 293.0 71.4 291.2 71.3 289.1 71.3 287.0 71.2 284.8 71.1 282.4 71.0 279.9
  70.9 277.3 70.8 274.6 70.7 271.7 70.7 268.8 70.6 265.7 70.6 262.6 70.7 259.6
  70.8 256.5 70.9 253.4 71.0 250.5 71.1 247.6 71.3 244.9 71.5 242.3 71.8 240.0
  72.0 237.8 72.3 235.2 72.6 232.8 72.9 230.4 73.2 228.1 73.5 225.9 73.7 223.7
  74.0 221.7 74.3 219.7 74.7 216.8 75.1 213.9 75.5 211.0 75.9 208.2 76.4 205.5
  77.0 201.9 77.6 198.3 78.1 194.8 78.8 190.8 79.4 187.1 80.0 183.7 80.7 180.0
  81.3 176.2 81.9 172.3 82.4 168.3 83.0 162.6 83.3 156.7 83.5 151.0 83.5 145.9
  83.5 141.2 83.3 136.7 83.2 132.5 83.0 128.4 82.8 124.6 82.6 121.0 82.4 117.6
  82.1 114.4 81.7 111.5 81.4 109.1 81.1 107.0 80.8 105.0 80.4 103.1 80.0 101.5
  79.6  99.9 79.2  98.5 78.8  97.2 78.4  96.1 77.9  95.1 77.5  94.0 77.0  93.1
  76.6  92.3 76.1  91.5 75.6  90.8 75.1  90.5 74.5  90.1 74.0  89.9 73.5  90.0
  72.9  90.2 72.3  90.3 71.7  90.4 71.1  90.7 70.4  90.9 69.7  91.1 69.1  91.2
  68.4  91.3 67.6  91.3 66.9  91.1 66.1  90.9 65.3  90.7 64.6  90.3 63.8  90.0
  63.1  89.6 62.4  89.1 61.6  88.7 60.9  88.2 60.3  87.7 59.5  87.2 58.9  86.7
  58.2  86.1 57.6  85.4 57.1  84.7 56.5  83.9 56.0  83.0 55.5  82.2 55.0  81.2
  54.5  80.3 54.0  79.2 53.5  78.6 53.1  77.9 52.6  77.2 52.1  76.4 51.6  75.7
  51.3  75.0 50.9  74.3 50.6  73.6 50.3  72.9 49.9  72.2 49.6  71.5 49.4  70.8
  49.2  70.2 49.1  69.5 48.9  68.7 48.7  68.0 48.5  67.2 48.3  66.4 48.1  65.6
  47.8  64.8 47.6  64.1 47.3  63.4 47.0  62.6 46.7  61.8 46.4  61.0 46.1  60.2
  45.8  59.4 45.6  58.6 45.5  57.8 45.4  57.1 45.2  56.4 45.1  55.6 45.1  54.9
  45.1  54.2 45.1  53.5 45.1  52.8 45.1  52.2 45.1  51.5 45.2  50.9 45.2  50.3
  45.3  49.7 45.4  49.1 45.6  48.6 45.7  48.0 45.8  47.5 46.1  47.0 46.3  46.4
  46.6  45.8 46.9  45.3 47.2  44.8 47.6  44.3 48.0  43.8 48.3  43.4 48.7  42.9
  49.1  42.5 49.6  42.1 50.0  41.7 50.6  41.4 51.1  41.1 51.7  40.8 52.3  40.5
  52.9  40.3 53.6  40.0 54.2  39.7 54.8  39.5 55.5  39.3 56.1  39.1 56.8  39.1
  57.5  39.1 58.2  39.0 58.9  39.1 59.5  39.2 60.1  39.4 60.7  39.5 61.2  39.7
  61.6  39.9 62.0  40.1 62.6  40.2 63.1  40.2 63.6  40.3 64.0  40.4 64.5  40.3
  64.9  40.1 65.3  40.0 65.7  39.8 66.1  39.7 66.5  39.3 66.9  38.9 67.3  38.6
  67.7  38.2 68.1  37.9 68.4  37.4 68.8  37.0 69.1  36.6 69.5  36.2 69.8  35.8
  70.2  35.4 70.5  35.0 70.9  34.7
   7 31 65  0.0
  72.5 321.4 72.5 322.0 72.4 322.5 72.4 323.1 72.3 323.6 72.3 324.2 72.3 324.7
  72.2 325.3 72.2 325.8 72.2 326.4 72.1 327.0 72.1 327.5 72.0 328.1 72.0 328.7
  71.9 329.3 71.9 329.8 71.9 330.3 71.8 330.8 71.8 331.3 71.8 331.9 71.7 332.4
  71.7 333.0 71.7 333.6 71.6 334.3 71.6 335.0 71.5 335.9 71.5 336.7 71.5 337.6
  71.4 338.4 71.4 339.3 71.4 340.1 71.4 341.0 71.4 341.9 71.4 342.8 71.4 343.7
  71.4 344.6 71.3 345.6 71.2 346.7 71.2 347.9 71.1 349.3 70.9 350.6 70.6 352.0
  70.4 353.3 70.1 354.7 69.7 356.0 69.3 357.0 68.9 358.0 68.5 359.0 68.1 360.0
  67.7   0.9 67.3   1.2 66.9   1.5 66.6   1.8 66.2   2.1 65.9   2.4 65.6   2.6
  65.3   2.7 65.0   2.9 64.7   3.1 64.4   3.2 64.1   3.4 63.8   3.5 63.5   3.4
  63.2   3.3 63.0   3.2 62.8   3.1 62.7   3.0 62.5   2.9 62.4   2.8 62.4   2.7
  62.3   2.5 62.3   2.4 62.2   2.3 62.2   2.1 62.2   2.0 62.2   1.8 62.2   1.6
  62.2   1.4 62.2   1.2 62.2   1.0 62.1   0.7 62.1   0.5 62.1   0.2 62.0 359.9
  62.1 359.2 62.1 358.5 62.1 357.8 62.2 357.0 62.2 356.3 62.1 355.6 62.3 354.9
  62.4 354.2 62.5 353.5 62.6 352.8 62.7 352.0 62.7 351.3 63.0 350.5 63.2 349.6
  63.4 348.7 63.6 347.8 63.9 346.8 64.3 345.8 64.6 345.1 65.0 344.3 65.4 343.5
  65.9 342.8 66.4 342.0 66.9 341.6 67.5 341.1 68.0 340.7 68.4 340.2 68.9 340.1
  69.4 339.9 69.9 339.7 70.4 339.5 71.0 339.5 71.5 339.5 72.1 339.4 72.6 339.4
  73.2 339.5 73.8 339.5 74.3 339.5 75.0 339.6 75.6 339.6 76.2 339.7 76.8 339.9
  77.4 340.2 78.0 340.4 78.5 340.6 79.0 340.7 79.5 340.7 79.9 340.7 80.3 340.5
  80.7 340.0 81.1 339.5 81.4 338.8 81.7 338.1 82.0 337.3 82.3 335.9 82.6 334.1
  82.9 332.1 83.2 329.9 83.4 327.3 83.6 324.4 83.8 321.2 84.0 317.6 84.3 314.3
  84.6 310.7 84.9 306.7 85.1 302.4 85.4 297.6 85.6 292.2 85.8 286.4 85.9 280.0
  86.1 273.1 86.4 269.4 86.6 265.3 86.9 260.8 87.1 255.4 87.3 249.1 87.4 241.9
  87.5 234.1 87.6 225.9 87.6 217.4 87.6 209.0 87.6 200.7 87.6 192.6 87.6 184.7
  87.6 176.3 87.6 167.1 87.6 157.0 87.6 145.9 87.5 134.3 87.3 122.7 87.1 112.1
  86.7 103.0 86.1  96.2 85.4  91.3 84.8  84.6 84.1  79.4 83.3  78.9 82.6  78.3
  81.9  77.7 81.2  77.1 80.5  76.5 79.8  75.9 79.2  75.3 78.6  74.7 77.9  74.2
  77.3  73.7 76.7  73.3 76.2  72.8 75.7  72.3 75.3  71.9 74.8  71.5 74.3  71.1
  73.8  70.8 73.3  70.8 72.9  70.7 72.5  70.7 72.1  70.6 71.7  70.6 71.3  70.7
  70.9  70.9 70.5  71.0 70.1  71.1 69.7  71.2 69.3  71.5 68.9  71.7 68.5  71.9
  68.1  72.1 67.8  72.2 67.5  72.5 67.2  72.7 66.9  72.9 66.7  73.1 66.4  73.2
  66.1  73.4 65.9  73.6 65.6  73.7 65.4  73.9 65.1  74.1 64.9  74.2 64.6  74.3
  64.4  74.5 64.1  74.6 63.9  74.7 63.6  74.7 63.4  74.8 63.2  74.8 63.0  74.8
  62.7  74.8 62.5  74.9 62.3  74.9 62.1  74.9 61.9  75.0 61.7  74.9 61.5  74.9
  61.3  74.8 61.1  74.8 60.9  74.8
