  11  1 52  0.0
  72.5 321.4 72.0 321.3 71.5 321.3 71.1 321.7 70.6 322.2 70.1 322.6 69.6 323.0
  69.1 324.1 68.7 325.1 68.3 326.2 67.9 327.4 67.6 328.5 67.2 329.7 66.8 330.9
  66.5 332.1 66.1 333.1 65.7 334.0 65.4 334.1 65.1 334.1 64.8 334.1 64.5 334.0
  64.3 333.9 64.0 333.8 63.8 333.5 63.6 332.6 63.5 331.7 63.2 330.8 63.0 330.0
  62.7 329.3 62.4 328.6 62.2 328.0 61.7 327.4 61.2 326.4 60.7 325.6 60.1 324.9
  59.4 324.2 58.7 323.1 57.8 322.1 56.9 320.8 55.9 319.6 54.9 318.1 53.8 316.8
  52.7 315.3 51.6 313.9 50.5 312.4 49.6 310.9 48.6 309.5 47.7 308.2 46.8 307.0
  46.0 305.8 45.2 304.7 44.4 303.6 43.8 302.4 43.1 301.2 42.4 300.1 41.7 298.9
  40.9 297.6 40.1 296.3 39.2 295.0 38.2 293.6 37.2 292.0 36.1 290.3 35.2 288.6
  34.4 286.8 34.1 285.1 33.8 283.3 34.0 281.6 34.1 280.0 34.3 278.5 34.7 277.0
  35.0 275.7 35.6 274.3 36.1 273.0 36.7 271.8 37.5 270.6 38.4 269.4 39.3 268.4
  40.3 267.5 41.4 266.8 42.5 266.2 43.6 265.7 44.7 265.2 45.9 264.7 46.9 264.2
  48.0 263.6 48.8 263.1 49.6 262.6 50.4 262.0 51.1 261.5 51.9 261.0 52.5 260.5
  53.2 260.0 53.7 259.4 54.1 258.9 54.6 258.4 55.1 257.9 55.5 257.4 56.0 256.9
  56.4 256.3 56.9 255.9 57.4 255.4 57.9 254.9 58.4 254.4 58.9 253.8 59.4 253.3
  59.9 252.7 60.4 252.0 60.9 251.4 61.3 250.8 61.8 250.1 62.2 249.4 62.6 248.5
  63.1 247.7 63.5 246.8 63.9 245.8 64.3 244.8 64.8 243.7 65.2 242.6 65.6 241.4
  66.1 240.1 66.6 238.9 67.0 237.6 67.4 236.2 67.8 234.8 68.1 233.3 68.4 231.9
  68.6 230.5 68.7 229.1 68.9 227.6 68.9 226.1 68.9 224.6 68.9 223.1 68.8 221.7
  68.6 220.2 68.4 218.8 68.1 217.4 67.7 216.2 67.4 214.9 66.9 213.8 66.5 212.7
  66.0 211.6 65.4 210.7 64.8 209.7 64.2 208.9 63.5 208.0 62.9 207.3 62.1 206.5
  61.3 205.9 60.5 205.2 59.6 204.5 58.8 203.7 58.1 202.9 57.3 202.1 56.6 201.1
  55.9 200.2 55.2 199.0 54.7 197.8 54.1 196.5 53.6 195.2 53.3 193.8 53.1 192.4
  52.9 191.1 52.7 189.8 52.6 188.5 52.4 187.2 52.2 186.0 52.0 184.7 51.7 183.3
  51.3 181.9 50.8 180.5 50.3 179.0 49.8 177.5 49.3 176.0 48.7 174.5 48.3 173.0
  47.8 171.5 47.6 170.1 47.3 168.8 47.1 167.4 46.9 166.1 46.8 164.8 46.7 163.5
  46.5 162.1 46.3 160.7 46.1 159.4 45.9 157.9 45.6 156.6 45.3 155.3 45.0 153.9
  44.6 152.6 44.3 151.2 43.9 149.8 43.5 148.5 43.2 147.1 42.9 145.8 42.6 144.4
  42.4 143.1 42.2 141.8 42.0 140.6 41.8 139.3 41.7 138.1 41.5 136.9 41.4 135.7
  41.2 134.6 41.0 133.5 40.8 132.5 40.7 131.4 40.5 130.4 40.3 129.4 40.2 128.4
  40.0 127.4 40.0 126.5 40.0 125.5 39.9 124.5 39.9 123.5 39.9 122.6 40.0 121.6
  40.0 120.7 40.0 119.8 40.1 118.9 40.2 118.0 40.3 117.1 40.4 116.2 40.4 115.2
  40.6 114.3 40.7 113.4 40.8 112.4 40.8 111.4 40.9 110.4 41.0 109.4 41.1 108.4
  41.1 107.3 41.2 106.3 41.3 105.4 41.3 104.4 41.4 103.5 41.5 102.6 41.6 101.7
  41.7 100.9 41.8 100.1 41.9  99.2
  11  2 52  0.0
  72.5 321.4 72.1 321.4 71.7 321.4 71.3 321.5 70.8 321.6 70.4 321.7 69.9 321.8
  69.5 321.8 69.0 321.9 68.4 322.0 67.9 322.0 67.3 322.1 66.7 322.2 66.0 322.3
  65.3 322.7 64.6 323.1 63.9 323.5 63.2 323.7 62.5 323.9 61.8 324.0 61.1 323.7
  60.5 323.2 59.9 322.8 59.3 321.6 58.8 320.4 58.2 319.2 57.7 318.0 57.3 316.3
  56.8 314.7 56.3 313.1 55.7 311.6 55.1 310.0 54.5 308.4 53.9 306.8 53.5 305.1
  53.1 303.3 53.1 301.6 53.0 299.8 53.2 298.0 53.5 296.1 53.7 294.2 54.0 292.4
  54.3 290.5 54.5 288.8 54.8 287.0 55.0 285.2 55.2 283.3 55.4 281.4 55.6 279.4
  56.0 277.4 56.5 275.8 57.1 274.1 57.8 272.4 58.5 270.7 59.2 269.4 59.9 267.9
  60.5 266.3 61.1 265.1 61.7 263.8 62.2 262.4 62.8 261.1 63.4 259.8 64.0 258.4
  64.6 256.9 65.2 255.5 65.9 254.1 66.6 252.7 67.3 251.4 68.0 250.0 68.7 248.9
  69.4 247.8 70.0 246.6 70.5 245.4 71.1 244.7 71.6 244.1 72.2 243.3 72.6 243.5
  73.1 243.6 73.5 243.8 73.9 243.9 74.3 244.0 74.7 244.8 75.2 245.6 75.6 246.5
  76.0 247.4 76.3 248.3 76.8 249.6 77.1 251.0 77.5 252.3 77.8 253.7 78.2 255.1
  78.5 256.4 78.9 257.7 79.2 259.1 79.5 260.4 79.8 261.7 80.1 263.1 80.4 264.2
  80.7 265.3 81.0 266.4 81.3 267.6 81.6 268.8 81.8 270.1 82.0 271.4 82.3 272.5
  82.5 273.6 82.7 274.9 82.9 276.3 83.1 277.7 83.3 279.3 83.4 280.8 83.5 282.4
  83.6 284.0 83.7 285.6 83.7 287.1 83.8 288.6 83.8 290.0 83.8 291.4 83.8 292.6
  83.8 293.7 83.8 294.8 83.7 295.7 83.7 296.5 83.6 297.2 83.6 297.8 83.5 298.3
  83.5 298.7 83.4 299.0 83.3 299.2 83.2 299.3 83.2 299.4 83.1 299.3 83.0 299.1
  82.9 298.9 82.8 298.7 82.7 298.4 82.6 298.1 82.5 297.7 82.4 297.3 82.3 296.9
  82.2 296.5 82.1 296.0 82.0 295.5 81.9 295.0 81.8 294.9 81.8 294.9 81.7 294.8
  81.6 294.6 81.5 294.5 81.4 294.3 81.3 294.1 81.3 293.8 81.2 293.6 81.1 293.3
  81.0 293.0 80.9 292.7 80.8 292.4 80.7 292.1 80.6 291.8 80.5 291.5 80.3 291.3
  80.2 291.2 80.0 291.0 79.9 290.9 79.8 291.2 79.6 291.5 79.5 291.8 79.3 292.1
  79.2 292.3 79.0 292.6 78.8 292.9 78.6 293.2 78.4 293.4 78.2 293.7 77.9 294.0
  77.7 294.3 77.5 294.6 77.3 294.9 77.1 295.1 76.8 295.4 76.6 295.6 76.3 295.9
  76.0 296.1 75.7 296.2 75.4 296.4 75.2 296.5 74.9 296.6 74.6 296.7 74.3 296.7
  74.0 296.8 73.7 296.9 73.4 296.9 73.2 297.0 72.9 297.0 72.6 297.1 72.3 297.1
  72.0 297.1 71.7 297.3 71.5 297.4 71.2 297.6 70.9 297.7 70.6 297.8 70.3 297.9
  70.0 298.0 69.7 298.1 69.5 298.4 69.2 298.6 69.0 298.7 68.7 298.9 68.5 299.0
  68.2 299.1 68.0 299.1 67.8 299.2 67.6 299.2 67.4 299.3 67.2 299.3 67.1 299.3
  66.9 299.3 66.8 299.2 66.7 299.1 66.5 299.0 66.4 298.8 66.4 298.7 66.3 298.4
  66.2 298.2 66.2 297.9 66.1 297.6 66.1 297.2 66.1 296.8 66.1 296.4 66.1 295.9
  66.1 295.5 66.0 295.1 66.0 294.8 65.9 294.5 65.8 294.2 65.8 293.9 65.7 293.6
  65.6 293.4 65.5 293.2 65.4 293.0
  11  3 52  0.0
  72.5 321.4 72.2 321.6 71.8 321.7 71.5 322.0 71.2 322.4 70.9 322.7 70.6 323.0
  70.3 323.3 70.0 323.6 69.7 323.9 69.5 324.3 69.3 324.8 69.0 325.3 68.8 325.8
  68.6 326.3 68.4 326.8 68.2 327.3 67.9 327.7 67.7 328.0 67.4 328.2 67.1 328.4
  66.8 328.6 66.5 328.7 66.1 328.9 65.7 329.0 65.4 328.9 64.9 328.8 64.5 328.8
  64.0 328.7 63.5 328.5 62.9 328.3 62.3 328.2 61.6 328.1 60.9 327.6 60.1 327.2
  59.2 326.8 58.4 325.9 57.6 324.9 56.9 323.5 56.5 322.1 56.0 320.5 55.6 318.9
  55.3 317.2 55.0 315.5 54.6 313.8 54.2 312.2 53.8 310.6 53.3 308.9 52.9 307.2
  52.6 305.4 52.2 303.7 52.2 302.0 52.1 300.2 52.1 298.5 52.3 296.8 52.5 295.0
  52.7 293.1 53.0 291.3 53.2 289.4 53.5 287.5 53.8 285.6 54.0 283.6 54.3 281.8
  54.5 280.1 54.8 278.3 55.1 276.6 55.4 275.0 55.8 273.5 56.3 272.0 56.8 270.7
  57.4 269.4 57.9 268.0 58.4 266.6 58.8 265.3 59.3 263.9 59.7 262.4 60.1 261.0
  60.6 259.6 60.9 258.2 61.3 256.9 61.8 255.6 62.2 254.3 62.7 253.0 63.2 251.8
  63.7 250.7 64.3 249.6 64.8 248.4 65.4 247.2 65.9 246.0 66.4 244.9 66.9 243.6
  67.3 242.3 67.7 241.1 68.1 239.8 68.4 238.6 68.7 237.4 69.0 236.2 69.3 235.0
  69.5 233.7 69.7 232.5 70.0 231.4 70.1 230.2 70.3 229.4 70.5 228.7 70.6 227.9
  70.7 227.1 70.8 226.3 71.0 225.6 71.1 224.8 71.2 224.0 71.3 223.2 71.3 222.5
  71.4 221.7 71.5 221.0 71.6 220.3 71.7 219.6 71.7 218.8 71.8 218.1 71.9 217.5
  71.9 216.8 72.0 216.1 72.1 215.7 72.2 215.3 72.2 214.9 72.3 214.5 72.4 214.0
  72.4 213.5 72.5 213.0 72.6 212.5 72.6 211.9 72.7 211.3 72.7 210.7 72.7 210.1
  72.8 209.4 72.8 208.8 72.7 208.2 72.7 207.6 72.6 207.1 72.6 206.6 72.5 206.1
  72.3 205.6 72.2 205.2 72.0 204.8 71.9 204.4 71.7 204.0 71.5 203.7 71.3 203.5
  71.1 203.2 70.8 203.0 70.6 202.8 70.3 202.6 70.0 202.5 69.7 202.4 69.4 202.2
  69.1 202.0 68.8 201.9 68.4 201.7 68.1 201.6 67.7 201.5 67.4 200.9 67.0 200.4
  66.6 199.9 66.3 199.4 66.0 198.9 65.6 198.1 65.3 197.4 64.9 196.7 64.5 196.0
  64.1 195.4 63.7 194.8 63.3 193.9 62.9 193.1 62.6 192.3 62.2 191.4 61.8 190.6
  61.5 189.5 61.2 188.4 60.9 187.2 60.6 185.9 60.3 184.6 60.0 183.2 59.7 181.7
  59.5 180.2 59.2 178.9 59.0 177.5 58.7 176.3 58.5 175.1 58.3 173.9 58.2 172.9
  58.0 171.9 57.8 171.0 57.6 170.1 57.5 169.3 57.3 168.5 57.0 167.8 56.8 167.1
  56.5 166.5 56.2 165.9 55.9 165.3 55.6 164.7 55.3 164.1 55.0 163.4 54.7 162.8
  54.3 162.2 54.0 161.5 53.7 160.8 53.4 159.9 53.1 159.1 52.8 158.2 52.5 157.3
  52.2 156.4 51.9 155.6 51.5 154.4 51.2 153.4 50.8 152.4 50.4 151.4 50.0 150.5
  49.6 149.7 49.1 148.6 48.7 147.6 48.3 146.7 47.8 145.8 47.3 144.7 46.8 143.7
  46.5 142.7 46.2 141.7 45.8 140.7 45.4 139.4 45.2 138.2 44.9 137.0 44.7 135.9
  44.8 134.9 44.9 133.9 44.9 132.9 45.0 132.1 45.0 131.2 45.4 130.3 45.7 129.5
  46.0 128.6 46.2 127.7 46.5 126.6
  11  4 52  0.0
  72.5 321.4 72.1 321.8 71.7 322.2 71.3 322.5 70.9 322.8 70.6 323.1 70.2 323.4
  69.8 323.7 69.4 324.3 69.3 324.8 69.2 325.5 69.1 326.3 69.1 327.1 69.0 328.0
  69.1 329.0 69.1 330.0 69.1 331.1 69.1 332.1 69.1 333.1 69.0 334.2 68.9 335.2
  68.9 336.3 68.7 337.3 68.5 338.3 68.3 339.2 68.1 340.1 67.8 341.0 67.4 341.6
  67.1 342.2 66.7 342.7 66.4 343.2 66.0 343.8 65.6 343.6 65.1 343.4 64.7 343.3
  64.2 343.3 63.7 343.2 63.3 342.6 62.8 342.0 62.4 341.4 61.9 340.8 61.5 339.5
  61.2 338.3 60.9 337.1 60.6 336.0 60.3 334.9 59.9 333.9 59.5 332.4 59.1 331.0
  58.6 329.7 58.1 328.5 57.5 327.3 57.0 325.8 56.5 324.3 55.9 322.8 55.5 321.3
  55.2 319.6 55.0 318.0 54.8 316.3 54.6 314.6 54.4 313.0 54.1 311.4 53.7 309.9
  53.4 308.1 53.0 306.3 52.7 304.5 52.5 302.8 52.4 301.1 52.4 299.4 52.5 297.8
  52.6 296.2 52.8 294.6 52.9 292.9 53.1 291.3 53.3 289.7 53.5 288.0 53.8 286.4
  54.0 284.7 54.2 282.9 54.5 281.2 54.7 279.5 55.0 277.9 55.2 276.4 55.5 275.0
  55.8 273.7 56.2 272.5 56.6 271.5 57.0 270.4 57.5 269.4 57.9 268.2 58.4 267.1
  58.8 266.0 59.2 264.7 59.6 263.5 59.9 262.2 60.2 260.9 60.5 259.6 60.8 258.2
  61.1 256.9 61.4 255.6 61.8 254.3 62.1 253.1 62.6 251.9 63.0 250.7 63.5 249.6
  64.0 248.5 64.5 247.5 64.9 246.3 65.4 245.2 65.8 244.2 66.3 243.1 66.7 241.9
  67.1 240.6 67.5 239.4 67.7 238.1 67.9 236.9 68.2 235.7 68.4 234.6 68.5 233.4
  68.7 232.3 68.9 231.2 69.0 230.2 69.1 229.1 69.2 228.1 69.3 227.1 69.4 226.1
  69.4 225.1 69.5 224.1 69.5 223.2 69.5 222.3 69.5 221.4 69.5 220.5 69.5 219.6
  69.5 218.8 69.4 218.0 69.4 217.2 69.3 216.5 69.3 215.7 69.2 215.0 69.1 214.4
  69.0 213.7 69.0 213.1 68.9 212.6 68.8 212.0 68.7 211.4 68.6 210.9 68.5 210.4
  68.3 209.9 68.2 209.5 68.1 209.0 67.9 208.6 67.8 208.4 67.6 208.1 67.4 207.9
  67.2 207.6 67.0 207.4 66.8 207.1 66.5 206.9 66.3 206.6 66.0 206.3 65.6 206.3
  65.3 206.2 65.0 206.1 64.6 206.0 64.1 205.8 63.7 205.6 63.2 205.4 62.8 205.2
  62.3 204.9 61.8 204.6 61.3 204.2 60.9 203.8 60.4 203.4 59.9 202.8 59.4 202.6
  58.9 202.3 58.5 202.0 58.0 201.7 57.6 201.3 57.3 201.1 57.0 200.8 56.7 200.6
  56.4 200.3 56.1 199.9 55.6 199.6 55.2 199.2 54.8 198.8 54.4 198.3 54.0 197.8
  53.7 197.3 53.4 196.6 53.2 195.8 52.8 195.0 52.5 194.2 52.2 193.3 51.9 192.5
  51.7 191.4 51.4 190.2 51.1 189.1 50.9 187.8 50.5 186.6 50.1 185.4 49.9 184.1
  49.6 182.6 49.2 181.1 48.7 179.7 48.3 178.3 47.8 176.9 47.4 175.4 46.6 174.0
  45.9 172.7 45.1 171.3 44.2 170.0 43.2 168.6 42.4 167.1 41.7 165.5 41.2 163.9
  40.8 162.3 40.5 160.7 40.1 159.1 39.9 157.6 39.7 156.3 39.4 155.0 39.1 153.7
  38.8 152.4 38.4 151.1 37.8 149.7 37.2 148.5 36.6 147.2 36.0 145.9 35.5 144.4
  34.9 143.0 34.8 141.6 34.6 140.1 34.5 138.5 34.5 137.0 34.5 135.5 34.5 134.0
  34.6 132.6 34.6 131.1 34.6 129.8
  11  5 52  0.0
  72.5 321.4 72.2 321.6 71.9 321.8 71.6 321.7 71.3 321.6 70.9 321.5 70.5 321.5
  70.1 321.5 69.6 321.5 69.2 321.1 68.8 320.8 68.3 320.5 67.8 320.2 67.4 319.5
  66.8 318.9 66.2 318.3 65.7 317.8 65.3 317.0 64.8 316.2 64.4 315.4 64.1 314.6
  63.8 313.8 63.5 312.7 63.2 311.5 63.0 310.4 62.8 309.2 62.6 308.1 62.4 307.0
  62.2 306.0 61.9 305.0 61.7 303.8 61.4 302.7 61.1 301.6 60.7 300.6 60.3 299.7
  59.8 298.9 59.3 297.8 58.7 296.7 58.2 295.7 57.7 294.7 57.2 293.4 56.8 292.2
  56.3 291.1 56.1 289.9 55.8 288.8 55.6 287.6 55.6 286.4 55.5 285.3 55.5 284.2
  55.4 283.2 55.5 282.2 55.6 281.2 55.7 280.2 55.7 279.2 55.9 278.2 56.0 277.3
  56.0 276.4 56.1 275.4 56.1 274.5 56.2 273.6 56.2 272.7 56.1 271.8 56.2 270.9
  56.2 270.1 56.3 269.3 56.3 268.4 56.4 267.6 56.5 266.8 56.7 266.0 56.8 265.3
  56.9 264.5 57.0 263.7 57.2 263.0 57.3 262.2 57.4 261.5 57.5 260.7 57.6 260.0
  57.7 259.2 57.8 258.5 57.9 257.8 58.0 257.1 58.1 256.4 58.1 255.8 58.2 255.1
  58.3 254.5 58.5 254.0 58.6 253.4 58.7 252.8 58.8 252.2 58.9 251.6 59.2 251.0
  59.5 250.4 59.8 249.8 60.0 249.2 60.4 248.5 60.7 247.9 61.1 247.2 61.4 246.5
  61.8 245.8 62.2 245.1 62.6 244.2 63.1 243.4 63.4 242.5 63.8 241.7 64.2 240.8
  64.6 239.8 64.9 238.7 65.2 237.7 65.5 236.7 65.9 235.6 66.0 234.6 66.2 233.5
  66.3 232.4 66.5 231.4 66.5 230.4 66.5 229.4 66.5 228.4 66.5 227.5 66.4 226.6
  66.3 225.8 66.2 225.0 66.1 224.3 65.9 223.6 65.8 223.2 65.7 222.9 65.6 222.6
  65.5 222.4 65.3 222.2 65.2 222.0 65.0 221.9 64.9 221.7 64.7 221.7 64.5 221.6
  64.4 221.6 64.2 221.5 64.0 221.5 63.8 221.7 63.6 221.9 63.4 222.1 63.2 222.3
  63.0 222.5 62.8 222.7 62.5 222.8 62.3 223.0 62.0 223.1 61.8 223.3 61.5 223.4
  61.2 223.5 60.9 223.5 60.6 223.6 60.2 223.7 59.8 223.8 59.4 223.7 59.0 223.6
  58.6 223.6 58.1 223.5 57.6 223.5 57.1 223.3 56.6 223.1 56.1 222.9 55.5 222.7
  55.0 222.4 54.5 222.0 54.0 221.7 53.5 221.2 53.0 220.8 52.5 220.3 52.1 219.8
  51.8 219.4 51.5 218.8 51.3 218.2 51.0 217.6 50.8 216.9 50.6 216.3 50.5 215.6
  50.4 214.9 50.3 214.1 50.3 213.3 50.2 212.4 50.2 211.5 49.8 210.5 49.5 209.4
  49.2 208.2 49.0 207.0 48.5 205.7 48.1 204.4 47.8 203.0 47.3 201.5 47.0 200.1
  46.6 198.5 46.3 196.9 46.0 195.2 45.7 193.5 45.4 191.7 45.2 189.8 44.9 187.8
  44.6 185.6 44.3 183.3 44.1 180.9 43.8 178.3 43.6 176.1 43.3 173.9 43.1 171.8
  42.9 169.8 42.6 167.8 42.6 165.9 42.5 164.1 42.4 162.5 42.4 160.9 42.4 159.4
  42.5 157.9 42.7 156.5 42.8 155.2 43.0 153.9 43.3 152.6 43.5 151.4 43.8 150.2
  44.1 149.1 44.4 147.9 44.6 146.7 44.9 145.5 45.2 144.3 45.5 143.2 45.9 142.0
  46.3 140.9 46.7 139.5 47.1 138.1 47.5 136.7 47.9 135.3 48.2 133.9 48.4 132.5
  48.7 131.2 48.9 129.9 49.1 128.6 49.4 127.4 49.6 126.2 49.8 125.0 50.0 123.7
  50.2 122.7 50.4 121.6 50.7 120.6
  11  6 52  0.0
  72.5 321.4 72.3 320.7 72.1 320.1 72.0 319.5 71.8 318.7 71.7 318.0 71.6 317.2
  71.5 316.5 71.4 315.9 71.3 315.3 71.3 314.7 71.3 314.1 71.3 313.6 71.3 313.1
  71.2 312.7 71.2 312.4 71.1 312.0 71.1 311.8 71.0 311.6 70.9 311.4 70.8 311.4
  70.7 311.3 70.6 311.3 70.4 311.4 70.3 311.5 70.1 311.6 69.9 311.8 69.8 311.4
  69.6 311.0 69.4 310.7 69.2 310.3 68.9 310.0 68.7 309.7 68.5 309.4 68.3 309.1
  68.0 308.9 67.8 308.6 67.5 307.7 67.5 306.8 67.4 305.9 67.3 305.1 67.2 304.2
  67.1 303.4 67.1 302.7 67.0 301.9 67.0 301.3 66.9 300.6 66.8 300.0 66.8 299.4
  66.7 298.9 66.7 298.4 66.6 297.9 66.5 297.5 66.5 297.0 66.4 296.7 66.3 296.3
  66.2 296.0 66.1 295.6 66.1 295.3 66.0 295.1 65.9 294.6 65.7 294.2 65.6 293.9
  65.5 293.5 65.4 293.2 65.3 292.9 65.2 292.6 65.1 292.4 65.0 292.1 64.9 291.9
  64.9 291.6 64.9 291.3 64.9 291.1 64.9 290.8 65.0 290.5 65.1 290.2 65.2 289.9
  65.2 289.6 65.4 289.3 65.5 288.9 65.6 288.5 65.7 288.1 65.9 287.6 66.0 287.1
  66.2 287.4 66.4 287.7 66.5 288.1 66.6 288.4 66.8 288.8 66.8 289.1 66.9 289.5
  67.0 289.8 67.1 290.1 67.1 290.5 67.1 290.8 67.2 291.1 67.2 291.4 67.2 291.7
  67.2 292.1 67.2 292.4 67.2 292.7 67.2 293.0 67.2 293.2 67.3 293.5 67.3 293.7
  67.3 294.0 67.3 294.2 67.3 294.4 67.4 294.7 67.4 294.9 67.4 295.1 67.4 295.3
  67.4 295.5 67.4 295.8 67.3 296.1 67.4 296.4 67.4 296.8 67.4 297.2 67.4 297.6
  67.4 298.1 67.4 298.7 67.4 299.3 67.3 300.0 67.2 300.8 67.1 301.7 67.0 302.7
  66.9 303.7 66.7 304.9 66.4 306.1 66.1 307.3 65.8 308.7 65.3 309.9 64.9 311.2
  64.4 312.4 63.8 313.6 63.3 314.0 62.7 314.5 62.1 314.9 61.5 315.3 60.9 315.1
  60.2 314.9 59.5 314.7 58.8 314.0 58.0 313.4 57.2 312.9 56.3 311.9 55.4 311.1
  54.6 310.0 53.6 309.0 52.7 307.4 52.1 305.9 51.5 304.4 50.8 302.7 50.7 301.0
  50.5 299.5 50.8 298.1 51.1 296.7 51.5 295.4 51.8 294.1 52.2 292.8 52.5 291.7
  52.7 290.5 52.8 289.4 53.0 288.3 53.1 287.2 53.3 286.1 53.5 285.0 53.7 284.0
  54.0 283.0 54.4 281.7 54.7 280.3 55.0 279.0 55.4 277.6 55.8 276.2 56.2 274.9
  56.6 273.5 56.9 272.0 57.2 270.6 57.5 269.1 57.7 267.5 57.8 266.0 58.0 264.4
  58.2 262.8 58.4 261.2 58.6 259.8 58.9 258.3 59.3 257.0 59.6 255.6 59.9 254.4
  60.2 253.1 60.6 252.0 60.9 250.9 61.3 249.8 61.6 248.8 61.9 247.7 62.2 246.6
  62.4 245.5 62.7 244.4 63.0 243.2 63.2 242.1 63.4 241.0 63.6 239.9 63.8 238.7
  63.9 237.7 64.1 236.7 64.2 235.3 64.2 233.9 64.2 232.6 64.2 231.4 64.1 230.2
  64.0 229.1 63.9 228.4 63.7 227.8 63.5 227.1 63.3 226.5 63.1 225.9 62.8 225.3
  62.5 224.7 62.2 224.2 61.9 223.6 61.5 223.4 61.1 223.1 60.7 222.8 60.3 222.5
  59.9 222.3 59.5 222.3 59.0 222.3 58.6 222.3 58.1 222.3 57.6 222.3 57.2 222.6
  56.7 222.9 56.2 223.2 55.8 223.4 55.3 223.8 54.9 224.1 54.4 224.4 53.9 224.7
  53.4 225.1 52.8 225.4 52.3 225.7
  11  7 52  0.0
  72.5 321.4 72.2 319.5 71.8 317.8 71.5 316.1 71.2 314.6 70.8 313.1 70.5 311.8
  70.2 310.7 69.8 309.6 69.6 308.4 69.2 307.4 68.9 306.5 68.6 305.6 68.3 304.9
  68.0 304.2 67.7 303.3 67.3 302.5 66.9 301.8 66.5 301.2 66.1 300.7 65.6 300.2
  65.2 299.5 64.7 298.9 64.2 298.4 63.7 297.9 63.2 297.1 62.8 296.4 62.3 295.7
  62.1 295.0 61.8 294.4 61.6 293.7 61.4 292.9 61.2 292.2 61.0 291.4 61.0 290.7
  61.0 290.0 61.0 289.2 61.0 288.4 61.0 287.6 61.1 286.8 61.2 286.0 61.3 285.2
  61.5 284.4 61.6 283.6 61.8 282.7 62.0 281.9 62.2 281.0 62.4 280.4 62.7 279.7
  63.0 279.1 63.3 278.5 63.7 277.8 64.0 277.2 64.3 276.5 64.7 275.8 65.0 275.0
  65.3 274.1 65.6 273.2 65.9 272.1 66.1 271.0 66.4 270.0 66.6 268.8 66.8 267.7
  67.1 266.6 67.3 265.5 67.6 264.5 67.8 263.5 68.1 262.4 68.4 261.9 68.7 261.4
  68.9 260.8 69.2 260.3 69.4 259.7 69.6 259.1 69.8 258.5 70.0 257.9 70.1 257.2
  70.3 257.3 70.5 257.4 70.6 257.5 70.7 257.5 70.8 257.6 71.0 257.6 71.0 257.6
  71.1 257.6 71.2 257.6 71.3 257.6 71.4 257.6 71.5 257.5 71.6 257.5 71.8 257.5
  72.0 257.4 72.1 257.4 72.3 257.8 72.6 258.3 72.8 258.8 73.0 259.3 73.3 259.7
  73.6 260.2 73.8 260.7 74.1 261.2 74.4 262.1 74.7 263.0 75.1 263.9 75.4 264.8
  75.7 265.8 76.1 266.8 76.4 267.7 76.8 268.7 77.2 269.7 77.5 270.7 77.8 271.9
  78.2 273.1 78.5 274.3 78.9 275.5 79.2 276.9 79.6 278.3 79.9 279.8 80.3 281.4
  80.6 282.8 81.0 284.3 81.2 285.9 81.5 287.7 81.8 289.6 82.0 291.6 82.2 293.7
  82.4 295.6 82.6 297.6 82.7 299.7 82.8 302.0 82.8 304.3 82.8 306.6 82.8 308.9
  82.6 311.1 82.4 313.0 82.1 314.5 81.9 315.7 81.6 316.6 81.4 317.3 81.1 317.9
  80.8 318.3 80.5 318.6 80.2 318.9 79.8 319.0 79.6 318.7 79.2 318.4 78.9 318.1
  78.6 317.7 78.2 317.3 77.8 317.0 77.5 316.4 77.1 315.9 76.7 315.4 76.2 314.9
  75.7 314.5 75.2 314.2 74.7 313.9 74.1 313.6 73.5 313.3 73.0 313.5 72.5 313.6
  72.0 313.7 71.5 314.4 71.0 314.9 70.5 315.5 70.1 315.9 69.6 316.3 69.2 316.9
  68.9 317.4 68.5 317.7 68.1 318.0 67.7 318.2 67.3 318.4 66.9 318.4 66.5 318.4
  66.1 318.3 65.7 318.1 65.3 318.3 64.9 318.3 64.5 318.4 64.0 318.3 63.6 318.3
  63.1 318.5 62.6 318.7 62.1 318.8 61.6 318.8 61.1 318.4 60.6 318.0 60.0 317.6
  59.4 316.6 58.8 315.7 58.2 314.8 57.5 313.9 56.8 312.7 56.2 311.6 55.4 310.5
  54.7 309.4 54.0 308.4 53.3 307.4 52.6 306.4 51.9 305.6 51.1 304.8 50.4 304.1
  49.6 303.5 48.8 302.9 48.0 302.3 47.2 301.7 46.4 300.8 45.6 300.0 44.8 299.0
  43.9 298.1 43.0 297.1 42.2 296.1 41.4 295.1 40.5 294.0 39.6 292.9 38.8 291.8
  38.2 290.6 37.5 289.5 36.8 288.3 36.2 287.1 35.7 285.8 35.2 284.5 34.7 283.2
  34.3 281.8 33.9 280.3 33.5 278.9 33.4 277.4 33.3 275.9 33.7 274.4 34.1 272.9
  34.4 271.3 35.1 269.9 35.8 268.6 36.5 267.5 37.3 266.3 38.2 265.3 39.1 264.3
  39.9 263.3 40.7 262.4 41.5 261.3
  11  8 52  0.0
  72.5 321.4 72.2 319.8 71.9 318.2 71.7 316.6 71.4 315.0 71.0 313.4 70.6 311.8
  70.2 310.3 69.7 308.8 69.3 307.5 68.8 306.2 68.2 304.9 67.7 303.6 67.1 302.7
  66.5 301.9 66.0 301.1 65.4 300.9 64.9 300.7 64.3 300.5 63.8 300.2 63.3 300.3
  62.8 300.3 62.4 300.3 61.9 300.2 61.4 300.2 61.0 300.2 60.5 300.1 60.0 299.9
  59.6 299.9 59.3 299.9 58.9 299.8 58.5 299.6 58.1 299.4 57.7 299.1 57.3 299.2
  56.9 299.3 56.5 299.3 56.1 299.3 55.8 299.3 55.4 300.0 54.8 300.6 54.1 301.1
  53.4 301.5 52.6 302.0 51.9 302.3 51.2 302.4 50.4 302.5 49.7 302.4 49.0 302.2
  48.3 302.0 47.7 301.8 47.1 301.6 46.5 301.5 45.9 301.4 45.4 301.6 44.8 301.8
  44.2 302.1 43.6 302.4 43.0 302.8 42.3 303.1 41.5 303.6 40.7 303.6 39.9 303.6
  39.1 303.1 38.3 302.6 37.4 302.0 36.7 301.2 35.9 300.3 35.2 299.3 35.0 298.3
  34.8 297.3 34.6 296.4 34.4 295.4 34.5 294.4 34.6 293.4 34.7 292.4 34.7 291.4
  34.9 290.3 35.0 289.2 35.1 288.1 35.2 286.9 35.4 285.8 35.6 284.7 35.7 283.5
  36.1 282.4 36.4 281.3 36.8 280.1 37.1 279.1 37.6 278.0 38.1 277.0 38.6 276.4
  39.1 275.8 39.3 275.2 39.5 274.6 39.6 273.9 39.7 273.1 39.8 272.4 39.9 271.6
  40.2 270.8 40.5 270.2 40.8 269.7 41.2 269.1 41.6 268.5 42.0 268.0 42.7 267.5
  43.5 267.1 44.3 266.7 45.2 266.4 46.1 266.1 46.9 265.6 47.7 265.0 48.3 264.4
  48.9 263.6 49.3 262.8 49.7 261.9 50.0 261.1 50.4 260.3 50.7 259.4 51.1 258.6
  51.5 257.9 51.9 257.1 52.3 256.4 52.8 255.7 53.2 254.9 53.6 254.2 54.0 253.5
  54.5 252.7 54.9 251.8 55.2 251.0 55.5 250.1 55.8 249.3 56.0 248.6 56.4 248.0
  56.7 247.4 57.0 246.9 57.4 246.3 57.8 245.8 58.1 245.3 58.5 244.7 58.9 244.1
  59.3 243.4 59.5 242.8 59.8 242.2 60.1 241.5 60.3 240.8 60.6 240.1 61.0 239.4
  61.1 238.7 61.2 238.1 61.3 237.4 61.5 236.7 61.7 236.0 61.7 235.3 61.8 234.5
  61.8 233.8 61.9 233.1 62.1 232.4 62.2 231.6 62.1 230.9 62.1 230.2 62.0 229.5
  62.0 228.8 61.9 228.2 61.8 227.6 61.6 227.1 61.3 226.5 61.1 226.1 60.8 225.6
  60.5 225.2 60.2 224.8 60.0 224.4 59.7 224.0 59.4 223.6 59.1 223.2 58.7 222.9
  58.4 222.5 58.0 222.2 57.7 221.8 57.4 221.3 57.2 220.8 56.9 220.2 56.8 219.6
  56.5 219.0 56.2 218.4 55.9 217.9 55.7 217.1 55.4 216.3 55.1 215.5 54.8 214.7
  54.4 213.9 54.1 213.2 53.8 212.4 53.5 211.3 53.3 210.2 53.1 209.1 53.0 208.0
  53.0 206.8 53.0 205.6 53.1 204.4 53.2 203.1 53.5 201.8 53.8 200.5 54.2 199.1
  54.6 198.0 55.1 196.9 55.6 195.7 55.8 194.6 56.1 193.4 56.3 192.3 56.5 191.3
  56.5 190.3 56.5 189.2 56.6 188.2 56.6 187.2 56.5 186.3 56.4 185.4 56.3 184.5
  56.2 183.7 55.9 182.9 55.6 181.9 55.4 180.8 55.1 179.8 54.8 178.8 54.6 177.8
  54.3 176.7 54.1 175.6 54.1 174.5 54.1 173.2 54.1 171.9 54.1 170.4 54.2 169.0
  54.3 167.5 54.1 166.0 53.9 164.5 53.7 162.9 53.3 161.3 52.9 159.9 52.4 158.4
  51.9 157.1 51.4 155.7 51.0 154.3
  11  9 52  0.0
  72.5 321.4 72.4 320.2 72.2 319.1 72.1 317.9 72.0 316.8 71.9 315.6 71.8 314.5
  71.7 313.4 71.7 312.3 71.6 311.3 71.5 310.3 71.4 309.4 71.3 308.5 71.2 307.6
  71.1 306.8 71.0 305.9 70.9 305.0 70.7 304.0 70.5 303.1 70.3 302.2 70.0 301.2
  69.7 300.6 69.4 300.0 69.1 299.3 68.7 298.6 68.3 298.0 67.9 297.3 67.5 296.8
  67.1 296.3 66.7 295.7 66.3 295.2 65.8 294.6 65.4 294.3 65.0 294.0 64.6 293.6
  64.2 293.3 63.9 292.9 63.5 293.0 63.2 293.0 62.9 293.0 62.7 292.9 62.4 292.8
  62.2 292.6 61.9 292.4 61.7 292.4 61.5 292.4 61.3 292.3 61.1 292.1 60.9 291.8
  60.8 291.5 60.7 291.0 60.6 290.5 60.5 289.8 60.4 289.1 60.3 288.3 60.1 287.4
  60.1 286.5 60.0 285.5 60.0 284.5 59.9 283.7 59.8 282.9 59.7 282.1 59.5 281.3
  59.4 280.6 59.3 279.9 59.0 279.2 58.6 278.6 58.3 278.0 58.0 277.4 57.7 276.7
  57.5 276.3 57.3 275.8 57.1 275.3 57.0 274.8 56.9 274.3 56.8 273.8 56.7 273.3
  56.7 272.8 56.7 272.4 56.7 271.9 56.8 271.4 56.9 271.0 57.0 270.5 57.2 270.1
  57.4 269.7 57.6 269.3 57.8 268.8 58.0 268.4 58.3 267.7 58.5 266.9 58.8 266.2
  59.1 265.4 59.4 264.6 59.6 263.8 59.9 263.0 60.1 262.1 60.3 261.4 60.6 260.6
  60.8 259.8 61.0 259.1 61.1 258.3 61.3 257.5 61.4 256.7 61.6 255.9 61.7 255.2
  61.9 254.4 62.0 253.7 62.2 253.1 62.3 252.5 62.4 252.0 62.7 251.4 62.9 250.9
  63.1 250.3 63.4 249.8 63.6 249.2 63.9 248.7 64.1 248.1 64.3 247.4 64.6 246.7
  64.9 245.9 65.2 245.1 65.5 244.3 65.8 243.4 66.0 242.5 66.2 241.6 66.5 240.5
  66.7 239.4 66.8 238.3 67.0 237.1 67.1 236.0 67.1 234.8 67.1 233.7 67.1 232.6
  67.2 231.4 67.1 230.4 67.0 229.4 66.9 228.6 66.7 227.7 66.5 227.0 66.3 226.3
  66.0 225.6 65.8 225.0 65.5 224.6 65.2 224.2 64.9 223.8 64.6 223.4 64.2 223.1
  63.8 222.7 63.4 222.5 63.1 222.4 62.7 222.2 62.3 222.0 61.9 221.9 61.5 221.9
  61.1 221.9 60.6 221.9 60.2 221.9 59.7 221.9 59.2 222.1 58.7 222.2 58.1 222.3
  57.6 222.4 57.0 222.2 56.3 222.1 55.6 221.9 54.9 221.4 54.1 221.0 53.3 220.5
  52.6 219.6 51.8 218.7 51.1 217.5 50.3 216.3 49.6 215.0 49.0 213.6 48.4 212.1
  47.8 210.6 47.4 209.1 47.1 207.6 46.9 206.1 46.8 204.6 46.6 203.1 46.6 201.7
  46.6 200.3 46.5 198.9 46.6 197.5 46.7 196.1 46.7 194.6 46.8 193.1 46.9 191.6
  47.2 190.0 47.5 188.3 47.8 186.5 48.3 184.7 48.8 183.3 49.3 181.9 49.8 180.4
  50.3 179.0 50.9 178.5 51.6 177.9 52.3 177.5 52.9 177.5 53.6 177.7 54.2 177.9
  54.9 178.1 55.5 178.3 56.1 178.6 56.7 178.7 57.2 178.8 57.6 178.9 57.9 179.0
  58.3 179.1 58.5 179.0 58.7 179.0 58.9 179.0 59.1 179.0 59.1 178.9 59.2 178.9
  59.2 179.0 59.2 179.0 59.1 179.0 58.9 179.1 58.8 179.1 58.5 179.2 58.2 179.2
  57.9 179.3 57.4 179.3 56.9 179.3 56.4 179.3 55.7 179.3 54.9 179.2 54.1 179.0
  53.3 178.8 52.5 178.3 51.7 177.7 51.0 176.7 50.3 175.7 49.8 174.7 49.4 173.3
  49.0 171.9 48.8 170.5 48.7 169.0
  11 10 52  0.0
  72.5 321.4 72.2 319.7 72.0 318.0 71.7 316.2 71.5 314.4 71.3 312.6 71.1 310.7
  70.9 308.9 70.6 307.1 70.2 305.4 69.8 303.7 69.4 302.6 68.9 301.5 68.4 300.5
  67.8 299.5 67.3 299.0 66.8 298.5 66.3 298.1 65.8 297.6 65.4 297.5 65.0 297.3
  64.7 297.2 64.3 297.0 64.0 296.9 63.7 296.7 63.5 296.6 63.3 296.5 63.1 296.4
  63.0 296.3 62.8 296.2 62.7 296.1 62.6 295.9 62.4 295.7 62.3 295.5 62.2 295.2
  62.1 295.0 62.0 294.6 62.0 294.3 61.9 294.0 61.9 293.7 61.8 293.5 61.7 293.3
  61.7 293.1 61.6 292.9 61.6 292.7 61.5 292.6 61.5 292.6 61.4 292.5 61.4 292.5
  61.3 292.6 61.2 292.7 61.2 292.8 61.1 293.1 61.1 293.3 61.0 293.6 61.0 294.0
  60.9 294.5 60.8 295.1 60.8 295.7 60.7 296.4 60.5 297.3 60.4 298.2 60.2 299.0
  60.0 299.8 59.8 300.7 59.4 301.4 59.0 302.1 58.6 302.6 58.1 303.1 57.6 303.4
  57.1 303.6 56.5 303.8 55.9 304.0 55.3 304.3 54.5 304.7 53.5 305.0 52.4 305.4
  51.2 305.8 50.0 305.9 48.8 306.1 47.6 305.9 46.6 305.3 45.7 304.8 44.9 303.9
  44.7 303.1 44.5 302.1 44.4 301.1 44.2 300.1 44.1 299.1 44.1 298.1 44.1 297.2
  44.0 296.3 44.0 295.5 43.8 294.7 43.7 293.9 43.5 293.2 43.5 292.4 43.4 291.6
  43.3 290.8 43.3 290.0 43.3 289.1 43.4 288.3 43.4 287.4 43.6 286.5 43.8 285.7
  44.0 284.8 44.3 283.9 44.4 283.0 44.6 282.0 44.8 280.9 44.9 279.8 45.0 278.6
  45.0 277.3 45.2 276.0 45.1 274.5 45.1 273.0 45.1 271.4 45.2 269.7 45.3 268.1
  45.5 266.5 45.9 265.0 46.2 263.7 46.8 262.3 47.4 261.0 47.9 259.8 48.3 258.7
  48.7 257.4 49.1 256.2 49.5 254.9 49.6 253.6 49.8 252.2 49.9 250.8 49.9 249.3
  49.9 247.7 49.9 246.1 49.9 244.6 49.9 243.0 49.9 241.5 49.9 240.1 49.8 238.7
  49.7 237.4 49.7 236.2 49.5 235.0 49.3 233.9 49.1 232.9 48.9 231.9 48.4 231.0
  48.0 230.1 47.5 229.3 47.0 228.6 46.4 227.8 45.8 227.0 45.2 226.3 44.6 225.5
  43.9 224.6 43.2 223.9 42.7 223.1 42.2 222.3 41.7 221.5 41.1 220.8 40.6 220.0
  40.1 219.3 40.0 218.5 39.8 217.8 39.6 217.1 39.4 216.4 39.1 215.7 39.1 214.9
  39.1 214.2 39.0 213.5 38.9 212.7 38.7 211.9 38.6 211.2 38.6 210.4 38.4 209.6
  38.3 208.7 38.1 207.9 38.1 207.0 38.1 206.1 38.1 205.3 38.0 204.4 38.0 203.5
  38.2 202.7 38.3 201.9 38.5 201.0 38.7 200.2 38.8 199.3 39.1 198.4 39.4 197.6
  39.7 196.7 40.0 195.8 40.4 194.9 40.7 194.0 41.0 193.1 41.3 192.1 41.6 191.1
  42.0 190.2 42.3 189.2 42.6 188.2 43.0 187.2 43.4 186.2 43.9 185.3 44.5 184.4
  45.0 183.4 45.6 182.5 46.2 181.7 46.8 180.7 47.4 179.6 47.9 178.5 48.3 177.4
  48.8 176.2 49.3 175.1 49.6 173.9 49.9 172.7 50.2 171.5 50.3 170.7 50.4 169.9
  50.5 169.0 50.6 168.1 50.7 167.2 50.8 166.2 50.8 165.2 50.9 164.2 51.0 163.1
  51.0 162.0 51.0 160.9 51.0 159.8 50.9 158.6 50.8 157.4 50.7 156.2 50.6 154.9
  50.4 153.7 50.1 152.4 49.9 151.1 49.3 149.6 48.8 148.2 48.3 146.6 47.7 145.1
  47.0 143.4 46.6 141.6 46.2 139.9
  11 11 52  0.0
  72.5 321.4 72.2 319.7 71.8 318.1 71.6 316.7 71.2 315.3 70.9 313.9 70.6 312.5
  70.3 311.1 69.9 309.6 69.5 308.8 69.2 308.0 68.7 307.1 68.2 306.4 67.6 305.6
  67.0 305.3 66.4 305.0 65.8 304.6 65.2 304.6 64.6 304.5 64.0 304.5 63.4 304.4
  62.9 304.5 62.3 304.7 61.7 304.8 61.2 304.9 60.7 305.0 60.1 305.1 59.6 305.2
  59.0 305.1 58.5 305.1 57.9 305.0 57.4 304.7 56.8 304.4 56.2 304.2 55.5 303.9
  55.1 303.7 54.7 303.5 54.2 303.3 53.6 303.0 53.1 302.9 52.6 302.7 52.0 302.5
  51.4 302.2 50.8 302.0 50.2 301.7 49.6 301.4 49.0 300.9 48.5 300.3 47.9 299.8
  47.7 298.9 47.5 298.0 47.2 297.2 46.9 296.3 46.6 295.6 46.6 294.8 46.5 294.1
  46.4 293.3 46.3 292.7 46.2 292.0 46.1 291.4 46.3 290.8 46.5 290.3 46.7 289.7
  46.9 289.2 47.0 288.6 47.2 288.1 47.4 287.6 47.7 287.1 48.0 286.6 48.2 286.2
  48.5 285.9 48.8 285.7 49.1 285.4 49.3 285.2 49.6 285.0 49.8 284.8 50.1 284.6
  50.3 284.6 50.6 284.5 50.9 284.4 51.1 284.4 51.4 284.4 51.7 284.3 51.9 284.3
  52.2 284.3 52.5 284.3 52.8 284.4 53.1 284.5 53.3 284.6 53.5 284.7 53.8 284.9
  54.0 285.0 54.2 285.2 54.3 285.5 54.5 285.8 54.6 286.0 54.7 286.3 54.8 286.6
  54.9 286.8 54.9 287.0 55.0 287.3 55.0 287.5 55.0 287.7 55.0 287.9 54.9 288.1
  55.0 288.2 55.0 288.4 55.0 288.6 55.0 288.7 54.9 288.8 54.9 289.0 54.9 289.0
  54.9 289.1 54.9 289.1 54.9 289.0 54.9 288.9 54.9 288.8 54.9 288.7 54.9 288.5
  54.9 288.3 54.9 288.0 54.9 287.7 54.9 287.4 55.0 287.0 55.1 286.6 55.2 286.2
  55.3 285.7 55.4 285.2 55.6 284.7 55.7 284.1 55.9 283.5 56.1 282.9 56.3 282.1
  56.5 281.4 56.7 280.6 56.9 279.8 57.1 279.0 57.3 278.2 57.6 277.4 57.8 276.6
  58.1 275.8 58.3 274.9 58.6 274.1 58.9 273.2 59.2 272.3 59.5 271.4 59.7 270.4
  60.0 269.5 60.3 268.7 60.6 268.0 60.8 267.2 61.0 266.3 61.2 265.5 61.4 264.7
  61.6 263.8 61.8 262.9 61.9 262.0 62.0 261.1 62.1 260.3 62.3 259.5 62.4 258.7
  62.5 258.0 62.6 257.2 62.7 256.5 62.8 255.7 63.0 255.0 63.1 254.3 63.2 253.6
  63.4 253.0 63.5 252.3 63.7 251.6 63.9 251.0 64.1 250.3 64.3 249.5 64.5 248.6
  64.7 247.8 64.9 246.9 65.1 246.0 65.3 245.0 65.5 244.0 65.7 243.0 65.9 241.9
  66.1 240.9 66.3 239.7 66.3 238.5 66.4 237.3 66.4 236.1 66.5 235.0 66.4 233.9
  66.4 232.9 66.3 231.9 66.1 230.9 65.8 230.0 65.6 229.5 65.3 228.9 65.0 228.4
  64.7 227.9 64.4 227.5 64.0 227.0 63.7 226.6 63.3 226.4 62.9 226.2 62.5 225.9
  62.1 225.7 61.7 225.5 61.3 225.4 60.8 225.2 60.4 225.0 59.9 224.9 59.4 224.8
  58.9 224.7 58.3 224.6 57.6 224.4 57.0 224.1 56.3 223.8 55.6 223.5 54.9 223.0
  54.1 222.5 53.3 222.0 52.5 221.2 51.8 220.4 51.0 219.2 50.3 218.1 49.5 217.0
  48.8 215.7 48.2 214.3 47.5 212.9 46.9 211.4 46.6 209.9 46.2 208.3 45.8 206.8
  45.6 205.3 45.4 203.9 45.3 202.4 45.2 200.9 45.1 199.4 45.0 197.9 45.0 196.3
  44.9 194.7 44.9 193.0 44.9 191.2
  11 12 52  0.0
  72.5 321.4 72.2 320.2 71.9 318.9 71.6 317.9 71.3 317.0 71.1 316.1 70.8 315.2
  70.5 314.3 70.2 313.4 70.0 312.5 69.7 312.3 69.5 312.1 69.3 311.9 69.0 311.8
  68.6 311.6 68.3 311.4 68.0 311.2 67.6 311.4 67.3 311.5 66.9 311.6 66.6 311.7
  66.2 311.7 65.8 311.7 65.4 311.7 65.0 311.7 64.6 311.7 64.2 311.6 63.8 311.6
  63.4 311.5 62.9 311.4 62.4 311.3 61.9 311.3 61.5 311.1 60.9 311.0 60.4 311.0
  59.8 310.9 59.2 310.8 58.6 310.6 58.0 310.5 57.4 310.4 56.8 310.2 56.2 309.9
  55.5 309.6 54.9 309.2 54.3 308.8 53.7 308.4 53.0 307.9 52.4 307.5 51.7 307.0
  51.1 306.5 50.4 305.9 49.6 305.4 48.9 304.8 48.1 304.2 47.4 303.7 47.0 302.8
  46.7 302.0 46.4 301.1 46.1 300.1 45.8 299.1 46.0 297.9 46.1 296.7 46.2 295.6
  46.3 294.4 46.4 293.4 46.5 292.3 46.5 291.2 46.6 290.2 46.6 289.2 46.7 288.3
  46.8 287.3 46.8 286.4 47.0 285.5 47.1 284.6 47.2 283.8 47.5 282.9 47.7 282.0
  47.9 281.2 48.2 280.3 48.5 279.7 48.7 279.0 48.9 278.4 49.2 277.7 49.4 277.0
  49.6 276.2 49.8 275.4 49.7 274.6 49.7 273.9 49.7 273.1 49.8 272.4 49.8 271.6
  49.8 270.9 49.9 270.2 49.9 269.5 50.0 268.8 50.1 268.4 50.3 267.9 50.5 267.4
  50.6 266.9 50.8 266.4 51.0 265.9 51.2 265.3 51.5 264.8 51.7 264.2 52.0 263.6
  52.1 262.9 52.2 262.2 52.3 261.6 52.4 260.9 52.5 260.1 52.7 259.4 52.8 258.7
  52.9 257.9 53.0 257.1 53.2 256.3 53.5 255.5 53.6 254.7 53.8 253.8 54.0 252.9
  54.2 251.9 54.3 251.0 54.4 250.0 54.6 249.1 54.8 248.1 55.0 247.2 55.1 246.2
  55.2 245.3 55.4 244.4 55.5 243.5 55.6 242.6 55.7 241.7 55.8 240.8 55.8 239.8
  55.8 238.9 55.8 238.1 55.8 237.2 55.8 236.4 55.9 235.6 55.9 234.9 55.9 234.1
  55.9 233.4 56.0 232.6 56.0 231.9 55.9 231.2 55.8 230.5 55.6 229.8 55.6 229.1
  55.5 228.4 55.4 227.7 55.1 227.1 54.9 226.4 54.6 225.8 54.4 225.1 54.1 224.5
  53.9 223.9 53.4 223.3 53.0 222.6 52.6 222.0 52.1 221.4 51.7 220.7 51.4 220.0
  51.1 219.3 50.6 218.6 50.1 217.9 49.6 217.1 49.2 216.4 48.9 215.7 48.3 215.0
  47.7 214.2 47.3 213.6 46.8 212.9 46.4 212.1 46.1 211.3 45.5 210.5 45.1 209.9
  44.6 209.2 44.2 208.4 43.9 207.7 43.3 207.0 42.8 206.4 42.4 205.7 42.0 204.9
  41.7 204.1 41.4 203.3 40.9 202.4 40.5 201.5 40.1 200.4 39.7 199.4 39.3 198.3
  39.0 197.1 38.6 196.0 38.3 194.7 38.0 193.4 37.7 192.2 37.4 191.1 37.2 189.9
  37.0 188.7 36.8 187.4 36.6 186.2 36.5 185.0 36.3 183.8 36.3 182.6 36.2 181.4
  36.1 180.1 36.1 178.9 36.1 177.7 36.1 176.4 36.0 175.1 36.0 173.8 35.9 172.7
  35.9 171.5 35.9 170.3 35.9 169.0 35.9 167.7 36.1 166.4 36.4 165.0 36.7 163.6
  36.8 162.2 36.9 160.8 37.0 159.5 37.1 158.2 37.2 156.9 37.4 155.6 37.5 154.3
  37.6 153.1 37.8 152.0 38.0 151.0 38.0 150.0 38.0 149.1 38.0 148.2 38.0 147.4
  37.9 146.5 37.9 145.7 37.9 144.8 37.9 144.0 38.0 143.2 38.2 142.4 38.4 141.5
  38.7 140.7 39.0 139.9 39.2 139.2
  11 13 52  0.0
  72.5 321.4 72.1 320.4 71.7 319.4 71.4 318.3 71.1 317.3 70.7 316.3 70.4 315.3
  70.0 314.3 69.7 313.3 69.3 312.5 69.0 311.7 68.6 311.0 68.3 310.4 67.9 309.7
  67.6 309.5 67.2 309.3 66.9 309.1 66.6 309.0 66.2 308.9 65.9 308.8 65.5 309.0
  65.2 309.2 64.9 309.4 64.5 309.6 64.2 309.8 63.9 309.9 63.6 310.0 63.3 310.1
  63.0 310.1 62.7 310.1 62.4 310.1 62.1 310.1 61.8 310.0 61.6 309.6 61.3 309.1
  61.1 308.7 60.8 308.2 60.6 307.7 60.2 307.2 59.8 306.8 59.4 306.3 59.0 305.9
  58.5 305.5 58.1 305.2 57.6 304.8 57.1 304.6 56.6 304.3 56.0 304.1 55.5 303.8
  55.2 303.6 54.8 303.4 54.5 303.2 54.2 303.0 53.9 302.7 53.6 302.3 53.2 302.0
  52.9 301.6 52.6 301.2 52.2 300.8 51.8 300.4 51.5 299.6 51.2 298.9 51.0 298.2
  50.7 297.5 50.5 296.9 50.2 296.3 50.0 295.7 49.8 294.7 49.6 293.7 49.5 292.8
  49.4 291.8 49.3 290.9 49.2 290.1 49.2 289.2 49.1 288.4 49.1 287.6 49.1 286.7
  49.1 285.9 49.1 285.1 49.1 284.2 49.0 283.4 49.1 282.6 49.1 281.7 49.1 280.9
  49.0 280.0 49.0 279.2 49.1 278.4 49.2 277.6 49.3 276.8 49.5 276.0 49.6 275.3
  49.8 274.6 50.0 273.8 50.1 273.2 50.3 272.7 50.4 272.2 50.6 271.7 50.8 271.3
  50.9 270.9 51.0 270.5 51.1 270.1 51.2 269.7 51.3 269.3 51.3 269.0 51.4 268.7
  51.4 268.4 51.4 268.1 51.3 267.8 51.3 267.6 51.3 267.3 51.3 267.1 51.3 266.8
  51.3 266.5 51.3 266.2 51.4 265.9 51.4 265.6 51.5 265.3 51.6 264.9 51.7 264.6
  51.9 264.2 52.0 263.8 52.1 263.4 52.2 262.9 52.3 262.5 52.5 262.0 52.6 261.5
  52.7 261.0 52.8 260.4 52.9 259.9 53.0 259.3 53.1 258.7 53.1 258.0 53.2 257.3
  53.2 256.6 53.2 255.9 53.2 255.1 53.2 254.3 53.3 253.5 53.4 252.6 53.5 251.7
  53.5 250.8 53.6 249.8 53.6 248.8 53.7 247.7 53.8 246.7 53.9 245.6 54.0 244.6
  54.2 243.7 54.3 242.9 54.5 242.1 54.6 241.3 54.8 240.4 54.9 239.6 54.9 238.7
  55.0 237.8 55.0 237.0 55.0 236.1 55.0 235.3 55.0 234.4 55.0 233.6 55.0 232.7
  55.0 231.9 54.8 231.1 54.7 230.3 54.6 229.4 54.4 228.6 54.3 227.9 54.1 227.1
  53.8 226.3 53.5 225.4 53.3 224.5 53.1 223.6 52.7 222.7 52.3 221.8 51.9 221.0
  51.6 220.1 51.2 219.2 50.6 218.3 50.0 217.5 49.5 216.6 49.0 215.7 48.2 214.9
  47.5 214.0 46.9 213.2 46.3 212.3 45.8 211.4 45.2 210.6 44.6 209.8 44.0 209.0
  43.5 208.1 43.0 207.4 42.5 206.6 41.9 205.8 41.5 205.1 41.0 204.4 40.6 203.6
  40.1 202.7 39.6 201.8 39.2 200.9 38.8 199.9 38.3 198.9 37.9 197.7 37.5 196.6
  37.1 195.4 36.8 194.1 36.4 192.7 36.0 191.3 35.7 189.9 35.5 188.6 35.2 187.3
  35.1 186.0 34.9 184.7 34.8 183.5 34.8 182.2 34.7 181.0 34.7 179.8 34.8 178.6
  34.9 177.5 35.0 176.3 35.1 175.2 35.3 174.0 35.4 172.9 35.5 171.8 35.7 170.6
  35.8 169.5 35.9 168.4 36.0 167.3 36.2 165.9 36.3 164.6 36.5 163.2 36.6 161.8
  36.8 160.5 36.9 159.1 37.0 157.9 37.1 156.6 37.2 155.4 37.3 154.2 37.5 153.1
  37.6 152.1 37.7 151.0 37.8 150.1
  11 14 52  0.0
  72.5 321.4 72.2 319.9 71.9 318.5 71.6 317.1 71.4 315.7 71.1 314.4 70.9 313.1
  70.6 311.8 70.4 310.6 70.1 309.3 69.8 308.1 69.6 307.1 69.3 306.1 68.9 305.1
  68.6 304.1 68.3 303.3 67.9 302.4 67.5 301.8 67.1 301.1 66.7 300.5 66.3 300.0
  65.9 299.4 65.5 299.1 65.1 298.8 64.7 298.5 64.4 298.3 64.1 298.0 63.8 297.7
  63.5 297.7 63.2 297.7 63.0 297.7 62.7 297.7 62.5 297.8 62.3 297.8 62.1 297.9
  61.9 298.0 61.7 298.2 61.5 298.3 61.3 298.5 61.2 298.6 61.0 298.7 60.8 298.7
  60.7 298.7 60.5 298.7 60.4 298.7 60.2 298.6 60.1 298.6 60.0 298.4 59.9 298.3
  59.8 298.1 59.7 297.9 59.6 297.7 59.5 297.5 59.4 297.3 59.3 297.0 59.3 296.8
  59.2 296.6 59.1 296.3 59.1 296.1 59.0 295.8 59.0 295.5 59.0 295.2 59.0 294.9
  59.0 294.5 58.9 294.2 58.9 293.8 58.8 293.4 58.8 293.0 58.7 292.6 58.6 292.1
  58.5 291.6 58.3 291.1 58.1 290.6 58.0 290.1 57.8 289.7 57.6 289.3 57.4 288.9
  57.3 288.4 57.1 288.0 56.9 287.4 56.7 286.9 56.6 286.3 56.5 285.6 56.4 284.9
  56.3 284.1 56.3 283.3 56.3 282.3 56.4 281.3 56.4 280.3 56.5 279.2 56.6 278.0
  56.7 276.8 56.8 275.6 57.0 274.4 57.2 273.1 57.4 271.8 57.8 270.5 58.1 269.3
  58.5 268.2 58.8 267.1 59.3 266.0 59.8 265.0 60.2 264.0 60.8 263.4 61.3 262.7
  61.8 262.0 62.3 261.4 62.9 260.8 63.4 260.2 63.9 259.6 64.3 258.9 64.7 258.2
  65.2 257.5 65.7 256.7 66.1 255.9 66.5 255.1 66.9 254.3 67.3 253.4 67.8 252.5
  68.2 251.6 68.6 250.6 68.9 249.6 69.3 248.6 69.7 247.5 70.1 246.4 70.5 245.4
  70.9 244.4 71.3 243.4 71.6 242.4 72.0 241.3 72.5 240.4 72.9 239.5 73.3 238.6
  73.7 237.6 74.1 236.6 74.5 236.0 74.9 235.3 75.2 234.6 75.5 234.0 75.9 233.4
  76.2 232.8 76.5 232.5 76.9 232.3 77.2 232.0 77.6 231.8 77.9 231.7 78.2 231.6
  78.5 231.4 78.9 231.2 79.2 231.1 79.5 231.0 79.9 230.9 80.1 230.8 80.5 229.8
  80.8 228.8 81.1 227.7 81.4 226.6 81.7 225.4 82.0 224.2 82.3 222.9 82.5 220.2
  82.8 217.3 83.0 214.3 83.2 211.0 83.3 207.6 83.4 204.1 83.4 200.5 83.5 197.0
  83.4 193.4 83.4 190.0 83.2 186.7 83.1 183.6 82.9 180.7 82.7 178.0 82.5 175.6
  82.3 173.5 82.0 171.5 81.7 169.8 81.5 168.6 81.3 167.5 81.1 166.6 80.9 165.6
  80.7 164.7 80.4 163.8 80.2 163.0 80.0 162.1 79.8 161.3 79.6 160.4 79.4 159.6
  79.2 158.8 79.0 157.9 78.8 157.1 78.6 156.2 78.4 155.4 78.2 154.6 78.0 153.7
  77.8 152.9 77.6 152.0 77.4 151.1 77.3 150.2 77.1 149.4 76.9 148.5 76.7 147.7
  76.5 146.9 76.2 146.1 76.0 145.3 75.8 144.6 75.6 144.0 75.4 143.5 75.2 143.0
  75.0 142.5 74.7 142.1 74.5 141.8 74.2 141.5 74.0 141.2 73.7 141.1 73.5 141.1
  73.2 141.0 72.9 141.0 72.6 140.9 72.3 140.9 72.0 140.9 71.7 140.9 71.4 140.9
  71.1 141.0 70.8 141.0 70.5 141.0 70.1 141.0 69.8 141.0 69.5 140.9 69.2 140.7
  68.9 140.7 68.7 140.6 68.4 140.6 68.2 140.7 67.9 140.8 67.7 140.9 67.5 141.0
  67.2 141.1 67.0 141.3 66.8 141.4
  11 15 52  0.0
  72.5 321.4 72.1 319.1 71.8 316.9 71.4 315.2 71.1 313.6 70.8 312.1 70.4 310.7
  70.1 309.4 69.9 308.0 69.6 307.5 69.5 307.0 69.3 306.5 69.1 306.0 68.9 305.5
  68.7 305.0 68.5 304.5 68.3 304.0 68.1 303.5 67.9 303.0 67.6 302.9 67.4 302.8
  67.2 302.6 66.9 302.4 66.7 302.2 66.4 302.0 66.1 301.7 65.8 301.4 65.5 301.3
  65.1 301.2 64.8 301.1 64.4 300.9 64.1 300.7 63.7 300.4 63.3 300.4 62.9 300.3
  62.5 300.2 62.0 300.1 61.5 299.9 61.3 300.2 60.9 300.5 60.4 300.7 60.0 300.9
  59.6 301.2 59.2 301.7 58.7 302.1 58.3 302.4 57.8 302.7 57.4 302.8 57.0 302.9
  56.5 302.9 56.1 302.8 55.6 302.7 55.1 302.4 54.7 302.1 54.2 301.7 53.7 301.3
  53.1 300.8 52.6 300.2 52.1 299.6 51.4 299.0 50.8 298.5 50.1 297.9 49.3 297.4
  48.6 296.9 48.0 296.4 47.4 295.7 47.1 294.9 46.8 294.2 46.6 293.4 46.4 292.5
  46.2 291.6 46.3 290.7 46.3 289.7 46.3 288.8 46.3 287.8 46.4 286.8 46.5 285.7
  46.5 284.7 46.5 283.6 46.7 282.4 46.9 281.2 47.0 280.0 47.0 278.7 47.2 277.4
  47.5 276.1 47.7 274.8 48.2 273.5 48.7 272.2 49.3 270.8 50.0 269.6 50.7 268.5
  51.4 267.2 52.2 266.1 52.9 264.8 53.6 263.6 54.1 262.4 54.7 261.2 55.2 260.0
  55.6 258.8 56.0 257.6 56.3 256.4 56.7 255.5 57.1 254.6 57.6 253.7 58.0 252.9
  58.6 252.3 59.1 251.6 59.7 251.0 60.4 250.4 61.1 249.9 61.8 249.4 62.4 248.8
  63.0 248.3 63.6 247.8 64.0 247.2 64.5 246.7 64.8 246.2 65.2 245.6 65.5 245.0
  65.8 244.3 66.0 243.5 66.2 242.7 66.3 241.9 66.5 241.0 66.6 240.1 66.6 239.1
  66.7 238.0 66.7 236.9 66.7 235.7 66.7 234.5 66.7 233.3 66.7 232.0 66.8 230.6
  66.9 229.2 66.9 227.7 66.9 226.2 66.8 224.8 66.8 223.4 66.6 222.2 66.4 221.0
  66.2 219.9 65.9 219.0 65.6 218.2 65.2 217.5 64.8 216.9 64.3 216.3 63.9 215.9
  63.4 215.5 62.8 215.2 62.2 215.0 61.6 214.7 61.0 214.3 60.3 213.9 59.6 213.5
  58.9 212.9 58.2 212.2 57.5 211.5 56.9 210.6 56.3 209.7 55.7 208.9 55.2 208.3
  54.6 207.8 53.9 207.3 53.3 207.0 52.6 206.7 51.9 206.4 51.3 206.0 50.6 205.6
  50.0 205.2 49.4 204.8 48.8 204.0 48.2 203.3 47.8 202.5 47.5 201.5 47.2 200.4
  46.9 199.3 46.8 198.2 46.8 197.1 46.7 196.1 46.7 195.0 46.8 193.9 47.0 192.8
  47.1 191.7 46.9 190.7 46.8 189.6 46.8 188.6 46.7 187.5 46.4 186.4 46.1 185.3
  45.9 184.2 45.7 182.7 45.5 181.2 45.2 179.7 45.0 178.1 44.9 176.6 44.8 175.0
  44.7 173.4 44.7 171.9 44.6 170.3 44.5 168.7 44.3 167.1 44.0 165.6 43.7 164.2
  43.3 162.7 43.0 161.4 42.6 160.1 42.2 158.8 42.0 157.5 41.8 156.2 41.6 155.0
  41.4 153.7 41.2 152.4 41.1 151.1 40.8 149.9 40.5 148.6 40.3 147.2 40.1 145.9
  39.9 144.5 39.7 143.3 39.5 142.2 39.4 141.0 39.1 139.8 38.9 138.6 38.5 137.3
  38.2 136.1 37.8 134.8 37.7 133.7 37.5 132.7 37.3 131.6 37.2 130.5 37.1 129.4
  37.0 128.2 36.9 127.1 36.8 125.9 36.6 124.7 36.5 123.5 36.3 122.3 36.1 121.2
  35.9 120.1 35.8 119.1 35.7 118.1
  11 16 52  0.0
  72.5 321.4 71.9 319.0 71.3 317.1 70.7 315.3 70.1 313.7 69.5 312.2 68.9 311.3
  68.5 310.5 68.0 309.8 67.5 309.8 67.0 309.8 66.4 309.9 65.8 310.0 65.2 310.4
  64.6 310.7 63.9 311.1 63.3 311.6 62.7 312.0 62.0 312.5 61.2 313.4 60.5 314.2
  59.7 315.0 58.9 316.0 58.0 316.9 57.0 317.7 56.0 318.2 54.9 318.8 53.8 318.9
  52.7 318.7 51.5 318.5 50.4 318.0 49.3 317.5 48.3 316.7 47.3 315.9 46.4 315.0
  45.5 314.1 44.6 313.2 43.6 312.2 42.7 311.2 42.0 310.2 41.3 309.0 40.6 307.7
  40.4 306.4 40.2 305.1 40.0 303.7 40.4 302.4 40.7 301.1 41.1 299.8 41.7 298.7
  42.3 297.5 42.9 296.3 43.6 295.2 44.0 294.1 44.5 293.0 45.0 291.9 45.4 290.8
  45.7 289.8 46.1 288.9 46.5 287.8 47.0 286.9 47.4 286.0 48.0 285.0 48.5 284.1
  49.0 283.1 49.7 282.1 50.3 281.0 51.0 279.8 51.4 278.6 51.8 277.4 52.3 276.2
  52.7 275.1 53.0 274.0 53.3 272.9 53.6 271.9 53.9 270.9 54.3 270.0 54.7 269.5
  55.1 269.0 55.6 268.6 56.2 268.2 56.8 268.0 57.5 267.9 58.0 267.7 58.6 267.5
  59.2 267.2 59.9 267.0 60.6 266.7 61.3 265.8 62.0 264.8 62.8 263.5 63.2 262.1
  63.6 260.8 64.1 259.6 64.3 258.2 64.6 256.9 64.8 255.5 64.9 254.3 65.0 253.1
  65.1 252.0 65.2 251.0 65.2 250.0 65.2 249.0 65.2 248.0 65.2 247.1 65.2 246.3
  65.1 245.5 65.0 244.7 65.0 244.1 64.9 243.5 64.7 242.9 64.5 242.4 64.3 241.9
  64.2 241.4 64.1 240.9 64.0 240.5 63.9 240.1 63.8 239.7 63.7 239.3 63.6 238.9
  63.6 238.4 63.5 238.0 63.5 237.5 63.4 236.9 63.4 236.4 63.4 235.9 63.3 235.4
  63.1 234.9 63.0 234.4 62.8 234.0 62.6 233.6 62.4 233.2 62.2 232.8 62.0 232.5
  61.7 232.3 61.5 232.2 61.2 232.0 60.8 231.8 60.3 231.5 59.8 231.3 59.3 231.1
  58.8 230.9 58.3 230.7 57.8 230.4 57.4 230.2 56.9 229.9 56.5 229.7 56.0 229.3
  55.6 229.0 55.1 228.6 54.7 228.3 54.3 227.9 53.8 227.5 53.3 227.2 52.7 226.9
  52.2 226.7 51.6 226.4 51.0 226.3 50.4 226.2 49.8 226.0 49.1 225.9 48.4 225.7
  47.7 225.5 47.0 225.2 46.4 224.9 45.7 224.6 45.0 224.2 44.4 223.8 43.7 223.3
  43.1 222.8 42.6 222.3 42.0 221.8 41.5 221.4 41.0 220.8 40.6 220.2 40.1 219.6
  39.9 219.0 39.6 218.4 39.4 217.7 39.2 217.1 39.0 216.5 38.9 215.8 38.8 215.2
  38.7 214.5 38.6 213.8 38.5 213.1 38.4 212.4 38.3 211.6 38.1 210.8 38.0 209.9
  37.9 209.0 37.7 208.1 37.6 207.3 37.5 206.4 37.5 205.5 37.5 204.6 37.4 203.7
  37.5 202.8 37.5 201.9 37.6 201.0 37.7 200.1 37.8 199.3 37.9 198.4 38.1 197.6
  38.2 196.4 38.4 195.3 38.6 194.2 38.8 193.1 39.0 192.0 39.2 190.9 39.4 189.8
  39.5 188.7 39.7 187.5 39.8 186.4 39.9 185.2 40.1 184.0 40.3 182.6 40.3 181.1
  40.4 179.5 40.4 178.0 40.5 176.4 40.5 174.8 40.5 173.2 40.6 171.6 40.5 170.1
  40.4 168.6 40.2 167.1 39.9 165.6 39.5 164.2 39.1 162.8 38.6 161.4 38.2 160.0
  37.9 158.6 37.7 157.3 37.5 156.0 37.3 154.8 37.1 153.6 36.9 152.4 36.7 151.3
  36.5 150.3 36.2 149.2 36.0 148.2
  11 17 52  0.0
  72.5 321.4 71.8 319.4 71.2 317.9 70.5 316.4 69.8 314.9 69.2 313.9 68.5 312.9
  67.9 311.8 67.4 311.1 66.9 310.4 66.5 309.7 66.0 308.9 65.6 308.0 65.3 307.8
  64.9 307.6 64.6 307.4 64.3 307.2 64.0 307.1 63.7 307.0 63.5 307.3 63.2 307.6
  62.9 307.9 62.7 308.2 62.3 308.6 61.9 309.0 61.5 309.6 61.1 310.3 60.7 311.0
  60.2 311.8 59.8 312.5 59.2 313.4 58.5 314.3 57.8 315.1 57.1 315.8 56.3 316.5
  55.3 317.2 54.3 317.5 53.2 317.9 52.2 317.9 51.1 317.8 50.0 317.4 49.0 316.9
  48.1 316.2 47.2 315.4 46.5 314.5 45.8 313.5 45.2 312.4 44.5 311.2 44.2 310.1
  43.9 308.9 43.6 307.8 43.8 306.6 43.9 305.5 44.1 304.4 44.2 303.4 44.9 302.4
  45.6 301.4 46.3 300.5 47.0 299.4 47.9 298.3 48.8 297.1 49.6 295.8 50.4 294.4
  51.1 293.2 51.8 291.9 52.3 290.5 52.8 289.5 53.3 288.6 53.8 287.6 54.2 286.5
  54.7 286.2 55.2 285.8 55.7 285.5 56.1 285.1 56.6 285.2 57.0 285.3 57.3 285.4
  57.7 285.6 58.0 285.8 58.3 286.1 58.6 286.6 58.8 287.1 59.0 287.6 59.2 288.2
  59.3 288.9 59.5 289.6 59.6 290.3 59.6 291.0 59.7 291.7 59.7 292.4 59.7 293.1
  59.6 293.8 59.5 294.4 59.4 295.0 59.3 295.6 59.2 296.1 59.0 296.6 58.8 297.1
  58.6 297.5 58.3 297.8 58.1 298.1 57.9 298.3 57.6 298.3 57.4 298.2 57.1 298.0
  56.8 297.9 56.5 297.6 56.2 297.4 55.8 297.1 55.4 296.6 55.0 296.2 54.6 295.8
  54.2 295.4 53.9 295.1 53.6 294.7 53.3 294.3 53.1 293.8 52.8 293.4 52.6 293.0
  52.4 292.6 52.2 292.1 52.0 291.7 51.9 291.2 51.8 290.5 51.7 289.8 51.6 289.1
  51.5 288.3 51.4 287.5 51.1 286.7 50.9 285.9 50.6 285.0 50.3 284.1 49.9 283.2
  49.7 282.0 49.5 280.8 49.3 279.6 49.5 278.3 49.7 277.0 49.9 275.8 50.4 274.5
  50.9 273.2 51.4 271.9 52.1 270.6 52.8 269.4 53.4 268.1 54.1 266.8 54.7 265.5
  55.2 264.2 55.8 262.9 56.2 261.5 56.7 260.4 57.2 259.3 57.6 258.1 58.1 257.1
  58.6 256.3 59.1 255.5 59.8 254.8 60.4 254.1 61.1 253.6 61.8 253.1 62.5 252.6
  63.2 252.3 63.8 251.9 64.3 251.5 64.8 251.2 65.3 250.8 65.7 250.4 66.1 249.9
  66.5 249.4 66.8 248.8 67.1 248.2 67.4 247.5 67.6 246.7 67.7 245.9 67.8 245.0
  67.9 244.0 68.0 243.0 68.0 241.9 67.9 240.8 67.9 239.6 67.8 238.3 67.8 236.9
  67.8 235.6 67.8 234.2 67.8 232.8 67.8 231.4 67.8 230.0 67.8 228.6 67.8 227.2
  67.7 225.9 67.6 224.7 67.5 223.6 67.3 222.6 67.0 221.6 66.7 220.8 66.3 220.1
  65.9 219.5 65.5 219.0 65.0 218.6 64.4 218.2 63.8 217.9 63.2 217.5 62.5 217.2
  61.8 216.9 61.0 216.3 60.3 215.8 59.6 215.2 58.9 214.5 58.2 213.8 57.6 213.1
  56.9 212.4 56.3 211.8 55.6 211.3 55.0 210.9 54.3 210.6 53.6 210.3 52.8 210.0
  52.1 209.8 51.3 209.7 50.6 209.3 49.8 208.9 49.1 208.3 48.4 207.7 47.9 207.0
  47.4 206.1 47.0 205.1 46.7 204.1 46.3 203.1 46.2 202.1 46.1 201.1 46.0 200.0
  45.9 198.9 45.9 197.7 45.9 196.6 45.9 195.5 46.0 194.4 46.1 193.4 46.2 192.4
  46.3 191.5 46.3 190.6 46.4 189.7
  11 18 52  0.0
  72.5 321.4 72.2 319.8 71.9 318.2 71.6 317.1 71.3 316.0 71.1 314.9 70.8 313.8
  70.4 312.8 70.1 311.9 69.8 310.9 69.4 310.5 69.1 310.1 68.7 309.8 68.2 309.5
  67.7 309.1 67.3 308.9 66.9 308.7 66.4 308.4 66.0 308.1 65.6 307.7 65.3 307.3
  65.1 306.9 64.9 306.5 64.7 306.0 64.5 305.6 64.3 305.1 64.1 304.6 63.9 304.1
  63.7 303.7 63.6 303.4 63.5 303.1 63.4 302.8 63.3 302.6 63.2 302.3 63.0 302.0
  62.9 301.7 62.8 301.5 62.6 301.2 62.5 301.0 62.4 300.8 62.3 300.6 62.3 300.4
  62.2 300.2 62.1 300.1 62.1 300.0 62.2 299.9 62.4 299.8 62.6 299.8 62.7 299.8
  62.9 299.9 63.0 300.0 63.2 300.1 63.1 300.3 63.0 300.5 62.9 300.8 62.9 301.2
  62.8 301.5 62.8 302.0 62.7 302.4 62.7 302.9 62.6 303.5 62.6 304.1 62.1 304.6
  61.7 305.2 61.3 306.0 60.9 306.8 60.5 307.6 60.2 308.6 59.6 309.5 59.0 310.6
  58.4 311.7 57.7 312.8 56.9 313.7 55.9 314.5 54.9 314.9 53.9 315.2 52.8 315.0
  51.8 314.8 50.7 314.2 49.7 313.5 48.8 312.6 47.9 311.6 47.3 310.7 46.7 309.8
  46.0 308.9 45.3 308.0 45.2 307.0 45.2 306.1 45.1 305.1 44.9 304.1 44.8 303.0
  45.4 301.9 46.0 300.8 46.5 299.6 47.4 298.4 48.2 297.2 48.9 295.9 49.6 294.6
  50.3 293.4 51.0 292.2 51.6 291.0 52.1 289.8 52.6 288.9 53.1 288.0 53.7 287.0
  54.2 286.0 54.8 285.8 55.3 285.6 55.8 285.4 56.2 285.2 56.6 285.5 56.9 285.8
  57.2 286.0 57.5 286.2 57.7 286.5 57.8 286.7 58.0 286.9 58.1 287.0 58.2 287.4
  58.2 287.7 58.3 288.0 58.3 288.2 58.2 288.5 58.1 288.7 58.0 288.9 57.9 289.1
  57.7 289.1 57.6 289.1 57.4 289.1 57.2 289.0 57.0 288.8 56.8 288.7 56.6 288.4
  56.3 288.2 56.1 287.9 56.1 287.7 56.0 287.4 56.0 287.1 55.9 286.6 55.8 286.1
  55.7 285.6 55.6 285.0 55.4 284.5 55.3 283.9 55.2 283.3 55.1 282.8 55.0 282.3
  54.9 281.7 54.7 281.2 54.5 280.7 54.2 280.3 54.0 279.9 54.0 278.8 53.9 277.8
  53.9 276.7 53.8 275.5 54.3 274.3 54.9 273.9 55.3 273.4 55.8 272.8 56.2 272.1
  56.5 271.8 57.3 271.5 58.0 271.0 58.6 270.8 59.2 270.5 59.7 270.1 60.2 269.6
  60.7 269.4 61.1 269.2 61.5 268.9 61.9 268.5 62.3 268.2 62.7 268.1 63.1 268.1
  63.5 268.1 63.8 268.1 64.2 268.1 64.6 268.1 65.0 268.2 65.5 268.3 65.9 268.4
  66.3 268.5 66.8 268.6 67.3 268.5 67.8 268.5 68.3 268.4 68.8 268.2 69.4 268.0
  69.9 267.8 70.5 267.5 71.1 267.0 71.7 266.5 72.2 265.9 72.8 265.2 73.3 264.4
  73.8 263.5 74.2 262.6 74.6 261.7 75.0 260.8 75.4 259.9 75.7 258.9 76.0 258.0
  76.3 257.4 76.7 256.9 77.0 256.3 77.2 255.8 77.5 255.3 77.8 254.8 78.2 254.3
  78.5 254.3 78.9 254.2 79.2 254.2 79.6 254.1 79.9 254.1 80.3 254.0 80.7 254.1
  81.1 254.1 81.5 254.1 81.9 254.2 82.3 254.2 82.8 254.0 83.2 253.9 83.6 253.6
  84.0 253.3 84.5 252.5 85.0 251.5 85.4 250.2 85.8 248.5 86.1 246.3 86.6 243.1
  87.0 238.9 87.4 233.2 87.6 225.6 87.8 215.7 87.9 203.2 87.9 189.0 87.8 174.8
  87.7 163.5 87.6 155.4 87.4 149.5
  11 19 52  0.0
  72.5 321.4 72.4 319.6 72.4 317.8 72.4 315.9 72.4 314.0 72.5 312.1 72.5 310.0
  72.6 307.8 72.7 305.6 72.8 303.2 72.8 300.7 72.8 298.2 72.8 295.6 72.6 293.1
  72.5 290.7 72.2 288.4 72.0 286.4 71.7 284.5 71.4 282.7 71.1 281.0 70.7 279.4
  70.4 277.8 70.1 276.3 69.8 274.9 69.5 273.2 69.2 271.5 68.9 270.0 68.5 268.5
  68.2 267.0 67.8 265.7 67.4 264.2 67.0 262.8 66.5 261.4 66.1 260.2 65.6 259.0
  65.1 257.7 64.6 256.5 64.1 255.4 63.6 254.2 63.2 253.1 62.8 252.0 62.4 251.0
  62.1 250.1 61.9 249.1 61.6 248.1 61.3 247.2 61.2 246.2 61.0 245.3 60.9 244.5
  60.8 243.6 60.7 242.8 60.6 242.0 60.5 241.2 60.4 240.4 60.3 239.5 60.1 238.7
  59.9 237.9 59.7 236.8 59.4 235.8 59.1 234.7 58.7 233.5 58.2 232.3 57.9 231.1
  57.5 229.8 57.1 228.5 56.8 227.2 56.5 225.9 56.2 224.6 56.0 223.3 55.8 222.0
  55.6 220.7 55.4 219.4 55.1 218.1 54.8 216.8 54.5 215.4 53.9 214.0 53.4 212.6
  52.9 211.1 52.2 209.6 51.4 208.1 50.6 206.7 49.8 205.2 48.9 203.7 48.1 202.3
  47.3 200.9 46.4 199.5 45.8 198.2 45.2 196.8 44.7 195.5 44.4 194.1 44.0 192.6
  43.7 191.2 43.5 189.8 43.2 188.5 42.9 187.0 42.5 185.6 42.2 184.1 41.8 182.5
  41.4 181.1 41.0 179.6 40.5 178.0 40.1 176.4 39.6 174.8 39.3 173.3 38.9 171.8
  38.6 170.1 38.4 168.4 38.1 166.7 37.9 164.8 37.8 163.0 37.7 161.2 37.6 159.4
  37.6 157.5 37.6 155.8 37.8 154.0 38.0 152.3 38.2 150.7 38.4 149.2 38.6 147.7
  38.7 146.2 38.8 144.7 38.9 143.2 39.1 141.6 39.2 140.0 39.7 138.3 40.1 136.7
  40.6 135.2 41.1 133.9 41.6 132.5 42.1 131.2 42.5 130.1 42.9 128.9 43.4 127.9
  43.7 126.8 44.0 125.8 44.4 124.8 44.8 123.8 45.0 122.9 45.2 122.0 45.4 121.1
  45.6 120.2 45.8 119.4 45.8 118.5 45.8 117.7 45.9 116.9 45.9 116.1 46.0 115.2
  46.0 114.4 46.0 113.6 46.0 112.8 46.1 112.1 46.1 111.3 46.3 110.6 46.4 109.9
  46.5 109.2 46.7 108.6 46.8 107.9 47.0 107.3 47.3 106.7 47.5 106.0 47.7 105.4
  48.0 104.7 48.2 104.1 48.4 103.4 48.5 102.7 48.6 102.0 48.6 101.3 48.7 100.5
  48.7  99.8 48.4  99.0 48.0  98.2 47.6  97.5 47.3  96.7 47.0  95.9 46.8  94.9
  46.6  93.9 46.5  92.8 46.4  91.5 47.0  89.9 47.5  88.1 48.0  85.9 48.5  83.4
  48.7  80.6 48.9  77.9 49.0  76.3 49.2  74.8 49.2  73.5 49.2  72.4 49.2  71.4
  49.6  70.6 50.1  69.9 50.7  69.8 51.4  69.7 52.1  69.6 52.9  69.7 53.7  69.8
  54.4  69.9 55.2  70.0 55.9  70.2 56.6  70.3 57.3  70.7 58.0  71.0 58.7  71.3
  59.4  71.7 60.0  72.0 60.5  72.4 61.1  72.7 61.6  73.1 62.1  73.5 62.6  73.9
  63.0  74.2 63.4  74.6 63.8  74.9 64.1  75.3 64.4  75.4 64.7  75.4 64.9  75.4
  65.2  75.4 65.4  75.4 65.5  75.4 65.7  75.3 65.8  75.2 65.9  75.0 66.0  74.9
  66.1  74.2 66.1  73.4 66.2  72.6 66.2  71.7 66.2  70.8 66.1  69.9 66.1  69.0
  66.1  68.1 66.1  67.4 66.1  66.6 66.2  66.0 66.2  65.4 66.3  64.8 66.3  64.3
  66.4  63.8 66.4  63.4 66.5  63.1
  11 20 52  0.0
  72.5 321.4 72.6 319.0 72.6 316.5 72.6 313.9 72.6 311.2 72.5 308.4 72.4 305.6
  72.3 302.8 72.1 300.0 71.8 297.2 71.5 294.7 71.2 292.3 70.9 290.0 70.4 287.8
  69.9 285.7 69.4 283.9 68.8 282.3 68.2 280.7 67.6 279.2 67.1 277.8 66.5 276.5
  66.0 275.1 65.5 273.9 65.0 272.7 64.5 271.5 64.0 270.3 63.5 269.2 63.1 268.3
  62.6 267.4 62.2 266.5 61.8 265.6 61.4 265.0 61.0 264.4 60.5 263.9 60.2 263.3
  59.9 262.8 59.6 262.5 59.2 262.3 58.9 262.0 58.6 261.7 58.2 261.3 57.9 260.9
  57.5 260.6 57.2 260.3 56.9 259.9 56.8 259.5 56.7 259.1 56.6 258.5 56.5 258.0
  56.4 257.4 56.2 256.7 56.0 256.0 55.9 255.3 55.9 254.6 55.8 253.9 55.8 253.2
  55.7 252.3 55.7 251.4 55.6 250.4 55.6 249.3 55.5 248.2 55.4 247.0 55.3 245.8
  55.2 244.6 55.1 243.4 55.0 242.2 54.9 241.0 54.9 239.8 54.9 238.7 54.9 237.5
  54.9 236.4 55.0 235.3 54.9 234.1 54.9 233.0 54.8 231.8 54.6 230.7 54.4 229.5
  54.1 228.4 53.9 227.1 53.6 226.0 53.2 224.9 52.9 223.8 52.5 222.6 52.1 221.4
  51.8 220.2 51.4 219.1 51.1 217.9 50.8 216.7 50.6 215.5 50.3 214.2 50.1 212.9
  49.8 211.5 49.4 210.2 49.0 208.8 48.5 207.4 47.9 205.9 47.3 204.5 46.7 203.0
  46.0 201.5 45.3 200.1 44.6 198.7 44.0 197.2 43.4 195.8 43.1 194.3 42.8 192.7
  42.4 191.2 42.3 189.6 42.1 187.9 42.0 186.3 41.8 184.7 41.7 183.1 41.5 181.4
  41.3 179.7 41.0 178.0 40.8 176.2 40.5 174.3 40.3 172.4 40.0 170.5 39.8 168.4
  39.6 166.6 39.4 164.7 39.3 162.8 39.3 160.9 39.3 159.1 39.4 157.3 39.5 155.6
  39.6 154.0 39.7 152.4 39.8 150.8 39.9 149.2 39.9 147.6 39.8 146.0 39.8 144.4
  39.7 142.8 39.7 141.1 39.7 139.4 39.9 137.6 40.2 135.8 40.5 134.2 40.8 132.6
  41.1 131.1 41.4 129.7 41.8 128.3 42.1 127.0 42.3 125.8 42.6 124.7 42.9 123.5
  43.0 122.5 43.1 121.4 43.2 120.4 43.3 119.4 43.3 118.4 43.2 117.5 43.1 116.5
  43.1 115.6 42.9 114.6 42.8 113.7 42.6 112.7 42.5 111.8 42.4 110.8 42.3 109.8
  42.3 108.8 42.2 107.9 42.3 106.9 42.4 106.0 42.5 105.1 42.6 104.3 42.7 103.4
  42.8 102.6 42.9 101.9 43.0 101.2 43.1 100.5 43.2  99.9 43.1  99.3 43.0  98.7
  42.9  98.1 42.7  97.5 42.6  96.9 42.4  96.3 42.2  95.8 41.8  95.2 41.5  94.6
  41.2  94.0 40.9  93.5 40.6  92.9 40.3  92.3 40.1  91.7 39.9  91.2 39.8  90.7
  39.8  90.2 39.7  89.7 39.6  89.3 39.6  88.9 39.6  88.6 39.5  88.3 39.5  88.1
  39.5  88.0 39.5  87.9 39.5  87.8 39.5  87.8 39.5  87.9 39.4  88.0 39.4  88.1
  39.5  88.3 39.6  88.5 39.7  88.7 39.9  88.8 40.1  88.9 40.2  89.4 40.4  89.8
  40.6  90.1 40.9  90.2 41.1  90.3 41.4  90.3 41.7  90.3 42.0  90.3 42.3  89.9
  42.7  89.5 43.0  89.2 43.3  88.8 43.5  88.4 43.8  87.9 43.8  87.5 43.9  87.0
  43.9  86.4 43.9  85.8 43.8  85.2 43.7  84.4 43.6  83.7 43.6  82.8 43.5  82.0
  43.4  81.2 43.3  80.3 43.3  79.5 43.3  78.9 43.4  78.3 43.5  77.7 43.5  77.1
  43.6  76.5 43.6  75.9 43.8  75.3
  11 21 52  0.0
  72.5 321.4 72.8 318.5 73.0 315.5 73.2 312.5 73.3 309.5 73.3 306.4 73.3 303.4
  73.2 300.3 73.1 297.4 72.9 294.5 72.6 291.7 72.2 289.1 71.8 286.6 71.4 284.8
  70.9 283.2 70.4 281.7 69.8 280.4 69.2 279.6 68.6 278.8 68.0 278.1 67.3 277.7
  66.7 277.4 65.9 277.0 65.2 276.6 64.5 276.2 63.7 275.8 63.1 275.4 62.4 274.9
  61.8 274.5 61.1 274.2 60.5 274.0 60.0 273.8 59.4 273.8 58.9 273.9 58.4 274.0
  57.8 274.1 57.3 274.4 56.8 274.7 56.3 275.0 55.8 275.2 55.2 275.3 54.6 275.5
  54.0 275.5 53.4 275.4 52.6 275.2 51.8 275.1 51.0 274.8 50.1 274.5 49.0 274.2
  48.0 273.8 46.9 273.3 45.8 272.8 44.8 272.2 43.7 271.5 42.7 270.8 41.7 270.0
  40.8 269.0 39.9 267.8 39.4 266.7 38.9 265.5 38.3 264.2 37.7 263.0 37.5 261.9
  37.3 260.9 37.1 260.0 37.1 259.1 37.2 258.2 37.1 257.5 37.1 256.8 37.0 256.1
  36.9 255.6 37.1 255.0 37.3 254.5 37.6 254.0 37.8 253.5 38.0 253.1 38.2 252.7
  38.4 252.5 38.7 252.4 38.9 252.3 39.1 252.1 39.3 252.0 39.7 251.9 40.0 251.7
  40.4 251.9 40.8 252.0 41.1 252.1 41.3 252.2 41.5 252.3 41.7 252.3 41.8 252.3
  41.9 252.3 42.0 252.3 42.0 252.3 42.0 252.5 42.0 252.6 42.0 252.7 41.9 252.6
  41.8 252.5 41.6 252.3 41.4 252.1 41.2 252.0 41.0 251.8 40.8 251.6 40.6 251.4
  40.3 251.2 39.9 251.0 39.4 250.7 38.9 250.4 38.3 250.1 37.6 249.8 36.9 249.2
  36.2 248.6 35.5 248.1 34.7 247.1 34.3 246.0 33.8 245.0 33.4 243.6 33.3 242.2
  33.1 240.8 33.0 239.5 33.3 238.1 33.5 236.8 33.7 235.5 34.6 234.3 35.5 233.4
  36.5 232.6 37.4 232.2 38.4 231.7 39.6 231.5 40.8 231.2 42.0 230.9 43.1 230.5
  44.1 230.1 45.1 229.5 46.0 228.8 46.9 228.0 47.6 227.2 48.5 226.3 49.3 225.3
  50.1 224.3 50.9 223.3 51.5 222.2 52.0 221.1 52.6 220.0 52.9 218.8 53.2 217.5
  53.5 216.2 53.8 214.8 53.9 213.3 54.1 211.9 54.2 210.6 54.4 209.3 54.6 208.0
  54.6 206.7 54.7 205.3 54.8 203.9 54.7 202.5 54.5 201.1 54.4 199.6 54.0 198.2
  53.6 196.8 53.3 195.2 52.7 193.6 52.1 191.9 51.3 190.2 50.6 188.3 49.9 186.3
  49.1 184.2 48.3 182.0 47.6 179.8 47.0 177.5 46.3 175.3 45.5 173.4 44.5 171.6
  43.4 170.0 42.1 168.3 40.7 166.7 39.5 164.8 38.2 162.8 37.3 160.8 36.4 158.7
  36.1 156.6 35.9 154.7 36.1 152.9 36.4 151.4 36.7 149.9 37.1 148.4 37.4 146.9
  37.4 145.4 37.5 143.9 37.6 142.2 37.7 140.4 37.7 138.6 38.0 136.8 38.3 134.8
  38.7 132.8 39.2 130.8 39.6 129.1 40.1 127.5 40.5 126.0 40.8 124.6 41.3 123.3
  41.5 122.1 41.9 121.0 42.2 120.0 42.4 119.1 42.7 118.2 42.9 117.3 43.2 116.4
  43.4 115.5 43.6 114.7 43.8 113.8 44.0 112.9 44.3 112.1 44.5 111.2 44.7 110.4
  45.0 109.5 45.2 108.7 45.5 107.9 45.7 107.0 45.9 106.2 46.1 105.4 46.3 104.6
  46.5 103.9 46.5 103.1 46.6 102.3 46.6 101.6 46.6 100.8 46.6 100.0 46.6  99.2
  46.3  98.4 46.1  97.5 45.9  96.6 45.8  95.7 45.8  94.8 45.9  93.8 45.9  92.8
  46.0  91.7 46.4  90.6 46.8  89.1
  11 22 52  0.0
  72.5 321.4 73.1 318.5 73.6 315.5 73.9 312.5 74.2 309.5 74.4 306.5 74.5 303.6
  74.5 300.9 74.5 298.3 74.5 295.8 74.4 293.3 74.3 290.9 74.1 288.5 74.0 286.1
  73.8 284.2 73.6 282.4 73.4 280.7 73.1 279.0 72.9 277.3 72.5 275.8 72.2 274.3
  71.8 272.9 71.5 272.5 71.1 272.1 70.7 271.7 70.3 271.4 69.9 271.0 69.4 271.3
  69.0 271.6 68.5 271.9 67.9 272.1 67.3 272.7 66.7 273.3 66.0 273.8 65.3 274.2
  64.5 274.5 63.7 274.8 62.9 274.6 62.1 274.4 61.3 274.2 60.6 273.9 59.9 273.6
  59.2 273.2 58.5 272.9 57.9 272.7 57.3 272.5 56.8 272.3 56.2 272.2 55.6 272.1
  55.1 272.1 54.6 272.1 54.0 272.1 53.4 272.2 52.9 272.3 52.2 272.3 51.5 272.4
  50.7 272.3 49.9 272.3 49.0 272.0 48.7 271.7 48.4 271.3 48.0 271.0 47.6 270.4
  47.1 269.8 46.6 269.2 46.1 268.7 45.4 268.2 44.8 267.5 44.7 266.8 44.6 266.1
  44.5 265.5 44.3 264.9 44.1 264.3 43.9 263.8 44.4 262.9 45.0 262.4 45.5 261.8
  46.1 261.3 46.6 260.9 47.2 260.6 47.6 260.2 48.1 259.8 49.0 259.6 49.9 259.3
  50.6 259.0 51.2 258.9 51.7 258.7 52.2 258.5 52.6 258.4 52.9 258.3 53.2 258.1
  53.4 258.0 53.6 257.8 53.8 257.6 53.9 257.4 54.0 257.2 54.1 256.9 54.1 256.5
  54.1 256.0 54.1 255.5 54.3 254.9 54.4 254.2 54.5 253.5 54.6 252.7 54.6 251.8
  54.7 250.8 54.7 249.8 54.6 248.8 54.6 247.6 54.5 246.5 54.4 245.3 54.3 244.0
  54.2 242.8 54.2 241.6 54.1 240.4 54.1 239.3 54.1 238.1 54.1 237.0 54.2 235.9
  54.1 234.7 54.1 233.6 54.1 232.5 54.0 231.3 53.8 230.3 53.6 229.3 53.4 228.2
  53.2 227.2 52.9 226.1 52.6 225.0 52.3 223.8 51.9 222.7 51.5 221.6 51.2 220.4
  50.8 219.3 50.6 218.2 50.3 217.0 50.0 215.8 49.8 214.5 49.6 213.3 49.4 212.0
  49.0 210.7 48.6 209.3 48.2 207.9 47.5 206.4 46.9 205.1 46.3 203.6 45.6 202.1
  44.9 200.8 44.3 199.4 43.7 197.9 43.2 196.5 42.6 195.0 42.3 193.5 42.0 192.0
  41.8 190.5 41.7 188.9 41.5 187.4 41.4 185.8 41.3 184.2 41.1 182.6 40.9 181.0
  40.7 179.3 40.5 177.5 40.2 175.7 40.0 173.9 39.8 172.2 39.6 170.5 39.3 168.7
  39.1 166.8 39.0 165.0 38.8 163.1 38.8 161.2 38.8 159.3 38.9 157.5 39.0 155.8
  39.1 154.1 39.2 152.5 39.3 150.9 39.3 149.3 39.4 147.7 39.3 146.1 39.3 144.5
  39.2 142.8 39.2 141.2 39.3 139.5 39.5 137.7 39.8 135.9 40.1 134.1 40.4 132.6
  40.8 131.1 41.0 129.6 41.4 128.3 41.7 127.0 41.9 125.8 42.2 124.7 42.4 123.6
  42.5 122.5 42.7 121.4 42.8 120.4 42.9 119.5 42.8 118.5 42.7 117.6 42.6 116.6
  42.5 115.7 42.4 114.8 42.2 113.8 42.1 112.9 42.0 111.9 41.9 111.0 41.9 110.1
  41.8 109.2 41.8 108.3 41.8 107.4 41.8 106.6 41.9 105.8 42.0 105.0 42.1 104.2
  42.1 103.4 42.2 102.6 42.3 101.9 42.4 101.2 42.5 100.6 42.5 100.0 42.4  99.4
  42.2  98.8 42.1  98.3 41.9  97.7 41.7  97.2 41.5  96.7 41.3  96.1 41.1  95.6
  40.8  95.1 40.5  94.5 40.2  94.0 40.0  93.4 39.7  92.8 39.4  92.3 39.2  91.8
  39.1  91.3 39.0  90.8 38.9  90.3
  11 23 52  0.0
  72.5 321.4 73.0 319.5 73.3 317.5 73.8 315.5 74.0 313.3 74.3 311.2 74.5 309.1
  74.7 307.0 74.7 305.0 74.7 303.1 74.5 301.3 74.3 299.7 73.9 298.3 73.5 297.1
  73.0 296.1 72.5 295.2 72.0 294.4 71.4 293.9 70.8 293.4 70.2 293.0 69.5 292.5
  68.9 292.2 68.3 291.9 67.8 291.6 67.3 291.3 66.8 291.1 66.3 290.8 65.8 290.6
  65.3 290.4 64.8 290.1 64.2 289.9 63.6 289.8 63.0 289.5 62.4 289.2 61.7 289.0
  61.0 288.8 60.3 288.5 59.5 288.4 58.7 288.1 57.9 287.8 57.2 287.4 56.5 287.1
  55.8 286.8 55.1 286.4 54.4 286.0 53.7 285.7 53.1 285.3 52.5 284.9 51.9 284.5
  51.4 284.1 50.9 283.6 50.3 283.3 49.7 282.9 49.1 282.5 48.4 282.1 47.8 281.8
  47.2 281.5 46.5 281.2 45.8 281.0 45.1 280.7 44.4 280.5 43.6 280.3 42.8 280.0
  42.0 279.7 41.1 279.4 40.2 279.0 39.2 278.7 38.3 278.2 37.3 277.7 36.4 277.0
  35.5 276.4 34.7 275.6 33.9 274.9 33.2 274.1 32.4 273.2 31.8 272.4 31.1 271.4
  30.9 270.3 30.6 269.3 30.4 268.2 30.2 267.1 30.3 266.0 30.3 264.9 30.4 263.9
  30.5 262.8 30.6 261.8 30.6 260.7 30.7 259.7 30.8 258.7 31.0 257.7 31.2 256.7
  31.3 255.8 31.6 254.9 31.8 254.0 32.1 253.2 32.3 252.6 32.6 252.0 33.0 251.5
  33.3 251.0 33.7 250.5 34.2 250.1 34.6 249.9 35.0 249.7 35.5 249.5 36.0 249.4
  36.5 249.2 37.0 249.2 37.5 249.2 37.9 249.1 38.4 249.1 38.9 249.1 39.3 249.1
  39.8 249.1 40.2 249.1 40.7 249.1 41.1 249.1 41.5 249.1 41.9 249.1 42.3 249.2
  42.8 249.1 43.2 249.1 43.6 249.1 44.0 249.2 44.3 249.2 44.7 249.3 45.1 249.3
  45.5 249.4 45.8 249.6 46.1 249.8 46.5 249.8 46.8 250.0 47.1 250.1 47.3 250.4
  47.6 250.7 47.8 250.9 48.0 251.2 48.3 251.3 48.5 251.3 48.7 251.4 48.9 251.4
  49.1 251.5 49.3 251.6 49.5 251.7 49.7 251.8 49.9 251.9 50.1 252.0 50.3 251.9
  50.5 251.8 50.6 251.7 50.8 251.6 51.0 251.6 51.2 251.6 51.3 251.5 51.5 251.6
  51.6 251.6 51.8 251.6 51.9 251.7 52.1 251.8 52.2 251.8 52.2 251.8 52.3 251.8
  52.3 251.8 52.3 251.8 52.3 251.8 52.3 251.7 52.2 251.7 52.2 251.7 52.1 251.7
  52.0 251.6 51.9 251.7 51.8 251.7 51.6 251.8 51.5 251.8 51.3 251.8 51.2 251.9
  51.0 251.9 50.8 251.9 50.5 251.9 50.3 252.0 50.0 252.0 49.8 252.0 49.4 252.1
  49.1 252.1 48.8 252.0 48.4 252.0 48.1 251.9 47.8 251.8 47.5 251.7 47.2 251.5
  46.9 251.3 46.6 251.1 46.2 250.8 45.9 250.6 45.5 250.3 45.2 250.0 44.8 249.7
  44.4 249.3 44.0 248.9 43.6 248.5 43.2 248.0 42.8 247.5 42.3 247.0 41.8 246.4
  41.2 245.7 40.6 244.9 40.0 244.1 39.5 243.3 38.8 242.4 38.2 241.5 37.7 240.5
  37.2 239.6 36.9 238.7 36.6 237.8 36.3 236.9 36.0 235.9 36.1 235.0 36.2 234.0
  36.2 233.0 36.3 231.9 36.4 230.8 36.5 229.7 36.6 228.4 36.6 227.0 36.6 225.6
  36.6 224.1 36.6 222.5 36.7 221.0 36.7 219.6 36.9 218.1 37.1 216.8 37.3 215.5
  37.8 214.3 38.2 213.0 38.6 211.8 39.1 210.5 39.5 209.3 40.0 208.1 40.4 207.0
  40.8 205.7 41.1 204.4 41.5 203.2
  11 24 52  0.0
  72.5 321.4 72.7 320.6 72.9 319.8 73.1 319.0 73.3 318.2 73.5 317.4 73.7 316.7
  74.0 315.9 74.2 315.2 74.4 314.3 74.7 313.5 74.9 312.7 75.2 311.8 75.5 311.0
  75.8 310.1 76.0 309.2 76.4 308.1 76.8 307.1 77.1 306.0 77.4 304.9 77.7 303.7
  77.9 302.6 78.1 301.4 78.4 299.8 78.5 298.2 78.6 296.6 78.7 295.0 78.7 293.5
  78.7 292.0 78.6 290.6 78.5 289.2 78.4 287.9 78.3 286.6 78.1 285.4 77.9 284.2
  77.8 283.5 77.6 282.7 77.4 281.9 77.2 281.1 76.9 280.2 76.7 279.3 76.5 278.2
  76.3 277.2 76.0 276.1 75.8 274.9 75.6 273.9 75.4 272.9 75.2 271.8 75.0 270.6
  74.8 269.4 74.6 268.1 74.3 266.7 74.1 265.4 73.9 263.9 73.7 263.0 73.6 262.1
  73.4 261.2 73.1 260.3 72.9 259.3 72.7 258.4 72.5 257.4 72.3 256.3 72.0 255.4
  71.9 254.4 71.7 254.0 71.6 253.6 71.4 253.2 71.3 252.8 71.1 252.3 70.9 251.9
  70.8 251.5 70.7 251.1 70.5 250.7 70.4 250.2 70.2 249.8 70.1 249.4 69.9 249.0
  69.8 248.9 69.6 248.7 69.5 248.6 69.3 248.5 69.2 248.4 69.0 248.3 68.9 248.2
  68.7 248.1 68.6 248.0 68.4 247.9 68.3 247.8 68.2 247.6 68.1 247.4 68.1 247.1
  68.0 246.8 68.0 246.5 67.9 246.2 67.9 245.8 67.8 245.4 67.8 244.9 67.8 244.4
  67.8 243.9 67.7 243.3 67.7 242.7 67.7 242.1 67.7 241.4 67.7 240.7 67.7 240.0
  67.7 239.3 67.6 238.5 67.6 237.8 67.6 237.1 67.5 236.5 67.5 235.8 67.4 235.1
  67.4 234.4 67.3 233.8 67.3 233.1 67.2 232.4 67.2 231.7 67.1 231.0 67.0 230.3
  66.9 229.6 66.8 228.9 66.7 228.2 66.6 227.4 66.4 226.7 66.2 226.1 65.9 225.4
  65.7 224.9 65.5 224.4 65.2 224.0 64.9 223.5 64.5 223.1 64.0 222.6 63.5 222.3
  63.0 222.0 62.5 221.8 62.0 221.6 61.4 221.3 60.8 221.1 60.2 220.8 59.6 220.5
  59.0 220.1 58.3 219.6 57.6 219.2 57.0 218.4 56.3 217.7 55.7 216.9 55.0 215.8
  54.4 214.6 53.7 213.4 53.0 211.9 52.2 210.3 51.4 208.9 50.6 207.3 50.0 205.8
  49.3 204.4 48.6 203.1 48.1 201.9 47.4 200.8 46.8 199.8 46.1 198.8 45.4 197.8
  44.7 196.7 44.1 195.5 43.6 194.4 43.2 193.0 42.8 191.6 42.6 190.1 42.5 188.7
  42.3 187.2 42.3 185.6 42.4 184.1 42.4 182.5 42.5 180.9 42.7 179.3 42.9 177.7
  43.1 176.1 43.2 174.5 43.2 172.9 43.2 171.2 43.0 169.5 42.7 167.8 42.5 166.1
  42.2 164.5 42.0 162.9 42.0 161.4 42.1 159.9 42.3 158.5 42.5 157.1 42.8 155.8
  42.9 154.5 43.0 153.2 43.1 151.9 42.9 150.6 42.8 149.3 42.7 147.9 42.4 146.6
  42.1 145.2 41.9 143.8 41.5 142.2 41.1 140.5 40.7 138.6 40.3 136.7 39.9 134.6
  40.0 132.6 40.1 130.6 40.6 128.9 41.2 127.4 41.8 126.1 42.5 124.8 43.2 123.8
  43.5 122.7 43.8 121.7 44.2 120.6 44.5 119.5 44.5 118.5 44.5 117.4 44.5 116.3
  44.6 115.2 44.5 114.2 44.5 113.1 44.5 112.1 44.5 111.1 44.6 110.2 44.7 109.2
  44.8 108.3 44.9 107.5 45.1 106.6 45.3 105.8 45.6 105.1 45.8 104.3 46.0 103.6
  46.3 102.9 46.6 102.2 46.9 101.5 47.2 100.8 47.5 100.1 47.7  99.3 47.9  98.6
  48.1  97.9 48.3  97.0 48.5  96.2
  11 25 52  0.0
  72.5 321.4 72.7 321.0 72.9 320.5 73.1 320.1 73.3 319.7 73.4 319.3 73.6 318.9
  73.8 318.6 74.0 318.2 74.3 318.1 74.5 317.9 74.8 317.7 75.1 317.5 75.3 317.2
  75.6 317.0 76.0 316.7 76.3 316.3 76.7 315.8 77.1 315.3 77.5 314.8 77.9 314.2
  78.3 313.6 78.9 312.7 79.4 311.7 79.9 310.6 80.4 309.4 81.0 307.7 81.5 305.8
  81.9 303.8 82.3 301.5 82.7 298.1 83.1 294.5 83.4 290.8 83.6 287.1 83.8 283.3
  84.0 279.6 84.3 275.4 84.6 271.0 84.8 266.7 85.0 262.5 85.2 258.5 85.3 254.8
  85.5 251.2 85.6 248.0 85.8 245.0 85.9 242.4 86.0 240.1 86.2 237.0 86.4 234.0
  86.5 231.3 86.6 229.0 86.8 227.0 86.9 225.3 87.0 224.2 87.1 223.5 87.2 223.3
  87.3 223.8 87.4 224.8 87.5 226.5 87.5 229.0 87.6 232.2 87.7 236.3 87.8 240.5
  87.9 245.0 88.0 249.8 88.2 255.2 88.4 261.5 88.5 268.6 88.8 277.1 89.0 287.6
  89.4 307.9 89.5 348.8 88.9  30.9 89.0  31.5 89.1  32.1 89.2  32.8 89.3  33.4
  89.5  33.9 89.9  34.5 89.4 215.1 89.6 225.9 89.7 247.7 89.8 306.9 89.6  23.9
  89.9 204.6 89.9 221.4 89.9 339.3 89.1  25.7 89.3  26.3 89.5  26.8 90.0  27.3
  89.2 207.7 89.3 207.2 89.4 205.8 89.4 203.4 89.4 199.4 89.5 193.4 89.5 184.6
  89.5 176.6 89.6 171.5 89.9 169.8 89.7 348.5 89.5  27.5 89.7  27.6 89.9 207.8
  89.7 188.5 89.8 160.6 89.9 296.9 89.8  40.4 90.0  40.3 89.9 220.3 89.7 203.7
  89.6 182.2 89.7 155.7 89.9 278.4 89.9 342.2 89.9  49.4 89.8  49.3 89.7  49.2
  89.6  49.1 89.5  49.0 89.4  48.9 89.4  48.8 89.3  48.7 89.2  48.6 89.2  48.5
  89.1  48.4 89.0  48.2 89.0  48.1 88.9  47.9 88.9  47.8 88.9  47.6 88.9  47.5
  88.8  47.3 88.8  47.1 88.8  47.0 88.8  46.8 88.7  46.6 88.7  46.5 88.7  46.3
  88.6  46.1 88.6  46.0 88.6  45.8 88.5  45.7 88.5  45.5 88.4  45.3 88.4  45.2
  88.3  45.0 88.2  44.9 88.2  44.7 88.1  44.6 88.0  44.4 87.9  44.3 87.9  44.1
  87.8  44.0 87.7  43.8 87.6  43.7 87.5  43.5 87.4  43.4 87.3  43.2 87.2  43.1
  87.1  43.0 87.0  42.8 87.0  42.7 86.9  42.6 86.9  42.4 86.8  42.3 86.8  42.2
  86.8  42.1 86.8  42.0 86.8  41.8 86.8  41.7 86.8  41.6 86.9  41.5 86.9  41.4
  87.0  41.2 87.1  41.1 87.1  41.0 87.2  40.9 87.3  40.8 87.4  40.7 87.5  40.6
  87.6  40.5 87.7  40.4 87.7  40.3 87.8  40.3 87.9  40.3 88.0  40.3 88.1  40.3
  88.2  40.3 88.3  40.3 88.4  40.4 88.4  40.4 88.5  40.5 88.6  40.6 88.7  40.7
  88.7  40.9 88.8  41.0 88.8  41.2 88.9  41.4 88.9  41.6 89.0  41.8 89.0  42.1
  89.0  42.3 89.1  42.6 89.1  42.9 89.1  43.2 89.1  43.4 89.1  43.6 89.2  43.9
  89.2  44.1 89.1  44.2 89.1  44.4 89.1  44.5 89.1  44.6 89.1  44.7 89.1  44.7
  89.0  44.8 89.0  44.8 89.0  44.8 89.0  44.8 89.0  44.7 88.9  44.6 88.9  44.5
  88.9  44.4 88.8  44.3 88.8  44.1 88.7  43.9 88.7  43.7 88.6  43.5 88.6  43.2
  88.5  43.0 88.4  42.7 88.3  42.4 88.2  42.1 88.1  41.8 88.0  41.4 87.9  41.1
  87.9  40.7 87.8  40.4 87.7  40.0
  11 26 52  0.0
  72.5 321.4 72.6 320.9 72.7 320.3 72.8 319.9 72.8 319.4 72.9 319.0 72.9 318.7
  73.0 318.3 73.0 318.0 73.1 317.7 73.2 317.5 73.2 317.2 73.3 317.0 73.4 316.8
  73.5 316.7 73.6 316.5 73.8 316.3 73.9 316.1 74.0 316.0 74.1 316.2 74.3 316.4
  74.5 316.6 74.7 316.7 75.0 316.8 75.2 316.9 75.5 317.0 75.8 317.0 76.1 317.0
  76.4 317.0 76.8 316.8 77.2 316.7 77.6 316.6 78.0 316.4 78.6 316.0 79.1 315.5
  79.6 315.0 80.0 314.4 80.6 312.9 81.1 311.4 81.6 309.7 82.1 307.9 82.6 304.6
  83.0 301.1 83.3 297.3 83.5 293.4 83.7 289.5 83.9 285.6 84.0 281.8 84.1 278.1
  84.2 274.1 84.3 270.2 84.5 266.2 84.6 262.2 84.7 258.2 84.8 254.1 84.9 250.0
  85.1 245.7 85.2 241.3 85.3 236.7 85.4 231.9 85.5 226.9 85.6 221.6 85.7 216.4
  85.8 211.3 85.8 206.4 85.8 201.7 85.8 197.3 85.8 193.2 85.7 189.4 85.7 186.1
  85.6 183.1 85.5 180.6 85.4 178.5 85.3 176.8 85.3 175.4 85.2 174.4 85.1 173.6
  85.0 173.2 84.9 173.1 84.8 173.2 84.8 173.5 84.7 174.2 84.6 175.0 84.6 176.1
  84.6 177.5 84.6 179.1 84.5 180.7 84.5 182.1 84.5 183.5 84.5 184.8 84.4 186.0
  84.4 187.2 84.4 188.2 84.4 189.2 84.5 190.1 84.5 191.0 84.6 191.7 84.6 192.4
  84.8 193.1 84.9 193.6 85.0 194.1 85.1 194.6 85.3 194.9 85.4 195.2 85.5 195.4
  85.6 195.5 85.8 195.5 85.9 195.3 86.0 195.1 86.2 195.1 86.4 195.0 86.5 194.8
  86.7 194.5 86.8 194.1 87.0 193.5 87.1 192.8 87.2 191.8 87.2 190.8 87.2 189.7
  87.2 188.4 87.1 187.1 87.0 185.8 86.9 184.6 86.7 183.4 86.5 182.3 86.2 181.2
  86.0 180.3 85.8 177.9 85.6 175.7 85.3 173.7 85.0 171.9 84.6 170.3 84.2 168.8
  83.7 167.6 83.3 166.0 82.8 164.6 82.3 163.4 81.6 162.3 81.0 161.7 80.4 161.1
  79.8 160.5 79.2 160.0 78.7 159.6 78.1 159.3 77.6 158.9 77.1 158.9 76.7 159.0
  76.3 159.0 76.0 159.2 75.7 159.3 75.5 159.7 75.3 160.2 75.1 160.8 74.9 161.5
  74.8 162.2 74.6 163.0 74.5 164.0 74.4 165.1 74.4 166.3 74.3 167.5 74.2 168.7
  74.1 170.0 74.1 171.3 74.0 172.6 74.0 173.9 73.9 175.2 73.9 176.6 73.8 177.9
  73.8 179.2 73.8 180.5 73.7 181.7 73.7 182.9 73.6 184.0 73.6 185.1 73.5 186.2
  73.5 187.2 73.5 188.2 73.4 189.2 73.3 190.1 73.3 191.0 73.3 191.9 73.2 192.8
  73.1 193.6 73.0 194.4 72.9 195.1 72.8 195.9 72.7 196.6 72.5 197.3 72.3 197.9
  72.1 198.5 71.9 199.1 71.7 199.5 71.5 199.9 71.3 200.3 71.1 200.7 70.9 201.1
  70.6 201.4 70.4 201.8 70.2 202.1 69.9 202.5 69.7 202.7 69.4 203.0 69.2 203.3
  68.9 203.5 68.6 203.8 68.4 204.1 68.1 204.4 67.8 204.7 67.6 204.8 67.3 205.0
  67.0 205.2 66.8 205.4 66.5 205.6 66.2 205.8 65.9 206.1 65.6 206.1 65.3 206.2
  65.0 206.3 64.7 206.4 64.3 206.5 64.0 206.7 63.6 206.6 63.3 206.5 62.9 206.4
  62.5 206.3 62.1 206.3 61.6 206.3 61.2 205.8 60.8 205.3 60.3 204.9 59.8 204.5
  59.3 203.5 58.8 202.6 58.3 201.7 57.7 200.8 57.2 199.6 56.7 198.4 56.3 197.2
  55.8 196.0 55.4 194.6 55.0 193.2
  11 27 52  0.0
  72.5 321.4 72.5 320.5 72.6 319.6 72.5 318.8 72.5 318.1 72.5 317.4 72.4 316.8
  72.4 316.3 72.3 315.9 72.2 315.5 72.1 315.2 72.0 314.9 71.9 314.3 71.8 313.9
  71.7 313.4 71.5 313.0 71.4 312.6 71.3 312.2 71.1 311.9 71.0 311.5 70.8 311.2
  70.6 310.9 70.4 310.6 70.1 310.3 69.9 310.0 69.7 309.3 69.4 308.6 69.2 308.0
  68.9 307.4 68.5 306.7 68.2 306.1 67.9 305.5 67.6 304.8 67.2 304.0 66.9 303.3
  66.5 302.7 66.1 301.9 65.8 301.2 65.4 300.7 65.1 300.0 64.8 299.4 64.6 298.7
  64.4 298.0 64.2 297.2 64.0 296.4 63.8 296.0 63.6 295.5 63.4 295.0 63.2 294.6
  62.9 294.1 62.7 293.6 62.4 293.2 62.1 292.7 61.8 292.3 61.5 291.9 61.1 291.5
  60.7 291.2 60.3 290.8 59.8 290.5 59.4 290.1 58.8 289.6 58.3 289.2 57.7 288.8
  57.1 288.1 56.5 287.5 56.0 286.9 55.5 286.3 55.0 285.7 54.5 285.1 54.0 284.5
  53.5 284.0 53.0 283.6 52.5 283.3 52.1 283.0 51.6 282.8 51.1 282.7 50.7 282.6
  50.2 282.6 49.7 282.6 49.1 282.6 48.6 282.7 48.1 282.7 47.5 282.9 46.9 282.7
  46.3 282.6 45.7 282.5 45.1 282.2 44.5 282.0 43.8 281.8 43.2 281.6 42.5 281.4
  41.8 281.2 41.1 280.9 40.4 280.7 39.7 280.5 38.9 279.9 39.1 279.3 39.4 278.6
  39.6 278.0 39.9 277.3 40.2 276.6 40.5 276.5 40.7 276.4 41.0 276.3 41.3 276.3
  41.6 276.2 41.9 276.3 42.2 276.3 42.4 277.0 42.7 277.9 42.8 278.8 43.0 279.8
  43.1 280.8 42.1 281.8 41.1 282.7 40.1 283.2 39.1 283.8 38.3 284.0 37.0 284.3
  35.8 284.2 34.6 283.9 34.0 283.6 33.3 282.9 32.5 282.4 31.7 281.9 30.9 281.0
  29.9 280.1 28.9 278.5 29.4 276.7 29.8 274.9 30.7 273.2 31.7 271.9 32.7 270.7
  33.7 269.9 34.7 269.1 35.6 268.8 36.4 268.5 37.1 268.4 37.7 268.4 38.2 268.3
  38.7 268.3 39.1 268.3 39.5 268.3 39.8 268.3 40.1 268.3 40.4 268.4 40.7 268.5
  40.9 268.6 41.2 268.7 41.5 268.9 41.8 269.1 42.1 269.3 42.4 269.5 42.7 269.8
  43.1 270.1 43.4 270.4 43.8 270.7 44.2 271.1 44.6 271.2 44.9 271.3 45.2 271.3
  45.5 271.3 45.7 271.2 45.8 271.2 45.9 271.0 46.0 270.9 46.1 270.6 46.1 270.2
  46.1 269.9 46.1 269.5 46.0 269.1 45.9 268.7 45.7 268.3 45.6 267.8 45.9 267.3
  46.3 266.7 46.7 266.3 47.0 265.8 47.4 265.4 47.8 265.0 48.1 264.7 48.6 264.6
  48.9 264.5 49.3 264.5 49.6 264.5 49.9 264.4 50.2 264.4 50.4 264.7 50.6 264.9
  50.7 265.2 50.8 265.4 50.8 265.7 50.8 265.9 50.8 266.2 50.7 266.4 50.6 266.7
  50.4 266.9 50.2 267.1 50.0 267.3 49.7 267.4 49.4 267.4 49.0 267.5 48.6 267.5
  48.1 267.6 47.5 267.7 47.0 267.5 46.4 267.3 45.8 267.0 45.2 266.4 44.6 265.8
  44.0 265.3 43.4 264.7 42.7 263.9 42.7 263.1 42.7 262.4 42.5 261.9 42.3 261.4
  42.1 261.0 41.7 260.8 41.3 260.2 40.8 259.8 40.8 259.4 40.8 259.1 40.8 258.8
  40.7 258.6 40.6 258.4 40.4 258.3 40.2 258.2 39.9 258.1 39.6 257.4 39.2 256.7
  38.8 256.2 38.3 255.6 38.2 255.1 38.1 254.6 38.0 254.2 37.8 253.8 37.6 253.1
  37.4 252.5 37.0 252.0 36.8 251.5
  11 28 52  0.0
  72.5 321.4 72.6 320.0 72.7 318.7 72.7 317.4 72.7 316.2 72.6 315.0 72.4 313.9
  72.2 312.9 72.0 312.0 71.8 311.2 71.4 310.4 71.1 309.7 70.8 309.0 70.4 308.3
  70.0 307.6 69.6 307.0 69.2 306.4 68.9 305.8 68.5 305.2 68.2 304.6 67.8 304.0
  67.5 303.4 67.2 302.8 67.0 302.1 66.7 301.5 66.5 300.9 66.2 300.3 66.0 299.7
  65.7 299.2 65.4 298.7 65.2 298.2 64.9 297.7 64.7 297.3 64.5 296.9 64.2 296.5
  64.0 296.2 63.8 295.8 63.4 295.8 63.1 295.8 62.7 295.7 62.4 295.6 62.1 295.6
  61.7 295.5 61.5 295.1 61.2 294.7 61.0 294.3 60.8 293.9 60.6 293.5 60.4 293.1
  60.3 292.7 60.1 292.2 60.0 291.7 60.0 291.3 59.9 290.3 59.9 289.4 59.8 288.5
  59.8 287.7 59.8 286.8 59.7 286.0 59.7 285.2 59.6 284.4 59.6 283.6 59.5 282.9
  59.3 282.2 59.2 281.5 59.0 280.8 58.9 280.2 58.7 279.6 58.5 279.1 58.3 278.6
  58.1 278.1 57.9 277.7 57.8 277.0 57.5 276.4 57.3 275.9 57.2 275.3 57.0 274.8
  56.8 274.3 56.6 273.9 56.4 273.4 56.2 273.0 56.0 272.6 55.8 272.3 55.6 271.7
  55.4 271.2 55.3 270.6 55.1 270.2 54.9 269.7 54.7 269.2 54.5 268.8 54.3 268.4
  54.1 267.9 53.9 267.5 53.7 267.1 53.5 266.7 53.3 266.2 53.1 265.9 52.9 265.5
  52.6 265.1 52.4 264.8 52.1 264.4 51.9 264.1 51.6 263.8 51.4 263.5 51.2 263.2
  50.9 263.0 50.7 262.7 50.4 262.5 50.2 262.3 49.9 262.1 49.6 261.8 49.3 261.4
  49.0 261.1 48.7 260.7 48.4 260.3 48.0 259.8 48.0 259.2 48.0 258.7 48.0 258.3
  48.0 257.8 48.0 257.3 48.0 256.9 48.1 256.4 48.1 255.9 48.6 255.5 49.1 255.0
  49.7 254.5 50.3 254.0 50.9 253.7 51.6 253.5 52.2 253.2 52.9 253.2 53.6 253.3
  54.2 253.3 54.9 253.4 55.5 253.5 56.1 253.6 56.7 253.7 57.3 253.8 57.9 253.9
  58.5 254.1 59.1 254.3 59.7 254.4 60.3 254.6 61.0 254.6 61.6 254.6 62.2 254.6
  62.8 254.4 63.4 254.3 64.0 254.1 64.5 253.9 65.0 253.7 65.5 253.6 65.9 253.4
  66.3 253.3 66.7 253.4 67.0 253.5 67.3 253.6 67.5 253.8 67.7 254.0 67.9 254.2
  68.0 254.4 68.1 254.7 68.2 255.0 68.3 255.3 68.3 255.6 68.4 256.0 68.4 256.4
  68.3 256.8 68.2 257.2 68.2 257.6 68.1 258.1 68.0 258.5 67.9 259.1 67.8 259.6
  67.7 260.2 67.4 260.8 67.1 261.4 66.8 262.0 66.5 262.7 66.3 263.3 66.0 263.9
  65.7 264.3 65.3 264.6 64.9 264.9 64.4 265.2 64.0 265.3 63.6 265.5 63.3 265.1
  62.9 264.6 62.6 264.2 62.3 263.7 62.2 263.2 62.0 262.6 61.9 262.1 61.8 261.4
  61.7 260.7 61.6 260.0 61.6 259.2 61.5 258.4 61.5 257.6 61.5 256.8 61.5 255.9
  61.6 255.0 61.6 254.0 61.6 252.9 61.7 251.8 61.7 250.7 61.8 249.6 61.9 248.5
  61.9 247.4 62.0 246.3 62.0 245.3 62.1 244.4 62.1 243.5 62.1 242.6 62.1 241.8
  62.1 240.9 62.1 240.0 62.2 239.2 62.1 238.3 62.0 237.5 61.9 236.5 61.8 235.6
  61.7 234.7 61.5 233.8 61.4 232.9 61.2 232.1 61.1 231.2 60.8 230.4 60.4 229.6
  60.1 228.8 59.8 228.1 59.5 227.3 59.0 226.5 58.5 225.8 57.9 225.1 57.4 224.2
  56.9 223.3 56.2 222.4 55.6 221.6
  11 29 52  0.0
  72.5 321.4 72.5 320.0 72.4 318.6 72.3 317.2 72.2 315.9 71.9 314.6 71.6 313.8
  71.3 313.0 71.0 312.2 70.7 311.6 70.2 311.0 69.7 310.5 69.2 310.4 68.6 310.2
  67.9 310.1 67.3 310.0 66.6 309.8 65.9 309.7 65.2 309.3 64.5 308.9 63.8 308.5
  63.2 307.9 62.6 307.2 62.0 306.6 61.5 305.9 61.0 304.9 60.5 303.9 60.0 302.9
  59.6 301.9 59.1 300.7 58.7 299.6 58.0 298.5 57.3 297.4 56.6 296.3 55.9 295.3
  55.0 294.3 54.1 293.2 53.2 292.3 52.3 291.3 51.4 290.3 50.5 289.2 49.7 288.2
  48.9 287.1 48.1 286.1 47.4 285.2 46.6 284.1 45.8 283.1 45.0 282.0 44.0 281.0
  43.0 280.0 41.9 278.8 40.6 277.3 39.3 275.8 38.2 274.1 37.1 272.3 36.1 270.3
  35.5 268.3 34.9 266.3 34.7 264.4 34.5 262.5 34.5 260.7 34.5 259.0 34.7 257.4
  34.9 255.9 34.9 254.4 35.0 253.1 35.1 251.8 35.4 250.6 35.7 249.5 36.1 248.5
  36.5 247.6 37.1 246.7 37.8 246.0 38.5 245.3 39.3 244.8 40.1 244.4 40.9 244.2
  41.8 244.0 42.6 243.8 43.3 243.6 43.9 243.4 44.6 243.2 45.3 242.8 46.0 242.4
  46.7 242.1 47.4 241.6 48.1 241.1 48.9 240.6 49.7 240.2 50.5 239.8 51.3 239.6
  52.0 239.3 52.8 239.3 53.6 239.2 54.4 239.1 55.2 239.2 56.0 239.2 56.8 239.3
  57.6 239.4 58.3 239.5 59.1 239.5 59.8 239.5 60.5 239.5 61.3 239.4 61.9 239.3
  62.5 239.2 63.2 239.0 63.8 238.8 64.4 238.5 65.0 238.2 65.6 237.9 66.1 237.5
  66.6 236.8 67.1 236.1 67.6 235.4 67.9 234.5 68.2 233.6 68.5 232.4 68.8 231.1
  68.9 229.8 69.1 228.4 69.2 227.0 69.2 225.5 69.2 224.0 69.1 222.5 69.0 221.0
  68.9 219.4 68.7 218.0 68.4 216.6 68.2 215.2 67.9 213.9 67.6 212.7 67.3 211.5
  66.8 210.5 66.2 209.6 65.6 208.8 64.9 208.3 64.2 207.8 63.3 207.3 62.4 207.1
  61.3 206.8 60.3 206.7 59.1 206.5 57.9 206.5 56.8 206.5 55.7 206.5 54.6 206.5
  53.5 206.4 52.5 206.4 51.4 206.3 50.4 206.3 49.4 206.3 48.3 206.4 47.3 206.6
  46.2 206.5 45.1 206.6 44.0 206.3 42.9 206.0 41.8 205.4 40.7 204.5 39.6 203.7
  38.9 202.6 38.1 201.6 37.3 200.5 36.6 199.3 36.3 198.1 35.9 196.8 35.6 195.5
  35.6 194.2 35.6 193.0 35.6 191.7 35.9 190.5 36.1 189.3 36.3 187.9 36.7 186.6
  37.0 185.3 37.3 184.0 37.6 182.7 38.0 181.5 38.3 180.2 38.6 178.8 38.9 177.5
  39.2 176.0 39.5 174.6 39.8 173.1 40.1 171.7 40.3 170.0 40.7 168.3 41.0 166.5
  41.3 164.8 41.6 163.1 41.9 161.4 42.3 159.6 42.4 157.8 42.7 156.0 42.8 154.2
  42.9 152.5 43.0 150.8 43.0 149.1 43.0 147.5 42.9 145.9 42.7 144.3 42.6 142.8
  42.3 141.2 42.1 139.6 41.8 138.0 41.6 136.4 41.3 134.9 41.1 133.4 40.9 131.9
  40.7 130.6 40.6 129.2 40.4 128.0 40.4 126.7 40.3 125.5 40.3 124.4 40.3 123.2
  40.3 122.1 40.3 121.0 40.3 119.9 40.3 118.8 40.3 117.7 40.3 116.7 40.3 115.7
  40.3 114.6 40.3 113.6 40.3 112.6 40.3 111.6 40.3 110.6 40.3 109.6 40.4 108.6
  40.4 107.5 40.5 106.5 40.5 105.5 40.6 104.5 40.7 103.5 40.9 102.5 41.0 101.6
  41.2 100.7 41.3  99.8 41.5  98.9
  11 30 52  0.0
  72.5 321.4 72.2 319.9 71.8 318.5 71.5 317.0 71.1 315.6 70.7 314.3 70.2 313.1
  69.7 312.1 69.3 311.1 68.7 310.2 68.0 309.5 67.3 308.8 66.7 308.3 66.0 307.8
  65.2 307.4 64.3 307.1 63.4 306.7 62.6 306.3 61.7 305.9 60.9 305.3 60.0 304.7
  59.2 304.1 58.3 303.3 57.6 302.5 57.0 301.6 56.3 300.6 55.6 299.7 55.0 298.6
  54.4 297.6 53.7 296.6 53.0 295.6 52.3 294.6 51.5 293.7 50.6 292.8 49.7 292.0
  48.7 291.1 47.7 290.3 46.6 289.3 45.5 288.3 44.4 286.9 43.7 285.4 43.0 283.6
  42.8 281.7 42.6 280.0 42.3 278.5 42.1 277.1 41.9 275.8 41.7 274.4 41.5 273.0
  41.3 271.8 41.3 270.6 41.2 269.5 41.1 268.5 41.0 267.5 41.2 266.5 41.4 265.5
  41.5 264.6 41.7 263.7 42.0 262.8 42.2 262.0 42.5 261.5 42.9 261.0 43.2 260.6
  43.5 260.1 43.9 259.7 44.3 259.3 44.7 259.0 45.2 258.8 45.6 258.5 46.0 258.3
  46.4 258.2 46.9 258.1 47.3 258.0 47.7 258.0 48.1 258.0 48.6 258.0 49.0 258.1
  49.5 258.2 49.9 258.3 50.3 258.4 50.8 258.5 51.2 258.5 51.6 258.6 52.0 258.6
  52.4 258.5 52.8 258.3 53.1 258.1 53.4 257.8 53.7 257.6 54.0 257.4 54.2 257.2
  54.4 256.9 54.7 256.6 54.9 256.4 55.1 256.2 55.3 256.0 55.6 255.8 56.0 255.6
  56.3 255.5 56.7 255.6 57.1 255.6 57.5 255.7 57.9 255.8 58.4 255.9 58.9 256.1
  59.2 256.3 59.5 256.5 59.9 256.8 60.2 257.0 60.6 257.1 61.0 257.1 61.3 257.2
  61.7 257.3 62.0 257.4 62.4 257.4 62.7 257.3 63.0 257.3 63.4 257.3 63.7 257.4
  64.0 257.4 64.3 257.5 64.6 257.5 64.9 257.5 65.2 257.6 65.5 257.7 65.8 257.8
  66.1 258.0 66.4 258.1 66.7 258.2 67.0 258.4 67.3 258.7 67.5 259.0 67.8 259.3
  68.0 259.7 68.2 260.1 68.4 260.3 68.6 260.5 68.8 260.8 69.0 261.0 69.2 261.2
  69.4 261.4 69.6 261.6 69.8 261.8 70.0 262.0 70.2 262.2 70.4 262.3 70.6 262.5
  70.9 262.7 71.1 262.9 71.3 263.2 71.6 263.4 71.8 263.7 72.0 264.0 72.1 264.3
  72.3 264.7 72.4 265.1 72.6 265.5 72.7 265.9 72.8 266.3 73.0 266.8 73.1 267.1
  73.2 267.5 73.3 267.9 73.3 268.2 73.3 268.5 73.3 268.8 73.3 269.0 73.2 269.2
  73.2 269.4 73.1 269.6 73.1 269.7 73.0 269.8 73.0 269.9 72.9 269.9 72.9 269.9
  72.8 269.9 72.7 269.8 72.7 269.7 72.6 269.6 72.5 269.5 72.4 269.3 72.4 269.1
  72.3 268.8 72.2 268.6 72.0 268.2 71.9 267.9 71.9 267.6 71.8 267.4 71.7 267.2
  71.5 267.0 71.4 266.9 71.3 266.7 71.1 266.6 71.0 266.5 70.8 266.4 70.6 266.3
  70.4 266.2 70.2 266.1 69.9 266.1 69.7 266.7 69.4 267.3 69.2 268.0 68.9 268.7
  68.5 269.4 68.1 270.1 67.6 270.8 67.1 271.9 66.7 273.0 66.1 273.9 65.5 274.7
  64.9 275.4 64.3 276.0 63.6 276.5 62.9 276.6 62.2 276.7 61.5 276.7 60.8 276.6
  60.1 276.5 59.3 276.3 58.6 276.1 57.9 275.8 57.4 275.5 56.8 275.3 56.3 275.0
  55.7 274.6 55.2 274.3 54.7 274.0 54.3 273.7 53.8 273.3 53.4 273.0 52.9 272.8
  52.5 272.5 52.0 272.3 51.6 272.0 51.1 271.8 51.1 271.6 51.0 271.5 50.9 271.3
  50.9 271.1 50.8 271.0 50.7 270.9
