  12  1 80  0.0
  72.5 321.4 72.8 322.2 73.1 323.1 73.3 324.0 73.5 325.0 73.6 326.0 73.7 327.0
  73.7 328.1 73.7 329.2 73.7 330.3 73.6 331.3 73.4 332.3 73.2 333.1 73.0 333.9
  72.7 334.6 72.5 335.1 72.2 335.5 71.9 335.8 71.6 336.4 71.2 336.7 70.9 336.9
  70.5 337.0 70.1 337.0 69.7 337.0 69.3 336.8 68.8 336.6 68.3 336.4 67.8 336.1
  67.2 335.7 66.5 335.3 65.7 334.9 65.0 334.3 64.2 333.8 63.3 333.2 62.6 332.6
  61.8 331.9 60.9 331.4 60.1 330.8 59.3 330.2 58.6 329.6 57.8 329.1 57.2 328.6
  56.5 328.2 55.9 327.7 55.3 327.5 54.8 327.4 54.2 327.2 53.7 327.2 53.2 327.3
  52.7 327.5 52.2 327.8 51.7 328.1 51.1 328.5 50.5 328.9 49.9 329.3 49.3 329.7
  48.7 330.0 48.0 330.4 47.3 330.8 46.6 331.0 45.9 331.2 45.2 331.2 44.6 331.2
  43.9 331.2 43.2 331.0 42.5 330.8 41.8 330.6 41.2 330.2 40.5 329.8 39.9 329.4
  39.3 328.8 38.7 328.2 38.2 327.6 37.6 326.9 37.1 326.1 36.6 325.3 36.2 324.5
  35.8 323.6 35.5 322.7 35.2 321.8 35.0 320.9 34.9 320.0 34.8 319.0 34.7 318.1
  34.7 317.2 34.7 316.3 34.7 315.3 34.7 314.4 34.8 313.5 34.8 312.5 34.9 311.5
  35.0 310.6 35.2 309.6 35.3 308.6 35.5 307.6 35.7 306.7 35.8 305.8 36.0 304.9
  36.2 304.0 36.4 302.8 36.5 301.6 36.6 300.4 36.8 299.2 36.9 297.9 37.0 296.7
  37.1 295.5 37.3 294.2 37.5 293.1 37.7 291.9 38.0 290.9 38.3 289.7 38.5 288.7
  38.7 287.8 38.8 286.8 39.0 286.0 39.1 285.1 39.3 284.3 39.4 283.5 39.7 282.7
  40.0 281.9 40.4 281.3 40.8 280.7 41.2 280.1 41.5 279.6 41.9 279.1 42.2 278.6
  42.5 278.3 42.8 278.0 43.1 277.8 43.4 277.5 43.7 277.3 43.9 277.1 44.2 276.9
  44.5 276.9 44.7 277.0 44.9 277.0 45.1 277.0 45.3 277.0 45.5 277.0 45.7 277.0
  45.8 277.0 45.9 277.0 46.0 277.0 46.1 277.0 46.2 277.0 46.2 277.0 46.3 276.9
  46.3 276.8 46.3 276.7 46.3 276.6 46.2 276.4 46.2 276.2 46.1 276.0 46.2 275.7
  46.2 275.4 46.2 275.1 46.2 274.8 46.1 274.5 46.1 274.1 46.0 273.8 46.0 273.4
  45.9 273.1 45.8 272.7 45.7 272.3 45.6 271.9 45.7 271.5 45.8 271.1 45.8 270.7
  45.9 270.2 45.9 269.8 45.9 269.4 46.0 268.9 45.9 268.5 45.9 268.1 45.8 267.7
  45.9 267.2 46.0 266.8 46.1 266.3 46.2 265.8 46.2 265.2 46.3 264.7 46.3 264.2
  46.3 263.6 46.5 263.0 46.6 262.4 46.8 261.8 46.9 261.2 47.0 260.6 47.1 260.0
  47.4 259.4 47.7 258.8 47.9 258.2 48.2 257.6 48.5 256.9 48.8 256.3 49.0 255.6
  49.3 255.0 49.5 254.3 49.8 253.6 50.0 253.0 50.3 252.4 50.5 251.8 50.7 251.2
  51.0 250.7 51.3 250.1 51.5 249.6 51.8 249.0 52.0 248.4 52.2 247.9 52.4 247.4
  52.7 247.0 52.9 246.5 53.1 246.1 53.3 245.6 53.5 245.2 53.6 244.8 53.7 244.4
  53.9 243.9 54.1 243.5 54.3 243.2 54.5 242.8 54.6 242.4 54.7 242.0 54.8 241.5
  54.9 241.1 54.9 240.6 54.9 240.2 54.9 239.7 54.9 239.2 54.9 238.8 54.9 238.3
  54.9 237.7 54.9 237.2 54.9 236.6 54.9 236.1 54.8 235.5 54.8 234.8 54.7 234.2
  54.7 233.5 54.6 232.9 54.5 232.2
  12  2 80  0.0
  72.5 321.4 72.3 320.9 72.1 320.5 71.9 320.2 71.7 319.8 71.5 319.4 71.3 319.1
  71.1 318.8 71.0 318.6 70.8 318.4 70.7 318.2 70.6 318.1 70.5 318.0 70.5 317.9
  70.4 317.8 70.4 317.8 70.5 317.8 70.6 317.9 70.7 317.9 70.9 318.0 71.1 318.2
  71.3 318.4 71.5 318.6 71.8 318.9 72.1 319.2 72.4 319.9 72.7 320.6 72.9 321.4
  73.1 322.2 73.3 323.1 73.5 324.1 73.5 325.1 73.5 326.1 73.5 327.2 73.5 328.2
  73.4 329.2 73.2 330.2 73.1 331.1 72.8 331.9 72.6 332.6 72.3 333.2 72.0 333.6
  71.7 334.0 71.4 334.6 71.1 335.0 70.7 335.3 70.2 335.4 69.7 335.5 69.2 335.5
  68.6 335.4 68.0 335.3 67.3 335.0 66.6 334.6 65.9 334.3 65.1 333.8 64.3 333.3
  63.4 332.8 62.7 332.2 61.9 331.5 61.0 330.9 60.2 330.3 59.4 329.7 58.6 329.1
  57.9 328.5 57.2 328.0 56.6 327.5 55.9 327.0 55.3 326.7 54.8 326.4 54.2 326.2
  53.7 326.0 53.2 326.1 52.7 326.2 52.2 326.4 51.7 326.6 51.3 327.0 50.8 327.4
  50.3 327.8 49.8 328.3 49.2 328.7 48.6 329.1 47.9 329.5 47.2 329.7 46.5 329.9
  45.8 330.1 45.2 330.1 44.5 330.1 43.8 330.1 43.1 329.9 42.4 329.7 41.8 329.5
  41.1 329.0 40.4 328.6 39.8 328.2 39.2 327.6 38.6 326.9 38.0 326.2 37.4 325.4
  36.9 324.5 36.4 323.6 36.1 322.7 35.7 321.8 35.4 320.8 35.2 319.9 35.0 318.9
  34.9 317.9 34.9 316.9 34.8 315.9 34.7 315.0 34.7 314.0 34.6 313.0 34.6 312.0
  34.7 311.0 34.7 309.9 34.8 308.9 34.9 307.8 35.1 306.7 35.3 305.7 35.4 304.7
  35.6 303.6 35.9 302.7 36.1 301.7 36.3 300.4 36.4 299.1 36.6 297.8 36.8 296.5
  37.0 295.2 37.3 294.0 37.5 292.9 37.8 291.8 38.0 290.8 38.3 289.7 38.7 288.7
  39.0 287.8 39.3 287.0 39.5 286.2 39.8 285.4 40.0 284.7 40.3 284.0 40.5 283.3
  40.9 282.6 41.2 282.0 41.6 281.4 42.1 280.8 42.6 280.4 43.1 280.1 43.6 279.7
  43.9 279.4 44.3 279.1 44.6 278.9 44.9 278.8 45.2 278.7 45.5 278.6 45.7 278.5
  46.0 278.4 46.3 278.5 46.6 278.5 46.8 278.7 47.1 278.7 47.3 278.8 47.5 278.9
  47.7 279.0 47.9 279.0 48.0 279.0 48.2 278.9 48.3 278.7 48.4 278.5 48.5 278.3
  48.6 278.1 48.7 277.9 48.8 277.6 48.9 277.4 48.9 277.1 48.9 276.8 48.9 276.5
  48.9 276.2 48.9 275.9 49.0 275.5 49.1 275.2 49.2 274.8 49.3 274.5 49.4 274.2
  49.4 273.8 49.5 273.4 49.6 273.1 49.6 272.7 49.6 272.3 49.6 271.9 49.8 271.5
  50.0 271.1 50.1 270.6 50.3 270.1 50.4 269.6 50.5 269.1 50.7 268.6 50.8 268.1
  50.8 267.6 51.0 267.1 51.2 266.5 51.4 265.9 51.5 265.3 51.6 264.7 51.8 264.1
  51.9 263.5 52.1 262.9 52.4 262.2 52.6 261.6 52.9 261.0 53.1 260.4 53.3 259.8
  53.7 259.2 54.0 258.6 54.4 258.0 54.7 257.4 55.1 256.9 55.4 256.4 55.8 255.9
  56.1 255.4 56.5 254.9 56.8 254.4 57.1 253.9 57.5 253.4 57.8 252.9 58.1 252.4
  58.4 251.8 58.7 251.2 59.0 250.6 59.3 250.1 59.5 249.5 59.8 248.9 60.1 248.3
  60.3 247.6 60.6 246.9 60.8 246.2 61.0 245.4 61.2 244.7 61.4 243.9 61.6 243.1
  61.8 242.4 62.0 241.6 62.1 240.9
  12  3 80  0.0
  72.5 321.4 72.4 320.3 72.4 319.2 72.3 318.2 72.2 317.2 72.0 316.3 71.9 315.4
  71.6 314.7 71.4 314.0 71.1 313.3 70.8 312.7 70.5 312.2 70.1 311.7 69.6 311.2
  69.2 310.9 68.7 310.7 68.1 310.5 67.6 310.3 67.0 310.2 66.4 310.1 65.8 310.1
  65.2 310.0 64.5 310.0 63.8 310.0 63.2 310.0 62.5 310.1 61.9 310.1 61.2 310.3
  60.6 310.5 60.0 310.7 59.4 310.9 58.9 311.2 58.3 311.4 57.7 311.7 57.2 311.9
  56.6 312.2 56.1 312.4 55.5 312.6 55.0 312.7 54.4 312.8 53.9 312.9 53.3 313.0
  52.8 313.1 52.2 313.2 51.6 313.2 51.1 313.3 50.5 313.3 49.9 313.4 49.3 313.3
  48.7 313.3 48.2 313.2 47.6 313.2 47.2 313.0 46.7 312.9 46.3 312.7 45.9 312.6
  45.6 312.3 45.4 312.0 45.1 311.7 44.6 311.5 44.1 311.2 43.6 310.9 43.2 310.6
  42.8 310.2 42.4 309.9 42.1 309.5 41.8 309.2 41.6 308.7 41.4 308.2 41.3 307.8
  40.8 307.3 40.3 306.9 39.9 306.4 39.4 305.9 39.1 305.4 38.7 305.0 38.5 304.5
  38.2 304.0 38.0 303.6 37.6 303.1 37.3 302.6 36.9 302.2 36.6 301.7 36.3 301.3
  36.1 300.8 35.9 300.4 35.7 299.9 35.3 299.4 35.0 298.9 34.7 298.4 34.5 297.9
  34.3 297.4 34.2 296.9 34.0 296.4 34.0 295.9 33.7 295.5 33.4 295.1 33.2 294.7
  33.0 294.4 32.8 294.0 32.7 293.6 32.5 293.2 32.4 292.8 32.3 292.4 32.2 292.0
  32.0 291.6 31.8 291.2 31.6 290.9 31.5 290.6 31.4 290.3 31.3 289.9 31.2 289.6
  31.1 289.3 31.0 288.9 30.9 288.6 30.8 288.3 30.7 288.0 30.5 287.7 30.3 287.4
  30.2 287.1 30.0 286.8 29.9 286.5 29.7 286.2 29.6 285.9 29.5 285.7 29.4 285.4
  29.2 285.2 29.1 284.9 29.0 284.6 28.9 284.3 28.8 284.1 28.7 283.8 28.5 283.5
  28.4 283.2 28.2 283.0 28.0 282.7 27.9 282.4 27.7 282.3 27.6 282.1 27.4 281.9
  27.3 281.7 27.2 281.6 27.0 281.4 26.9 281.2 26.8 281.0 26.6 280.8 26.5 280.6
  26.4 280.5 26.3 280.3 26.2 280.1 26.1 279.9 25.9 279.8 25.8 279.7 25.7 279.7
  25.6 279.6 25.5 279.6 25.4 279.6 25.3 279.6 25.2 279.5 25.2 279.5 25.1 279.4
  25.0 279.4 24.9 279.3 24.9 279.3 24.8 279.2 24.7 279.1 24.7 279.0 24.6 278.9
  24.5 278.8 24.5 278.7 24.4 278.6 24.4 278.5 24.3 278.4 24.2 278.3 24.2 278.2
  24.1 278.1 24.1 277.9 24.0 277.8 23.9 277.8 23.9 277.8 23.8 277.9 23.8 277.9
  23.7 277.9 23.7 277.9 23.6 277.8 23.6 277.8 23.5 277.8 23.5 277.8 23.5 277.7
  23.4 277.7 23.4 277.6 23.4 277.5 23.3 277.5 23.3 277.4 23.2 277.3 23.2 277.2
  23.1 277.2 23.1 277.1 23.0 277.0 22.9 277.0 22.9 276.9 22.8 276.9 22.7 276.8
  22.6 276.8 22.5 276.8 22.4 276.7 22.3 276.7 22.3 276.7 22.2 276.7 22.1 276.7
  22.0 276.7 21.9 276.7 21.9 276.8 21.8 276.9 21.7 277.1 21.7 277.2 21.6 277.3
  21.5 277.5 21.4 277.6 21.4 277.8 21.3 278.0 21.3 278.2 21.2 278.4 21.2 278.6
  21.2 278.9 21.2 279.1 21.1 279.4 21.1 279.7 21.1 280.0 21.1 280.3 21.1 280.6
  21.1 280.9 21.1 281.2 21.0 281.4 21.0 281.7 21.0 281.9 20.9 282.2 20.9 282.4
  20.8 282.6 20.8 282.8 20.7 283.0
  12  4 80  0.0
  72.5 321.4 72.4 320.5 72.4 319.6 72.3 318.8 72.2 318.0 72.0 317.2 71.8 316.4
  71.7 315.8 71.4 315.2 71.1 314.7 70.7 314.2 70.3 313.8 69.9 313.5 69.5 313.2
  69.0 312.9 68.5 312.6 68.1 312.3 67.6 312.1 67.1 311.9 66.6 311.7 66.1 311.5
  65.6 311.4 65.1 311.3 64.6 311.2 64.0 311.2 63.5 311.2 63.0 311.3 62.4 311.4
  61.9 311.4 61.4 311.6 60.9 311.9 60.4 312.1 59.8 312.3 59.3 312.6 58.7 313.0
  58.2 313.3 57.7 313.6 57.2 314.1 56.7 314.5 56.2 314.9 55.7 315.2 55.2 315.6
  54.8 315.9 54.3 316.3 53.7 316.6 53.1 316.8 52.5 317.0 51.9 317.1 51.4 317.3
  50.8 317.5 50.3 317.7 49.7 317.8 49.2 318.0 48.7 318.2 48.1 318.3 47.6 318.5
  47.1 318.6 46.6 318.6 46.1 318.7 45.5 318.7 45.0 318.7 44.4 318.7 43.9 318.6
  43.5 318.6 43.1 318.5 42.7 318.3 42.4 318.2 42.1 318.0 41.8 317.9 41.6 317.6
  41.4 317.4 41.3 317.1 41.2 316.7 41.1 316.4 41.1 316.0 40.8 315.6 40.6 315.1
  40.4 314.7 40.3 314.3 40.2 313.8 40.1 313.4 40.1 312.9 40.1 312.4 40.1 312.0
  39.8 311.5 39.5 311.0 39.2 310.4 39.0 309.9 38.8 309.3 38.6 308.7 38.5 308.2
  38.4 307.6 38.0 307.1 37.6 306.5 37.3 306.0 36.9 305.4 36.6 304.9 36.3 304.3
  36.0 303.8 35.6 303.2 35.3 302.7 34.9 302.1 34.7 301.5 34.4 300.9 34.2 300.3
  34.0 299.7 33.7 299.1 33.4 298.5 33.1 297.8 32.8 297.2 32.5 296.5 32.3 295.8
  32.0 295.1 31.6 294.5 31.4 293.9 31.1 293.2 30.9 292.6 30.6 292.1 30.5 291.5
  30.1 290.9 29.8 290.3 29.5 289.9 29.2 289.5 29.0 289.1 28.8 288.7 28.6 288.3
  28.4 287.9 28.1 287.4 27.8 287.0 27.5 286.7 27.3 286.5 27.1 286.2 26.9 286.0
  26.7 285.7 26.5 285.5 26.3 285.2 26.2 284.9 26.0 284.7 25.8 284.4 25.7 284.3
  25.6 284.1 25.4 284.0 25.3 283.9 25.1 283.7 24.8 283.6 24.6 283.5 24.4 283.3
  24.2 283.2 24.0 283.1 23.8 283.0 23.7 282.9 23.5 282.9 23.4 282.9 23.2 282.9
  23.1 282.9 23.0 282.9 22.9 282.9 22.8 282.9 22.7 282.9 22.6 283.0 22.5 283.0
  22.4 283.0 22.3 283.1 22.2 283.1 22.1 283.2 22.0 283.2 21.9 283.4 21.8 283.6
  21.7 283.8 21.6 284.0 21.4 284.2 21.4 284.4 21.4 284.6 21.4 284.8 21.4 285.1
  21.3 285.3 21.3 285.5 21.2 285.7 21.2 286.0 21.1 286.2 21.0 286.4 20.9 286.7
  20.8 286.9 20.7 287.2 20.7 287.4 20.6 287.7 20.6 288.0 20.5 288.3 20.5 288.5
  20.6 288.8 20.6 289.1 20.6 289.4 20.7 289.7 20.7 290.0 20.8 290.3 20.8 290.6
  20.8 290.9 20.8 291.2 20.8 291.5 20.8 291.8 20.8 292.0 20.9 292.3 20.9 292.6
  21.0 292.8 21.1 293.0 21.1 293.2 21.2 293.4 21.3 293.6 21.4 293.8 21.5 294.0
  21.6 294.2 21.7 294.4 21.8 294.5 22.0 294.7 22.1 294.9 22.2 295.0 22.4 295.1
  22.5 295.2 22.6 295.2 22.8 295.3 22.9 295.4 23.1 295.4 23.3 295.4 23.4 295.4
  23.6 295.5 23.7 295.5 23.9 295.4 24.1 295.4 24.2 295.4 24.4 295.3 24.6 295.2
  24.7 295.2 24.9 295.1 25.1 295.0 25.3 295.0 25.4 295.0 25.6 294.9 25.8 294.9
  25.9 294.9 26.1 294.8 26.3 294.6
  12  5 80  0.0
  72.5 321.4 72.7 321.1 72.9 320.7 73.1 320.3 73.4 319.8 73.5 319.2 73.6 318.5
  73.7 317.7 73.9 316.9 74.0 315.9 74.1 315.3 74.1 314.6 74.2 313.9 74.3 313.1
  74.4 312.4 74.4 311.6 74.4 310.9 74.3 310.2 74.2 309.6 74.1 309.0 74.0 308.4
  73.9 307.6 73.6 306.9 73.4 306.2 73.1 305.6 72.9 305.1 72.6 304.6 72.3 304.2
  71.9 303.9 71.6 303.5 71.2 303.3 70.8 303.1 70.4 303.0 70.0 303.0 69.6 302.9
  69.2 302.9 68.8 302.9 68.4 303.0 68.0 303.1 67.6 303.0 67.1 303.0 66.7 302.9
  66.3 303.0 65.8 303.0 65.4 302.9 64.9 302.8 64.5 302.7 64.0 302.7 63.6 302.8
  63.1 302.7 62.7 302.7 62.3 302.7 61.8 302.7 61.4 302.6 61.0 302.5 60.6 302.4
  60.2 302.3 59.8 302.2 59.4 302.1 59.1 302.1 58.7 302.1 58.3 302.1 57.9 302.1
  57.6 302.1 57.3 302.0 56.9 302.0 56.6 302.0 56.3 302.0 56.0 301.9 55.7 301.8
  55.4 301.7 55.2 301.6 54.9 301.5 54.7 301.3 54.4 301.2 54.2 301.0 53.9 300.8
  53.7 300.5 53.4 300.2 53.2 299.9 53.0 299.6 52.8 299.2 52.7 298.8 52.5 298.4
  52.4 298.0 52.2 297.5 52.0 297.0 51.9 296.5 51.8 295.9 51.6 295.3 51.5 294.7
  51.4 294.1 51.2 293.4 51.1 292.7 50.9 292.0 50.8 291.3 50.6 290.6 50.5 289.8
  50.3 289.0 50.2 288.1 50.1 287.3 50.0 286.4 49.9 285.5 49.8 284.6 49.8 283.6
  49.8 282.5 49.9 281.5 49.9 280.4 50.0 279.3 50.3 278.2 50.6 277.2 50.8 276.2
  51.1 275.1 51.4 274.2 51.7 273.2 52.1 272.3 52.4 271.6 52.8 271.0 53.3 270.3
  53.7 269.7 54.1 269.2 54.6 268.9 55.0 268.7 55.4 268.5 55.7 268.4 56.0 268.2
  56.3 268.3 56.5 268.4 56.7 268.6 56.9 268.7 57.1 268.9 57.2 269.1 57.2 269.3
  57.3 269.5 57.3 269.7 57.3 270.0 57.3 270.3 57.3 270.6 57.2 270.9 57.2 271.3
  57.1 271.6 57.0 272.0 56.8 272.4 56.6 272.8 56.4 273.2 56.1 273.5 55.8 273.9
  55.6 274.3 55.3 274.6 55.1 275.0 54.8 275.3 54.5 275.6 54.3 275.9 54.0 276.2
  53.7 276.5 53.4 276.8 53.2 277.1 52.9 277.3 52.6 277.6 52.4 277.8 52.1 278.0
  51.8 278.2 51.6 278.5 51.3 278.7 51.1 278.9 50.8 279.1 50.6 279.3 50.3 279.4
  50.0 279.6 49.8 279.8 49.5 279.9 49.2 280.0 48.9 280.1 48.6 280.2 48.3 280.2
  48.0 280.1 47.7 280.1 47.5 280.0 47.3 280.0 47.1 279.9 46.8 279.8 46.6 279.7
  46.4 279.6 46.1 279.4 45.9 279.3 45.8 279.2 45.6 279.0 45.5 278.9 45.3 278.7
  45.2 278.4 45.2 278.2 45.1 277.9 45.1 277.6 45.1 277.2 45.1 276.8 45.1 276.4
  45.1 276.0 45.0 275.6 44.9 275.1 44.8 274.7 44.8 274.2 44.7 273.7 44.7 273.3
  44.7 272.8 44.8 272.3 44.8 271.8 44.7 271.4 44.7 270.9 44.6 270.4 44.5 269.8
  44.5 269.3 44.4 268.8 44.4 268.2 44.3 267.7 44.3 267.1 44.4 266.6 44.5 266.0
  44.5 265.4 44.6 264.9 44.7 264.4 44.8 263.9 44.9 263.4 44.9 262.9 45.0 262.4
  45.1 261.9 45.1 261.4 45.2 260.9 45.2 260.4 45.2 259.9 45.4 259.4 45.6 259.0
  45.8 258.6 46.0 258.2 46.1 257.9 46.3 257.5 46.4 257.1 46.6 256.7 46.7 256.3
  46.8 256.0 46.9 255.6 47.0 255.3
  12  6 80  0.0
  72.5 321.4 72.4 320.6 72.2 319.9 72.0 319.2 71.8 318.5 71.6 317.6 71.4 316.7
  71.2 315.9 70.9 315.1 70.6 314.4 70.3 313.7 70.0 313.0 69.7 312.3 69.4 311.5
  69.1 310.8 68.8 310.1 68.5 309.4 68.2 308.7 67.9 308.1 67.6 307.4 67.2 306.7
  66.9 306.0 66.6 305.3 66.2 304.6 65.9 304.0 65.5 303.3 65.2 302.5 64.8 301.8
  64.5 301.1 64.1 300.4 63.7 299.7 63.3 299.2 62.9 298.7 62.4 298.2 62.0 297.7
  61.5 297.4 61.0 297.1 60.5 296.9 60.0 296.6 59.5 296.3 58.9 296.2 58.4 296.1
  57.8 295.9 57.3 295.9 56.8 295.8 56.3 295.7 55.8 295.6 55.3 295.5 54.8 295.5
  54.3 295.5 53.8 295.4 53.3 295.5 52.8 295.6 52.3 295.6 51.8 295.6 51.3 295.7
  50.8 295.7 50.2 295.6 49.6 295.5 49.0 295.5 48.3 295.3 47.5 295.2 46.7 294.9
  45.8 294.7 45.0 294.4 44.3 294.1 43.5 293.8 42.9 293.3 42.3 292.9 41.8 292.4
  41.4 291.9 40.9 291.4 40.5 290.9 40.0 290.4 39.7 289.8 39.3 289.3 39.1 288.7
  38.8 288.2 38.6 287.6 38.2 287.0 37.9 286.4 37.7 285.9 37.5 285.4 37.3 284.9
  37.1 284.4 36.9 283.9 36.7 283.5 36.5 283.0 36.3 282.5 36.1 282.0 35.9 281.5
  35.7 281.2 35.6 280.8 35.4 280.5 35.3 280.1 35.1 279.8 34.9 279.5 34.7 279.1
  34.5 278.8 34.4 278.4 34.2 278.0 34.1 277.7 33.9 277.3 33.8 277.0 33.6 276.7
  33.5 276.5 33.4 276.2 33.3 276.0 33.1 275.7 33.0 275.5 32.9 275.2 32.7 275.0
  32.6 274.7 32.5 274.5 32.4 274.2 32.3 273.9 32.2 273.7 32.1 273.4 32.0 273.1
  31.9 273.0 31.8 272.9 31.7 272.7 31.7 272.6 31.6 272.4 31.6 272.2 31.6 272.1
  31.6 271.9 31.5 271.6 31.4 271.4 31.4 271.2 31.4 270.9 31.3 270.7 31.3 270.4
  31.4 270.1 31.4 269.9 31.4 269.6 31.5 269.3 31.6 269.0 31.7 268.7 31.8 268.4
  32.0 268.1 32.1 267.8 32.2 267.4 32.3 266.9 32.4 266.5 32.5 266.1 32.7 265.7
  32.8 265.3 33.0 264.9 33.3 264.5 33.5 264.1 33.8 263.8 34.0 263.5 34.1 263.1
  34.3 262.6 34.5 262.1 34.7 261.7 35.0 261.2 35.3 260.8 35.6 260.4 35.9 260.1
  36.3 259.7 36.6 259.2 36.8 258.7 37.1 258.3 37.4 257.8 37.8 257.4 38.1 257.0
  38.5 256.5 39.0 256.0 39.4 255.6 39.8 255.2 40.1 254.8 40.5 254.3 40.8 253.9
  41.2 253.5 41.6 253.1 42.0 252.7 42.5 252.2 42.9 251.6 43.2 251.1 43.5 250.6
  43.8 250.1 44.1 249.6 44.5 249.0 44.8 248.4 45.2 247.8 45.4 247.2 45.6 246.6
  45.9 245.9 46.1 245.3 46.3 244.5 46.5 243.7 46.5 242.8 46.5 242.0 46.6 241.1
  46.6 240.3 46.6 239.4 46.5 238.6 46.4 237.7 46.3 236.8 46.1 236.0 45.8 235.0
  45.6 234.2 45.3 233.2 45.0 232.3 44.7 231.2 44.4 230.2 44.1 229.1 43.7 228.0
  43.3 226.9 42.9 225.8 42.5 224.7 42.1 223.4 41.6 222.1 41.1 221.0 40.6 219.8
  40.2 218.5 39.8 217.2 39.4 216.1 38.9 214.9 38.6 213.7 38.2 212.5 37.8 211.1
  37.6 210.0 37.3 208.9 37.0 207.7 36.9 206.4 36.8 205.1 36.6 203.8 36.6 202.5
  36.5 201.3 36.5 200.1 36.4 198.8 36.5 197.7 36.6 196.5 36.7 195.4 37.0 194.3
  37.3 193.2 37.6 192.2 38.0 191.2
  12  7 80  0.0
  72.5 321.4 72.8 321.3 73.0 321.1 73.3 320.9 73.5 320.6 73.7 320.3 74.0 319.9
  74.1 319.5 74.3 319.1 74.5 318.8 74.6 318.4 74.7 317.9 74.8 317.4 75.0 316.9
  75.0 316.3 75.1 315.8 75.1 315.3 75.1 314.8 75.1 314.3 75.0 313.9 74.9 313.5
  74.9 313.1 74.7 312.7 74.6 312.4 74.4 312.1 74.3 311.9 74.1 311.6 73.8 311.4
  73.6 310.9 73.4 310.4 73.2 310.0 72.9 309.6 72.6 309.2 72.3 308.8 72.0 308.5
  71.7 308.1 71.4 307.5 71.1 307.0 70.8 306.4 70.4 306.0 70.1 305.5 69.7 305.1
  69.4 304.4 69.0 303.8 68.7 303.1 68.3 302.5 68.0 302.0 67.6 301.2 67.2 300.5
  66.9 299.8 66.5 299.1 66.1 298.5 65.7 297.8 65.3 297.1 64.9 296.4 64.5 295.7
  64.1 295.0 63.7 294.4 63.3 294.0 62.8 293.5 62.4 293.2 61.9 292.8 61.5 292.6
  61.0 292.3 60.5 292.1 59.9 291.8 59.6 291.7 59.2 291.4 58.8 291.2 58.4 290.9
  58.0 290.6 57.6 290.3 57.2 290.0 56.8 289.6 56.4 289.3 56.1 288.8 55.7 288.4
  55.4 288.0 55.1 287.6 54.9 287.2 54.8 286.7 54.6 286.1 54.5 285.5 54.4 284.8
  54.2 284.1 54.1 283.4 54.0 282.5 54.0 281.7 53.9 280.8 53.9 280.1 53.8 279.4
  53.8 278.6 53.9 277.8 53.9 277.0 53.9 276.2 53.9 275.4 54.0 274.5 54.1 273.6
  54.2 272.5 54.3 271.4 54.4 270.4 54.6 269.3 54.8 268.3 54.9 267.3 55.1 266.2
  55.3 265.2 55.5 264.2 55.7 263.2 55.9 262.2 56.2 261.2 56.4 260.4 56.7 259.5
  56.9 258.7 57.2 257.8 57.5 257.0 57.9 256.2 58.2 255.3 58.5 254.7 58.9 254.0
  59.2 253.3 59.6 252.7 60.0 252.0 60.3 251.3 60.7 250.8 61.0 250.2 61.4 249.7
  61.8 249.2 62.1 248.8 62.5 248.3 62.9 247.8 63.3 247.3 63.7 246.9 64.1 246.4
  64.5 245.9 65.0 245.3 65.4 244.8 65.9 244.3 66.3 243.8 66.8 243.1 67.3 242.5
  67.8 241.8 68.3 241.2 68.8 240.4 69.3 239.6 69.8 238.7 70.3 237.9 70.9 237.0
  71.5 236.2 72.0 235.3 72.6 234.5 73.1 233.7 73.7 232.9 74.2 232.1 74.8 231.3
  75.3 230.4 75.8 229.5 76.3 228.6 76.8 227.7 77.2 226.8 77.6 225.9 78.0 225.1
  78.5 224.2 78.9 223.4 79.3 222.6 79.6 221.7 80.0 220.8 80.4 219.8 80.8 218.8
  81.1 217.8 81.5 216.7 81.8 215.6 82.1 214.5 82.5 212.3 82.9 209.9 83.1 207.4
  83.4 204.7 83.6 201.8 83.8 198.8 83.9 195.7 84.1 192.5 84.2 188.0 84.2 183.5
  84.1 179.2 83.9 175.4 83.7 173.3 83.6 171.5 83.3 169.8 83.1 168.3 82.8 167.0
  82.5 165.8 82.1 164.8 81.7 163.9 81.3 164.2 81.0 164.5 80.6 164.8 80.2 165.1
  79.9 165.4 79.5 166.3 79.2 167.2 78.9 168.1 78.6 169.0 78.3 169.9 78.0 170.7
  77.7 171.5 77.5 172.9 77.3 174.2 77.1 175.5 76.9 176.9 76.8 178.2 76.6 179.7
  76.5 181.1 76.4 182.5 76.3 184.0 76.2 185.5 76.1 187.1 76.1 188.7 76.0 190.3
  76.0 192.0 76.0 193.6 75.9 195.5 75.9 197.3 75.9 199.0 75.8 200.8 75.8 202.5
  75.8 204.2 75.7 205.9 75.7 207.5 75.7 209.2 75.6 210.8 75.6 212.4 75.6 214.0
  75.6 215.5 75.6 216.9 75.6 218.3 75.6 219.6 75.6 220.9 75.7 222.2 75.7 223.4
  75.7 224.5 75.8 225.6 75.8 226.6
  12  8 80  0.0
  72.5 321.4 72.5 321.2 72.5 321.1 72.5 321.0 72.6 320.9 72.6 320.9 72.7 320.8
  72.7 320.8 72.8 320.8 72.9 320.8 73.0 320.9 73.1 320.9 73.2 321.0 73.4 321.1
  73.5 321.2 73.7 321.2 73.9 321.3 74.1 321.3 74.3 321.4 74.5 321.5 74.8 321.6
  75.0 321.6 75.3 321.7 75.5 321.7 75.8 321.7 76.1 321.6 76.4 321.5 76.6 321.3
  76.9 321.2 77.1 321.0 77.3 320.7 77.4 320.5 77.6 320.2 77.7 319.9 77.8 319.6
  77.9 319.2 77.9 318.9 78.0 318.5 78.0 318.1 78.0 317.6 78.1 317.1 78.1 316.7
  78.0 316.3 78.0 315.9 77.9 315.5 77.9 315.3 77.8 315.1 77.7 314.9 77.6 314.8
  77.5 314.7 77.4 314.6 77.3 314.5 77.2 314.4 77.1 314.3 76.9 314.2 76.8 314.1
  76.6 314.0 76.4 313.9 76.2 313.8 76.0 313.6 75.8 313.5 75.6 313.3 75.4 313.0
  75.2 312.8 75.0 312.6 74.8 312.4 74.6 312.2 74.5 312.0 74.3 311.9 74.1 311.7
  73.9 311.6 73.7 311.3 73.5 311.1 73.2 310.9 73.0 310.6 72.8 310.3 72.6 310.0
  72.4 309.6 72.2 309.1 72.0 308.7 71.8 307.9 71.5 307.2 71.2 306.4 70.9 305.6
  70.6 304.8 70.3 304.0 69.9 303.3 69.5 302.5 69.1 301.7 68.7 300.9 68.2 300.3
  67.8 299.6 67.3 298.9 66.8 298.2 66.3 297.6 65.8 297.1 65.2 296.5 64.7 295.9
  64.2 295.4 63.7 294.9 63.3 294.4 62.8 293.9 62.3 293.4 61.8 292.9 61.4 292.4
  60.9 291.8 60.4 291.3 60.0 290.8 59.5 290.2 59.1 289.6 58.6 289.0 58.2 288.5
  57.7 287.9 57.4 287.2 57.0 286.5 56.7 285.8 56.3 285.0 56.0 284.3 55.7 283.5
  55.4 282.7 55.2 281.9 54.9 281.1 54.7 280.2 54.5 279.3 54.4 278.3 54.4 277.4
  54.3 276.4 54.3 275.3 54.3 274.3 54.4 273.2 54.4 272.2 54.5 271.1 54.6 270.0
  54.7 268.9 54.9 267.9 55.1 266.8 55.3 265.8 55.6 264.8 55.8 263.8 56.1 262.9
  56.4 262.0 56.8 261.2 57.1 260.3 57.5 259.5 57.9 258.6 58.3 257.7 58.7 257.0
  59.1 256.4 59.5 255.8 59.9 255.2 60.3 254.6 60.6 254.1 61.0 253.7 61.4 253.3
  61.7 252.8 62.0 252.4 62.4 251.9 62.8 251.4 63.2 251.0 63.6 250.5 64.0 250.1
  64.4 249.7 64.8 249.2 65.2 248.7 65.6 248.2 66.0 247.6 66.4 247.1 66.9 246.4
  67.3 245.7 67.8 245.0 68.3 244.3 68.8 243.5 69.3 242.7 69.9 241.9 70.4 241.1
  71.1 240.3 71.7 239.5 72.3 238.7 72.9 238.0 73.6 237.2 74.2 236.4 75.0 235.7
  75.6 235.0 76.2 234.2 76.8 233.7 77.5 233.2 78.1 232.7 78.7 232.3 79.4 232.0
  79.9 231.6 80.4 231.2 81.0 230.7 81.5 230.1 82.0 229.5 82.7 228.5 83.2 227.4
  83.7 226.1 84.2 224.6 84.8 221.8 85.3 218.4 85.7 214.3 86.0 209.3 86.3 203.3
  86.6 196.0 86.8 187.5 86.8 178.7 86.7 170.4 86.6 163.2 86.4 157.1 86.1 152.0
  85.8 147.8 85.6 145.9 85.4 144.3 85.1 143.1 84.9 142.1 84.6 141.2 84.3 140.6
  84.0 140.1 83.8 140.9 83.5 141.6 83.2 142.4 83.0 143.1 82.7 143.8 82.4 144.6
  82.1 145.3 81.7 146.0 81.5 147.2 81.2 148.4 80.8 149.6 80.5 150.6 80.2 151.7
  79.8 152.8 79.5 153.9 79.2 155.1 78.8 156.2 78.5 157.4 78.1 158.5 77.8 159.7
  77.4 160.8 77.1 161.9 76.8 163.1
  12  9 80  0.0
  72.5 321.4 72.3 320.9 72.2 320.4 72.0 319.9 71.9 319.5 71.7 319.2 71.6 318.9
  71.4 318.6 71.3 318.4 71.1 318.2 71.0 318.1 70.8 317.9 70.6 317.8 70.5 317.7
  70.3 317.7 70.1 317.6 69.9 317.6 69.8 317.6 69.7 317.6 69.5 317.7 69.4 317.8
  69.2 317.9 69.1 318.0 68.9 318.2 68.8 318.3 68.7 318.5 68.6 318.7 68.4 318.8
  68.3 318.9 68.2 319.0 68.2 319.0 68.1 319.0 68.0 318.9 68.0 318.8 68.0 318.7
  67.9 318.5 67.9 318.2 67.9 317.9 68.0 317.7 68.0 317.4 68.0 317.0 68.0 316.7
  68.0 316.5 68.1 316.2 68.1 316.0 68.2 315.7 68.2 315.5 68.3 315.2 68.4 314.9
  68.4 314.6 68.5 314.3 68.5 314.0 68.5 313.6 68.5 313.2 68.5 312.8 68.5 312.4
  68.5 311.9 68.4 311.4 68.3 310.9 68.2 310.4 68.1 309.9 67.9 309.4 67.8 308.7
  67.6 308.1 67.4 307.5 67.2 306.8 67.1 306.1 66.9 305.4 66.7 304.7 66.4 304.0
  66.2 303.3 66.0 302.5 65.8 301.7 65.6 300.8 65.4 300.0 65.3 299.1 65.1 298.3
  65.0 297.6 64.8 296.8 64.6 296.1 64.4 295.3 64.3 294.6 64.1 293.9 63.9 293.3
  63.7 292.8 63.5 292.3 63.2 291.9 63.0 291.4 62.8 290.9 62.6 290.5 62.3 290.1
  62.1 289.6 61.8 289.2 61.6 288.8 61.4 288.5 61.2 288.1 60.9 287.7 60.8 287.3
  60.6 287.0 60.4 286.6 60.3 286.2 60.1 285.9 59.9 285.5 59.8 285.2 59.6 284.8
  59.4 284.4 59.3 284.1 59.1 283.7 59.0 283.3 58.9 282.9 58.9 282.5 58.8 282.1
  58.7 281.6 58.6 281.2 58.5 280.6 58.4 280.1 58.2 279.6 58.3 279.0 58.3 278.4
  58.3 277.8 58.3 277.2 58.4 276.6 58.4 275.9 58.5 275.3 58.6 274.6 58.8 273.9
  58.9 273.3 59.0 272.6 59.2 271.9 59.4 271.2 59.6 270.5 59.8 269.8 60.0 269.1
  60.3 268.7 60.5 268.2 60.7 267.8 61.0 267.4 61.3 267.1 61.6 266.7 61.9 266.4
  62.2 266.1 62.6 266.1 62.9 266.1 63.2 266.2 63.5 266.3 63.8 266.4 64.1 266.5
  64.5 266.8 64.8 267.2 65.0 267.5 65.3 267.9 65.6 268.3 65.8 268.8 66.0 269.2
  66.2 269.7 66.4 270.3 66.7 270.9 66.9 271.5 67.1 272.2 67.3 272.8 67.4 273.6
  67.6 274.3 67.7 275.1 67.8 276.0 67.9 276.9 68.0 277.9 68.0 278.9 68.0 280.1
  67.9 281.4 67.9 282.6 67.8 283.8 67.7 285.1 67.5 286.4 67.3 287.7 67.1 289.0
  66.8 290.3 66.5 291.5 66.2 292.8 65.7 293.9 65.3 295.0 64.9 296.0 64.4 297.0
  63.9 297.9 63.4 298.7 62.9 299.5 62.3 300.3 61.8 301.1 61.2 301.7 60.7 302.4
  60.1 303.0 59.4 303.6 58.8 304.1 58.2 304.6 57.5 305.1 56.8 305.3 56.1 305.6
  55.4 305.8 54.8 305.9 54.1 305.9 53.4 306.0 52.7 305.9 52.0 305.9 51.3 305.8
  50.5 305.6 49.7 305.4 49.0 305.1 48.2 304.8 47.4 304.5 46.7 304.1 46.0 303.6
  45.4 303.2 44.8 302.7 44.2 302.2 43.5 301.7 42.9 301.1 42.2 300.5 41.6 299.8
  41.0 299.1 40.4 298.4 39.8 297.7 39.2 297.0 38.7 296.2 38.1 295.4 37.6 294.6
  37.0 293.7 36.4 292.8 35.9 291.8 35.4 290.8 34.9 289.7 34.4 288.6 33.8 287.5
  33.5 286.4 33.1 285.3 32.7 284.2 32.3 283.1 32.0 281.9 31.7 280.9 31.3 279.8
  31.2 278.8 31.0 277.8 30.8 276.8
  12 10 80  0.0
  72.5 321.4 72.3 320.6 72.1 319.8 71.9 319.0 71.7 318.4 71.5 317.8 71.3 317.2
  71.1 316.7 70.9 316.2 70.7 315.8 70.4 315.4 70.2 315.1 70.0 314.8 69.7 314.7
  69.5 314.7 69.2 314.6 69.0 314.5 68.7 314.4 68.5 314.3 68.2 314.3 67.9 314.2
  67.7 314.2 67.4 314.2 67.1 314.3 66.8 314.3 66.6 314.2 66.3 314.2 66.0 314.2
  65.8 314.2 65.5 314.1 65.3 314.0 65.1 313.9 64.9 313.8 64.7 313.7 64.5 313.5
  64.3 313.4 64.1 313.2 64.0 313.0 63.8 312.8 63.7 312.5 63.6 312.3 63.5 312.1
  63.3 311.8 63.4 311.6 63.5 311.5 63.6 311.3 63.7 311.1 63.9 311.0 64.0 310.8
  64.2 310.9 64.3 311.0 64.5 311.1 64.7 311.1 64.9 311.1 65.0 311.1 65.2 311.1
  65.4 311.1 65.6 311.0 65.7 310.9 65.9 310.8 66.1 310.7 66.3 310.5 66.5 310.3
  66.7 310.1 66.9 309.8 67.1 309.6 67.2 309.4 67.4 309.1 67.5 308.9 67.6 308.6
  67.7 308.3 67.8 308.1 67.9 307.8 68.1 307.5 68.2 307.3 68.3 307.2 68.4 306.9
  68.4 306.7 68.5 306.4 68.5 306.1 68.5 305.8 68.4 305.5 68.4 305.2 68.3 304.8
  68.2 304.4 68.1 304.1 68.0 303.7 67.9 303.1 67.8 302.5 67.6 301.9 67.5 301.3
  67.4 300.7 67.2 300.0 67.2 299.3 67.1 298.5 67.0 297.8 67.0 297.1 66.9 296.3
  66.8 295.6 66.7 294.8 66.7 294.1 66.6 293.5 66.6 292.8 66.5 292.1 66.4 291.5
  66.3 290.9 66.2 290.3 66.1 289.7 66.0 289.2 65.8 288.6 65.7 288.1 65.5 287.6
  65.4 287.1 65.3 286.6 65.2 286.1 65.1 285.6 64.9 285.2 64.8 284.7 64.6 284.3
  64.4 283.9 64.3 283.5 64.2 283.1 64.1 282.7 63.9 282.3 63.8 281.9 63.6 281.5
  63.5 281.1 63.3 280.8 63.2 280.4 63.0 280.1 62.9 279.8 62.8 279.5 62.7 279.2
  62.6 279.0 62.6 278.7 62.5 278.5 62.4 278.2 62.4 278.0 62.3 277.8 62.3 277.6
  62.2 277.5 62.2 277.3 62.1 277.1 62.1 277.0 62.1 276.9 62.0 276.7 62.0 276.6
  62.0 276.5 62.0 276.5 62.0 276.1 62.0 275.7 62.1 275.4 62.2 275.4 62.3 275.3
  62.4 275.3 62.5 275.3 62.6 275.4 62.7 275.4 62.8 275.5 62.9 275.6 63.0 275.7
  63.1 275.8 63.2 276.0 63.3 276.1 63.3 276.3 63.3 276.5 63.2 276.8 63.2 277.0
  63.1 277.3 63.0 277.5 63.0 277.8 62.9 278.0 62.9 278.2 62.9 278.4 62.8 278.6
  62.8 278.8 62.8 278.9 62.7 279.0 62.7 279.1 62.7 279.2 62.7 279.3 62.7 279.3
  62.7 279.4 62.7 279.5 62.7 279.6 62.8 279.7 62.8 279.9 62.8 280.0 62.7 280.2
  62.6 280.4 62.4 280.7 62.3 280.9 62.2 281.2 62.1 281.5 62.0 281.8 61.9 282.2
  61.8 282.2 61.7 282.2 61.6 282.3 61.6 282.4 61.5 282.6 61.4 282.8 61.3 283.0
  61.3 283.2 61.2 283.5 61.1 283.8 61.1 284.2 60.8 284.6 60.5 285.0 60.3 285.5
  60.0 286.0 59.7 286.0 59.5 286.1 59.2 286.1 58.9 286.3 58.6 286.4 58.3 286.6
  58.1 286.8 57.8 287.1 57.5 286.9 57.2 286.8 57.0 286.7 56.7 286.6 56.5 286.6
  56.3 286.7 56.0 286.8 55.8 286.9 55.6 286.7 55.4 286.4 55.2 286.2 54.9 286.1
  54.7 286.0 54.4 285.9 54.2 285.8 53.9 285.9 53.6 285.4 53.3 285.0 53.0 284.6
  52.7 284.3 52.4 283.9 52.3 283.6
  12 11 80  0.0
  72.5 321.4 72.4 321.1 72.2 320.8 72.1 320.5 71.9 320.2 71.8 320.0 71.6 319.8
  71.4 319.6 71.2 319.4 70.9 319.1 70.7 318.8 70.5 318.5 70.2 318.2 69.9 317.9
  69.7 317.8 69.5 317.6 69.2 317.4 69.0 317.1 68.7 316.9 68.5 316.6 68.3 316.3
  68.0 316.0 67.8 315.7 67.6 315.6 67.3 315.5 67.1 315.3 66.8 315.2 66.6 315.1
  66.3 315.0 66.1 315.0 65.8 314.9 65.6 315.1 65.3 315.2 65.1 315.4 64.8 315.6
  64.6 315.8 64.3 316.0 64.1 316.2 63.9 316.4 63.7 316.7 63.5 316.9 63.3 317.0
  63.1 317.2 62.9 317.4 62.6 317.5 62.4 317.6 62.1 317.7 61.9 317.7 61.6 317.8
  61.3 317.9 61.1 318.0 60.9 318.1 60.6 318.1 60.4 318.1 60.2 318.1 60.0 318.1
  59.8 318.0 59.7 318.0 59.5 318.0 59.3 318.0 59.2 317.9 59.0 317.8 58.8 317.7
  58.7 317.6 58.5 317.4 58.4 317.2 58.2 317.0 58.0 316.7 57.9 316.4 57.7 316.2
  57.6 315.9 57.6 315.5 57.5 315.2 57.5 314.8 57.5 314.4 57.5 314.1 57.5 313.8
  57.5 313.5 57.6 313.2 57.6 313.0 57.7 312.7 57.7 312.6 57.8 312.4 57.9 312.3
  58.0 312.2 58.1 312.1 58.2 312.0 58.3 312.0 58.5 311.9 58.8 311.9 59.0 311.9
  59.2 311.9 59.4 311.9 59.5 311.9 59.7 311.9 59.8 312.0 60.0 312.0 60.0 312.1
  60.0 312.1 60.1 311.9 60.1 311.7 60.2 311.5 60.3 311.3 60.3 311.1 60.3 310.8
  60.3 310.6 60.3 310.3 60.3 310.1 60.3 309.8 60.3 309.4 60.3 309.1 60.2 308.8
  60.2 308.5 60.1 308.2 60.1 307.8 60.0 307.5 59.9 307.5 59.8 307.6 59.7 307.7
  59.6 307.8 59.5 307.9 59.4 308.0 59.3 308.1 59.2 308.3 59.1 308.4 59.0 308.5
  58.9 308.6 58.7 308.7 58.6 308.7 58.4 308.8 58.3 308.9 58.1 308.9 57.9 309.0
  57.8 309.3 57.6 309.6 57.4 309.8 57.2 310.1 57.0 310.4 56.8 310.7 56.6 311.0
  56.3 311.3 56.1 311.6 55.8 311.9 55.6 312.3 55.3 312.8 55.0 313.2 54.7 313.6
  54.5 314.0 54.2 314.5 54.0 314.9 53.7 315.5 53.5 316.1 53.3 316.8 53.1 317.4
  52.9 318.1 52.7 318.8 52.5 319.5 52.3 320.1 52.1 320.8 51.8 321.5 51.6 322.3
  51.3 323.2 51.0 324.1 50.7 325.0 50.3 325.8 50.0 326.6 49.6 327.5 49.2 328.4
  48.8 329.3 48.4 330.2 47.9 331.0 47.5 331.9 47.0 332.6 46.7 333.3 46.3 334.0
  45.9 334.6 45.5 335.1 45.1 335.7 44.6 336.1 44.5 336.6 44.4 337.0 44.2 337.4
  44.0 337.8 43.8 338.1 43.6 338.4 43.4 338.7 43.2 339.0 43.0 339.3 42.8 339.6
  42.5 339.8 42.3 340.1 42.3 340.3 42.4 340.6 42.5 340.8 42.5 341.1 42.6 341.3
  42.7 341.5 42.8 341.8 42.9 342.0 43.0 342.3 43.0 342.5 43.1 342.8 43.3 343.0
  43.4 343.3 43.5 343.6 43.6 343.8 43.7 344.1 43.9 344.4 44.2 344.7 44.5 345.0
  44.8 345.3 45.0 345.7 45.3 346.0 45.6 346.3 45.8 346.7 46.1 347.0 46.4 347.3
  46.7 347.6 46.9 347.8 47.1 348.1 47.5 348.4 47.8 348.8 48.1 349.1 48.4 349.3
  48.7 349.5 48.9 349.7 49.2 349.9 49.4 350.1 49.6 350.4 49.8 350.6 49.9 350.9
  50.1 351.2 50.3 351.3 50.5 351.3 50.6 351.4 50.8 351.5 51.0 351.6 51.1 351.7
  51.3 351.9 51.4 352.1 51.7 352.3
  12 12 80  0.0
  72.5 321.4 72.4 320.7 72.2 320.1 72.1 319.5 71.9 319.0 71.8 318.7 71.6 318.5
  71.4 318.3 71.2 318.1 71.0 317.9 70.8 317.7 70.6 317.5 70.5 317.3 70.3 317.1
  70.1 317.0 69.8 316.8 69.6 316.8 69.4 316.8 69.2 316.8 69.0 316.8 68.8 316.9
  68.5 316.9 68.3 316.9 68.0 317.0 67.8 317.0 67.5 317.1 67.3 317.1 67.1 317.1
  66.9 317.1 66.7 317.1 66.5 317.1 66.4 317.1 66.2 317.2 66.1 317.2 65.9 317.2
  65.8 317.3 65.7 317.4 65.6 317.5 65.6 317.7 65.5 317.8 65.4 318.0 65.3 318.2
  65.3 318.5 65.2 318.8 65.2 319.1 65.2 319.4 65.1 319.8 65.1 320.2 65.2 320.6
  65.3 321.1 65.3 321.6 65.3 322.1 65.3 322.7 65.3 323.2 65.3 323.8 65.2 324.3
  65.2 324.9 65.2 325.5 65.1 326.1 65.1 326.6 65.0 327.2 65.0 327.8 64.9 328.3
  64.8 328.8 64.8 329.2 64.7 329.6 64.6 329.9 64.5 330.1 64.5 330.3 64.4 330.4
  64.3 330.5 64.1 330.5 64.0 330.4 63.9 330.3 63.8 330.3 63.6 330.4 63.5 330.4
  63.4 330.3 63.3 330.3 63.1 330.2 63.0 330.1 62.9 330.0 62.7 329.8 62.6 329.6
  62.5 329.4 62.3 329.2 62.2 329.0 62.0 328.8 61.8 328.5 61.6 328.3 61.4 328.1
  61.2 327.8 60.9 327.5 60.6 327.3 60.3 327.0 59.9 326.7 59.6 326.3 59.2 325.9
  58.9 325.5 58.5 325.1 58.1 324.7 57.7 324.3 57.4 323.9 57.0 323.5 56.6 323.1
  56.2 322.7 55.8 322.3 55.4 321.9 54.9 321.4 54.4 321.0 53.9 320.6 53.4 320.2
  52.9 319.9 52.5 319.5 52.2 319.3 51.8 319.0 51.4 318.8 51.0 318.5 50.6 318.3
  50.1 318.1 49.7 317.9 49.2 317.6 48.8 317.3 48.3 317.0 47.8 316.8 47.3 316.4
  46.8 316.1 46.3 315.8 45.7 315.6 45.1 315.2 44.5 314.9 43.8 314.7 43.1 314.3
  42.4 314.0 41.7 313.7 40.9 313.2 40.2 312.8 39.5 312.3 38.9 311.7 38.3 311.0
  37.7 310.3 37.1 309.5 36.6 308.7 36.1 307.8 35.9 306.8 35.6 305.8 35.3 304.8
  35.1 303.7 35.1 302.6 35.2 301.5 35.2 300.3 35.3 299.1 35.6 297.9 36.0 296.7
  36.4 295.3 37.0 294.0 37.6 292.8 38.3 291.7 39.1 290.7 39.9 289.8 40.8 289.0
  41.8 288.4 42.8 287.8 43.6 287.4 44.4 287.0 45.3 286.8 46.1 286.7 46.9 286.7
  47.6 286.8 48.2 286.8 48.9 287.0 49.4 287.2 49.9 287.4 50.4 287.6 50.8 287.8
  51.2 288.0 51.6 288.2 51.7 288.4 51.9 288.7 52.0 289.0 52.1 289.3 52.1 289.4
  52.2 289.5 52.2 289.6 52.3 289.8 52.3 289.9 52.2 290.0 52.2 290.1 52.2 290.3
  52.1 290.4 52.1 290.5 52.0 290.6 51.9 291.0 51.8 291.3 51.7 291.7 51.6 292.1
  51.1 292.4 50.6 292.7 50.0 292.9 49.4 293.1 48.8 293.4 48.1 293.6 47.4 293.7
  46.6 293.8 45.7 293.8 44.7 293.6 43.7 293.5 42.8 293.1 41.9 292.7 41.2 292.1
  40.5 291.5 40.0 290.9 39.5 290.3 39.1 289.6 38.7 288.9 38.4 288.3 38.1 287.6
  37.6 287.0 37.3 286.4 37.0 285.8 36.7 285.1 36.5 284.4 36.3 283.7 36.0 283.0
  35.8 282.3 35.6 281.8 35.4 281.4 35.2 280.9 35.0 280.5 34.9 280.0 34.7 279.6
  34.6 279.2 34.4 278.8 34.3 278.3 34.2 277.8 34.0 277.4 33.9 276.9 33.7 276.6
  33.6 276.3 33.4 275.9 33.3 275.6
  12 13 80  0.0
  72.5 321.4 72.3 321.0 72.1 320.5 71.9 320.1 71.7 320.1 71.5 320.0 71.3 319.9
  71.1 319.9 70.8 319.8 70.6 319.8 70.4 319.7 70.3 319.7 70.1 319.7 69.9 319.6
  69.7 320.0 69.6 320.3 69.5 320.7 69.3 321.0 69.2 321.3 69.1 321.6 69.0 321.9
  68.8 322.2 68.7 322.4 68.6 322.6 68.4 322.8 68.3 323.0 68.1 323.2 68.0 323.4
  67.9 323.9 67.7 324.4 67.7 324.9 67.7 325.4 67.6 325.8 67.6 326.2 67.6 326.6
  67.5 327.0 67.5 327.4 67.5 327.8 67.4 328.1 67.5 328.5 67.5 328.9 67.5 329.3
  67.6 329.7 67.6 330.1 67.6 330.5 67.6 331.0 67.6 331.4 67.6 331.8 67.6 332.2
  67.6 332.6 67.7 333.0 67.7 333.4 67.8 333.8 67.8 334.2 67.8 334.6 67.9 335.0
  67.9 335.4 67.9 335.8 68.0 336.2 68.0 336.6 68.1 336.5 68.1 336.5 68.2 336.4
  68.2 336.4 68.3 336.3 68.4 336.3 68.4 336.2 68.5 336.2 68.5 336.2 68.6 336.1
  68.6 336.1 68.7 336.1 68.7 336.0 68.8 336.0 68.8 335.9 68.9 335.8 68.9 335.7
  68.9 335.5 69.0 335.2 69.0 335.0 69.1 334.7 69.1 334.3 69.2 333.9 69.2 333.5
  69.3 333.1 69.4 332.6 69.4 332.1 69.5 331.6 69.5 331.1 69.4 330.6 69.4 330.1
  69.4 329.6 69.3 329.1 69.3 328.6 69.2 328.1 69.1 327.6 69.0 327.1 68.8 326.6
  68.6 326.1 68.5 325.7 68.3 325.3 68.1 324.9 67.9 324.5 67.7 324.2 67.5 323.9
  67.3 323.6 67.0 323.3 66.7 323.0 66.5 322.7 66.2 322.4 65.9 322.1 65.6 321.8
  65.4 321.6 65.1 321.4 64.8 321.2 64.5 321.1 64.2 321.0 63.9 320.9 63.6 320.8
  63.3 320.7 63.1 320.5 62.8 320.5 62.4 320.4 62.1 320.3 61.8 320.2 61.5 319.9
  61.4 319.7 61.2 319.5 61.1 319.3 60.9 319.1 60.8 319.0 60.7 318.9 60.5 318.8
  60.4 318.7 60.3 318.6 60.1 318.5 60.0 318.4 59.9 318.4 59.7 318.4 59.6 318.3
  59.5 318.3 59.4 318.3 59.3 318.4 59.2 318.4 59.1 318.5 59.0 318.5 58.9 318.6
  58.8 318.7 58.7 318.8 58.6 318.9 58.5 319.0 58.4 319.1 58.3 319.2 58.2 319.3
  58.1 319.5 58.0 319.6 57.9 319.9 57.8 320.2 57.6 320.5 57.5 320.8 57.3 321.1
  57.1 321.4 56.9 321.7 56.7 322.0 56.5 322.3 56.2 322.6 56.0 323.0 55.7 323.5
  55.5 324.0 55.2 324.6 55.0 325.2 54.7 325.7 54.4 326.2 54.1 326.6 53.8 327.0
  53.5 327.6 53.2 328.2 52.9 328.8 52.6 329.4 52.3 329.9 52.0 330.5 51.7 331.0
  51.3 331.6 50.9 332.2 50.6 332.7 50.3 333.3 50.0 333.8 49.7 334.2 49.3 334.6
  49.0 335.0 48.6 335.4 48.2 335.8 47.8 336.1 47.6 336.4 47.5 336.7 47.3 337.0
  47.2 337.3 47.0 337.6 46.9 338.0 46.8 338.3 46.6 338.6 46.5 339.0 46.3 339.3
  46.2 339.7 46.0 340.0 45.9 340.3 45.9 340.5 45.9 340.8 45.9 341.0 45.9 341.2
  45.9 341.4 45.9 341.6 45.9 341.9 46.0 342.1 46.0 342.3 46.1 342.6 46.1 342.9
  46.2 343.3 46.3 343.6 46.4 343.8 46.5 344.1 46.7 344.3 46.9 344.5 47.2 344.7
  47.4 344.9 47.7 345.1 48.0 345.2 48.3 345.4 48.6 345.5 49.0 345.7 49.3 345.8
  49.7 345.9 50.0 346.0 50.4 346.1 50.8 346.1 51.2 346.1 51.6 346.0 52.0 346.0
  52.4 345.9 52.8 345.8 53.2 345.7
  12 14 80  0.0
  72.5 321.4 72.4 320.9 72.4 320.4 72.3 319.9 72.3 319.3 72.2 318.8 72.1 318.3
  72.0 317.8 71.9 317.4 71.8 317.1 71.7 316.7 71.5 316.4 71.4 316.1 71.3 315.8
  71.1 315.5 71.0 315.3 70.8 315.1 70.6 315.0 70.4 314.8 70.1 314.7 69.8 314.7
  69.6 315.0 69.3 315.3 69.0 315.7 68.7 316.0 68.4 316.4 68.1 316.7 67.8 317.1
  67.5 317.8 67.3 318.6 67.0 319.3 66.8 320.1 66.7 320.8 66.6 321.6 66.5 322.3
  66.5 323.1 66.4 323.9 66.4 324.7 66.4 325.5 66.4 326.3 66.4 327.1 66.5 327.9
  66.5 328.7 66.6 329.4 66.6 330.2 66.7 330.9 66.8 331.7 66.8 332.4 66.9 333.1
  67.0 333.7 67.1 334.3 67.2 334.9 67.3 335.5 67.4 336.1 67.5 336.6 67.7 337.1
  67.8 337.6 67.9 338.0 68.0 338.5 68.2 338.6 68.3 338.8 68.5 338.9 68.6 339.0
  68.7 339.1 68.9 339.2 69.0 339.3 69.1 339.3 69.2 339.3 69.3 339.3 69.5 339.3
  69.6 339.2 69.7 339.1 69.8 339.0 69.9 338.9 70.1 338.8 70.2 338.3 70.3 337.8
  70.5 337.4 70.6 336.9 70.7 336.4 70.9 336.0 71.0 335.5 71.0 335.1 71.1 334.6
  71.2 334.2 71.3 333.8 71.3 333.3 71.4 332.9 71.5 332.4 71.5 331.9 71.5 331.5
  71.5 331.0 71.4 330.5 71.4 330.0 71.4 329.4 71.3 328.9 71.3 328.3 71.2 327.6
  71.1 327.0 71.0 326.3 70.9 325.6 70.8 324.9 70.7 324.2 70.6 323.5 70.4 322.8
  70.3 322.2 70.1 321.5 69.9 320.9 69.7 320.6 69.6 320.4 69.4 320.1 69.2 319.8
  69.0 319.5 68.7 319.3 68.5 319.0 68.2 318.8 67.9 318.5 67.7 318.5 67.4 318.4
  67.1 318.3 66.8 318.2 66.5 318.0 66.2 317.9 65.9 317.8 65.6 317.7 65.3 317.6
  65.0 317.4 64.7 317.3 64.4 317.1 64.1 316.9 63.8 316.8 63.6 316.5 63.3 316.3
  63.0 316.0 62.9 315.7 62.8 315.5 62.6 315.2 62.5 315.0 62.4 314.8 62.3 314.6
  62.2 314.4 62.2 314.2 62.1 314.1 62.0 314.0 62.0 313.8 62.0 313.5 62.0 313.2
  61.9 312.9 62.0 312.7 62.0 312.4 62.0 312.2 62.0 312.0 62.1 311.9 62.3 311.8
  62.5 311.7 62.7 311.5 62.9 311.4 63.2 311.3 63.4 311.1 63.6 311.0 63.7 310.8
  63.9 310.5 64.0 310.3 64.2 310.0 64.3 309.6 64.4 309.3 64.5 308.9 64.5 308.5
  64.6 308.1 64.6 307.7 64.7 307.3 64.7 306.8 64.8 306.3 64.8 305.9 64.8 305.4
  64.7 304.9 64.7 304.3 64.6 303.8 64.5 303.2 64.5 302.7 64.4 302.1 64.3 301.5
  64.1 300.9 64.0 300.3 63.8 299.7 63.7 299.0 63.6 298.3 63.5 297.7 63.3 297.1
  63.2 296.4 63.1 295.8 63.0 295.1 62.9 294.5 62.8 293.9 62.7 293.3 62.6 292.7
  62.5 292.2 62.3 291.6 62.2 291.1 62.1 290.7 61.9 290.2 61.7 289.8 61.6 289.4
  61.4 289.1 61.2 288.7 61.1 288.4 60.9 288.0 60.7 287.6 60.6 287.2 60.4 286.8
  60.3 286.4 60.2 286.0 60.0 285.6 59.9 285.2 59.8 284.8 59.7 284.3 59.5 283.9
  59.5 283.4 59.4 282.9 59.3 282.4 59.3 281.9 59.2 281.4 59.1 280.8 59.0 280.3
  59.0 279.7 58.9 279.2 58.9 278.6 58.8 278.1 58.8 277.5 58.8 277.0 58.7 276.4
  58.7 275.8 58.7 275.2 58.7 274.6 58.7 274.0 58.8 273.4 58.8 272.8 58.8 272.2
  58.9 271.6 58.9 270.9 59.0 270.3
  12 15 80  0.0
  72.5 321.4 72.6 321.3 72.7 321.3 72.8 321.2 72.9 321.1 73.0 321.0 73.1 320.8
  73.3 320.7 73.4 320.6 73.6 320.4 73.7 320.2 73.9 320.1 74.0 319.9 74.2 319.5
  74.4 319.2 74.5 318.8 74.6 318.5 74.7 318.1 74.8 317.7 74.9 317.3 74.9 316.9
  74.9 316.5 75.0 316.1 74.9 315.6 74.9 315.2 74.9 314.8 74.8 314.3 74.8 313.9
  74.8 313.5 74.7 313.1 74.7 312.6 74.6 312.2 74.5 311.8 74.5 311.4 74.4 311.1
  74.4 310.7 74.3 310.4 74.3 310.1 74.2 309.8 74.1 309.6 74.0 309.3 73.9 309.1
  73.8 308.9 73.6 308.7 73.5 308.6 73.4 308.4 73.2 308.3 73.0 308.2 72.8 308.2
  72.7 308.2 72.5 308.1 72.3 308.1 72.1 308.1 71.9 308.0 71.7 308.3 71.6 308.6
  71.4 308.8 71.2 309.1 71.1 309.3 70.9 309.5 70.7 309.7 70.5 309.9 70.4 310.1
  70.2 310.3 70.0 310.4 69.8 310.9 69.6 311.3 69.4 311.7 69.2 312.1 69.0 312.4
  68.8 312.7 68.5 313.0 68.3 313.3 68.0 313.6 67.8 313.8 67.6 314.2 67.3 314.5
  67.1 314.8 66.9 315.1 66.6 315.3 66.4 315.5 66.2 315.7 66.0 315.9 65.8 316.1
  65.6 316.3 65.5 316.5 65.4 316.7 65.3 316.8 65.2 317.0 65.1 317.1 65.0 317.2
  64.9 317.3 64.8 317.4 64.7 317.4 64.6 317.5 64.5 317.5 64.4 317.5 64.3 317.5
  64.3 317.5 64.2 317.6 64.1 317.6 64.1 317.6 64.0 317.7 64.0 317.8 63.9 317.9
  63.9 318.1 63.9 318.3 63.9 318.5 63.9 318.8 63.9 319.1 63.9 319.4 63.9 319.8
  63.9 320.2 64.0 320.6 64.1 321.0 64.2 321.4 64.3 321.9 64.4 322.4 64.5 322.9
  64.6 323.5 64.7 324.2 64.9 324.9 65.0 325.6 65.0 326.4 65.1 327.1 65.1 327.9
  65.2 328.8 65.1 329.5 65.1 330.3 65.1 331.0 65.1 331.7 65.1 332.3 65.0 332.9
  65.0 333.4 65.0 333.8 64.9 334.2 64.9 334.4 64.8 334.7 64.8 334.8 64.7 334.9
  64.7 334.9 64.6 334.9 64.5 334.8 64.5 334.7 64.4 334.5 64.3 334.2 64.2 334.0
  64.2 333.8 64.1 333.6 64.0 333.3 63.9 333.2 63.8 333.0 63.8 332.8 63.7 332.6
  63.6 332.4 63.6 332.1 63.5 331.9 63.4 331.6 63.2 331.4 63.1 331.1 62.9 330.8
  62.7 330.5 62.5 330.3 62.3 330.0 62.0 329.7 61.7 329.4 61.5 329.1 61.2 328.8
  60.8 328.4 60.5 328.1 60.1 327.7 59.7 327.4 59.3 327.0 59.0 326.6 58.6 326.2
  58.2 325.8 57.7 325.4 57.3 324.9 56.9 324.5 56.4 324.1 55.9 323.7 55.4 323.1
  55.0 322.7 54.5 322.3 54.0 321.9 53.5 321.6 53.0 321.3 52.6 321.0 52.1 320.7
  51.6 320.5 51.2 320.2 50.7 320.0 50.3 319.7 49.8 319.5 49.4 319.1 48.9 318.8
  48.4 318.5 47.9 318.3 47.4 317.9 46.9 317.6 46.4 317.3 45.9 317.0 45.4 316.6
  44.8 316.3 44.2 316.0 43.5 315.7 42.8 315.3 42.1 315.0 41.4 314.6 40.6 314.2
  40.0 313.7 39.3 313.2 38.6 312.6 38.0 312.0 37.5 311.3 36.9 310.6 36.4 309.8
  36.0 308.9 35.5 308.0 35.2 307.0 35.0 306.0 34.7 305.0 34.5 303.9 34.5 302.7
  34.6 301.5 34.7 300.2 34.8 298.9 35.2 297.6 35.5 296.3 35.9 295.0 36.5 293.9
  37.1 292.6 37.7 291.4 38.4 290.3 39.2 289.4 40.1 288.5 41.1 287.8 42.0 287.2
  42.9 286.5 43.8 286.1 44.7 285.6
  12 16 80  0.0
  72.5 321.4 72.3 321.1 72.2 320.8 72.0 320.5 71.8 320.3 71.7 320.1 71.5 319.9
  71.4 319.7 71.2 319.5 71.0 319.3 70.9 319.1 70.7 318.9 70.5 318.8 70.4 318.6
  70.2 318.5 70.1 318.4 70.0 318.3 69.9 318.3 69.8 318.3 69.8 318.4 69.7 318.5
  69.7 318.7 69.7 318.8 69.7 319.0 69.7 319.2 69.8 319.4 69.8 319.7 69.9 319.8
  69.9 320.0 70.0 320.1 70.1 320.2 70.2 320.2 70.3 320.2 70.4 320.2 70.6 320.2
  70.7 320.1 70.9 320.0 71.0 319.9 71.2 319.8 71.3 319.6 71.4 319.4 71.5 319.2
  71.6 319.0 71.6 318.7 71.7 318.4 71.7 318.1 71.7 317.7 71.7 317.4 71.7 316.9
  71.6 316.5 71.6 316.0 71.5 315.6 71.5 315.2 71.4 314.8 71.3 314.4 71.3 314.1
  71.2 313.7 71.1 313.4 71.0 313.2 70.8 312.9 70.7 312.7 70.5 312.5 70.4 312.4
  70.2 312.2 69.9 312.2 69.7 312.4 69.5 312.7 69.3 313.0 69.0 313.4 68.7 313.7
  68.4 314.1 68.1 314.4 67.8 314.8 67.4 315.6 67.1 316.3 66.8 317.0 66.6 317.7
  66.3 318.5 66.1 319.2 65.9 319.9 65.7 320.8 65.6 321.7 65.6 322.6 65.5 323.6
  65.5 324.5 65.5 325.5 65.6 326.5 65.6 327.5 65.7 328.6 65.8 329.7 65.9 330.8
  66.0 331.9 66.0 333.0 66.1 333.7 66.2 334.4 66.3 335.0 66.4 335.6 66.4 336.2
  66.5 336.7 66.6 337.2 66.7 337.7 66.8 338.1 66.9 338.6 66.9 339.0 67.0 339.4
  67.1 339.7 67.2 340.1 67.3 340.4 67.4 340.8 67.5 341.1 67.6 341.4 67.7 341.7
  67.8 342.0 67.9 342.2 68.0 342.4 68.1 342.3 68.2 342.3 68.3 342.2 68.4 342.0
  68.5 341.9 68.6 341.7 68.7 341.5 68.8 341.3 68.9 341.1 69.0 340.9 69.1 340.8
  69.2 340.6 69.3 340.4 69.4 340.3 69.5 340.1 69.6 340.0 69.7 339.8 69.8 339.7
  69.9 339.5 70.0 339.4 70.2 338.9 70.3 338.4 70.4 337.9 70.5 337.5 70.6 337.0
  70.7 336.5 70.8 336.1 70.9 335.6 71.0 335.1 71.0 334.6 71.0 334.2 71.1 333.6
  71.1 333.1 71.2 332.5 71.2 331.9 71.2 331.3 71.2 330.6 71.1 329.9 71.1 329.2
  71.1 328.4 71.1 327.6 71.0 326.8 71.0 326.0 70.9 325.3 70.8 324.5 70.7 323.8
  70.5 323.1 70.4 322.5 70.2 321.9 70.0 321.3 69.8 321.0 69.6 320.7 69.4 320.3
  69.1 320.0 68.9 319.7 68.6 319.4 68.4 319.1 68.1 318.8 67.9 318.6 67.6 318.4
  67.4 318.3 67.1 318.1 66.9 317.9 66.6 317.7 66.3 317.6 66.1 317.4 65.8 317.2
  65.6 317.0 65.3 316.8 65.1 316.6 64.9 316.5 64.6 316.4 64.4 316.4 64.1 316.3
  63.9 316.3 63.7 316.2 63.5 316.0 63.3 315.9 63.3 315.8 63.2 315.7 63.2 315.6
  63.2 315.5 63.2 315.4 63.2 315.3 63.3 315.2 63.3 315.1 63.3 315.0 63.4 314.9
  63.5 314.8 63.5 314.7 63.6 314.6 63.7 314.5 63.8 314.3 63.8 314.1 63.9 313.9
  63.9 313.7 63.9 313.5 64.0 313.2 64.0 312.9 64.0 312.5 64.0 312.1 64.0 311.7
  64.0 311.3 64.0 310.9 64.1 310.4 64.0 309.9 64.0 309.5 64.0 309.0 63.9 308.5
  63.9 307.9 63.8 307.4 63.7 306.8 63.6 306.2 63.5 305.6 63.3 305.0 63.2 304.4
  63.1 303.8 62.9 303.1 62.8 302.5 62.6 301.8 62.5 301.1 62.3 300.5 62.1 299.8
  62.0 299.2 61.8 298.7 61.7 298.2
  12 17 80  0.0
  72.5 321.4 72.4 321.4 72.2 321.4 72.1 321.4 72.0 321.4 71.9 321.4 71.8 321.7
  71.8 322.0 71.7 322.3 71.6 322.7 71.5 323.0 71.4 323.3 71.4 323.5 71.3 323.8
  71.2 324.0 71.1 324.2 71.0 324.2 70.9 324.3 70.8 324.2 70.7 324.1 70.5 324.0
  70.3 323.8 70.1 323.6 69.9 323.3 69.6 323.2 69.3 323.0 69.1 322.8 68.8 322.6
  68.5 322.4 68.2 322.3 67.9 322.1 67.6 322.1 67.4 322.0 67.1 321.9 66.8 321.9
  66.6 321.8 66.3 321.6 66.0 321.5 65.7 321.4 65.5 321.3 65.3 321.2 65.1 321.0
  64.9 320.9 64.7 320.7 64.5 320.5 64.4 320.3 64.3 320.1 64.2 319.8 64.1 319.6
  64.0 319.3 63.9 318.9 63.9 318.5 63.8 318.2 63.8 317.9 63.8 317.6 63.9 317.3
  63.9 317.1 64.0 316.9 64.1 316.7 64.2 316.6 64.3 316.5 64.4 316.4 64.6 316.4
  64.7 316.4 64.9 316.4 65.0 316.5 65.2 316.6 65.3 316.7 65.4 316.8 65.5 317.0
  65.7 317.3 65.8 317.6 65.9 317.9 65.9 318.3 66.0 318.8 66.1 319.0 66.1 319.3
  66.2 319.7 66.2 320.1 66.3 320.5 66.3 321.0 66.4 321.5 66.4 322.1 66.4 322.7
  66.5 323.3 66.5 324.0 66.5 324.8 66.6 325.5 66.6 326.3 66.6 327.1 66.7 327.9
  66.7 328.7 66.8 329.5 66.9 330.4 67.1 331.3 67.2 332.3 67.4 333.3 67.6 334.4
  67.8 335.4 68.0 336.5 68.2 337.5 68.5 338.0 68.8 338.5 69.0 339.0 69.3 339.5
  69.5 339.9 69.8 340.4 70.0 340.8 70.3 340.8 70.6 340.7 70.9 340.6 71.2 340.5
  71.5 340.3 71.8 340.1 72.2 339.9 72.5 339.3 72.8 338.7 73.1 338.1 73.4 337.4
  73.7 336.6 74.0 335.7 74.2 334.8 74.4 333.8 74.6 332.8 74.8 331.9 74.9 330.9
  75.0 329.9 75.0 328.9 75.1 328.0 75.2 327.1 75.2 326.2 75.1 325.4 75.1 324.7
  75.1 324.0 75.1 323.4 75.0 322.8 75.0 322.3 74.9 321.8 74.9 321.3 74.8 320.9
  74.8 320.5 74.7 320.1 74.7 319.8 74.6 319.5 74.5 319.3 74.4 319.1 74.3 318.9
  74.2 318.6 74.0 318.4 73.9 318.1 73.7 317.8 73.6 317.6 73.4 317.3 73.3 317.0
  73.1 316.7 72.9 316.4 72.7 316.0 72.5 315.7 72.3 315.4 72.0 315.0 71.8 314.6
  71.5 314.3 71.3 313.9 71.0 313.6 70.7 313.2 70.5 312.8 70.2 312.4 69.9 312.0
  69.6 311.6 69.3 311.2 69.1 310.9 68.8 310.6 68.5 310.4 68.2 310.2 67.9 310.1
  67.6 310.1 67.3 310.2 67.0 310.2 66.7 310.3 66.4 310.4 66.1 310.6 65.7 310.8
  65.4 310.9 65.1 311.0 64.8 311.1 64.6 311.1 64.3 311.2 64.1 311.3 63.8 311.4
  63.6 311.3 63.4 311.3 63.2 311.2 63.0 311.2 62.8 311.1 62.6 311.0 62.4 310.9
  62.2 310.8 62.1 310.7 62.0 310.6 61.8 310.4 61.8 310.1 61.7 309.9 61.6 309.6
  61.6 309.3 61.5 309.1 61.5 308.8 61.5 308.5 61.5 308.2 61.5 307.9 61.7 307.7
  61.8 307.4 61.9 307.1 62.1 306.9 62.3 306.7 62.5 306.6 62.7 306.4 63.0 306.3
  63.2 306.2 63.5 306.1 63.8 306.0 64.0 305.8 64.3 305.8 64.6 305.7 64.9 305.7
  65.2 305.6 65.4 305.5 65.7 305.3 66.0 305.2 66.3 305.0 66.6 304.8 66.8 304.6
  67.1 304.4 67.3 304.2 67.6 303.9 67.8 303.7 68.0 303.5 68.3 303.3 68.5 303.1
  68.7 302.9 68.9 302.7 69.1 302.6
  12 18 80  0.0
  72.5 321.4 72.4 320.9 72.4 320.3 72.4 319.7 72.3 319.1 72.2 318.5 72.2 317.9
  72.1 317.2 72.1 316.5 72.1 315.8 72.0 315.0 72.0 314.2 72.0 313.4 72.0 312.5
  72.0 311.7 72.0 311.0 71.9 310.3 71.9 309.6 71.9 308.9 71.8 308.3 71.8 307.7
  71.8 307.2 71.8 306.7 71.8 306.2 71.8 305.7 71.7 305.3 71.7 304.9 71.7 304.5
  71.7 304.2 71.7 303.8 71.7 303.5 71.8 303.2 71.8 303.0 71.8 302.8 71.9 302.6
  71.9 302.5 71.9 302.4 71.9 302.3 72.0 302.3 72.0 302.3 72.0 302.3 72.1 302.3
  72.2 302.4 72.2 302.5 72.3 302.6 72.4 302.7 72.5 302.9 72.7 303.0 72.8 303.2
  72.9 303.4 73.0 303.6 73.2 303.8 73.3 304.0 73.4 304.1 73.5 304.2 73.5 304.2
  73.6 304.2 73.7 304.2 73.7 304.2 73.8 304.1 73.9 304.0 74.0 303.9 74.1 303.7
  74.2 303.6 74.3 303.5 74.4 303.3 74.4 303.2 74.5 303.1 74.5 302.9 74.6 302.8
  74.6 302.6 74.6 302.5 74.6 302.3 74.6 302.2 74.6 302.1 74.6 301.9 74.6 301.7
  74.6 301.5 74.6 301.3 74.6 301.1 74.6 300.9 74.6 300.7 74.5 300.5 74.5 300.2
  74.5 300.0 74.5 299.7 74.4 299.4 74.4 299.2 74.3 298.9 74.3 298.7 74.3 298.4
  74.3 298.2 74.3 297.9 74.3 297.7 74.3 297.4 74.3 297.2 74.4 296.9 74.4 296.6
  74.5 296.4 74.5 296.2 74.6 296.0 74.6 295.9 74.8 295.7 74.9 295.6 75.0 295.6
  75.2 295.5 75.3 295.5 75.5 295.5 75.7 295.5 75.9 295.6 76.0 295.7 76.2 295.9
  76.4 296.2 76.6 296.5 76.7 296.7 76.8 297.0 77.0 297.2 77.1 297.5 77.2 297.7
  77.3 298.0 77.4 298.2 77.5 298.5 77.6 298.7 77.7 298.9 77.8 299.2 77.9 299.4
  78.0 299.6 78.0 299.8 78.1 300.6 78.2 301.4 78.3 302.1 78.3 302.9 78.4 303.7
  78.5 304.4 78.5 305.2 78.5 305.8 78.5 306.4 78.5 307.0 78.6 307.5 78.6 307.9
  78.6 308.3 78.6 308.6 78.6 308.9 78.6 309.1 78.6 309.3 78.6 309.4 78.6 309.5
  78.7 309.6 78.7 309.7 78.7 309.8 78.7 309.9 78.7 310.0 78.7 310.1 78.7 310.2
  78.8 310.3 78.8 310.4 78.8 310.5 78.8 310.5 78.8 310.6 78.8 310.7 78.9 310.8
  78.9 310.9 78.9 311.0 78.9 311.1 78.9 311.1 78.9 311.2 79.0 311.3 79.0 311.4
  79.0 311.5 79.0 311.5 79.0 311.6 79.0 311.6 79.0 311.7 79.0 311.7 79.1 311.7
  79.1 311.7 79.1 311.7 79.1 311.7 79.1 311.6 79.1 311.6 79.1 311.5 79.1 311.5
  79.1 311.4 79.1 311.3 79.1 311.2 79.1 311.1 79.1 311.0 79.1 310.9 79.1 310.8
  79.1 310.6 79.0 310.5 79.0 310.3 79.0 310.2 79.0 310.0 79.0 309.9 79.0 309.7
  79.0 309.6 79.0 309.5 79.0 309.3 79.0 309.2 79.0 309.0 79.0 308.9 79.0 308.7
  79.0 308.6 79.0 308.4 79.0 308.3 79.0 308.1 79.0 307.9 79.0 307.7 79.1 307.5
  79.1 307.3 79.1 307.1 79.0 306.8 79.0 306.6 79.0 306.3 79.0 306.0 79.0 305.7
  79.0 305.4 79.0 305.1 78.9 304.8 78.9 304.6 78.9 304.3 78.8 304.1 78.8 303.8
  78.8 303.6 78.8 303.4 78.7 303.2 78.7 303.0 78.7 302.9 78.7 302.7 78.6 302.5
  78.6 302.3 78.5 302.0 78.5 301.7 78.5 301.3 78.4 300.9 78.4 300.4 78.3 300.0
  78.3 299.4 78.2 298.9 78.1 298.3
  12 19 80  0.0
  72.5 321.4 72.1 321.0 71.8 320.6 71.5 320.3 71.2 320.1 70.8 319.8 70.5 319.6
  70.1 319.3 69.8 319.1 69.5 319.1 69.2 319.1 69.0 319.2 68.7 319.2 68.5 319.2
  68.2 319.2 68.0 319.2 67.8 319.3 67.7 319.6 67.5 319.9 67.4 320.2 67.3 320.5
  67.2 320.8 67.1 321.0 67.1 321.3 67.0 321.5 67.0 321.8 67.0 322.0 67.1 322.2
  67.1 322.4 67.2 322.6 67.3 322.8 67.4 323.0 67.5 323.2 67.7 323.4 67.9 323.6
  68.1 323.8 68.3 324.0 68.5 324.1 68.7 324.4 68.9 324.6 69.1 324.9 69.2 325.3
  69.3 325.7 69.4 326.2 69.5 326.7 69.6 327.3 69.6 327.9 69.6 328.6 69.7 329.4
  69.7 330.2 69.7 330.9 69.7 331.7 69.7 332.4 69.6 333.1 69.6 333.7 69.5 334.2
  69.4 334.7 69.3 335.1 69.2 335.5 69.0 335.7 68.8 335.9 68.6 336.1 68.4 336.2
  68.2 336.2 67.9 336.1 67.7 335.8 67.5 335.5 67.3 335.2 67.1 334.9 66.9 334.5
  66.7 334.1 66.5 333.7 66.3 333.2 66.2 332.7 66.0 332.2 65.8 331.8 65.6 331.5
  65.4 331.1 65.2 330.8 64.9 330.4 64.7 330.1 64.5 329.8 64.3 329.5 64.2 329.2
  64.0 328.8 63.8 328.5 63.7 328.1 63.6 327.7 63.4 327.4 63.2 327.0 63.1 326.6
  62.9 326.2 62.8 325.7 62.8 325.3 62.7 324.8 62.7 324.3 62.7 323.7 62.6 323.1
  62.5 322.6 62.5 322.2 62.5 321.7 62.5 321.3 62.5 321.0 62.6 320.7 62.7 320.4
  62.8 320.1 63.0 319.9 63.1 319.7 63.2 319.5 63.3 319.4 63.5 319.3 63.6 319.3
  63.8 319.3 63.9 319.3 64.1 319.4 64.2 319.6 64.4 319.8 64.5 320.1 64.7 320.4
  64.9 320.8 65.0 321.3 65.2 321.8 65.3 322.3 65.4 323.0 65.5 323.6 65.6 324.4
  65.7 325.2 65.8 326.0 65.9 326.9 66.0 327.9 66.1 328.9 66.1 329.7 66.2 330.5
  66.3 331.3 66.4 332.1 66.5 333.0 66.6 333.9 66.7 334.8 66.8 335.7 67.0 336.6
  67.2 337.5 67.4 338.4 67.6 339.2 67.8 340.1 68.2 341.0 68.5 341.5 68.9 342.0
  69.3 342.5 69.6 342.9 70.0 343.4 70.3 343.8 70.7 343.8 71.0 343.8 71.4 343.8
  71.7 343.8 72.0 343.8 72.4 343.5 72.7 343.2 73.0 342.9 73.3 342.5 73.7 342.1
  74.0 341.6 74.3 341.1 74.7 340.5 75.0 339.8 75.3 339.1 75.6 338.3 75.9 337.4
  76.1 336.4 76.4 335.7 76.6 334.9 76.8 334.1 77.0 333.2 77.2 332.4 77.4 331.5
  77.5 330.7 77.6 329.8 77.7 329.0 77.8 328.2 77.9 327.4 77.9 326.7 78.0 326.0
  78.1 325.6 78.2 325.3 78.3 325.0 78.4 324.7 78.6 324.4 78.7 324.2 78.9 323.9
  79.0 323.7 79.1 323.4 79.3 323.2 79.4 323.0 79.6 322.7 79.8 322.5 79.9 322.2
  80.1 322.0 80.3 322.0 80.4 321.9 80.6 321.9 80.8 321.8 81.0 321.7 81.1 321.6
  81.3 321.5 81.4 321.3 81.6 321.1 81.7 320.9 81.9 320.7 82.0 320.5 82.2 320.7
  82.4 321.0 82.6 321.2 82.7 321.4 82.9 321.6 83.1 321.8 83.2 322.0 83.4 322.1
  83.6 322.2 83.7 322.4 83.8 322.7 84.0 323.0 84.1 323.4 84.2 324.6 84.3 325.8
  84.4 327.1 84.5 328.4 84.6 329.8 84.7 331.1 84.7 332.4 84.8 333.7 84.9 334.9
  84.9 336.1 85.0 337.1 85.0 338.2 85.0 339.1 85.0 339.9 85.0 340.6 85.1 341.3
  85.1 341.8 85.0 342.3 85.0 342.6
  12 20 80  0.0
  72.5 321.4 72.3 320.5 72.1 319.6 71.9 318.8 71.7 318.1 71.4 317.4 71.2 316.7
  70.9 316.0 70.6 315.3 70.3 314.7 70.0 314.1 69.7 313.6 69.4 313.2 69.0 312.7
  68.7 312.3 68.4 311.8 68.2 311.5 68.0 311.1 67.8 310.8 67.7 310.7 67.5 310.6
  67.4 310.5 67.3 310.4 67.2 310.4 67.1 310.3 67.0 310.3 66.9 310.3 66.9 310.3
  66.8 310.4 66.8 310.4 66.7 310.5 66.7 310.5 66.7 310.6 66.7 310.7 66.7 310.8
  66.7 310.9 66.7 311.1 66.7 311.2 66.7 311.4 66.7 311.5 66.8 311.6 66.8 311.7
  66.9 311.8 67.0 311.8 67.0 311.8 67.1 311.8 67.2 311.7 67.3 311.6 67.4 311.5
  67.5 311.4 67.6 311.2 67.8 311.0 67.9 310.7 68.0 310.4 68.1 309.9 68.3 309.3
  68.4 308.7 68.6 308.0 68.6 307.2 68.7 306.3 68.8 305.4 68.9 304.4 68.9 303.5
  69.0 302.5 69.0 301.4 69.0 300.4 69.1 299.4 69.1 298.4 69.2 297.3 69.3 296.3
  69.4 295.2 69.4 294.2 69.5 293.1 69.6 292.0 69.8 291.0 69.8 290.0 69.9 289.0
  70.0 288.0 70.1 287.1 70.1 286.5 70.2 285.9 70.3 285.4 70.4 284.9 70.5 284.4
  70.6 283.9 70.7 283.5 70.8 283.0 70.9 282.6 71.0 282.3 71.1 281.9 71.2 281.6
  71.3 281.3 71.4 281.0 71.5 280.8 71.6 280.6 71.7 280.4 71.8 280.2 72.0 280.1
  72.1 280.0 72.2 280.1 72.3 280.2 72.4 280.3 72.5 280.3 72.6 280.4 72.6 280.4
  72.7 280.5 72.7 280.5 72.8 280.5 72.8 280.6 72.8 280.6 72.8 280.6 72.8 280.7
  72.7 280.7 72.7 280.8 72.7 280.9 72.6 281.0 72.5 281.2 72.4 281.3 72.4 281.5
  72.3 281.7 72.1 281.9 72.0 282.1 71.9 282.3 71.8 282.4 71.7 282.5 71.7 282.7
  71.6 282.8 71.5 282.9 71.4 282.9 71.4 283.0 71.3 283.1 71.3 283.2 71.3 283.2
  71.2 283.3 71.2 283.3 71.2 283.4 71.2 283.5 71.3 283.6 71.3 283.6 71.4 283.8
  71.4 283.9 71.5 284.0 71.5 284.1 71.6 284.3 71.7 284.4 71.7 284.6 71.8 284.8
  71.9 285.1 72.0 285.4 72.2 285.5 72.3 285.5 72.4 285.7 72.6 285.8 72.7 286.0
  72.9 286.3 73.1 286.6 73.3 286.9 73.4 287.3 73.6 287.7 73.8 288.0 74.0 288.4
  74.1 288.8 74.3 288.9 74.5 289.1 74.6 289.2 74.8 289.4 74.9 289.5 75.1 289.6
  75.2 289.8 75.3 289.9 75.5 290.1 75.6 290.3 75.7 290.5 75.8 290.7 75.9 290.9
  76.0 291.1 76.1 291.4 76.2 291.7 76.3 291.9 76.4 292.2 76.5 292.5 76.6 292.8
  76.6 293.0 76.7 293.3 76.8 293.5 76.8 293.7 76.9 293.8 76.9 294.0 77.0 294.1
  77.0 294.1 77.0 294.2 77.1 294.2 77.1 294.2 77.1 294.2 77.1 294.2 77.2 294.2
  77.2 294.2 77.2 294.3 77.2 294.4 77.1 294.6 77.1 294.7 77.1 294.9 77.1 295.1
  77.0 295.4 77.0 295.6 76.9 295.9 76.8 296.2 76.8 296.5 76.7 296.9 76.6 297.2
  76.6 297.6 76.5 298.1 76.4 298.5 76.3 299.0 76.2 299.5 76.0 300.0 75.9 300.5
  75.8 301.2 75.7 301.9 75.5 302.5 75.4 303.0 75.3 303.5 75.1 303.9 75.0 304.3
  74.9 304.7 74.7 304.9 74.6 305.2 74.4 305.4 74.2 305.6 74.1 305.7 73.9 305.8
  73.7 305.8 73.6 305.8 73.4 305.7 73.2 305.7 73.0 305.6 72.9 305.4 72.7 305.3
  72.4 305.1 72.2 304.9 72.0 304.7
  12 21 80  0.0
  72.5 321.4 72.3 320.8 72.2 320.2 72.0 319.7 71.9 319.1 71.8 318.7 71.7 318.4
  71.5 318.0 71.4 317.6 71.3 317.3 71.1 316.9 71.0 316.5 70.9 316.1 70.7 315.8
  70.6 315.4 70.5 315.0 70.3 314.5 70.2 314.1 70.0 313.7 69.9 313.2 69.7 313.1
  69.5 313.1 69.4 313.0 69.2 312.9 69.0 312.8 68.7 312.8 68.5 312.7 68.2 312.5
  68.0 312.4 67.7 312.6 67.4 312.8 67.1 312.9 66.9 313.0 66.6 312.9 66.3 312.9
  66.0 312.7 65.7 312.7 65.4 312.7 65.2 312.7 65.0 312.7 64.7 312.7 64.5 312.8
  64.4 312.8 64.2 312.9 64.1 313.1 64.0 313.2 64.0 313.4 64.0 313.4 64.0 313.4
  64.0 313.4 64.0 313.7 64.1 314.1 64.1 314.5 64.1 314.9 64.1 315.4 64.1 315.9
  64.1 316.5 63.9 317.0 63.7 317.6 63.6 318.2 63.4 318.8 63.1 319.4 62.9 320.0
  62.8 320.5 62.4 320.9 62.1 321.3 61.8 321.6 61.5 321.4 61.3 321.2 61.1 320.9
  60.9 320.5 60.8 320.1 60.7 319.7 60.7 319.2 60.8 318.6 60.9 318.1 61.1 317.5
  61.3 316.8 61.5 316.2 61.8 315.5 62.1 314.7 62.4 314.3 62.8 313.7 63.2 313.2
  63.6 312.5 64.0 311.8 64.4 311.3 64.8 310.8 65.1 310.3 65.4 309.7 65.8 309.1
  66.1 308.5 66.4 307.9 66.6 307.4 66.9 306.8 67.1 306.2 67.3 305.5 67.6 304.8
  67.8 304.2 68.0 303.6 68.2 302.9 68.4 302.4 68.5 302.0 68.7 301.5 68.9 301.1
  69.0 300.8 69.1 300.5 69.2 300.2 69.3 299.9 69.5 299.7 69.6 299.5 69.7 299.4
  69.9 299.3 70.0 299.1 70.2 299.1 70.4 299.1 70.6 299.1 70.8 299.1 71.0 299.1
  71.2 299.2 71.4 299.3 71.6 299.4 71.8 299.5 71.9 299.6 72.1 299.7 72.3 299.7
  72.5 299.7 72.6 299.7 72.8 299.7 72.9 299.6 73.1 299.5 73.2 299.4 73.4 299.3
  73.5 299.1 73.6 298.9 73.7 298.8 73.8 298.6 73.9 298.5 73.9 298.4 74.0 298.2
  74.0 298.2 74.0 298.1 74.0 298.0 74.0 298.0 73.9 298.0 73.9 297.9 73.8 297.9
  73.8 297.8 73.7 297.8 73.6 297.7 73.6 297.5 73.5 297.4 73.5 297.2 73.4 297.1
  73.3 296.9 73.2 296.7 73.2 296.4 73.1 296.2 73.0 295.9 72.9 295.6 72.8 295.4
  72.8 295.1 72.7 294.8 72.7 294.4 72.6 294.1 72.6 293.8 72.6 293.5 72.6 293.1
  72.6 292.8 72.6 292.4 72.6 292.1 72.7 291.9 72.7 291.7 72.8 291.5 72.9 291.4
  73.0 291.4 73.2 291.4 73.3 291.5 73.4 291.6 73.6 291.7 73.8 291.9 73.9 292.2
  74.1 292.4 74.2 292.5 74.4 292.6 74.5 292.8 74.7 292.9 74.8 293.0 74.9 293.1
  75.1 293.2 75.2 293.3 75.3 293.5 75.4 293.6 75.6 293.7 75.7 293.8 75.8 294.0
  75.9 294.1 76.0 294.3 76.1 294.5 76.2 294.7 76.3 295.0 76.4 295.2 76.5 295.5
  76.6 295.7 76.7 296.0 76.7 296.2 76.8 296.5 76.9 296.6 76.9 296.8 77.0 296.9
  77.0 297.0 77.0 297.1 77.1 297.1 77.1 297.1 77.1 297.1 77.2 297.0 77.2 296.9
  77.2 296.8 77.2 296.8 77.2 296.7 77.2 296.7 77.3 296.7 77.3 296.7 77.2 296.8
  77.2 296.9 77.2 297.0 77.2 297.2 77.2 297.4 77.2 297.6 77.1 297.8 77.1 298.0
  77.1 298.3 77.0 298.6 76.9 299.0 76.9 299.3 76.8 299.7 76.7 300.1 76.6 300.6
  76.5 301.0 76.4 301.5 76.3 302.0
  12 22 80  0.0
  72.5 321.4 72.2 321.4 72.0 321.4 71.8 321.8 71.5 322.1 71.3 322.5 71.1 322.8
  70.9 323.1 70.7 323.4 70.5 323.7 70.2 323.9 70.0 324.2 69.8 324.4 69.7 325.3
  69.5 326.0 69.3 326.7 69.1 327.3 68.9 327.9 68.7 328.3 68.6 328.7 68.4 329.0
  68.3 329.3 68.1 329.5 67.9 329.7 67.8 330.1 67.6 330.6 67.5 331.0 67.3 331.3
  67.2 331.6 67.0 331.9 66.9 332.1 66.8 332.3 66.7 332.5 66.6 332.6 66.5 332.7
  66.4 332.7 66.3 332.8 66.2 332.8 66.2 332.8 66.1 332.8 66.1 332.7 66.1 332.7
  66.0 332.7 66.1 332.7 66.1 332.7 66.1 332.6 66.2 332.6 66.2 332.6 66.3 332.5
  66.4 332.5 66.5 332.5 66.6 332.5 66.7 332.7 66.9 332.9 67.0 333.1 67.2 333.4
  67.4 333.9 67.5 334.4 67.7 335.0 67.9 335.7 68.1 336.5 68.4 336.8 68.7 337.1
  68.9 337.4 69.2 337.7 69.4 337.9 69.6 338.2 69.9 338.4 70.1 338.6 70.4 338.4
  70.6 338.3 70.9 338.1 71.1 337.9 71.3 337.7 71.6 337.4 71.9 337.2 72.1 336.9
  72.5 336.5 72.8 336.0 73.2 335.6 73.4 335.1 73.6 334.6 73.9 334.1 74.1 333.6
  74.4 333.3 74.7 333.0 75.0 332.7 75.2 332.4 75.5 332.1 75.7 331.7 75.8 331.3
  75.9 330.9 76.0 330.4 76.1 329.9 76.1 329.7 76.2 329.5 76.3 329.2 76.4 328.9
  76.4 328.6 76.5 328.3 76.6 327.9 76.6 327.5 76.6 327.1 76.6 326.7 76.6 326.2
  76.6 325.8 76.6 325.3 76.6 324.8 76.6 324.2 76.7 323.6 76.6 323.1 76.6 322.5
  76.6 321.9 76.5 321.3 76.5 320.7 76.4 320.2 76.3 319.6 76.2 319.1 76.1 318.5
  76.0 318.1 75.8 317.7 75.7 317.4 75.5 317.1 75.4 316.8 75.3 316.5 75.1 316.2
  75.0 316.0 74.9 315.7 74.8 315.4 74.7 315.1 74.6 314.8 74.5 314.5 74.4 314.2
  74.4 313.9 74.3 313.6 74.2 313.4 74.1 313.2 74.0 313.0 73.9 312.9 73.9 312.9
  73.8 312.9 73.7 313.0 73.6 313.0 73.5 313.1 73.4 313.2 73.3 313.2 73.2 313.3
  73.1 313.3 73.0 313.4 72.9 313.4 72.8 313.4 72.7 313.4 72.7 313.3 72.6 313.3
  72.5 313.2 72.5 313.2 72.4 313.1 72.4 313.0 72.4 312.9 72.4 312.9 72.4 312.8
  72.4 312.8 72.4 312.8 72.4 312.8 72.5 312.8 72.5 312.8 72.6 312.8 72.6 312.8
  72.7 312.9 72.8 312.9 72.9 313.0 73.0 313.0 73.1 313.0 73.3 312.9 73.4 312.8
  73.5 312.7 73.6 312.6 73.7 312.4 73.8 312.2 74.0 312.0 74.1 311.8 74.2 311.4
  74.3 311.0 74.4 310.7 74.5 310.3 74.5 309.9 74.6 309.6 74.6 309.2 74.6 308.8
  74.6 308.4 74.6 308.1 74.6 307.7 74.6 307.3 74.6 307.0 74.6 306.6 74.6 306.3
  74.6 306.0 74.6 305.8 74.6 305.5 74.6 305.3 74.6 305.1 74.6 304.9 74.6 304.8
  74.6 304.6 74.7 304.5 74.7 304.4 74.7 304.4 74.7 304.3 74.7 304.3 74.7 304.2
  74.7 304.2 74.7 304.2 74.6 304.3 74.6 304.3 74.5 304.3 74.5 304.4 74.4 304.4
  74.4 304.5 74.3 304.6 74.2 304.6 74.2 304.7 74.1 304.7 74.0 304.8 74.0 304.8
  73.9 304.9 73.9 305.0 73.8 305.1 73.8 305.2 73.7 305.3 73.7 305.4 73.6 305.4
  73.5 305.5 73.5 305.5 73.4 305.5 73.3 305.4 73.2 305.4 73.1 305.3 73.0 305.2
  72.9 305.1 72.8 305.0 72.7 304.9
  12 23 80  0.0
  72.5 321.4 72.4 321.0 72.3 320.6 72.2 320.1 72.1 319.6 71.9 319.1 71.7 319.1
  71.5 319.0 71.3 318.9 71.2 318.8 71.0 318.7 70.8 318.6 70.5 318.5 70.3 318.4
  70.1 318.3 69.9 318.3 69.7 318.7 69.5 319.1 69.3 319.6 69.1 320.1 69.0 320.6
  68.8 321.2 68.6 321.7 68.5 322.4 68.3 323.0 68.1 323.7 68.0 324.4 67.8 325.3
  67.6 326.3 67.5 327.2 67.3 328.1 67.2 329.1 67.0 330.0 66.8 331.0 66.6 331.9
  66.4 332.8 66.2 333.7 65.9 334.5 65.7 335.2 65.4 335.9 65.2 336.5 64.8 337.1
  64.5 337.6 64.2 338.0 63.8 338.4 63.5 338.5 63.1 338.6 62.8 338.6 62.4 338.7
  62.1 338.8 61.8 338.9 61.5 338.6 61.2 338.4 61.0 338.1 60.8 337.9 60.7 337.6
  60.5 337.4 60.5 337.1 60.4 336.8 60.4 336.5 60.4 336.2 60.5 335.9 60.5 335.5
  60.5 335.2 60.5 334.9 60.6 334.7 60.6 334.4 60.7 334.2 60.8 334.0 60.9 333.8
  61.0 333.6 61.1 333.5 61.2 333.4 61.3 333.3 61.5 333.3 61.7 333.2 61.9 333.2
  62.2 333.3 62.5 333.7 62.8 334.1 63.1 334.6 63.4 335.2 63.8 335.9 64.2 336.7
  64.5 337.7 64.7 338.9 64.9 340.0 65.1 341.0 65.2 341.9 65.3 342.7 65.4 343.3
  65.5 343.8 65.5 344.2 65.6 344.4 65.8 344.5 66.0 344.5 66.1 344.4 66.4 344.4
  66.6 344.3 66.9 344.1 67.3 343.9 67.6 343.7 68.0 343.4 68.4 343.1 68.9 342.9
  69.5 342.6 70.0 342.2 70.6 342.1 71.3 341.9 71.9 341.6 72.4 341.4 73.0 341.5
  73.5 341.5 74.0 341.5 74.4 341.6 74.8 341.7 75.2 341.9 75.5 342.0 75.8 342.1
  76.1 342.3 76.4 342.5 76.6 342.7 76.8 342.9 77.0 343.1 77.2 343.3 77.4 343.4
  77.5 343.6 77.6 343.6 77.7 343.7 77.8 343.7 77.9 343.7 78.0 343.6 78.0 343.5
  78.1 343.7 78.1 343.8 78.2 343.9 78.2 343.8 78.3 343.7 78.3 343.5 78.4 343.2
  78.4 342.8 78.5 342.3 78.5 341.7 78.6 341.1 78.6 340.4 78.6 339.5 78.7 338.7
  78.7 337.9 78.8 337.1 78.9 336.2 79.0 335.4 79.0 334.5 79.1 333.6 79.2 332.8
  79.3 331.9 79.4 331.0 79.6 330.1 79.7 329.1 79.8 328.3 79.9 327.4 80.1 326.7
  80.3 326.5 80.5 326.4 80.7 326.3 80.9 326.1 81.1 325.9 81.3 325.7 81.5 325.5
  81.8 325.3 82.0 325.1 82.3 325.3 82.6 325.5 82.9 325.7 83.3 326.0 83.6 326.2
  83.9 326.5 84.2 326.8 84.6 327.8 84.9 328.9 85.3 330.1 85.7 331.4 86.1 332.9
  86.6 336.1 87.1 340.5 87.5 346.4 87.8 354.6 88.0   5.5 88.3   6.0 88.6   6.4
  88.8   6.9 89.0   7.4 89.1   7.8 89.3   8.3 89.4   8.8 89.5   9.4 89.6   9.9
  89.6  10.4 89.7  10.9 89.7  11.4 89.7  11.9 89.8  12.4 89.8  12.9 89.8  13.4
  89.8  13.9 89.8  14.4 89.7  14.9 89.7  15.4 89.7  15.9 89.7  16.5 89.7  17.0
  89.6  17.5 89.6  18.0 89.6  18.6 89.6  19.1 89.5  19.7 89.5  20.3 89.5  20.8
  89.5  21.4 89.5  22.0 89.5  22.6 89.5  23.2 89.4  23.8 89.4  24.4 89.4  25.0
  89.4  25.7 89.4  26.3 89.3  26.9 89.3  27.6 89.3  28.2 89.3  28.9 89.3  29.5
  89.3  30.2 89.3  30.9 89.3  31.5 89.3  32.2 89.3  32.9 89.3  33.5 89.3  34.2
  89.3  34.8 89.3  35.5 89.3  36.2
  12 24 80  0.0
  72.5 321.4 72.4 321.5 72.2 321.5 72.1 321.5 72.0 321.6 71.9 321.8 71.7 322.0
  71.6 322.2 71.5 322.4 71.4 322.6 71.3 322.7 71.2 322.9 71.0 323.0 70.9 323.2
  70.8 323.3 70.7 323.4 70.6 323.5 70.6 323.6 70.5 323.7 70.4 323.7 70.3 323.8
  70.2 323.8 70.2 323.8 70.1 323.8 70.0 323.8 70.0 323.8 69.9 324.3 69.9 324.9
  69.9 325.5 70.0 326.1 70.0 326.8 70.0 327.4 69.9 328.1 70.0 328.8 70.1 329.0
  70.2 329.1 70.3 329.3 70.4 329.4 70.4 329.6 70.5 329.8 70.5 330.1 70.5 330.4
  70.5 330.7 70.5 331.0 70.4 331.4 70.4 331.8 70.3 332.2 70.3 332.6 70.2 333.0
  70.2 333.4 70.1 333.8 70.0 334.1 69.9 334.9 69.8 335.6 69.7 336.2 69.7 336.8
  69.6 337.4 69.5 337.9 69.4 338.4 69.3 338.8 69.1 339.1 69.0 339.4 68.8 339.7
  68.7 339.8 68.5 340.0 68.4 340.1 68.2 340.1 68.0 340.2 67.9 340.2 67.7 340.4
  67.6 340.6 67.4 340.7 67.3 340.8 67.1 340.9 66.9 341.0 66.8 341.0 66.7 341.0
  66.5 341.0 66.4 341.0 66.3 341.0 66.2 340.9 66.1 340.9 66.0 340.8 65.9 340.9
  65.9 341.0 65.8 341.1 65.8 341.1 65.7 341.3 65.7 341.4 65.8 341.5 65.8 341.7
  65.8 341.9 65.9 342.1 66.0 342.4 66.1 342.6 66.2 342.7 66.3 342.7 66.5 342.7
  66.7 342.8 66.8 343.0 67.0 343.2 67.2 343.5 67.4 343.9 67.6 344.3 67.8 344.7
  67.9 345.2 68.2 345.7 68.4 345.9 68.7 346.1 68.9 346.4 69.2 346.6 69.5 346.9
  69.8 347.0 70.2 347.2 70.5 347.2 70.9 347.2 71.3 347.2 71.6 347.2 72.0 347.2
  72.3 347.2 72.7 347.3 73.0 347.4 73.4 347.5 73.7 347.7 74.0 348.0 74.4 348.3
  74.7 348.8 75.1 349.3 75.4 349.8 75.7 350.5 76.0 351.3 76.3 352.2 76.6 353.3
  76.8 354.5 77.1 355.8 77.3 357.0 77.4 358.3 77.5 359.5 77.6   0.6 77.6   0.8
  77.7   1.0 77.7   1.2 77.8   1.4 77.8   1.6 77.8   1.8 77.8   2.0 77.8   2.1
  77.8   2.2 77.8   2.4 77.8   2.5 77.8   2.6 77.8   2.7 77.8   2.7 77.7   2.8
  77.7   2.9 77.7   2.9 77.6   2.9 77.6   3.0 77.5   3.0 77.4   2.9 77.4   2.9
  77.3   2.8 77.3   2.7 77.2   2.6 77.2   2.5 77.1   2.3 77.1   2.1 77.1   1.9
  77.0   1.7 77.0   1.4 77.0   1.2 76.9   0.9 76.9   0.7 76.9   0.4 76.9   0.1
  77.0 359.8 77.0 358.6 77.1 357.4 77.1 356.1 77.2 354.8 77.3 353.5 77.4 352.2
  77.6 350.9 77.7 349.6 77.9 348.4 78.0 347.2 78.2 346.4 78.4 345.6 78.6 344.9
  78.8 344.1 79.0 343.3 79.2 342.6 79.5 341.8 79.7 341.1 79.9 340.3 80.1 339.6
  80.4 339.3 80.7 339.0 81.0 338.7 81.3 338.4 81.5 338.1 81.8 337.8 82.1 337.5
  82.5 337.8 82.8 338.2 83.2 338.6 83.5 339.1 83.9 339.7 84.2 340.3 84.7 342.3
  85.1 344.7 85.5 347.6 85.9 351.1 86.2 355.3 86.6   2.3 86.9   2.8 87.2   3.3
  87.5   3.8 87.7   4.2 87.9   4.7 88.0   5.2 88.2   5.7 88.4   6.2 88.6   6.7
  88.7   7.2 88.9   7.7 89.0   8.2 89.0   8.7 89.1   9.2 89.1   9.7 89.2  10.1
  89.2  10.6 89.3  11.2 89.3  11.7 89.4  12.2 89.4  12.7 89.4  13.2 89.4  13.8
  89.4  14.3 89.5  14.8 89.5  15.4
  12 25 80  0.0
  72.5 321.4 72.4 321.3 72.2 321.1 72.1 321.0 71.9 321.0 71.8 321.0 71.7 321.1
  71.5 321.2 71.4 321.3 71.2 321.5 71.1 321.6 70.9 321.8 70.8 322.0 70.6 322.2
  70.5 322.4 70.3 322.6 70.2 322.9 70.1 323.1 69.9 323.3 69.8 323.7 69.7 324.1
  69.7 324.5 69.6 324.9 69.6 325.4 69.5 325.8 69.5 326.3 69.5 326.8 69.5 327.3
  69.4 327.8 69.4 328.4 69.5 328.9 69.5 329.5 69.6 330.1 69.6 330.8 69.7 331.4
  69.8 332.1 69.9 332.8 70.0 333.5 70.1 334.2 70.2 334.7 70.3 335.3 70.4 335.8
  70.5 336.4 70.7 336.9 70.8 337.4 71.0 338.0 71.2 338.5 71.3 339.0 71.5 339.5
  71.7 340.0 71.8 340.5 71.9 341.1 72.0 341.6 72.2 341.8 72.3 342.0 72.4 342.1
  72.5 342.2 72.6 342.3 72.7 342.4 72.8 342.5 72.9 342.5 73.0 342.5 73.1 342.5
  73.1 342.5 73.2 342.4 73.2 342.3 73.3 342.2 73.3 342.0 73.3 341.8 73.4 341.6
  73.4 341.4 73.4 341.1 73.4 340.8 73.4 340.6 73.4 340.2 73.4 339.9 73.4 339.5
  73.4 339.1 73.4 338.7 73.4 338.3 73.4 337.8 73.4 337.3 73.4 336.8 73.4 336.2
  73.4 335.6 73.3 335.0 73.3 334.4 73.2 333.9 73.1 333.3 73.0 332.7 72.9 332.2
  72.9 331.6 72.7 331.0 72.6 330.5 72.4 329.9 72.3 329.4 72.1 328.8 72.0 328.2
  71.8 327.8 71.7 327.4 71.6 326.9 71.4 326.5 71.3 326.1 71.2 325.6 71.0 325.2
  70.9 324.8 70.8 324.3 70.7 323.8 70.5 323.4 70.4 322.9 70.2 322.5 70.1 322.0
  69.9 321.4 69.8 321.2 69.6 320.9 69.5 320.6 69.3 320.4 69.2 320.1 69.0 319.8
  68.8 319.5 68.6 319.1 68.4 318.8 68.1 318.5 67.9 318.2 67.6 318.3 67.3 318.4
  67.0 318.4 66.7 318.4 66.4 318.3 66.1 318.3 65.8 318.2 65.6 318.2 65.3 318.2
  65.1 318.1 64.9 318.1 64.7 318.2 64.5 318.3 64.3 318.5 64.1 318.7 64.0 319.0
  63.8 319.3 63.7 319.7 63.6 320.1 63.6 320.6 63.5 321.2 63.5 322.0 63.4 322.7
  63.3 323.5 63.2 324.3 63.0 325.1 62.8 325.8 62.6 326.5 62.3 327.0 62.0 327.5
  61.7 327.8 61.3 327.8 60.8 327.7 60.2 327.5 59.7 327.4 59.2 326.7 58.7 326.0
  58.2 325.3 57.8 324.5 57.4 323.3 57.1 322.1 56.8 320.8 56.5 319.6 56.3 318.3
  56.1 317.2 55.9 316.0 55.7 314.7 55.5 313.5 55.2 312.5 55.0 311.5 54.7 310.7
  54.4 309.9 54.1 309.2 53.7 308.6 53.3 308.0 52.9 307.4 52.5 306.9 52.0 306.4
  51.5 306.0 51.0 305.4 50.6 304.7 50.1 304.1 49.6 303.5 49.2 302.8 48.7 302.2
  48.2 301.6 47.6 301.0 47.1 300.6 46.5 300.2 45.9 299.8 45.4 299.5 44.9 299.1
  44.4 298.7 43.9 298.2 43.4 297.8 42.9 297.3 42.5 296.8 42.0 296.3 41.5 295.8
  41.1 295.3 40.7 294.9 40.3 294.4 39.9 293.9 39.5 293.4 39.2 292.9 38.9 292.3
  38.5 291.8 38.2 291.2 38.0 290.6 37.7 290.1 37.5 289.6 37.2 289.1 37.0 288.6
  36.8 288.1 36.6 287.5 36.5 287.0 36.4 286.4 36.3 285.7 36.2 285.1 36.1 284.4
  36.0 283.6 35.9 283.0 35.9 282.4 35.8 281.7 35.8 281.1 35.8 280.4 35.8 279.7
  35.8 279.0 35.8 278.3 35.8 277.7 35.8 277.0 35.9 276.4 35.9 275.8 36.0 275.1
  36.1 274.4 36.2 273.7 36.4 273.0
  12 26 80  0.0
  72.5 321.4 72.4 320.7 72.3 320.0 72.3 319.4 72.2 318.8 72.1 318.3 72.0 317.8
  71.9 317.4 71.8 317.0 71.7 316.6 71.6 316.4 71.5 316.1 71.3 315.9 71.3 315.7
  71.2 315.5 71.1 315.3 71.0 315.2 70.9 315.1 70.8 315.0 70.8 315.0 70.7 315.0
  70.6 315.0 70.5 315.0 70.4 315.0 70.3 315.1 70.2 315.2 70.1 315.3 70.0 315.4
  69.9 315.4 69.8 315.6 69.7 315.7 69.6 315.8 69.6 315.9 69.5 316.0 69.4 316.1
  69.3 316.2 69.1 316.3 69.0 316.4 68.9 316.6 68.8 316.7 68.7 316.9 68.6 317.1
  68.5 317.3 68.4 317.5 68.3 317.7 68.2 318.0 68.1 318.2 68.0 318.5 67.9 318.7
  67.8 319.0 67.8 319.3 67.7 319.6 67.7 319.9 67.6 320.3 67.6 320.7 67.6 321.1
  67.6 321.6 67.6 322.0 67.6 322.6 67.7 323.1 67.7 323.7 67.7 324.4 67.8 325.1
  67.8 325.8 67.9 326.5 67.9 327.2 67.9 328.0 68.0 328.8 68.1 329.4 68.2 329.9
  68.3 330.5 68.4 331.0 68.6 331.6 68.7 332.1 68.9 332.7 69.0 333.2 69.2 333.9
  69.3 334.5 69.5 335.2 69.6 335.9 69.8 336.6 69.9 337.4 70.1 338.2 70.2 338.7
  70.4 339.2 70.5 339.7 70.7 340.1 70.8 340.6 70.8 341.0 70.9 341.5 70.9 341.9
  71.0 342.2 71.0 342.5 71.0 342.8 71.0 343.1 70.9 343.3 70.9 343.5 70.8 343.6
  70.8 343.7 70.7 343.8 70.6 343.8 70.6 343.8 70.5 343.7 70.4 343.6 70.3 343.5
  70.3 343.3 70.2 343.1 70.1 342.9 70.0 342.7 69.9 342.8 69.8 342.8 69.6 342.8
  69.5 342.8 69.4 342.8 69.3 342.7 69.2 342.7 69.1 342.6 68.9 342.4 68.8 342.3
  68.7 342.1 68.6 341.9 68.5 341.7 68.4 341.5 68.3 341.2 68.2 341.0 68.1 340.7
  68.0 340.4 68.0 340.2 67.9 340.2 67.9 340.1 67.9 340.1 67.9 340.0 67.9 340.0
  67.8 339.9 67.8 339.8 67.8 339.8 67.8 339.7 67.8 339.7 67.8 339.7 67.8 339.6
  67.9 339.6 67.9 339.6 68.0 339.7 68.1 339.3 68.2 339.0 68.3 338.7 68.5 338.4
  68.6 338.2 68.8 338.0 68.9 337.9 69.1 337.9 69.3 337.9 69.5 337.9 69.7 338.0
  69.9 338.2 70.2 338.5 70.4 338.3 70.7 338.1 70.9 338.0 71.2 337.8 71.4 337.6
  71.6 337.4 71.9 337.2 72.1 337.0 72.3 336.6 72.6 336.1 72.8 335.5 72.8 335.0
  72.9 334.5 73.0 333.9 73.0 333.4 73.2 332.8 73.3 332.2 73.4 331.6 73.4 331.0
  73.5 330.4 73.5 329.7 73.6 329.1 73.6 328.6 73.8 328.0 73.7 327.4 73.7 326.8
  73.7 326.3 73.6 325.8 73.6 325.2 73.6 324.7 73.6 324.2 73.6 323.7 73.5 323.2
  73.4 322.7 73.3 322.2 73.2 321.6 73.1 321.1 73.0 320.5 73.0 319.9 72.9 319.3
  72.8 318.7 72.7 318.1 72.7 317.4 72.6 316.7 72.6 316.0 72.5 315.2 72.5 314.4
  72.4 313.6 72.4 312.7 72.4 311.8 72.4 311.0 72.3 310.1 72.3 309.4 72.2 308.7
  72.2 308.0 72.2 307.3 72.1 306.8 72.1 306.2 72.1 305.8 72.0 305.3 72.0 305.0
  72.0 304.5 72.0 304.0 71.9 303.6 72.0 303.2 72.0 302.8 72.0 302.6 72.1 302.4
  72.1 302.2 72.1 302.0 72.1 301.9 72.2 301.8 72.2 301.7 72.2 301.7 72.2 301.6
  72.3 301.6 72.3 301.6 72.4 301.7 72.4 301.7 72.5 301.8 72.6 301.9 72.7 302.0
  72.8 302.2 72.9 302.3 73.0 302.5
  12 27 80  0.0
  72.5 321.4 71.8 321.6 71.1 321.8 70.4 322.0 69.6 322.0 68.9 322.0 68.2 322.0
  67.4 321.9 66.7 321.8 66.0 321.6 65.3 321.2 64.6 320.8 63.8 320.5 63.2 319.9
  62.4 319.3 61.6 318.8 60.9 318.1 60.1 317.5 59.4 316.9 58.7 316.1 58.1 315.4
  57.3 314.7 56.6 313.8 55.9 312.9 55.2 311.8 54.5 310.7 53.6 309.8 52.8 308.8
  52.0 307.8 51.0 307.0 50.1 306.0 49.2 305.0 48.3 303.9 47.5 302.8 46.7 301.6
  45.8 300.4 45.1 299.3 44.2 298.2 43.3 297.1 42.5 296.0 41.8 294.8 41.0 293.7
  40.3 292.5 39.6 291.3 39.1 290.1 38.7 288.9 38.2 287.7 38.0 286.6 37.8 285.5
  37.6 284.4 37.4 283.2 37.3 282.2 37.2 281.1 37.1 280.1 37.0 279.1 37.0 278.1
  37.0 277.1 36.9 276.2 36.8 275.3 36.9 274.4 36.9 273.5 36.9 272.6 36.9 271.7
  37.0 270.8 37.1 270.1 37.2 269.3 37.2 268.6 37.3 267.9 37.4 267.2 37.5 266.6
  37.6 266.0 37.6 265.4 37.6 264.9 37.5 264.3 37.5 263.8 37.6 263.3 37.7 262.9
  37.8 262.4 37.9 261.9 38.0 261.5 38.1 261.0 38.2 260.6 38.3 260.2 38.3 259.7
  38.4 259.3 38.5 258.8 38.6 258.4 38.6 258.0 38.7 257.5 38.9 257.1 39.0 256.8
  39.1 256.4 39.3 256.1 39.5 255.7 39.7 255.4 39.9 255.1 40.1 254.8 40.3 254.4
  40.5 254.0 40.7 253.6 40.9 253.2 41.0 252.7 41.2 252.2 41.4 251.6 41.5 251.1
  41.7 250.5 41.8 249.9 41.9 249.3 42.0 248.6 42.2 247.9 42.3 247.1 42.4 246.4
  42.5 245.7 42.6 245.1 42.6 244.4 42.6 243.7 42.5 243.0 42.4 242.4 42.3 241.7
  42.1 240.9 41.9 240.2 41.8 239.4 41.4 238.7 41.1 238.0 40.9 237.3 40.6 236.6
  40.3 235.8 40.0 235.1 39.6 234.5 39.3 233.8 38.9 233.1 38.6 232.4 38.3 231.7
  37.9 231.0 37.5 230.3 37.1 229.7 36.8 229.1 36.4 228.5 36.0 227.8 35.6 227.3
  35.2 226.8 34.8 226.3 34.4 225.8 33.9 225.3 33.5 224.9 33.1 224.4 32.6 223.9
  32.3 223.4 32.0 222.9 31.7 222.4 31.4 221.8 31.1 221.3 30.8 220.8 30.6 220.3
  30.3 219.8 29.9 219.3 29.6 218.8 29.2 218.3 28.9 217.8 28.6 217.2 28.3 216.6
  28.0 216.0 27.8 215.4 27.5 214.8 27.2 214.2 26.9 213.7 26.7 213.1 26.4 212.5
  26.1 211.9 25.9 211.4 25.7 210.9 25.5 210.4 25.3 209.9 25.1 209.4 24.9 208.9
  24.7 208.4 24.6 208.0 24.4 207.5 24.3 207.1 24.2 206.7 24.1 206.3 24.0 205.9
  23.9 205.6 23.8 205.3 23.7 205.0 23.7 204.8 23.6 204.5 23.6 204.2 23.6 203.9
  23.6 203.7 23.6 203.4 23.6 203.2 23.7 202.9 23.7 202.7 23.8 202.4 23.8 202.2
  23.9 202.0 24.0 201.7 24.0 201.5 24.1 201.1 24.2 200.8 24.3 200.4 24.4 200.1
  24.5 199.8 24.6 199.5 24.7 199.2 24.9 198.9 25.0 198.6 25.1 198.3 25.2 198.0
  25.3 197.7 25.4 197.3 25.5 197.0 25.6 196.6 25.7 196.3 25.8 195.9 25.8 195.5
  25.9 195.1 25.9 194.7 25.9 194.3 26.0 193.9 26.0 193.4 26.0 193.0 26.0 192.4
  26.0 191.7 26.1 191.1 26.1 190.4 26.1 189.7 26.1 189.0 26.1 188.4 26.1 187.7
  26.1 187.0 26.1 186.4 26.1 185.7 26.1 185.1 26.2 184.6 26.2 184.0 26.2 183.5
  26.3 183.0 26.4 182.5 26.6 182.0
  12 28 80  0.0
  72.5 321.4 73.1 321.1 73.6 320.8 74.1 320.5 74.4 320.4 74.7 320.2 74.9 320.0
  75.1 319.8 75.2 319.6 75.2 319.5 75.2 319.3 75.2 319.2 75.1 319.1 75.0 319.0
  74.9 318.9 74.7 318.9 74.5 318.9 74.3 319.0 74.1 319.0 73.8 319.2 73.5 319.3
  73.2 319.5 72.8 319.8 72.3 320.1 71.7 320.4 70.9 320.8 70.2 321.0 69.4 321.2
  68.6 321.3 67.9 321.3 67.1 321.2 66.4 321.0 65.6 320.9 64.8 320.5 64.1 320.1
  63.3 319.8 62.6 319.2 61.7 318.7 60.9 317.9 60.1 317.2 59.3 316.6 58.5 315.7
  57.6 314.9 56.7 313.9 55.9 313.0 55.1 311.8 54.2 310.8 53.3 309.8 52.4 308.7
  51.5 307.6 50.4 306.6 49.3 305.6 48.3 304.5 47.3 303.4 46.4 302.2 45.5 301.1
  44.6 299.9 43.8 298.8 43.0 297.6 42.2 296.5 41.4 295.3 40.5 294.0 39.7 292.8
  39.0 291.5 38.4 290.1 37.9 288.9 37.4 287.7 37.2 286.4 37.0 285.3 36.8 284.1
  36.6 283.0 36.6 281.8 36.5 280.7 36.5 279.6 36.5 278.5 36.5 277.5 36.5 276.5
  36.5 275.5 36.6 274.6 36.7 273.7 36.8 272.8 36.9 271.9 37.1 271.1 37.3 270.2
  37.5 269.4 37.7 268.6 37.8 267.8 38.1 267.1 38.4 266.5 38.7 265.8 39.0 265.2
  39.2 264.7 39.4 264.1 39.5 263.7 39.8 263.2 40.1 262.8 40.3 262.5 40.6 262.1
  40.8 261.8 41.0 261.5 41.3 261.1 41.5 260.7 41.7 260.4 41.9 260.0 42.1 259.6
  42.3 259.0 42.5 258.5 42.7 258.0 42.9 257.4 43.0 256.9 43.2 256.5 43.4 256.0
  43.6 255.5 43.8 255.0 44.1 254.5 44.3 253.9 44.5 253.3 44.7 252.6 45.0 252.0
  45.1 251.3 45.3 250.6 45.4 249.9 45.6 249.2 45.7 248.5 45.9 247.8 46.0 247.2
  46.1 246.5 46.2 245.7 46.3 244.9 46.4 244.1 46.6 243.3 46.6 242.5 46.6 241.6
  46.6 240.8 46.6 239.9 46.5 239.1 46.3 238.2 46.2 237.5 45.9 236.7 45.7 236.0
  45.5 235.2 45.2 234.5 45.0 233.8 44.7 233.2 44.4 232.5 44.1 231.9 43.9 231.4
  43.8 230.6 43.6 229.9 43.4 229.2 43.1 228.6 42.8 228.0 42.5 227.5 42.3 227.0
  42.1 226.5 41.9 226.1 41.6 225.5 41.3 224.9 41.0 224.3 40.7 223.7 40.5 223.2
  40.2 222.7 40.0 222.2 39.7 221.7 39.4 221.1 39.0 220.6 38.7 220.1 38.3 219.7
  38.0 219.3 37.7 218.8 37.3 218.3 37.0 217.8 36.7 217.3 36.3 216.8 35.9 216.3
  35.5 215.7 35.1 215.1 34.6 214.5 34.1 214.0 33.6 213.4 33.1 212.7 32.5 212.0
  32.0 211.3 31.7 210.6 31.3 209.8 30.9 209.0 30.6 208.2 30.3 207.4 30.0 206.6
  29.8 205.8 29.5 205.1 29.3 204.3 29.0 203.6 28.8 202.8 28.6 202.1 28.5 201.3
  28.3 200.5 28.1 199.7 28.0 198.9 28.0 198.0 27.9 197.3 27.7 196.5 27.6 195.7
  27.5 195.0 27.3 194.2 27.1 193.4 26.9 192.7 26.7 191.9 26.7 191.1 26.6 190.4
  26.5 189.7 26.4 189.0 26.3 188.3 26.3 187.7 26.2 187.1 26.2 186.5 26.2 185.9
  26.2 185.3 26.2 184.7 26.2 184.0 26.2 183.4 26.1 182.7 26.1 182.0 26.0 181.3
  25.9 180.7 25.8 180.0 25.7 179.3 25.6 178.6 25.4 177.9 25.3 177.2 25.1 176.4
  25.0 175.7 24.9 175.0 24.8 174.3 24.8 173.6 24.7 173.0 24.7 172.4 24.6 171.8
  24.6 171.2 24.6 170.6 24.7 170.1
  12 29 80  0.0
  72.5 321.4 72.8 322.5 73.0 323.7 73.3 324.8 73.6 325.8 74.0 326.8 74.3 327.7
  74.8 328.6 75.2 329.6 75.7 330.5 76.2 331.5 76.7 332.4 77.2 333.5 77.7 334.6
  78.1 335.9 78.5 337.2 78.8 338.6 79.1 340.2 79.2 342.0 79.3 343.8 79.3 345.7
  79.3 347.7 79.2 349.6 78.9 351.4 78.6 353.1 78.1 354.5 77.5 355.6 77.0 356.6
  76.4 357.3 75.8 357.6 75.2 357.7 74.6 357.6 73.9 357.4 73.3 356.9 72.7 356.3
  72.0 355.6 71.3 354.9 70.7 354.2 70.0 353.4 69.4 352.6 68.9 351.6 68.4 350.7
  67.9 349.8 67.5 348.7 67.1 347.6 66.7 346.6 66.4 345.6 66.0 344.7 65.7 343.9
  65.3 343.0 65.0 342.1 64.7 341.2 64.4 340.4 64.2 339.6 63.9 338.8 63.6 337.8
  63.4 336.8 63.2 336.0 62.8 335.1 62.6 334.4 62.3 333.7 62.1 333.1 61.9 332.5
  61.7 331.6 61.4 330.8 61.2 330.0 61.0 329.2 60.8 328.4 60.6 327.7 60.3 327.1
  60.1 326.5 59.9 325.9 59.7 325.2 59.5 324.5 59.4 323.8 59.1 323.1 58.9 322.3
  58.7 321.6 58.5 320.8 58.3 320.0 58.0 319.2 57.8 318.4 57.5 317.5 57.3 316.6
  57.1 315.8 56.8 315.1 56.5 314.4 56.1 313.7 55.8 313.0 55.5 312.3 55.2 311.6
  54.7 310.9 54.3 310.3 53.8 309.6 53.4 308.8 52.9 308.0 52.5 307.2 52.0 306.4
  51.6 305.6 51.1 304.6 50.7 303.7 50.3 302.8 49.9 301.9 49.5 300.9 49.2 300.0
  48.8 299.0 48.5 298.1 48.1 297.3 47.8 296.4 47.5 295.5 47.3 294.5 47.1 293.6
  47.0 292.7 46.8 291.8 46.6 290.9 46.5 290.1 46.3 289.2 46.2 288.3 46.0 287.4
  45.9 286.6 45.9 285.8 45.8 285.0 45.7 284.2 45.7 283.4 45.7 282.6 45.7 281.8
  45.6 281.1 45.6 280.3 45.6 279.6 45.6 278.9 45.6 278.2 45.6 277.5 45.6 276.9
  45.6 276.3 45.6 275.6 45.7 275.0 45.7 274.3 45.7 273.7 45.7 273.0 45.8 272.4
  45.8 271.7 45.8 271.1 45.9 270.4 46.0 269.8 46.1 269.2 46.1 268.6 46.2 268.0
  46.3 267.4 46.5 266.8 46.6 266.1 46.7 265.5 46.8 264.9 46.9 264.2 47.0 263.6
  47.1 262.9 47.1 262.2 47.1 261.6 47.1 260.9 47.1 260.2 47.1 259.5 47.2 258.8
  47.2 258.2 47.3 257.5 47.3 256.8 47.4 256.1 47.4 255.4 47.5 254.7 47.5 254.0
  47.6 253.3 47.6 252.6 47.6 251.9 47.6 251.3 47.6 250.6 47.5 250.0 47.5 249.3
  47.5 248.7 47.5 248.0 47.5 247.4 47.5 246.7 47.4 246.1 47.4 245.4 47.4 244.8
  47.4 244.2 47.4 243.5 47.2 242.9 47.1 242.3 47.0 241.8 46.9 241.2 46.8 240.6
  46.7 240.1 46.6 239.6 46.4 239.1 46.1 238.6 45.8 238.1 45.6 237.8 45.3 237.5
  45.1 237.1 44.8 236.8 44.6 236.4 44.4 236.1 44.2 235.8 43.8 235.4 43.5 235.1
  43.1 234.8 42.8 234.5 42.5 234.2 42.1 234.0 41.8 233.7 41.5 233.4 41.2 233.0
  40.9 232.7 40.6 232.4 40.4 232.0 40.1 231.7 39.7 231.4 39.3 231.0 38.8 230.6
  38.4 230.2 38.0 229.7 37.6 229.3 37.3 228.9 37.0 228.4 36.7 228.0 36.3 227.5
  35.9 227.1 35.6 226.6 35.2 226.2 34.9 225.8 34.7 225.3 34.4 224.8 34.1 224.4
  33.9 223.9 33.6 223.5 33.3 223.1 33.0 222.6 32.8 222.2 32.5 221.7 32.2 221.2
  31.9 220.7 31.7 220.3 31.4 219.8
  12 30 80  0.0
  72.5 321.4 72.4 321.5 72.3 321.6 72.2 321.8 72.2 322.0 72.1 322.3 72.1 322.7
  72.1 323.1 72.1 323.6 72.2 324.1 72.3 324.7 72.4 325.3 72.5 326.0 72.7 326.8
  72.9 327.5 73.1 328.3 73.4 329.2 73.6 330.0 73.9 330.8 74.2 331.6 74.6 332.7
  75.0 333.7 75.4 334.8 75.8 335.9 76.3 337.1 76.8 338.5 77.3 340.0 77.8 341.7
  78.3 343.4 78.8 345.4 79.2 347.7 79.6 350.1 79.8 352.7 79.9 355.5 80.0 358.4
  80.0   0.8 79.9   1.2 79.8   1.7 79.6   2.1 79.5   2.5 79.2   2.9 79.0   3.2
  78.7   3.5 78.3   3.8 77.9   4.1 77.4   4.3 76.8   4.5 76.1   4.7 75.3   4.8
  74.5   4.9 73.7   5.0 73.0   4.9 72.2   4.8 71.5   4.7 70.8   4.4 70.2   4.1
  69.5   3.8 68.9   3.3 68.3   2.9 67.7   2.5 67.2   2.0 66.7   1.6 66.2   1.1
  65.9   0.7 65.6   0.3 65.4 359.9 65.2 358.9 65.0 358.1 64.9 357.2 64.9 356.4
  64.9 355.7 64.9 355.0 64.9 354.3 64.9 353.7 65.0 353.2 65.1 352.6 65.2 352.0
  65.3 351.4 65.3 350.8 65.4 350.2 65.6 349.6 65.7 349.0 65.9 348.4 66.1 347.8
  66.3 347.3 66.5 346.8 66.7 346.3 67.0 345.8 67.2 345.4 67.4 344.9 67.6 344.5
  67.8 344.0 67.9 343.6 68.1 343.1 68.2 342.7 68.3 342.4 68.4 342.0 68.5 341.6
  68.6 341.3 68.7 341.0 68.8 340.7 69.0 340.5 69.1 340.3 69.3 340.2 69.5 340.1
  69.6 340.0 69.8 340.0 70.0 340.1 70.2 340.2 70.4 340.2 70.6 340.3 70.8 340.4
  71.0 340.5 71.1 340.7 71.3 340.9 71.4 341.2 71.5 341.5 71.7 341.8 71.8 342.2
  71.9 342.7 72.0 343.1 72.1 343.4 72.3 343.7 72.4 344.1 72.5 344.5 72.6 345.0
  72.7 345.6 72.8 346.1 72.9 346.8 73.0 347.4 73.2 348.2 73.3 349.0 73.4 349.8
  73.5 350.7 73.6 351.5 73.7 352.3 73.8 353.2 73.9 353.9 74.0 354.7 74.1 355.5
  74.2 355.7 74.3 356.0 74.4 356.2 74.5 356.4 74.6 356.7 74.7 356.9 74.8 357.1
  74.9 357.4 75.0 357.6 75.1 357.9 75.2 358.2 75.3 358.5 75.3 358.8 75.4 359.1
  75.4 359.4 75.5 359.8 75.5   0.1 75.5   0.2 75.5   0.3 75.5   0.4 75.5   0.4
  75.5   0.5 75.5   0.5 75.5   0.5 75.5   0.6 75.4   0.6 75.4   0.5 75.3   0.5
  75.3   0.5 75.2   0.5 75.1   0.4 75.0   0.3 74.9   0.3 74.8   0.2 74.7   0.1
  74.6 360.0 74.5 359.6 74.5 359.1 74.4 358.6 74.3 358.1 74.2 357.5 74.1 357.0
  74.0 356.4 73.9 356.1 73.8 355.8 73.7 355.5 73.7 355.1 73.6 354.7 73.5 354.2
  73.4 353.7 73.3 353.2 73.2 352.6 73.1 352.0 73.0 351.4 73.0 350.8 72.9 350.2
  72.8 349.6 72.7 349.0 72.6 348.4 72.5 347.8 72.5 347.3 72.5 346.7 72.4 346.0
  72.4 345.4 72.3 344.8 72.3 344.1 72.2 343.5 72.2 342.9 72.1 342.2 72.1 341.7
  72.1 341.1 72.0 340.5 72.0 340.0 71.9 339.6 71.8 339.2 71.7 338.9 71.6 338.5
  71.5 338.1 71.4 337.6 71.3 337.2 71.3 336.8 71.2 336.4 71.1 335.9 71.1 335.5
  71.0 335.0 70.9 334.5 70.8 334.1 70.8 333.6 70.7 333.1 70.7 332.6 70.6 332.1
  70.6 331.5 70.5 331.0 70.4 330.4 70.4 329.8 70.3 329.2 70.3 328.6 70.2 327.9
  70.1 327.2 70.0 326.5 69.9 326.1
  12 31 80  0.0
  72.5 321.4 72.5 321.6 72.4 321.9 72.4 322.1 72.4 322.3 72.3 322.5 72.3 322.6
  72.2 322.8 72.2 323.0 72.1 323.1 72.0 323.2 72.0 323.4 71.9 323.3 71.8 323.2
  71.8 323.1 71.7 323.0 71.6 322.9 71.5 322.8 71.4 322.7 71.3 322.6 71.2 322.4
  71.1 322.3 71.0 322.1 70.9 322.0 70.7 321.8 70.6 321.6 70.5 321.5 70.4 321.4
  70.3 321.4 70.3 321.5 70.2 321.5 70.2 321.7 70.2 321.9 70.3 322.1 70.3 322.4
  70.4 322.8 70.5 323.2 70.6 323.6 70.7 324.1 70.9 324.7 71.0 325.2 71.2 325.8
  71.3 326.5 71.5 327.1 71.7 327.8 71.9 328.6 72.1 329.3 72.3 330.3 72.6 331.2
  72.8 332.2 73.2 333.1 73.5 333.9 73.9 334.7 74.3 335.4 74.8 336.4 75.2 337.5
  75.7 338.6 76.2 339.7 76.7 341.2 77.2 342.8 77.6 344.6 77.9 346.5 78.1 348.5
  78.3 350.5 78.4 352.5 78.3 354.5 78.1 356.4 77.8 358.1 77.4 359.7 77.0   1.1
  76.5   1.3 75.8   1.6 75.2   1.8 74.4   1.9 73.6   2.1 72.9   2.0 72.1   2.0
  71.4   1.9 70.7   1.6 70.0   1.3 69.3   0.9 68.7   0.4 68.1   0.0 67.5 359.6
  66.8 358.3 66.2 357.0 65.7 355.8 65.2 354.4 64.7 353.1 64.4 351.7 64.0 350.4
  63.7 349.2 63.5 347.8 63.2 346.4 63.0 345.1 62.8 343.9 62.5 342.7 62.2 341.6
  61.9 340.5 61.7 339.1 61.4 337.7 61.1 336.3 60.9 335.0 60.5 333.8 60.1 332.6
  59.8 331.5 59.4 330.1 59.0 328.7 58.7 327.3 58.2 326.0 57.8 324.7 57.4 323.3
  56.7 322.0 56.1 320.7 55.5 319.5 54.8 318.2 54.0 317.0 53.4 315.7 52.6 314.4
  51.8 313.2 51.1 312.0 50.4 310.8 49.5 309.7 48.6 308.6 47.7 307.5 46.7 306.4
  45.8 305.3 45.0 304.2 44.1 303.1 43.3 302.0 42.5 300.9 41.7 299.9 40.9 298.8
  40.2 297.8 39.5 296.6 38.8 295.5 38.1 294.4 37.5 293.2 36.9 292.2 36.4 291.1
  35.9 290.0 35.5 289.1 35.2 288.2 34.8 287.3 34.7 286.3 34.5 285.3 34.4 284.4
  34.2 283.5 34.1 282.5 34.1 281.6 33.9 280.7 33.8 280.0 33.7 279.4 33.7 278.7
  33.7 278.0 33.6 277.3 33.6 276.6 33.5 275.9 33.6 275.3 33.6 274.6 33.6 273.9
  33.7 273.3 33.7 272.7 33.7 272.1 33.8 271.6 33.8 271.0 33.8 270.5 33.8 270.0
  33.7 269.5 33.7 269.0 33.7 268.5 33.7 268.0 33.7 267.5 33.7 267.0 33.7 266.5
  33.7 266.0 33.7 265.5 33.7 265.0 33.8 264.6 33.9 264.1 33.9 263.6 33.9 263.2
  33.9 262.7 34.0 262.3 34.0 261.8 34.0 261.3 34.1 260.9 34.2 260.4 34.2 259.9
  34.3 259.4 34.4 258.9 34.6 258.5 34.7 258.0 34.9 257.6 35.0 257.1 35.2 256.7
  35.3 256.3 35.5 255.9 35.7 255.5 35.9 255.1 36.0 254.8 36.2 254.4 36.5 254.0
  36.7 253.7 36.9 253.3 37.1 252.9 37.3 252.5 37.5 252.1 37.7 251.8 37.8 251.4
  37.9 251.1 38.0 250.8 38.1 250.3 38.2 249.9 38.3 249.5 38.4 249.2 38.4 248.8
  38.5 248.4 38.6 248.1 38.6 247.7 38.7 247.4 38.7 247.1 38.7 246.8 38.8 246.5
  38.8 246.2 38.8 246.0 38.9 245.7 38.9 245.5 38.9 245.3 39.0 245.1 39.0 244.9
  39.0 244.7 39.0 244.5 39.0 244.3 39.0 244.2 39.0 244.0 39.0 243.9 39.0 243.8
  39.0 243.7 39.0 243.6 39.0 243.5
