  12  1 72  0.0
  72.5 321.4 72.3 321.7 72.1 321.9 72.0 322.1 71.8 322.1 71.7 322.0 71.6 322.0
  71.5 321.9 71.4 321.8 71.4 321.7 71.3 321.6 71.3 321.4 71.3 321.3 71.3 321.1
  71.2 320.9 71.2 320.7 71.2 320.5 71.2 320.4 71.2 320.2 71.2 320.1 71.2 320.0
  71.1 319.8 71.0 319.7 70.9 319.6 70.8 319.4 70.6 319.3 70.5 319.2 70.4 319.0
  70.3 318.7 70.2 318.5 70.0 318.1 69.9 317.8 69.7 317.6 69.6 317.3 69.4 317.1
  69.3 316.8 69.1 316.5 69.0 316.3 68.8 316.0 68.6 315.7 68.3 315.5 68.1 315.2
  67.8 315.0 67.6 315.1 67.4 315.2 67.2 315.3 67.0 315.4 66.8 315.6 66.6 315.8
  66.4 316.0 66.2 316.1 66.1 316.2 65.9 316.3 65.7 316.4 65.4 316.4 65.2 316.4
  65.0 316.4 64.7 316.3 64.3 316.2 64.0 316.0 63.7 315.8 63.4 315.5 63.1 315.2
  62.7 314.9 62.4 314.5 62.0 314.1 61.6 313.6 61.2 313.0 60.7 312.3 60.3 311.7
  59.7 311.0 59.0 310.3 58.2 309.6 57.3 309.0 56.4 308.1 55.4 307.3 54.4 306.3
  53.3 305.3 52.3 304.1 51.2 302.9 50.2 301.6 49.2 300.4 48.1 299.1 46.7 298.0
  45.1 297.0 43.5 296.0 42.0 294.8 40.9 293.1 39.8 291.5 38.8 289.8 37.7 288.2
  36.5 286.6 35.3 285.1 33.9 283.3 33.2 281.1 32.4 278.7 32.1 276.3 31.8 274.1
  31.8 272.2 31.8 270.4 32.0 268.7 32.1 267.0 32.7 265.3 33.4 263.8 34.4 262.4
  35.4 261.2 36.5 260.1 37.7 259.0 38.6 258.0 39.5 257.1 40.4 256.2 41.4 255.3
  42.3 254.5 43.2 253.5 44.0 252.6 44.9 251.6 45.7 250.6 46.4 249.6 47.0 248.5
  47.6 247.2 48.0 246.0 48.4 244.5 48.8 243.0 49.1 241.4 49.4 239.8 49.5 238.2
  49.7 236.6 49.8 235.0 49.7 233.3 49.6 231.5 49.2 229.7 48.8 227.9 48.1 226.1
  47.3 224.3 46.7 222.6 46.0 220.9 45.4 219.3 44.8 217.9 44.1 216.6 43.3 215.3
  42.6 214.2 41.8 213.0 41.0 211.9 40.4 210.7 39.8 209.5 39.2 208.3 38.5 207.1
  37.9 205.9 37.3 204.6 36.7 203.4 36.2 202.1 35.7 200.7 35.2 199.3 34.9 197.9
  34.5 196.4 34.2 194.9 34.1 193.2 34.0 191.5 34.1 189.8 34.3 188.2 34.4 186.5
  34.7 184.9 35.1 183.3 35.4 181.7 35.8 180.1 36.1 178.6 36.5 177.3 36.9 176.0
  37.3 174.7 37.8 173.5 38.2 172.2 38.7 171.1 39.0 169.9 39.2 168.7 39.5 167.6
  39.5 166.4 39.6 165.2 39.7 164.0 39.8 162.8 40.0 161.6 40.2 160.4 40.3 159.3
  40.5 158.1 40.6 156.8 40.7 155.4 40.7 154.0 40.6 152.6 40.5 151.1 40.7 149.6
  40.8 148.1 41.0 146.5 41.3 145.0 41.6 143.5 41.7 142.0 41.8 140.5 41.9 139.1
  41.7 137.7 41.5 136.3 41.4 134.9 41.2 133.5 41.1 132.1 41.0 130.7 40.8 129.3
  40.7 128.0 40.2 126.7 39.7 125.4 39.3 124.0 38.9 122.7 38.4 121.4 38.0 120.1
  37.6 118.8 37.4 117.5 37.2 116.1 37.0 114.7 37.1 113.2 37.1 111.7 37.2 110.2
  37.2 108.6 37.3 107.0 37.7 105.4 38.0 103.9 38.8 102.3 39.7 100.9 40.5  99.6
  41.5  98.6 42.4  97.6 43.5  96.7 44.6  95.8 45.4  95.1 46.2  94.3 47.2  93.7
  48.1  93.1 49.1  92.7 50.1  92.3 51.0  91.9 51.9  91.6 52.8  91.2 53.7  90.8
  54.5  90.4 55.4  89.8 56.3  89.2
  12  2 72  0.0
  72.5 321.4 72.0 321.4 71.5 321.2 71.1 321.1 70.7 321.1 70.3 321.1 69.9 321.1
  69.6 320.9 69.3 320.8 69.0 320.7 68.7 320.7 68.4 320.7 68.2 320.7 67.9 320.8
  67.7 320.8 67.5 320.8 67.3 320.8 67.2 320.8 67.0 320.8 66.9 320.8 66.7 320.8
  66.6 320.8 66.5 320.9 66.4 320.9 66.3 320.9 66.2 320.9 66.1 320.9 66.1 320.9
  66.0 321.0 65.9 321.0 65.9 321.1 65.8 321.2 65.8 321.3 65.7 321.4 65.7 321.5
  65.7 321.7 65.6 321.8 65.6 322.0 65.6 322.1 65.6 322.2 65.6 322.3 65.6 322.4
  65.6 322.5 65.7 322.5 65.7 322.5 65.7 322.6 65.8 322.5 65.9 322.5 66.0 322.5
  66.0 322.4 66.1 322.4 66.2 322.3 66.3 322.3 66.3 322.3 66.4 322.3 66.4 322.3
  66.4 322.4 66.4 322.4 66.4 322.5 66.4 322.6 66.4 322.7 66.4 322.8 66.4 322.9
  66.4 323.0 66.3 323.2 66.3 323.3 66.2 323.5 66.1 323.6 66.0 323.8 65.9 324.1
  65.8 324.4 65.7 324.6 65.5 324.9 65.4 325.2 65.2 325.4 65.0 325.4 64.8 325.4
  64.5 325.3 64.2 325.1 63.9 324.8 63.6 324.2 63.2 323.5 62.7 322.8 62.2 322.2
  61.6 321.5 61.0 320.4 60.3 319.5 59.7 318.5 59.0 317.3 58.3 316.1 57.7 315.0
  56.9 313.8 56.2 312.6 55.3 311.4 54.4 310.2 53.3 309.0 52.2 307.5 50.9 306.0
  49.6 304.4 48.4 302.8 47.4 301.2 46.2 299.8 45.1 298.5 44.0 297.3 42.7 295.9
  41.7 294.5 40.8 292.8 39.8 291.0 39.1 289.0 38.4 287.3 37.8 285.7 37.2 284.0
  36.4 282.5 35.9 280.8 35.4 278.9 35.3 276.9 35.3 275.0 35.5 273.1 35.8 271.3
  36.3 269.6 36.8 268.0 37.4 266.4 38.0 264.8 38.7 263.4 39.5 262.0 40.3 260.7
  41.2 259.6 42.0 258.4 42.7 257.3 43.5 256.2 44.2 255.1 44.9 253.8 45.5 252.4
  46.1 250.9 46.9 249.3 47.6 247.8 48.3 246.2 48.9 244.7 49.5 243.1 49.9 241.4
  50.2 239.7 50.4 237.9 50.6 236.1 50.8 234.1 50.8 232.1 50.9 230.0 50.7 228.0
  50.2 226.0 49.8 224.2 49.3 222.4 48.7 220.6 48.1 218.8 47.6 217.0 47.1 215.4
  46.6 213.9 46.1 212.4 45.6 210.8 45.1 209.6 44.7 208.4 44.2 207.2 43.9 205.9
  43.6 204.9 43.4 203.9 43.2 202.9 43.0 201.9 42.9 200.9 42.7 199.9 42.7 198.9
  42.6 197.9 42.5 196.9 42.4 195.9 42.5 194.8 42.7 193.7 42.8 192.7 43.0 191.7
  43.4 190.7 43.9 189.7 44.4 188.8 44.9 187.8 45.5 186.9 46.0 185.9 46.7 184.9
  47.2 183.8 47.7 182.7 48.1 181.6 48.6 180.5 49.0 179.3 49.5 178.2 50.0 177.0
  50.5 176.0 50.9 174.7 51.3 173.5 51.8 172.3 52.2 171.0 52.5 169.6 52.8 168.1
  53.2 166.6 53.4 165.1 53.7 163.6 54.0 162.1 54.2 160.7 54.5 159.1 54.8 157.4
  55.1 155.7 55.4 154.0 55.6 152.3 55.9 150.6 56.2 149.0 56.6 147.1 57.0 145.2
  57.3 143.4 57.7 141.6 58.0 139.9 58.3 138.2 58.6 136.4 58.8 134.6 59.1 133.0
  59.5 131.5 59.8 130.2 60.1 129.0 60.5 127.8 60.9 126.6 61.3 125.5 61.7 124.3
  62.1 123.2 62.7 122.0 63.2 120.8 63.8 119.6 64.4 118.3 65.0 117.1 65.5 115.8
  65.9 114.3 66.2 112.9 66.5 111.6 66.7 110.3 66.9 109.0 67.1 107.6 67.1 106.1
  67.2 104.5 67.3 102.9 67.3 101.2
  12  3 72  0.0
  72.5 321.4 72.3 320.7 72.0 319.9 71.7 319.2 71.5 318.9 71.2 318.6 70.8 318.2
  70.5 317.8 70.2 317.4 69.8 317.0 69.5 316.7 69.2 316.3 68.9 315.9 68.5 315.4
  68.1 315.0 67.7 314.4 67.4 313.7 67.1 313.0 66.8 312.3 66.5 311.4 66.1 310.6
  65.7 309.7 65.3 308.7 64.9 307.8 64.4 306.8 63.9 305.7 63.4 304.6 62.9 303.6
  62.2 302.5 61.5 301.3 60.8 300.3 60.1 299.1 59.3 297.9 58.5 296.9 57.8 295.8
  57.1 294.9 56.4 293.9 55.7 292.8 55.1 291.8 54.5 290.7 53.9 289.7 53.3 288.5
  52.8 287.4 52.3 286.3 51.7 285.2 51.2 284.2 50.7 283.3 50.3 282.3 49.8 281.4
  49.5 280.6 49.1 279.8 48.8 279.0 48.6 278.2 48.4 277.4 48.2 276.6 48.0 275.7
  47.9 274.9 47.7 274.1 47.6 273.4 47.4 272.7 47.3 272.0 47.0 271.3 46.9 270.6
  46.7 269.9 46.6 269.1 46.5 268.3 46.4 267.5 46.5 266.8 46.6 266.0 46.7 265.3
  46.8 264.6 47.0 263.9 47.2 263.3 47.3 262.6 47.5 262.0 47.7 261.3 47.9 260.6
  48.1 259.9 48.4 259.1 48.7 258.3 49.1 257.4 49.5 256.6 49.9 255.7 50.5 254.9
  51.0 253.8 51.6 252.7 52.1 251.6 52.6 250.5 53.1 249.3 53.7 248.2 54.3 247.1
  55.1 246.1 55.9 245.0 56.7 243.9 57.4 242.7 58.1 241.4 58.8 240.1 59.4 238.7
  59.8 237.4 60.2 236.1 60.6 235.1 61.0 234.1 61.4 233.2 61.9 232.2 62.5 231.3
  62.9 230.4 63.4 229.5 64.0 228.6 64.7 227.5 65.1 226.3 65.5 225.2 66.0 224.1
  66.5 223.1 66.8 221.9 67.2 220.8 67.6 219.7 67.8 218.6 68.1 217.6 68.4 216.3
  68.8 214.9 69.0 213.6 69.2 212.3 69.4 211.1 69.4 209.9 69.4 208.8 69.3 207.7
  69.1 206.7 68.9 205.7 68.7 204.7 68.5 203.6 68.1 202.6 67.7 201.5 67.3 200.8
  67.0 200.0 66.6 199.3 65.9 198.7 65.2 198.3 64.5 197.9 63.7 197.5 63.0 197.3
  62.2 196.9 61.4 196.5 60.6 196.2 59.8 195.7 59.1 195.3 58.2 194.8 57.3 194.3
  56.4 193.9 55.5 193.4 54.6 192.8 53.6 192.3 52.7 191.6 51.7 190.8 50.8 189.8
  49.9 188.8 49.0 187.4 48.2 186.0 47.5 184.6 46.8 182.8 46.2 181.0 45.6 179.2
  45.1 177.3 44.6 175.5 44.3 173.6 44.0 171.8 43.6 170.1 43.3 168.4 43.0 166.7
  42.5 165.2 42.0 163.7 41.4 162.1 40.8 160.5 40.1 159.0 39.4 157.6 38.6 156.0
  37.8 154.4 37.0 152.5 36.2 150.7 35.6 149.0 34.9 147.0 34.5 145.0 34.0 143.1
  33.9 141.2 33.7 139.1 33.8 137.1 34.0 135.2 34.4 133.5 34.9 132.0 35.3 130.6
  36.0 129.1 36.8 128.1 37.6 127.1 38.3 126.0 39.1 125.4 39.9 124.7 40.6 124.0
  41.1 123.5 41.6 123.0 42.1 122.5 42.6 122.4 43.2 122.4 43.7 122.3 44.2 122.3
  44.8 122.7 45.3 123.2 45.8 123.8 46.3 124.4 46.4 125.2 46.6 126.0 46.7 126.9
  46.8 127.7 46.9 128.6 46.8 129.4 46.7 130.2 46.6 131.0 46.4 131.7 46.2 132.4
  45.8 133.0 45.4 133.3 45.0 133.5 44.6 133.7 44.1 133.9 43.6 134.0 43.0 133.8
  42.4 133.6 41.8 133.3 41.1 132.7 40.3 132.1 39.5 131.5 38.9 130.5 38.3 129.5
  37.6 128.6 36.9 127.3 36.6 125.9 36.2 124.5 35.8 123.2 35.8 121.3 35.9 119.5
  36.6 117.8 37.4 116.8 38.2 115.9
  12  4 72  0.0
  72.5 321.4 72.4 321.2 72.4 321.1 72.3 320.9 72.3 320.7 72.2 320.5 72.1 320.2
  72.0 320.0 71.9 319.7 71.8 320.0 71.7 320.3 71.6 320.5 71.5 320.7 71.4 320.9
  71.3 321.0 71.2 321.1 71.0 321.1 70.9 321.1 70.7 321.1 70.5 321.0 70.4 320.9
  70.2 320.7 69.9 320.5 69.7 320.8 69.5 320.9 69.3 321.0 69.1 321.1 68.8 321.2
  68.6 321.2 68.3 321.1 68.1 321.0 67.9 320.9 67.7 320.9 67.5 320.8 67.3 320.7
  67.1 320.5 66.9 320.1 66.8 319.7 66.6 319.3 66.4 318.9 66.2 318.4 66.0 317.9
  65.8 317.2 65.7 316.6 65.6 315.9 65.3 315.1 65.1 314.3 64.9 313.5 64.8 312.6
  64.6 311.6 64.3 310.6 64.0 309.6 63.7 308.6 63.5 307.5 63.1 306.3 62.6 305.1
  62.2 303.8 61.5 302.5 60.8 301.2 60.1 299.8 59.3 298.4 58.5 297.1 57.8 295.9
  57.1 294.8 56.5 293.7 55.9 292.5 55.4 291.5 54.8 290.4 54.3 289.2 53.8 288.0
  53.3 286.8 52.8 285.6 52.4 284.4 52.0 283.1 51.6 282.0 51.2 281.0 50.9 279.9
  50.6 278.8 50.4 277.6 50.2 276.4 50.0 275.1 49.8 273.8 49.6 272.9 49.4 272.0
  49.1 271.0 48.8 270.1 48.6 269.1 48.4 268.1 48.2 267.2 48.2 266.2 48.3 265.2
  48.3 264.3 48.4 263.4 48.7 262.5 48.9 261.7 49.1 260.8 49.3 260.0 49.4 259.2
  49.6 258.5 49.8 257.7 50.1 256.8 50.4 255.9 50.9 254.9 51.4 253.9 51.9 252.8
  52.4 251.7 53.0 250.6 53.5 249.4 54.0 248.2 54.4 246.9 55.0 245.8 55.6 244.7
  56.2 243.6 56.9 242.5 57.6 241.4 58.2 240.1 58.9 238.8 59.3 237.5 59.6 236.2
  59.9 234.9 60.0 233.6 60.0 232.3 60.0 231.1 60.0 230.4 60.0 229.3 60.1 228.6
  60.2 227.9 60.1 227.3 60.0 226.7 59.9 225.8 59.8 224.9 59.8 224.0 59.8 223.3
  59.3 222.6 58.9 222.0 58.4 221.4 58.0 220.9 57.7 220.5 57.4 219.8 56.7 219.2
  56.1 218.7 55.6 218.2 55.1 217.5 54.7 216.7 54.4 216.0 53.7 215.3 53.1 214.3
  52.5 213.3 51.9 212.4 51.4 211.3 50.7 210.3 50.1 209.2 49.6 208.2 49.1 207.1
  48.4 205.9 47.9 204.8 47.4 203.6 46.6 202.4 46.0 201.1 45.4 199.9 44.8 198.6
  44.3 197.2 43.9 195.6 43.4 194.1 42.9 192.5 42.5 190.7 42.0 188.9 41.5 187.3
  41.0 185.6 40.6 183.8 40.1 181.9 39.7 180.0 39.2 178.3 38.7 176.5 38.3 174.8
  37.9 173.0 37.5 171.2 37.2 169.3 36.8 167.4 36.2 165.5 35.6 163.4 35.0 161.2
  34.3 159.0 34.0 156.8 33.6 154.9 33.4 153.1 33.1 151.3 32.8 149.5 32.5 147.7
  32.4 145.9 32.2 144.2 32.1 142.6 32.0 141.1 31.9 139.7 31.9 138.3 31.8 137.0
  31.8 135.6 31.8 134.4 31.9 133.1 32.0 131.9 32.0 130.9 32.1 129.8 32.3 128.7
  32.4 127.7 32.6 126.7 32.8 125.7 33.0 124.7 33.3 123.7 33.4 122.7 33.7 121.7
  33.9 120.6 34.1 119.7 34.3 118.7 34.4 117.8 34.6 116.9 34.7 116.0 34.9 115.2
  35.1 114.4 35.2 113.6 35.4 112.8 35.6 112.1 35.8 111.3 35.9 110.5 36.1 109.8
  36.3 109.0 36.5 108.3 36.7 107.6 36.9 106.9 37.1 106.3 37.3 105.7 37.5 105.1
  37.7 104.6 37.9 104.1 38.2 103.6 38.3 103.0 38.4 102.4 38.5 101.9 38.6 101.4
  38.7 100.9 38.7 100.5 38.8 100.1
  12  5 72  0.0
  72.5 321.4 72.4 321.3 72.2 321.1 72.1 321.0 72.0 320.8 72.0 320.6 71.9 320.7
  71.9 320.8 71.8 320.9 71.8 321.0 71.8 321.2 71.8 321.3 71.8 321.5 71.8 321.6
  71.8 321.8 71.8 322.0 71.8 322.2 71.8 322.5 71.8 322.7 71.8 323.0 71.7 323.3
  71.7 323.5 71.7 323.8 71.6 324.1 71.6 324.4 71.7 324.7 71.7 324.9 71.7 325.2
  71.7 325.4 71.7 325.6 71.7 325.8 71.7 325.9 71.7 326.0 71.7 326.1 71.6 326.2
  71.6 326.3 71.6 326.3 71.5 326.4 71.5 326.3 71.4 326.3 71.4 326.2 71.3 326.1
  71.2 326.0 71.1 325.8 71.0 325.6 70.9 325.3 70.7 325.1 70.6 324.8 70.4 324.4
  70.3 324.1 70.1 323.7 69.9 323.4 69.6 323.4 69.4 323.3 69.2 323.2 68.9 323.1
  68.7 323.0 68.5 322.8 68.2 322.6 68.0 322.4 67.8 322.1 67.6 321.8 67.5 321.4
  67.3 321.0 67.2 320.6 67.0 320.2 66.9 319.8 66.7 319.3 66.5 318.8 66.3 318.3
  66.2 317.7 66.0 317.0 65.9 316.3 65.8 315.4 65.6 314.6 65.4 313.7 65.2 312.9
  65.1 311.9 64.8 311.0 64.5 310.0 64.3 309.0 64.0 307.9 63.6 306.7 63.1 305.3
  62.7 303.8 62.0 302.3 61.3 300.8 60.7 299.3 59.9 297.9 59.2 296.7 58.6 295.5
  57.9 294.3 57.3 293.1 56.7 291.9 56.1 290.6 55.5 289.1 55.0 287.8 54.5 286.4
  54.0 284.8 53.6 283.5 53.1 282.1 52.7 280.5 52.4 278.9 52.1 277.2 51.9 275.4
  51.6 274.0 51.4 272.7 51.2 271.2 50.9 269.8 50.6 268.3 50.3 266.9 50.2 265.6
  50.2 264.3 50.2 263.0 50.5 261.8 50.7 260.6 51.0 259.4 51.4 258.3 51.7 257.2
  52.0 256.1 52.2 255.1 52.7 253.9 53.2 252.7 53.7 251.6 54.4 250.4 55.1 249.1
  55.8 247.8 56.5 246.5 57.1 245.2 57.8 244.0 58.4 242.8 59.0 241.6 59.6 240.3
  60.2 239.2 60.7 237.9 61.2 236.7 61.7 235.5 62.0 234.3 62.4 233.3 62.7 232.4
  63.0 231.7 63.2 231.0 63.3 230.5 63.4 230.1 63.6 229.8 63.7 229.7 63.9 229.4
  64.1 229.2 64.5 228.8 64.9 228.3 65.4 227.8 65.7 227.2 66.0 226.6 66.3 225.9
  66.8 224.8 67.3 223.8 67.6 222.7 67.9 221.7 68.3 220.7 68.7 219.4 68.9 218.3
  69.2 217.2 69.5 216.1 69.8 215.0 70.0 213.9 70.2 212.9 70.4 211.4 70.4 209.9
  70.5 208.4 70.5 206.9 70.3 205.5 70.1 204.2 69.8 203.1 69.4 202.3 69.0 201.6
  68.6 200.9 68.2 200.1 67.8 199.2 67.1 198.9 66.4 198.4 65.7 197.9 65.0 197.7
  64.2 197.6 63.5 197.3 62.7 197.5 61.8 197.5 61.0 197.6 60.2 197.6 59.2 197.5
  58.3 197.4 57.4 197.1 56.4 196.8 55.4 196.5 54.5 196.0 53.5 195.5 52.4 194.9
  51.3 194.2 50.3 193.3 49.4 192.4 48.6 191.1 47.7 189.9 46.9 188.3 46.3 186.7
  45.6 185.0 45.1 183.2 44.4 181.3 43.8 179.4 43.4 177.7 42.9 175.9 42.5 174.2
  42.2 172.4 41.9 170.7 41.5 168.9 41.1 167.2 40.5 165.5 39.8 163.9 39.2 162.1
  38.6 160.3 37.9 158.6 37.2 156.7 36.5 154.7 35.7 152.8 35.0 150.8 34.4 148.7
  33.8 146.7 33.4 144.5 33.0 142.4 32.9 140.3 32.8 138.3 33.0 136.4 33.1 134.7
  33.5 133.1 33.9 131.7 34.4 130.2 34.9 128.9 35.5 127.6 36.0 126.4 36.6 125.3
  37.3 124.3 38.0 123.3 38.5 122.4
  12  6 72  0.0
  72.5 321.4 72.3 321.1 72.1 320.8 71.9 320.5 71.8 320.6 71.6 320.6 71.5 320.6
  71.4 320.7 71.2 320.8 71.1 320.9 71.0 321.0 70.9 321.1 70.8 321.3 70.7 321.4
  70.6 321.6 70.5 321.7 70.4 321.9 70.3 322.0 70.3 322.2 70.2 322.3 70.1 322.4
  70.0 322.5 70.0 322.6 69.9 322.8 69.8 323.0 69.8 323.1 69.7 323.2 69.6 323.4
  69.6 323.5 69.6 323.7 69.5 323.9 69.5 324.1 69.6 324.4 69.7 324.6 69.8 324.9
  69.8 325.1 69.9 325.4 70.0 325.7 70.1 325.9 70.2 326.1 70.3 326.2 70.3 326.4
  70.4 326.6 70.4 326.8 70.5 327.0 70.5 327.2 70.5 327.4 70.5 327.6 70.5 327.8
  70.5 328.0 70.5 328.2 70.5 328.3 70.6 328.4 70.6 328.5 70.7 328.6 70.7 328.7
  70.7 328.8 70.7 328.8 70.8 328.8 70.8 328.8 70.8 328.8 70.8 328.8 70.8 328.7
  70.8 328.7 70.8 328.5 70.8 328.4 70.7 328.2 70.7 328.0 70.7 327.8 70.5 327.5
  70.4 327.2 70.3 326.9 70.1 326.5 69.9 326.2 69.8 326.2 69.6 326.2 69.4 326.1
  69.3 326.1 69.1 326.0 69.0 325.9 68.8 325.9 68.7 325.7 68.6 325.6 68.5 325.5
  68.4 325.3 68.3 325.1 68.2 324.9 68.1 324.7 68.0 324.5 67.9 324.3 67.9 324.0
  67.8 323.8 67.6 323.5 67.5 323.3 67.3 323.0 67.2 322.7 67.1 322.4 67.0 322.1
  66.9 321.7 66.8 321.4 66.6 321.1 66.5 320.9 66.4 320.6 66.3 320.4 66.2 320.2
  66.1 320.0 66.0 319.8 65.8 319.6 65.7 319.3 65.6 319.1 65.5 318.9 65.4 318.7
  65.3 318.4 65.2 318.2 65.2 318.0 65.1 317.8 65.0 317.5 65.0 317.3 64.9 317.1
  64.9 316.9 64.8 316.7 64.8 316.5 64.7 316.4 64.7 316.2 64.7 316.0 64.6 315.9
  64.5 315.8 64.4 315.7 64.4 315.6 64.3 315.6 64.2 315.5 64.1 315.5 64.0 315.5
  64.0 315.5 63.9 315.4 63.8 315.2 63.8 315.0 63.7 314.8 63.7 314.6 63.6 314.3
  63.6 314.0 63.5 313.6 63.5 313.3 63.5 312.9 63.4 312.5 63.4 312.0 63.4 311.6
  63.2 311.1 63.0 310.6 62.8 310.1 62.7 309.6 62.5 309.1 62.4 308.5 62.3 307.9
  62.1 307.2 61.8 306.6 61.6 305.5 61.5 304.5 61.3 303.4 61.0 302.3 60.7 301.3
  60.4 300.2 60.2 299.1 59.8 298.0 59.4 296.9 59.1 295.7 58.7 294.6 58.2 293.4
  57.8 292.1 57.5 290.9 57.0 289.7 56.6 288.4 56.2 287.1 55.8 285.8 55.4 284.6
  55.0 283.4 54.6 282.2 54.1 280.9 53.7 279.7 53.3 278.7 52.9 277.8 52.5 276.8
  52.2 275.9 51.9 274.9 51.6 274.1 51.4 273.3 51.1 272.4 50.9 271.7 50.8 270.9
  50.7 270.1 50.6 269.3 50.4 268.6 50.3 267.8 50.5 267.1 50.6 266.4 50.8 265.6
  50.9 264.9 51.0 264.2 51.1 263.5 51.5 262.7 51.9 262.0 52.3 261.4 52.7 260.7
  53.0 260.0 53.5 259.3 54.1 258.6 54.6 257.8 55.0 257.1 55.5 256.3 55.8 255.5
  56.3 254.7 56.9 253.9 57.3 253.1 57.8 252.3 58.2 251.4 58.8 250.5 59.3 249.6
  59.8 248.7 60.2 247.8 60.7 246.7 61.2 245.6 61.7 244.5 62.1 243.4 62.6 242.3
  63.0 241.2 63.5 240.1 63.9 239.0 64.3 237.9 64.6 237.0 65.0 236.0 65.4 235.1
  65.7 234.2 66.0 233.3 66.3 232.5 66.7 231.6 67.0 230.8 67.3 230.0 67.7 229.2
  68.1 228.4 68.5 227.7 68.8 226.9
  12  7 72  0.0
  72.5 321.4 72.3 321.4 72.2 321.5 72.1 321.5 71.9 321.6 71.8 321.8 71.7 322.1
  71.6 322.4 71.4 322.7 71.3 323.0 71.2 323.3 71.1 323.7 71.0 324.0 70.9 324.3
  70.9 324.7 70.8 325.0 70.8 325.3 70.8 325.7 70.8 326.0 70.7 326.3 70.7 326.6
  70.7 326.9 70.7 327.2 70.7 327.5 70.7 327.8 70.7 328.1 70.8 328.4 70.8 328.8
  70.9 329.2 71.0 329.7 71.1 330.2 71.2 330.7 71.2 331.3 71.3 332.0 71.4 332.7
  71.5 333.4 71.7 334.2 71.9 335.1 72.0 335.9 72.2 336.2 72.4 336.5 72.7 336.8
  72.9 337.1 73.1 337.4 73.3 337.6 73.5 337.9 73.7 338.2 73.9 338.4 74.1 338.6
  74.3 338.6 74.6 338.5 74.8 338.3 75.0 338.1 75.2 337.9 75.4 337.6 75.5 337.2
  75.7 336.7 75.9 336.2 76.0 335.6 76.1 335.0 76.2 333.5 76.3 331.8 76.4 330.0
  76.4 328.2 76.4 326.2 76.4 324.3 76.4 322.3 76.3 320.2 76.3 318.1 76.1 316.0
  75.9 313.9 75.7 312.6 75.5 311.4 75.2 310.1 74.9 308.8 74.6 307.4 74.2 306.0
  73.8 304.5 73.5 304.1 73.2 303.5 72.9 302.9 72.6 302.3 72.2 301.7 71.9 301.0
  71.6 301.1 71.3 301.2 71.1 301.2 70.8 301.3 70.5 301.3 70.2 301.2 69.9 301.2
  69.7 301.8 69.4 302.3 69.2 302.9 68.9 303.4 68.6 303.9 68.3 304.3 68.0 304.8
  67.7 305.6 67.4 306.4 67.1 307.0 66.7 307.5 66.4 307.8 66.0 308.1 65.6 308.5
  65.2 308.8 64.8 308.9 64.4 308.8 63.9 308.6 63.4 308.5 62.9 308.4 62.4 308.2
  61.9 307.9 61.3 308.1 60.8 308.1 60.3 308.0 59.7 307.8 59.1 307.7 58.5 307.3
  57.9 306.9 57.3 306.4 56.8 305.7 56.2 305.0 55.7 304.4 55.1 303.9 54.3 303.3
  53.5 302.7 52.7 302.1 51.9 301.3 51.2 300.3 50.5 299.2 49.8 298.0 49.1 296.6
  48.5 295.1 47.8 293.7 47.1 292.5 46.4 291.3 45.4 290.2 44.5 289.1 43.5 288.1
  42.6 286.9 41.6 285.8 40.6 284.5 39.6 283.2 39.1 281.8 38.5 280.3 37.9 278.8
  37.7 277.3 37.3 275.7 37.0 274.2 36.7 272.7 36.3 271.3 36.0 269.9 35.6 268.5
  35.2 267.0 35.1 265.6 34.9 264.2 34.7 262.8 35.0 261.4 35.3 260.0 35.6 258.7
  36.5 257.5 37.3 256.6 38.2 255.7 39.2 254.9 40.1 254.1 41.0 253.3 41.8 252.4
  42.6 251.4 43.7 250.4 44.7 249.4 45.7 248.4 46.7 247.3 47.6 246.2 48.5 245.1
  49.4 243.8 50.2 242.5 51.1 241.0 51.9 239.4 52.7 237.9 53.5 236.1 54.3 234.4
  55.0 232.6 55.5 230.8 55.8 228.9 56.1 226.9 56.0 225.0 56.0 223.0 55.7 221.1
  55.4 219.1 54.9 217.0 54.4 214.9 53.7 213.0 53.0 211.2 52.1 209.5 51.2 207.9
  50.4 206.6 49.5 205.2 48.7 204.1 47.9 202.9 47.5 201.9 47.0 200.9 46.5 199.9
  46.2 198.8 45.9 197.8 45.5 196.7 45.2 195.6 45.0 194.4 44.9 193.0 44.7 191.6
  44.8 190.1 44.9 188.5 44.9 186.8 45.2 185.1 45.4 183.3 45.8 181.5 46.2 179.7
  46.8 177.9 47.4 176.1 47.9 174.4 48.6 172.7 49.3 171.4 49.9 170.1 50.6 168.9
  51.3 167.9 51.8 166.9 52.5 165.9 53.1 165.0 53.8 164.1 54.5 163.1 55.1 162.0
  55.7 160.8 56.2 159.7 56.6 158.3 57.1 156.9 57.6 155.5 57.8 154.2 58.2 152.8
  58.5 151.2 58.7 149.6 58.9 148.0
  12  8 72  0.0
  72.5 321.4 72.1 321.7 71.8 322.0 71.4 322.0 71.1 322.1 70.8 322.2 70.5 322.4
  70.2 322.5 69.9 322.7 69.7 322.8 69.5 322.9 69.3 323.0 69.2 323.1 69.1 323.3
  69.0 323.5 68.9 323.7 68.8 323.9 68.8 324.1 68.8 324.3 68.8 324.5 68.8 324.7
  68.8 325.0 68.8 325.2 68.8 325.4 68.8 325.6 68.8 325.9 68.9 326.1 68.9 326.4
  68.9 326.6 68.9 326.9 69.0 327.1 69.0 327.4 69.0 327.7 69.1 328.0 69.2 328.3
  69.3 328.7 69.4 329.0 69.6 329.4 69.7 329.7 69.8 330.1 70.0 330.5 70.1 331.0
  70.2 331.5 70.4 332.1 70.6 332.7 70.8 333.4 71.0 334.0 71.2 334.7 71.4 335.3
  71.5 336.0 71.7 336.8 72.0 337.6 72.1 338.5 72.4 339.0 72.6 339.6 72.7 340.2
  72.9 340.8 73.1 341.4 73.2 342.1 73.4 342.7 73.6 343.4 73.7 344.1 73.8 344.8
  74.0 345.4 74.1 346.0 74.3 346.0 74.4 346.1 74.6 346.2 74.8 346.4 74.9 346.5
  75.1 346.8 75.2 347.0 75.4 347.3 75.6 347.7 75.7 348.0 75.9 348.3 76.0 348.5
  76.1 348.8 76.2 348.7 76.3 348.5 76.3 348.3 76.4 348.0 76.5 347.7 76.5 347.4
  76.6 347.0 76.7 346.5 76.7 346.0 76.8 345.3 76.9 344.7 77.0 343.9 77.1 343.1
  77.2 342.2 77.3 341.2 77.4 340.2 77.6 339.0 77.7 337.7 77.9 336.3 78.0 334.7
  78.2 333.1 78.3 331.3 78.3 329.5 78.3 327.5 78.2 325.5 78.2 323.4 78.0 321.2
  77.8 319.1 77.6 317.1 77.3 315.0 76.9 312.9 76.6 310.7 76.2 308.6 75.7 306.7
  75.3 305.1 74.8 303.6 74.3 302.2 73.8 300.9 73.4 300.0 72.9 299.2 72.4 298.4
  71.9 297.7 71.4 297.4 70.8 297.1 70.3 296.8 69.8 296.4 69.2 296.5 68.7 296.5
  68.1 296.4 67.5 296.3 66.9 296.3 66.3 296.4 65.7 296.3 65.1 296.4 64.4 296.4
  63.7 296.3 63.0 296.6 62.4 296.7 61.7 296.8 61.1 297.0 60.4 297.2 59.8 297.2
  59.2 297.4 58.6 297.5 58.0 297.4 57.3 297.2 56.6 297.2 55.9 297.0 55.1 297.1
  54.3 297.1 53.5 296.9 52.7 296.8 51.9 296.5 51.1 295.9 50.5 295.2 49.8 294.3
  49.2 293.2 48.5 292.0 47.7 290.8 46.7 289.8 45.7 288.8 44.7 287.9 43.6 287.0
  42.5 286.0 41.4 285.0 40.2 283.7 39.7 282.5 39.2 281.0 38.6 279.5 38.5 278.0
  38.4 276.5 38.2 275.0 38.2 273.6 38.0 272.2 37.8 270.9 37.8 269.5 37.7 268.3
  37.6 267.1 37.6 265.9 37.5 264.8 37.5 263.8 37.8 262.8 38.1 261.8 38.5 261.1
  38.8 260.5 39.1 259.8 40.0 259.1 40.9 258.6 41.7 258.0 42.4 257.3 43.1 256.6
  43.6 255.8 44.4 255.0 45.2 254.1 45.8 253.2 46.4 252.3 47.0 251.4 48.0 250.5
  48.8 249.6 49.6 248.5 50.4 247.3 51.2 246.1 52.0 244.7 52.8 243.3 53.6 241.7
  54.4 240.1 55.2 238.6 56.0 237.0 56.7 235.6 57.2 234.0 57.6 232.4 58.0 230.7
  58.1 228.9 58.1 227.5 58.1 226.1 58.0 224.7 57.9 222.7 57.6 220.7 57.3 218.7
  56.9 216.7 56.4 214.9 55.7 213.3 55.0 211.6 54.1 210.1 53.2 208.8 52.2 207.4
  51.4 206.1 50.7 204.7 49.9 203.4 49.4 202.2 49.0 201.0 48.5 199.8 48.1 198.6
  47.7 197.3 47.2 196.0 47.0 194.6 46.8 193.1 46.6 191.5 46.6 189.8 46.7 188.1
  46.8 186.3 47.0 184.5 47.3 182.7
  12  9 72  0.0
  72.5 321.4 72.2 321.6 71.8 321.7 71.5 322.3 71.2 322.8 70.8 323.1 70.4 323.3
  69.9 323.4 69.5 323.8 69.1 324.2 68.7 324.4 68.3 324.4 68.0 324.4 67.6 324.7
  67.2 325.0 66.9 325.2 66.5 325.4 66.2 325.5 65.9 325.5 65.6 325.6 65.4 325.6
  65.2 325.5 65.0 325.3 64.9 325.1 64.9 324.8 64.9 324.3 64.9 323.8 64.7 323.2
  64.5 322.6 64.4 322.1 64.2 321.4 64.1 320.8 64.1 320.2 64.0 319.5 63.8 318.8
  63.7 317.8 63.6 316.8 63.6 315.7 63.3 314.7 63.1 313.8 62.8 312.9 62.6 312.1
  62.4 311.4 62.0 310.8 61.7 310.2 61.5 309.3 61.3 308.4 61.2 307.5 61.2 306.6
  61.2 305.6 61.2 304.7 61.2 303.8 61.0 302.9 60.9 302.0 60.7 301.2 60.6 300.4
  60.4 299.6 60.1 298.9 59.8 298.2 59.5 297.0 59.2 295.8 58.9 294.5 58.6 293.3
  58.3 292.2 57.9 291.0 57.5 289.5 57.1 288.0 56.6 286.5 56.1 285.1 55.5 283.7
  54.9 282.2 54.3 280.7 53.6 279.2 53.0 277.6 52.3 276.0 51.7 274.5 51.0 272.7
  50.2 271.0 49.5 269.2 48.7 267.5 48.1 265.8 47.4 264.1 46.8 262.6 46.2 261.2
  45.5 259.8 45.1 258.6 44.6 257.4 44.0 256.3 43.5 255.3 43.2 254.2 42.8 253.1
  42.4 252.1 42.0 251.1 41.7 249.9 41.4 248.7 41.0 247.5 40.8 246.4 40.6 245.5
  40.3 244.5 39.9 243.7 39.8 242.5 39.7 241.3 39.6 240.1 39.4 238.9 39.6 237.6
  39.7 236.2 39.8 234.8 40.6 233.2 41.3 232.2 42.1 231.0 43.6 230.5 44.9 229.8
  46.3 229.6 47.5 229.8 48.6 230.1 49.7 230.7 50.7 231.3 51.7 232.2 52.3 233.1
  53.0 234.0 53.7 235.0 54.4 236.0 55.1 236.6 55.8 237.2 56.5 237.7 57.2 238.0
  57.9 238.3 58.7 238.7 59.5 238.9 60.2 239.1 61.0 239.1 61.8 239.2 62.6 239.3
  63.4 239.0 64.3 238.8 65.2 238.2 66.1 237.7 67.0 237.0 67.9 236.3 68.7 235.6
  69.5 234.5 70.3 233.4 71.0 231.9 71.7 230.3 72.3 228.6 73.0 226.7 73.6 224.8
  74.2 222.8 74.8 220.9 75.3 218.8 75.7 216.7 76.1 214.4 76.4 212.4 76.7 210.3
  76.9 208.1 77.1 205.9 77.1 203.7 77.1 201.4 77.1 199.2 77.1 197.1 77.0 195.0
  76.9 193.0 76.8 191.1 76.6 189.3 76.4 187.5 76.2 185.9 75.9 184.5 75.6 182.5
  75.3 180.7 75.0 179.0 74.6 177.6 74.2 176.2 73.7 175.0 73.3 173.6 72.9 172.4
  72.4 171.2 72.0 170.1 71.5 168.8 71.0 167.6 70.5 166.5 70.0 165.5 69.5 164.2
  68.9 163.1 68.5 162.0 68.0 161.0 67.5 160.0 67.0 159.0 66.6 158.1 66.3 157.1
  65.9 156.2 65.5 155.2 65.2 154.3 65.0 153.3 64.7 152.3 64.4 151.3 64.1 150.3
  63.9 149.4 63.6 148.2 63.4 147.1 63.2 146.0 62.9 145.0 62.7 143.9 62.6 142.9
  62.5 141.9 62.4 140.9 62.3 140.0 62.2 139.2 62.3 138.3 62.4 137.5 62.5 136.7
  62.5 135.8 62.6 135.0 62.7 134.2 62.8 133.4 62.9 132.7 63.0 131.9 63.0 131.2
  63.0 130.6 63.0 130.0 63.0 129.4 63.0 128.8 63.0 128.2 63.0 127.6 63.0 127.1
  63.1 126.6 63.1 126.1 63.1 125.7 63.1 125.2 63.2 124.8 63.2 124.4 63.2 124.0
  63.3 123.7 63.3 123.3 63.3 122.9 63.3 122.6 63.4 122.2 63.4 121.9 63.4 121.5
  63.4 121.2 63.4 120.9 63.4 120.6
  12 10 72  0.0
  72.5 321.4 72.2 321.7 72.0 322.0 71.8 322.8 71.6 323.7 71.4 324.5 71.2 325.2
  71.1 326.0 70.9 326.8 70.8 327.5 70.6 328.2 70.6 328.9 70.5 329.6 70.5 330.3
  70.4 331.0 70.3 331.6 70.2 332.2 70.1 332.8 70.0 333.3 69.9 333.8 69.8 334.7
  69.7 335.4 69.5 336.0 69.4 336.6 69.3 337.0 69.2 337.4 69.1 337.6 69.0 337.8
  68.9 338.0 68.9 338.1 68.9 338.1 68.9 338.1 68.9 338.1 69.0 338.0 69.1 337.9
  69.2 337.7 69.3 337.4 69.4 337.1 69.6 336.8 69.7 336.6 69.9 336.3 70.1 336.1
  70.2 335.9 70.3 335.7 70.4 335.6 70.5 335.5 70.6 335.4 70.6 335.3 70.7 335.3
  70.9 335.3 71.0 335.4 71.0 335.5 71.1 335.6 71.2 335.8 71.2 336.0 71.4 336.3
  71.5 336.6 71.6 336.9 71.7 337.2 71.8 337.6 71.9 338.0 71.9 338.5 72.0 338.9
  72.1 339.2 72.2 339.4 72.2 339.7 72.3 339.9 72.4 340.2 72.5 340.5 72.6 340.8
  72.7 341.1 72.8 341.4 72.9 341.8 73.0 342.1 73.2 342.4 73.3 342.8 73.4 343.3
  73.6 343.8 73.8 344.3 74.0 344.9 74.2 345.6 74.4 345.9 74.7 346.4 74.9 346.8
  75.1 347.4 75.4 348.0 75.6 348.6 75.7 349.3 75.9 349.9 76.0 350.6 76.2 350.7
  76.3 350.9 76.4 351.0 76.5 351.1 76.6 351.1 76.6 351.1 76.7 351.0 76.7 350.9
  76.7 350.8 76.8 350.6 76.8 350.4 76.8 350.1 76.9 349.7 76.9 349.3 76.9 348.9
  76.9 348.4 77.0 347.8 77.0 347.2 77.0 346.4 77.0 345.6 77.1 344.8 77.1 344.0
  77.1 343.2 77.1 342.4 77.1 341.6 77.2 340.7 77.2 339.9 77.2 339.0 77.2 338.1
  77.2 337.1 77.2 336.1 77.3 335.1 77.3 333.9 77.2 332.5 77.2 331.0 77.1 329.3
  77.1 327.6 76.9 325.8 76.8 323.8 76.7 321.9 76.6 319.7 76.4 317.5 76.2 315.2
  76.0 312.7 75.9 310.2 75.6 308.6 75.4 307.0 75.1 305.3 74.8 303.7 74.5 302.1
  74.2 300.5 73.9 298.9 73.6 298.2 73.4 297.5 73.1 296.8 72.9 296.0 72.6 295.2
  72.4 294.2 72.1 293.3 71.8 292.3 71.6 292.0 71.3 291.7 71.0 291.5 70.6 291.2
  70.3 290.9 69.9 290.6 69.5 291.0 69.1 291.4 68.7 291.8 68.3 292.1 68.0 292.4
  67.7 292.7 67.4 293.4 67.1 294.1 66.8 294.8 66.4 295.5 66.1 296.2 65.9 296.9
  65.6 298.0 65.4 299.1 65.2 300.2 64.9 301.3 64.6 302.3 64.3 303.2 63.9 304.0
  63.6 305.0 63.1 305.9 62.6 306.6 62.1 307.1 61.4 307.4 60.6 308.2 59.8 308.8
  59.0 309.6 58.1 310.1 57.1 310.4 56.1 310.5 55.0 310.5 54.0 310.2 52.9 309.5
  51.9 308.9 51.0 307.9 49.8 307.0 48.6 306.0 47.4 305.1 46.2 304.0 44.6 302.9
  43.1 301.6 41.7 299.9 40.6 297.8 39.5 295.8 38.8 293.7 38.1 291.6 37.1 289.6
  36.0 287.8 34.7 285.8 33.3 283.7 32.6 281.7 32.0 279.6 31.9 277.8 31.9 276.2
  31.8 274.7 31.9 273.4 31.9 272.2 31.9 271.0 31.9 269.9 31.9 268.7 31.8 267.6
  31.8 266.5 31.7 265.3 31.7 264.1 31.6 262.9 31.8 261.7 32.0 260.5 32.3 259.2
  32.8 257.9 33.5 256.7 34.2 255.7 35.0 254.7 35.9 253.8 36.9 252.9 38.0 252.2
  39.2 251.5 40.0 250.8 40.8 250.1 41.6 249.4 42.5 248.7 43.5 247.8 44.3 247.0
  45.1 246.0 46.0 244.9 47.0 243.8
  12 11 72  0.0
  72.5 321.4 72.4 322.1 72.3 322.9 72.2 323.7 72.1 324.5 72.0 325.3 71.9 326.2
  71.7 327.4 71.6 328.7 71.5 330.0 71.3 331.4 71.2 332.9 71.1 334.4 71.1 336.0
  71.0 337.6 71.0 339.2 71.0 340.7 71.0 342.1 71.0 343.6 71.0 344.9 71.0 346.2
  71.0 347.5 71.0 348.6 71.0 349.7 71.1 350.8 71.1 351.7 71.2 352.6 71.3 353.5
  71.4 354.2 71.4 354.9 71.5 355.5 71.7 356.1 71.8 356.7 71.9 357.2 72.1 357.6
  72.3 357.6 72.6 357.5 72.8 357.5 73.0 357.5 73.3 357.4 73.6 357.3 73.9 357.2
  74.2 357.0 74.5 356.6 74.8 356.1 75.1 355.6 75.4 355.2 75.7 354.7 76.0 354.3
  76.2 353.8 76.5 353.3 76.8 352.9 77.1 352.5 77.3 352.1 77.6 351.9 77.8 351.7
  77.9 351.6 78.1 351.5 78.2 351.1 78.4 350.8 78.5 350.4 78.7 350.1 78.8 349.9
  79.0 349.6 79.1 349.4 79.3 349.2 79.4 349.0 79.6 348.9 79.7 348.7 79.9 348.6
  80.0 348.5 80.2 347.7 80.2 346.9 80.3 346.0 80.3 345.2 80.4 344.4 80.4 343.6
  80.3 342.9 80.3 342.2 80.2 341.6 80.1 341.0 80.0 340.5 79.9 340.2 79.8 339.9
  79.7 339.6 79.5 339.2 79.4 338.9 79.2 338.5 79.1 338.1 79.0 337.7 78.8 337.3
  78.7 336.8 78.6 336.3 78.5 335.8 78.4 335.2 78.2 334.6 78.0 334.0 77.9 333.3
  77.8 332.5 77.6 331.7 77.4 330.7 77.2 329.8 77.0 328.7 76.8 327.7 76.4 326.5
  76.1 325.4 75.8 324.2 75.6 323.4 75.2 322.7 74.9 321.9 74.5 321.1 74.2 320.3
  73.8 319.5 73.5 319.3 73.2 319.1 72.9 318.8 72.6 318.5 72.3 318.2 72.1 317.8
  71.8 317.4 71.6 317.3 71.4 317.0 71.2 316.8 71.0 316.6 70.9 316.4 70.7 316.2
  70.6 315.9 70.4 315.7 70.3 315.5 70.1 315.3 70.0 315.0 69.9 314.8 69.8 314.8
  69.7 314.8 69.6 314.7 69.5 314.7 69.4 314.6 69.3 314.5 69.2 314.5 69.1 314.4
  69.0 314.3 68.9 314.2 68.8 314.1 68.7 314.0 68.5 313.9 68.4 313.8 68.3 313.7
  68.1 313.7 68.0 313.7 67.8 313.7 67.7 313.7 67.5 313.8 67.3 314.0 67.2 314.2
  67.0 314.5 66.8 314.8 66.5 315.2 66.3 315.6 66.1 316.0 65.9 316.5 65.7 317.1
  65.4 317.8 65.2 318.4 65.0 319.1 64.7 319.8 64.4 320.4 64.2 321.1 63.9 321.8
  63.7 322.7 63.4 323.8 63.1 324.9 63.0 326.0 62.9 327.1 62.7 328.2 62.6 329.3
  62.4 330.4 62.2 331.4 62.0 332.4 61.8 333.3 61.6 334.1 61.3 334.8 61.0 335.4
  60.7 335.8 60.3 336.2 60.1 336.5 59.9 336.7 59.7 336.4 59.6 336.0 59.5 335.7
  59.3 335.3 59.1 334.8 59.0 334.3 58.9 333.8 58.8 333.2 58.7 332.6 58.8 331.9
  58.6 331.3 58.5 330.6 58.5 329.9 58.6 329.2 58.7 328.4 59.0 327.6 59.0 326.7
  59.0 325.8 59.2 324.8 59.4 323.7 59.3 322.8 59.3 321.9 59.3 321.1 59.3 320.3
  59.4 319.5 59.2 318.8 59.2 318.1 59.2 317.3 59.2 316.6 59.3 315.9 59.2 315.1
  59.1 314.2 59.1 313.3 59.2 312.4 59.2 311.4 59.1 310.5 59.0 309.5 58.9 308.4
  58.8 307.4 58.4 306.3 58.0 305.2 57.7 304.1 57.3 303.2 56.7 302.3 56.1 301.4
  55.6 300.5 55.1 299.6 54.6 298.7 54.2 297.7 53.8 296.8 53.4 295.6 53.1 294.5
  52.7 293.3 52.4 292.1 52.2 291.0
  12 12 72  0.0
  72.5 321.4 72.4 321.7 72.2 322.1 72.1 322.4 71.9 322.9 71.8 323.4 71.6 323.9
  71.4 324.5 71.3 325.2 71.1 325.9 71.0 326.6 70.9 327.4 70.7 328.3 70.7 329.3
  70.6 330.3 70.6 331.5 70.6 332.6 70.6 333.9 70.6 335.1 70.6 336.3 70.6 337.6
  70.7 338.9 70.7 340.1 70.7 341.4 70.7 342.6 70.7 343.9 70.7 345.2 70.7 346.4
  70.7 347.7 70.7 348.9 70.6 350.1 70.6 351.2 70.5 352.3 70.4 353.3 70.3 354.3
  70.2 355.2 70.1 356.1 70.0 356.9 69.8 357.9 69.6 358.8 69.5 359.5 69.3   0.2
  69.1   0.4 69.0   0.6 68.8   0.7 68.5   0.9 68.3   1.0 68.1   1.1 67.8   1.3
  67.6   1.2 67.3   1.2 67.1   1.2 66.8   1.1 66.6   1.1 66.3   1.0 66.0   0.9
  65.7   0.9 65.5   0.6 65.2   0.4 65.0   0.2 64.8 359.9 64.4 359.3 64.1 358.7
  63.9 358.2 63.6 357.5 63.4 356.9 63.2 356.3 63.0 355.7 62.8 355.2 62.6 354.7
  62.4 354.3 62.3 353.9 62.2 353.5 62.2 353.1 62.1 352.8 62.1 352.5 62.0 352.2
  62.0 351.9 62.0 351.5 61.9 351.1 61.9 350.7 61.9 350.3 61.9 350.0 61.9 349.6
  61.9 349.3 62.0 349.0 62.0 348.7 62.0 348.3 62.1 348.2 62.1 348.1 62.1 348.0
  62.2 347.9 62.2 347.8 62.3 347.6 62.4 347.5 62.5 347.4 62.5 347.2 62.5 347.0
  62.6 346.9 62.6 346.8 62.7 346.7 62.8 346.6 62.9 346.5 63.0 346.4 63.0 346.4
  63.1 346.3 63.2 346.3 63.3 346.2 63.5 346.2 63.6 346.2 63.7 346.2 63.8 346.2
  63.9 346.3 64.0 346.4 64.1 346.6 64.2 346.9 64.3 347.3 64.4 347.7 64.6 348.1
  64.6 348.5 64.7 349.0 64.8 349.5 64.9 349.9 65.0 350.4 65.1 350.7 65.2 351.1
  65.2 351.4 65.3 351.7 65.3 351.9 65.4 352.1 65.4 352.2 65.4 352.3 65.4 352.4
  65.4 352.4 65.4 352.4 65.4 352.5 65.4 352.6 65.4 352.8 65.3 353.0 65.3 353.2
  65.3 353.5 65.3 353.8 65.3 354.1 65.3 354.5 65.2 355.0 65.2 355.4 65.2 355.9
  65.2 356.3 65.0 356.7 64.8 357.1 64.6 357.5 64.4 357.9 64.2 358.2 64.0 358.5
  63.8 358.8 63.6 358.6 63.3 358.4 63.0 358.2 62.7 358.1 62.3 358.0 61.9 358.0
  61.5 357.7 61.1 357.5 60.6 357.4 60.1 357.3 59.5 357.4 59.0 357.0 58.5 356.6
  58.0 356.4 57.6 356.1 57.2 355.5 56.9 354.9 56.6 354.3 56.2 353.7 55.8 353.3
  55.3 352.5 54.8 351.7 54.4 351.1 54.1 350.5 53.7 349.9 53.3 349.0 52.9 348.0
  52.5 347.0 52.4 345.8 52.2 344.6 52.0 343.3 51.8 341.9 51.5 340.1 51.2 338.2
  51.0 336.3 50.7 334.4 50.6 332.4 50.4 330.4 50.4 328.2 50.4 325.9 50.2 323.6
  50.1 321.2 49.9 318.8 49.8 316.1 49.7 313.3 49.6 310.4 49.5 307.5 49.3 304.5
  49.1 301.5 49.0 298.6 48.9 295.7 48.7 293.0 48.6 290.5 48.4 288.1 48.3 285.7
  48.1 283.4 47.9 281.0 47.8 278.5 47.8 276.1 47.7 273.6 47.8 271.3 47.9 269.0
  48.0 266.7 48.1 264.5 48.3 262.5 48.5 260.6 48.7 258.6 48.9 256.7 49.1 254.9
  49.4 253.1 49.7 251.3 50.1 249.6 50.5 248.4 50.9 247.2 51.2 246.1 51.4 245.0
  51.7 243.9 51.8 242.7 51.9 241.6 52.0 240.4 52.2 239.9 52.2 239.3 52.2 238.7
  52.3 238.1 52.3 237.4 52.3 236.7
  12 13 72  0.0
  72.5 321.4 72.4 321.6 72.3 321.9 72.1 322.1 72.0 322.4 71.9 322.7 71.8 323.1
  71.7 323.4 71.6 323.7 71.5 324.0 71.3 324.3 71.2 324.7 71.1 325.0 71.0 325.3
  70.9 325.6 70.7 325.9 70.6 326.2 70.5 326.5 70.4 326.8 70.3 327.1 70.1 327.4
  70.0 327.7 69.9 328.0 69.8 328.2 69.7 328.5 69.6 328.7 69.6 329.1 69.5 329.5
  69.5 330.0 69.4 330.5 69.4 331.1 69.4 331.8 69.4 332.5 69.4 333.4 69.4 334.3
  69.4 335.2 69.4 336.2 69.4 337.3 69.4 338.4 69.4 339.4 69.4 340.5 69.4 341.5
  69.3 342.5 69.3 343.5 69.2 344.5 69.1 345.5 69.0 346.5 68.9 347.5 68.9 348.4
  68.7 349.4 68.6 350.3 68.4 351.3 68.3 352.2 68.0 353.1 67.8 354.0 67.5 354.6
  67.2 355.2 66.9 355.8 66.6 356.4 66.1 357.0 65.7 357.6 65.2 357.7 64.7 357.7
  64.2 357.8 63.7 357.8 63.2 357.2 62.7 356.6 62.2 356.0 61.7 355.4 61.1 354.3
  60.6 353.3 60.0 352.4 59.4 351.4 58.8 350.1 58.2 348.9 57.5 347.7 56.8 346.2
  56.0 344.7 55.2 343.3 54.5 341.5 53.7 339.8 53.1 337.6 52.3 335.5 51.8 333.3
  51.2 330.6 51.0 327.8 51.0 324.8 50.9 321.7 50.8 318.4 50.5 315.2 50.4 312.0
  50.5 309.0 50.7 306.0 50.9 303.2 51.1 300.4 51.3 297.8 51.5 295.2 51.6 292.7
  51.7 290.3 51.8 288.0 51.8 285.8 51.8 283.6 51.7 281.6 51.7 279.6 51.5 277.6
  51.4 275.8 51.3 274.0 51.1 272.2 51.0 270.6 50.9 269.1 50.7 267.6 50.5 266.2
  50.3 264.9 50.1 263.6 49.9 262.3 49.7 261.0 49.6 259.7 49.5 258.5 49.4 257.3
  49.3 256.2 49.2 255.1 49.1 254.1 49.0 253.2 48.9 252.4 48.8 251.6 48.8 250.9
  48.7 250.2 48.6 249.6 48.5 249.0 48.4 248.4 48.3 247.9 48.2 247.4 48.0 246.9
  47.8 246.4 47.6 245.8 47.4 245.3 47.2 244.8 47.0 244.3 46.7 243.8 46.5 243.3
  46.3 242.8 46.1 242.4 45.9 241.9 45.7 241.3 45.5 240.6 45.3 239.9 45.3 239.3
  45.2 238.7 45.1 238.2 45.1 237.7 45.0 237.3 44.8 236.9 44.7 236.6 44.5 236.2
  44.3 236.0 44.7 235.7 45.0 235.5 45.3 235.3 45.6 235.1 45.9 234.8 46.2 234.4
  46.4 234.5 46.7 234.4 46.9 234.4 47.1 234.3 47.3 234.2 47.4 234.0 47.6 233.9
  47.7 233.7 47.7 233.4 47.8 233.1 48.0 232.7 48.1 232.3 48.3 232.4 48.4 232.5
  48.6 232.5 48.9 232.4 49.1 232.3 49.4 232.0 49.7 231.7 50.6 231.3 51.5 231.3
  52.4 231.3 53.4 231.5 54.2 231.6 55.2 231.8 56.1 231.9 57.0 232.0 57.9 232.1
  58.6 232.0 59.3 232.3 60.0 232.5 60.7 232.7 61.5 232.9 62.3 233.0 63.1 233.0
  63.9 232.9 64.6 232.7 65.4 232.4 66.1 232.0 66.9 231.6 67.6 231.2 68.3 230.6
  68.9 230.1 69.5 229.4 70.1 228.7 70.6 227.9 71.2 226.9 71.6 225.8 72.1 224.4
  72.5 223.1 73.0 221.5 73.3 219.8 73.6 217.9 73.8 215.7 74.0 213.3 74.1 210.6
  74.2 208.8 74.3 206.8 74.3 204.8 74.3 202.7 74.2 200.7 74.1 198.7 73.8 196.9
  73.6 194.8 73.3 192.9 73.0 191.3 72.6 189.9 72.2 188.7 71.8 187.8 71.4 186.5
  71.0 185.4 70.6 184.4 70.1 183.6 69.6 182.9 69.2 182.1 68.7 181.5 68.2 181.0
  67.7 180.6 67.2 180.1 66.6 179.8
  12 14 72  0.0
  72.5 321.4 72.3 320.5 72.0 319.6 71.8 318.8 71.6 318.4 71.3 318.0 71.1 317.7
  70.9 317.5 70.6 317.3 70.4 317.2 70.1 317.1 69.9 317.1 69.7 317.2 69.4 317.4
  69.2 317.6 69.0 317.8 68.9 318.0 68.7 318.2 68.5 318.4 68.4 318.7 68.2 318.9
  68.1 319.1 68.0 319.3 67.9 319.6 67.9 319.7 67.8 319.9 67.7 320.0 67.7 320.2
  67.6 320.3 67.6 320.5 67.5 320.6 67.4 320.7 67.3 320.8 67.3 320.9 67.2 321.0
  67.1 321.1 67.0 321.2 66.9 321.2 66.8 321.3 66.6 321.4 66.5 321.6 66.4 321.8
  66.3 322.1 66.1 322.4 66.0 322.7 65.9 323.2 65.7 323.9 65.6 324.5 65.4 325.1
  65.2 325.8 65.1 326.5 65.0 327.2 64.9 327.8 64.8 328.4 64.8 329.0 64.8 329.6
  64.8 330.1 64.8 330.6 64.8 331.2 64.8 331.6 64.8 332.0 64.6 332.4 64.6 332.9
  64.5 333.3 64.4 333.8 64.3 334.3 64.3 334.8 64.2 335.3 64.2 335.9 64.2 336.6
  64.0 337.2 63.9 337.9 63.8 338.2 63.7 338.5 63.6 338.8 63.5 339.1 63.4 339.4
  63.3 339.6 63.3 339.9 63.3 340.1 63.2 340.3 63.1 340.5 63.0 340.6 62.9 340.8
  62.9 340.9 62.8 341.1 62.8 341.2 62.7 341.4 62.7 341.6 62.6 341.8 62.5 342.0
  62.3 342.2 62.2 342.4 62.0 342.6 61.9 342.9 61.7 342.6 61.4 342.3 61.2 342.1
  60.9 341.9 60.5 341.8 60.1 341.7 59.7 341.5 59.2 340.8 58.6 340.2 58.0 339.6
  57.4 339.0 56.8 337.8 56.1 336.7 55.3 335.7 54.6 333.9 53.9 332.2 53.2 329.9
  52.7 327.4 52.3 324.8 51.9 322.0 51.5 318.7 51.2 315.3 51.0 311.9 51.2 308.7
  51.3 305.6 51.5 302.6 51.8 299.7 52.0 297.0 52.3 294.6 52.4 292.3 52.6 290.1
  52.7 287.9 52.8 285.9 52.8 283.9 52.8 282.0 52.8 280.1 52.8 278.2 52.8 276.4
  52.9 274.6 52.9 272.9 53.0 271.4 53.0 269.9 53.0 268.4 53.0 267.1 53.0 265.7
  53.0 264.5 53.1 263.2 53.2 262.1 53.4 260.9 53.5 259.9 53.8 258.9 54.0 257.9
  54.3 257.2 54.6 256.6 54.9 256.0 55.3 255.4 55.6 254.8 56.0 254.3 56.4 254.0
  56.9 253.7 57.4 253.4 57.9 253.1 58.5 252.8 59.1 252.9 59.7 252.9 60.4 252.9
  61.1 253.3 61.7 253.6 62.4 253.9 63.1 254.5 63.8 255.0 64.4 255.6 65.1 256.3
  65.7 256.9 66.3 257.7 66.9 258.4 67.5 259.1 68.0 259.8 68.6 260.4 69.0 261.1
  69.3 261.8 69.7 262.5 70.0 263.3 70.2 264.1 70.4 264.6 70.6 265.1 70.7 265.7
  70.8 266.2 71.0 266.6 71.1 267.1 71.3 267.4 71.4 267.8 71.6 268.1 71.6 268.4
  71.7 268.6 71.7 268.8 71.8 269.0 71.8 269.1 71.9 269.2 72.0 269.3 72.1 269.2
  72.2 268.9 72.3 268.5 72.4 268.2 72.5 267.8 72.8 267.4 73.0 267.0 73.2 266.6
  73.5 266.1 73.7 265.6 74.0 265.1 74.3 264.6 74.6 264.3 75.0 263.9 75.4 263.6
  75.8 263.2 76.2 262.8 76.7 262.5 77.2 262.3 77.7 262.0 78.1 261.7 78.7 261.2
  79.3 260.7 79.8 260.1 80.3 259.4 80.9 258.6 81.5 257.6 82.0 256.6 82.7 255.4
  83.2 253.9 83.7 252.2 84.2 250.0 84.7 248.5 85.2 246.7 85.6 244.4 86.0 241.8
  86.2 238.9 86.7 238.5 87.0 238.3 87.3 238.3 87.6 238.5 87.8 239.1 88.0 240.3
  88.3 242.2 88.5 245.4 88.6 250.2
  12 15 72  0.0
  72.5 321.4 72.2 320.5 72.0 319.6 71.7 319.2 71.5 318.8 71.2 318.3 70.9 317.9
  70.5 317.5 70.2 317.1 69.8 316.6 69.5 316.7 69.1 316.8 68.7 316.9 68.3 317.0
  67.9 317.0 67.6 317.1 67.3 317.2 67.0 317.3 66.7 317.4 66.4 317.5 66.2 317.5
  65.9 317.6 65.7 317.7 65.4 317.8 65.2 317.9 65.0 318.0 64.7 318.0 64.5 318.1
  64.3 318.1 64.1 318.1 63.9 318.1 63.8 318.0 63.6 317.9 63.5 317.7 63.3 317.5
  63.2 317.2 63.1 316.8 63.0 316.5 62.9 316.1 62.8 315.7 62.7 315.3 62.6 314.9
  62.6 314.5 62.5 314.1 62.5 313.7 62.5 313.4 62.5 313.0 62.6 312.6 62.6 312.2
  62.7 311.8 62.7 311.4 62.6 311.0 62.6 310.7 62.7 310.4 62.7 310.2 62.7 310.0
  62.7 309.7 62.8 309.6 62.9 309.4 62.9 309.3 63.0 309.2 63.1 309.1 63.2 309.0
  63.3 309.1 63.4 309.2 63.6 309.4 63.7 309.7 63.8 310.1 64.0 310.5 64.2 310.9
  64.4 311.3 64.6 311.9 64.8 312.5 64.9 313.2 65.0 313.9 65.2 314.6 65.2 315.3
  65.3 315.9 65.4 316.6 65.4 317.2 65.4 317.8 65.4 318.4 65.4 319.0 65.4 319.5
  65.5 320.1 65.5 320.6 65.6 321.2 65.7 321.8 65.7 322.4 65.8 323.1 65.8 323.8
  65.9 324.5 66.0 325.3 66.1 326.1 66.1 326.9 66.2 327.8 66.3 328.7 66.4 329.7
  66.5 330.7 66.6 331.7 66.7 332.8 66.8 333.8 66.8 334.9 66.9 336.0 67.0 337.1
  67.0 338.2 67.1 339.3 67.1 340.4 67.1 341.6 67.1 342.9 67.1 344.2 67.0 345.5
  66.9 346.8 66.8 348.0 66.6 349.1 66.4 350.2 66.2 351.2 65.9 352.0 65.6 352.2
  65.2 352.4 64.8 352.5 64.4 352.6 64.0 352.7 63.6 352.8 63.1 352.3 62.6 351.9
  62.2 351.4 61.6 351.1 61.0 350.2 60.4 349.5 59.8 348.8 59.2 347.5 58.5 346.3
  57.7 345.1 57.0 343.5 56.3 342.0 55.6 340.6 55.0 338.8 54.3 337.1 53.7 335.3
  53.0 333.3 52.3 331.2 51.5 329.0 50.8 326.5 50.0 323.8 49.4 320.7 48.8 317.4
  48.2 314.2 47.7 311.1 47.4 308.4 47.1 305.7 47.0 303.1 46.9 300.4 46.8 297.9
  46.8 295.5 46.8 293.2 46.8 291.0 46.8 288.8 46.8 286.7 46.7 284.6 46.7 282.5
  46.6 280.4 46.5 278.3 46.3 276.4 46.2 274.4 45.9 272.6 45.8 270.8 45.6 269.1
  45.4 267.5 45.2 266.0 45.1 264.6 44.9 263.2 44.6 261.9 44.4 260.7 44.1 259.4
  43.8 258.3 43.5 257.0 43.2 255.7 42.9 254.5 42.7 253.3 42.4 252.1 42.1 251.0
  41.7 250.0 41.3 248.9 40.8 247.8 40.4 246.7 40.0 245.5 39.6 244.4 39.2 242.9
  39.0 241.3 38.7 239.7 38.5 238.1 38.3 236.5 38.1 235.0 38.5 233.4 39.0 231.9
  40.1 230.3 41.4 229.2 42.7 228.1 44.0 227.3 45.4 226.6 46.9 226.4 48.4 226.5
  49.9 226.9 51.3 227.4 52.6 228.3 53.7 229.2 54.8 230.1 55.9 231.0 56.9 231.8
  57.9 232.5 58.9 233.2 60.0 233.8 61.0 234.4 62.0 235.1 63.1 235.7 64.2 236.4
  65.3 237.0 66.4 237.7 67.5 238.0 68.5 238.4 69.6 238.4 70.6 238.4 71.6 238.1
  72.6 237.8 73.6 237.1 74.5 236.4 75.4 235.2 76.2 233.8 77.1 231.9 77.9 229.8
  78.6 227.3 79.2 224.5 79.8 221.3 80.3 217.7 80.8 214.1 81.2 210.1 81.5 205.8
  81.7 201.2 81.9 196.4 82.0 191.5
  12 16 72  0.0
  72.5 321.4 72.2 320.3 71.8 319.3 71.4 318.7 71.0 318.0 70.6 317.5 70.2 316.9
  69.8 316.3 69.4 316.2 69.0 316.1 68.6 316.0 68.2 315.9 67.8 315.8 67.4 316.1
  67.1 316.4 66.8 316.8 66.5 317.2 66.3 317.6 66.1 318.1 66.0 318.6 65.9 319.5
  65.8 320.4 65.6 321.4 65.5 322.5 65.3 323.6 65.2 324.7 65.0 325.8 64.7 326.8
  64.5 327.8 64.2 328.7 63.9 329.6 63.5 330.2 63.2 330.9 62.8 331.4 62.4 332.0
  62.0 332.5 61.4 332.9 60.8 333.2 60.3 333.4 59.7 333.5 59.1 333.5 58.6 333.5
  58.0 333.4 57.5 333.3 56.9 333.0 56.4 332.8 55.8 332.5 55.2 332.3 54.6 332.1
  53.9 331.9 53.6 331.8 53.3 331.5 53.0 331.3 52.7 331.0 52.3 330.7 51.9 330.3
  51.5 329.9 51.1 329.5 50.6 329.1 50.0 328.7 49.4 328.3 48.7 327.8 48.2 327.3
  47.8 326.8 47.3 325.8 46.8 324.8 46.3 323.8 46.1 322.9 45.9 321.9 45.7 320.5
  45.4 319.0 45.5 317.5 45.4 315.9 45.7 314.2 46.0 312.4 46.2 310.4 46.8 308.9
  47.3 307.3 48.0 305.6 48.6 303.9 49.2 302.4 49.8 300.9 50.4 299.4 51.0 298.2
  51.7 296.9 52.2 295.7 52.7 294.7 53.1 293.6 53.4 292.5 53.7 291.4 53.8 290.1
  54.0 288.9 54.1 287.6 54.1 286.7 54.2 285.7 54.2 284.6 54.3 283.6 54.3 282.5
  54.4 281.4 54.4 280.2 54.5 278.9 54.6 277.6 54.7 276.3 54.8 275.0 55.0 273.7
  55.1 272.4 55.2 271.1 55.5 269.8 55.8 268.5 56.0 267.3 56.4 266.0 56.8 265.0
  57.2 264.0 57.7 262.9 58.1 261.9 58.6 261.1 59.1 260.3 59.5 259.5 60.0 258.7
  60.6 258.3 61.1 257.9 61.7 257.4 62.2 256.9 62.7 256.8 63.2 256.6 63.8 256.3
  64.3 256.0 64.8 255.9 65.3 255.7 65.8 255.5 66.3 255.2 66.9 255.0 67.4 254.7
  67.8 254.4 68.3 254.1 68.8 253.9 69.2 253.6 69.7 253.4 70.1 253.0 70.5 252.8
  70.9 252.4 71.3 252.1 71.6 251.7 72.0 251.2 72.3 250.7 72.7 250.2 73.1 249.6
  73.4 249.0 73.7 248.3 74.0 247.5 74.3 246.6 74.7 245.8 75.0 245.0 75.3 244.1
  75.6 243.2 75.9 242.1 76.3 240.9 76.6 240.3 77.0 239.6 77.4 238.9 77.8 238.0
  78.1 237.1 78.6 236.6 79.0 236.0 79.4 235.3 79.8 234.5 80.2 233.6 80.6 233.1
  81.1 232.6 81.5 232.0 81.8 231.2 82.2 230.4 82.6 230.2 82.9 229.9 83.3 229.6
  83.6 229.3 83.9 229.0 84.2 228.7 84.5 229.4 84.8 230.2 85.1 231.2 85.3 232.4
  85.5 233.6 85.8 234.8 86.0 236.1 86.2 237.5 86.5 240.2 86.8 243.4 87.1 247.3
  87.4 252.2 87.6 258.3 87.8 266.1 87.9 275.7 87.9 286.9 87.9 297.7 87.7 307.0
  87.5 314.7 87.2 320.9 86.9 325.9 86.5 330.1 86.1 333.5 85.6 336.5 85.3 337.8
  84.9 339.1 84.5 340.5 84.1 342.0 83.7 343.4 83.4 343.7 83.1 344.1 82.8 344.5
  82.5 344.9 82.2 345.3 81.9 345.7 81.7 346.1 81.5 346.4 81.3 346.9 81.1 347.4
  80.9 348.0 80.8 348.6 80.6 349.1 80.5 349.7 80.3 350.2 80.2 350.7 80.1 351.2
  79.9 351.7 79.8 352.2 79.7 352.6 79.7 353.1 79.6 353.6 79.5 354.2 79.4 354.7
  79.3 355.2 79.3 355.6 79.2 356.0 79.1 356.3 79.0 356.6 78.9 356.8 78.8 356.9
  78.7 356.9 78.6 356.8 78.5 356.7
  12 17 72  0.0
  72.5 321.4 72.0 320.6 71.5 320.6 71.1 320.5 70.6 320.4 70.2 320.4 69.7 320.2
  69.3 320.6 68.8 320.9 68.4 321.1 68.0 321.3 67.6 321.4 67.2 321.8 66.9 322.2
  66.5 322.5 66.2 322.8 65.9 323.2 65.6 323.8 65.4 324.4 65.1 324.9 64.9 325.5
  64.7 326.1 64.4 326.6 64.2 327.2 64.0 327.6 63.8 328.1 63.5 328.7 63.2 329.3
  63.0 329.9 62.7 330.4 62.4 330.9 62.1 331.3 61.7 331.7 61.4 332.2 61.0 332.5
  60.6 332.8 60.2 332.9 59.7 333.1 59.2 333.3 58.7 333.6 58.2 333.7 57.6 333.8
  57.1 334.0 56.5 334.1 55.9 334.0 55.3 334.0 54.7 333.9 54.0 333.6 53.4 333.3
  52.7 333.2 52.0 333.0 51.3 332.8 50.6 332.7 49.9 332.5 49.2 332.2 48.5 331.8
  47.9 331.3 47.3 330.5 46.7 329.6 46.2 328.7 45.7 327.8 45.1 326.6 44.7 325.3
  44.5 324.0 44.3 322.7 44.3 321.2 44.3 319.7 44.5 318.1 44.6 316.5 44.8 314.7
  44.8 312.8 44.8 310.7 44.5 308.5 44.1 306.0 43.9 303.5 44.0 300.8 44.1 298.1
  44.2 295.6 44.2 293.3 44.2 291.1 44.0 288.9 43.8 286.8 43.2 284.6 42.5 282.2
  42.0 279.6 41.8 276.9 41.5 274.8 41.3 272.8 40.9 271.0 40.4 269.4 39.7 267.9
  39.3 266.3 39.0 264.9 38.5 263.4 38.7 262.0 39.0 260.6 39.3 259.4 39.5 258.2
  39.8 257.1 39.9 256.1 40.0 255.2 40.1 254.4 40.2 253.7 40.4 253.0 40.6 252.4
  40.8 251.9 41.0 251.4 41.3 250.9 41.6 250.4 41.9 250.0 42.1 249.5 42.3 248.8
  42.5 248.1 42.7 247.4 42.9 246.7 43.1 246.0 43.3 245.3 43.5 244.5 43.7 243.8
  43.9 243.1 44.1 242.3 44.3 241.4 44.5 240.4 44.8 239.5 45.0 238.5 45.2 237.6
  45.4 236.7 45.7 235.8 46.1 234.9 46.4 233.9 46.8 232.9 47.1 231.8 47.5 230.6
  47.9 229.4 48.3 228.2 48.7 226.9 49.1 225.7 49.6 224.7 50.0 223.7 50.4 222.6
  50.8 221.6 51.2 220.6 51.6 219.6 51.8 218.6 51.9 217.6 52.1 216.6 52.2 215.4
  52.3 214.4 52.3 213.4 52.3 212.5 52.4 211.7 52.3 210.8 52.3 210.0 52.2 209.2
  52.0 208.4 51.9 207.5 51.7 207.2 51.5 206.9 51.2 206.6 50.9 206.4 50.6 206.2
  50.2 206.1 49.9 205.9 49.5 206.2 49.0 206.4 48.6 206.7 48.1 206.9 47.6 207.2
  47.0 207.7 46.5 208.1 46.0 208.6 45.6 209.0 45.1 209.5 44.6 210.0 44.1 210.5
  43.6 211.0 43.1 211.5 42.6 211.9 42.1 212.4 41.8 212.8 41.6 213.1 41.3 213.3
  41.1 213.6 40.8 213.8 40.6 214.0 40.4 214.3 40.1 214.5 39.9 214.6 39.6 214.8
  39.4 214.9 39.2 215.0 38.9 215.2 38.7 215.3 38.5 215.4 38.3 215.5 38.1 215.6
  37.9 215.6 37.7 215.6 37.6 215.6 37.4 215.6 37.3 215.6 37.2 215.5 37.1 215.4
  37.0 215.4 36.9 215.3 36.9 215.2 36.8 215.1 36.8 215.0 36.7 214.9 36.7 214.8
  36.7 214.8 36.6 214.7 36.6 214.7 36.6 214.6 36.5 214.6 36.5 214.6 36.5 214.5
  36.5 214.5 36.5 214.5 36.5 214.5 36.4 214.5 36.4 214.5 36.4 214.5 36.4 214.5
  36.4 214.5 36.4 214.5 36.4 214.5 36.3 214.5 36.3 214.5 36.3 214.5 36.3 214.5
  36.3 214.4 36.2 214.4 36.2 214.4 36.2 214.3 36.1 214.3 36.1 214.2 36.0 214.1
  35.9 214.1 35.9 214.1 35.8 214.0
  12 18 72  0.0
  72.5 321.4 71.8 320.8 71.1 320.7 70.4 320.6 69.7 320.5 69.1 320.7 68.4 320.9
  67.8 321.0 67.2 321.5 66.6 321.9 66.0 322.2 65.4 322.5 64.8 323.0 64.2 323.4
  63.6 323.9 63.1 324.6 62.7 325.2 62.3 325.9 62.0 326.7 61.7 327.4 61.4 328.2
  61.0 328.9 60.6 329.6 60.2 330.3 59.7 331.0 59.3 331.5 58.9 332.2 58.3 332.8
  57.6 333.5 56.9 334.2 56.3 334.9 55.7 335.7 55.1 336.3 54.1 337.0 53.1 337.5
  52.0 337.8 50.9 337.9 49.8 337.6 48.7 337.0 47.6 336.5 46.5 335.9 45.8 335.4
  45.2 334.7 44.5 333.9 43.9 333.1 43.2 331.9 43.1 330.6 42.9 329.2 42.7 327.8
  42.8 326.3 42.9 324.8 42.9 323.3 43.1 321.7 43.3 320.0 43.6 318.1 43.9 316.2
  44.2 314.1 44.7 312.5 45.2 310.9 45.8 309.2 46.3 307.4 47.0 306.2 47.7 305.0
  48.3 303.6 49.0 302.6 49.7 301.6 50.3 300.5 50.9 299.7 51.5 298.9 52.0 298.1
  52.6 297.6 53.1 297.2 53.6 296.8 54.1 296.4 54.7 296.3 55.1 296.1 55.6 295.9
  56.0 295.7 56.3 295.5 56.7 295.4 57.0 295.4 57.4 295.3 57.8 295.2 58.1 295.1
  58.5 295.2 58.9 295.3 59.4 295.3 59.8 295.4 60.1 295.5 60.6 295.7 60.9 295.8
  61.3 296.0 61.6 296.2 61.8 296.4 62.0 296.6 62.1 296.8 62.3 297.0 62.5 297.2
  62.6 297.4 62.8 297.6 62.9 297.9 63.1 298.1 63.2 298.4 63.3 298.7 63.5 299.0
  63.6 299.3 63.8 299.6 64.0 299.9 64.1 300.2 64.2 300.3 64.3 300.5 64.4 300.6
  64.4 300.7 64.5 300.8 64.5 300.9 64.6 300.9 64.6 301.0 64.6 301.0 64.7 301.0
  64.7 300.9 64.7 300.9 64.7 300.8 64.7 300.7 64.7 300.6 64.7 300.5 64.7 300.4
  64.7 300.3 64.8 300.1 64.8 300.0 64.9 299.8 65.0 299.6 65.1 299.5 65.2 299.3
  65.3 299.1 65.4 298.9 65.5 298.8 65.6 298.8 65.7 298.8 65.9 298.8 66.0 298.9
  66.1 299.0 66.2 299.0 66.4 299.0 66.5 299.1 66.6 299.1 66.7 299.2 66.8 299.3
  66.9 299.4 67.0 299.4 67.2 299.5 67.3 299.6 67.5 299.6 67.6 299.6 67.8 299.6
  68.0 299.6 68.2 299.6 68.4 299.5 68.7 299.4 68.9 299.4 69.1 299.4 69.3 299.4
  69.5 299.5 69.7 299.7 69.9 300.0 70.1 300.3 70.2 300.6 70.4 300.9 70.6 301.3
  70.7 301.8 70.9 302.3 71.0 302.8 71.1 303.3 71.2 303.8 71.4 304.4 71.4 304.9
  71.4 305.4 71.5 305.9 71.5 306.5 71.5 307.0 71.5 307.5 71.5 308.1 71.5 308.6
  71.4 309.2 71.3 309.7 71.2 310.3 71.1 310.9 71.0 311.5 70.8 312.1 70.7 312.7
  70.5 313.3 70.3 313.9 70.1 314.5 69.9 315.1 69.7 316.0 69.6 316.9 69.4 317.9
  69.2 318.9 69.0 320.0 68.8 321.1 68.7 322.2 68.5 323.4 68.4 324.7 68.3 326.0
  68.1 327.2 68.0 328.5 67.9 329.8 67.8 331.5 67.7 333.1 67.6 334.5 67.5 335.7
  67.3 336.8 67.2 337.8 67.1 338.7 66.9 339.4 66.8 340.0 66.7 340.5 66.6 340.9
  66.5 341.2 66.4 341.5 66.3 341.7 66.3 341.9 66.3 342.0 66.3 342.1 66.4 342.2
  66.5 342.3 66.6 342.3 66.8 342.3 67.0 342.3 67.2 342.3 67.5 342.2 67.8 342.2
  68.0 342.2 68.2 342.2 68.5 342.2 68.8 342.2 69.1 342.3 69.3 342.4 69.6 342.5
  69.9 342.7 70.2 342.9 70.5 343.1
  12 19 72  0.0
  72.5 321.4 72.0 321.8 71.5 322.1 70.9 322.4 70.4 322.8 69.8 323.2 69.4 323.6
  68.9 324.0 68.2 324.5 67.6 325.0 67.0 325.5 66.5 326.0 66.0 326.5 65.5 326.9
  65.0 327.2 64.5 327.7 64.0 328.2 63.4 328.6 62.8 329.1 62.2 329.7 61.6 330.4
  61.1 330.8 60.7 331.3 60.3 331.9 60.0 332.6 59.4 333.5 58.9 333.9 58.4 334.4
  57.9 335.0 57.5 335.3 57.1 335.7 56.8 336.2 55.9 336.8 55.1 337.1 54.4 337.5
  53.6 338.0 53.0 338.1 52.3 338.2 51.6 338.4 51.0 338.3 50.3 338.2 49.6 338.2
  48.9 338.1 48.2 337.9 47.5 337.8 46.8 337.6 46.1 337.2 45.4 336.9 44.7 336.4
  44.0 335.9 43.9 335.4 43.8 334.7 43.6 334.1 43.4 333.3 43.1 332.5 42.7 331.7
  42.9 330.8 43.1 330.0 43.2 329.1 43.3 328.1 43.4 327.1 43.9 326.2 44.3 325.1
  44.8 324.5 45.2 323.8 45.7 323.1 46.2 322.4 46.7 321.9 47.1 321.4 47.5 320.9
  47.8 320.4 48.1 319.9 48.4 319.8 48.6 319.7 48.9 319.6 49.2 319.5 49.4 319.4
  49.6 319.3 49.9 319.2 50.1 319.1 50.3 319.5 50.5 319.9 50.7 320.2 50.8 320.6
  50.8 321.0 50.8 321.4 50.8 321.9 50.8 322.3 50.8 322.7 50.7 323.1 50.6 323.4
  50.4 323.8 50.3 324.2 49.8 324.6 49.4 324.6 49.0 324.6 48.5 324.6 48.0 324.5
  47.5 324.5 47.1 323.6 46.9 322.8 46.7 321.8 46.5 320.8 46.2 319.8 46.2 318.8
  46.2 317.7 46.2 316.6 46.2 315.5 46.5 314.3 46.7 313.1 47.0 311.8 47.3 310.3
  47.5 308.8 47.6 307.1 47.7 305.3 47.8 303.4 47.9 301.4 48.1 299.5 48.4 298.1
  48.7 296.7 49.0 295.4 49.4 294.0 49.8 292.6 50.1 291.2 50.2 289.9 50.3 288.6
  50.3 287.3 50.1 286.1 49.8 285.0 49.5 283.7 49.2 282.6 49.0 281.6 48.6 280.8
  48.2 280.1 47.8 279.4 47.9 277.9 47.9 276.3 47.8 274.8 47.7 273.4 47.5 272.0
  47.3 270.7 47.0 269.6 46.7 268.6 46.2 267.7 46.1 267.0 46.0 266.3 45.8 265.7
  45.7 265.0 45.5 264.3 45.2 263.5 45.2 262.7 45.1 261.9 44.9 261.0 44.7 260.1
  44.5 259.3 44.4 258.5 44.3 257.7 44.1 257.0 43.9 256.3 43.8 255.8 43.8 255.4
  43.9 254.9 43.9 254.4 43.9 253.9 43.9 253.4 43.9 252.8 43.9 252.3 43.9 251.9
  44.0 251.4 44.2 250.7 44.3 250.0 44.5 249.4 44.6 248.7 44.8 248.1 45.0 247.5
  45.4 246.9 45.7 246.3 46.1 245.7 46.6 244.9 47.0 244.2 47.5 243.4 48.0 242.7
  48.5 241.7 49.0 240.8 49.5 239.9 49.9 239.0 50.3 238.2 50.7 237.3 51.2 236.3
  51.6 235.4 52.1 234.6 52.5 233.5 53.0 232.4 53.5 231.1 53.9 229.9 54.4 228.7
  54.8 227.3 55.2 225.9 55.5 224.5 55.9 223.2 56.1 221.8 56.3 220.3 56.5 218.8
  56.5 217.2 56.4 215.5 56.1 213.8 55.9 212.2 55.7 210.9 55.5 209.7 55.3 208.5
  55.1 207.5 54.9 206.5 54.6 205.6 54.3 204.8 54.0 204.1 53.6 203.4 53.1 203.2
  52.6 202.9 52.0 202.7 51.4 202.6 50.8 202.7 50.1 202.9 49.4 203.1 48.8 203.5
  48.1 203.8 47.4 204.2 46.7 204.6 46.0 205.0 45.3 205.3 44.6 205.6 43.9 206.0
  43.2 206.2 42.6 206.4 41.9 206.7 41.3 206.8 40.7 206.9 40.1 207.1 39.4 207.2
  38.8 207.3 38.2 207.3 37.7 207.4
  12 20 72  0.0
  72.5 321.4 72.4 321.5 72.2 321.6 72.0 321.8 71.8 321.9 71.6 321.9 71.3 321.9
  71.0 322.0 70.7 322.0 70.3 322.1 69.9 322.2 69.4 322.5 69.0 322.8 68.5 323.2
  68.1 323.6 67.6 323.9 67.1 324.5 66.3 325.0 65.5 325.4 64.6 326.1 63.6 326.6
  62.6 327.2 61.4 327.7 60.0 328.1 58.3 328.4 56.3 328.4 54.4 327.7 52.6 326.5
  50.9 325.0 49.3 323.4 47.8 321.7 46.4 319.8 45.2 317.7 43.9 315.6 43.0 313.3
  41.9 311.0 41.1 308.6 40.1 306.3 39.7 304.1 39.2 301.6 39.2 299.3 39.5 297.2
  39.8 295.3 40.3 293.5 40.9 292.1 41.5 290.8 42.5 289.5 43.5 288.4 44.5 287.4
  45.6 286.5 46.6 285.6 47.5 284.7 48.4 283.8 49.2 282.8 50.0 281.9 50.8 281.0
  51.5 280.1 52.2 279.2 52.9 278.2 53.6 277.1 54.2 276.0 54.8 274.6 55.4 273.2
  56.0 271.8 56.6 270.3 57.1 268.7 57.7 267.0 58.2 265.3 58.7 263.5 59.2 261.5
  59.7 259.6 60.2 257.5 60.7 255.7 61.3 253.7 61.7 251.8 62.1 249.8 62.6 248.1
  63.0 246.4 63.2 244.7 63.5 243.0 63.7 241.4 64.0 239.8 64.1 238.3 64.4 237.0
  64.6 235.7 64.8 234.4 64.9 233.2 65.1 232.0 65.3 230.9 65.4 229.9 65.6 229.0
  65.7 228.1 65.9 227.3 66.0 226.5 66.2 226.2 66.3 225.9 66.6 225.6 66.8 225.3
  67.1 225.1 67.4 224.9 67.7 224.7 68.1 224.5 68.6 224.7 69.2 224.9 69.7 225.1
  70.3 225.3 71.0 225.8 71.7 226.2 72.3 226.7 73.0 227.3 73.7 228.0 74.3 228.7
  74.9 229.4 75.4 230.1 75.9 230.9 76.4 231.7 76.9 232.7 77.3 233.7 77.7 234.8
  78.1 236.1 78.4 237.3 78.7 238.6 79.0 240.0 79.3 241.4 79.5 242.8 79.7 244.2
  79.8 245.6 80.0 247.0 80.1 248.3 80.2 250.1 80.3 251.9 80.4 253.7 80.5 255.6
  80.5 257.5 80.5 259.3 80.5 261.1 80.5 262.9 80.5 264.7 80.5 266.5 80.5 268.3
  80.5 270.0 80.5 271.8 80.4 273.5 80.4 275.3 80.3 277.0 80.2 278.6 80.1 280.3
  79.9 281.9 79.7 282.8 79.5 283.6 79.3 284.4 79.1 285.2 78.8 286.0 78.6 286.8
  78.4 287.6 78.1 288.4 77.8 289.1 77.6 288.9 77.3 288.6 77.0 288.3 76.8 287.9
  76.5 287.6 76.3 287.2 76.1 286.9 75.9 286.5 75.7 285.3 75.5 284.1 75.4 282.9
  75.2 281.7 75.1 280.4 75.0 279.0 75.0 277.6 75.1 276.2 75.1 274.8 75.2 273.3
  75.3 271.8 75.4 270.3 75.5 268.8 75.7 267.2 75.9 265.7 76.1 264.0 76.3 263.0
  76.7 261.9 77.0 260.7 77.3 259.5 77.6 258.2 77.9 256.8 78.2 255.4 78.6 254.8
  78.9 254.2 79.2 253.5 79.6 252.7 79.8 252.0 80.2 251.1 80.5 251.0 80.9 251.0
  81.2 251.0 81.5 251.0 81.8 251.1 82.1 251.2 82.4 251.7 82.7 252.2 82.9 252.7
  83.1 253.2 83.3 253.7 83.5 254.2 83.7 254.6 83.9 255.1 84.0 255.6 84.3 256.1
  84.5 256.6 84.7 257.1 84.9 257.7 85.1 258.3 85.3 258.9 85.6 259.6 85.8 260.3
  86.0 261.1 86.1 261.9 86.4 264.8 86.7 268.1 86.8 271.8 87.0 275.8 87.1 280.1
  87.2 284.7 87.2 289.2 87.2 293.7 87.1 298.0 87.1 302.1 87.0 305.9 86.9 309.5
  86.7 312.7 86.5 315.6 86.3 318.3 86.1 320.7 85.8 322.8 85.6 322.1 85.5 321.6
  85.3 321.2 85.1 320.8 84.9 320.6
  12 21 72  0.0
  72.5 321.4 72.4 321.1 72.4 320.7 72.3 320.3 72.2 319.9 72.1 319.3 71.9 318.8
  71.8 318.3 71.7 317.8 71.5 317.3 71.4 316.7 71.2 316.2 71.1 315.7 70.9 315.1
  70.7 314.6 70.5 314.1 70.4 313.7 70.3 313.3 70.2 312.9 70.1 312.6 70.1 312.3
  70.1 312.1 70.0 311.8 70.0 311.6 70.1 311.5 70.1 311.3 70.1 311.2 70.1 311.1
  70.1 311.0 70.1 310.9 70.0 310.9 70.0 310.9 69.9 310.9 69.8 310.9 69.7 311.0
  69.6 311.1 69.5 311.3 69.3 311.4 69.2 311.6 69.1 311.8 69.0 312.0 68.9 312.2
  68.7 312.4 68.5 312.6 68.3 312.8 68.1 313.0 67.9 313.2 67.8 313.6 67.7 314.0
  67.5 314.4 67.4 314.8 67.2 315.2 67.1 315.7 66.9 316.1 66.6 316.6 66.3 317.1
  66.0 317.6 65.7 318.4 65.5 319.2 65.2 319.9 65.0 320.6 64.6 321.2 64.2 321.8
  63.8 322.5 63.5 323.1 63.1 323.8 62.7 324.4 62.2 325.1 61.8 325.9 61.5 326.4
  61.1 327.0 60.9 327.6 60.6 328.3 60.3 329.0 60.1 329.8 59.8 330.7 59.6 331.1
  59.3 331.6 59.1 332.2 58.6 333.0 58.2 333.8 57.7 334.8 57.4 335.5 57.1 336.4
  56.2 337.4 55.4 338.5 54.6 339.2 53.8 339.8 53.0 340.1 51.9 340.4 50.7 340.5
  49.5 340.7 48.3 340.7 47.1 340.7 45.8 340.6 44.5 340.3 43.2 340.1 41.7 339.9
  41.2 339.2 40.5 338.5 39.7 337.8 38.9 336.5 38.0 335.1 37.7 333.3 37.3 331.3
  37.7 329.2 38.0 327.0 38.7 325.0 39.4 323.0 40.1 320.8 40.8 319.1 41.6 317.3
  42.4 315.6 43.3 314.2 44.2 312.7 44.9 311.6 45.8 310.4 46.6 309.1 47.3 308.1
  48.1 307.0 48.9 306.1 49.7 305.2 50.4 304.2 51.0 303.5 51.5 302.8 52.0 302.0
  52.5 301.7 52.9 301.3 53.4 300.9 53.7 300.6 54.1 300.2 54.4 300.1 54.7 300.0
  55.0 299.9 55.4 299.9 55.7 299.8 56.1 299.8 56.4 299.9 56.8 300.1 57.0 300.3
  57.2 300.5 57.5 300.8 57.7 301.1 57.9 301.5 58.1 301.9 58.4 302.5 58.6 303.0
  58.8 303.7 59.0 304.3 59.0 304.9 59.0 305.6 59.0 306.3 58.9 307.0 58.9 307.7
  58.9 308.4 58.6 309.1 58.3 309.7 58.0 310.3 57.7 310.9 57.4 311.1 57.1 311.3
  56.7 311.5 56.4 311.6 56.1 311.7 55.7 311.7 55.3 311.5 55.0 311.2 54.6 310.8
  54.2 310.5 53.7 310.1 53.3 309.3 53.0 308.6 52.7 307.8 52.5 306.9 52.4 306.0
  52.4 305.0 52.3 303.9 52.4 302.7 52.6 301.3 52.7 299.7 52.8 297.9 52.8 296.0
  52.9 294.1 53.0 292.2 53.1 290.4 53.1 288.7 53.1 287.1 53.2 285.5 53.2 284.0
  53.2 282.4 53.3 280.8 53.3 279.2 53.3 277.6 53.3 276.0 53.2 274.6 53.1 273.2
  53.1 271.8 53.0 270.6 52.8 269.4 52.7 268.2 52.6 267.1 52.5 266.1 52.3 265.1
  52.1 264.1 51.9 263.2 51.8 262.0 51.7 260.8 51.6 259.5 51.6 258.3 51.6 257.1
  51.6 255.9 51.8 254.7 51.9 253.5 52.0 252.3 52.2 251.3 52.4 250.3 52.6 249.3
  52.8 248.2 53.1 247.1 53.3 246.1 53.6 245.1 54.0 244.1 54.3 243.1 54.7 242.3
  55.2 241.5 55.7 240.7 56.2 239.9 56.7 239.3 57.3 238.6 57.8 238.0 58.4 237.3
  58.9 236.8 59.5 236.3 60.1 235.8 60.8 235.5 61.4 235.1 62.0 234.7 62.7 234.4
  63.3 234.2 63.9 233.8 64.5 233.5
  12 22 72  0.0
  72.5 321.4 72.3 320.9 72.1 320.4 71.9 319.9 71.8 319.6 71.6 319.4 71.4 319.0
  71.3 318.7 71.1 318.4 71.0 318.0 70.9 317.6 70.7 317.2 70.6 316.8 70.5 316.4
  70.4 315.9 70.2 315.5 70.1 315.1 69.9 314.7 69.8 314.5 69.7 314.2 69.6 314.0
  69.5 313.8 69.4 313.6 69.3 313.4 69.2 313.2 69.1 313.0 69.0 312.8 68.9 312.6
  68.8 312.5 68.6 312.3 68.5 312.1 68.4 311.9 68.3 311.7 68.2 311.5 68.1 311.3
  67.9 311.1 67.9 311.2 67.8 311.3 67.7 311.4 67.6 311.4 67.6 311.4 67.6 311.5
  67.6 311.5 67.6 311.5 67.7 311.5 67.7 311.4 67.8 311.4 67.9 311.3 68.0 311.3
  68.1 311.2 68.2 311.1 68.3 311.0 68.3 310.9 68.4 310.9 68.4 310.8 68.4 310.8
  68.4 310.9 68.4 310.9 68.3 311.0 68.3 311.1 68.2 311.2 68.1 311.3 68.1 311.5
  68.0 311.7 67.9 311.9 67.9 312.2 67.7 312.6 67.6 313.0 67.4 313.4 67.3 313.8
  67.2 314.2 67.0 314.6 66.9 315.0 66.8 315.4 66.7 315.8 66.6 316.2 66.2 316.7
  65.9 317.2 65.6 318.0 65.4 318.8 65.1 319.6 64.8 320.4 64.3 321.0 63.9 321.7
  63.5 322.3 63.0 322.9 62.6 323.4 62.1 323.9 61.6 324.4 61.0 324.8 60.5 325.2
  59.9 325.6 59.4 325.6 59.0 325.6 58.6 325.7 58.2 325.9 57.8 326.1 57.6 325.6
  57.3 325.2 57.1 324.8 57.0 324.4 56.9 324.0 56.8 323.7 56.4 323.4 56.2 323.1
  55.9 322.8 55.8 322.1 55.7 321.3 55.8 320.6 55.8 319.8 55.6 319.0 55.5 318.3
  55.4 317.7 55.3 317.1 55.3 316.5 55.4 315.8 55.3 315.2 55.2 314.6 55.3 314.1
  55.4 313.5 55.5 312.8 55.8 312.1 56.0 311.5 56.0 310.8 56.0 310.3 56.0 309.7
  56.0 309.1 56.0 308.5 56.0 307.9 55.8 307.4 55.7 306.8 55.7 306.3 55.6 305.7
  55.6 305.1 55.5 304.5 55.5 304.0 55.5 303.5 55.5 302.9 55.5 302.5 55.5 302.0
  55.6 301.5 55.6 301.1 55.7 300.6 55.7 300.1 55.8 299.7 55.9 299.2 56.1 298.7
  56.2 298.5 56.4 298.3 56.6 298.1 56.7 297.9 56.9 297.8 57.1 297.6 57.2 297.4
  57.4 297.3 57.6 297.1 57.8 297.0 58.0 296.9 58.2 296.7 58.4 296.7 58.6 296.8
  58.8 296.8 59.0 296.8 59.2 296.9 59.5 297.0 59.7 297.2 59.9 297.3 60.1 297.5
  60.3 297.8 60.6 298.0 60.8 298.3 61.0 298.6 61.2 298.9 61.5 299.2 61.7 299.6
  61.9 300.0 62.1 300.4 62.2 300.7 62.2 300.9 62.3 301.2 62.3 301.5 62.4 301.8
  62.4 302.1 62.5 302.3 62.5 302.6 62.5 302.8 62.5 303.0 62.5 303.2 62.5 303.4
  62.5 303.5 62.4 303.7 62.4 303.8 62.3 303.8 62.2 303.9 62.2 303.9 62.1 304.0
  62.0 304.0 61.9 304.1 61.6 304.2 61.4 304.3 61.1 304.4 60.8 304.4 60.5 304.4
  60.2 304.3 59.8 304.2 59.5 304.0 59.1 303.8 58.8 303.7 58.6 303.5 58.3 303.3
  58.0 303.2 57.7 302.8 57.5 302.5 57.3 302.2 57.0 301.9 56.9 301.6 56.7 301.3
  56.6 301.0 56.5 300.7 56.4 300.5 56.3 300.3 56.3 300.0 56.3 299.9 56.3 299.7
  56.3 299.6 56.3 299.5 56.4 299.5 56.4 299.5 56.5 299.5 56.6 299.6 56.7 299.6
  56.8 299.7 56.9 299.8 57.0 299.9 57.2 300.0 57.3 300.1 57.5 300.2 57.7 300.3
  57.9 300.4 58.1 300.4 58.4 300.9
  12 23 72  0.0
  72.5 321.4 72.2 320.8 72.0 320.2 71.8 319.7 71.5 319.3 71.2 318.9 70.9 318.5
  70.7 318.1 70.4 317.7 70.1 317.3 69.9 316.9 69.7 316.6 69.4 316.2 69.2 315.8
  69.0 315.4 68.8 315.1 68.6 314.8 68.4 314.4 68.2 314.1 68.0 313.8 67.9 313.5
  67.7 313.2 67.6 312.9 67.5 312.6 67.4 312.2 67.4 311.9 67.2 311.6 67.1 311.3
  67.0 311.0 66.9 310.8 66.8 310.5 66.7 310.2 66.6 310.0 66.5 309.7 66.4 309.5
  66.3 309.2 66.2 309.0 66.1 308.8 66.0 308.6 65.9 308.4 65.8 308.2 65.8 308.0
  65.7 307.9 65.6 307.7 65.5 307.6 65.3 307.5 65.2 307.4 65.2 307.3 65.1 307.2
  65.0 307.2 64.9 307.1 64.9 307.1 64.8 307.0 64.8 306.9 64.8 306.8 64.7 306.8
  64.7 306.7 64.7 306.6 64.7 306.5 64.7 306.3 64.7 306.2 64.7 306.0 64.8 305.9
  64.8 305.7 64.9 305.6 64.9 305.4 65.0 305.2 65.1 305.1 65.2 304.9 65.3 304.7
  65.4 304.5 65.5 304.3 65.6 304.1 65.8 303.9 65.8 303.7 65.9 303.5 66.0 303.4
  66.0 303.3 66.1 303.0 66.2 302.8 66.3 302.5 66.4 302.3 66.4 302.1 66.5 301.8
  66.6 301.6 66.7 301.4 66.7 301.1 66.8 300.9 66.8 300.7 66.8 300.5 66.8 300.4
  66.8 300.3 66.8 300.2 66.7 300.1 66.7 300.1 66.6 300.0 66.5 300.1 66.4 300.1
  66.3 300.2 66.2 300.3 66.0 300.5 65.9 300.7 65.7 301.2 65.6 301.6 65.4 302.2
  65.2 302.8 65.1 303.4 64.9 304.0 64.7 304.7 64.4 305.4 64.2 306.1 63.9 306.8
  63.6 307.8 63.3 308.7 62.9 309.7 62.5 310.7 62.1 311.7 61.7 312.7 61.2 314.2
  60.8 315.6 60.3 316.9 59.8 318.2 59.2 319.1 58.7 319.7 58.1 320.2 57.7 320.7
  57.3 320.5 57.0 320.2 56.7 320.0 56.2 319.6 55.7 319.3 55.3 318.5 54.9 317.8
  54.6 317.0 54.4 316.3 54.2 315.6 53.7 315.0 53.2 314.3 52.8 313.6 52.5 313.0
  52.3 312.3 52.2 311.6 51.8 311.0 51.5 310.1 51.2 309.2 51.2 308.3 51.1 307.5
  50.7 306.6 50.3 305.8 50.0 304.9 49.7 303.8 49.2 302.7 48.7 301.7 48.2 300.7
  47.8 299.7 47.3 298.6 46.8 297.5 46.3 296.5 45.9 295.4 45.2 294.1 44.5 292.9
  43.8 291.8 42.9 290.3 42.0 288.9 41.1 287.3 40.2 285.8 39.3 284.4 38.6 282.8
  37.7 281.2 37.0 279.6 36.1 277.9 35.3 276.1 34.6 274.5 34.1 272.8 33.6 271.2
  33.3 269.9 32.9 268.5 32.5 267.2 32.3 265.8 32.1 264.5 31.8 263.1 31.9 261.8
  32.0 260.6 32.0 259.5 32.1 258.4 32.1 257.5 32.2 256.7 32.2 256.0 32.5 255.2
  32.9 254.5 33.3 253.8 33.7 253.2 34.2 252.5 34.7 252.3 35.1 252.0 35.6 251.7
  36.1 251.5 36.6 251.3 37.0 251.2 37.4 251.1 37.8 251.0 38.2 251.0 38.5 250.8
  38.8 250.8 39.1 250.7 39.4 250.7 39.6 250.7 39.8 250.7 40.1 250.6 40.3 250.2
  40.5 249.8 40.7 249.5 41.0 249.1 41.2 248.8 41.5 248.5 41.8 248.3 42.1 248.1
  42.4 247.6 42.7 247.2 43.0 246.8 43.3 246.3 43.7 245.9 44.0 245.5 44.4 244.9
  44.9 244.3 45.3 243.7 45.9 243.2 46.4 242.8 47.0 242.1 47.6 241.4 48.1 240.8
  48.8 240.1 49.4 239.4 49.9 238.7 50.5 238.1 51.1 237.3 51.7 236.5 52.3 235.7
  52.8 234.7 53.4 233.6 53.9 232.6
  12 24 72  0.0
  72.5 321.4 72.2 321.0 72.0 320.5 71.7 320.2 71.4 319.9 71.2 319.6 70.9 319.3
  70.6 319.0 70.3 318.7 70.0 318.4 69.7 318.1 69.5 317.8 69.2 317.5 68.9 317.2
  68.6 316.9 68.3 316.6 68.0 316.4 67.7 316.0 67.4 315.7 67.1 315.3 66.8 314.9
  66.5 314.6 66.2 314.2 65.9 313.7 65.6 313.0 65.4 312.3 65.1 311.5 64.8 310.8
  64.5 310.1 64.3 309.4 64.1 308.7 63.9 307.9 63.7 306.8 63.5 305.7 63.3 304.7
  63.1 303.6 62.9 302.5 62.6 301.5 62.4 300.5 62.2 299.6 61.9 298.7 61.7 297.6
  61.4 296.5 61.2 295.4 61.1 294.3 60.9 293.2 60.7 292.1 60.5 290.9 60.3 289.8
  60.0 288.8 59.8 287.7 59.6 286.6 59.3 285.4 59.1 284.4 58.9 283.3 58.7 282.3
  58.5 281.2 58.3 280.1 58.1 279.1 57.9 278.0 57.7 276.7 57.4 275.5 57.2 274.2
  57.1 272.9 57.0 271.6 57.0 270.3 57.0 268.9 57.0 267.5 57.1 266.2 57.3 264.8
  57.4 263.3 57.6 261.9 57.8 260.3 57.9 258.7 58.2 257.0 58.5 255.2 58.7 253.4
  59.0 251.5 59.3 249.5 59.6 247.6 59.9 245.7 60.2 243.8 60.4 242.2 60.7 240.5
  60.9 238.8 61.0 237.2 61.1 235.7 61.0 234.2 60.9 232.9 60.8 231.6 60.6 230.4
  60.3 229.3 60.1 228.3 59.8 227.3 59.4 226.2 58.9 225.3 58.4 224.4 57.8 223.6
  57.2 222.6 56.5 221.6 55.8 220.8 55.1 219.7 54.6 218.6 54.1 217.5 53.6 216.5
  53.1 215.3 52.8 214.1 52.4 212.9 52.1 211.8 51.7 210.7 51.4 209.7 51.0 208.8
  50.6 207.8 50.3 207.0 49.9 206.1 49.6 205.2 49.3 204.3 49.0 203.4 48.8 202.5
  48.6 201.6 48.4 200.7 48.3 199.9 48.3 199.0 48.4 198.1 48.4 197.2 48.5 196.3
  48.6 195.4 48.9 194.4 49.2 193.5 49.5 192.6 49.8 191.6 50.2 190.7 50.6 189.8
  51.0 188.9 51.4 188.0 52.0 187.3 52.5 186.5 53.1 186.1 53.8 185.6 54.6 185.2
  55.4 185.0 56.2 184.8 57.0 184.7 57.9 184.7 58.7 184.6 59.6 184.6 60.4 184.6
  61.2 185.0 62.0 185.5 62.8 186.3 63.5 187.3 64.2 188.4 65.0 189.7 65.7 191.0
  66.4 192.4 67.1 193.7 67.8 195.0 68.5 196.3 69.2 197.3 69.8 198.4 70.4 199.7
  71.0 200.6 71.5 201.6 71.9 202.6 72.4 203.8 72.9 204.3 73.3 204.9 73.7 205.4
  74.1 206.0 74.6 206.0 75.0 205.8 75.5 205.7 75.9 205.5 76.3 205.2 76.7 204.2
  77.2 203.0 77.5 201.7 77.9 200.3 78.2 198.6 78.5 196.4 78.8 194.0 79.0 191.4
  79.1 188.7 79.2 185.9 79.3 183.2 79.3 180.4 79.4 177.6 79.3 174.9 79.2 172.2
  79.1 169.6 79.0 167.1 78.7 164.7 78.5 162.5 78.2 160.4 77.8 158.4 77.4 156.8
  77.1 155.2 76.6 153.8 76.1 152.5 75.6 151.2 75.2 150.2 74.7 149.3 74.1 148.4
  73.6 147.5 73.1 146.9 72.6 146.4 72.0 145.9 71.4 145.8 70.8 145.8 70.2 145.7
  69.5 145.6 68.9 145.9 68.2 146.2 67.4 146.5 66.8 147.2 66.0 147.7 65.3 148.3
  64.6 149.2 63.8 150.2 63.0 151.5 62.2 152.8 61.2 154.0 60.2 155.5 59.2 156.9
  58.2 158.5 57.2 160.1 56.3 161.4 55.3 162.7 54.3 163.6 53.4 164.5 52.5 165.1
  51.6 165.6 50.7 165.9 49.9 166.2 49.1 166.2 48.3 166.2 47.5 166.3 46.7 166.0
  46.0 165.7 45.3 165.2 44.6 164.7
  12 25 72  0.0
  72.5 321.4 72.1 320.7 71.7 320.0 71.3 319.4 70.9 318.8 70.6 318.2 70.2 317.6
  69.8 317.0 69.5 316.4 69.1 315.8 68.8 315.2 68.4 314.6 68.1 314.0 67.7 313.5
  67.4 312.8 67.1 312.2 66.9 311.5 66.6 310.9 66.3 310.3 66.1 309.8 65.9 309.2
  65.7 308.3 65.5 307.4 65.3 306.5 65.2 305.5 65.1 304.5 64.9 303.5 64.8 302.6
  64.7 301.6 64.6 300.7 64.5 299.7 64.5 298.7 64.5 297.6 64.4 296.5 64.5 295.3
  64.3 294.1 64.2 292.8 64.1 291.4 63.9 290.2 63.8 288.7 63.6 287.2 63.5 285.8
  63.3 284.5 63.2 283.1 63.1 281.8 63.0 280.5 62.9 279.2 62.9 277.8 62.9 276.4
  62.9 274.9 62.9 273.4 62.9 271.9 63.0 270.4 63.1 268.9 63.2 267.4 63.3 265.9
  63.3 264.5 63.4 263.1 63.5 261.6 63.6 260.2 63.7 258.8 63.8 257.4 64.0 256.0
  64.2 254.6 64.5 253.5 64.7 252.4 65.0 251.3 65.2 250.2 65.5 249.0 65.8 247.9
  66.1 246.7 66.4 245.7 66.8 244.7 67.1 243.6 67.5 242.5 67.9 241.3 68.3 240.0
  68.7 238.9 69.1 237.7 69.5 236.4 69.9 235.0 70.4 233.5 70.8 232.5 71.3 231.3
  71.8 230.1 72.2 228.7 72.7 228.0 73.1 227.1 73.6 226.1 74.0 224.9 74.5 223.9
  75.0 222.9 75.5 221.7 75.9 220.4 76.4 218.9 76.9 217.8 77.4 216.5 77.8 215.2
  78.3 213.5 78.7 212.4 79.2 211.0 79.6 209.4 79.9 207.3 80.2 204.9 80.5 203.0
  80.7 201.0 81.0 198.7 81.1 196.2 81.3 193.6 81.4 190.8 81.5 187.9 81.5 185.0
  81.5 182.1 81.5 179.3 81.4 176.5 81.4 173.8 81.3 171.3 81.1 168.9 81.0 166.6
  80.8 164.5 80.7 162.4 80.5 160.5 80.4 158.6 80.2 156.9 80.0 155.4 79.8 153.3
  79.6 151.5 79.3 149.7 79.1 148.0 78.9 146.4 78.7 144.9 78.4 143.3 78.2 141.8
  78.0 140.4 77.8 139.0 77.6 137.4 77.4 135.9 77.2 134.5 76.9 133.2 76.7 131.9
  76.5 130.6 76.3 129.4 76.1 128.3 75.9 127.2 75.8 125.9 75.7 124.6 75.5 123.2
  75.4 121.9 75.2 120.5 75.0 119.1 74.8 117.7 74.6 116.3 74.4 114.8 74.1 113.4
  73.9 111.9 73.6 109.9 73.4 107.9 73.2 105.7 73.1 103.5 72.9 101.4 72.7  99.2
  72.5  97.1 72.3  95.1 72.1  93.1 72.0  91.3 71.7  89.2 71.5  87.3 71.3  85.5
  71.0  83.8 70.7  82.2 70.3  80.7 70.0  79.3 69.7  78.8 69.3  78.4 69.0  77.9
  68.7  77.4 68.3  77.0 67.9  76.5 67.6  76.1 67.2  75.7 66.9  75.2 66.6  74.8
  66.3  74.3 66.0  73.9 65.7  73.4 65.5  73.1 65.2  72.7 64.9  72.3 64.7  72.0
  64.5  71.6 64.3  71.3 64.0  70.9 63.8  70.6 63.5  70.4 63.2  70.3 62.9  70.1
  62.6  70.0 62.2  69.8 61.8  69.7 61.4  69.7 61.0  69.7 60.5  69.7 60.0  69.7
  59.5  69.7 58.9  69.8 58.4  69.9 57.8  70.0 57.2  70.1 56.6  70.2 56.0  70.3
  55.4  70.3 54.8  70.3 54.2  70.3 53.5  70.4 52.8  70.3 52.1  70.2 51.4  70.1
  50.7  69.9 49.9  69.7 49.2  69.4 48.4  69.1 47.7  68.8 47.0  68.4 46.3  67.9
  45.4  67.5 44.5  66.9 43.7  66.4 42.9  65.8 42.1  65.1 41.4  64.4 40.7  63.8
  40.2  63.1 39.8  62.4 39.4  61.8 39.0  61.2 38.6  60.5 38.2  59.9 38.2  59.2
  38.2  58.6 38.2  58.0 38.1  57.4
  12 26 72  0.0
  72.5 321.4 72.0 321.0 71.6 320.9 71.1 320.7 70.7 320.5 70.2 320.3 69.8 320.0
  69.4 319.9 69.0 319.7 68.5 319.5 68.1 319.3 67.7 319.0 67.2 318.8 66.8 318.5
  66.4 318.3 66.0 318.0 65.6 317.7 65.2 317.2 64.9 316.7 64.5 316.2 64.2 315.6
  63.7 315.0 63.3 314.1 63.0 313.1 62.6 312.1 62.2 311.0 61.7 310.0 61.3 308.7
  60.9 307.3 60.5 306.0 60.1 304.6 59.7 303.2 59.4 301.6 59.1 300.0 58.9 298.2
  58.7 296.5 58.5 294.8 58.2 293.1 57.8 291.5 57.6 289.9 57.3 288.4 56.9 286.9
  56.7 285.5 56.4 284.1 56.1 282.8 55.8 281.5 55.6 280.0 55.4 278.4 55.1 276.8
  54.9 275.3 54.7 273.7 54.5 272.3 54.4 270.9 54.4 269.4 54.3 268.0 54.2 266.6
  54.3 265.2 54.3 263.8 54.5 262.4 54.6 261.0 54.7 259.5 54.9 258.1 55.1 256.6
  55.2 255.1 55.4 253.6 55.6 252.1 55.7 250.6 55.9 249.1 56.1 247.5 56.4 246.4
  56.6 245.3 56.9 244.2 57.1 243.1 57.4 242.0 57.7 240.9 58.0 239.9 58.4 239.1
  58.8 238.4 59.1 237.8 59.5 237.1 59.8 236.4 60.1 235.8 60.5 235.3 60.8 234.9
  61.2 234.5 61.6 234.1 61.9 233.7 62.2 233.3 62.6 232.8 62.9 232.3 63.2 231.8
  63.5 231.3 63.8 230.8 64.1 230.3 64.4 229.6 64.8 228.9 65.1 228.1 65.4 227.4
  65.8 226.8 66.1 226.1 66.5 225.1 66.9 224.2 67.3 223.3 67.6 222.3 68.0 221.4
  68.3 220.4 68.7 219.1 69.1 217.8 69.6 216.6 70.0 215.3 70.5 213.8 70.9 212.2
  71.3 210.7 71.7 209.1 72.1 207.5 72.5 205.6 72.9 203.6 73.2 201.6 73.6 199.6
  73.9 197.4 74.1 195.2 74.4 192.7 74.6 190.2 74.7 187.6 74.6 185.1 74.6 182.7
  74.4 180.3 74.3 178.1 74.1 176.0 73.9 173.9 73.7 172.2 73.5 170.4 73.3 168.7
  73.1 167.1 72.9 165.5 72.6 164.0 72.4 162.5 72.2 161.1 71.9 159.8 71.6 158.8
  71.4 157.8 71.1 156.9 70.8 156.0 70.4 155.2 70.1 154.5 69.8 153.9 69.5 153.3
  69.2 152.8 68.9 152.3 68.5 151.9 68.2 151.5 68.0 151.0 67.7 150.7 67.5 150.3
  67.2 150.0 66.9 149.7 66.6 149.5 66.3 149.2 65.9 149.0 65.6 148.8 65.2 148.7
  64.9 148.5 64.5 148.3 64.1 148.1 63.8 147.9 63.6 147.8 63.3 147.7 63.1 147.6
  62.9 147.4 62.7 147.3 62.5 147.1 62.3 147.0 62.1 146.8 61.9 146.7 61.7 146.5
  61.6 146.4 61.4 146.2 61.2 146.0 60.9 145.8 60.7 145.6 60.5 145.4 60.3 145.1
  60.1 144.9 59.9 144.8 59.6 144.6 59.4 144.4 59.2 144.2 59.0 144.0 58.8 143.8
  58.6 143.7 58.5 143.5 58.3 143.4 58.1 143.3 57.9 143.1 57.7 142.8 57.5 142.4
  57.4 142.0 57.2 141.7 57.1 141.4 57.0 141.1 56.9 140.8 56.8 140.6 56.7 140.3
  56.7 140.0 56.7 139.8 56.5 139.5 56.4 139.3 56.3 139.1 56.1 138.9 56.1 138.8
  56.0 138.6 55.9 138.1 55.8 137.6 55.8 137.1 55.8 136.5 55.8 135.9 55.7 135.3
  55.6 134.7 55.5 134.1 55.4 133.6 55.4 133.0 55.3 132.5 55.2 132.0 55.1 131.5
  55.0 131.0 54.8 130.6 54.7 130.2 54.6 129.8 54.4 129.4 54.3 129.0 54.2 128.6
  54.1 128.3 54.0 127.8 54.0 127.4 53.9 126.9 53.9 126.4 53.8 125.9 53.8 125.4
  53.8 124.9 53.7 124.4 53.7 123.9
  12 27 72  0.0
  72.5 321.4 71.9 320.6 71.3 320.3 70.8 320.0 70.2 319.7 69.7 319.4 69.3 319.4
  68.9 319.2 68.5 319.0 68.1 318.8 67.6 318.5 67.3 318.1 66.9 317.7 66.5 317.2
  66.1 316.8 65.7 316.4 65.3 316.0 65.1 315.6 64.8 315.3 64.6 315.1 64.3 314.8
  64.1 314.7 63.8 314.5 63.6 314.2 63.3 314.0 63.0 313.8 62.8 313.6 62.5 313.3
  62.2 313.1 61.9 312.8 61.5 312.3 61.2 311.7 60.9 311.2 60.6 310.6 60.3 310.1
  60.0 309.6 59.6 308.8 59.2 308.0 58.7 307.3 58.5 306.5 58.2 305.6 57.9 304.8
  57.6 303.7 57.4 302.6 57.2 301.5 56.9 300.3 56.6 299.2 56.4 298.1 56.2 297.1
  55.9 296.2 55.6 294.9 55.5 293.6 55.4 292.4 55.2 291.2 55.1 289.9 55.0 288.7
  54.8 287.4 54.6 286.2 54.4 284.9 54.0 283.7 54.0 282.5 53.8 280.8 53.7 279.1
  53.8 277.5 54.0 275.8 54.3 274.1 54.5 272.8 54.7 271.4 55.0 270.0 55.3 268.6
  55.5 267.2 55.8 265.7 56.2 264.3 56.5 263.1 56.9 261.9 57.2 260.7 57.6 259.4
  57.9 258.1 58.1 256.8 58.4 255.9 58.6 254.9 58.8 254.0 59.0 253.0 59.2 252.0
  59.3 251.1 59.6 250.0 59.8 249.0 60.0 248.0 60.3 247.3 60.6 246.7 60.8 246.1
  61.1 245.5 61.3 244.9 61.5 244.4 61.6 243.8 61.9 243.3 62.1 242.8 62.4 242.4
  62.6 242.0 62.8 241.6 63.0 241.2 63.3 240.8 63.5 240.3 63.7 239.9 64.0 239.4
  64.2 238.9 64.5 238.4 64.8 237.9 65.1 237.3 65.4 236.8 65.6 236.2 65.9 235.6
  66.2 234.9 66.5 234.1 66.9 233.3 67.2 232.5 67.5 231.6 67.9 230.7 68.2 229.7
  68.7 228.8 69.1 227.8 69.5 226.8 69.9 225.7 70.3 224.5 70.8 223.3 71.2 221.9
  71.6 220.6 72.0 219.1 72.5 217.8 72.9 216.4 73.3 214.9 73.7 213.3 74.1 211.6
  74.5 210.2 74.9 208.5 75.3 206.7 75.6 204.7 75.9 202.5 76.2 200.2 76.5 198.1
  76.7 195.8 76.9 193.4 77.1 190.9 77.3 188.3 77.4 185.7 77.4 183.0 77.5 180.4
  77.5 177.9 77.4 175.4 77.4 173.0 77.3 170.7 77.2 168.5 77.2 166.3 77.1 164.2
  77.0 162.1 76.9 160.0 76.8 158.0 76.7 155.9 76.7 153.8 76.6 151.7 76.5 149.7
  76.4 147.6 76.2 145.6 76.1 143.6 76.0 141.6 75.9 139.9 75.7 138.1 75.6 136.3
  75.5 134.5 75.3 132.8 75.2 130.9 74.9 129.1 74.7 127.1 74.3 125.0 74.0 123.0
  73.7 121.3 73.3 119.6 73.0 117.8 72.7 116.0 72.3 114.2 72.0 112.3 71.7 110.4
  71.4 108.7 71.1 106.9 70.8 105.2 70.5 103.6 70.1 101.9 69.7 100.3 69.3  98.8
  69.0  97.4 68.6  96.0 68.2  94.6 67.8  93.3 67.4  92.3 67.0  91.3 66.6  90.4
  66.2  89.4 65.8  88.5 65.4  87.8 65.1  87.1 64.8  86.3 64.4  85.6 64.1  84.9
  63.7  84.2 63.4  83.6 63.1  82.9 62.8  82.3 62.4  81.8 62.1  81.2 61.8  80.7
  61.5  80.3 61.1  79.9 60.8  79.7 60.5  79.6 60.2  79.4 59.8  79.3 59.5  79.2
  59.2  79.1 58.8  78.9 58.4  78.8 58.0  78.7 57.6  78.6 57.1  78.4 56.7  78.3
  56.2  78.1 55.7  78.0 55.2  77.8 54.7  77.6 54.2  77.4 53.7  77.2 53.1  76.9
  52.6  76.5 52.1  76.2 51.5  75.9 50.9  75.3 50.3  74.8 49.6  74.3 49.0  73.6
  48.4  73.0 47.7  72.4 47.1  71.7
  12 28 72  0.0
  72.5 321.4 72.1 321.5 71.7 321.5 71.4 321.9 71.0 322.2 70.6 322.5 70.2 322.8
  69.8 323.1 69.3 323.7 68.9 324.3 68.4 324.9 67.9 325.5 67.4 326.2 66.9 326.9
  66.3 327.6 65.7 328.2 65.0 328.5 64.2 328.8 63.4 329.1 62.6 328.8 61.8 328.5
  60.9 327.4 60.3 326.4 59.7 325.4 59.1 323.9 58.9 322.2 58.6 320.6 58.4 319.0
  58.3 317.4 58.3 315.8 58.3 314.2 58.3 312.6 58.3 311.1 58.3 309.5 58.3 308.1
  58.3 306.6 58.2 305.1 58.2 303.6 58.1 302.2 58.1 300.7 58.1 299.3 58.1 297.9
  58.1 296.5 58.1 295.0 58.2 293.6 58.2 292.2 58.3 290.8 58.4 289.4 58.5 287.8
  58.5 286.2 58.6 284.6 58.7 282.9 58.7 281.2 58.8 279.5 58.9 277.8 59.0 276.1
  59.0 274.4 59.2 272.8 59.4 271.2 59.7 269.6 60.0 268.1 60.3 266.8 60.7 265.4
  61.0 264.1 61.4 262.8 61.7 261.5 62.1 260.3 62.4 259.0 62.8 257.7 63.1 256.5
  63.4 255.2 63.8 254.0 64.1 252.7 64.4 251.6 64.7 250.5 65.1 249.4 65.4 248.3
  65.7 247.3 66.0 246.2 66.3 245.1 66.6 244.2 66.9 243.3 67.2 242.5 67.5 241.6
  67.7 240.7 68.0 239.8 68.3 239.2 68.5 238.7 68.7 238.1 69.0 237.4 69.2 236.8
  69.5 236.1 69.7 235.4 70.0 234.7 70.2 234.0 70.5 233.6 70.7 233.2 71.0 232.7
  71.3 232.2 71.6 231.7 71.8 231.2 72.0 230.6 72.3 230.1 72.5 229.6 72.8 229.1
  73.0 228.6 73.2 228.0 73.4 227.3 73.6 226.7 73.8 226.0 74.0 225.2 74.2 224.6
  74.5 223.9 74.7 223.1 74.9 222.4 75.1 221.6 75.3 220.8 75.5 220.0 75.7 219.1
  75.9 218.2 76.1 217.3 76.4 216.5 76.6 215.6 76.8 214.7 77.0 213.8 77.1 212.9
  77.3 212.0 77.5 211.0 77.7 210.0 77.8 208.9 78.0 207.9 78.1 206.8 78.3 205.7
  78.5 204.6 78.7 203.4 78.9 202.1 79.0 200.8 79.2 199.4 79.3 198.0 79.4 196.5
  79.6 194.9 79.7 193.3 79.8 191.5 79.9 189.7 80.0 187.8 80.1 186.1 80.2 184.3
  80.3 182.3 80.4 180.2 80.5 178.0 80.5 175.7 80.5 173.4 80.5 171.0 80.5 168.5
  80.5 166.0 80.5 163.4 80.4 160.8 80.4 158.2 80.3 155.6 80.1 153.1 80.0 150.7
  79.8 148.0 79.6 145.3 79.4 142.7 79.1 140.1 78.8 137.5 78.4 135.1 77.9 132.9
  77.4 130.2 76.9 127.7 76.3 125.4 75.7 123.2 75.2 121.0 74.7 118.9 74.1 116.9
  73.6 114.9 73.1 113.0 72.7 111.1 72.2 109.2 71.8 107.4 71.4 105.8 71.0 104.1
  70.6 102.5 70.3 100.9 69.9  99.4 69.7  98.0 69.4  96.6 69.2  95.3 68.9  94.1
  68.7  92.9 68.5  91.7 68.2  90.6 67.9  89.5 67.7  88.7 67.4  87.9 67.1  87.1
  66.9  86.4 66.6  85.7 66.3  85.1 66.0  84.5 65.7  83.7 65.4  83.1 65.2  82.4
  64.9  81.8 64.6  81.2 64.3  80.7 64.0  80.1 63.8  79.6 63.5  79.2 63.3  78.9
  63.1  78.5 62.8  78.2 62.6  77.8 62.4  77.5 62.2  77.2 62.0  76.9 61.8  76.6
  61.6  76.3 61.4  76.1 61.3  75.8 61.1  75.6 61.0  75.3 60.8  75.1 60.6  74.8
  60.5  74.6 60.3  74.4 60.1  74.1 59.9  73.9 59.8  73.8 59.6  73.6 59.4  73.5
  59.2  73.4 59.0  73.3 58.8  73.2 58.5  73.1 58.3  73.1 58.0  73.0 57.8  73.0
  57.5  72.9 57.2  72.9 56.8  72.9
  12 29 72  0.0
  72.5 321.4 72.3 320.6 72.1 319.9 71.9 319.2 71.6 318.5 71.4 317.8 71.2 317.2
  70.9 316.7 70.7 316.2 70.5 315.8 70.3 315.5 70.1 315.1 69.9 314.8 69.8 314.7
  69.6 314.7 69.5 314.6 69.3 314.7 69.1 314.7 69.0 314.8 68.8 315.0 68.7 315.2
  68.5 315.5 68.3 315.7 68.2 316.1 67.9 316.5 67.7 316.8 67.5 317.2 67.3 317.5
  67.1 317.9 66.9 318.3 66.6 318.8 66.4 319.2 66.2 319.7 66.1 320.3 65.7 320.8
  65.4 321.0 65.1 321.3 64.8 321.6 64.5 321.9 64.2 322.2 63.9 322.6 63.6 322.1
  63.3 321.7 63.0 321.4 62.6 321.0 62.2 320.7 61.8 320.4 61.4 319.1 61.4 317.8
  61.3 316.6 61.3 315.3 61.3 314.0 61.3 312.7 61.4 311.5 61.4 310.2 61.4 308.9
  61.4 307.7 61.3 306.4 61.3 305.2 61.2 304.0 61.2 302.8 61.1 301.6 61.0 300.5
  61.0 299.4 60.9 298.3 60.9 297.2 60.9 296.1 60.9 295.0 60.9 293.9 61.0 292.8
  61.0 291.7 61.0 290.5 61.1 289.2 61.1 287.9 61.1 286.6 61.1 285.3 61.1 283.9
  61.1 282.5 61.1 281.1 61.1 279.6 61.2 278.2 61.3 276.7 61.4 275.3 61.6 273.8
  61.8 272.3 62.0 270.9 62.3 269.4 62.6 268.2 62.9 267.0 63.3 265.8 63.6 264.5
  63.9 263.2 64.3 261.8 64.6 260.7 64.9 259.5 65.2 258.3 65.6 257.0 65.9 255.8
  66.2 254.6 66.6 253.7 66.9 252.7 67.3 251.8 67.6 250.9 68.0 250.0 68.3 249.0
  68.6 248.4 68.9 247.9 69.3 247.3 69.6 246.7 69.9 246.1 70.3 245.5 70.6 245.2
  70.9 244.8 71.2 244.4 71.6 244.0 71.9 243.6 72.2 243.1 72.5 242.8 72.9 242.5
  73.2 242.3 73.6 241.9 73.9 241.6 74.2 241.3 74.5 241.0 74.8 240.6 75.1 240.3
  75.4 239.9 75.6 239.4 75.9 238.9 76.1 238.4 76.4 237.8 76.6 237.2 76.9 236.6
  77.1 236.0 77.3 235.3 77.5 234.7 77.7 234.0 77.9 233.3 78.2 232.6 78.4 231.9
  78.7 231.2 78.9 230.5 79.1 229.8 79.4 229.0 79.6 228.2 79.8 227.5 80.0 226.6
  80.3 225.4 80.5 224.1 80.7 222.8 80.9 221.5 81.0 220.1 81.2 218.8 81.3 217.4
  81.5 216.0 81.6 214.6 81.7 213.2 81.8 211.9 81.9 210.4 81.9 209.0 82.0 207.5
  82.1 205.8 82.2 204.2 82.3 202.5 82.4 200.8 82.5 199.1 82.5 197.4 82.6 195.7
  82.7 194.0 82.7 192.2 82.8 190.4 82.8 188.5 82.9 186.5 82.9 184.4 82.9 182.2
  82.9 179.9 82.9 177.6 83.0 175.2 82.9 172.7 82.9 170.2 82.9 167.6 82.9 164.9
  82.8 162.3 82.7 159.7 82.6 157.2 82.5 154.8 82.4 152.5 82.2 150.3 82.0 148.3
  81.8 145.4 81.6 142.7 81.3 140.2 81.0 137.9 80.7 135.9 80.3 134.1 79.9 132.5
  79.5 130.1 79.1 127.9 78.6 126.0 78.1 124.4 77.6 122.9 77.2 120.5 76.7 118.4
  76.3 116.4 75.8 114.6 75.3 112.3 74.9 110.2 74.4 108.2 74.0 106.5 73.6 104.5
  73.2 102.6 72.9 100.8 72.5  99.1 72.3  97.5 72.1  96.0 71.9  94.6 71.7  93.1
  71.6  91.7 71.5  90.3 71.4  89.1 71.3  88.0 71.4  86.9 71.4  86.0 71.5  85.2
  71.5  84.4 71.5  83.7 71.7  83.1 71.8  82.5 72.0  82.0 72.1  81.5 72.3  81.1
  72.4  80.6 72.6  80.2 72.8  79.9 73.1  79.8 73.4  79.7 73.8  79.6 74.1  79.5
  74.6  79.5 75.0  79.5 75.4  79.6
  12 30 72  0.0
  72.5 321.4 72.1 320.8 71.7 320.1 71.4 319.6 71.0 319.1 70.7 318.6 70.4 318.1
  70.1 317.5 69.7 317.0 69.4 316.4 69.1 315.9 68.9 315.3 68.6 314.8 68.4 314.2
  68.2 313.7 67.9 313.1 67.7 312.4 67.5 311.6 67.4 310.9 67.2 310.1 67.1 309.4
  67.0 308.7 66.8 308.0 66.8 307.3 66.8 306.6 66.7 305.9 66.7 305.2 66.7 304.6
  66.6 303.9 66.7 303.3 66.9 302.7 67.0 302.2 67.1 301.6 67.2 301.0 67.3 300.4
  67.5 299.8 67.7 299.3 67.9 298.7 68.1 298.1 68.3 297.5 68.5 296.9 68.7 296.3
  68.9 295.7 69.2 295.1 69.4 294.5 69.7 293.9 69.9 293.4 70.1 292.8 70.3 292.1
  70.5 291.4 70.8 290.7 71.1 290.0 71.4 289.3 71.6 288.6 71.9 287.9 72.2 287.2
  72.6 286.7 73.0 286.1 73.3 285.5 73.7 285.0 74.1 284.4 74.5 284.1 74.9 283.8
  75.3 283.5 75.7 283.1 76.2 282.7 76.6 282.6 77.0 282.4 77.5 282.1 77.9 281.8
  78.2 281.5 78.7 281.1 79.1 280.6 79.5 280.1 79.8 279.6 80.2 279.1 80.7 278.6
  81.1 278.2 81.5 277.7 81.9 277.2 82.2 276.7 82.6 276.4 83.0 276.1 83.4 275.7
  83.7 275.4 84.0 275.1 84.4 274.7 84.8 274.2 85.1 273.5 85.5 272.6 85.8 271.5
  86.0 270.0 86.5 269.3 86.9 268.4 87.2 267.3 87.5 265.7 87.8 263.6 88.0 260.7
  88.4 256.3 88.6 249.3 88.8 238.4 88.9 222.8 88.9 202.8 88.8 181.9 88.6 165.1
  88.4 153.2 88.1 145.3 87.8 139.9 87.5 135.9 87.2 132.9 86.8 130.7 86.4 128.9
  86.0 127.6 85.7 125.6 85.3 123.9 85.0 122.3 84.6 121.0 84.2 119.7 83.8 118.7
  83.5 117.2 83.2 115.8 82.9 114.5 82.6 113.1 82.3 111.8 82.0 110.5 81.7 109.2
  81.5 107.4 81.3 105.7 81.1 103.9 80.9 102.0 80.7 100.1 80.6  98.2 80.4  96.2
  80.3  94.2 80.2  92.2 80.2  90.3 80.1  88.4 80.1  86.6 80.1  84.8 80.1  83.0
  80.2  81.2 80.2  79.5 80.4  79.2 80.6  78.9 80.8  78.7 81.0  78.4 81.2  78.1
  81.5  77.9 81.7  77.6 81.9  77.4 82.1  77.1 82.4  77.1 82.7  77.0 83.0  76.9
  83.2  76.9 83.5  76.8 83.8  76.8 84.0  76.8 84.3  77.0 84.6  77.1 84.9  77.3
  85.2  77.5 85.4  77.7 85.6  77.9 85.8  78.1 86.0  78.3 86.3  78.5 86.5  78.7
  86.8  78.9 87.0  79.1 87.1  79.3 87.3  79.5 87.4  79.8 87.5  80.0 87.6  80.2
  87.7  85.7 87.7  91.9 87.7  98.6 87.7 105.3 87.6 111.4 87.5 116.7 87.4 121.1
  87.2 124.5 87.0 127.1 86.8 129.2 86.5 130.7 86.3 132.0 86.0 132.9 85.8 133.4
  85.5 133.7 85.3 133.8 85.1 133.8 84.8 133.7 84.5 133.6 84.3 133.3 84.0 133.0
  83.7 131.7 83.5 130.5 83.2 129.3 83.0 128.1 82.7 126.9 82.5 125.7 82.2 124.5
  81.9 123.2 81.7 121.5 81.5 119.8 81.3 118.4 81.1 117.1 81.0 115.9 80.8 115.0
  80.6 114.2 80.4 113.5 80.3 113.0 80.1 112.6 80.0 112.4 79.8 111.8 79.8 111.3
  79.7 110.9 79.7 110.5 79.6 110.1 79.5 109.8 79.5 109.5 79.4 109.3 79.3 109.0
  79.3 108.8 79.2 108.7 79.1 108.5 79.1 108.4 79.0 108.3 78.9 108.3 78.8 108.2
  78.6 108.2 78.5 108.2 78.3 108.2 78.1 108.2 77.8 108.2 77.6 107.0 77.4 105.9
  77.2 104.9 77.0 104.0 76.7 103.2
  12 31 72  0.0
  72.5 321.4 72.2 320.3 72.0 319.3 71.9 318.6 71.8 317.8 71.6 317.1 71.5 316.3
  71.4 315.6 71.4 314.9 71.4 314.2 71.3 313.4 71.3 312.7 71.3 312.0 71.3 311.2
  71.4 310.5 71.4 309.8 71.4 309.0 71.4 308.3 71.4 307.5 71.5 306.8 71.6 306.0
  71.7 305.2 71.7 304.5 71.8 303.7 72.0 302.9 72.3 302.3 72.6 301.7 72.8 301.1
  73.1 300.5 73.3 299.9 73.7 299.4 74.1 298.8 74.5 298.5 74.8 298.2 75.2 297.9
  75.6 297.6 75.9 297.3 76.2 297.1 76.6 297.1 77.0 297.1 77.3 297.1 77.6 297.1
  77.9 297.1 78.1 297.0 78.4 297.3 78.7 297.6 79.0 297.9 79.2 298.2 79.4 298.6
  79.6 298.9 79.8 299.3 80.0 299.9 80.2 300.5 80.2 301.6 80.2 302.7 80.1 303.9
  80.1 305.0 79.9 306.2 79.8 307.3 79.7 308.4 79.4 309.5 79.2 310.6 78.9 311.6
  78.7 312.3 78.3 312.8 77.9 313.1 77.6 313.1 77.2 313.0 76.9 312.9 76.5 312.6
  76.0 312.3 75.6 311.9 75.2 311.5 74.9 311.1 74.5 310.8 74.1 310.5 73.8 310.1
  73.4 309.9 73.1 309.7 72.7 309.6 72.4 309.4 72.1 309.2 71.7 309.0 71.4 308.9
  71.1 308.8 70.8 308.7 70.5 308.6 70.2 308.5 70.0 308.4 69.7 308.4 69.5 308.4
  69.3 308.4 69.1 308.5 68.9 308.5 68.8 308.5 68.6 308.6 68.5 308.6 68.3 308.7
  68.2 308.7 68.0 308.7 67.9 308.6 67.8 308.5 67.7 308.3 67.6 308.1 67.5 307.8
  67.4 307.5 67.4 307.1 67.4 306.6 67.3 306.2 67.3 305.6 67.2 305.2 67.1 304.7
  67.0 304.3 66.9 303.9 66.9 303.5 66.8 303.2 66.7 302.9 66.6 302.6 66.4 302.3
  66.3 302.0 66.1 301.8 65.9 301.6 65.8 301.2 65.6 300.8 65.5 300.3 65.4 299.9
  65.3 299.4 65.3 299.0 65.3 298.5 65.3 297.9 65.4 297.4 65.4 296.8 65.5 296.2
  65.5 295.5 65.6 294.9 65.7 294.2 65.8 293.5 65.9 292.8 66.0 292.0 66.2 291.5
  66.4 290.9 66.6 290.3 66.7 289.6 67.0 289.0 67.2 288.3 67.4 287.6 67.5 286.8
  67.7 286.1 67.8 285.4 68.0 284.6 68.1 283.9 68.3 283.2 68.5 282.5 68.6 281.8
  68.8 281.0 69.0 280.3 69.2 279.4 69.3 278.6 69.4 277.8 69.5 277.0 69.6 276.2
  69.8 275.4 69.9 274.6 70.0 273.8 70.2 273.2 70.4 272.6 70.6 271.9 70.7 271.2
  70.9 270.5 71.0 269.8 71.2 269.1 71.3 268.3 71.5 267.5 71.7 266.8 71.9 266.0
  72.1 265.3 72.3 264.8 72.6 264.3 72.8 263.9 73.1 263.3 73.4 262.8 73.6 262.2
  73.9 261.6 74.2 260.9 74.5 260.5 74.8 260.1 75.1 259.7 75.4 259.2 75.7 258.8
  76.0 258.3 76.3 257.9 76.6 257.8 76.9 257.6 77.3 257.6 77.6 257.5 77.9 257.3
  78.3 257.2 78.7 257.1 79.1 257.0 79.5 257.0 79.9 256.9 80.3 256.9 80.7 256.8
  81.2 256.8 81.6 256.9 82.0 257.0 82.5 257.1 83.0 257.4 83.4 257.7 83.7 258.3
  84.0 259.0 84.3 260.0 84.6 261.2 84.9 262.7 85.1 264.5 85.3 266.6 85.5 269.0
  85.6 271.9 85.8 275.0 85.8 278.5 85.9 282.1 85.9 285.9 85.8 289.5 85.8 292.8
  85.7 295.8 85.5 298.4 85.4 300.5 85.2 302.3 85.0 303.8 84.7 304.9 84.4 305.8
  84.1 306.5 83.8 307.0 83.5 307.6 83.3 307.9 82.9 308.2 82.6 308.3 82.3 308.4
  81.9 308.4 81.5 308.6 81.2 308.7
