   1  1 72  0.0
  72.5 321.4 71.4 319.6 70.3 318.3 69.1 317.0 68.0 316.5 66.9 316.7 65.8 316.9
  64.7 317.2 63.7 317.4 62.7 317.5 61.6 317.6 60.6 317.6 59.5 317.7 58.4 317.8
  57.2 317.8 56.0 317.7 54.8 317.5 53.6 317.2 52.4 316.8 51.2 316.3 50.0 315.6
  48.9 314.9 47.8 313.7 46.8 312.1 45.8 310.4 45.5 308.5 45.2 306.5 45.4 304.5
  45.6 302.3 45.9 300.1 46.2 297.9 46.6 295.7 47.0 293.4 47.4 291.2 47.9 289.0
  48.4 286.8 48.9 284.7 49.6 282.6 50.1 280.6 50.7 278.8 51.2 277.1 51.7 275.4
  52.1 273.9 52.6 272.3 53.1 270.8 53.5 269.4 53.9 268.0 54.4 266.7 54.7 265.4
  55.1 264.0 55.5 262.8 55.8 261.6 56.2 260.5 56.6 259.4 57.0 258.3 57.4 257.3
  57.8 256.2 58.2 255.0 58.6 253.9 59.0 252.8 59.3 251.7 59.7 250.6 60.1 249.5
  60.6 248.5 61.0 247.5 61.5 246.5 61.9 245.4 62.3 244.4 62.7 243.5 63.0 242.6
  63.3 241.8 63.6 241.0 64.0 240.2 64.3 239.6 64.7 238.8 65.0 238.0 65.4 237.0
  65.8 236.1 66.3 235.0 66.6 233.8 66.9 232.6 67.2 231.4 67.4 230.2 67.6 229.1
  67.9 228.1 68.2 227.1 68.3 226.2 68.6 225.3 68.8 224.3 69.1 223.4 69.3 222.5
  69.5 221.5 69.8 220.6 70.1 219.6 70.3 218.5 70.5 217.3 70.8 216.0 71.1 214.7
  71.3 213.5 71.5 212.3 71.7 211.2 71.8 210.2 71.9 209.2 72.0 208.3 72.1 207.3
  72.1 206.3 72.1 205.4 72.2 204.5 72.2 203.7 72.1 202.9 71.9 202.2 71.8 201.4
  71.6 200.7 71.4 200.2 71.2 199.7 70.9 199.4 70.6 199.2 70.3 199.1 70.0 199.1
  69.7 198.7 69.4 198.4 69.0 198.2 68.7 197.9 68.3 197.7 67.9 197.4 67.6 196.6
  67.1 196.0 66.7 195.5 66.3 195.3 65.8 195.2 65.3 195.0 64.8 194.9 64.3 195.0
  63.8 195.2 63.2 194.8 62.6 194.4 62.0 194.1 61.3 193.3 60.7 192.6 60.0 192.1
  59.3 191.3 58.7 190.7 58.1 190.1 57.5 189.6 57.0 188.9 56.5 188.2 56.1 187.5
  55.5 186.9 54.9 186.5 54.4 186.2 53.8 186.0 53.2 186.2 52.6 186.4 52.0 186.5
  51.4 186.8 50.7 187.1 50.0 187.4 49.3 187.6 48.5 187.7 47.7 187.7 46.9 187.4
  46.1 187.1 45.3 186.8 44.5 186.2 43.7 185.5 42.9 184.6 42.2 183.6 41.6 182.6
  41.1 181.4 40.5 180.1 40.0 178.8 39.5 177.4 39.0 175.9 38.7 174.4 38.3 172.9
  37.9 171.5 37.6 169.7 37.2 167.9 37.0 166.1 36.8 164.3 36.6 162.5 36.7 160.7
  36.8 159.0 37.3 157.2 37.8 155.5 38.3 153.7 38.8 152.1 39.3 150.4 39.7 148.8
  40.2 147.3 40.9 145.9 41.6 144.8 42.5 143.8 43.1 142.7 43.8 141.6 44.5 140.6
  45.3 139.6 45.7 138.7 46.2 137.8 46.8 136.9 47.5 136.1 48.2 135.3 48.7 134.4
  49.2 133.6 49.8 132.7 50.5 131.9 50.8 131.0 51.1 130.1 51.5 129.2 51.9 128.3
  52.4 127.5 52.5 126.5 52.6 125.6 52.8 124.7 53.0 123.8 52.9 123.0 52.8 122.1
  52.8 121.3 52.8 120.6 52.8 119.8 52.7 119.2 52.6 118.5 52.5 117.9 52.4 117.4
  52.4 116.9 52.4 116.4 52.5 115.9 52.3 115.4 52.1 115.0 51.9 114.5 51.7 114.4
  51.6 114.2 51.5 114.1 51.4 114.0 51.4 113.9 51.4 113.8 51.4 113.8 51.4 113.8
  51.5 113.8 51.6 113.9 51.7 113.9
   1  2 72  0.0
  72.5 321.4 71.7 319.8 70.9 318.6 70.1 317.6 69.1 316.8 68.2 316.1 67.2 315.6
  66.4 314.9 65.7 314.3 64.9 313.4 64.2 312.5 63.4 311.8 62.9 310.8 62.4 309.8
  61.8 309.0 61.3 308.1 60.8 307.3 60.4 306.5 60.1 305.8 59.8 305.1 59.4 304.4
  59.1 303.8 59.1 303.1 59.0 302.5 59.0 301.9 58.9 301.3 58.8 300.8 58.7 300.3
  58.5 299.9 58.7 299.5 58.8 299.1 58.9 298.7 59.0 298.4 59.0 298.1 59.0 297.9
  58.9 297.7 58.9 297.5 58.8 297.3 58.7 297.1 58.6 296.9 58.5 296.7 58.3 296.5
  58.2 296.2 58.1 295.9 58.2 295.7 58.2 295.3 58.2 295.0 58.1 294.7 58.0 294.3
  58.0 294.0 57.9 293.4 57.7 292.8 57.6 292.1 57.5 291.5 57.5 290.9 57.6 290.3
  57.6 289.6 57.5 288.9 57.5 288.2 57.4 287.5 57.7 286.7 57.9 286.0 58.0 285.1
  58.1 284.5 58.2 283.8 58.5 283.1 58.8 282.4 59.0 281.7 59.2 280.9 59.4 280.2
  59.5 279.5 60.0 278.8 60.4 278.1 60.7 277.6 61.1 277.1 61.4 276.6 61.7 276.0
  62.0 275.5 62.5 275.2 62.9 274.8 63.3 274.5 63.7 274.2 64.0 273.9 64.3 273.8
  64.6 273.8 64.9 273.8 65.1 273.9 65.4 273.8 65.6 273.8 65.8 273.7 66.0 273.6
  66.2 273.5 66.3 273.7 66.5 273.8 66.7 273.9 66.9 274.1 67.0 274.2 67.2 274.2
  67.4 274.3 67.5 274.3 67.6 274.3 67.7 274.3 67.8 274.3 67.9 274.2 68.0 274.1
  68.0 274.0 68.0 273.9 68.0 274.4 68.0 274.2 67.9 274.0 67.9 273.8 67.9 273.6
  67.9 273.4 67.9 273.1 67.9 272.9 68.0 272.6 68.0 272.4 68.1 272.3 68.2 272.1
  68.2 271.8 68.4 271.5 68.5 271.1 68.6 270.7 68.8 270.4 68.9 270.0 69.1 269.7
  69.3 269.4 69.6 269.1 69.8 268.9 70.1 268.7 70.3 268.6 70.7 268.6 71.0 268.6
  71.3 268.6 71.6 268.7 71.9 268.7 72.1 268.8 72.4 269.0 72.7 269.2 73.0 269.4
  73.3 269.7 73.5 270.0 73.8 270.3 74.0 270.6 74.3 271.3 74.5 272.0 74.7 272.8
  74.8 273.6 74.9 274.4 74.9 275.3 75.0 276.1 75.0 276.9 75.0 277.7 75.0 278.5
  75.0 279.3 75.0 280.1 75.0 280.8 75.0 281.6 75.1 282.3 75.1 283.0 75.1 283.7
  75.1 284.4 75.0 285.0 74.9 285.6 74.9 286.1 74.8 286.6 74.7 287.1 74.6 287.5
  74.5 287.8 74.3 288.1 74.2 288.4 74.1 288.6 73.9 288.9 73.8 289.1 73.7 289.2
  73.6 289.4 73.5 289.5 73.5 289.6 73.4 289.7 73.3 289.7 73.2 289.8 73.1 289.8
  73.0 289.8 72.9 289.8 72.9 289.8 72.8 289.8 72.7 289.7 72.7 289.7 72.6 289.6
  72.6 289.5 72.6 289.4 72.6 289.3 72.6 289.2 72.6 289.1 72.6 289.0 72.6 288.8
  72.6 288.6 72.6 288.4 72.6 288.1 72.5 287.9 72.6 287.6 72.7 287.2 72.7 286.9
  72.8 286.5 72.8 286.1 72.9 285.7 72.9 285.4 73.0 285.0 73.0 284.7 73.0 284.4
  73.1 284.1 73.1 283.9 73.3 283.6 73.4 283.4 73.5 283.3 73.6 283.1 73.8 283.0
  73.9 282.9 74.0 282.8 74.1 282.9 74.2 283.5 74.2 284.3 74.2 285.1 74.2 286.0
  74.2 286.9 74.1 288.0 74.1 289.1 73.9 290.2 73.8 290.9 73.7 291.7 73.6 292.4
  73.4 293.0 73.3 293.7 73.2 294.3 73.0 294.8 72.9 295.4 72.8 295.9 72.6 296.3
  72.5 296.8 72.4 297.2 72.2 297.6
   1  3 72  0.0
  72.5 321.4 72.0 319.1 71.5 316.8 70.9 314.8 70.5 313.1 69.9 311.6 69.5 310.3
  69.1 309.1 68.7 308.0 68.4 306.9 68.1 305.9 67.9 305.0 67.7 303.9 67.6 302.9
  67.5 301.9 67.4 300.9 67.2 300.0 67.1 299.2 67.1 298.4 67.1 297.6 67.0 296.9
  67.0 296.2 67.0 295.5 67.1 294.8 67.2 294.1 67.3 293.4 67.4 292.8 67.5 292.2
  67.6 291.7 67.8 291.2 68.1 290.8 68.4 290.7 68.7 290.6 69.0 290.6 69.3 290.5
  69.6 290.6 69.9 290.6 70.3 290.7 70.6 290.7 71.0 290.7 71.3 290.8 71.7 290.8
  72.0 290.9 72.4 291.0 72.7 291.2 73.0 291.5 73.3 291.8 73.6 292.1 73.7 292.5
  73.8 293.0 73.9 293.4 73.9 293.7 74.0 294.0 74.2 294.6 74.3 295.2 74.4 295.7
  74.5 296.2 74.4 296.6 74.4 296.9 74.3 297.2 74.2 297.4 74.2 297.5 74.1 297.7
  74.1 297.8 74.0 298.0 74.0 298.1 74.0 298.2 74.0 298.1 73.9 298.0 73.9 298.0
  73.9 297.9 73.9 297.9 73.9 298.0 74.0 298.0 74.0 298.1 74.0 298.2 73.9 298.3
  73.9 298.4 73.9 298.5 73.8 298.7 73.8 298.8 73.7 299.0 73.6 299.2 73.5 299.4
  73.4 299.6 73.2 299.8 73.1 299.9 72.9 300.1 72.6 300.3 72.2 300.4 71.8 300.5
  71.4 300.6 71.0 300.6 70.5 300.7 69.9 300.7 69.4 300.8 68.8 300.8 68.2 300.8
  67.5 300.8 66.9 300.8 66.3 300.8 65.7 300.8 65.1 300.7 64.5 300.7 63.9 300.6
  63.3 300.4 62.8 300.3 62.2 300.1 61.6 300.0 61.2 299.6 60.8 299.2 60.4 298.8
  59.9 298.3 59.5 297.6 59.1 296.8 58.7 295.9 58.5 295.1 58.3 294.3 58.1 293.5
  57.9 292.6 57.7 291.6 57.8 290.6 57.9 289.5 57.9 288.4 57.9 287.2 58.1 286.0
  58.2 285.2 58.4 284.4 58.5 283.6 58.8 282.9 59.1 282.2 59.5 281.5 59.8 280.8
  60.1 280.2 60.5 279.7 60.8 279.3 61.1 278.8 61.4 278.3 61.7 277.7 61.9 277.2
  62.1 276.7 62.3 276.4 62.5 276.1 62.7 275.8 63.1 275.6 63.4 275.4 63.7 275.2
  64.1 274.9 64.4 274.7 64.7 274.5 64.9 274.3 65.2 274.0 65.5 273.8 65.7 273.5
  66.0 273.2 66.3 273.1 66.6 272.9 66.9 272.8 67.2 272.6 67.5 272.4 67.8 272.2
  68.0 272.0 68.3 272.0 68.6 272.1 68.8 272.1 69.1 272.0 69.3 272.0 69.5 272.0
  69.7 272.0 70.1 271.9 70.4 272.1 70.6 272.3 70.7 272.6 70.9 272.9 71.0 273.2
  71.2 273.6 71.3 274.0 71.4 274.4 71.4 274.9 71.5 275.4 71.5 276.0 71.6 276.6
  71.6 277.2 71.6 277.7 71.6 278.3 71.6 278.8 71.6 279.2 71.6 279.7 71.5 280.1
  71.5 280.5 71.5 280.9 71.5 281.2 71.4 281.5 71.4 281.8 71.3 282.1 71.3 282.4
  71.2 282.7 71.2 283.0 71.1 283.3 71.1 283.6 71.1 283.9 71.1 284.2 71.0 284.5
  70.9 284.8 70.8 285.1 70.7 285.4 70.7 285.6 70.6 285.8 70.6 286.0 70.6 286.2
  70.6 286.3 70.6 286.4 70.6 286.4 70.6 286.5 70.7 286.4 70.8 286.4 70.8 286.3
  71.0 286.2 71.0 286.1 71.1 285.9 71.2 285.7 71.3 285.5 71.4 285.3 71.4 285.1
  71.5 284.8 71.5 284.5 71.6 284.2 71.6 283.8 71.7 283.5 71.8 283.1 71.9 282.7
  71.9 282.4 72.0 282.0 72.1 281.8 72.2 281.5 72.3 281.3 72.5 281.1 72.6 281.0
  72.7 280.8 72.8 280.7 72.9 280.6
   1  4 72  0.0
  72.5 321.4 71.5 320.2 70.5 319.5 69.6 318.9 68.8 318.7 67.9 318.5 67.1 318.7
  66.3 318.9 65.4 319.1 64.7 319.5 63.9 320.0 63.0 320.7 62.1 321.5 61.2 322.3
  60.4 323.1 59.6 323.9 58.9 324.6 58.0 325.3 57.0 325.8 56.0 326.3 55.0 326.9
  53.9 327.1 52.9 327.0 51.8 327.0 50.7 326.7 49.6 326.5 48.6 326.3 47.5 326.0
  46.5 325.4 45.5 324.9 44.5 324.0 44.2 323.0 43.8 321.9 43.4 320.7 43.0 319.4
  43.2 318.1 43.3 316.8 43.4 315.4 43.8 313.9 44.1 312.4 44.3 311.1 44.9 309.8
  45.5 308.6 46.1 307.4 46.9 306.6 47.7 305.9 48.5 305.2 49.2 304.7 49.9 304.3
  50.5 303.9 50.7 303.6 51.0 303.3 51.3 302.9 51.6 302.6 51.9 302.3 52.3 302.0
  52.7 301.7 53.1 301.4 53.5 301.2 54.0 300.9 54.4 300.6 54.9 300.2 55.2 299.7
  55.7 299.2 56.1 298.6 56.5 297.7 56.9 296.8 57.2 295.9 57.5 294.9 57.9 293.9
  58.3 292.9 58.7 291.9 59.1 290.8 59.5 289.7 59.9 288.7 60.3 287.5 60.6 286.6
  60.9 285.6 61.2 284.7 61.5 283.7 61.8 282.8 62.1 281.9 62.5 281.3 62.9 280.6
  63.4 280.0 63.8 279.4 64.2 278.7 64.6 278.4 65.0 278.2 65.4 277.9 65.9 277.6
  66.3 277.3 66.7 277.2 67.2 277.1 67.6 277.0 68.0 276.9 68.5 276.9 68.9 276.9
  69.3 277.0 69.7 277.0 70.0 277.2 70.4 277.3 70.8 277.4 71.1 277.6 71.5 277.9
  71.8 278.1 72.2 278.4 72.6 278.6 73.0 278.7 73.3 278.9 73.7 279.2 74.1 279.6
  74.5 279.8 74.9 280.0 75.3 280.3 75.7 280.7 76.1 281.2 76.5 281.1 76.8 281.0
  77.2 281.0 77.5 281.0 77.8 281.0 78.1 281.0 78.4 280.2 78.7 279.5 79.0 278.7
  79.2 278.0 79.5 277.3 79.7 276.7 80.0 276.0 80.2 275.4 80.5 274.8 80.8 274.3
  81.1 273.8 81.3 273.3 81.6 272.8 81.8 272.4 82.1 271.9 82.3 271.7 82.6 271.5
  82.8 271.3 83.1 271.1 83.3 270.9 83.5 270.7 83.7 270.5 83.9 270.4 84.1 270.3
  84.4 271.4 84.6 272.7 84.8 274.3 85.0 276.1 85.2 278.1 85.3 280.4 85.5 283.1
  85.6 286.0 85.7 289.3 85.8 292.9 85.8 296.8 85.8 301.1 85.7 305.6 85.6 310.2
  85.3 314.6 85.0 318.7 84.5 322.2 84.0 325.2 83.5 326.4 82.8 327.2 82.0 327.8
  81.1 328.2 80.1 327.4 79.1 326.8 78.1 325.3 77.0 324.0 76.0 322.5 74.9 321.3
  73.9 320.2 72.9 319.5 71.7 318.8 70.6 318.6 69.3 318.5 68.0 318.6 66.6 318.8
  65.2 318.9 63.9 318.9 62.6 319.0 61.2 319.0 59.8 319.0 58.3 318.8 56.8 318.7
  55.3 318.3 53.9 317.5 52.6 316.4 51.3 315.2 50.7 313.7 50.0 312.2 49.3 310.8
  48.9 309.2 48.4 307.7 48.2 306.2 48.0 304.7 47.9 303.1 48.1 301.2 48.3 299.4
  48.6 297.5 48.9 295.5 49.1 293.3 49.4 291.1 49.5 288.9 49.7 286.6 49.9 284.3
  50.0 282.0 50.2 279.8 50.5 277.6 50.8 275.3 51.2 273.0 51.5 270.6 51.9 268.3
  52.4 266.0 52.7 263.9 52.9 261.8 53.1 259.8 53.2 257.8 53.3 255.9 53.4 254.1
  53.4 252.3 53.4 250.6 53.4 248.9 53.4 247.4 53.4 245.9 53.4 244.5 53.4 243.2
  53.4 242.1 53.5 241.1 53.5 240.2 53.5 239.3 53.8 238.5 54.2 237.7 54.6 237.4
  55.1 237.1 55.6 236.7 56.2 236.3
   1  5 72  0.0
  72.5 321.4 71.8 319.2 71.1 317.5 70.3 316.1 69.4 314.8 68.7 314.2 67.9 313.7
  67.2 313.6 66.6 313.6 65.9 313.4 65.3 313.6 64.8 313.6 64.2 313.6 63.7 313.5
  63.2 313.7 62.8 313.8 62.3 313.9 61.9 314.0 61.4 314.3 61.0 314.6 60.6 314.7
  60.2 314.8 59.8 314.9 59.4 314.9 58.9 314.7 58.5 314.5 58.0 314.2 57.6 314.0
  57.2 313.7 56.8 313.4 56.4 313.1 56.0 312.7 55.7 312.3 55.4 311.6 55.2 310.8
  55.0 309.9 54.8 308.9 54.7 307.8 54.4 306.8 54.1 305.9 53.9 305.1 53.7 303.9
  53.4 302.8 53.2 301.8 53.0 300.8 52.8 299.7 52.7 298.7 52.6 297.5 52.5 296.4
  52.5 295.1 52.2 293.9 52.0 292.8 51.7 291.5 51.3 290.3 50.9 289.1 50.5 287.8
  50.0 286.6 49.5 285.4 49.0 284.0 48.5 282.5 47.8 281.1 47.2 279.5 46.5 278.0
  45.8 276.5 45.1 275.1 44.5 273.7 43.9 272.4 43.2 271.0 42.9 269.7 42.5 268.3
  42.0 267.0 41.8 265.8 41.6 264.4 41.2 263.1 41.4 261.9 41.5 260.6 41.6 259.4
  42.1 258.1 42.6 256.9 43.0 255.6 43.8 254.4 44.5 253.1 45.2 251.9 46.1 250.6
  47.1 249.5 48.0 248.4 48.8 247.2 49.8 246.0 50.7 244.7 51.7 243.3 52.5 241.9
  53.4 240.5 54.2 239.0 54.8 237.6 55.3 236.0 55.8 234.4 56.1 232.6 56.3 230.9
  56.4 229.2 56.4 227.5 56.4 225.7 56.3 224.0 56.2 222.3 56.0 220.7 55.9 219.1
  55.6 217.1 55.3 215.1 54.8 213.1 54.4 211.2 53.7 209.4 53.1 207.4 52.4 205.5
  51.7 203.9 51.0 202.2 50.3 200.7 49.5 199.4 48.8 198.0 48.0 196.6 47.2 195.3
  46.5 193.7 45.8 192.3 45.1 190.6 44.3 189.1 43.5 187.8 42.9 186.4 42.3 185.1
  41.7 183.8 41.5 182.2 41.3 180.6 41.1 179.1 41.2 177.5 41.3 176.0 41.6 174.5
  41.9 172.9 42.1 171.4 42.4 169.9 42.6 168.4 42.8 166.9 43.2 165.4 43.5 163.8
  43.9 162.2 44.3 160.5 44.7 158.9 45.2 157.2 45.6 155.4 46.2 153.5 46.8 151.6
  47.4 149.8 47.9 148.0 48.5 146.3 49.0 144.6 49.5 142.9 50.1 141.2 50.7 139.5
  51.3 137.9 51.9 136.2 52.5 134.6 53.1 133.2 53.7 131.9 54.2 130.7 54.6 129.7
  55.1 128.6 55.6 127.6 55.9 126.6 56.2 125.7 56.6 124.6 57.0 123.6 57.3 122.6
  57.5 121.6 57.8 120.6 58.2 119.7 58.3 118.7 58.6 117.7 58.8 116.7 59.0 115.8
  59.2 114.9 59.3 114.0 59.5 113.2 59.6 112.3 59.8 111.5 59.9 110.6 60.0 109.8
  60.2 109.1 60.3 108.5 60.4 107.8 60.5 107.2 60.5 106.6 60.5 106.1 60.6 105.5
  60.7 105.0 60.8 104.4 60.8 103.9 60.8 103.4 60.8 103.0 60.7 102.5 60.7 102.0
  60.7 101.5 60.7 101.0 60.8 100.5 60.8 100.0 60.6  99.4 60.4  98.9 60.2  98.4
  59.9  97.8 59.7  97.3 59.6  96.8 59.4  96.2 59.2  95.6 58.9  95.0 58.5  94.4
  58.2  93.7 57.8  93.1 57.6  92.3 57.3  91.6 56.9  90.8 56.5  90.1 56.1  89.3
  55.8  88.5 55.4  87.7 54.9  86.8 54.3  86.0 53.8  85.1 53.3  83.9 52.7  82.8
  52.1  81.6 51.6  80.4 51.1  79.2 50.5  78.4 50.0  77.6 49.5  76.7 49.0  75.9
  48.5  75.1 48.0  74.3 47.5  73.4 47.0  72.6 46.5  71.7 46.0  70.8 45.5  69.9
  45.0  69.0 44.5  68.1 43.9  67.2
   1  6 72  0.0
  72.5 321.4 71.7 320.6 70.9 320.4 70.0 320.1 69.2 319.9 68.4 320.2 67.5 320.4
  66.7 321.2 65.9 321.9 65.1 323.1 64.3 324.2 63.3 325.3 62.3 326.4 61.2 327.4
  60.2 328.2 59.0 329.0 57.8 329.7 56.7 330.3 55.6 330.9 54.5 331.3 53.4 331.8
  52.2 331.9 51.0 332.1 49.9 332.1 48.8 331.7 47.5 331.3 46.4 330.5 45.4 329.7
  44.7 328.5 44.1 327.1 43.6 325.7 43.1 323.9 42.7 322.0 42.4 320.1 42.0 317.9
  41.6 316.2 41.3 314.4 41.0 312.5 40.8 310.6 40.7 308.5 40.4 306.3 40.4 304.0
  40.5 301.5 40.6 299.1 40.6 296.9 40.6 294.7 40.7 292.7 40.7 290.8 40.7 288.9
  40.8 287.1 40.8 285.4 40.7 283.7 40.6 281.9 40.5 280.2 40.5 278.4 40.3 276.7
  40.1 275.1 39.7 273.5 39.3 272.2 38.9 271.0 38.5 269.7 38.1 268.5 37.7 267.2
  37.4 265.9 37.1 264.7 36.8 263.4 36.7 262.2 36.5 261.0 36.4 259.8 36.3 258.6
  36.3 257.5 36.4 256.3 36.4 255.1 36.7 253.9 37.0 252.7 37.3 251.4 37.7 250.2
  38.2 249.1 38.7 247.8 39.2 246.4 39.8 245.2 40.3 244.2 40.9 242.8 41.5 241.6
  42.1 240.5 42.8 239.0 43.5 237.8 44.2 236.7 45.0 235.3 45.8 234.1 46.6 233.0
  47.4 231.6 48.0 230.4 48.5 229.1 49.1 227.4 49.4 225.8 49.8 224.2 50.1 222.7
  50.2 220.8 50.3 219.1 50.2 217.5 50.0 216.0 49.8 214.5 49.4 213.5 48.9 212.6
  48.4 211.6 47.6 210.7 46.9 210.0 46.0 209.4 45.2 208.7 44.4 208.2 43.7 207.6
  42.8 207.0 41.9 206.4 41.1 205.9 40.3 205.4 39.5 204.9 38.8 204.5 38.1 204.1
  37.5 203.8 36.5 203.5 35.5 203.3 34.7 203.0 34.0 202.7 33.5 202.4 33.0 202.1
  32.6 201.9 32.2 201.6 31.9 201.3 31.7 201.1 31.5 201.0 31.3 201.0 31.1 200.9
  30.9 200.8 30.8 200.8 30.7 200.7 30.7 200.7 30.7 200.7 30.8 200.7 30.8 200.7
  30.9 200.7 31.1 200.7 31.2 200.8 31.4 200.8 31.6 200.9 31.8 201.0 32.0 201.1
  32.2 200.9 32.4 200.8 32.5 200.6 32.7 200.5 32.8 200.4 32.9 200.3 33.0 200.2
  33.0 200.1 33.1 200.1 33.2 200.1 33.2 200.1 33.3 200.2 33.3 200.2 33.3 200.3
  33.4 200.5 33.4 200.6 33.4 200.8 33.5 201.0 33.5 201.2 33.5 201.4 33.6 201.7
  33.6 201.9 33.6 202.2 33.7 202.4 33.7 202.6 33.8 202.7 33.8 202.8 33.9 202.9
  34.0 203.0 34.0 203.0 34.1 202.7 34.2 202.5 34.2 202.2 34.3 201.9 34.4 201.5
  34.5 201.2 34.6 200.8 34.6 200.3 34.7 199.9 34.7 199.4 34.7 198.9 34.7 198.3
  34.6 197.7 34.5 197.0 34.4 196.3 34.3 195.5 34.1 194.7 34.0 193.9 33.9 193.4
  33.8 192.9 33.8 192.5 33.8 192.0 33.8 191.6 34.0 191.1 34.3 190.7 34.6 190.2
  34.9 189.8 35.2 189.3 35.6 188.9 35.9 188.5 36.2 188.0 36.5 187.4 36.6 186.8
  36.7 186.1 36.9 185.4 37.0 184.7 37.1 183.9 37.2 183.0 37.3 182.2 37.4 181.3
  37.5 180.3 37.6 179.3 37.8 178.3 37.9 177.3 38.0 176.4 38.2 175.0 38.3 173.7
  38.5 172.4 38.6 171.1 38.8 169.9 38.9 168.6 39.1 167.4 39.3 166.3 39.5 165.0
  39.6 163.8 39.6 162.5 39.5 161.1 39.5 159.7 39.3 158.2 39.1 156.7 38.9 155.2
  38.8 153.7 38.6 152.2 38.5 150.7
   1  7 72  0.0
  72.5 321.4 71.6 321.5 70.9 321.9 70.1 322.3 69.2 322.6 68.4 323.2 67.7 323.9
  66.9 325.0 66.2 326.1 65.5 327.1 64.7 328.4 63.9 329.6 63.1 330.8 62.2 331.9
  61.3 332.8 60.5 333.6 59.7 334.2 58.9 334.7 58.1 335.3 57.3 335.8 56.5 336.3
  55.8 336.8 55.1 337.2 54.4 337.6 53.6 338.0 52.9 338.2 52.1 338.4 51.2 338.6
  50.3 338.5 49.4 338.5 48.5 338.1 47.7 337.7 46.9 337.0 46.2 336.2 45.6 335.4
  45.0 334.3 44.4 333.0 43.9 331.6 43.3 330.1 42.7 328.5 42.2 326.7 41.9 324.8
  41.5 322.8 41.6 320.8 41.6 318.6 41.8 316.5 42.0 314.4 42.1 312.3 42.3 309.9
  42.7 307.4 42.9 305.2 43.2 303.0 43.5 300.9 43.8 298.8 44.1 296.8 44.4 294.7
  44.6 292.5 44.9 290.4 44.9 288.3 44.9 286.3 44.6 284.3 44.4 282.5 44.0 280.6
  43.6 278.7 43.3 277.1 43.0 275.4 42.7 273.8 42.3 272.1 42.0 270.5 41.6 269.0
  41.2 267.6 40.8 266.2 40.3 264.9 39.8 263.6 39.3 262.5 38.8 261.4 38.2 260.3
  37.7 259.2 37.3 258.0 36.9 256.8 36.5 255.6 36.1 254.3 35.7 253.0 35.4 251.6
  35.6 250.2 35.9 248.7 36.2 247.3 37.2 245.4 38.2 243.7 39.2 242.1 40.2 240.7
  41.3 239.6 42.5 238.6 43.8 237.7 45.2 236.8 46.6 236.0 47.8 235.1 49.1 234.3
  50.4 233.3 51.6 232.3 52.7 231.1 53.7 229.9 54.5 228.5 55.4 227.2 56.0 225.8
  56.6 224.4 57.2 223.0 57.8 221.6 58.4 220.2 59.1 219.0 59.6 217.8 60.2 216.7
  60.7 215.6 61.0 214.6 61.3 213.6 61.7 212.6 62.0 211.6 62.3 210.5 62.6 209.3
  62.9 208.0 63.2 206.7 63.4 205.1 63.7 203.6 63.8 202.1 63.9 200.7 63.9 199.3
  63.8 197.9 63.7 196.7 63.6 195.5 63.4 194.3 63.2 193.2 63.0 192.2 62.8 191.1
  62.6 190.1 62.3 189.2 62.1 188.4 61.9 187.6 61.6 186.9 61.3 186.3 61.0 185.7
  60.7 185.3 60.4 184.9 60.0 184.6 59.7 184.3 59.3 183.9 58.9 183.5 58.5 183.1
  58.1 182.8 57.6 182.5 57.2 182.0 56.7 181.6 56.3 181.2 55.8 180.7 55.4 180.2
  54.9 179.6 54.6 178.9 54.3 178.3 54.1 177.5 53.8 176.7 53.6 175.8 53.4 174.8
  53.1 173.9 52.9 172.9 52.7 171.9 52.4 170.9 52.2 169.8 52.0 168.8 51.8 167.4
  51.8 165.9 51.8 164.3 51.8 162.7 51.8 161.1 51.9 159.5 52.0 157.8 52.1 156.2
  52.3 154.7 52.6 153.1 53.0 151.5 53.5 149.8 54.0 148.1 54.6 146.6 55.2 145.2
  55.7 143.8 56.2 142.5 56.8 141.8 57.4 141.0 57.9 140.2 58.5 139.3 59.0 139.1
  59.5 138.9 60.0 138.7 60.5 139.1 61.0 139.6 61.4 140.1 61.9 140.6 62.3 141.1
  62.7 142.3 63.1 143.6 63.5 144.9 63.9 146.4 64.3 147.9 64.7 149.7 65.0 151.7
  65.4 153.7 65.6 155.7 65.8 157.7 65.8 159.6 65.9 161.3 65.9 162.9 65.9 164.4
  65.9 165.7 65.9 166.9 66.0 168.1 66.1 169.4 66.1 170.8 66.2 172.2 66.3 173.5
  66.3 174.9 66.3 176.2 66.4 177.5 66.4 178.8 66.4 180.1 66.4 181.3 66.3 182.6
  66.3 183.7 66.2 184.9 66.0 186.0 65.8 187.0 65.7 187.7 65.5 188.3 65.1 189.0
  64.8 189.8 64.5 190.6 64.2 191.6 63.8 192.6 63.4 193.3 63.0 194.0 62.5 194.7
  62.0 195.3 61.5 196.0 60.7 195.8
   1  8 72  0.0
  72.5 321.4 71.9 320.5 71.3 319.6 70.6 319.0 69.9 318.4 69.2 318.0 68.5 317.7
  67.8 317.3 67.2 317.2 66.5 317.0 65.9 316.8 65.3 316.8 64.8 316.7 64.2 316.6
  63.7 316.6 63.1 317.0 62.6 317.4 62.1 317.9 61.6 318.4 61.1 319.2 60.6 319.9
  60.1 320.7 59.6 321.4 59.2 322.0 58.7 322.6 58.2 323.0 57.6 323.5 57.1 323.7
  56.6 323.9 56.0 323.9 55.4 323.8 54.7 323.6 54.0 323.3 53.3 323.0 52.6 322.5
  51.8 322.1 51.0 321.5 50.0 320.9 49.2 320.3 48.4 319.3 47.7 318.1 47.2 316.6
  46.6 314.9 46.3 313.1 46.1 311.3 45.9 309.4 45.6 307.5 45.2 305.6 44.7 303.6
  44.2 301.5 43.7 299.6 43.4 297.4 43.1 295.4 42.8 293.5 42.6 291.7 42.5 289.9
  42.3 288.1 42.1 286.2 41.8 284.4 41.4 282.4 40.8 280.4 40.1 278.5 39.4 276.8
  38.8 274.9 38.5 273.2 38.1 271.6 37.9 270.1 37.7 268.4 37.3 266.8 36.9 265.3
  36.4 263.8 36.3 262.4 36.2 261.3 36.0 260.3 35.7 258.8 36.1 257.5 36.5 256.8
  36.7 256.2 36.9 255.5 37.2 254.9 37.6 254.3 37.9 253.8 38.3 253.3 38.6 253.2
  38.9 253.2 39.2 253.2 39.5 253.2 39.8 253.1 40.1 253.0 40.3 252.9 40.5 252.8
  40.7 252.7 40.9 252.6 41.0 252.5 41.1 252.3 41.1 252.2 41.1 252.0 41.0 251.8
  41.3 251.7 41.6 251.5 41.9 251.3 42.2 251.1 42.5 251.0 42.7 250.9 43.0 250.8
  43.2 250.7 43.4 250.6 43.6 250.5 43.8 250.4 43.9 250.2 44.1 250.1 44.2 249.9
  44.4 249.7 44.6 249.5 44.8 249.2 44.9 249.0 45.1 248.7 45.2 248.4 45.4 248.1
  45.5 247.7 46.0 247.3 46.4 246.9 46.9 246.6 47.3 246.3 47.7 245.8 48.1 245.1
  48.5 244.6 48.9 243.9 49.6 243.2 50.3 242.3 50.9 241.6 51.5 240.9 51.9 240.1
  52.4 239.1 53.2 238.7 53.8 238.1 54.3 237.2 54.8 236.7 55.2 236.1 55.6 235.3
  56.1 234.3 56.5 233.7 56.8 233.1 57.2 232.5 57.5 231.8 57.9 231.1 58.2 230.2
  58.4 229.9 58.7 229.5 58.9 229.1 59.1 228.6 59.2 228.0 59.4 227.3 59.5 226.6
  59.6 225.8 59.6 224.9 59.7 223.9 59.8 222.9 59.8 221.9 59.9 220.8 59.9 219.7
  60.0 218.6 60.0 217.5 60.0 216.5 60.0 215.5 59.9 214.5 59.8 213.5 59.7 212.6
  59.5 211.8 59.3 211.0 59.0 210.3 58.7 209.7 58.5 209.0 58.2 208.5 57.8 208.0
  57.6 207.1 57.4 206.2 57.1 205.4 56.9 204.6 56.6 203.9 56.5 203.2 56.3 202.6
  56.1 202.0 55.9 201.4 55.7 200.5 55.4 199.7 55.3 199.0 55.1 198.3 54.9 197.6
  54.8 197.0 54.6 196.4 54.4 195.9 54.3 195.4 54.2 194.8 54.1 194.3 54.0 193.8
  53.9 193.2 53.8 192.5 53.7 192.0 53.5 191.4 53.4 190.8 53.2 190.3 53.1 189.8
  52.9 189.2 52.8 188.7 52.7 188.2 52.5 187.8 52.4 187.3 52.3 186.8 52.2 186.3
  52.2 185.8 52.1 185.3 52.1 184.8 52.1 184.3 52.1 183.8 52.0 183.3 51.9 182.6
  51.8 181.9 51.7 181.2 51.6 180.4 51.5 179.6 51.4 178.9 51.3 178.1 51.2 177.3
  51.2 176.6 51.1 175.8 51.0 175.1 50.9 174.5 50.8 173.8 50.7 173.2 50.6 172.5
  50.5 171.9 50.2 171.3 50.0 170.7 49.8 170.1 49.6 169.1 49.4 168.0 49.2 167.0
  48.9 166.0 48.7 164.9 48.4 163.8
   1  9 72  0.0
  72.5 321.4 71.8 321.9 71.1 322.7 70.4 323.4 69.7 324.1 69.2 325.0 68.6 325.9
  68.1 326.7 67.6 327.4 67.1 328.4 66.6 329.4 66.2 330.2 65.7 330.9 65.2 332.1
  64.8 333.2 64.3 334.2 63.8 335.0 63.2 336.4 62.8 337.7 62.3 338.8 61.8 339.8
  61.3 340.8 60.8 341.8 60.2 342.6 59.6 343.3 59.0 343.9 58.4 344.4 58.0 344.8
  57.5 345.3 57.1 345.7 56.7 346.1 56.2 346.5 55.8 346.8 55.3 347.0 54.9 347.3
  54.5 347.5 54.0 347.7 53.6 348.0 53.2 348.0 52.9 348.1 52.6 348.1 52.3 348.1
  52.0 348.1 51.6 347.8 51.2 347.5 50.8 347.2 50.4 346.9 50.0 346.6 49.6 346.1
  49.2 345.5 48.9 345.0 48.5 344.5 48.2 344.1 47.8 343.6 47.6 343.2 47.3 342.7
  47.1 342.2 46.8 341.7 46.5 341.2 46.3 340.6 46.0 340.1 45.8 339.4 45.7 338.5
  45.6 337.4 45.5 336.3 45.3 335.0 45.1 333.8 44.8 332.4 44.5 331.0 44.4 329.6
  44.3 328.1 44.2 326.6 44.4 325.0 44.7 323.4 44.9 321.8 45.1 320.0 45.2 318.2
  45.2 316.3 45.3 314.3 45.2 312.1 45.3 310.0 45.3 307.8 45.3 305.7 45.3 303.6
  45.2 301.7 45.1 299.7 44.9 297.9 44.7 295.9 44.5 293.9 44.3 291.9 44.0 289.8
  43.8 287.7 43.4 285.8 43.0 284.0 42.6 282.2 42.2 280.5 41.8 278.8 41.3 277.1
  40.9 275.4 40.2 273.7 39.6 272.0 38.9 270.3 38.2 268.7 37.5 267.1 36.9 265.6
  36.2 264.2 35.5 262.8 34.9 261.4 34.2 259.9 33.4 258.5 32.7 256.8 32.0 255.1
  31.7 253.5 31.4 251.8 31.8 250.2 32.3 248.7 32.7 247.1 33.6 245.6 34.6 244.3
  35.6 243.1 36.7 242.1 37.9 241.5 39.2 240.8 40.4 240.3 41.7 240.0 42.8 239.6
  43.8 239.4 44.8 239.2 45.8 239.0 46.7 238.8 47.7 238.5 48.6 238.1 49.6 237.7
  50.5 237.2 51.5 236.6 52.4 236.0 53.2 235.2 54.0 234.4 54.9 233.4 55.7 232.3
  56.4 231.2 57.1 230.0 57.8 228.8 58.5 227.5 59.0 226.2 59.6 224.8 60.2 223.5
  60.5 222.2 60.9 221.1 61.3 219.9 61.5 218.8 61.9 217.7 62.2 216.7 62.7 215.6
  63.0 214.4 63.5 213.3 63.9 212.1 64.4 210.9 64.8 209.3 65.1 207.7 65.3 206.2
  65.5 204.8 65.6 203.4 65.7 202.0 65.7 200.6 65.8 199.1 65.7 197.7 65.6 196.2
  65.6 194.6 65.4 193.0 65.2 191.5 64.9 190.2 64.6 189.1 64.3 188.1 63.9 187.2
  63.6 186.4 63.3 185.7 62.9 184.9 62.6 184.2 62.3 183.5 62.0 182.8 61.8 182.1
  61.5 181.7 61.2 181.3 60.9 181.0 60.6 180.8 60.2 180.6 59.8 180.5 59.4 180.4
  59.0 180.3 58.5 180.2 58.1 180.1 57.6 179.9 57.1 179.6 56.6 179.2 56.1 178.9
  55.5 178.6 55.0 178.2 54.6 177.7 54.1 177.2 53.7 176.7 53.3 176.0 52.9 175.2
  52.6 174.4 52.3 173.5 52.0 172.5 51.7 171.5 51.3 170.5 50.8 169.6 50.4 168.5
  50.1 167.4 49.8 166.3 49.5 164.8 49.3 163.2 49.3 161.6 49.2 160.1 49.2 158.5
  49.2 157.0 49.1 155.6 49.2 154.1 49.3 152.7 49.4 151.4 49.6 150.0 49.7 148.6
  49.9 147.3 50.0 145.9 50.1 144.7 50.2 143.5 50.1 142.5 50.1 141.5 50.0 140.6
  50.0 139.7 50.1 138.9 50.1 138.0 50.2 137.1 50.3 136.2 50.5 135.4 50.4 134.5
  50.3 133.7 50.2 132.9 50.1 132.1
   1 10 72  0.0
  72.5 321.4 71.7 322.1 70.9 322.8 70.2 323.5 69.4 324.2 68.8 325.0 68.1 325.9
  67.5 326.8 66.8 328.1 66.2 329.4 65.4 330.7 64.7 331.9 64.0 333.2 63.1 334.1
  62.3 335.0 61.4 335.9 60.7 336.3 59.9 336.8 59.3 337.0 58.6 337.2 57.9 337.5
  57.3 337.3 56.6 337.2 56.0 337.0 55.4 336.9 54.9 336.3 54.4 335.7 54.0 335.1
  53.6 334.4 53.2 333.7 52.8 332.9 52.5 332.2 52.2 331.5 51.9 330.8 51.8 329.8
  51.6 328.8 51.5 327.7 51.5 326.4 51.5 325.1 51.5 323.7 51.7 322.2 51.9 320.8
  52.1 319.4 52.4 318.2 52.7 317.2 53.1 316.2 53.5 315.2 53.9 314.3 54.3 313.5
  54.8 313.2 55.3 312.9 55.7 312.6 56.1 312.3 56.5 312.4 56.9 312.4 57.1 312.5
  57.4 312.6 57.5 312.7 57.7 312.8 57.8 313.0 57.8 313.2 57.8 313.4 57.8 313.7
  57.8 313.9 57.8 314.2 57.7 314.6 57.6 314.9 57.5 315.2 57.4 315.6 57.2 315.9
  57.1 316.2 56.8 316.6 56.4 316.9 56.0 317.1 55.6 317.4 55.2 317.4 54.8 317.4
  54.3 317.3 53.8 317.2 53.3 316.8 52.8 316.5 52.1 316.1 51.5 315.7 51.1 315.1
  50.8 314.4 50.4 313.8 50.1 313.0 49.7 312.1 49.4 310.8 49.4 309.3 49.3 307.7
  49.3 306.0 49.3 304.3 49.2 302.6 49.1 301.0 49.0 299.5 49.2 298.1 49.4 296.7
  49.6 295.3 49.9 294.0 50.1 292.6 50.3 291.3 50.4 290.1 50.6 288.8 50.7 287.5
  50.9 286.3 51.1 285.1 51.3 283.9 51.6 282.7 52.0 281.5 52.2 280.3 52.5 279.0
  52.6 277.6 52.7 276.3 52.8 275.1 53.0 273.9 53.2 272.7 53.4 271.5 53.8 270.3
  54.2 269.1 54.6 267.8 54.9 266.5 55.3 265.1 55.6 263.8 55.9 262.5 56.3 261.2
  56.6 259.9 57.1 258.5 57.5 257.2 58.0 255.8 58.5 254.3 59.0 252.7 59.5 251.1
  60.0 249.5 60.5 248.0 61.0 246.4 61.5 244.8 62.0 243.3 62.6 241.6 63.2 240.0
  63.7 238.3 64.2 236.6 64.8 234.8 65.3 233.1 65.8 231.4 66.2 229.7 66.7 227.9
  67.1 226.1 67.5 224.3 68.0 222.6 68.5 220.8 69.0 219.0 69.4 217.3 69.9 215.6
  70.3 214.1 70.8 212.6 71.3 211.2 71.7 209.9 72.1 208.7 72.7 207.5 73.1 206.2
  73.5 204.9 74.0 203.5 74.3 202.1 74.7 200.7 75.1 199.2 75.4 197.7 75.6 196.2
  75.9 194.6 76.1 193.0 76.3 192.3 76.5 191.6 76.7 191.0 76.9 190.4 77.1 189.8
  77.4 189.3 77.6 188.8 77.9 188.4 78.2 187.9 78.5 187.9 78.8 187.8 79.2 187.7
  79.6 187.6 80.0 187.4 80.6 187.0 81.1 186.5 81.7 185.8 82.2 185.1 82.9 183.6
  83.5 181.8 84.1 179.6 84.8 176.6 85.4 172.8 86.0 167.9 86.4 162.1 87.0 154.9
  87.4 145.7 87.7 134.4 87.8 121.3 87.9 107.7 87.9  95.4 87.8  84.6 87.7  75.2
  87.5  74.8 87.4  74.5 87.2  74.1 87.1  73.8 86.9  73.5 86.7  73.1 86.4  72.8
  86.1  72.4 85.8  72.1 85.5  72.1 85.2  72.0 85.0  72.0 84.6  71.9 84.2  71.8
  83.8  71.7 83.5  71.9 83.1  72.0 82.8  72.1 82.4  72.2 82.0  72.3 81.7  72.3
  81.4  72.5 81.1  72.7 80.9  72.8 80.7  72.9 80.4  73.0 80.2  73.0 80.0  73.0
  79.8  72.9 79.6  73.0 79.4  73.1 79.1  73.1 78.9  73.2 78.7  73.2 78.4  73.3
  78.1  73.3 77.9  73.4 77.6  73.4
   1 11 72  0.0
  72.5 321.4 71.7 321.1 70.9 321.0 70.2 321.0 69.4 320.9 68.7 321.1 68.0 321.4
  67.3 321.9 66.7 322.5 66.0 323.0 65.4 323.6 64.8 324.3 64.3 325.0 63.8 325.8
  63.4 326.6 62.9 327.4 62.4 328.1 62.1 328.9 61.7 329.6 61.3 330.4 60.9 331.2
  60.5 332.0 60.2 332.8 59.9 333.5 59.5 334.5 59.2 335.4 58.7 336.2 58.4 337.0
  58.0 337.6 57.6 338.3 57.1 338.9 56.6 339.3 56.1 339.6 55.5 339.8 55.0 339.9
  54.4 339.8 53.7 339.7 53.1 339.4 52.5 339.2 51.9 338.9 51.3 338.5 50.7 338.1
  50.2 337.7 49.7 337.2 49.3 336.5 49.0 335.7 48.6 334.9 48.2 334.1 47.9 333.2
  47.6 332.0 47.2 330.7 46.8 329.6 46.5 328.4 46.2 327.2 45.9 326.0 45.7 324.7
  45.6 323.3 45.5 321.9 45.4 320.6 45.5 319.2 45.2 317.8 44.9 316.4 44.7 315.1
  44.1 313.8 43.5 312.6 43.0 311.2 42.7 309.8 42.4 308.4 42.1 306.9 41.8 305.5
  41.4 303.8 40.7 302.1 40.0 300.3 39.3 298.5 38.6 296.3 38.0 294.0 37.5 291.6
  37.2 289.2 36.9 286.8 36.9 284.5 36.8 282.1 36.9 279.8 37.3 277.4 37.6 275.1
  38.2 272.9 39.0 270.6 39.8 268.6 40.7 266.8 41.5 265.0 42.3 263.2 43.1 261.4
  43.8 259.7 44.5 258.0 45.3 256.3 46.2 254.6 46.9 252.9 47.7 251.3 48.3 249.6
  48.9 247.9 49.4 246.1 49.8 244.3 50.3 242.5 50.6 240.7 50.9 239.0 51.1 237.1
  51.3 235.3 51.3 233.4 51.3 231.5 51.2 229.5 51.1 227.5 50.9 225.4 50.7 223.4
  50.4 221.4 50.1 219.3 49.7 217.3 49.3 215.3 48.9 213.2 48.5 211.1 48.0 208.9
  47.5 206.8 47.0 204.8 46.4 202.8 45.9 200.8 45.4 199.0 44.8 197.1 44.3 195.3
  43.7 193.4 43.1 191.8 42.5 190.3 41.9 188.7 41.3 187.5 41.0 186.2 40.6 184.9
  40.2 183.6 40.2 182.1 40.1 180.6 40.1 179.0 40.1 177.4 40.2 175.7 40.2 173.9
  40.2 172.2 40.2 170.5 40.3 168.8 40.4 167.2 40.5 165.5 40.5 163.9 40.5 162.3
  40.5 160.6 40.5 159.0 40.3 157.4 40.2 155.8 40.2 154.2 40.1 152.6 40.0 151.0
  39.9 149.4 39.8 148.1 39.6 146.7 39.5 145.3 39.3 144.0 39.1 142.6 38.9 141.3
  38.7 139.9 38.4 138.5 38.0 137.0 37.7 135.6 37.5 134.3 37.2 133.0 37.0 131.8
  36.7 130.6 36.4 129.4 36.1 128.2 35.8 127.0 35.5 126.1 35.2 125.1 34.9 124.2
  34.6 123.2 34.3 122.3 34.1 121.4 33.9 120.4 33.6 119.6 33.4 118.6 33.1 117.7
  32.9 116.7 32.7 115.7 32.6 114.7 32.5 113.6 32.4 112.6 32.4 111.6 32.4 110.6
  32.4 109.6 32.5 108.7 32.5 107.7 32.6 106.8 32.7 105.9 32.8 105.1 32.9 104.4
  33.0 103.6 33.2 102.9 33.4 102.3 33.6 101.7 33.9 101.1 34.2 100.6 34.5  99.9
  34.5  99.2 34.6  98.6 34.7  98.0 34.8  97.4 34.9  96.8 35.0  96.3 35.2  95.7
  35.4  95.1 35.6  94.5 35.8  93.9 36.0  93.2 36.2  92.5 36.4  91.6 36.6  90.8
  36.7  89.8 36.8  88.9 36.9  88.0 37.0  87.0 37.1  86.2 37.2  85.3 37.3  84.5
  37.4  83.7 37.4  82.8 37.5  82.0 37.6  81.3 37.6  80.5 37.7  79.7 37.8  79.0
  37.9  78.5 38.0  77.9 38.0  77.4 38.0  76.8 38.0  76.2 38.0  75.7 37.9  75.1
  37.8  74.7 37.7  74.2 37.5  73.8
   1 12 72  0.0
  72.5 321.4 71.9 321.3 71.3 321.6 70.8 321.9 70.2 322.1 69.7 322.2 69.2 322.6
  68.8 323.0 68.3 323.3 67.9 323.6 67.5 324.3 67.2 325.0 66.9 325.6 66.5 326.3
  66.2 326.9 65.9 327.6 65.6 328.6 65.4 329.6 65.2 330.7 65.0 331.7 64.8 332.8
  64.7 334.0 64.5 335.1 64.4 336.2 64.3 337.4 64.1 338.5 64.0 339.6 63.8 340.9
  63.6 342.0 63.4 343.2 63.1 344.2 62.8 345.2 62.4 346.1 62.0 347.0 61.6 347.7
  61.2 348.4 60.7 348.9 60.1 349.4 59.5 349.8 59.0 350.1 58.3 350.3 57.7 350.5
  57.0 350.5 56.3 350.5 55.6 350.5 54.9 350.3 54.1 350.0 53.4 349.8 52.6 349.2
  51.9 348.6 51.2 347.8 50.2 346.9 49.3 346.2 48.5 345.1 47.8 344.1 47.2 342.7
  46.6 341.4 46.1 340.1 45.7 338.7 45.0 337.1 44.5 335.2 43.5 333.2 42.7 331.1
  41.7 328.9 40.7 326.9 39.8 324.9 38.9 323.0 38.3 320.9 37.6 318.8 37.2 316.6
  36.8 314.2 36.4 311.8 35.9 309.2 35.4 306.8 35.2 304.4 35.1 302.0 35.3 299.7
  35.6 297.6 35.9 295.6 36.3 293.6 36.6 291.5 37.1 289.4 37.7 287.5 38.3 285.9
  39.0 284.0 39.9 282.4 40.3 280.9 40.9 279.3 41.3 277.8 41.7 276.3 42.3 274.9
  42.8 273.4 43.4 271.8 43.8 270.3 44.3 268.8 44.9 267.1 45.3 265.5 45.7 264.0
  46.2 262.6 46.5 261.0 46.9 259.4 47.1 257.9 47.3 256.4 47.7 255.0 47.9 253.5
  48.2 252.0 48.5 250.4 48.6 248.7 48.8 247.1 48.8 245.4 48.9 243.8 48.7 242.2
  48.6 240.7 48.5 239.2 48.2 237.7 47.9 236.2 47.7 234.8 47.5 233.4 47.2 232.0
  46.9 230.5 46.6 228.9 46.4 227.3 45.8 225.5 45.3 224.1 44.8 222.6 44.3 221.1
  43.8 219.5 43.5 218.3 43.2 217.2 42.8 216.0 42.6 214.8 42.4 213.5 42.1 212.3
  41.8 211.0 41.6 210.1 41.4 209.3 41.1 208.5 40.9 207.8 40.7 207.0 40.5 206.3
  40.3 205.6 40.1 204.9 40.0 204.2 39.8 203.8 39.6 203.5 39.4 203.1 39.2 202.8
  39.1 202.4 39.0 202.0 38.9 201.6 38.8 201.2 38.7 200.8 38.7 200.4 38.6 200.0
  38.4 199.5 38.2 199.0 38.0 198.6 37.8 198.3 37.6 198.1 37.5 197.8 37.3 197.6
  37.2 197.3 37.1 197.1 37.0 196.8 36.9 196.5 36.8 196.2 36.8 195.9 36.5 195.5
  36.3 195.2 36.0 194.8 35.8 194.3 35.6 194.2 35.4 194.1 35.3 193.9 35.1 193.7
  35.0 193.6 34.9 193.4 34.7 193.2 34.6 192.9 34.5 192.7 34.4 192.5 34.3 192.2
  34.2 192.0 34.2 191.8 33.9 191.6 33.7 191.9 33.5 192.3 33.5 192.6 33.4 192.9
  33.3 193.3 33.2 193.7 33.1 194.0 33.1 194.4 33.0 194.8 32.9 195.2 32.8 195.6
  32.8 196.1 32.8 196.5 32.9 196.9 32.9 197.3 32.9 197.7 32.9 198.1 32.9 198.5
  32.9 198.8 32.8 199.2 32.7 199.6 32.6 199.9 32.5 200.3 32.5 200.5 32.6 200.8
  32.6 201.1 32.7 201.3 32.7 201.5 32.7 201.7 32.8 201.8 32.8 202.0 32.9 202.1
  32.9 202.3 33.0 202.4 33.0 202.5 33.0 202.6 32.9 202.6 32.8 202.7 32.8 202.7
  32.7 202.7 32.5 202.6 32.4 202.6 32.2 202.5 32.0 202.5 31.8 202.4 31.5 202.4
  31.3 202.3 31.1 202.2 30.9 202.1 30.6 201.9 30.4 201.8 30.2 201.6 30.0 201.4
  29.8 201.2 29.6 200.9 29.5 200.6
   1 13 72  0.0
  72.5 321.4 72.2 322.4 71.8 323.4 71.5 324.6 71.4 325.8 71.2 327.0 71.0 328.3
  70.9 329.6 70.7 330.9 70.6 332.2 70.5 333.5 70.4 334.9 70.3 336.2 70.2 337.5
  70.0 338.8 69.9 340.0 69.7 341.5 69.5 342.9 69.3 344.3 69.0 345.6 68.8 346.7
  68.5 347.9 68.3 348.9 67.9 349.8 67.6 350.8 67.3 351.7 67.0 352.4 66.6 353.2
  66.2 353.8 65.7 354.4 65.3 355.0 64.8 355.6 64.3 356.1 63.7 356.6 63.1 357.0
  62.5 357.3 61.9 357.7 61.3 357.6 60.6 357.7 60.0 357.7 59.3 357.5 58.6 357.4
  57.9 357.3 57.1 357.0 56.3 356.7 55.5 356.4 54.6 355.7 53.7 354.9 52.9 353.6
  52.0 352.3 51.2 351.1 50.3 349.7 49.5 348.5 48.6 347.1 47.8 345.7 47.0 344.2
  46.2 342.7 45.5 341.1 44.8 339.5 44.4 338.0 43.9 336.4 43.3 334.9 43.1 333.5
  42.8 332.1 42.4 330.7 42.3 329.5 42.1 328.3 41.8 327.2 41.7 326.0 41.5 324.8
  41.3 323.5 41.3 322.3 41.2 321.0 41.0 319.8 41.2 318.5 41.4 317.4 41.6 316.2
  41.8 315.1 42.2 314.0 42.6 313.3 42.9 312.5 43.1 311.8 43.5 311.0 43.7 310.2
  44.0 309.3 44.1 308.4 44.3 307.6 44.8 306.8 45.3 306.0 45.7 305.2 46.0 304.5
  46.3 303.7 46.7 303.0 47.0 302.3 47.2 301.6 47.3 300.9 47.4 300.2 47.4 299.6
  47.6 298.9 47.9 298.1 48.0 297.4 48.2 296.7 48.3 296.0 48.6 295.3 48.9 294.7
  49.1 294.1 49.2 293.5 49.3 293.0 49.3 292.5 49.2 292.1 49.1 291.7 49.3 291.2
  49.4 290.7 49.5 290.2 49.5 289.6 49.5 289.0 49.5 288.4 49.4 287.7 49.5 287.1
  49.5 286.5 49.4 285.8 49.3 285.2 49.2 284.6 49.1 284.0 48.9 283.4 48.9 282.7
  48.9 282.1 48.8 281.4 48.7 280.7 48.5 280.0 48.4 279.4 48.4 278.7 48.5 278.1
  48.5 277.4 48.5 276.7 48.5 276.0 48.6 275.2 48.8 274.4 48.8 273.6 48.9 272.8
  48.9 271.9 49.0 271.1 49.1 270.3 49.2 269.5 49.2 268.7 49.1 267.9 49.4 267.1
  49.6 266.3 49.8 265.4 50.0 264.4 50.2 263.4 50.5 262.4 50.7 261.3 50.9 260.2
  51.1 259.2 51.5 258.0 51.8 256.9 52.1 255.7 52.6 254.6 53.2 253.5 53.7 252.2
  54.2 250.9 54.7 249.5 55.1 248.0 55.6 246.4 55.8 244.7 56.0 242.8 56.1 241.3
  56.2 239.7 56.2 238.1 56.3 236.5 56.5 235.0 56.6 233.4 56.7 231.8 56.6 230.2
  56.4 228.5 56.3 226.8 55.7 225.1 55.2 222.9 54.5 220.6 53.7 218.2 53.0 215.3
  52.4 212.6 51.9 210.0 51.3 207.5 50.7 205.0 50.1 202.7 49.3 200.4 48.4 198.0
  47.6 195.5 47.1 193.0 46.5 190.6 46.0 188.3 45.6 186.2 45.2 184.3 44.7 182.5
  44.3 180.8 43.9 179.0 43.7 177.2 43.5 175.4 43.5 173.6 43.6 171.9 43.9 170.2
  44.2 168.5 44.5 166.9 44.7 165.2 44.9 163.5 44.9 161.8 44.9 160.1 44.9 158.3
  45.0 156.5 45.2 154.6 45.4 152.6 45.6 150.6 45.7 148.5 45.7 146.3 45.6 144.1
  45.5 141.8 45.5 139.7 45.5 137.7 45.5 135.9 45.4 134.3 45.3 132.8 45.2 131.3
  45.2 130.0 45.1 128.6 45.0 127.4 45.0 126.1 45.0 124.9 45.0 123.6 45.0 122.4
  45.0 121.2 44.9 119.9 44.9 118.7 44.8 117.6 44.7 116.5 44.5 115.5 44.4 114.5
  44.3 113.6 44.1 112.7 43.9 111.9
   1 14 72  0.0
  72.5 321.4 72.3 321.9 72.2 322.4 72.0 323.0 71.9 323.7 71.8 324.8 71.6 326.1
  71.5 327.4 71.3 328.7 71.1 330.2 70.8 331.6 70.5 333.0 70.1 334.4 69.6 335.8
  69.2 337.4 68.8 338.8 68.3 340.1 67.9 341.4 67.4 342.4 67.0 343.3 66.6 344.1
  66.1 344.9 65.6 345.6 65.1 345.8 64.6 346.0 64.1 346.3 63.7 346.5 63.3 346.6
  62.9 346.7 62.5 346.9 62.2 347.0 61.8 347.2 61.5 347.2 61.2 347.2 60.8 347.2
  60.5 347.1 60.2 347.1 59.8 347.0 59.5 346.9 59.1 346.8 58.8 346.7 58.5 346.7
  58.2 346.7 57.9 346.6 57.6 346.4 57.3 346.1 57.0 345.8 56.8 345.5 56.5 345.1
  56.3 344.7 56.1 344.3 55.8 343.9 55.6 343.3 55.4 342.7 55.2 342.0 55.0 341.4
  54.8 340.7 54.6 339.9 54.5 339.1 54.4 338.3 54.3 337.5 54.2 336.6 54.2 335.7
  54.2 334.8 54.2 334.0 54.3 333.3 54.4 332.5 54.5 331.8 54.7 331.1 55.0 330.4
  55.2 329.7 55.5 329.0 55.8 328.2 56.1 327.4 56.3 327.0 56.6 326.7 56.8 326.5
  57.0 326.3 57.2 326.1 57.4 326.0 57.5 326.0 57.7 326.1 57.8 326.2 57.9 326.5
  58.0 326.8 58.0 327.2 58.0 328.0 58.0 328.9 57.9 329.6 57.8 330.3 57.7 331.2
  57.5 332.2 57.3 333.2 57.1 334.3 56.8 335.5 56.6 336.7 56.2 337.8 55.8 339.0
  55.3 339.9 54.9 340.6 54.2 341.2 53.6 341.6 53.0 341.7 52.3 341.6 51.7 341.5
  51.1 341.1 50.5 340.7 50.0 340.3 49.5 339.4 48.7 338.7 48.0 338.0 47.3 336.8
  46.8 335.5 46.0 334.2 45.4 332.9 44.9 331.2 44.1 329.5 43.4 327.9 42.6 326.1
  41.8 324.4 41.0 322.4 40.2 320.3 39.5 318.2 39.0 316.0 38.5 313.7 37.8 311.5
  37.4 309.2 36.9 306.8 36.7 304.4 36.4 302.0 36.4 299.6 36.5 297.1 36.4 294.6
  36.6 292.1 36.8 289.6 37.3 287.4 37.9 285.4 38.5 283.6 39.0 281.8 39.5 280.0
  40.1 278.2 40.7 276.4 41.4 274.7 42.1 273.0 43.0 271.2 43.6 269.5 44.3 267.9
  44.7 266.2 45.2 264.6 45.8 263.1 46.2 261.6 46.7 259.9 47.1 258.3 47.5 256.6
  47.9 255.0 48.3 253.4 48.7 251.7 48.9 249.9 49.2 248.2 49.5 246.5 49.6 244.9
  49.8 243.2 49.7 241.6 49.7 240.0 49.7 238.4 49.6 236.8 49.4 235.2 49.2 233.6
  49.0 231.9 48.7 230.1 48.3 228.3 48.0 226.5 47.4 224.7 46.8 222.8 46.2 221.0
  45.6 219.1 45.2 217.5 44.8 215.9 44.5 214.3 44.2 212.8 43.8 211.2 43.6 209.9
  43.3 208.6 43.1 207.4 42.8 206.1 42.6 204.9 42.3 203.7 42.0 202.5 41.7 201.2
  41.5 200.4 41.2 199.5 40.8 198.6 40.5 197.6 40.1 196.6 39.7 195.6 39.3 194.9
  38.9 194.2 38.5 193.5 38.1 192.8 37.7 192.0 37.3 191.4 37.0 190.8 36.6 190.2
  36.2 189.6 35.8 188.9 35.5 188.4 35.1 187.9 34.9 187.3 34.7 186.7 34.5 186.1
  34.2 185.5 34.0 184.9 33.8 184.4 33.5 183.9 33.3 183.4 33.1 182.9 32.8 182.5
  32.5 182.0 32.2 181.5 31.9 181.0 31.6 180.7 31.4 180.4 31.2 180.0 31.0 179.7
  30.7 179.4 30.5 179.1 30.2 178.8 30.0 178.4 29.8 178.4 29.6 178.4 29.5 178.4
  29.4 178.4 29.3 178.4 29.2 178.4 29.2 178.4 29.2 178.4 29.2 178.4 29.1 178.5
  29.2 178.5 29.2 178.6 29.2 178.6
   1 15 72  0.0
  72.5 321.4 71.9 320.7 71.2 320.3 70.6 319.9 69.8 319.5 69.1 319.3 68.4 319.2
  67.6 319.1 66.9 319.2 66.2 319.4 65.6 319.7 65.0 320.1 64.5 320.6 64.0 321.2
  63.6 321.7 63.2 322.2 62.9 322.8 62.5 323.4 62.2 324.1 61.7 324.7 61.3 325.1
  60.8 325.4 60.3 325.8 59.7 326.1 59.1 326.1 58.5 326.1 57.9 326.0 57.4 325.6
  56.9 325.0 56.4 324.3 55.9 323.4 55.8 322.1 55.7 320.6 55.6 319.0 55.9 317.4
  56.1 315.8 56.5 314.7 56.9 313.6 57.2 312.5 57.5 311.4 57.8 310.3 58.0 309.2
  58.2 308.0 58.4 307.6 58.5 307.1 58.6 306.7 58.7 306.3 58.7 305.9 58.7 305.5
  58.7 305.1 58.7 304.8 58.6 304.4 58.5 304.0 58.3 303.6 58.2 303.3 58.1 303.0
  57.9 302.7 57.7 301.8 57.5 301.0 57.2 300.2 56.9 299.5 56.8 298.9 56.7 298.2
  56.5 297.6 56.3 297.0 56.1 296.4 55.8 295.9 55.5 294.7 55.1 293.8 54.6 292.9
  54.1 292.3 53.4 291.7 52.8 290.6 52.2 289.5 51.5 288.6 50.9 287.1 50.5 285.7
  50.0 284.4 49.5 283.4 49.0 282.1 48.3 281.1 47.6 280.3 46.7 279.1 46.1 277.9
  45.4 276.7 44.8 274.9 44.5 273.1 44.2 271.4 44.0 269.8 43.7 268.2 43.4 266.6
  43.3 265.0 43.3 263.5 43.5 262.0 43.8 260.5 44.1 259.1 44.5 258.0 44.8 256.8
  45.1 255.7 45.4 254.5 45.7 253.2 46.0 251.9 46.5 250.8 46.9 249.5 47.3 248.2
  47.7 246.9 48.1 245.4 48.5 244.1 48.8 242.7 49.3 241.1 49.7 239.4 50.3 237.6
  50.8 236.0 51.3 234.1 51.7 232.1 52.1 229.9 52.5 228.1 52.8 226.1 53.1 224.0
  53.3 221.9 53.7 219.6 54.2 217.2 54.6 215.1 55.2 212.9 55.7 210.5 56.1 208.2
  56.6 206.2 57.0 204.3 57.4 202.3 57.8 200.4 58.2 198.6 58.5 197.0 58.8 195.4
  59.0 193.8 59.2 192.3 59.4 190.9 59.5 189.7 59.7 188.5 59.9 187.4 60.0 186.4
  60.1 185.5 60.3 185.0 60.5 184.6 60.7 184.2 61.0 183.8 61.2 183.5 61.4 183.1
  61.6 182.8 61.8 182.6 62.1 182.3 62.4 182.5 62.8 182.6 63.2 182.8 63.6 183.0
  64.0 183.2 64.4 183.5 64.9 184.1 65.5 184.7 66.0 185.3 66.5 186.0 67.1 186.9
  67.6 187.9 68.1 188.9 68.7 190.0 69.2 191.2 69.7 192.4 70.1 193.7 70.5 194.9
  71.0 196.2 71.3 197.5 71.7 198.7 72.2 200.0 72.7 200.9 73.2 201.8 73.7 202.7
  74.3 203.6 74.9 204.4 75.6 205.1 76.2 205.8 76.9 206.4 77.6 207.1 78.3 207.8
  79.1 208.7 79.8 209.8 80.5 211.0 81.2 212.3 81.9 213.9 82.4 215.7 83.1 217.7
  83.7 220.1 84.1 223.2 84.7 225.9 85.1 229.3 85.4 233.4 85.7 238.0 85.8 243.0
  86.0 248.0 86.0 253.0 86.0 257.6 86.0 261.7 85.9 265.3 85.8 268.4 85.7 270.9
  85.5 273.0 85.4 274.6 85.2 275.9 85.0 277.1 84.8 278.2 84.5 279.3 84.1 280.3
  83.7 281.3 83.4 282.2 83.1 282.9 82.7 283.6 82.3 284.1 81.8 284.5 81.4 284.7
  80.9 284.7 80.5 284.6 80.0 284.6 79.6 284.5 79.2 284.4 78.8 284.2 78.5 284.0
  78.1 283.7 77.8 283.4 77.6 283.1 77.4 282.8 77.2 282.4 77.0 282.0 76.8 281.5
  76.6 281.0 76.5 280.5 76.4 279.9 76.4 279.3 76.4 278.6 76.4 277.9 76.5 277.2
  76.5 276.3 76.6 275.5 76.7 274.6
   1 16 72  0.0
  72.5 321.4 71.7 321.2 71.0 321.7 70.3 322.2 69.5 322.5 68.7 323.6 67.9 324.6
  67.2 326.1 66.5 327.4 65.7 328.5 65.1 329.7 64.4 330.8 63.8 331.7 63.1 332.6
  62.5 333.4 61.9 334.1 61.5 334.8 61.0 335.6 60.7 336.3 60.3 337.2 59.9 338.1
  59.6 338.9 59.3 339.8 59.0 340.7 58.5 341.7 57.9 342.6 57.3 343.3 56.7 344.0
  56.0 344.7 55.2 345.1 54.4 345.3 53.6 345.6 52.8 345.6 51.9 345.6 51.0 345.5
  50.1 345.4 49.2 345.2 48.3 344.9 47.4 344.5 46.6 343.7 46.0 342.8 45.5 341.8
  45.1 340.3 44.6 338.7 44.5 336.9 44.4 334.8 44.6 332.6 44.8 330.3 45.4 327.9
  46.0 325.5 46.6 323.1 47.2 320.6 47.7 318.2 48.2 315.7 48.7 313.4 49.1 311.0
  49.6 308.8 50.0 306.6 50.5 304.7 51.0 302.8 51.3 300.9 51.8 299.0 51.9 297.1
  51.9 295.3 51.8 293.5 51.8 291.7 51.6 289.9 51.5 288.1 51.4 286.4 51.2 284.8
  51.1 283.2 50.7 281.8 50.4 280.4 50.2 279.1 49.7 277.9 49.2 276.6 48.8 275.4
  48.3 274.2 47.8 273.0 47.3 271.6 47.0 270.2 46.6 268.9 46.3 267.6 46.0 266.3
  45.7 264.9 45.4 263.4 45.2 261.9 45.1 260.3 45.0 258.7 45.1 257.1 45.3 255.4
  45.6 253.6 45.9 251.7 46.4 249.7 46.8 247.7 47.4 245.6 47.9 243.3 48.6 240.8
  49.2 238.5 49.9 236.0 50.5 233.4 51.2 230.8 51.8 228.1 52.4 225.3 53.0 222.7
  53.6 220.0 54.1 217.3 54.7 214.9 55.1 212.4 55.5 209.8 55.8 207.2 56.0 204.7
  56.2 202.4 56.4 200.8 56.5 199.2 56.8 197.7 57.1 196.3 57.4 194.8 57.9 193.4
  58.3 192.0 58.8 190.9 59.2 189.7 59.6 188.6 59.9 187.4 60.1 186.3 60.3 185.6
  60.5 184.9 60.8 184.3 61.0 183.8 61.1 183.3 61.2 182.9 61.3 182.5 61.4 182.2
  61.6 181.9 61.7 181.7 61.8 181.5 62.0 181.3 62.1 181.1 62.3 181.2 62.4 181.3
  62.6 181.5 62.7 181.6 62.9 181.8 63.0 181.9 63.2 182.1 63.4 182.4 63.5 182.5
  63.7 182.7 63.9 182.8 64.1 183.0 64.3 183.2 64.6 183.5 64.8 183.7 65.0 183.9
  65.3 184.1 65.6 184.3 66.0 184.5 66.4 184.9 66.9 185.2 67.3 185.6 67.8 185.9
  68.2 186.2 68.8 186.7 69.3 187.3 69.9 187.9 70.5 188.6 71.1 189.5 71.7 190.5
  72.3 191.7 73.0 193.0 73.6 194.4 74.2 195.8 74.8 197.1 75.5 198.4 76.1 199.8
  76.9 201.2 77.5 202.6 78.2 204.3 78.8 206.2 79.4 208.4 79.9 211.1 80.3 214.2
  80.7 217.1 81.0 220.3 81.2 223.6 81.5 227.1 81.6 230.6 81.7 234.1 81.8 237.6
  81.8 241.0 81.8 244.1 81.7 247.0 81.6 249.7 81.5 252.2 81.4 254.5 81.2 256.7
  81.1 258.6 80.9 260.4 80.8 262.2 80.6 263.8 80.4 265.4 80.2 266.9 80.0 268.4
  79.8 269.8 79.6 270.7 79.4 271.6 79.2 272.5 79.0 273.4 78.8 274.3 78.6 275.2
  78.4 276.1 78.1 277.0 77.9 277.9 77.6 278.5 77.4 279.1 77.1 279.6 76.9 280.1
  76.5 280.6 76.2 281.1 75.9 281.7 75.7 281.8 75.4 282.0 75.1 282.2 74.9 282.4
  74.6 282.6 74.3 282.8 74.0 283.0 73.7 283.2 73.5 283.3 73.2 283.4 72.9 283.5
  72.5 283.5 72.2 283.6 71.9 283.7 71.5 284.0 71.2 284.3 70.8 284.6 70.4 284.8
  69.9 285.0 69.5 285.3 69.1 285.7
   1 17 72  0.0
  72.5 321.4 71.9 322.6 71.4 324.5 70.8 326.2 70.1 327.8 69.5 329.3 68.8 331.1
  68.1 332.6 67.3 334.0 66.6 335.5 65.8 336.8 65.2 338.1 64.5 339.3 63.8 340.5
  63.3 341.7 62.7 342.9 62.1 344.0 61.4 345.0 60.8 345.9 60.1 346.7 59.4 347.5
  58.7 348.1 58.0 348.8 57.3 349.4 56.5 349.9 55.8 350.5 55.1 351.0 54.5 351.5
  53.9 352.1 53.3 352.4 52.7 352.8 52.1 353.2 51.5 353.6 50.9 353.9 50.2 354.3
  49.5 354.6 48.8 354.9 48.1 355.2 47.4 355.5 46.8 355.3 46.1 355.2 45.3 355.1
  44.6 354.6 43.8 354.1 43.0 353.3 42.2 352.5 41.4 351.7 40.7 350.5 40.0 349.2
  39.3 347.5 39.0 345.6 38.7 343.8 39.0 342.0 39.2 340.3 39.4 338.6 40.0 337.1
  40.6 335.6 41.3 334.0 42.0 332.4 42.7 330.8 43.7 329.3 44.7 327.8 45.9 326.2
  47.0 324.6 48.2 322.7 49.2 320.6 50.1 318.4 50.9 316.3 51.7 314.2 52.4 312.2
  53.2 310.2 53.8 308.2 54.5 306.2 54.8 304.2 55.2 302.2 55.2 300.3 55.2 298.4
  54.9 296.6 54.7 294.9 54.2 293.2 53.8 291.6 53.2 290.0 52.6 288.4 52.0 286.9
  51.2 285.5 50.5 283.9 49.4 282.4 48.5 280.8 47.6 279.3 46.6 277.7 45.6 276.1
  44.7 274.3 43.7 272.6 42.8 270.8 42.2 268.8 41.6 266.9 41.2 264.8 40.8 262.8
  40.5 260.8 40.2 258.9 40.2 257.0 40.3 255.2 40.7 253.2 41.1 251.3 41.7 249.3
  42.4 247.2 43.2 245.1 44.0 243.0 44.9 240.8 45.8 238.6 46.7 236.4 47.7 234.1
  48.7 231.8 49.6 229.3 50.5 226.9 51.3 224.5 52.1 222.0 52.8 219.7 53.3 217.3
  53.9 215.0 54.2 212.7 54.7 210.5 54.9 208.4 55.1 206.2 55.2 204.1 55.2 202.1
  55.1 200.1 55.1 198.3 55.0 196.6 55.0 195.1 55.0 193.7 55.0 192.6 55.0 191.6
  54.9 190.8 54.9 190.0 54.9 189.3 55.0 188.6 55.0 187.9 54.9 187.3 54.8 186.6
  54.8 185.9 54.7 185.2 54.6 184.5 54.5 183.9 54.0 183.1 53.5 182.4 53.0 182.2
  52.5 182.0 52.0 181.6 51.5 181.4 51.0 181.2 50.5 180.9 50.0 180.5 49.5 180.1
  48.9 179.7 48.3 179.3 47.7 178.9 47.0 178.4 46.3 177.9 45.6 177.4 45.0 176.8
  44.3 176.1 43.5 175.5 43.0 174.7 42.5 174.0 42.0 173.2 41.5 172.3 40.9 171.5
  40.7 170.6 40.4 169.8 40.2 168.9 39.9 168.0 39.9 167.2 39.8 166.4 39.8 165.6
  39.7 164.8 39.7 164.1 39.6 163.3 39.6 162.6 39.6 161.9 39.7 161.2 39.7 160.6
  39.7 159.9 40.0 159.1 40.2 158.4 40.5 157.5 40.7 156.5 40.8 155.5 41.2 154.4
  41.6 153.4 41.9 152.3 42.2 151.1 42.8 149.8 43.4 148.5 43.9 147.2 44.6 146.0
  45.2 144.6 45.9 143.3 46.5 142.0 47.1 140.6 47.8 139.3 48.3 138.0 48.8 136.8
  49.4 135.5 49.9 134.3 50.4 133.1 50.9 131.9 51.2 130.7 51.5 129.5 51.9 128.3
  52.2 127.0 52.4 125.7 52.6 124.4 52.9 123.1 53.1 121.8 53.3 120.5 53.5 119.1
  53.7 117.8 54.0 116.5 54.2 115.1 54.4 113.5 54.5 111.9 54.5 110.2 54.5 108.5
  54.4 106.7 54.3 105.0 54.2 103.2 54.0 101.4 53.9  99.6 53.8  98.0 53.6  96.4
  53.5  94.7 53.3  93.1 53.2  91.3 52.9  89.5 52.6  87.7 52.2  85.8 51.7  83.9
  51.2  82.0 50.6  80.2 50.1  78.3
   1 18 72  0.0
  72.5 321.4 71.9 323.1 71.3 325.2 70.6 327.1 70.0 328.9 69.3 330.9 68.5 332.7
  67.7 334.4 66.8 336.1 65.9 337.5 65.0 338.7 64.1 339.7 63.0 340.7 62.1 341.3
  61.2 342.0 60.4 342.6 59.6 343.3 58.9 343.9 58.3 344.5 57.6 345.2 57.1 345.8
  56.5 346.4 56.1 347.0 55.6 347.7 55.2 348.2 54.6 348.6 53.9 349.1 53.3 349.3
  52.7 349.4 52.1 349.6 51.6 349.8 51.0 349.8 50.5 349.7 50.0 349.7 49.5 349.6
  49.1 349.3 48.6 349.0 48.1 348.6 47.7 348.3 47.2 347.7 47.5 347.0 47.7 346.3
  47.9 345.6 48.0 344.8 48.1 344.1 48.1 343.3 48.5 342.5 48.7 341.5 48.8 340.5
  48.9 339.3 49.3 338.0 49.6 336.6 50.0 335.1 50.6 333.6 51.1 331.8 51.4 329.9
  51.6 327.7 51.5 325.3 51.2 322.6 50.7 319.5 50.3 316.2 49.8 312.7 49.4 309.5
  49.0 306.3 48.6 303.2 48.0 300.1 47.4 297.1 46.6 294.4 45.8 291.8 45.0 289.4
  44.2 287.0 43.3 284.7 42.4 282.4 41.5 280.1 40.6 277.7 39.7 275.3 39.0 272.9
  38.4 270.4 38.0 267.9 38.0 265.4 38.1 263.1 38.4 261.0 38.8 259.1 39.3 257.2
  39.8 255.4 40.4 253.6 41.2 251.9 42.3 250.2 43.5 248.7 44.7 247.3 45.9 245.9
  47.1 244.5 48.3 243.2 49.4 242.0 50.6 240.7 51.7 239.5 52.7 238.2 53.8 236.9
  54.8 235.5 55.6 234.2 56.4 232.8 57.2 231.5 57.7 230.2 58.3 228.8 58.9 227.6
  59.3 226.3 59.7 225.0 60.1 223.7 60.4 222.5 60.7 221.4 61.0 220.3 61.3 219.0
  61.4 217.8 61.5 216.5 61.6 215.1 61.6 213.8 61.5 212.4 61.5 211.1 61.3 209.9
  61.1 208.7 60.9 207.6 60.6 206.5 60.4 205.5 60.1 204.6 59.8 203.7 59.5 202.4
  59.2 201.2 58.9 200.0 58.6 198.9 58.3 198.0 57.9 197.1 57.5 196.2 57.2 195.4
  56.8 194.6 56.5 194.0 56.2 193.3 55.8 192.6 55.5 191.9 55.3 191.2 55.1 190.6
  54.9 190.0 54.7 189.4 54.5 188.9 54.2 188.4 53.9 187.9 53.7 187.8 53.4 187.7
  53.0 187.6 52.7 187.5 52.3 187.4 51.8 187.4 51.4 187.5 50.9 187.5 50.3 187.6
  49.7 187.6 49.1 187.6 48.4 187.6 47.7 187.5 47.0 187.4 46.2 187.2 45.4 187.0
  44.6 186.8 43.8 186.6 43.0 186.3 42.2 186.0 41.4 185.7 40.6 185.3 39.9 184.9
  39.1 184.5 38.4 184.1 37.7 183.7 37.1 183.4 36.5 182.9 35.9 182.5 35.3 182.0
  34.7 181.5 34.1 180.9 33.5 180.4 32.9 179.7 32.4 179.1 31.8 178.4 31.2 177.6
  30.6 176.9 30.1 176.1 29.5 175.3 29.2 174.4 28.9 173.5 28.5 172.5 28.2 171.6
  27.9 170.5 27.7 169.6 27.3 168.5 27.0 167.4 27.0 166.2 27.0 165.0 26.9 163.8
  27.1 162.6 27.3 161.4 27.5 160.3 27.6 159.1 27.9 157.9 28.3 156.8 28.6 155.6
  29.0 154.3 29.4 153.1 29.8 151.8 30.1 150.6 30.6 149.4 31.0 148.3 31.4 147.3
  31.8 146.3 32.3 145.4 32.8 144.6 33.3 143.9 33.7 143.2 34.1 142.5 34.6 141.9
  35.1 141.3 35.5 140.7 35.9 140.1 36.4 139.5 36.6 138.9 36.8 138.3 37.0 137.6
  37.2 137.0 37.5 136.4 37.7 135.8 37.9 135.2 38.1 134.6 38.3 134.0 38.5 133.3
  38.7 132.6 38.9 131.9 39.0 131.2 39.2 130.4 39.3 129.7 39.5 129.1 39.7 128.4
  40.0 127.8 40.1 127.3 40.2 126.8
   1 19 72  0.0
  72.5 321.4 71.8 323.2 71.3 324.7 70.7 326.2 70.1 327.8 69.5 329.4 69.0 330.9
  68.5 332.5 67.9 334.1 67.3 335.6 66.8 337.0 66.0 338.5 65.3 339.8 64.5 340.8
  63.5 341.7 62.5 342.1 61.5 342.5 60.5 342.2 59.6 341.8 58.6 340.7 57.8 339.5
  57.2 337.6 56.7 335.7 56.3 333.6 55.9 331.5 55.3 328.9 54.8 326.4 54.2 324.0
  53.6 321.8 52.9 319.3 52.4 317.0 51.8 314.9 51.2 312.8 50.6 310.9 49.9 309.1
  49.2 307.4 48.7 305.8 48.1 304.4 47.4 303.1 47.2 301.9 46.9 300.7 46.5 299.6
  46.3 298.4 46.0 297.3 45.5 296.3 44.9 295.3 44.5 294.5 44.0 293.7 43.3 293.1
  42.5 292.3 41.4 291.4 41.5 290.0 41.5 288.6 41.3 287.2 41.6 285.8 41.7 284.4
  41.7 283.2 42.4 282.1 43.2 281.5 43.9 281.1 44.8 280.7 45.7 280.7 46.4 280.7
  47.1 280.7 47.7 280.7 48.2 280.7 48.7 280.8 49.1 281.0 49.5 281.2 49.9 281.5
  50.2 281.9 50.6 282.1 50.9 282.4 51.3 282.8 51.7 283.1 52.0 283.3 52.4 283.2
  52.8 283.1 53.1 283.0 53.5 282.9 53.9 282.8 54.3 282.7 54.7 282.3 55.2 282.0
  55.7 281.7 56.3 281.5 56.9 281.0 57.4 280.5 58.0 280.1 58.7 279.5 59.2 278.9
  59.8 278.3 60.4 277.7 61.0 277.2 61.6 276.7 62.2 276.1 62.8 275.7 63.2 275.3
  63.6 275.0 64.0 274.7 64.4 274.4 64.8 274.2 65.1 274.1 65.4 273.9 65.7 273.8
  66.0 273.6 66.2 273.6 66.4 273.3 66.6 272.9 66.8 272.6 66.9 272.2 67.1 271.7
  66.9 271.3 66.7 270.9 66.6 270.4 66.4 270.0 66.3 269.6 66.1 269.2 65.9 268.9
  65.8 269.0 65.6 269.2 65.5 269.5 65.3 269.8 65.1 270.0 64.9 270.3 64.7 270.6
  64.4 270.9 64.2 271.1 64.0 271.4 63.7 272.1 63.7 272.8 63.6 273.4 63.5 274.0
  63.4 274.5 63.3 275.0 63.2 275.5 63.1 276.0 63.2 276.4 63.2 276.9 63.3 277.3
  63.4 277.6 63.4 278.0 63.5 278.3 63.6 278.7 63.7 279.0 63.7 279.3 63.8 279.6
  63.9 279.8 64.0 280.1 64.3 280.4 64.7 280.3 65.0 280.2 65.3 280.0 65.7 279.9
  65.7 279.7 65.8 279.6 65.9 279.4 65.9 279.2 66.0 279.0 66.1 278.7 66.1 278.2
  66.1 277.7 66.2 277.1 66.2 276.6 66.2 276.0 66.1 275.3 65.9 274.7 65.8 274.3
  65.6 273.8 65.4 273.4 65.2 272.9 65.1 272.4 64.9 271.8 64.5 271.3 64.1 270.7
  63.8 270.1 63.4 269.6 63.0 269.2 62.7 268.7 62.3 268.1 62.0 267.6 61.6 267.3
  61.2 266.9 60.9 266.6 60.5 266.2 60.2 265.8 59.8 265.4 59.5 265.2 59.2 265.0
  59.0 264.8 58.7 264.5 58.5 264.3 58.2 264.1 58.0 263.8 57.7 263.8 57.5 263.7
  57.3 263.7 57.0 263.5 56.8 263.4 56.6 263.2 56.4 263.1 56.2 262.8 56.0 262.6
  55.9 262.3 55.7 262.1 55.5 261.8 55.4 261.5 55.3 261.2 55.2 260.9 55.1 260.6
  55.1 260.3 55.1 260.0 55.0 259.7 55.0 259.4 54.9 259.1 54.9 258.7 54.9 258.4
  54.9 258.0 54.8 257.6 54.8 257.2 54.9 256.8 54.9 256.4 54.9 255.9 54.8 255.4
  54.8 254.8 54.7 254.2 54.6 253.6 54.6 252.9 54.5 252.1 54.5 251.2 54.4 250.3
  54.3 249.3 54.2 248.3 54.2 247.2 54.2 246.1 54.2 244.9 54.3 243.6 54.3 242.3
  54.3 240.8 54.2 239.1 54.0 237.4
   1 20 72  0.0
  72.5 321.4 72.2 322.8 71.9 324.1 71.8 324.9 71.6 325.8 71.5 326.7 71.3 327.7
  71.1 328.8 71.0 330.0 70.9 331.3 70.8 332.7 70.7 334.2 70.5 336.0 70.4 337.9
  70.2 339.8 70.0 341.9 69.7 343.9 69.4 346.0 69.0 348.2 68.6 350.3 68.1 352.3
  67.6 354.2 67.0 355.9 66.4 357.5 65.7 359.0 65.0 359.8 64.2   0.5 63.5   0.8
  62.8   0.7 62.2   0.7 61.7   0.7 61.3   0.4 60.9   0.3 60.6   0.2 60.3   0.1
  60.1   0.1 60.0   0.2 59.9   0.1 59.8   0.0 59.8 360.0 59.5 359.9 59.3 359.9
  59.1 360.0 58.8   0.0 58.8   0.1 58.8   0.2 58.8   0.3 58.7   0.5 58.7   0.7
  58.7   0.9 58.7   1.1 58.6   1.4 58.5   1.6 58.4   1.8 58.3   2.1 58.2   2.3
  58.0   2.6 57.8   2.8 57.7   3.0 57.5   3.2 57.2   3.3 57.0   3.5 56.7   3.7
  56.4   3.9 56.0   4.1 56.0   4.3 56.0   4.4 55.9   4.6 55.8   4.8 55.7   4.9
  55.6   5.1 55.4   5.3 55.2   5.4 55.0   5.6 54.8   5.8 54.5   5.9 54.2   6.0
  53.9   6.2 53.5   6.2 53.2   6.3 52.8   6.3 52.5   6.3 52.1   6.3 51.7   6.3
  51.3   6.3 50.9   6.2 50.5   6.2 50.0   6.1 49.6   6.1 49.1   6.0 48.7   5.9
  48.3   5.8 47.8   5.6 47.4   5.4 47.0   5.2 46.6   4.9 46.2   4.6 45.8   4.2
  45.5   3.8 44.9   3.5 44.2   3.1 43.6   2.7 43.0   2.3 42.5   1.9 41.9   1.5
  41.4   0.9 41.0   0.3 40.5 359.7 40.0 358.8 39.4 357.8 39.0 356.8 38.5 355.9
  38.0 354.8 37.5 353.8 37.1 352.6 36.7 351.5 36.3 350.2 36.0 348.8 35.7 347.6
  35.5 346.4 35.3 345.1 35.0 343.7 35.1 342.4 35.2 341.1 35.3 339.9 35.8 338.8
  36.2 337.8 36.6 336.5 37.0 335.3 37.6 334.2 38.1 333.1 38.6 331.8 39.3 330.6
  40.0 329.4 40.7 328.4 41.4 327.0 42.3 325.8 43.2 324.3 44.1 322.7 44.9 320.9
  45.7 319.1 46.3 317.3 46.9 315.2 47.4 313.2 48.0 311.3 48.4 309.5 48.9 307.7
  49.2 305.9 49.4 304.2 49.7 302.4 49.8 300.7 49.9 299.0 49.8 297.3 49.7 295.6
  49.3 294.0 49.0 292.3 48.7 290.7 48.2 289.2 47.8 287.6 47.2 286.0 46.6 284.4
  46.0 282.8 45.2 281.2 44.6 279.6 43.7 278.0 42.9 276.3 42.2 274.6 41.4 272.9
  40.6 271.1 40.1 269.2 39.6 267.2 39.3 265.5 39.0 263.7 38.7 262.0 38.5 260.2
  38.4 258.3 38.4 256.4 38.5 254.5 38.9 252.6 39.3 250.8 39.9 249.0 40.5 247.4
  41.2 245.5 41.8 243.7 42.5 242.1 43.2 240.1 43.9 238.3 44.7 236.6 45.6 234.6
  46.4 232.7 47.2 230.5 48.0 228.3 48.7 226.2 49.3 223.7 49.8 221.4 50.4 219.2
  50.8 216.8 51.2 214.4 51.5 212.2 51.8 210.1 51.9 208.0 52.0 206.1 51.9 203.9
  51.7 202.2 51.5 200.6 51.3 199.1 51.0 197.7 50.7 196.3 50.3 195.1 49.8 193.9
  49.3 193.2 48.7 192.5 48.1 191.8 47.2 191.2 46.4 190.8 45.5 190.4 44.7 190.0
  43.8 189.7 42.9 189.3 42.1 189.0 41.2 188.6 40.5 188.2 39.7 187.9 39.0 187.6
  38.3 187.2 37.6 186.9 36.9 186.6 36.2 186.2 35.6 185.8 34.9 185.4 34.4 185.0
  33.8 184.5 33.4 184.0 32.9 183.4 32.4 182.9 31.9 182.3 31.5 181.9 31.2 181.4
  31.0 180.9 30.8 180.4 30.6 179.9
   1 21 72  0.0
  72.5 321.4 72.0 321.0 71.5 320.5 71.0 320.0 70.3 319.5 69.6 319.0 68.9 318.4
  68.2 317.8 67.5 317.1 66.9 316.6 66.3 316.1 65.8 315.4 65.2 315.2 64.6 314.9
  64.1 314.5 63.6 314.2 63.1 313.8 62.6 313.3 62.2 312.7 61.8 312.0 61.5 311.0
  61.1 309.9 60.7 308.8 60.3 307.6 59.8 306.4 59.4 305.3 58.9 304.2 58.4 303.1
  57.9 302.0 57.4 301.0 56.8 300.0 56.4 298.9 55.9 297.9 55.3 296.6 54.8 295.4
  54.2 294.2 53.5 293.1 52.8 291.7 52.1 290.4 51.4 289.1 50.7 287.6 50.1 286.1
  49.5 284.6 48.9 283.0 48.3 281.4 47.7 279.8 47.1 278.0 46.5 276.3 45.7 274.7
  45.0 272.8 44.4 270.9 44.2 268.9 44.0 266.9 44.2 264.9 44.3 262.9 44.5 261.0
  44.6 259.2 44.8 257.3 45.0 255.5 45.2 253.5 45.4 251.5 45.9 249.4 46.3 247.4
  46.8 245.4 47.3 243.3 47.6 241.2 47.9 239.1 48.2 236.9 48.4 234.7 48.8 232.3
  49.2 229.9 49.6 227.6 49.9 225.2 50.4 223.0 50.8 221.0 51.3 219.3 51.8 217.7
  52.4 216.3 53.1 214.7 53.7 213.2 54.4 211.7 54.9 210.2 55.6 208.9 56.3 207.5
  57.0 206.4 57.7 205.3 58.6 204.2 59.5 203.2 60.2 202.2 61.0 201.1 61.8 200.0
  62.5 198.9 63.1 197.7 63.7 196.4 64.3 195.1 64.6 193.7 65.0 192.2 65.4 190.6
  65.5 189.0 65.7 187.5 65.7 185.9 65.6 184.3 65.6 182.8 65.3 181.3 65.1 179.8
  64.7 178.3 64.3 176.9 63.9 175.6 63.4 174.3 62.9 173.1 62.4 172.0 61.8 171.0
  61.3 170.3 60.6 169.7 60.0 169.1 59.3 168.5 58.7 168.2 58.0 167.9 57.4 167.6
  56.8 167.4 56.1 167.2 55.5 167.0 55.0 166.8 54.4 166.5 53.9 166.3 53.4 166.0
  53.0 165.7 52.5 165.4 52.0 165.1 51.5 164.8 51.1 164.4 50.6 164.1 50.2 163.7
  49.7 163.3 49.3 162.8 48.8 162.4 48.4 161.9 47.9 161.5 47.5 161.0 47.1 160.5
  46.7 160.0 46.3 159.5 45.9 159.0 45.5 158.5 45.1 157.9 44.7 157.3 44.4 156.7
  44.1 156.0 43.9 155.3 43.9 154.6 43.9 153.9 43.9 153.1 43.8 152.3 43.8 151.4
  43.9 150.4 43.9 149.4 43.9 148.3 43.9 147.2 44.0 146.0 44.0 144.8 44.1 143.4
  44.1 142.1 44.1 140.8 44.1 139.5 44.0 138.2 43.9 137.0 43.8 135.7 43.6 134.4
  43.4 133.0 43.2 131.7 43.0 130.4 42.8 129.2 42.7 128.1 42.5 127.1 42.4 126.0
  42.2 125.1 42.1 124.1 42.0 123.1 41.7 122.1 41.5 121.0 41.3 120.0 41.1 118.8
  41.0 117.8 40.8 116.7 40.7 115.8 40.6 114.8 40.6 113.9 40.6 113.0 40.5 112.2
  40.5 111.3 40.4 110.5 40.4 109.6 40.3 108.7 40.2 107.8 40.2 107.0 40.2 106.1
  40.1 105.2 40.0 104.3 39.9 103.4 40.0 102.6 40.0 101.8 40.1 100.9 40.1 100.0
  40.2  99.1 40.3  98.1 40.4  97.2 40.4  96.3 40.5  95.4 40.5  94.5 40.5  93.7
  40.4  92.8 40.4  91.9 40.5  91.1 40.6  90.2 40.7  89.3 40.9  88.4 41.0  87.5
  41.2  86.5 41.5  85.7 41.7  84.8 41.8  84.0 42.0  83.2 42.1  82.4 42.1  81.5
  42.2  80.7 42.2  79.8 42.3  79.1 42.3  78.4 42.3  77.7 42.3  77.0 42.3  76.4
  42.3  75.6 42.3  74.9 42.2  74.2 42.0  73.4 41.9  72.7 41.8  72.0 41.6  71.4
  41.6  70.8 41.5  70.2 41.5  69.6
   1 22 72  0.0
  72.5 321.4 72.2 322.5 72.0 323.5 71.7 325.0 71.4 326.2 71.1 327.3 70.8 328.2
  70.4 328.8 70.1 329.3 69.7 329.5 69.3 330.0 68.9 330.3 68.4 330.4 67.8 330.4
  67.3 330.7 66.7 330.9 66.0 330.9 65.3 330.9 64.6 330.7 63.9 330.4 63.3 329.8
  62.6 329.3 61.9 328.7 61.3 327.8 60.4 327.0 59.4 326.2 58.5 324.9 57.6 323.6
  56.6 321.9 55.7 320.3 54.8 318.4 53.7 316.6 52.7 314.9 51.4 313.1 50.1 311.0
  48.7 308.9 47.5 306.4 46.2 303.8 45.4 301.0 44.6 298.5 44.2 296.0 44.1 293.4
  43.9 290.9 44.0 288.9 44.0 286.8 44.1 284.7 44.2 282.3 44.4 279.8 44.8 277.4
  45.2 275.1 45.6 273.0 46.0 271.0 46.4 268.8 46.8 266.7 47.1 264.7 47.3 262.7
  47.5 260.8 47.8 259.0 48.1 257.2 48.4 255.3 48.7 253.5 49.0 251.8 49.1 250.2
  49.4 248.6 49.6 247.1 49.7 245.6 49.8 244.0 49.9 242.5 49.9 240.9 49.9 239.4
  49.8 237.8 49.7 236.2 49.6 234.6 49.3 233.1 49.0 231.6 48.7 230.1 48.4 228.7
  48.0 227.3 47.8 225.9 47.6 224.5 47.4 223.1 47.3 221.8 47.2 220.5 46.9 219.3
  46.8 218.1 46.6 217.0 46.3 216.0 46.1 215.2 45.9 214.4 45.7 213.4 45.4 212.5
  45.1 211.7 44.9 211.0 44.7 210.3 44.4 209.7 44.1 209.2 43.8 208.7 43.4 208.0
  42.9 207.3 42.4 206.8 41.8 206.3 41.1 205.7 40.4 205.2 39.7 204.6 39.0 203.9
  38.1 203.2 37.2 202.5 36.4 201.6 35.6 200.6 34.8 199.5 34.2 198.2 33.7 196.9
  33.2 195.6 32.7 194.3 32.3 193.0 31.8 191.6 31.5 190.4 31.3 189.2 31.1 187.9
  31.0 186.5 30.9 185.0 30.9 183.5 31.0 182.0 31.2 180.4 31.3 178.8 31.6 177.2
  32.0 175.5 32.4 174.0 32.8 172.2 33.2 170.4 33.4 168.6 33.5 166.8 33.2 165.0
  33.0 163.1 32.8 161.2 32.7 159.5 32.6 157.8 32.5 156.1 32.4 154.5 32.0 152.9
  31.5 151.1 31.1 149.1 30.7 147.1 30.8 144.9 30.9 142.8 31.1 140.7 31.3 138.7
  31.3 136.8 31.3 135.0 31.5 133.2 31.7 131.5 31.9 129.9 32.2 128.3 32.4 126.6
  32.6 125.1 32.9 123.6 33.1 122.1 33.4 120.8 33.8 119.5 34.1 118.4 34.4 117.4
  34.8 116.4 35.2 115.5 35.5 114.6 35.7 113.7 36.0 112.9 36.3 111.9 36.5 111.0
  36.7 110.1 36.9 109.2 37.1 108.3 37.3 107.4 37.6 106.6 37.8 105.8 38.0 105.0
  38.3 104.1 38.6 103.3 38.8 102.5 39.0 101.7 39.2 101.0 39.5 100.2 39.7  99.5
  39.9  98.8 40.0  98.1 40.2  97.3 40.4  96.5 40.6  95.7 40.8  94.8 40.9  94.0
  41.0  93.1 41.1  92.1 41.3  91.2 41.4  90.3 41.5  89.3 41.7  88.5 41.8  87.6
  41.9  86.8 42.1  85.9 42.2  85.1 42.3  84.3 42.3  83.5 42.3  82.7 42.2  81.9
  42.1  81.1 42.1  80.3 42.0  79.5 41.8  78.9 41.7  78.2 41.5  77.6 41.4  77.0
  41.2  76.4 41.1  75.8 40.9  75.2 40.7  74.6 40.4  74.1 40.2  73.6 39.9  73.2
  39.6  72.7 39.3  72.3 39.0  71.9 38.7  71.4 38.4  71.0 38.1  70.5 37.8  70.1
  37.5  69.6 37.1  69.1 36.8  68.6 36.5  68.1 36.1  67.6 35.8  67.1 35.5  66.5
  35.2  66.0 35.0  65.4 34.8  64.8 34.6  64.1 34.5  63.5 34.2  62.8 34.0  62.1
  33.7  61.3 33.5  60.6 33.2  59.9
   1 23 72  0.0
  72.5 321.4 72.5 322.8 72.6 324.1 72.6 325.6 72.5 327.0 72.5 328.4 72.4 329.9
  72.2 331.3 72.1 332.7 71.9 334.2 71.7 335.8 71.4 337.5 71.2 339.2 70.9 340.9
  70.5 342.4 70.1 343.6 69.6 344.7 69.2 345.1 68.6 345.5 68.0 345.7 67.4 345.9
  66.7 345.5 65.9 345.3 65.1 344.5 64.2 343.9 63.3 343.5 62.4 342.4 61.5 341.4
  60.7 339.7 59.8 338.1 59.0 336.1 58.2 334.3 57.0 332.7 55.9 331.1 54.6 329.2
  53.4 327.2 52.5 324.5 51.7 321.6 51.2 318.8 50.6 316.1 49.9 313.6 49.1 311.2
  48.5 308.7 47.8 306.1 47.5 303.6 47.4 301.0 47.3 298.5 47.2 296.1 47.1 293.8
  46.9 291.4 46.7 289.1 46.6 286.7 46.6 284.3 46.6 281.9 46.6 279.5 46.7 277.3
  46.8 275.0 46.9 272.9 47.1 270.8 47.3 268.8 47.5 266.9 47.8 264.9 48.1 263.0
  48.3 260.9 48.5 258.8 48.8 257.0 49.2 255.3 49.6 253.7 50.0 252.3 50.4 250.8
  50.6 249.2 50.9 247.6 51.0 246.0 51.2 244.4 51.3 242.9 51.2 241.4 51.2 240.0
  51.1 238.7 50.7 237.3 50.4 235.9 50.0 234.4 49.6 233.0 49.1 231.5 48.8 229.9
  48.4 228.4 48.0 226.8 47.9 225.3 47.8 223.9 47.9 222.6 48.1 221.4 48.3 220.2
  48.6 219.1 48.9 218.0 49.3 217.1 49.7 216.3 50.1 215.5 50.4 214.5 50.7 213.6
  51.0 212.8 51.3 212.2 51.7 211.6 51.9 211.1 52.1 210.7 52.4 210.2 52.7 209.9
  53.1 209.5 53.5 209.3 54.0 209.1 54.5 208.9 55.1 208.7 55.7 208.4 56.3 208.1
  57.0 207.6 57.5 207.2 58.0 206.7 58.6 206.2 59.1 205.7 59.7 205.1 60.4 204.6
  61.0 203.9 61.4 203.2 61.8 202.5 62.2 201.7 62.6 200.8 63.0 199.9 63.3 198.9
  63.5 197.9 63.8 196.8 64.0 195.7 64.1 194.4 64.2 193.2 64.3 191.9 64.1 190.5
  64.0 189.2 63.9 187.9 63.7 186.7 63.4 185.5 63.2 184.4 62.9 183.3 62.5 182.2
  62.1 181.2 61.7 180.1 61.3 179.3 60.8 178.5 60.3 177.6 59.9 176.8 59.4 176.2
  58.9 175.7 58.4 175.2 57.8 174.7 57.3 174.6 56.7 174.4 56.2 174.3 55.6 174.2
  55.0 174.3 54.4 174.4 53.8 174.6 53.3 174.8 52.7 175.1 52.2 175.3 51.7 175.5
  51.3 175.8 50.8 176.2 50.4 176.5 50.0 176.8 49.6 177.2 49.3 177.7 48.9 178.3
  48.6 178.8 48.3 179.4 48.0 179.9 47.8 180.4 47.6 181.0 47.5 181.4 47.3 181.8
  47.2 182.0 47.1 182.2 47.0 182.3 46.9 182.3 46.8 182.3 46.8 182.3 46.7 182.1
  46.7 182.0 46.8 181.9 46.8 181.7 46.9 181.5 47.0 181.3 47.2 181.0 47.4 180.8
  47.6 180.5 47.9 180.1 48.2 179.8 48.6 179.4 48.9 179.1 49.3 178.7 49.7 178.3
  50.1 177.9 50.5 177.7 50.9 177.4 51.3 177.2 51.8 177.0 52.2 176.7 52.7 176.7
  53.1 176.8 53.6 176.8 54.1 176.9 54.7 177.2 55.2 177.5 55.7 177.9 56.2 178.3
  56.7 178.7 57.2 179.3 57.8 179.8 58.3 180.4 58.8 181.0 59.3 181.7 59.8 182.3
  60.4 183.0 60.9 183.5 61.5 184.1 62.1 184.6 62.7 184.9 63.3 185.2 63.8 185.5
  64.4 185.9 64.9 185.8 65.4 185.8 65.9 185.8 66.3 185.8 66.8 185.4 67.1 185.0
  67.4 184.6 67.7 184.1 68.0 183.5 68.1 183.0 68.2 182.0 68.4 181.1 68.5 180.1
  68.6 179.0 68.6 178.0 68.6 177.0
   1 24 72  0.0
  72.5 321.4 72.6 321.5 72.6 321.6 72.7 321.8 72.8 322.1 72.9 322.4 73.0 322.7
  73.1 323.2 73.2 323.7 73.4 324.2 73.4 324.8 73.4 325.5 73.5 326.2 73.5 327.0
  73.6 327.8 73.6 328.7 73.6 329.6 73.5 330.5 73.5 331.4 73.4 332.4 73.3 333.3
  73.2 334.3 73.2 335.3 73.1 336.3 73.0 337.3 72.8 338.4 72.7 339.4 72.6 340.5
  72.3 341.5 72.1 342.6 71.8 343.6 71.6 344.5 71.2 345.4 70.9 346.4 70.5 347.3
  70.0 348.3 69.4 349.2 68.7 349.5 68.0 349.6 67.3 349.7 66.6 348.8 65.8 348.1
  65.0 346.6 64.1 345.3 63.1 344.3 62.2 342.9 61.1 341.7 60.1 339.8 59.2 338.0
  58.3 335.6 57.4 333.2 56.4 330.9 55.4 328.7 54.4 326.3 53.5 324.0 52.9 321.1
  52.3 318.3 51.8 315.5 51.2 312.8 50.6 310.3 50.0 307.9 49.5 305.3 49.0 302.7
  48.7 300.1 48.5 297.5 48.3 295.1 48.2 292.8 48.1 290.5 48.1 288.3 48.0 285.9
  47.9 283.7 47.8 281.4 47.7 279.1 47.9 276.9 48.1 274.7 48.5 273.1 49.0 271.5
  49.5 269.9 49.9 268.1 50.4 266.3 50.8 264.5 51.3 262.6 51.8 260.7 52.3 258.8
  53.0 257.7 53.7 256.6 54.4 255.3 55.1 254.5 55.7 253.5 56.2 252.4 56.8 251.7
  57.2 250.9 57.7 250.2 58.3 249.5 58.9 249.4 59.6 249.5 60.3 249.6 61.1 250.1
  62.0 250.6 62.8 251.1 63.7 251.5 64.5 251.9 65.4 252.4 66.3 253.0 67.2 253.7
  68.0 254.5 68.9 255.3 69.7 256.4 70.5 257.8 71.4 259.0 72.1 260.6 72.9 262.3
  73.6 264.4 74.2 266.9 74.9 269.4 75.4 272.3 75.8 275.5 76.2 279.0 76.5 282.1
  76.7 285.4 76.9 289.0 76.9 292.8 76.8 296.6 76.6 300.4 76.4 303.9 76.1 307.2
  75.8 310.3 75.4 313.1 74.9 315.6 74.3 317.9 73.8 319.9 73.2 321.9 72.7 323.8
  72.1 325.6 71.5 327.3 70.9 329.2 70.3 331.0 69.6 332.8 68.9 334.6 68.1 336.3
  67.3 337.9 66.4 339.5 65.5 341.1 64.5 342.4 63.5 343.6 62.6 344.5 61.5 345.3
  60.4 345.4 59.5 345.6 58.6 345.4 57.8 345.3 57.1 344.9 56.4 344.6 55.9 344.4
  55.4 343.5 55.2 342.5 55.1 341.4 55.0 340.1 54.9 338.6 55.0 336.9 55.1 335.0
  55.2 333.0 55.2 330.7 55.1 328.2 55.1 325.6 54.8 322.9 54.4 320.1 54.0 317.3
  53.6 314.8 53.3 311.9 52.8 309.3 52.3 307.0 51.7 305.0 51.0 302.8 50.4 300.8
  49.7 299.1 49.2 297.2 48.4 295.7 47.8 294.3 47.0 292.8 46.0 291.5 45.2 289.8
  44.2 288.5 43.0 287.4 42.2 285.8 41.2 284.5 40.0 282.8 39.5 280.8 38.8 278.8
  38.9 276.9 39.0 275.1 39.8 273.4 40.6 271.7 41.8 270.8 43.0 269.8 44.1 269.2
  45.1 268.9 46.1 268.6 47.0 268.6 47.8 268.6 48.6 268.6 49.3 268.6 49.9 268.8
  50.4 269.0 50.9 269.2 51.4 269.4 51.8 269.7 52.1 270.1 52.4 270.5 52.7 270.9
  53.0 271.4 53.3 272.0 53.6 272.6 53.9 273.3 54.1 274.0 54.4 274.5 54.8 274.9
  55.1 275.4 55.4 275.8 55.7 276.2 56.1 276.4 56.6 276.5 57.2 276.6 57.7 276.7
  58.3 276.8 59.0 277.0 59.7 277.2 60.3 277.4 61.0 277.9 61.7 278.4 62.3 279.0
  62.9 279.6 63.4 280.2 63.9 280.9 64.4 281.6 64.8 282.2 65.3 282.8 65.7 283.3
  66.1 283.8 66.5 284.2 66.9 284.5
   1 25 72  0.0
  72.5 321.4 72.4 321.1 72.3 320.8 72.2 320.5 72.1 320.3 72.0 320.0 71.9 320.1
  71.8 320.3 71.7 320.5 71.6 320.7 71.5 320.9 71.4 321.2 71.4 321.5 71.3 321.8
  71.2 322.2 71.1 322.5 71.1 322.9 71.0 323.2 71.0 323.6 70.9 323.9 70.9 324.3
  70.9 324.7 70.9 325.0 70.9 325.4 70.9 325.8 70.9 326.2 71.0 326.6 71.0 327.0
  71.0 327.5 71.0 328.0 71.0 328.5 70.9 329.1 70.8 329.7 70.7 330.3 70.6 330.9
  70.4 331.4 70.3 332.0 69.9 332.5 69.6 333.2 69.2 333.8 68.9 334.3 68.5 334.8
  68.2 335.3 67.8 335.7 67.5 336.0 67.1 336.1 66.5 336.1 65.9 336.1 65.3 335.7
  64.7 335.4 64.1 335.0 63.4 334.7 62.7 334.1 61.9 333.4 61.2 332.2 60.3 331.0
  59.7 329.7 59.1 327.8 58.7 325.9 58.2 324.1 57.6 322.5 57.1 320.4 56.6 318.6
  56.3 316.9 56.0 315.3 55.9 313.7 55.8 311.7 55.7 309.6 55.6 307.6 55.4 305.6
  55.1 303.7 55.0 301.9 54.9 300.0 54.7 298.2 54.9 296.3 55.1 294.4 55.6 292.5
  56.0 290.5 56.4 288.7 56.8 286.8 57.2 285.0 57.5 283.1 57.8 281.2 58.1 279.3
  58.5 277.5 58.8 275.8 59.4 274.0 59.9 272.3 60.4 270.5 61.0 269.0 61.7 267.4
  62.3 265.9 63.0 264.5 63.8 263.1 64.4 261.7 65.1 260.5 65.9 259.3 66.6 258.1
  67.3 257.2 68.0 256.2 68.7 255.2 69.3 254.4 69.9 253.6 70.5 252.7 71.1 252.1
  71.7 251.4 72.2 250.7 72.8 250.1 73.3 249.5 73.8 248.7 74.2 247.7 74.7 246.9
  75.1 246.0 75.4 245.0 75.8 243.9 76.1 242.6 76.5 241.8 76.9 240.9 77.3 239.8
  77.6 238.7 77.9 237.5 78.2 236.1 78.5 235.4 78.8 234.7 79.0 234.2 79.2 233.7
  79.4 233.3 79.6 233.0 79.7 232.8 79.8 232.7 79.9 232.7 80.0 232.8 80.0 233.0
  80.0 233.3 80.0 233.5 80.0 233.8 80.0 234.0 79.9 234.2 79.9 234.3 79.9 234.4
  79.9 234.5 79.9 234.6 79.9 234.6 79.9 234.6 79.9 234.6 79.9 234.5 79.9 234.5
  79.9 234.6 79.9 234.7 80.0 234.9 80.0 235.2 80.0 235.5 80.0 235.9 80.0 236.5
  80.1 237.2 80.1 237.9 80.2 238.6 80.2 239.4 80.2 240.3 80.3 241.3 80.3 242.4
  80.4 243.8 80.4 245.2 80.4 246.9 80.4 248.7 80.4 250.7 80.4 252.8 80.4 255.1
  80.3 257.4 80.2 259.8 80.1 262.3 80.0 264.8 79.9 267.4 79.7 271.0 79.6 274.4
  79.3 277.6 79.0 280.7 78.7 283.4 78.3 286.0 78.0 288.3 77.6 290.7 77.2 292.9
  76.7 294.8 76.2 296.6 75.7 298.2 75.2 299.7 74.7 301.2 74.1 302.4 73.5 303.6
  72.9 304.8 72.4 305.9 71.9 306.9 71.4 308.3 71.0 309.6 70.6 311.0 70.2 312.4
  69.8 313.9 69.5 316.1 69.0 318.3 68.5 320.5 67.9 322.6 67.3 324.9 66.6 327.0
  65.8 329.0 64.8 331.0 63.9 332.8 62.9 334.3 62.0 335.8 61.1 337.3 60.3 338.3
  59.5 339.4 58.8 340.1 58.0 340.7 57.2 341.4 56.5 341.8 55.8 342.1 55.1 342.1
  54.4 342.1 53.9 342.1 53.4 341.8 53.0 341.5 52.7 341.2 52.5 341.0 52.4 340.9
  52.3 340.7 52.3 340.7 52.3 340.7 52.4 340.7 52.5 340.9 52.6 341.1 52.7 341.3
  52.7 341.6 52.7 341.8 52.6 342.1 52.5 342.3 52.4 342.6 52.2 342.8 52.1 343.0
  51.8 343.2 51.6 343.3 51.3 343.5
   1 26 72  0.0
  72.5 321.4 72.4 320.4 72.3 319.5 72.1 318.7 72.0 317.9 71.8 317.3 71.6 316.7
  71.3 316.2 71.1 315.7 70.8 315.3 70.6 314.9 70.3 314.4 70.0 314.1 69.7 313.8
  69.5 313.5 69.3 313.3 69.1 313.1 68.9 312.9 68.7 312.8 68.5 312.7 68.4 312.7
  68.3 312.6 68.2 312.6 68.2 312.7 68.1 312.7 68.1 312.8 68.1 313.0 68.1 313.1
  68.1 313.2 68.1 313.4 68.0 313.5 68.0 313.7 68.0 313.9 68.0 314.1 68.0 314.3
  68.1 314.5 68.1 314.8 68.1 315.1 68.1 315.4 68.2 315.7 68.2 316.1 68.2 316.5
  68.2 317.0 68.3 317.5 68.3 318.0 68.4 318.6 68.5 319.3 68.6 320.0 68.6 320.8
  68.6 321.7 68.6 322.5 68.7 323.4 68.7 324.2 68.7 325.1 68.7 325.9 68.6 326.6
  68.6 327.3 68.6 328.1 68.5 328.8 68.3 329.5 68.1 330.1 67.8 330.8 67.6 331.5
  67.4 332.2 67.0 332.9 66.6 333.4 66.2 333.9 65.7 334.3 65.2 334.5 64.7 334.5
  64.1 334.5 63.5 334.4 62.8 334.0 61.9 333.6 61.1 332.7 60.2 331.8 59.6 330.8
  59.0 329.2 58.4 327.5 57.9 325.9 57.5 323.6 57.1 321.5 56.7 319.5 56.4 317.8
  56.2 316.2 55.9 314.7 55.8 312.8 55.8 310.7 55.8 308.7 55.8 306.6 55.7 304.6
  55.6 302.5 55.5 300.5 55.4 298.5 55.6 296.5 55.8 294.4 56.3 292.4 56.7 290.4
  57.1 288.4 57.5 286.3 57.9 284.3 58.2 282.3 58.6 280.6 58.9 278.8 59.3 277.1
  59.7 275.4 60.2 273.6 60.8 272.2 61.3 270.8 62.0 269.3 62.7 267.9 63.4 266.6
  64.1 265.3 64.8 264.1 65.5 262.7 66.2 261.4 66.9 260.4 67.6 259.4 68.3 258.4
  69.0 257.7 69.7 257.0 70.3 256.3 71.0 255.9 71.6 255.5 72.1 255.0 72.6 254.8
  73.1 254.7 73.6 254.5 74.0 254.4 74.5 254.5 74.9 254.6 75.3 254.6 75.6 254.6
  75.9 254.5 76.2 254.4 76.6 254.8 76.9 255.0 77.3 255.3 77.6 255.4 78.0 255.4
  78.4 256.2 78.8 257.1 79.2 257.9 79.6 258.8 80.0 259.8 80.5 262.3 80.8 265.0
  81.0 268.0 81.2 271.3 81.4 274.9 81.5 278.8 81.6 283.1 81.6 287.7 81.5 292.5
  81.3 297.4 81.0 302.3 80.5 306.8 79.8 310.7 79.0 313.0 78.2 315.2 77.3 317.1
  76.5 318.7 75.8 320.5 75.1 322.2 74.4 324.0 73.6 325.8 73.0 327.6 72.3 329.5
  71.6 331.3 70.9 333.0 70.2 334.7 69.5 336.5 68.8 338.2 68.2 340.1 67.4 341.9
  66.7 343.5 65.9 345.0 65.1 346.0 64.2 346.9 63.2 347.7 62.2 347.8 61.1 347.8
  60.0 347.3 59.0 346.3 58.0 345.3 57.1 344.2 56.3 342.6 55.7 340.8 55.1 338.6
  54.6 336.4 54.3 333.9 53.9 331.5 53.4 328.8 52.8 326.0 52.1 323.3 51.3 320.8
  50.5 318.3 49.8 315.9 49.2 313.8 48.5 311.8 47.9 310.0 47.1 308.2 46.1 306.6
  45.3 305.1 44.3 303.7 43.8 302.4 43.3 300.9 42.6 299.5 42.5 298.2 42.2 296.9
  41.7 295.7 41.5 294.1 41.1 292.7 40.6 291.4 41.0 290.1 41.5 288.8 41.9 287.7
  43.1 286.6 44.0 285.7 44.9 285.1 45.5 284.4 46.1 283.7 46.9 283.2 47.6 282.8
  48.2 282.4 48.9 282.1 49.5 281.7 50.0 281.4 50.5 280.8 51.0 280.3 51.4 279.8
  51.7 279.4 51.9 279.0 52.2 278.7 52.5 278.1 52.7 277.6 53.0 277.1 53.3 276.6
  53.6 276.2 53.9 275.7 54.1 275.4
   1 27 72  0.0
  72.5 321.4 72.3 320.2 72.0 319.1 71.8 318.1 71.5 317.0 71.3 316.1 71.1 315.3
  70.8 314.5 70.6 313.8 70.4 313.2 70.2 312.7 70.0 312.2 69.8 311.6 69.7 311.1
  69.5 310.6 69.4 310.2 69.2 309.8 69.0 309.4 68.8 309.1 68.6 308.8 68.4 308.5
  68.1 308.3 67.9 308.0 67.7 307.7 67.5 307.4 67.3 307.0 67.2 306.7 67.0 306.4
  66.9 306.1 66.8 305.9 66.7 305.6 66.7 305.4 66.6 305.1 66.6 304.9 66.6 304.7
  66.6 304.5 66.6 304.3 66.7 304.1 66.7 303.9 66.8 303.9 66.8 303.8 66.9 303.8
  66.9 303.9 66.9 304.0 66.9 304.2 66.8 304.4 66.8 304.7 66.8 305.0 66.7 305.4
  66.6 305.8 66.6 306.1 66.5 306.5 66.5 306.8 66.4 307.1 66.4 307.3 66.4 307.5
  66.4 307.7 66.4 307.8 66.4 307.9 66.4 308.0 66.4 308.1 66.4 308.1 66.5 308.1
  66.5 308.2 66.6 308.2 66.8 308.2 66.9 308.2 67.1 308.2 67.3 308.3 67.5 308.3
  67.8 308.3 68.0 308.3 68.3 308.5 68.6 308.8 68.9 309.0 69.2 309.3 69.4 309.5
  69.6 309.8 69.9 310.1 70.1 310.4 70.3 310.7 70.6 311.1 70.8 311.5 71.1 311.9
  71.3 312.3 71.6 312.8 71.8 313.4 72.1 314.0 72.3 314.8 72.4 315.6 72.6 316.6
  72.7 317.6 72.9 318.7 73.0 319.8 73.1 321.0 73.2 322.3 73.2 323.7 73.3 325.1
  73.3 326.5 73.3 328.0 73.3 329.4 73.2 330.9 73.1 332.3 72.9 333.7 72.8 335.2
  72.6 336.6 72.3 338.0 72.1 339.5 71.8 340.9 71.5 342.6 71.1 344.0 70.8 345.2
  70.3 346.2 69.9 346.9 69.4 347.1 68.9 347.2 68.3 347.2 67.7 347.2 67.1 346.7
  66.3 346.3 65.5 346.0 64.7 345.4 63.8 344.8 63.1 343.6 62.3 342.5 61.5 341.5
  60.8 339.8 60.0 338.3 59.2 336.5 58.4 334.9 57.2 333.5 56.0 332.1 54.8 330.4
  53.5 328.7 52.3 326.3 51.5 323.7 50.9 321.1 50.3 318.6 49.6 316.2 48.8 313.9
  47.9 311.5 47.3 309.1 46.7 306.6 46.4 304.0 46.2 301.4 46.1 298.9 46.0 296.4
  45.9 294.3 45.8 292.1 45.7 290.0 45.7 287.8 45.8 285.6 46.0 283.4 46.1 281.3
  46.2 279.0 46.3 276.8 46.3 274.5 46.3 272.3 46.4 270.2 46.6 268.2 46.8 266.2
  47.0 264.3 47.3 262.5 47.4 260.7 47.5 259.0 47.7 257.4 47.9 255.9 48.2 254.5
  48.5 253.0 48.8 251.6 49.0 250.2 49.2 248.7 49.5 247.3 49.5 245.9 49.6 244.6
  49.7 243.3 49.6 242.0 49.5 240.7 49.3 239.4 49.1 238.1 48.8 236.7 48.5 235.3
  48.1 233.8 47.7 232.3 47.4 230.8 47.0 229.3 46.6 227.9 46.4 226.5 46.3 225.2
  46.1 224.0 46.2 222.8 46.4 221.7 46.6 220.7 46.8 219.8 47.1 218.9 47.3 218.1
  47.5 217.2 47.7 216.4 47.9 215.7 48.0 214.9 48.1 214.2 48.1 213.7 48.2 213.2
  48.3 212.8 48.4 212.4 48.4 212.1 48.5 211.8 48.6 211.5 48.7 211.2 48.8 211.0
  48.9 210.8 49.0 210.6 49.1 210.4 49.2 210.2 49.3 210.0 49.4 209.8 49.4 209.6
  49.5 209.5 49.6 209.2 49.7 208.9 49.7 208.6 49.9 208.2 50.0 207.8 49.9 207.3
  49.9 206.8 49.8 206.3 49.7 205.8 49.5 205.2 49.4 204.7 49.2 204.2 49.0 203.7
  48.6 203.2 48.2 202.7 47.8 202.3 47.4 202.0 46.9 201.7 46.4 201.3 45.9 201.0
  45.4 200.7 44.8 200.4 44.2 200.1
   1 28 72  0.0
  72.5 321.4 71.5 321.1 70.5 321.1 69.4 321.0 68.4 321.4 67.3 321.6 66.3 322.1
  65.1 322.5 63.9 322.9 62.7 322.9 61.3 322.9 59.7 322.8 58.0 322.6 56.1 322.5
  54.1 322.1 52.2 321.3 50.4 320.0 48.6 318.3 46.9 316.3 45.4 314.4 43.7 312.5
  42.2 310.5 40.9 308.2 39.9 305.5 39.1 302.8 38.7 300.0 38.8 296.9 38.9 294.0
  39.2 291.3 39.5 288.8 39.8 286.4 40.0 284.2 40.3 281.6 40.6 279.1 41.0 276.8
  41.3 274.7 41.6 272.8 41.9 271.0 42.1 269.3 42.3 267.5 42.6 265.8 42.8 264.2
  43.0 262.6 43.1 261.1 43.2 259.6 43.0 258.2 42.9 256.8 42.8 255.4 42.6 254.1
  42.3 252.9 42.1 251.6 41.7 250.4 41.4 249.2 41.0 248.0 40.5 246.7 40.0 245.5
  39.6 244.2 39.2 242.9 38.6 241.5 38.0 240.1 37.5 238.7 36.9 237.2 36.4 235.7
  36.4 234.2 36.4 232.7 36.3 231.1 36.7 229.6 37.1 228.2 37.4 226.8 37.8 225.5
  38.3 224.2 38.7 222.9 39.2 221.7 39.8 220.5 40.4 219.5 40.8 218.4 41.3 217.4
  41.8 216.4 42.3 215.4 42.6 214.6 42.9 213.7 43.3 213.0 43.7 212.2 44.1 211.4
  44.4 210.8 44.8 210.1 45.1 209.5 45.5 208.8 45.8 208.1 46.1 207.3 46.5 206.8
  46.8 206.2 47.2 205.6 47.6 205.0 48.1 204.4 48.6 203.9 49.0 203.4 49.5 202.9
  49.9 202.5 50.3 202.0 50.6 201.6 50.9 201.3 51.1 200.9 51.3 200.7 51.5 200.4
  51.6 200.2 51.7 200.1 51.7 200.0 51.7 200.0 51.9 200.0 52.0 200.0 52.0 200.1
  52.0 200.1 52.0 200.1 52.0 200.1 52.1 200.1 52.1 200.2 52.1 200.3 52.1 200.4
  52.1 200.5 52.2 200.6 52.2 200.8 52.3 200.9 52.4 201.0 52.5 201.2 52.7 201.3
  52.9 201.4 53.1 201.6 53.4 201.7 53.7 201.9 54.0 202.0 54.4 202.1 54.8 202.2
  55.1 202.4 55.5 202.6 55.9 202.9 56.3 203.2 56.7 203.4 57.1 203.7 57.5 204.0
  57.9 204.3 58.3 204.7 58.7 204.9 59.1 205.0 59.6 205.2 60.0 205.4 60.3 205.7
  60.7 205.7 61.1 205.8 61.5 205.9 61.9 206.1 62.3 206.3 62.7 206.2 63.0 206.1
  63.4 206.1 63.7 206.0 64.0 206.0 64.3 205.5 64.6 205.1 64.9 204.6 65.2 204.2
  65.5 203.7 65.7 203.3 65.8 203.0 66.0 202.6 66.1 202.3 66.3 201.4 66.4 200.6
  66.6 199.8 66.5 198.9 66.5 198.1 66.5 197.3 66.4 196.4 66.4 195.6 66.2 194.8
  66.0 194.0 65.8 193.2 65.6 192.7 65.4 192.3 65.2 191.9 64.8 191.4 64.4 191.0
  64.0 190.7 63.6 190.3 63.3 190.2 62.9 190.1 62.5 190.0 62.2 189.9 61.8 189.9
  61.5 190.1 61.2 190.3 60.9 190.6 60.5 190.8 60.2 191.0 59.8 191.3 59.5 191.8
  59.2 192.3 59.0 192.8 58.9 193.3 58.7 193.8 58.5 194.3 58.4 194.9 58.2 195.4
  58.1 196.0 57.9 196.6 57.9 197.3 57.8 198.0 57.8 198.6 57.8 199.1 57.8 199.6
  57.8 200.1 58.1 200.5 58.3 200.7 58.6 200.8 58.9 201.0 59.1 201.1 59.4 201.1
  59.7 201.2 60.0 201.2 60.3 201.2 60.6 201.0 60.9 200.8 61.3 200.6 61.6 200.3
  62.0 200.1 62.3 199.8 62.5 199.2 62.7 198.6 62.9 198.0 63.0 197.4 63.2 196.7
  63.4 196.0 63.4 195.2 63.3 194.4 63.3 193.7 63.2 192.9 63.2 192.0 63.2 191.2
  62.9 190.4 62.7 189.6 62.4 188.7
   1 29 72  0.0
  72.5 321.4 71.8 319.9 71.1 318.7 70.4 317.7 69.7 316.8 69.0 316.2 68.3 315.7
  67.7 315.1 67.1 314.6 66.5 314.0 65.9 313.4 65.3 312.8 64.7 312.1 64.0 311.3
  63.5 310.7 63.1 310.3 62.6 309.9 62.2 309.6 61.8 309.3 61.5 309.0 61.1 308.8
  60.8 308.5 60.5 308.2 60.2 307.9 60.1 307.6 60.0 307.3 59.9 306.8 59.8 306.4
  59.7 306.0 59.6 305.7 59.6 305.4 59.5 305.2 59.4 305.0 59.4 304.9 59.3 304.8
  59.2 304.8 59.2 304.8 59.2 304.8 59.1 304.9 59.0 305.1 58.9 305.4 58.7 305.8
  58.6 306.3 58.4 306.9 58.2 307.6 58.0 308.5 57.0 308.8 56.1 309.1 55.0 309.5
  53.9 309.3 52.6 308.6 51.2 307.9 50.5 306.8 49.6 305.8 48.5 304.4 47.3 303.2
  46.7 301.3 46.0 299.6 46.0 297.9 45.8 295.3 45.9 292.7 46.0 289.9 46.3 287.8
  46.8 285.8 47.3 283.8 48.0 281.9 48.5 279.9 49.1 278.4 49.6 276.8 50.0 275.2
  50.7 274.1 51.3 273.0 51.9 271.9 52.7 270.8 53.4 270.3 54.0 269.7 54.5 269.1
  55.0 268.7 55.4 268.3 55.8 267.9 56.3 267.6 56.9 267.6 57.6 267.6 58.2 267.7
  58.9 268.3 59.3 268.8 59.7 269.3 60.1 269.8 60.5 270.4 60.9 271.0 61.2 271.6
  61.6 272.2 61.7 272.8 61.8 273.4 61.9 273.8 62.1 274.3 62.2 275.2 62.3 276.2
  62.4 277.2 62.5 278.0 62.6 278.9 62.7 279.7 62.8 280.6 62.8 281.4 62.9 282.2
  62.9 283.0 62.9 283.8 63.0 284.7 62.9 285.5 62.9 286.4 62.8 287.3 62.7 288.2
  62.5 289.1 62.3 290.0 62.0 290.8 61.7 291.6 61.4 291.7 61.1 291.8 60.7 291.9
  60.3 291.9 59.9 292.0 59.2 291.3 58.7 290.6 58.2 290.0 57.6 289.4 57.0 288.4
  56.4 287.6 56.0 286.8 55.5 285.8 55.0 284.8 54.4 284.0 54.1 283.2 53.8 282.5
  53.5 281.4 53.2 280.4 52.9 279.3 52.7 278.2 52.6 277.1 52.4 276.0 52.2 275.0
  52.1 273.9 52.0 272.8 51.8 272.1 51.6 271.5 51.6 270.9 51.5 270.3 51.4 269.7
  51.3 269.0 51.2 268.2 51.1 267.5 51.1 266.7 51.1 266.0 51.2 265.2 51.2 264.4
  51.2 263.7 51.4 263.0 51.6 262.4 51.7 261.8 51.9 261.1 52.0 260.4 52.1 259.4
  52.2 258.4 52.3 257.4 52.4 256.4 52.5 255.4 52.7 254.4 52.9 253.5 53.1 252.6
  53.3 251.7 53.5 250.8 53.6 249.9 53.7 248.8 53.8 247.7 53.8 246.6 53.9 245.5
  53.9 244.4 53.9 243.3 53.8 242.3 53.7 241.2 53.6 240.2 53.6 239.2 53.3 238.2
  53.0 237.2 52.7 236.2 52.4 235.2 52.0 234.2 51.7 233.2 51.3 232.2 51.0 231.2
  50.6 230.2 50.3 229.1 49.9 228.0 49.6 226.6 49.2 225.1 48.9 223.5 48.6 221.9
  48.3 220.3 48.0 218.6 47.8 216.9 47.5 215.0 47.4 213.1 47.2 211.3 47.2 209.6
  47.1 208.0 47.2 206.4 47.2 205.0 47.2 203.8 47.1 202.7 47.0 201.8 46.8 201.0
  46.7 200.3 46.5 199.7 46.2 199.2 45.8 198.7 45.4 197.9 45.0 197.1 44.5 196.4
  44.1 195.7 43.6 194.9 43.1 193.8 42.7 192.7 42.2 191.6 41.9 190.5 41.5 189.1
  41.2 187.7 40.8 186.4 40.4 185.1 39.9 183.8 39.5 182.3 39.0 180.9 38.6 179.6
  38.5 178.3 38.3 177.1 38.2 176.0 38.4 174.9 38.5 173.8 38.6 172.7 38.6 171.7
  38.8 170.7 38.9 169.7 39.0 168.7
   1 30 72  0.0
  72.5 321.4 71.7 319.8 71.0 318.9 70.3 318.2 69.5 317.6 68.8 317.6 68.2 317.7
  67.5 317.7 66.9 318.0 66.3 318.2 65.7 318.4 65.3 318.4 64.8 318.4 64.4 318.2
  64.0 318.1 63.6 317.9 63.1 317.8 62.7 317.7 62.2 317.7 61.7 317.8 61.3 318.0
  60.8 318.3 60.3 318.7 59.8 319.1 59.3 319.8 58.9 320.5 58.0 321.2 57.1 321.5
  56.1 321.7 55.1 321.8 54.0 321.6 52.8 321.4 51.6 321.0 50.4 320.5 49.1 320.0
  48.2 319.1 47.3 318.1 46.3 316.6 45.3 315.1 44.4 313.4 43.5 311.7 43.0 309.6
  42.5 307.4 42.4 305.0 42.2 302.7 42.5 300.3 42.7 297.9 43.4 295.5 44.3 293.2
  45.2 291.1 46.0 289.0 46.7 286.8 47.3 284.7 48.0 282.7 48.6 280.7 49.3 278.8
  49.8 277.0 50.4 275.1 51.0 273.3 51.5 271.4 52.1 269.6 52.8 267.9 53.5 266.2
  54.2 264.8 55.0 263.4 55.7 262.0 56.4 260.7 57.2 259.3 57.9 257.9 58.7 256.6
  59.5 255.2 60.2 253.9 61.0 252.9 61.7 251.8 62.5 250.8 63.3 249.9 64.1 249.0
  64.9 247.9 65.8 246.7 66.6 245.4 67.5 244.0 68.4 242.5 69.2 241.2 69.9 239.7
  70.5 238.2 71.2 236.7 71.8 235.1 72.2 233.2 72.8 231.2 73.2 229.0 73.7 226.6
  74.1 224.1 74.5 221.8 74.9 219.4 75.2 217.1 75.5 214.9 75.8 212.7 76.0 210.7
  76.3 209.2 76.5 207.7 76.6 206.2 76.7 204.8 76.7 203.3 76.7 201.8 76.7 200.4
  76.6 199.0 76.5 197.7 76.3 196.5 76.1 195.2 75.9 194.1 75.7 193.7 75.5 193.2
  75.2 192.7 74.9 192.2 74.6 191.6 74.3 190.9 74.0 190.2 73.7 189.5 73.3 189.4
  73.0 189.3 72.7 189.2 72.3 189.0 72.0 188.8 71.7 189.6 71.3 190.4 71.0 191.1
  70.7 191.9 70.5 192.5 70.2 193.2 69.9 193.7 69.6 195.0 69.4 196.2 69.2 197.4
  69.0 198.6 68.9 199.8 68.8 200.9 68.7 202.0 68.6 203.0 68.6 204.0 68.5 204.9
  68.6 205.8 68.7 206.6 68.7 207.4 68.9 208.2 69.0 209.0 69.2 209.7 69.4 210.5
  69.6 211.2 69.9 212.0 70.1 212.7 70.5 212.9 70.9 213.2 71.3 213.5 71.7 213.8
  72.1 214.2 72.5 213.9 73.0 213.7 73.4 213.5 73.8 213.3 74.1 213.1 74.6 212.1
  75.0 211.1 75.3 210.1 75.6 209.1 76.0 208.1 76.3 207.0 76.6 205.6 76.9 204.1
  77.2 202.6 77.4 201.0 77.6 199.3 77.7 197.4 77.9 195.4 77.9 193.3 77.9 191.0
  77.9 188.7 77.9 186.4 77.8 184.1 77.8 181.7 77.7 179.5 77.4 177.3 77.2 175.3
  76.9 173.4 76.6 171.6 76.1 170.1 75.6 168.6 75.1 167.3 74.6 166.1 74.0 165.0
  73.4 163.9 72.8 163.3 72.1 162.7 71.5 162.2 70.8 161.9 70.2 161.7 69.5 161.4
  68.8 161.3 68.2 161.2 67.4 161.1 66.8 161.2 66.1 161.3 65.3 161.3 64.7 161.5
  64.0 161.7 63.4 161.8 62.8 162.2 62.2 162.5 61.6 162.9 61.2 163.5 60.7 164.2
  60.3 164.8 59.9 165.5 59.6 166.5 59.2 167.4 58.9 168.4 58.4 169.3 57.9 170.1
  57.4 171.0 56.9 171.8 56.3 172.5 55.6 173.2 54.9 173.8 54.3 174.4 53.6 175.0
  52.9 175.4 52.3 175.9 51.7 176.3 51.2 176.5 50.6 176.6 50.2 176.8 49.7 177.0
  49.4 176.8 49.0 176.6 48.8 176.4 48.5 176.1 48.3 175.9 48.1 175.6 48.0 175.4
  47.8 174.8 47.7 174.2 47.6 173.6
   1 31 72  0.0
  72.5 321.4 71.4 320.0 70.4 319.2 69.4 318.6 68.4 318.5 67.5 318.6 66.6 318.9
  65.7 319.3 65.0 319.5 64.3 319.8 63.6 320.1 62.9 320.1 62.1 320.1 61.4 320.1
  60.6 319.7 60.0 319.5 59.5 319.2 58.9 318.8 58.3 318.5 57.7 318.1 57.2 317.6
  56.7 317.1 56.1 316.5 55.6 316.0 55.1 315.3 54.8 314.6 54.6 314.0 54.4 313.5
  54.1 313.0 53.9 312.6 53.6 311.8 53.5 311.1 53.3 310.4 53.1 309.7 52.9 308.9
  52.7 308.2 52.5 307.4 52.4 306.6 52.2 305.7 52.1 304.9 52.0 304.1 51.9 303.2
  52.0 302.0 52.0 300.9 52.0 299.7 52.1 298.7 52.3 297.8 52.4 296.8 52.5 295.8
  52.7 294.7 52.9 293.7 53.0 292.6 53.2 291.5 53.4 290.4 53.5 289.2 53.7 288.1
  53.8 286.8 53.9 285.6 54.1 284.3 54.3 283.3 54.5 282.1 54.7 281.0 55.0 279.8
  55.3 278.5 55.6 277.3 56.0 276.1 56.3 274.8 56.8 273.8 57.2 272.7 57.6 271.6
  58.1 270.5 58.6 269.6 59.1 268.6 59.6 267.6 60.1 266.5 60.7 265.7 61.2 264.9
  61.8 264.1 62.3 263.2 62.8 262.5 63.4 261.9 63.9 261.1 64.4 260.4 64.9 259.8
  65.5 259.2 66.2 258.6 66.8 258.2 67.5 257.8 68.1 257.4 68.8 257.0 69.5 256.5
  70.1 256.0 70.8 255.5 71.4 254.8 72.0 254.1 72.7 253.6 73.3 253.0 73.9 252.3
  74.4 251.6 75.1 251.3 75.7 250.8 76.3 250.2 76.9 249.9 77.5 249.3 78.0 248.5
  78.6 248.2 79.2 247.8 79.7 247.2 80.1 246.4 80.7 246.8 81.2 247.3 81.7 247.8
  82.2 248.4 82.7 250.2 83.2 252.1 83.7 254.2 84.1 256.4 84.6 259.4 85.0 262.9
  85.4 266.9 85.8 271.6 86.0 277.1 86.3 284.0 86.4 291.5 86.4 298.9 86.3 306.0
  86.2 312.5 85.9 318.2 85.7 322.0 85.4 325.3 85.2 328.2 84.9 330.6 84.5 332.7
  84.2 334.4 83.8 336.0 83.5 336.9 83.2 337.7 82.9 338.4 82.6 339.0 82.2 339.5
  81.8 339.9 81.5 340.1 81.2 340.2 80.9 340.3 80.6 340.3 80.2 340.3 79.9 340.2
  79.6 340.2 79.3 340.1 79.1 340.0 78.8 339.9 78.6 339.7 78.4 339.5 78.2 339.2
  78.0 338.9 77.8 338.7 77.7 338.3 77.6 337.9 77.5 337.4 77.4 336.9 77.3 336.4
  77.2 335.9 77.2 335.4 77.1 335.0 77.1 334.5 77.0 334.1 77.0 333.7 76.9 333.4
  76.9 333.1 76.9 332.9 76.8 332.7 76.8 332.6 76.7 332.6 76.7 332.6 76.6 332.7
  76.5 332.9 76.5 333.1 76.4 333.4 76.3 333.7 76.2 334.1 76.1 334.5 76.0 335.0
  75.9 335.5 75.8 336.2 75.7 336.8 75.6 337.5 75.4 338.3 75.3 339.0 75.2 339.8
  75.1 340.7 75.0 341.5 74.9 342.4 74.7 343.4 74.7 344.3 74.5 345.2 74.3 345.9
  74.1 346.6 74.0 347.2 73.8 348.0 73.5 348.8 73.3 349.6 73.0 350.3 72.7 351.0
  72.4 351.6 72.0 352.2 71.6 352.8 71.1 353.2 70.6 353.4 70.1 353.5 69.6 353.5
  69.0 353.0 68.5 352.5 68.0 352.0 67.5 351.0 66.8 350.1 66.1 349.3 65.4 348.7
  64.6 347.8 63.7 347.0 62.9 345.7 62.2 344.5 61.5 343.3 60.8 341.6 60.1 340.0
  59.5 338.5 58.7 336.9 57.9 335.4 56.7 334.0 55.5 332.8 54.3 331.2 53.0 329.6
  52.0 327.3 51.2 325.0 50.5 322.6 49.9 320.2 49.3 318.1 48.5 316.0 47.5 313.7
  46.7 311.5 46.1 309.1 45.5 306.6
