   9  1 72  0.0
  72.5 321.4 72.1 320.3 71.7 319.1 71.4 318.1 71.0 317.1 70.6 316.1 70.3 315.1
  69.9 314.1 69.5 313.2 69.2 312.4 68.8 311.5 68.5 310.7 68.2 309.8 67.9 309.0
  67.6 308.2 67.3 307.5 67.1 306.7 66.9 305.9 66.7 305.2 66.5 304.4 66.3 303.7
  66.2 302.9 66.1 302.1 66.0 301.3 65.9 300.5 65.9 300.0 65.9 299.4 65.9 298.9
  66.0 298.3 66.0 297.8 66.1 296.9 66.1 296.0 66.2 295.1 66.3 294.1 66.4 293.1
  66.5 292.1 66.6 291.1 66.8 290.0 66.9 288.9 67.1 287.8 67.2 286.7 67.3 285.6
  67.4 284.5 67.5 283.4 67.6 282.3 67.7 281.3 67.7 280.3 67.8 279.3 68.0 278.3
  68.1 277.4 68.2 276.3 68.3 275.2 68.4 274.2 68.6 273.3 68.7 272.4 68.9 271.6
  69.1 270.8 69.3 270.1 69.6 269.5 69.9 268.9 70.1 268.4 70.5 267.9 70.8 267.5
  71.2 267.1 71.5 266.6 71.9 266.2 72.2 265.8 72.6 265.6 73.0 265.4 73.4 265.2
  73.8 265.1 74.2 264.9 74.6 265.3 75.1 265.8 75.5 266.2 75.9 266.7 76.3 267.2
  76.8 268.1 77.3 269.0 77.7 270.0 78.1 271.0 78.6 272.2 79.1 273.6 79.5 275.0
  79.9 276.5 80.3 278.1 80.8 279.8 81.2 281.7 81.6 283.7 82.0 286.0 82.5 288.0
  82.9 290.3 83.4 292.8 83.7 295.6 84.1 298.8 84.6 301.4 85.0 304.4 85.4 307.9
  85.7 312.2 86.0 317.1 86.5 320.8 86.9 325.6 87.2 331.5 87.5 338.9 87.7 347.8
  87.8 357.8 87.9   8.3 87.9   8.7 88.0   9.1 88.0   9.5 88.1   9.8 88.2  10.2
  88.3  10.6 88.4  11.0 88.5  11.4 88.6  11.8 88.7  12.2 88.8  12.6 88.9  12.9
  89.1  13.3 89.2  13.7 89.4  14.1 89.5  14.5 89.7  14.9 89.8  15.2 90.0 195.6
  89.6 159.5 89.3 143.4 89.1 135.1 88.8 130.6 88.5 128.0 88.2 126.3 87.9 125.3
  87.6 124.5 87.3 124.1 87.0 124.0 86.6 124.0 86.1 124.1 85.5 124.3 85.1 123.2
  84.6 122.2 84.1 121.4 83.5 120.8 83.0 119.4 82.5 118.2 81.9 117.1 81.4 115.5
  80.8 114.0 80.2 112.6 79.5 111.3 78.9 110.0 78.3 108.7 77.6 107.5 77.0 106.6
  76.4 105.7 75.8 104.8 75.2 104.2 74.7 103.7 74.1 103.0 73.4 102.4 72.9 101.8
  72.3 101.2 71.7 100.6 71.2  99.7 70.8  98.9 70.4  98.0 70.0  97.0 69.6  96.1
  69.2  95.1 68.9  94.1 68.6  93.0 68.3  91.8 68.2  90.6 68.0  89.3 67.8  88.2
  67.6  86.9 67.6  85.7 67.6  84.3 67.5  82.9 67.7  81.4 67.8  79.8 68.1  79.1
  68.4  78.4 68.7  77.7 68.9  77.0 69.0  76.2 69.2  75.5 69.3  74.7 69.5  73.9
  69.6  73.1 69.6  72.3 69.6  71.5 69.7  70.6 69.8  69.8 69.8  68.9 69.9  68.0
  69.9  67.1 70.0  66.2 70.1  65.2 70.2  64.2 70.3  63.2 70.4  62.2 70.5  61.2
  70.6  60.2 70.6  59.2 70.7  58.2 70.8  57.2 70.9  56.3 71.0  55.4 71.1  54.4
  71.1  53.5 71.2  52.6 71.2  51.8 71.2  50.9 71.2  50.0 71.2  49.2 71.1  48.3
  71.0  47.5 70.9  46.6 70.7  45.8 70.5  44.9 70.3  44.1 70.1  43.3 69.8  42.4
  69.5  41.6 69.3  40.8 69.0  39.9 68.6  39.1 68.2  38.2 67.8  37.4 67.4  36.6
  67.0  35.9 66.6  35.1 66.1  34.4 65.7  33.6 65.3  33.0 64.8  32.4 64.4  31.7
  64.0  31.1 63.5  30.6 63.1  30.2
   9  2 72  0.0
  72.5 321.4 72.3 320.5 72.2 319.6 72.0 318.7 71.8 317.8 71.6 316.9 71.4 316.0
  71.2 315.1 71.0 314.3 70.8 313.5 70.6 312.8 70.4 312.0 70.2 311.3 70.1 310.7
  70.1 309.9 70.0 309.1 69.9 308.3 69.8 307.3 69.8 306.3 69.8 305.2 69.8 304.2
  69.7 303.1 69.7 302.0 69.6 300.9 69.6 299.9 69.6 298.8 69.6 297.7 69.7 296.5
  69.7 295.3 69.8 294.1 69.9 292.8 69.9 291.4 70.1 290.0 70.3 288.6 70.4 287.2
  70.6 285.8 70.7 284.3 70.9 282.8 71.1 281.3 71.2 279.8 71.5 278.3 71.7 276.8
  71.9 275.4 72.2 274.0 72.5 273.2 72.9 272.3 73.3 271.5 73.7 270.7 74.2 269.8
  74.7 269.5 75.2 269.2 75.6 269.0 76.1 268.7 76.6 269.2 77.0 269.7 77.4 270.3
  77.8 271.0 78.2 271.9 78.5 273.2 78.8 274.6 79.1 276.2 79.3 277.9 79.5 279.7
  79.6 281.6 79.7 283.5 79.8 285.6 79.8 287.8 79.8 290.0 79.7 292.3 79.5 294.6
  79.3 296.9 79.0 299.1 78.6 301.3 78.2 303.4 77.7 305.2 77.3 307.0 76.8 308.7
  76.2 310.2 75.5 311.5 74.9 312.5 74.2 313.5 73.5 314.3 72.9 315.2 72.3 316.0
  71.5 316.9 70.9 317.7 70.3 318.5 69.8 319.4 69.3 320.1 68.8 320.9 68.3 321.8
  67.8 322.9 67.5 324.1 66.9 325.5 66.4 326.9 65.9 328.6 65.1 329.6 64.3 330.7
  63.5 331.7 62.7 332.0 62.0 332.3 61.0 332.0 60.4 331.7 59.8 331.6 59.2 331.0
  58.7 330.5 58.1 330.0 57.6 329.7 57.1 328.9 56.6 328.1 56.1 327.2 55.9 326.4
  55.7 325.0 55.4 323.5 55.3 322.1 55.1 320.6 54.9 319.1 54.8 317.6 54.6 316.1
  54.4 314.5 54.5 312.9 54.5 311.2 54.9 309.4 55.4 307.6 56.0 305.9 56.7 304.5
  57.4 303.0 58.1 301.6 58.9 300.4 59.6 299.2 60.1 297.8 60.7 296.7 61.2 295.6
  61.5 294.4 61.9 293.1 62.3 291.8 62.6 290.9 63.0 289.9 63.4 288.9 63.8 287.9
  64.2 286.9 64.7 286.0 65.1 285.2 65.6 284.2 66.0 283.2 66.4 282.4 66.9 281.6
  67.4 280.7 67.9 279.8 68.2 278.9 68.6 278.0 69.0 277.0 69.4 276.0 69.7 274.8
  70.0 273.7 70.4 272.7 70.8 271.6 71.0 270.5 71.3 269.4 71.7 268.3 72.0 267.2
  72.2 266.2 72.4 265.3 72.6 264.3 72.9 263.3 73.0 262.2 73.2 261.1 73.4 260.0
  73.5 258.8 73.6 257.6 73.7 256.5 73.9 255.3 74.0 254.2 74.1 253.1 74.2 252.3
  74.3 251.5 74.4 250.7 74.5 249.8 74.6 249.0 74.7 248.1 74.8 247.2 74.9 246.3
  74.9 245.4 75.1 244.6 75.2 243.7 75.3 242.7 75.4 241.8 75.5 240.9 75.6 240.0
  75.7 239.0 75.8 238.1 76.0 237.1 76.1 236.2 76.2 235.4 76.3 234.6 76.4 233.9
  76.6 233.2 76.7 232.5 76.9 231.7 77.0 231.0 77.1 230.3 77.2 229.6 77.4 229.0
  77.5 228.3 77.7 227.6 77.8 227.0 78.0 226.3 78.1 225.6 78.3 225.3 78.5 224.8
  78.7 224.3 78.9 223.8 79.0 223.2 79.2 222.6 79.3 222.0 79.5 221.3 79.7 220.6
  79.8 219.8 79.9 219.0 80.1 218.2 80.2 217.6 80.4 216.9 80.6 216.2 80.7 215.4
  80.8 214.6 81.0 213.7 81.1 212.8 81.2 211.8 81.3 210.8 81.4 209.7 81.5 208.7
  81.6 207.7 81.7 206.7 81.8 205.8 81.9 204.9 81.9 204.1 82.0 203.2 82.1 202.0
  82.2 200.8 82.3 199.7 82.3 198.6
   9  3 72  0.0
  72.5 321.4 72.4 319.5 72.3 317.7 72.2 316.1 72.1 314.6 71.9 313.2 71.7 311.8
  71.5 310.4 71.2 309.2 71.0 308.1 70.8 307.0 70.5 306.0 70.3 305.0 70.0 304.1
  69.8 303.0 69.6 302.0 69.3 301.1 69.1 300.2 68.9 299.4 68.7 298.5 68.5 297.8
  68.4 297.0 68.2 296.3 68.0 295.5 67.8 294.9 67.6 294.2 67.5 293.6 67.3 293.0
  67.2 292.4 67.1 291.8 66.9 291.2 66.8 290.5 66.7 289.9 66.6 289.2 66.5 288.5
  66.4 287.8 66.3 287.1 66.1 286.3 66.0 285.5 66.0 284.7 65.9 283.9 65.9 283.0
  65.8 282.2 65.8 281.3 65.8 280.4 65.9 279.5 65.9 278.7 65.8 277.8 65.8 276.9
  65.8 276.1 65.8 275.2 65.8 274.3 65.8 273.5 65.8 272.6 65.8 271.7 65.8 270.8
  65.8 269.8 65.9 268.8 65.9 267.8 66.0 266.8 66.0 265.7 66.1 264.7 66.2 263.6
  66.3 262.6 66.5 261.5 66.6 260.5 66.8 259.5 67.0 258.6 67.2 257.6 67.4 256.7
  67.6 255.7 67.8 254.8 68.0 253.9 68.2 252.9 68.4 252.0 68.6 251.0 68.8 250.1
  68.9 249.1 69.1 248.1 69.2 247.2 69.4 246.2 69.5 245.3 69.6 244.5 69.8 243.6
  69.8 242.8 69.9 242.0 70.0 241.3 70.1 240.6 70.1 240.1 70.2 239.6 70.2 239.1
  70.2 238.7 70.2 238.3 70.2 237.9 70.2 237.5 70.2 237.2 70.2 236.9 70.1 236.6
  70.1 236.3 70.1 236.0 70.1 235.7 70.1 235.3 70.0 235.0 70.0 234.6 70.0 234.2
  70.0 233.5 69.9 232.7 69.9 232.0 70.0 231.2 70.1 230.4 70.1 229.9 70.2 229.3
  70.3 228.8 70.4 228.1 70.4 227.5 70.6 226.8 70.8 226.2 71.0 225.5 71.2 224.9
  71.4 224.2 71.6 223.6 71.9 222.9 72.2 222.3 72.6 221.9 72.9 221.4 73.2 221.0
  73.5 220.5 73.7 220.0 74.0 219.5 74.3 219.0 74.6 218.7 74.9 218.4 75.2 218.1
  75.4 217.8 75.7 217.4 75.9 217.0 76.1 216.6 76.3 216.5 76.5 216.4 76.7 216.3
  76.9 216.2 77.0 216.2 77.2 216.1 77.3 216.0 77.4 216.0 77.5 216.0 77.7 215.9
  77.8 216.0 77.8 216.0 77.9 216.0 78.0 216.1 78.1 216.7 78.2 217.4 78.3 218.1
  78.4 218.9 78.5 219.7 78.6 220.6 78.7 221.5 78.7 222.4 78.8 223.4 78.9 224.4
  79.0 225.4 79.1 226.4 79.1 227.4 79.2 228.5 79.3 229.6 79.4 230.7 79.4 231.8
  79.5 233.0 79.5 234.2 79.5 235.4 79.5 236.7 79.5 238.0 79.5 239.3 79.6 240.6
  79.6 242.0 79.6 243.3 79.6 244.6 79.6 245.9 79.6 247.1 79.6 248.3 79.7 249.5
  79.7 250.6 79.7 251.7 79.8 252.7 79.8 253.7 79.8 254.7 79.9 255.7 80.0 256.6
  80.0 257.6 80.1 258.9 80.2 260.2 80.3 261.5 80.4 262.8 80.5 264.2 80.7 265.5
  80.8 266.9 80.9 268.4 81.1 269.9 81.2 271.4 81.4 273.1 81.5 274.8 81.7 276.7
  81.8 278.7 82.0 280.8 82.2 283.2 82.4 285.6 82.7 288.1 82.8 290.7 83.0 293.4
  83.1 296.2 83.2 299.0 83.3 301.9 83.3 304.7 83.3 307.5 83.3 310.1 83.3 312.5
  83.2 314.8 83.1 316.9 83.0 318.7 82.8 320.4 82.7 321.8 82.5 323.1 82.3 324.1
  82.1 324.9 81.9 325.6 81.8 326.8 81.6 327.7 81.3 328.5 81.1 329.1 80.9 329.5
  80.7 329.7 80.4 329.8 80.1 329.8 79.8 329.7 79.6 329.6 79.3 329.3 79.0 328.9
  78.6 328.3 78.3 327.7 77.8 327.0
   9  4 72  0.0
  72.5 321.4 72.2 319.9 71.9 318.5 71.6 317.1 71.3 315.8 71.1 314.5 70.8 313.3
  70.5 312.2 70.2 311.2 69.9 310.2 69.6 309.1 69.3 308.1 69.0 307.2 68.7 306.3
  68.3 305.5 67.9 304.8 67.5 303.9 67.2 303.1 66.8 302.3 66.3 301.7 65.8 301.1
  65.3 300.0 64.8 299.0 64.3 298.1 63.7 297.3 63.1 295.8 62.7 294.4 62.3 293.2
  61.9 292.1 61.4 290.7 61.1 289.4 60.8 288.1 60.5 286.9 60.4 285.8 60.4 284.7
  60.3 283.6 60.3 282.5 60.4 281.4 60.5 280.3 60.5 279.3 60.8 278.3 61.0 277.4
  61.2 276.5 61.4 275.6 61.8 274.8 62.1 274.0 62.5 273.5 62.8 273.0 63.1 272.5
  63.4 272.0 63.8 271.5 64.1 270.9 64.4 270.5 64.7 270.0 64.9 269.5 65.2 268.9
  65.3 268.2 65.5 267.5 65.7 266.7 65.8 265.9 66.0 265.0 66.1 264.0 66.2 263.1
  66.4 262.3 66.6 261.3 66.8 260.3 67.0 259.3 67.3 258.3 67.5 257.2 67.8 256.1
  68.1 255.0 68.4 254.0 68.8 253.0 69.1 252.0 69.4 250.9 69.7 249.7 70.0 248.5
  70.3 247.6 70.6 246.6 70.9 245.5 71.1 244.3 71.3 243.1 71.5 241.8 71.6 240.3
  71.7 238.8 71.9 237.3 72.0 235.7 72.0 234.0 72.1 232.8 72.2 231.5 72.2 230.3
  72.3 229.0 72.3 227.8 72.4 226.6 72.4 225.3 72.5 224.0 72.5 222.8 72.6 221.5
  72.6 220.3 72.7 219.0 72.7 217.8 72.8 216.7 72.8 215.5 72.9 214.4 72.9 213.3
  73.0 212.2 73.1 211.2 73.2 210.2 73.3 209.2 73.4 208.3 73.5 207.4 73.7 206.5
  73.8 205.6 73.9 204.7 74.1 203.8 74.3 203.5 74.4 203.1 74.6 202.6 74.7 202.1
  74.9 201.6 75.0 201.1 75.2 200.5 75.3 199.9 75.4 199.2 75.5 198.5 75.6 197.7
  75.6 196.9 75.7 196.1 75.7 195.3 75.7 194.4 75.7 193.4 75.6 192.5 75.6 191.5
  75.4 190.6 75.3 189.6 75.1 188.7 75.0 187.7 74.8 186.8 74.6 185.9 74.4 185.0
  74.2 184.1 74.0 183.2 73.8 182.3 73.5 181.6 73.3 180.8 73.1 180.1 72.8 179.3
  72.6 178.6 72.3 177.8 72.1 176.9 71.8 176.1 71.6 175.6 71.4 175.1 71.3 174.6
  71.1 174.1 70.9 173.6 70.8 173.1 70.6 172.6 70.5 172.1 70.3 171.5 70.2 170.9
  70.1 170.2 69.9 169.5 69.8 169.0 69.7 168.4 69.6 167.8 69.5 167.2 69.3 166.4
  69.2 165.6 69.1 164.8 69.0 163.9 68.8 163.0 68.7 162.1 68.6 161.2 68.4 160.2
  68.2 159.3 68.0 158.4 67.8 157.6 67.5 157.1 67.3 156.6 67.0 156.1 66.6 155.7
  66.4 155.3 66.1 154.8 65.7 154.3 65.4 153.9 65.0 153.4 64.6 153.0 64.2 152.5
  63.7 152.1 63.2 151.6 62.7 151.2 62.3 150.8 61.8 150.4 61.4 150.1 61.0 149.7
  60.6 149.3 60.2 148.9 59.8 148.5 59.4 148.1 58.9 147.7 58.7 147.3 58.4 146.9
  58.1 146.6 57.8 146.3 57.4 145.7 57.1 145.2 56.7 144.7 56.4 144.2 56.0 143.7
  55.8 143.1 55.7 142.5 55.5 142.0 55.3 141.5 55.1 141.0 54.9 140.7 54.6 140.3
  54.3 140.0 54.0 139.7 54.1 139.4 54.1 139.1 54.0 138.7 54.0 138.4 54.0 138.0
  53.9 137.5 53.8 137.0 53.7 136.5 53.5 136.0 53.3 135.6 53.4 135.2 53.5 134.8
  53.5 134.4 53.5 134.0 53.5 133.6 53.5 133.2 53.4 132.8 53.4 132.4 53.3 132.0
  53.5 131.6 53.7 131.2 53.9 130.8
   9  5 72  0.0
  72.5 321.4 72.7 321.0 72.8 320.5 72.9 320.0 73.1 319.4 73.2 318.8 73.3 318.0
  73.5 317.2 73.6 316.3 73.6 315.4 73.8 314.4 73.8 313.3 73.9 312.2 74.0 311.0
  74.1 309.7 74.1 308.9 74.2 308.1 74.2 307.3 74.3 306.4 74.4 305.6 74.4 304.7
  74.4 303.8 74.5 303.0 74.5 302.1 74.6 301.2 74.6 300.4 74.6 299.5 74.6 298.7
  74.7 297.8 74.7 297.0 74.7 296.2 74.8 295.4 74.8 294.6 74.9 293.9 74.9 293.1
  75.0 292.4 75.0 291.7 75.0 291.1 75.1 290.4 75.1 289.8 75.2 289.2 75.2 288.6
  75.2 288.0 75.3 287.5 75.3 287.0 75.3 286.5 75.4 286.0 75.4 285.5 75.4 285.0
  75.5 284.6 75.5 284.1 75.5 283.7 75.6 283.2 75.6 282.8 75.7 282.3 75.8 281.9
  75.9 281.4 75.9 280.9 76.0 280.5 76.1 279.5 76.1 278.5 76.2 277.6 76.2 276.7
  76.3 275.8 76.3 274.9 76.4 274.0 76.5 273.2 76.6 272.4 76.7 271.6 76.8 270.8
  76.9 270.1 77.1 269.3 77.2 268.5 77.4 267.8 77.6 267.1 77.7 266.4 77.9 265.7
  78.1 265.1 78.3 263.8 78.4 262.5 78.6 261.3 78.8 260.1 79.0 259.1 79.1 258.1
  79.2 257.2 79.4 256.3 79.6 255.5 79.7 254.8 79.8 254.0 79.9 253.2 80.1 252.5
  80.3 251.4 80.4 250.4 80.6 249.4 80.8 248.4 81.0 247.4 81.2 246.4 81.3 245.4
  81.5 244.5 81.7 243.7 81.8 242.8 82.0 242.1 82.2 241.2 82.5 240.4 82.7 239.5
  82.9 238.7 83.1 237.9 83.3 237.1 83.5 236.4 83.7 235.6 83.9 234.9 84.1 234.2
  84.3 233.4 84.6 232.6 84.8 231.8 85.0 231.0 85.2 230.2 85.4 229.3 85.6 228.5
  85.7 227.6 85.9 226.7 86.0 225.8 86.1 224.9 86.3 224.8 86.5 224.6 86.6 224.5
  86.7 224.3 86.9 224.0 86.9 223.7 87.0 223.4 87.1 223.0 87.1 222.6 87.1 222.1
  87.2 221.6 87.2 221.0 87.2 220.4 87.2 219.8 87.2 219.1 87.1 218.5 87.1 217.8
  87.1 217.1 87.0 216.4 87.0 215.7 86.9 214.9 86.8 214.2 86.7 213.5 86.7 212.8
  86.6 211.9 86.5 211.0 86.4 210.0 86.3 208.9 86.2 207.8 86.0 206.7 85.9 205.6
  85.8 204.4 85.7 203.2 85.6 202.1 85.5 201.0 85.3 200.0 85.2 199.2 85.0 198.4
  84.9 197.7 84.7 197.1 84.5 196.6 84.3 196.2 84.1 195.8 83.9 195.5 83.7 195.1
  83.5 194.8 83.3 194.5 83.2 194.3 83.0 194.2 82.8 194.3 82.5 194.4 82.3 194.7
  82.1 195.1 81.8 195.5 81.6 195.4 81.4 195.4 81.2 195.5 80.9 195.6 80.7 195.8
  80.4 196.1 80.2 196.3 79.9 196.5 79.7 196.0 79.5 195.6 79.3 195.2 79.1 194.9
  78.8 194.6 78.6 194.5 78.3 194.3 78.1 194.2 77.8 194.2 77.6 193.6 77.4 193.1
  77.1 192.7 76.9 192.4 76.7 192.1 76.4 191.8 76.0 191.7 75.7 191.6 75.3 190.9
  75.0 190.3 74.7 189.8 74.3 189.3 74.0 188.8 73.6 187.9 73.3 187.0 72.9 186.2
  72.5 185.3 72.1 184.5 71.7 183.7 71.3 182.6 71.0 181.3 70.6 180.1 70.3 178.8
  70.0 177.5 69.7 175.8 69.4 174.0 69.1 172.1 68.7 170.2 68.4 168.2 68.1 166.2
  67.9 164.1 67.7 161.9 67.5 159.8 67.4 157.8 67.3 155.8 67.3 153.9 67.2 152.3
  67.2 150.8 67.0 149.6 66.9 148.6 66.7 147.8 66.5 147.1 66.2 146.5 65.9 145.9
  65.6 145.2 65.3 144.4 64.9 143.7
   9  6 72  0.0
  72.5 321.4 72.7 321.2 73.0 321.0 73.2 320.8 73.4 320.6 73.6 320.4 73.8 320.1
  73.9 319.9 74.0 319.7 74.1 319.9 74.3 320.1 74.4 320.3 74.6 320.6 74.7 320.8
  74.9 321.1 75.0 321.3 75.2 321.5 75.4 321.7 75.5 321.7 75.7 321.8 75.8 321.8
  76.0 321.8 76.1 321.7 76.3 321.8 76.5 321.9 76.7 321.8 76.9 321.8 77.1 321.6
  77.2 321.4 77.4 321.1 77.6 320.8 77.7 320.3 77.9 319.8 78.1 319.3 78.3 319.7
  78.6 320.1 78.8 320.4 79.0 320.8 79.3 321.0 79.5 321.1 79.7 321.2 79.9 321.1
  80.1 320.9 80.3 321.9 80.4 322.8 80.6 323.7 80.7 324.4 80.7 325.0 80.7 325.6
  80.7 326.0 80.7 326.2 80.7 326.4 80.8 326.4 80.8 326.3 80.8 326.1 80.8 325.8
  80.8 325.4 80.9 324.9 80.9 324.2 80.9 323.4 81.0 322.5 81.1 321.5 81.1 320.3
  81.2 318.9 81.2 317.4 81.3 315.8 81.4 314.0 81.5 312.0 81.5 309.8 81.6 307.5
  81.7 305.0 81.8 302.4 81.8 299.5 81.9 296.5 81.9 293.4 82.0 290.4 82.1 288.0
  82.3 285.5 82.4 283.0 82.6 280.5 82.7 277.9 83.0 275.3 83.3 272.6 83.5 269.8
  83.8 267.0 84.2 264.2 84.6 262.8 85.1 261.3 85.5 259.4 86.0 257.3 86.4 254.8
  87.1 257.4 87.6 261.3 88.0 267.0 88.3 275.5 88.6 289.4 88.6 307.1 88.4 324.9
  88.0 337.1 87.5 344.6 87.0 349.3 86.3 352.3 85.5 354.2 84.9 353.5 84.2 352.9
  83.4 352.4 82.7 350.8 82.0 349.4 81.3 348.2 80.6 346.3 80.0 344.4 79.5 342.5
  79.0 340.3 78.4 338.3 77.9 336.5 77.4 334.9 76.8 333.3 76.3 331.8 75.8 330.3
  75.2 329.2 74.8 328.0 74.3 326.8 73.8 325.5 73.4 324.4 73.0 323.3 72.6 322.2
  72.2 321.0 71.7 319.8 71.3 318.8 70.9 317.8 70.5 316.9 70.0 315.9 69.6 314.9
  69.2 314.1 68.8 313.3 68.4 312.4 68.0 311.6 67.7 310.8 67.4 310.1 67.1 309.4
  66.8 308.7 66.4 308.1 66.1 307.4 65.9 306.7 65.7 306.2 65.5 305.8 65.3 305.3
  65.1 304.9 64.8 304.5 64.5 304.2 64.2 303.8 64.2 303.5 64.1 303.2 64.0 302.9
  64.0 302.6 63.9 302.5 63.8 302.5 63.7 302.4 63.6 302.4 63.5 302.3 63.4 302.2
  63.2 302.1 63.1 302.0 62.8 301.8 62.6 301.7 62.3 301.6 62.0 301.4 61.7 301.3
  61.3 301.3 60.8 301.4 60.3 301.4 59.8 301.4 59.3 301.2 58.7 301.1 58.1 300.9
  57.5 300.7 56.8 300.3 56.1 299.9 55.6 299.5 55.1 298.6 54.5 297.7 53.9 296.8
  53.4 295.7 53.0 294.6 52.7 293.5 52.3 292.5 51.9 291.5 51.8 290.3 51.6 289.0
  51.5 287.7 51.5 286.3 51.5 284.8 51.5 283.2 51.7 281.6 51.9 280.0 52.1 278.5
  52.4 277.4 52.8 276.3 53.1 275.2 53.6 274.0 54.0 272.7 54.5 271.8 54.9 270.8
  55.4 269.8 55.8 268.6 56.2 267.4 56.6 266.6 57.0 265.8 57.4 264.9 57.8 263.9
  58.1 262.9 58.4 262.1 58.7 261.3 58.9 260.4 59.2 259.4 59.4 258.4 59.7 257.3
  59.9 256.1 60.1 254.9 60.3 253.9 60.5 252.9 60.7 251.9 61.0 250.8 61.2 249.8
  61.4 248.7 61.7 247.6 61.9 246.5 62.1 245.4 62.4 244.7 62.7 244.0 62.9 243.2
  63.2 242.5 63.4 241.8 63.6 241.1 63.8 240.4 64.0 239.7 64.2 239.1 64.4 238.4
  64.6 237.7 64.8 237.0 65.0 236.3
   9  7 72  0.0
  72.5 321.4 72.7 320.7 72.9 320.0 73.1 319.4 73.2 318.8 73.2 318.2 73.3 317.6
  73.3 317.1 73.4 316.6 73.4 316.2 73.4 315.8 73.4 315.4 73.4 315.1 73.4 314.9
  73.4 314.6 73.4 314.2 73.4 313.9 73.4 313.5 73.4 313.1 73.4 312.6 73.5 312.1
  73.5 311.6 73.5 311.1 73.5 310.5 73.6 309.8 73.6 309.1 73.6 308.4 73.7 307.6
  73.7 306.7 73.7 305.7 73.7 304.6 73.7 303.4 73.8 302.1 73.9 300.8 74.0 299.3
  74.2 298.9 74.3 298.5 74.5 298.1 74.6 297.5 74.7 296.8 74.8 296.1 75.0 295.2
  75.1 294.2 75.3 293.1 75.4 291.8 75.6 290.4 75.7 288.9 75.9 287.3 76.0 285.6
  76.2 285.1 76.4 284.7 76.6 284.3 76.8 284.0 77.1 283.7 77.3 283.4 77.6 283.3
  77.8 283.2 78.1 283.1 78.4 283.8 78.7 284.5 79.0 285.3 79.3 286.1 79.5 286.9
  79.8 287.7 80.1 288.4 80.5 289.4 80.8 290.4 81.2 291.5 81.5 292.6 81.9 293.7
  82.2 294.9 82.6 296.3 82.9 298.0 83.3 299.8 83.6 301.6 83.9 303.3 84.1 304.9
  84.4 306.9 84.6 308.8 84.9 310.8 85.0 312.7 85.2 314.5 85.3 316.3 85.4 318.0
  85.5 319.6 85.6 321.0 85.7 322.3 85.7 323.4 85.7 324.3 85.7 325.1 85.8 325.7
  85.8 326.0 85.7 326.2 85.7 326.2 85.7 326.0 85.7 325.6 85.7 325.0 85.6 324.1
  85.6 323.4 85.6 322.8 85.5 322.4 85.5 322.1 85.4 322.0 85.4 322.0 85.3 322.1
  85.2 322.5 85.1 322.9 85.0 323.5 84.9 324.2 84.8 325.1 84.6 326.0 84.4 326.9
  84.2 327.9 84.0 328.9 83.8 329.8 83.6 328.1 83.4 326.6 83.2 325.1 83.0 323.7
  82.9 322.4 82.7 321.2 82.5 320.0 82.3 319.0 82.1 318.1 81.9 317.3 81.7 315.9
  81.6 314.7 81.5 313.5 81.3 312.5 81.1 311.5 81.0 310.7 80.9 310.0 80.8 309.3
  80.7 308.8 80.5 308.3 80.4 307.9 80.3 307.6 80.3 307.4 80.2 307.3 80.1 307.2
  80.1 307.2 80.0 307.2 79.9 306.9 79.8 306.6 79.7 306.3 79.6 306.1 79.5 305.9
  79.4 305.8 79.2 305.7 79.1 305.7 78.9 305.7 78.7 305.7 78.5 305.8 78.3 305.9
  78.0 306.0 77.8 306.2 77.5 305.7 77.3 305.2 77.0 304.8 76.6 304.5 76.3 304.1
  75.9 303.8 75.6 302.9 75.3 302.0 75.0 301.1 74.7 300.2 74.3 299.4 74.1 298.6
  73.8 297.8 73.5 296.3 73.3 295.0 73.2 293.7 73.0 292.5 72.9 291.4 72.9 290.4
  72.9 289.4 72.9 288.6 72.9 287.8 72.9 287.1 73.0 286.4 73.0 285.8 73.1 285.3
  73.1 284.7 73.2 284.1 73.3 283.6 73.4 282.9 73.6 282.3 73.7 281.7 73.9 281.0
  74.0 280.2 74.2 280.3 74.4 280.4 74.6 280.5 74.7 280.5 74.9 280.6 75.1 280.7
  75.2 280.8 75.4 281.0 75.6 281.2 75.8 281.5 75.9 281.8 76.1 282.1 76.3 283.4
  76.5 284.7 76.6 286.1 76.7 287.5 76.8 288.9 76.8 290.4 76.8 291.8 76.8 293.2
  76.7 294.5 76.6 295.8 76.6 297.0 76.3 298.1 76.1 299.1 75.9 300.0 75.6 300.4
  75.4 300.7 75.1 301.0 74.8 301.4 74.6 301.7 74.3 302.1 74.1 302.4 73.8 302.8
  73.6 303.0 73.5 303.4 73.3 303.7 73.1 304.1 72.8 304.5 72.5 304.9 72.2 305.3
  71.9 305.6 71.6 305.8 71.3 305.9 71.1 306.0 70.8 306.2 70.6 306.2 70.3 306.3
  70.1 306.4 69.9 306.4 69.6 306.4
   9  8 72  0.0
  72.5 321.4 72.7 320.1 72.9 318.8 73.1 317.5 73.2 316.2 73.4 314.8 73.5 313.5
  73.5 312.1 73.6 310.8 73.6 309.5 73.6 308.1 73.6 306.8 73.5 305.6 73.5 304.4
  73.4 303.2 73.3 302.1 73.2 300.9 73.2 299.8 73.1 298.7 73.0 297.6 72.9 296.5
  72.8 295.4 72.8 294.3 72.7 293.3 72.6 292.2 72.6 291.1 72.5 290.0 72.5 289.0
  72.5 288.1 72.5 287.1 72.5 286.2 72.5 285.3 72.5 284.5 72.6 283.6 72.6 282.8
  72.6 282.0 72.7 281.2 72.7 280.4 72.8 279.6 72.8 278.8 72.7 278.0 72.7 277.3
  72.8 276.5 72.8 275.8 72.8 275.0 72.9 274.3 73.0 273.5 73.1 272.8 73.2 272.0
  73.3 271.2 73.5 270.4 73.7 269.6 73.8 268.7 74.0 267.9 74.2 267.0 74.3 266.3
  74.5 265.6 74.8 264.9 75.0 264.1 75.2 263.4 75.4 262.7 75.6 262.0 75.9 261.3
  76.1 260.6 76.4 260.3 76.8 259.9 77.1 259.5 77.4 259.1 77.8 258.7 78.1 258.3
  78.6 257.9 79.0 257.5 79.5 257.0 79.9 256.5 80.3 256.0 80.8 255.7 81.1 255.3
  81.5 254.8 81.8 254.4 82.1 254.0 82.5 253.4 82.8 252.7 83.1 252.0 83.3 251.2
  83.6 250.4 83.8 249.4 84.0 248.3 84.2 246.9 84.4 245.1 84.7 243.0 84.9 240.7
  85.1 238.0 85.3 235.0 85.4 231.7 85.5 228.1 85.7 224.2 85.8 220.2 85.8 215.9
  85.9 211.5 86.0 207.0 86.0 202.5 86.1 198.2 86.2 193.6 86.3 188.8 86.4 183.7
  86.5 178.3 86.5 172.5 86.6 166.4 86.6 160.1 86.7 153.5 86.6 146.7 86.6 139.7
  86.5 132.7 86.4 125.6 86.3 118.6 86.1 111.8 85.8 105.4 85.6 100.8 85.4  96.2
  85.1  91.7 84.8  87.4 84.4  83.3 84.0  79.5 83.6  79.2 83.3  78.8 83.0  78.4
  82.8  78.0 82.5  77.7 82.3  77.3 82.1  76.9 81.9  76.6 81.7  76.2 81.6  75.9
  81.5  75.6 81.3  75.3 81.2  75.0 81.1  74.7 81.1  74.4 81.0  74.1 81.0  73.8
  81.1  73.5 81.1  73.2 81.2  72.9 81.3  72.5 81.4  72.2 81.5  71.9 81.6  71.6
  81.7  71.3 81.8  71.1 82.0  70.8 82.1  70.6 82.4  70.3 82.6  70.0 82.9  69.7
  83.2  69.4 83.4  69.2 83.7  68.9 84.0  68.7 84.2  68.4 84.5  68.1 84.8  67.8
  85.0  67.5 85.1  67.2 85.3  66.9 85.5  66.6 85.6  66.4 85.7  66.1 85.8  65.9
  85.9  65.6 86.0  65.4 86.1  65.1 86.3  64.7 86.4  64.4 86.5  64.1 86.6  63.8
  86.7  63.5 86.8  63.2 86.9  63.0 87.0  62.7 87.0  62.4 87.1  62.2 87.2  62.0
  87.3  61.7 87.4  61.5 87.4  61.3 87.5  61.1 87.6  61.0 87.7  60.8 87.7  60.6
  87.8  60.5 87.9  60.3 87.9  60.2 88.0  60.1 88.0  60.0 88.1  59.9 88.2  59.8
  88.3  59.7 88.4  59.6 88.4  59.6 88.5  59.6 88.6  59.5 88.6  59.5 88.7  59.6
  88.8  59.6 88.8  59.6 88.9  59.7 88.9  59.7 89.0  59.8 89.0  59.9 89.1  60.0
  89.1  60.2 89.1  60.3 89.2  60.5 89.2  60.7 89.3  60.9 89.3  61.1 89.4  61.4
  89.4  61.6 89.4  61.9 89.5  62.2 89.5  62.6 89.5  62.9 89.5  63.3 89.5  63.6
  89.5  64.0 89.5  64.4 89.6  64.9 89.6  65.3 89.6  65.8 89.6  66.3 89.6  66.8
  89.6  67.3 89.6  67.7 89.6  68.2 89.6  68.6 89.6  69.1 89.6  69.5 89.6  69.9
  89.6  70.4 89.6  70.8 89.5  71.2
   9  9 72  0.0
  72.5 321.4 72.5 320.5 72.5 319.5 72.5 318.5 72.4 317.4 72.4 316.3 72.4 315.0
  72.2 313.8 72.1 312.5 71.9 311.2 71.6 309.8 71.3 308.4 71.0 307.1 70.5 305.8
  70.1 304.7 69.6 303.6 69.0 302.5 68.5 301.5 67.9 300.6 67.4 299.7 66.7 298.8
  65.9 298.0 65.2 297.3 64.5 296.6 63.7 296.0 62.7 295.5 61.7 295.0 60.8 294.5
  60.0 294.0 59.3 293.4 58.6 292.8 58.1 292.1 57.6 291.4 56.9 290.8 56.3 290.1
  55.8 289.4 55.3 288.7 54.8 288.0 54.4 287.3 53.7 286.5 53.2 285.5 52.8 284.5
  52.4 283.4 51.9 282.3 51.5 281.2 51.1 280.0 50.6 278.8 50.2 277.6 49.7 276.5
  49.3 275.4 48.9 274.4 48.5 273.3 48.2 272.2 47.8 271.2 47.5 270.2 47.2 269.2
  47.0 268.2 46.7 267.2 46.5 266.3 46.2 265.3 46.0 264.4 45.8 263.4 45.5 262.5
  45.2 261.6 44.9 260.7 44.6 259.8 44.4 259.0 44.1 258.2 43.9 257.4 43.7 256.6
  43.5 255.9 43.3 255.1 43.2 254.4 43.1 253.7 42.9 253.0 42.8 252.3 42.7 251.5
  42.5 250.8 42.4 250.2 42.2 249.5 42.0 248.9 41.8 248.3 41.7 247.6 41.4 247.0
  41.2 246.5 40.9 246.0 40.6 245.5 40.4 245.0 40.1 244.6 39.9 244.2 39.6 243.7
  39.3 243.2 38.9 242.8 38.5 242.4 38.1 242.0 37.7 241.7 37.3 241.3 36.9 240.9
  36.4 240.6 36.0 240.3 35.6 240.0 35.0 239.7 34.5 239.5 34.0 239.3 33.4 239.1
  32.9 239.0 32.3 238.8 31.7 238.6 31.1 238.5 30.6 238.4 30.0 238.3 29.4 238.4
  28.8 238.4 28.3 238.5 27.7 238.6 27.1 238.8 26.5 239.0 25.9 239.2 25.4 239.4
  24.8 239.6 24.2 239.8 23.6 240.0 23.0 240.2 22.4 240.3 21.8 240.5 21.3 240.5
  20.7 240.5 20.1 240.5 19.5 240.5-99.9 -99.9-99.9 -99.9-99.9 -99.9-99.9 -99.9
 -99.9 -99.9-99.9 -99.9-99.9 -99.9-99.9 -99.9-99.9 -99.9-99.9 -99.9-99.9 -99.9
 -99.9 -99.9-99.9 -99.9-99.9 -99.9-99.9 -99.9-99.9 -99.9-99.9 -99.9-99.9 -99.9
 -99.9 -99.9-99.9 -99.9-99.9 -99.9-99.9 -99.9-99.9 -99.9-99.9 -99.9-99.9 -99.9
 -99.9 -99.9-99.9 -99.9-99.9 -99.9-99.9 -99.9-99.9 -99.9-99.9 -99.9-99.9 -99.9
 -99.9 -99.9-99.9 -99.9-99.9 -99.9-99.9 -99.9-99.9 -99.9-99.9 -99.9-99.9 -99.9
 -99.9 -99.9-99.9 -99.9-99.9 -99.9-99.9 -99.9-99.9 -99.9-99.9 -99.9-99.9 -99.9
 -99.9 -99.9-99.9 -99.9-99.9 -99.9-99.9 -99.9-99.9 -99.9-99.9 -99.9-99.9 -99.9
 -99.9 -99.9-99.9 -99.9-99.9 -99.9-99.9 -99.9-99.9 -99.9-99.9 -99.9-99.9 -99.9
 -99.9 -99.9-99.9 -99.9-99.9 -99.9-99.9 -99.9-99.9 -99.9-99.9 -99.9-99.9 -99.9
 -99.9 -99.9-99.9 -99.9-99.9 -99.9-99.9 -99.9-99.9 -99.9-99.9 -99.9-99.9 -99.9
 -99.9 -99.9-99.9 -99.9-99.9 -99.9-99.9 -99.9-99.9 -99.9-99.9 -99.9-99.9 -99.9
 -99.9 -99.9-99.9 -99.9-99.9 -99.9-99.9 -99.9-99.9 -99.9-99.9 -99.9-99.9 -99.9
 -99.9 -99.9-99.9 -99.9-99.9 -99.9-99.9 -99.9-99.9 -99.9-99.9 -99.9-99.9 -99.9
 -99.9 -99.9-99.9 -99.9-99.9 -99.9-99.9 -99.9-99.9 -99.9-99.9 -99.9-99.9 -99.9
 -99.9 -99.9-99.9 -99.9-99.9 -99.9-99.9 -99.9-99.9 -99.9-99.9 -99.9-99.9 -99.9
 -99.9 -99.9-99.9 -99.9-99.9 -99.9
   9 10 72  0.0
  72.5 321.4 72.4 321.1 72.4 320.9 72.4 320.5 72.3 320.2 72.2 319.8 72.0 319.4
  71.8 318.9 71.6 318.1 71.4 317.3 71.2 316.5 71.0 315.7 70.6 314.8 70.2 314.0
  69.8 313.1 69.4 312.1 69.0 311.1 68.5 310.1 68.0 309.2 67.5 308.3 67.0 307.4
  66.4 306.6 65.8 305.8 65.2 305.1 64.7 304.5 64.1 303.9 63.4 303.3 62.8 302.9
  62.2 302.4 61.5 301.9 61.0 301.6 60.4 301.2 59.8 300.8 59.2 300.5 58.6 300.2
  58.0 299.8 57.6 299.5 57.1 299.1 56.7 298.7 56.3 298.4 55.9 298.0 55.5 297.4
  55.2 296.8 54.8 296.2 54.5 295.6 54.2 294.9 54.0 294.3 53.7 293.4 53.4 292.5
  53.2 291.5 53.0 290.6 52.7 289.6 52.5 288.6 52.3 287.5 51.9 286.4 51.6 285.3
  51.2 284.1 50.8 282.8 50.3 281.5 49.8 280.1 49.3 278.6 48.8 277.2 48.4 275.7
  48.0 274.2 47.6 272.8 47.3 271.5 47.0 270.1 46.6 268.8 46.3 267.5 46.0 266.2
  45.7 264.9 45.4 263.5 45.2 262.2 45.0 260.9 44.8 259.8 44.6 258.7 44.4 257.6
  44.2 256.6 43.9 255.7 43.8 254.7 43.6 253.7 43.5 252.7 43.3 251.7 43.3 250.7
  43.2 249.8 43.1 248.9 43.1 248.0 43.0 247.2 43.0 246.3 42.9 245.5 42.9 244.7
  42.8 244.0 43.0 243.2 43.1 242.5 43.2 241.8 43.3 241.1 43.4 240.4 43.4 239.7
  43.6 239.1 43.8 238.5 44.0 238.0 44.1 237.5 44.2 237.0 44.3 236.5 44.4 236.1
  44.4 235.7 44.5 235.4 44.6 235.1 44.7 234.8 44.7 234.5 44.7 234.3 44.7 234.1
  44.7 234.0 44.7 233.8 44.6 233.7 44.5 233.6 44.4 233.5 44.3 233.5 44.1 233.5
  43.9 233.5 43.7 233.7 43.5 233.9 43.3 234.1 43.1 234.3 43.0 234.5 42.8 234.7
  42.7 234.9 42.5 235.2 42.4 235.4 42.3 235.6 42.2 235.9 42.1 236.1 41.9 236.3
  41.8 236.6 41.6 236.9 41.5 237.2 41.3 237.4 41.2 237.6 41.0 237.8 40.9 238.0
  40.7 238.2 40.5 238.4 40.3 238.6 40.1 238.7 39.9 238.8 39.7 238.9 39.5 239.0
  39.2 239.1 39.0 239.1 38.7 239.2 38.4 239.3 38.1 239.3 37.8 239.4 37.5 239.4
  37.1 239.4 36.8 239.3 36.4 239.3 36.0 239.3 35.7 239.3 35.3 239.2 34.9 239.2
  34.5 239.1 34.2 239.0 33.8 238.9 33.4 238.8 33.1 238.7 32.7 238.6 32.4 238.5
  32.1 238.4 31.8 238.3 31.5 238.2 31.2 238.1 31.0 237.9 30.7 237.8 30.5 237.6
  30.2 237.4 30.0 237.2 29.8 237.0 29.6 236.9 29.4 236.7 29.2 236.6 29.1 236.4
  28.9 236.3 28.8 236.1 28.7 236.0 28.9 235.9 29.1 235.7 29.3 235.6 29.6 235.6
  29.8 235.5 30.1 235.4 30.4 235.4 30.7 235.3 31.0 235.3 31.3 235.3 31.6 235.3
  31.9 235.3 32.2 235.3 32.5 235.3 32.8 235.3 33.0 235.4 33.3 235.4 33.5 235.5
  33.8 235.6 34.0 235.7 34.2 235.8 34.5 236.0 34.7 236.1 34.6 236.2 34.4 236.4
  34.3 236.5 34.2 236.6 34.1 236.7 34.0 236.8 33.9 236.9 33.8 237.0 33.7 237.0
  33.6 237.1 33.4 237.1 33.3 237.2 33.2 237.3 33.1 237.3 33.0 237.4 32.9 237.5
  32.8 237.6 32.7 237.7 32.6 237.8 32.5 237.9 32.4 238.0 32.3 238.2 32.2 238.3
  32.1 238.4 32.0 238.6 32.0 238.7 31.9 238.9 31.8 239.0 31.7 239.2 31.7 239.4
  31.6 239.5 31.5 239.8 31.5 240.0
   9 11 72  0.0
  72.5 321.4 72.4 321.4 72.3 321.4 72.2 321.4 72.1 321.4 71.9 321.4 71.8 321.1
  71.7 320.8 71.5 320.5 71.4 320.2 71.2 319.8 70.9 319.5 70.6 319.1 70.2 318.7
  69.9 318.3 69.7 317.5 69.4 316.8 69.2 316.0 68.9 315.3 68.6 314.6 68.3 313.9
  68.0 313.2 67.7 312.4 67.4 311.5 67.0 310.8 66.6 310.1 66.2 309.4 65.7 308.7
  65.3 308.0 64.8 307.3 64.2 306.7 63.6 306.0 63.1 305.5 62.6 304.9 62.0 304.4
  61.5 303.9 61.0 303.4 60.5 302.9 60.0 302.4 59.5 301.9 59.0 301.4 58.6 300.9
  58.1 300.4 57.6 299.9 57.2 299.3 56.7 298.7 56.3 298.1 55.8 297.6 55.4 296.9
  54.9 296.1 54.5 295.4 54.1 294.7 53.7 294.0 53.4 293.1 53.0 292.2 52.7 291.3
  52.5 290.4 52.2 289.5 51.9 288.6 51.7 287.5 51.4 286.4 51.1 285.3 50.9 284.2
  50.6 283.0 50.3 281.8 50.0 280.7 49.7 279.5 49.5 278.2 49.3 276.9 49.0 275.7
  48.9 274.5 48.7 273.3 48.5 272.2 48.3 271.1 48.1 270.0 47.9 268.9 47.7 267.7
  47.6 266.5 47.4 265.3 47.3 264.1 47.1 262.9 46.9 261.7 46.8 260.6 46.6 259.5
  46.5 258.4 46.4 257.4 46.3 256.5 46.2 255.5 46.2 254.6 46.2 253.8 46.2 252.9
  46.2 252.1 46.2 251.3 46.2 250.5 46.3 249.8 46.4 249.0 46.4 248.2 46.4 247.4
  46.6 246.6 46.7 245.8 46.8 245.0 46.9 244.2 47.0 243.4 47.2 242.5 47.4 241.7
  47.6 240.9 47.8 240.0 48.0 239.1 48.3 238.3 48.7 237.5 49.0 236.8 49.2 236.0
  49.6 235.2 49.9 234.3 50.2 233.5 50.5 232.8 50.8 232.1 51.1 231.3 51.5 230.6
  51.8 229.8 52.1 229.0 52.5 228.4 52.8 227.7 53.1 227.1 53.4 226.4 53.7 225.6
  54.0 224.8 54.2 224.0 54.6 223.4 54.8 222.6 55.0 221.9 55.3 221.0 55.5 220.2
  55.7 219.2 55.8 218.2 55.8 217.2 55.9 216.2 56.0 215.1 56.0 214.2 55.9 213.1
  56.0 211.9 55.8 210.5 55.6 209.2 55.5 207.8 55.1 206.4 54.7 204.9 54.3 203.5
  53.6 202.1 53.0 200.5 52.4 199.0 51.6 197.5 50.9 196.0 50.2 194.5 49.5 192.9
  48.9 191.4 48.3 189.9 47.7 188.5 47.1 187.3 46.6 186.1 46.0 185.0 45.4 184.0
  44.7 183.0 44.2 181.9 43.5 180.8 42.9 179.7 42.5 178.5 42.1 177.3 41.6 176.1
  41.1 174.8 40.9 173.5 40.7 172.4 40.5 171.2 40.6 170.1 40.6 169.1 40.7 168.1
  40.7 167.1 40.8 166.2 41.0 165.2 41.1 164.2 41.1 163.1 41.3 162.0 41.4 160.9
  41.5 159.7 41.7 158.5 41.9 157.2 42.1 156.0 42.5 154.8 42.9 153.6 43.3 152.5
  43.8 151.5 44.4 150.5 45.0 149.7 45.7 148.9 46.3 148.2 47.1 147.6 47.5 147.1
  48.0 146.5 48.5 146.0 49.0 145.6 49.5 145.1 50.0 144.7 50.6 144.5 51.1 144.2
  51.6 144.0 52.1 143.8 52.7 143.6 53.2 143.4 53.6 143.1 54.0 142.9 54.4 142.5
  54.8 142.1 55.1 141.7 55.4 141.4 55.7 141.2 56.0 141.0 56.3 140.7 56.6 140.5
  56.8 140.4 57.1 140.3 57.3 140.1 57.5 140.0 57.8 139.9 58.1 139.7 58.5 139.3
  58.8 138.9 59.2 138.6 59.5 138.2 59.9 137.9 60.2 137.6 60.6 137.3 60.9 137.0
  61.2 136.7 61.5 136.3 61.8 135.9 62.0 135.5 62.3 134.9 62.6 134.3 62.8 133.7
  63.0 133.1 63.2 132.5 63.4 131.8
   9 12 72  0.0
  72.5 321.4 72.5 321.2 72.6 321.0 72.6 320.8 72.6 320.7 72.6 320.6 72.6 320.6
  72.5 320.5 72.5 320.6 72.4 320.6 72.4 320.7 72.3 320.8 72.2 321.0 72.2 321.2
  72.1 321.4 72.0 321.5 71.9 321.3 71.8 321.1 71.7 320.9 71.7 320.6 71.6 320.4
  71.5 320.2 71.4 320.0 71.2 319.8 71.0 319.6 70.8 319.3 70.6 319.1 70.4 318.9
  70.1 318.6 69.9 318.3 69.6 317.8 69.4 317.2 69.1 316.6 68.8 315.9 68.5 315.3
  68.1 314.6 67.7 313.9 67.4 312.8 67.0 311.8 66.6 310.9 66.2 310.0 65.8 309.1
  65.4 308.3 65.0 307.5 64.6 306.8 64.1 306.1 63.6 305.5 63.2 304.9 62.7 304.4
  62.2 303.8 61.7 303.3 61.3 302.9 60.8 302.5 60.3 302.1 59.9 301.6 59.4 301.2
  59.0 300.8 58.5 300.3 58.0 299.9 57.6 299.4 57.2 298.8 56.8 298.3 56.4 297.7
  56.0 297.2 55.5 296.6 55.1 295.9 54.7 295.3 54.4 294.7 54.0 294.1 53.6 293.2
  53.2 292.4 52.8 291.6 52.5 290.7 52.2 289.9 51.8 289.1 51.5 288.0 51.2 287.0
  51.0 285.9 50.8 284.9 50.5 283.8 50.4 282.8 50.2 281.7 50.0 280.6 49.7 279.3
  49.6 277.9 49.4 276.6 49.2 275.3 49.1 274.1 49.0 272.8 48.9 271.7 48.9 270.5
  48.9 269.4 48.8 268.2 48.7 267.1 48.7 266.0 48.6 265.0 48.5 263.9 48.4 262.8
  48.4 261.7 48.3 260.7 48.3 259.6 48.3 258.6 48.3 257.7 48.3 256.8 48.3 255.9
  48.4 255.0 48.5 254.2 48.6 253.4 48.6 252.7 48.7 251.9 48.7 251.2 48.8 250.5
  48.9 249.8 48.9 249.1 48.9 248.3 49.0 247.6 49.1 246.9 49.2 246.2 49.3 245.5
  49.4 244.9 49.5 244.2 49.6 243.5 49.8 242.8 50.0 242.1 50.2 241.6 50.4 241.0
  50.5 240.5 50.7 239.9 51.0 239.3 51.2 238.8 51.4 238.2 51.7 237.6 51.9 237.0
  52.1 236.5 52.3 236.0 52.6 235.6 52.8 235.1 53.0 234.6 53.2 234.1 53.5 233.6
  53.7 233.1 54.0 232.6 54.3 232.0 54.5 231.8 54.8 231.5 55.0 231.2 55.3 230.9
  55.5 230.5 55.8 230.2 56.0 229.8 56.2 229.7 56.5 229.6 56.7 229.5 56.9 229.4
  57.2 229.2 57.4 229.1 57.6 229.0 57.8 228.9 58.0 228.7 58.2 228.8 58.3 229.0
  58.4 229.1 58.5 229.2 58.5 229.2 58.5 229.3 58.5 229.3 58.4 229.4 58.4 229.4
  58.3 229.4 58.1 229.4 57.9 229.4 57.8 229.1 57.6 228.9 57.4 228.6 57.1 228.3
  56.9 228.1 56.6 227.9 56.2 227.6 55.8 227.4 55.4 227.0 54.9 226.6 54.4 226.2
  53.9 225.7 53.4 225.2 52.9 224.7 52.5 224.2 52.0 223.7 51.6 223.0 51.2 222.4
  50.7 221.7 50.3 221.1 49.8 220.3 49.3 219.6 48.9 218.9 48.5 218.1 48.0 217.4
  47.6 216.7 47.2 216.1 46.8 215.5 46.5 214.8 46.2 214.2 45.8 213.6 45.5 213.0
  45.2 212.4 44.8 211.8 44.6 211.1 44.4 210.4 44.2 209.6 43.9 208.9 43.7 208.2
  43.4 207.5 43.2 206.7 43.0 206.0 42.8 205.2 42.6 204.4 42.4 203.6 42.3 202.8
  42.1 202.0 42.0 201.2 41.8 200.5 41.6 199.8 41.6 199.0 41.6 198.2 41.5 197.4
  41.5 196.6 41.4 195.8 41.6 194.9 41.8 194.1 42.1 193.3 42.4 192.5 42.7 191.7
  43.1 190.9 43.5 190.2 44.0 189.5 44.5 188.8 45.0 188.2 45.5 187.6 46.0 187.0
  46.5 186.5 47.0 186.1 47.5 185.7
   9 13 72  0.0
  72.5 321.4 72.5 320.1 72.5 318.8 72.4 317.6 72.3 316.5 72.2 315.4 72.0 314.5
  71.9 313.7 71.8 312.7 71.6 311.9 71.5 311.0 71.3 310.3 71.2 309.5 71.0 308.8
  70.9 308.2 70.7 307.6 70.5 307.0 70.3 306.5 70.1 306.1 69.9 305.7 69.7 305.2
  69.4 304.7 69.2 304.3 68.9 303.9 68.7 303.5 68.4 303.2 68.2 302.9 67.9 302.7
  67.7 302.3 67.4 301.9 67.1 301.5 66.8 301.1 66.5 300.7 66.3 300.3 66.0 299.9
  65.8 299.2 65.6 298.4 65.4 297.7 65.2 297.0 65.1 296.3 64.9 295.7 64.7 295.1
  64.6 294.6 64.5 294.0 64.4 293.5 64.3 293.0 64.1 292.4 64.0 291.9 64.0 291.4
  64.0 290.7 63.9 290.0 63.9 289.4 63.9 288.8 63.8 288.1 63.8 287.5 63.8 286.9
  63.8 286.2 63.7 285.5 63.7 284.8 63.7 284.0 63.7 283.2 63.7 282.2 63.7 281.3
  63.7 280.3 63.7 279.2 63.7 278.1 63.7 277.1 63.7 276.0 63.7 274.9 63.7 273.8
  63.7 272.7 63.7 271.6 63.7 270.5 63.7 269.5 63.8 268.4 63.8 267.2 63.9 266.1
  64.0 265.1 64.2 263.9 64.2 262.7 64.3 261.5 64.4 260.4 64.4 259.2 64.4 258.0
  64.4 256.9 64.4 255.8 64.4 254.7 64.4 253.6 64.4 252.6 64.4 251.6 64.4 250.6
  64.5 249.6 64.5 248.6 64.6 247.6 64.7 246.7 64.7 245.8 64.8 244.9 64.9 244.0
  65.0 243.2 65.2 242.3 65.3 241.5 65.4 240.8 65.5 240.0 65.6 239.3 65.7 238.6
  65.7 237.9 65.8 237.2 65.9 236.6 66.0 235.9 66.0 235.3 66.1 234.7 66.2 234.1
  66.2 233.5 66.3 232.9 66.3 232.3 66.4 231.7 66.4 231.1 66.5 230.6 66.5 230.0
  66.6 229.5 66.7 228.9 66.7 228.4 66.8 227.9 66.9 227.5 66.9 227.1 67.0 226.7
  67.0 226.4 67.1 226.1 67.2 225.9 67.2 225.7 67.3 225.6 67.3 225.5 67.4 225.5
  67.5 225.5 67.5 225.5 67.6 225.6 67.7 225.6 67.8 225.7 67.8 225.8 67.9 225.9
  68.0 226.1 68.1 226.4 68.2 226.7 68.3 227.0 68.4 227.4 68.5 227.8 68.7 228.1
  68.8 228.5 68.9 228.9 69.0 229.3 69.2 229.7 69.3 230.1 69.5 230.5 69.7 230.9
  69.9 231.3 70.0 231.7 70.3 232.2 70.5 232.8 70.7 233.3 70.9 233.8 71.1 234.3
  71.3 234.9 71.6 235.4 71.8 236.0 72.0 236.5 72.3 236.8 72.6 237.1 72.9 237.3
  73.1 237.5 73.4 237.7 73.7 237.9 74.1 238.1 74.4 237.9 74.8 237.6 75.2 237.4
  75.5 237.1 75.9 236.7 76.2 236.4 76.6 235.7 77.0 234.9 77.4 234.0 77.7 233.1
  78.1 232.1 78.5 230.8 78.8 229.5 79.2 228.0 79.4 226.4 79.7 224.6 79.9 222.8
  80.1 220.8 80.3 218.8 80.5 216.6 80.6 214.3 80.6 212.0 80.6 209.6 80.6 207.4
  80.5 205.2 80.5 203.2 80.3 201.2 80.2 199.4 80.0 197.7 79.9 196.1 79.7 194.8
  79.5 193.6 79.3 192.4 79.1 191.4 78.8 190.4 78.6 189.4 78.3 188.5 78.0 187.5
  77.7 186.6 77.5 186.1 77.2 185.6 76.9 185.1 76.5 184.6 76.2 184.1 75.8 183.5
  75.4 183.5 75.0 183.4 74.7 183.3 74.3 183.2 73.8 183.0 73.5 183.2 73.1 183.3
  72.7 183.4 72.3 183.4 71.9 183.4 71.5 183.4 71.1 183.4 70.7 183.4 70.4 183.3
  70.0 183.1 69.6 182.8 69.3 182.5 68.9 182.1 68.6 181.6 68.3 181.0 68.0 180.4
  67.7 179.6 67.4 178.7 67.0 177.8
   9 14 72  0.0
  72.5 321.4 72.0 320.5 71.6 319.7 71.1 319.4 70.6 319.1 70.0 318.8 69.4 318.5
  68.8 318.3 68.2 318.2 67.5 318.0 66.9 317.8 66.1 317.6 65.4 317.3 64.6 317.1
  63.8 316.9 63.0 316.9 62.1 316.9 61.2 316.8 60.2 316.8 59.1 316.8 58.1 316.7
  57.0 316.6 56.0 316.3 55.0 315.9 54.1 315.5 53.2 315.1 52.4 314.5 51.6 313.9
  50.8 313.0 50.0 312.0 49.3 310.8 48.9 309.5 48.5 308.1 48.2 306.7 48.2 305.1
  48.2 303.5 48.2 301.8 48.1 300.1 48.1 298.4 48.3 296.9 48.5 295.4 48.9 293.9
  49.2 292.6 49.6 291.2 49.8 289.8 50.0 288.3 50.2 286.7 50.3 285.0 50.3 283.3
  50.4 281.5 50.5 279.8 50.8 278.0 51.0 276.3 51.1 274.6 51.4 272.9 51.5 271.3
  51.7 269.6 51.8 268.0 52.0 266.4 52.1 264.8 52.2 263.2 52.4 261.7 52.6 260.2
  52.8 258.8 53.1 257.5 53.3 256.2 53.5 255.0 53.8 253.9 54.1 252.9 54.3 251.9
  54.7 251.0 55.1 250.2 55.5 249.4 56.0 248.8 56.4 248.2 56.9 247.1 57.3 246.2
  57.7 245.2 58.1 244.3 58.6 243.1 59.0 242.0 59.4 240.9 59.9 239.8 60.4 238.8
  60.9 237.6 61.5 236.3 62.0 235.0 62.4 233.8 62.9 232.3 63.4 230.9 63.9 229.5
  64.4 228.1 64.9 226.7 65.4 225.3 66.0 223.9 66.4 222.4 67.0 221.2 67.5 220.0
  68.0 218.8 68.4 218.0 68.8 217.2 69.2 216.5 69.6 215.8 69.9 215.3 70.3 214.8
  70.7 214.4 71.2 214.1 71.7 213.7 72.2 213.4 72.9 213.1 73.5 212.9 74.2 212.7
  74.9 212.2 75.6 211.8 76.2 211.4 76.9 211.0 77.7 210.7 78.4 210.2 79.2 210.3
  79.9 210.5 80.6 210.6 81.4 211.2 82.1 211.9 82.9 213.1 83.6 214.4 84.2 215.9
  85.0 217.1 85.7 218.3 86.3 219.8 87.1 220.7 87.8 221.9 88.2 223.8 88.8 227.5
  89.2 236.2 89.4 257.4 89.5 307.2 89.2 354.5 88.9   8.9 88.4   9.1 87.8   9.2
  87.4   9.4 86.8   9.5 86.1   9.7 85.3   9.9 84.7  10.1 84.1  10.2 83.4  10.4
  83.0  10.6 82.5  10.8 82.0  11.0 81.5  11.2 81.2  11.5 80.8  11.7 80.4  11.9
  80.0  12.2 79.6  12.4 79.3  12.6 79.0  12.9 78.6  13.1 78.3  13.4 78.0  13.6
  77.7  13.9 77.5  14.1 77.3  14.3 77.1  14.5 76.9  14.6 76.8  14.9 76.6  15.1
  76.5  15.3 76.4  15.5 76.3  15.7 76.2  15.9 76.1  16.1 76.0  16.3 75.9  16.4
  75.8  16.5 75.7  16.5 75.6  16.6 75.6  16.6 75.5  16.7 75.5  16.7 75.4  16.7
  75.4  16.8 75.4  16.8 75.4  16.8 75.5  16.9 75.5  16.9 75.5  17.0 75.6  17.0
  75.7  17.1 75.8  17.1 75.9  17.2 76.0  17.2 76.1  17.3 76.2  17.5 76.4  17.7
  76.6  17.9 76.7  18.2 76.9  18.4 77.0  18.6 77.2  18.8 77.4  19.0 77.5  19.3
  77.7  19.5 77.8  19.7 78.0  19.9 78.1  20.1 78.2  20.4 78.2  20.7 78.3  21.0
  78.3  21.3 78.3  21.7 78.2  22.0 78.2  22.2 78.1  22.5 78.0  22.8 77.9  23.1
  77.8  23.4 77.7  23.6 77.6  23.8 77.5  23.9 77.4  24.1 77.3  24.2 77.2  24.3
  77.1  24.4 77.0  24.5 76.9  24.5 76.8  24.6 76.8  24.6 76.7  24.6 76.7  24.6
  76.6  24.6 76.6  24.6 76.5  24.6 76.5  24.7 76.4  24.7 76.4  24.8 76.4  24.9
  76.3  24.9 76.3  25.0 76.3  25.1
   9 15 72  0.0
  72.5 321.4 72.0 321.2 71.6 320.9 71.2 320.6 70.7 320.3 70.3 319.9 69.8 319.5
  69.4 319.1 68.9 318.7 68.3 318.3 67.7 317.9 67.1 317.7 66.5 317.4 65.7 317.2
  64.9 317.3 64.1 317.3 63.3 317.4 62.4 317.5 61.6 317.6 60.8 317.4 59.9 317.3
  59.1 316.8 58.2 316.3 57.3 315.9 56.6 315.2 55.8 314.5 55.1 313.5 54.3 312.5
  53.6 311.4 53.2 310.1 52.8 308.8 52.4 307.3 52.2 305.8 52.1 304.2 51.9 302.5
  52.0 300.8 52.0 299.1 52.2 297.4 52.5 295.7 52.7 294.1 53.0 292.4 53.3 290.7
  53.6 289.0 53.8 287.3 54.0 285.6 54.3 284.1 54.5 282.5 54.7 280.9 54.9 279.3
  55.1 277.7 55.2 276.1 55.5 274.4 55.6 272.8 55.8 271.1 56.0 269.4 56.1 267.8
  56.2 266.1 56.2 264.5 56.2 262.8 56.3 261.2 56.3 259.5 56.5 257.9 56.7 256.3
  56.8 254.8 57.2 253.4 57.5 251.9 57.9 250.6 58.2 249.3 58.6 248.0 59.0 246.7
  59.4 245.4 59.8 244.1 60.1 242.8 60.6 241.4 61.1 240.0 61.5 238.6 62.0 237.2
  62.4 235.7 62.8 234.2 63.2 232.7 63.6 231.1 63.9 229.4 64.3 227.8 64.6 226.1
  64.9 224.4 65.2 222.6 65.4 220.9 65.7 219.3 65.8 217.7 66.0 216.2 66.2 214.9
  66.3 213.7 66.4 212.5 66.6 211.3 66.6 210.2 66.7 209.1 66.8 208.1 66.9 207.2
  66.9 206.3 66.9 205.6 66.8 205.0 66.8 204.5 66.6 204.1 66.5 203.8 66.3 203.5
  66.0 203.4 65.7 203.2 65.4 202.6 65.1 202.0 64.7 201.5 64.2 201.1 63.7 200.8
  63.2 199.9 62.7 199.1 62.2 198.5 61.6 197.9 61.0 197.0 60.4 196.2 59.7 195.4
  59.3 194.3 58.9 193.1 58.5 191.9 58.2 190.9 57.8 190.0 57.4 189.0 57.0 188.0
  56.6 187.2 56.5 186.5 56.3 185.8 56.2 185.2 56.2 184.6 56.2 184.1 56.2 183.6
  56.5 183.1 56.8 182.7 57.0 182.4 57.3 182.2 57.5 182.0 57.7 181.9 57.9 181.8
  58.1 181.8 58.3 182.5 58.4 183.3 58.5 184.1 58.2 184.9 57.8 185.7 57.4 186.2
  57.0 186.5 56.5 186.9 56.0 187.2 55.4 187.4 54.8 187.2 54.0 187.0 53.2 186.8
  52.3 186.2 51.4 185.6 50.4 184.7 49.4 183.9 48.9 182.8 48.4 181.6 47.9 180.2
  47.3 178.7 47.3 177.1 47.2 175.4 47.6 173.7 48.0 172.0 48.8 170.6 49.7 169.3
  50.6 168.2 51.7 167.4 52.6 166.6 53.6 165.9 54.4 165.2 55.3 164.5 56.0 163.8
  56.7 163.1 57.4 162.4 58.0 161.7 58.6 160.9 59.2 160.0 59.8 159.0 60.3 157.9
  60.8 156.7 61.4 155.6 61.9 154.5 62.5 153.4 63.0 152.3 63.5 151.2 64.1 150.1
  64.7 149.2 65.2 148.1 65.7 147.0 66.2 145.8 66.8 145.1 67.4 144.3 67.9 143.4
  68.3 142.3 68.8 141.6 69.2 140.8 69.6 139.9 69.9 138.9 70.2 137.8 70.5 137.5
  70.8 137.1 71.0 136.8 71.2 136.4 71.3 135.9 71.5 135.5 71.6 135.1 71.7 134.6
  71.8 134.2 71.8 133.8 71.9 133.5 71.9 133.2 72.0 132.9 72.0 132.6 72.0 132.4
  72.0 132.2 71.9 132.1 71.9 132.0 71.9 131.9 71.8 131.9 71.8 131.9 71.7 132.0
  71.7 132.0 71.5 132.2 71.4 132.3 71.2 132.5 71.0 132.7 70.7 132.9 70.5 133.1
  70.2 133.3 69.9 133.5 69.6 133.0 69.3 132.6 69.0 132.2 68.7 131.8 68.4 131.5
  68.2 131.2 67.9 131.0 67.6 130.2
   9 16 72  0.0
  72.5 321.4 72.6 320.8 72.6 320.3 72.6 319.9 72.5 319.6 72.4 319.4 72.3 319.2
  72.2 319.2 72.0 319.2 71.8 319.3 71.6 318.9 71.3 318.6 71.1 318.4 70.7 318.3
  70.4 318.2 70.0 318.1 69.6 318.0 69.3 317.6 68.9 317.3 68.4 317.0 67.9 316.8
  67.5 316.4 66.9 316.1 66.4 315.9 65.9 315.7 65.4 315.4 64.9 315.2 64.3 315.0
  63.7 314.8 63.1 314.5 62.5 314.3 61.9 314.1 61.3 313.6 60.7 313.2 60.1 312.9
  59.5 312.6 59.0 311.8 58.6 311.0 58.2 310.3 57.8 309.6 57.3 308.6 56.9 307.5
  56.7 306.4 56.4 305.4 56.2 304.3 55.9 303.2 55.8 301.7 55.7 300.2 55.6 298.5
  55.6 296.9 55.6 295.2 55.6 293.5 55.6 291.9 55.7 290.3 55.8 288.7 55.9 287.0
  56.0 285.4 56.1 284.3 56.2 283.1 56.4 281.9 56.5 280.6 56.7 279.4 57.0 278.1
  57.3 276.8 57.6 275.6 57.8 274.3 58.1 273.0 58.4 272.0 58.6 271.1 58.8 270.0
  59.1 269.0 59.3 267.9 59.5 266.8 59.7 265.7 59.9 264.5 60.1 263.3 60.3 262.3
  60.5 261.3 60.7 260.4 60.9 259.4 61.2 258.4 61.5 257.4 61.8 256.4 62.1 255.4
  62.5 254.7 63.0 253.9 63.4 253.1 63.7 252.2 64.1 251.2 64.5 250.4 64.8 249.5
  65.2 248.5 65.5 247.5 65.9 246.4 66.2 245.3 66.6 244.4 67.0 243.3 67.4 242.3
  67.8 241.2 68.1 240.0 68.5 238.9 68.9 237.7 69.3 236.5 69.6 235.2 70.0 233.9
  70.3 232.6 70.7 231.5 71.1 230.3 71.5 229.2 71.9 228.0 72.2 226.9 72.7 226.1
  73.2 225.3 73.7 224.6 74.1 223.9 74.6 223.6 75.1 223.5 75.7 223.4 76.2 223.3
  76.7 223.9 77.3 224.6 77.7 225.4 78.2 226.1 78.8 227.5 79.4 229.1 79.8 230.7
  80.3 232.5 80.7 235.2 81.1 238.1 81.4 241.3 81.6 244.8 81.7 248.5 81.7 252.3
  81.7 256.2 81.7 260.1 81.5 264.0 81.4 267.7 81.2 271.3 81.0 274.6 80.6 277.7
  80.2 280.4 79.7 282.9 79.2 285.1 78.7 287.1 78.2 288.9 77.5 290.5 77.0 291.9
  76.4 293.3 75.8 294.5 75.3 295.5 74.7 296.5 74.1 297.4 73.4 298.3 72.8 298.7
  72.2 299.2 71.5 299.6 70.8 299.5 70.1 299.4 69.4 299.3 68.7 298.7 67.9 298.1
  67.2 297.2 66.5 296.4 65.8 295.6 65.2 294.7 64.6 293.9 64.0 293.1 63.4 292.3
  62.8 291.5 62.4 290.6 61.9 289.7 61.5 288.9 61.1 288.1 60.7 287.2 60.4 286.3
  60.1 285.3 59.8 284.3 59.5 283.3 59.3 282.3 59.0 281.3 58.8 280.2 58.5 279.1
  58.4 278.0 58.3 276.8 58.2 275.6 58.3 274.5 58.3 273.3 58.3 272.2 58.4 271.1
  58.6 270.0 58.7 269.0 58.9 268.0 59.1 267.1 59.4 266.3 59.7 265.5 60.0 264.8
  60.3 264.1 60.7 263.8 61.1 263.4 61.5 263.2 62.0 262.9 62.4 262.7 62.9 262.7
  63.3 262.7 63.7 262.7 64.1 262.9 64.6 263.2 64.9 263.6 65.3 264.1 65.5 264.6
  65.7 265.2 65.9 265.9 66.1 266.6 66.3 267.4 66.5 268.3 66.5 269.3 66.5 270.3
  66.6 271.4 66.6 272.6 66.4 273.8 66.2 274.9 66.0 276.1 65.7 277.3 65.3 278.4
  64.9 279.5 64.5 280.5 63.9 281.3 63.3 281.9 62.7 282.4 62.0 282.8 61.3 283.0
  60.6 283.2 59.9 283.3 59.2 283.2 58.6 283.1 57.9 283.0 57.3 282.8 56.6 282.6
  56.0 282.4 55.5 282.2 54.9 282.0
   9 17 72  0.0
  72.5 321.4 72.1 320.4 71.6 319.5 71.2 318.7 70.8 317.9 70.4 317.1 70.0 316.3
  69.5 315.7 69.1 315.0 68.7 314.3 68.3 313.5 67.9 312.8 67.4 312.4 67.0 312.0
  66.6 311.5 66.2 311.1 65.8 310.7 65.4 310.6 65.0 310.6 64.5 310.5 64.1 310.3
  63.6 310.2 63.1 310.2 62.7 310.3 62.2 310.3 61.8 310.3 61.3 310.4 60.9 310.5
  60.5 310.5 60.1 310.4 59.7 310.2 59.3 310.3 58.9 310.3 58.5 310.3 58.0 310.2
  57.5 310.5 56.9 310.7 56.3 310.9 55.6 311.0 55.0 310.9 54.3 310.8 53.5 310.5
  52.8 309.9 52.0 309.2 51.3 308.5 50.6 307.5 50.0 306.4 49.4 305.3 48.8 304.0
  48.2 302.6 47.7 301.1 47.2 299.5 46.9 297.9 46.5 296.3 46.2 294.7 46.2 293.1
  46.1 291.5 46.3 289.9 46.4 288.2 46.6 286.5 46.6 284.8 46.7 283.0 46.5 281.2
  46.4 279.6 46.3 278.0 46.3 276.5 46.2 275.1 46.3 273.8 46.3 272.4 46.3 271.0
  46.4 269.6 46.4 268.2 46.4 266.7 46.3 265.2 46.3 263.8 46.4 262.5 46.4 261.3
  46.5 260.3 46.5 259.2 46.6 258.3 46.6 257.4 46.6 256.5 46.6 255.6 46.7 254.8
  46.7 253.9 46.7 253.2 46.7 252.4 46.6 251.8 46.8 251.2 46.9 250.6 47.0 250.1
  47.0 249.6 47.0 249.1 47.0 248.7 46.9 248.4 46.7 248.0 46.5 247.7 46.6 247.5
  46.6 247.3 46.6 247.1 46.6 246.9 46.6 246.8 46.5 246.8 46.4 246.7 46.2 246.7
  46.0 246.7 45.8 246.7 45.5 246.6 45.1 246.5 44.8 246.4 44.3 246.3 43.9 246.3
  43.4 245.9 42.8 245.7 42.3 245.4 41.6 245.2 41.0 244.6 40.3 244.1 39.6 243.6
  39.4 242.7 39.1 241.9 38.8 240.9 38.5 240.0 38.2 239.1 38.2 238.2 38.2 237.4
  38.2 236.6 38.1 235.9 38.5 235.3 38.9 234.7 39.4 234.2 39.8 233.7 40.3 233.3
  40.9 233.3 41.5 233.3 42.0 233.3 42.6 233.6 43.2 233.9 43.8 234.2 44.5 234.5
  45.1 234.9 45.7 235.4 46.4 235.8 47.1 236.4 47.5 236.9 47.9 237.5 48.2 237.9
  48.7 238.3 49.1 238.7 49.5 239.0 49.9 239.3 50.2 239.6 50.6 239.8 51.0 239.9
  51.4 240.0 51.6 240.1 51.7 240.1 51.9 240.1 52.1 240.2 52.2 240.1 52.4 240.0
  52.6 240.0 52.9 239.9 53.2 239.9 53.5 239.8 53.7 239.7 53.9 239.7 54.1 239.6
  54.3 239.4 54.5 239.2 54.7 239.0 54.8 238.8 54.9 238.7 55.1 238.6 55.2 238.6
  55.3 238.6 55.5 238.6 55.6 238.7 55.7 238.8 55.8 238.9 56.0 239.0 56.1 239.2
  56.2 239.1 56.3 239.1 56.4 239.0 56.5 238.9 56.6 238.8 56.6 238.7 56.7 238.6
  56.7 238.5 56.8 238.4 56.8 238.3 56.8 238.3 56.9 238.2 56.9 238.0 56.9 237.9
  56.9 237.8 56.8 237.7 56.8 237.5 56.8 237.4 56.8 237.2 56.7 237.1 56.7 236.9
  56.6 236.8 56.5 236.6 56.4 236.4 56.3 236.2 56.3 236.1 56.2 235.9 56.1 235.8
  55.9 235.6 55.8 235.4 55.7 235.1 55.5 234.8 55.4 234.6 55.2 234.3 55.0 234.0
  54.8 233.7 54.6 233.4 54.4 233.1 54.2 232.8 54.0 232.5 53.8 232.0 53.6 231.4
  53.4 230.8 53.1 230.3 52.9 229.7 52.7 229.0 52.6 228.4 52.4 227.7 52.2 227.0
  52.0 226.2 51.8 225.3 51.6 224.2 51.4 223.2 51.3 222.2 51.1 221.1 50.9 220.0
  50.7 218.9 50.5 217.8 50.3 216.6
   9 18 72  0.0
  72.5 321.4 72.3 320.8 72.1 320.4 71.8 320.0 71.6 319.6 71.3 319.3 70.9 319.2
  70.6 319.3 70.2 319.4 69.7 319.7 69.3 320.0 68.9 320.4 68.5 320.9 68.0 321.6
  67.5 321.8 67.0 322.0 66.5 322.1 66.0 322.2 65.5 322.3 64.9 322.1 64.4 321.9
  63.8 321.8 63.3 321.5 62.8 321.2 62.2 321.1 61.7 321.1 61.2 320.7 60.6 320.3
  60.1 320.1 59.5 319.9 59.0 319.5 58.5 319.2 58.0 319.0 57.5 318.9 57.1 318.4
  56.6 318.0 56.1 317.7 55.7 317.4 55.3 316.7 54.8 316.0 54.7 315.3 54.7 314.6
  54.5 314.0 54.3 313.3 54.1 312.7 53.8 312.1 53.6 311.1 53.7 310.0 53.9 309.0
  54.1 307.9 54.5 307.5 54.9 307.2 55.1 306.9 55.3 306.6 55.5 306.4 55.5 306.3
  55.5 306.2 55.4 306.2 55.3 306.2 55.1 306.4 54.9 306.6 54.6 306.9 54.3 307.1
  54.0 307.2 53.7 307.2 53.4 306.8 53.0 306.2 52.5 305.7 52.1 305.0 51.5 304.3
  51.0 303.2 50.5 302.1 50.0 300.9 49.4 299.4 48.9 297.8 48.5 296.3 48.2 294.8
  48.1 293.3 48.1 291.8 48.4 290.2 48.6 288.7 48.7 287.1 48.9 285.3 49.0 283.5
  49.0 281.7 48.9 279.8 49.1 278.1 49.2 276.5 49.4 275.1 49.7 273.7 50.0 272.3
  50.2 271.0 50.4 269.7 50.6 268.4 50.8 267.1 51.1 265.9 51.4 264.8 51.7 263.7
  52.2 262.7 52.8 261.6 53.2 260.6 53.7 259.5 54.1 258.5 54.6 257.3 55.0 256.2
  55.4 255.1 55.9 254.0 56.5 253.0 57.1 251.9 57.8 250.9 58.5 249.8 59.2 248.6
  59.8 247.3 60.5 245.9 61.1 244.4 61.8 242.9 62.4 241.3 63.1 239.6 63.7 237.8
  64.3 236.0 64.9 234.1 65.5 232.1 66.0 230.2 66.4 228.3 66.8 226.5 67.1 224.7
  67.4 223.0 67.6 221.4 67.9 219.8 68.0 218.3 68.2 216.8 68.4 215.5 68.5 214.2
  68.6 212.9 68.8 211.8 68.8 210.8 68.9 209.9 69.0 209.2 69.1 208.5 69.2 207.9
  69.2 207.3 69.2 206.9 69.3 206.5 69.3 206.2 69.3 206.0 69.4 205.8 69.4 205.6
  69.5 205.4 69.5 205.1 69.6 204.8 69.7 204.6 69.8 204.3 70.0 203.9 70.1 203.6
  70.3 203.4 70.5 203.2 70.7 203.0 70.9 202.8 71.2 202.6 71.5 202.5 71.8 202.4
  72.2 202.3 72.6 202.3 73.0 202.4 73.5 202.4 74.0 202.5 74.7 202.6 75.3 202.8
  75.9 203.0 76.6 203.2 77.3 203.3 78.0 203.4 78.6 203.5 79.2 203.3 79.9 203.1
  80.4 202.7 81.0 202.3 81.6 201.9 82.1 201.3 82.7 201.1 83.2 200.9 83.6 200.6
  84.0 200.2 84.3 199.6 84.8 199.4 85.2 199.0 85.5 198.4 85.8 197.6 86.1 196.3
  86.5 195.6 86.9 194.5 87.2 193.0 87.4 190.8 87.6 187.8 87.8 183.9 87.9 178.9
  88.0 172.8 88.2 165.4 88.3 157.0 88.4 148.0 88.5 139.1 88.6 130.9 88.7 123.5
  88.8 116.8 88.9 110.8 88.9 105.5 88.9 100.0 88.8  94.0 88.7  87.6 88.5  80.9
  88.3  73.8 88.0  73.6 87.8  73.3 87.6  73.1 87.4  72.8 87.2  72.5 87.0  72.2
  86.7  71.9 86.4  71.6 86.1  71.2 85.7  70.9 85.5  70.8 85.4  70.7 85.2  70.5
  85.1  70.3 84.9  70.2 84.8  70.0 84.7  69.8 84.6  69.5 84.4  69.3 84.3  69.1
  84.2  68.9 84.1  68.7 83.9  68.5 83.8  68.5 83.7  68.6 83.5  68.6 83.4  68.7
  83.2  68.8 83.1  68.9 82.9  69.0
   9 19 72  0.0
  72.5 321.4 72.3 321.1 72.1 320.8 71.9 320.5 71.7 319.9 71.5 319.2 71.3 318.6
  71.2 317.9 71.0 317.3 70.8 316.6 70.7 316.0 70.5 315.4 70.4 314.8 70.2 314.2
  70.0 313.6 69.8 313.2 69.6 312.4 69.3 311.6 69.0 310.9 68.6 310.3 68.2 309.8
  67.8 309.3 67.4 308.6 67.0 307.9 66.5 307.2 66.0 306.6 65.5 305.8 65.0 305.0
  64.5 304.4 64.0 303.8 63.5 303.2 62.9 302.6 62.3 302.1 61.8 301.5 61.3 300.7
  60.8 299.8 60.3 298.8 59.9 297.7 59.5 296.4 59.1 295.0 58.7 293.7 58.3 292.4
  58.0 291.0 57.7 289.7 57.4 288.3 57.2 286.8 57.1 285.4 57.0 283.9 56.9 282.4
  56.8 281.0 56.7 279.7 56.7 278.4 56.8 277.3 56.9 276.3 57.1 275.3 57.3 274.4
  57.5 273.5 57.7 272.6 58.0 271.7 58.3 271.0 58.5 270.4 58.7 269.8 59.0 269.2
  59.3 268.6 59.6 268.0 59.9 267.4 60.2 266.8 60.5 266.6 60.9 266.3 61.2 266.0
  61.6 265.7 62.0 265.4 62.4 265.0 62.8 264.9 63.2 264.9 63.6 264.8 64.0 264.7
  64.3 264.7 64.7 264.7 65.1 264.8 65.5 264.9 65.8 265.0 66.1 265.1 66.4 265.3
  66.7 265.5 67.0 265.7 67.2 266.0 67.5 266.3 67.7 266.7 67.9 267.2 68.1 267.7
  68.3 268.1 68.4 268.5 68.6 269.0 68.7 269.4 68.8 270.0 68.9 270.5 69.0 271.1
  69.1 271.8 69.2 272.4 69.2 273.2 69.2 273.9 69.2 274.6 69.2 275.3 69.2 276.1
  69.2 276.8 69.1 277.5 69.1 278.2 69.0 278.8 68.9 279.4 68.8 280.0 68.7 280.5
  68.6 281.0 68.5 281.5 68.3 281.9 68.2 282.3 68.1 282.7 67.9 283.0 67.7 283.4
  67.6 283.7 67.4 284.1 67.3 284.4 67.2 284.7 67.1 285.0 67.0 285.4 66.9 285.7
  66.8 286.0 66.8 286.3 66.7 286.5 66.7 286.8 66.7 287.1 66.6 287.4 66.6 287.6
  66.7 287.9 66.6 288.2 66.6 288.5 66.6 288.9 66.6 289.3 66.5 289.7 66.5 290.1
  66.4 290.6 66.2 291.1 66.1 291.6 66.0 292.1 65.8 292.8 65.6 293.5 65.3 294.1
  65.1 294.8 64.8 295.5 64.5 296.1 64.2 296.7 63.8 297.3 63.5 298.1 63.1 298.9
  62.7 299.7 62.2 300.5 61.7 301.3 61.2 302.2 60.7 302.9 60.2 303.6 59.7 304.1
  59.2 304.5 58.6 304.8 58.1 305.1 57.5 305.3 57.0 305.6 56.6 305.9 56.1 306.3
  55.7 306.7 55.3 307.4 54.9 308.0 54.1 308.7 53.2 309.2 52.3 309.8 51.4 310.4
  50.3 310.8 49.2 311.2 48.0 311.4 46.8 311.6 45.4 311.4 44.0 310.8 42.5 310.1
  41.1 309.0 39.9 307.4 39.2 305.8 38.5 304.0 38.3 302.0 38.1 299.9 38.4 297.8
  38.6 295.8 39.3 293.9 40.0 292.3 40.9 290.9 41.8 289.9 42.8 288.9 43.9 288.1
  44.9 287.4 45.7 286.8 46.5 286.1 47.3 285.6 48.1 285.0 48.9 284.6 49.7 284.1
  50.3 283.5 50.9 283.1 51.5 282.7 52.0 282.2 52.5 281.7 53.0 281.2 53.4 280.6
  53.8 280.0 54.2 279.4 54.5 278.7 54.8 277.9 55.1 277.1 55.4 276.2 55.8 275.3
  56.0 274.4 56.2 273.5 56.5 272.4 56.7 271.4 56.9 270.4 57.0 269.4 57.2 268.4
  57.4 267.3 57.5 266.3 57.6 265.4 57.7 264.4 57.8 263.4 57.9 262.5 57.9 261.6
  58.0 260.6 58.0 259.7 58.0 258.9 58.0 258.0 58.1 257.2 58.1 256.4 58.1 255.6
  58.1 254.8 58.0 254.0 58.0 253.3
   9 20 72  0.0
  72.5 321.4 72.3 321.4 72.0 321.4 71.8 321.3 71.6 321.4 71.3 321.4 71.1 321.3
  70.8 321.3 70.5 321.2 70.2 321.1 69.8 320.9 69.5 320.9 69.2 320.9 68.8 320.9
  68.4 320.8 68.1 320.6 67.7 320.5 67.3 320.5 67.0 320.6 66.6 320.5 66.2 320.4
  65.9 320.3 65.5 320.3 65.1 320.3 64.6 320.3 64.2 320.2 63.7 320.1 63.2 320.0
  62.7 319.9 62.1 319.7 61.5 319.5 60.9 319.3 60.2 319.2 59.6 319.0 58.9 318.5
  58.2 318.1 57.5 317.7 56.8 316.9 56.2 316.0 55.6 315.2 54.8 314.0 54.1 312.8
  53.5 311.6 52.7 310.1 52.0 308.6 51.4 306.9 50.7 305.2 50.1 303.4 49.5 301.5
  48.8 299.6 48.4 297.6 47.9 295.6 47.7 293.8 47.6 292.0 47.5 290.1 47.4 288.3
  47.3 286.3 47.1 284.4 46.9 282.4 46.8 280.4 46.6 278.3 46.5 276.2 46.4 274.1
  46.4 272.1 46.3 270.1 46.4 268.0 46.4 266.0 46.6 263.9 46.8 261.9 47.0 260.0
  47.3 258.1 47.6 256.3 47.9 254.5 48.2 252.7 48.4 250.8 48.7 248.9 48.9 247.0
  49.1 245.1 49.4 243.3 49.6 241.5 49.9 239.8 50.1 238.1 50.3 236.3 50.5 234.4
  50.7 232.4 50.8 230.5 50.9 228.5 51.1 226.5 51.2 224.5 51.4 222.5 51.7 220.6
  51.9 218.8 52.2 217.0 52.4 214.9 52.5 212.7 52.5 210.6 52.3 208.5 52.1 206.4
  51.9 204.5 51.7 203.0 51.7 201.6 51.6 200.2 51.5 199.0 51.5 197.8 51.5 196.6
  51.5 195.4 51.5 194.3 51.4 193.1 51.4 192.0 51.3 190.8 51.2 189.6 51.1 188.5
  51.0 187.3 50.8 186.1 50.6 185.0 50.4 183.9 50.1 182.9 49.8 181.9 49.5 181.0
  49.2 180.0 48.9 179.1 48.6 178.2 48.4 177.3 48.1 176.4 47.8 175.6 47.7 174.6
  47.5 173.8 47.3 172.9 47.1 172.1 47.0 171.3 46.8 170.6 46.7 169.8 46.5 169.1
  46.4 168.5 46.2 167.8 46.1 167.2 46.0 166.5 45.9 165.9 45.8 165.3 45.7 164.7
  45.6 164.2 45.5 163.6 45.5 163.0 45.5 162.5 45.5 161.9 45.5 161.4 45.4 160.8
  45.3 160.3 45.2 159.7 45.2 159.1 45.2 158.5 45.3 158.0 45.3 157.4 45.3 156.9
  45.2 156.3 45.2 155.8 45.5 155.3 45.7 154.8 46.0 154.3 46.4 154.0 46.7 153.6
  47.1 153.2 47.4 152.8 47.8 152.4 48.3 152.0 48.7 151.8 49.3 151.6 50.0 151.5
  50.6 151.3 51.3 151.4 51.9 151.6 52.4 151.7 52.9 152.0 53.4 152.2 53.7 152.4
  54.0 152.7 54.4 153.0 54.7 153.3 55.0 153.6 55.2 154.0 55.5 154.4 55.8 154.9
  56.0 155.3 56.2 155.8 56.4 156.1 56.6 156.4 56.8 156.7 56.9 157.0 57.1 157.3
  57.2 157.6 57.3 157.8 57.3 158.1 57.4 158.4 57.4 158.6 57.4 158.8 57.4 159.1
  57.4 159.3 57.4 159.5 57.3 159.7 57.3 159.9 57.2 160.0 57.2 160.2 57.1 160.3
  57.1 160.4 57.0 160.5 56.9 160.6 56.8 160.7 56.7 160.7 56.6 160.6 56.5 160.5
  56.3 160.4 56.2 160.3 56.1 160.1 56.0 159.8 55.9 159.6 55.8 159.2 55.6 158.7
  55.4 158.3 55.3 157.8 55.1 157.4 54.9 156.9 54.8 156.5 54.6 156.1 54.4 155.7
  54.2 155.3 54.0 154.9 53.7 154.4 53.4 153.9 53.1 153.4 52.7 152.9 52.3 152.4
  51.9 152.0 51.5 151.4 51.2 150.7 50.9 150.0 50.5 149.3 50.1 148.6 49.7 148.0
  49.5 146.9 49.2 145.7 48.9 144.6
   9 21 72  0.0
  72.5 321.4 72.4 321.4 72.4 321.5 72.3 321.5 72.2 321.5 72.1 321.5 72.0 321.5
  71.9 321.4 71.8 322.0 71.7 322.5 71.6 322.9 71.5 323.3 71.4 323.6 71.3 323.9
  71.1 324.2 71.0 324.4 70.9 324.7 70.7 324.9 70.6 325.0 70.4 325.2 70.3 325.3
  70.1 325.4 69.9 325.4 69.7 325.9 69.4 326.4 69.2 326.8 68.9 327.1 68.7 327.4
  68.4 327.5 68.1 327.7 67.8 327.7 67.4 328.1 67.1 328.4 66.7 328.7 66.3 328.8
  65.8 328.9 65.3 329.1 64.8 329.2 64.2 329.2 63.7 329.1 63.1 329.0 62.5 328.9
  61.9 328.7 61.3 328.3 60.7 328.0 60.0 327.6 59.4 327.2 58.7 326.6 58.1 326.0
  57.4 325.5 56.8 324.6 56.2 323.8 55.5 323.0 54.9 321.8 54.4 320.6 53.9 319.4
  53.3 317.9 52.8 316.4 52.4 314.8 51.7 313.1 51.1 311.4 50.4 309.5 49.8 307.5
  49.3 305.7 48.8 303.8 48.5 301.8 48.1 299.7 47.8 297.6 47.5 295.8 47.5 293.9
  47.4 291.9 47.4 289.9 47.4 287.9 47.4 285.8 47.4 283.9 47.4 282.0 47.4 280.0
  47.3 278.1 47.3 276.2 47.3 274.4 47.3 272.5 47.3 270.7 47.4 268.9 47.4 267.1
  47.5 265.2 47.7 263.3 47.8 261.5 47.9 259.7 48.1 258.0 48.2 256.2 48.5 254.5
  48.6 252.7 48.8 250.9 48.9 249.1 49.1 247.3 49.2 245.5 49.4 243.7 49.6 241.9
  49.9 240.1 50.1 238.4 50.4 236.6 50.6 234.8 50.7 232.9 50.9 231.0 51.0 229.1
  51.2 227.1 51.4 225.1 51.6 223.1 52.0 221.0 52.4 219.0 52.8 216.9 53.2 214.8
  53.5 212.7 53.7 210.6 53.8 208.6 53.9 206.6 54.0 204.7 54.0 203.0 54.2 201.3
  54.4 199.6 54.7 198.1 55.1 196.6 55.5 195.1 55.7 193.7 55.9 192.2 56.1 190.9
  56.2 189.6 56.2 188.3 56.3 187.2 56.2 186.2 56.2 185.2 56.2 184.3 56.2 183.5
  56.2 182.7 56.2 181.9 56.2 181.2 56.3 180.6 56.3 179.9 56.3 179.3 56.4 178.7
  56.4 178.1 56.5 177.5 56.6 176.9 56.7 176.3 56.8 175.8 56.9 175.2 56.9 174.6
  57.0 174.0 57.1 173.3 57.2 172.7 57.3 172.1 57.4 171.4 57.4 170.8 57.4 170.1
  57.5 169.4 57.5 168.8 57.6 168.1 57.7 167.5 57.7 166.9 57.8 166.2 57.9 165.7
  58.0 165.1 58.1 164.5 58.2 164.0 58.4 163.4 58.5 162.9 58.7 162.4 58.9 161.8
  59.1 161.2 59.3 160.7 59.4 160.1 59.6 159.6 59.8 159.1 60.0 158.6 60.2 158.2
  60.4 157.9 60.6 157.6 60.8 157.2 61.0 156.9 61.2 156.6 61.3 156.3 61.5 156.0
  61.7 155.7 61.9 155.4 62.0 155.1 62.2 154.9 62.4 154.7 62.6 154.5 62.7 154.3
  62.9 154.1 63.1 153.9 63.2 153.7 63.3 153.4 63.5 153.2 63.6 153.0 63.7 152.7
  63.9 152.4 64.0 152.1 64.1 152.1 64.3 152.2 64.4 152.2 64.5 152.2 64.6 152.1
  64.7 152.1 64.8 152.0 64.9 151.9 65.0 151.8 65.1 151.7 65.1 151.6 65.2 151.6
  65.2 151.6 65.3 151.6 65.4 151.6 65.4 151.7 65.5 151.8 65.6 151.9 65.6 152.0
  65.6 152.2 65.7 152.4 65.7 152.6 65.7 152.9 65.7 153.2 65.8 153.5 65.8 153.8
  65.9 154.1 65.9 154.5 66.0 154.9 66.0 155.4 66.1 156.0 66.2 156.7 66.2 157.4
  66.3 158.0 66.3 158.7 66.3 159.4 66.3 160.2 66.4 160.9 66.4 161.6 66.4 162.4
  66.4 163.1 66.4 163.9 66.3 164.7
   9 22 72  0.0
  72.5 321.4 72.6 321.3 72.6 321.2 72.7 321.1 72.7 320.9 72.8 320.6 72.8 320.3
  72.8 319.9 72.8 319.5 72.7 319.1 72.6 318.5 72.6 317.9 72.5 317.2 72.4 316.5
  72.4 315.8 72.1 315.1 71.9 314.4 71.7 314.7 71.5 315.1 71.3 315.4 71.1 315.9
  71.0 316.4 70.9 317.0 70.8 317.6 70.8 318.2 70.7 318.9 70.7 319.6 70.6 320.3
  70.5 321.0 70.5 321.6 70.4 322.2 70.3 322.7 70.2 323.2 70.1 323.6 70.0 324.1
  69.9 325.0 69.8 325.9 69.8 326.8 69.7 327.7 69.6 328.5 69.4 329.3 69.3 330.0
  69.2 330.6 69.0 331.1 68.8 331.6 68.6 332.0 68.4 332.3 68.1 332.6 67.7 332.7
  67.4 333.4 67.1 333.9 66.7 334.3 66.3 334.6 65.8 334.7 65.4 335.0 64.9 335.2
  64.4 335.3 63.8 335.3 63.3 335.2 62.7 335.0 62.0 334.8 61.3 334.5 60.7 334.1
  60.0 333.7 59.3 333.3 58.7 332.7 58.1 332.1 57.6 331.5 57.0 330.7 56.5 329.9
  56.0 329.1 55.5 328.1 55.1 327.1 54.6 326.0 54.1 325.0 53.6 323.9 53.1 322.7
  52.7 321.4 52.3 320.1 52.0 318.6 51.6 317.1 51.3 315.5 50.8 313.9 50.3 312.2
  49.8 310.4 49.2 308.7 48.7 307.0 48.3 305.2 47.9 303.2 47.6 301.7 47.3 300.1
  47.0 298.4 46.8 296.6 46.5 294.8 46.4 292.8 46.3 290.8 46.3 288.8 46.3 286.7
  46.3 284.8 46.3 282.8 46.2 280.9 46.2 279.0 46.1 277.1 46.0 275.2 46.0 273.4
  46.0 271.9 46.0 270.4 46.1 268.6 46.1 266.7 46.2 264.8 46.3 262.9 46.4 261.1
  46.5 259.3 46.6 257.6 46.8 256.0 46.9 254.3 47.1 252.7 47.3 251.0 47.4 249.3
  47.5 247.7 47.7 246.0 47.8 244.4 48.0 242.8 48.2 241.4 48.4 239.7 48.7 238.0
  48.9 236.3 49.1 234.6 49.3 233.0 49.4 231.3 49.6 229.6 49.7 227.9 50.0 226.2
  50.2 224.5 50.4 222.5 50.7 220.6 51.0 218.7 51.2 216.9 51.5 215.2 51.7 213.5
  51.8 211.9 51.7 210.3 51.6 208.8 51.5 207.2 51.3 205.7 51.1 204.1 50.9 202.6
  50.8 201.2 50.7 199.9 50.7 198.7 50.8 197.5 50.8 196.3 50.7 195.2 50.7 194.1
  50.7 193.0 50.6 191.9 50.6 190.7 50.5 189.6 50.4 188.4 50.3 187.3 50.1 186.1
  49.9 185.0 49.7 184.0 49.4 183.1 49.1 182.1 48.8 181.2 48.4 180.2 48.1 179.3
  47.8 178.4 47.5 177.4 47.2 176.4 46.9 175.5 46.7 174.6 46.4 173.7 46.2 172.9
  46.0 172.1 45.7 171.4 45.5 170.7 45.3 170.0 45.1 169.3 44.8 168.7 44.6 168.1
  44.3 167.5 44.1 166.9 43.9 166.3 43.7 165.7 43.5 165.1 43.2 164.5 43.0 163.9
  42.9 163.3 42.8 162.7 42.7 162.0 42.6 161.4 42.4 160.8 42.2 160.1 42.0 159.5
  42.0 158.8 41.9 157.9 41.9 157.1 41.8 156.2 41.7 155.3 41.8 154.4 41.9 153.5
  42.0 152.7 42.1 152.1 42.2 151.5 42.5 150.9 42.9 150.4 43.3 149.8 43.7 149.2
  44.1 148.7 44.5 148.2 45.0 147.8 45.5 147.4 46.1 146.9 46.7 146.6 47.3 146.2
  47.9 145.8 48.5 145.5 49.2 145.2 49.8 144.9 50.4 144.5 51.0 144.2 51.6 143.9
  52.1 143.5 52.7 143.3 53.2 143.1 53.8 142.9 54.3 142.7 54.9 142.8 55.4 143.0
  55.9 143.1 56.3 143.1 56.8 143.2 57.2 143.3 57.7 143.4 58.0 143.4 58.4 143.4
  58.8 143.3 59.2 143.2 59.5 143.2
   9 23 72  0.0
  72.5 321.4 72.0 320.7 71.6 320.1 71.2 320.4 70.8 320.7 70.4 321.0 70.0 321.2
  69.6 321.4 69.3 322.0 68.9 322.6 68.6 323.2 68.3 323.6 67.9 324.0 67.6 324.5
  67.2 325.0 66.8 325.4 66.5 325.8 66.1 326.1 65.8 326.4 65.4 326.7 65.1 326.8
  64.7 327.0 64.4 327.0 63.9 327.0 63.5 327.2 63.1 327.2 62.6 327.3 62.1 327.4
  61.6 327.6 61.1 327.7 60.6 327.7 60.1 327.7 59.5 327.6 58.9 327.2 58.4 326.8
  57.7 326.3 57.1 325.5 56.4 324.6 55.6 323.8 55.0 322.9 54.3 322.0 53.6 321.2
  52.9 320.2 52.1 319.2 51.5 318.2 50.8 317.1 50.1 316.1 49.2 315.0 48.5 313.9
  47.7 312.8 46.9 311.6 46.7 310.3 46.6 309.0 46.4 307.7 46.8 306.4 47.1 305.0
  47.3 303.5 47.7 302.0 48.0 300.6 48.3 299.0 48.8 297.4 49.3 295.8 50.0 294.1
  50.8 292.5 51.5 290.8 52.2 289.2 52.9 287.6 53.5 285.9 54.0 284.4 54.6 282.8
  55.1 281.2 55.7 279.6 56.2 278.0 56.8 276.5 57.4 274.9 57.8 273.3 58.3 271.7
  58.5 270.1 58.8 268.7 59.1 267.2 59.2 265.9 59.3 264.5 59.5 263.3 59.5 262.1
  59.6 260.9 59.7 259.8 59.7 258.8 59.7 257.8 59.7 256.9 59.7 256.0 59.7 255.2
  59.7 254.5 59.6 253.8 59.6 253.1 59.5 252.4 59.5 251.8 59.5 251.2 59.4 250.7
  59.4 250.2 59.4 249.7 59.3 249.2 59.3 248.7 59.3 248.3 59.3 247.9 59.4 247.5
  59.4 247.2 59.5 246.8 59.6 246.5 59.7 246.2 59.8 246.0 59.9 245.7 60.0 245.5
  60.2 245.5 60.3 245.5 60.5 245.5 60.7 245.4 60.8 245.4 61.0 245.3 61.2 245.2
  61.4 245.2 61.6 245.1 61.8 245.0 62.0 244.9 62.2 244.9 62.5 244.9 62.7 244.9
  63.0 244.9 63.2 245.0 63.5 245.0 63.7 245.0 64.0 245.0 64.2 245.0 64.5 245.0
  64.8 244.9 65.1 244.9 65.4 244.8 65.7 244.8 65.9 244.7 66.2 244.6 66.5 244.3
  66.8 244.1 67.1 243.8 67.4 243.5 67.6 243.2 67.9 242.9 68.1 242.6 68.4 242.1
  68.6 241.6 68.8 241.1 69.0 240.6 69.2 240.2 69.4 239.7 69.6 239.2 69.7 238.7
  69.9 238.2 70.0 237.7 70.1 237.1 70.2 236.6 70.4 236.0 70.5 235.4 70.5 234.7
  70.6 234.0 70.6 233.3 70.6 232.5 70.7 231.7 70.6 230.9 70.6 230.0 70.6 229.1
  70.6 228.1 70.5 227.1 70.4 226.1 70.3 225.1 70.2 224.1 70.2 223.2 70.0 222.3
  69.8 221.4 69.7 220.5 69.6 219.7 69.4 218.8 69.3 218.0 69.2 217.2 69.1 216.5
  68.9 215.7 68.8 214.9 68.7 214.2 68.5 213.4 68.4 212.6 68.2 211.8 68.0 211.1
  67.8 210.3 67.7 209.5 67.5 208.8 67.3 208.1 67.2 207.3 66.9 206.6 66.7 205.9
  66.5 205.2 66.3 204.5 66.1 203.9 66.0 203.3 65.8 202.9 65.7 202.5 65.5 202.1
  65.3 201.8 65.1 201.5 65.0 201.3 64.7 201.1 64.5 200.8 64.2 200.6 63.9 200.3
  63.6 200.0 63.3 199.7 63.0 199.4 62.7 199.0 62.3 198.7 61.9 198.3 61.4 197.9
  60.9 197.5 60.4 197.0 59.9 196.6 59.5 195.9 59.1 195.2 58.7 194.5 58.3 193.9
  57.9 193.2 57.4 192.3 57.0 191.4 56.5 190.6 55.9 189.8 55.3 188.9 54.7 187.9
  54.0 187.1 53.3 186.3 52.7 185.0 52.0 183.8 51.2 182.8 50.4 181.4 49.5 180.0
  48.7 178.4 47.9 176.7 47.1 174.8
   9 24 72  0.0
  72.5 321.4 72.2 321.1 71.8 320.9 71.4 320.8 71.0 320.8 70.6 321.0 70.1 321.2
  69.5 321.5 69.0 321.6 68.5 321.9 67.9 322.2 67.4 322.3 66.9 322.6 66.4 322.9
  65.9 323.4 65.5 323.3 65.1 323.4 64.7 323.6 64.3 324.0 64.0 324.5 63.3 325.1
  62.6 325.4 61.9 325.9 61.3 326.2 60.5 326.7 59.7 327.2 59.0 327.5 58.3 327.8
  57.6 328.3 56.5 328.4 55.3 328.6 54.2 328.6 53.1 328.6 52.0 328.4 50.9 327.6
  50.6 326.8 50.2 326.0 49.8 325.1 49.4 323.7 49.9 322.1 50.3 320.5 50.7 319.3
  51.7 318.1 52.7 316.9 53.6 316.2 54.5 315.4 55.5 315.0 56.4 314.7 57.3 314.8
  58.1 314.9 58.7 315.4 59.2 316.0 59.6 316.6 59.7 317.2 59.8 317.8 59.8 318.4
  59.8 319.0 59.9 319.4 59.9 319.8 59.9 320.1 59.7 320.3 59.6 320.4 59.4 320.4
  59.2 320.3 59.0 320.2 58.9 320.0 58.7 319.7 58.6 319.4 58.5 319.0 58.4 318.6
  58.2 318.2 58.0 317.7 57.8 317.2 57.6 316.3 57.3 315.5 57.1 314.8 56.8 314.1
  56.5 313.4 56.3 312.7 56.0 312.0 55.8 311.3 55.7 310.2 55.6 309.1 55.5 307.9
  55.5 306.8 55.4 305.6 55.3 304.5 55.3 303.4 55.3 302.3 55.2 301.2 55.2 300.1
  55.2 299.0 55.3 297.8 55.4 296.7 55.6 295.5 55.9 294.2 56.1 293.0 56.4 291.7
  56.7 290.3 57.0 289.0 57.3 287.6 57.6 286.2 58.0 284.8 58.4 283.4 58.8 282.0
  59.2 280.6 59.6 279.1 60.1 277.7 60.5 276.5 61.0 275.3 61.5 274.2 61.9 273.0
  62.4 271.9 62.8 271.0 63.2 270.2 63.6 269.3 64.1 268.5 64.6 267.9 65.0 267.3
  65.5 266.8 65.9 266.2 66.4 265.6 66.9 265.3 67.4 264.9 67.8 264.6 68.2 264.3
  68.7 264.3 69.0 264.3 69.4 264.3 69.7 264.5 70.0 264.7 70.3 265.2 70.6 265.8
  70.8 266.5 71.1 267.3 71.3 268.2 71.4 269.2 71.6 270.3 71.8 271.5 71.9 272.9
  72.0 274.3 72.1 275.3 72.3 276.3 72.3 277.3 72.4 278.4 72.5 279.5 72.6 280.5
  72.6 281.5 72.7 282.5 72.7 283.5 72.8 284.4 72.7 285.3 72.7 286.2 72.6 287.0
  72.6 287.7 72.5 288.4 72.4 289.1 72.2 289.7 72.1 290.2 72.0 290.7 71.9 292.0
  71.7 293.1 71.5 294.1 71.3 295.1 71.1 295.9 70.8 296.6 70.5 297.2 70.2 297.7
  69.9 298.2 69.5 299.0 69.2 299.7 68.8 300.2 68.3 300.7 67.9 301.0 67.4 301.4
  66.9 301.8 66.4 302.1 65.8 302.3 65.2 302.6 64.5 302.8 63.9 303.0 63.2 303.2
  62.5 303.3 61.9 303.4 61.3 303.1 60.7 302.8 60.2 302.5 59.7 302.2 59.3 301.5
  59.0 300.8 58.7 300.0 58.5 299.2 58.0 298.3 57.5 297.4 57.1 296.3 56.8 295.1
  56.3 293.9 55.8 292.6 55.5 291.2 55.0 289.6 54.5 287.9 54.1 286.2 53.6 284.4
  53.3 282.5 52.9 280.6 52.6 278.6 52.5 276.7 52.4 274.8 52.4 272.9 52.3 271.2
  52.4 269.4 52.4 267.8 52.5 266.1 52.6 264.4 52.7 262.7 52.8 261.0 52.9 259.4
  53.1 257.7 53.3 256.1 53.5 254.6 53.9 253.2 54.3 251.8 54.7 250.5 55.1 249.2
  55.5 247.9 55.8 246.5 56.0 245.1 56.3 243.7 56.7 242.3 57.0 240.9 57.3 239.5
  57.8 238.0 58.1 236.5 58.5 235.2 58.7 233.7 59.0 232.2 59.1 230.6 59.2 228.9
  59.3 227.1 59.5 225.3 59.7 223.4
   9 25 72  0.0
  72.5 321.4 72.4 319.9 72.2 318.6 72.0 317.3 71.9 316.1 71.7 315.2 71.5 314.4
  71.3 313.6 71.2 312.7 71.0 311.9 70.7 311.1 70.5 310.3 70.3 309.5 70.1 308.8
  69.9 308.1 69.7 307.7 69.5 307.4 69.2 307.0 69.0 306.6 68.8 306.3 68.6 305.9
  68.4 305.5 68.2 305.1 68.0 304.7 67.8 304.2 67.7 303.8 67.6 303.5 67.5 303.1
  67.3 302.8 67.2 302.4 67.1 302.1 67.1 301.7 67.0 301.4 66.9 301.1 66.9 300.8
  66.8 300.5 66.8 300.2 66.8 299.8 66.8 299.6 66.7 299.4 66.6 299.3 66.5 299.3
  66.3 299.3 66.2 299.4 66.0 299.6 65.9 299.8 65.7 299.8 65.5 299.9 65.3 300.0
  65.1 300.2 64.9 300.3 64.7 300.5 64.5 300.7 64.3 300.8 64.1 301.0 63.9 301.2
  63.8 301.2 63.7 301.3 63.6 301.3 63.5 301.4 63.4 301.4 63.3 301.5 63.3 301.5
  63.3 301.5 63.3 301.5 63.4 301.5 63.5 301.5 63.6 301.4 63.8 301.3 63.9 301.2
  64.1 301.0 64.4 300.9 64.6 300.8 64.9 300.6 65.1 300.3 65.3 300.1 65.5 299.9
  65.6 299.8 65.7 299.6 65.8 299.4 66.0 299.2 66.1 299.0 66.2 299.1 66.4 299.1
  66.5 299.3 66.6 299.5 66.7 299.7 66.8 300.0 66.8 300.4 66.8 300.8 66.8 301.2
  66.8 301.8 66.8 302.3 66.8 302.9 66.8 303.6 66.7 304.3 66.7 305.0 66.6 305.8
  66.6 306.5 66.5 307.3 66.4 308.0 66.3 308.8 66.3 309.6 66.1 310.3 66.0 311.0
  65.9 311.8 65.8 312.4 65.7 313.0 65.5 313.6 65.4 314.1 65.3 314.7 65.1 315.4
  65.0 316.0 64.9 316.6 64.8 317.2 64.7 317.8 64.6 318.5 64.5 319.2 64.4 319.8
  64.3 320.5 64.2 321.2 64.1 322.0 64.0 322.7 63.8 323.2 63.7 323.7 63.5 324.1
  63.2 324.5 62.8 324.9 62.5 325.3 62.0 325.6 61.6 325.9 61.1 325.8 60.5 325.6
  59.9 325.5 59.3 324.9 58.6 324.3 58.0 323.7 57.5 323.1 56.9 322.0 56.3 320.8
  55.7 319.8 55.1 318.1 54.5 316.5 53.9 314.8 53.5 312.6 53.2 310.3 53.0 307.9
  52.9 305.6 52.7 303.3 52.6 301.1 52.4 299.0 52.3 296.9 52.3 295.0 52.4 293.0
  52.5 291.2 52.7 289.3 52.9 287.5 53.0 285.7 53.2 283.9 53.3 282.2 53.4 280.5
  53.5 279.0 53.6 277.4 53.8 275.9 53.9 274.4 54.0 272.9 54.1 271.5 54.2 270.3
  54.2 269.2 54.3 268.0 54.4 266.9 54.5 265.9 54.6 265.0 54.6 264.1 54.7 263.2
  54.8 262.5 55.0 261.7 55.1 261.0 55.3 260.4 55.4 259.8 55.6 259.2 55.7 258.6
  55.9 258.0 56.0 257.5 56.2 257.1 56.4 256.8 56.6 256.4 56.8 256.1 57.0 255.8
  57.2 255.5 57.4 255.2 57.6 255.0 57.8 254.7 58.0 254.5 58.2 254.2 58.4 254.0
  58.6 253.8 58.8 253.6 59.0 253.5 59.1 253.3 59.3 253.1 59.4 253.0 59.5 252.9
  59.6 252.7 59.8 252.6 59.9 252.5 59.9 252.4 60.0 252.2 60.1 252.1 60.2 252.1
  60.2 251.9 60.3 251.8 60.3 251.7 60.3 251.5 60.3 251.4 60.3 251.2 60.3 251.0
  60.2 250.8 60.2 250.5 60.2 250.2 60.2 249.9 60.3 249.5 60.3 249.1 60.4 248.6
  60.5 248.1 60.7 247.5 60.7 246.8 60.8 246.0 60.8 245.2 60.9 244.2 61.0 243.2
  61.0 242.2 61.1 241.1 61.1 240.0 61.1 238.8 61.2 237.6 61.2 236.3 61.3 235.0
  61.2 233.7 61.1 232.3 61.1 230.9
   9 26 72  0.0
  72.5 321.4 71.9 321.1 71.4 321.2 70.8 321.3 70.2 321.3 69.6 321.3 69.0 321.7
  68.5 322.1 67.9 322.4 67.3 323.1 66.7 323.7 66.1 324.2 65.5 324.6 64.9 325.3
  64.3 325.9 63.6 326.4 62.9 327.1 62.1 327.7 61.3 328.3 60.6 329.0 59.7 329.5
  58.8 330.1 57.9 330.7 56.9 331.1 55.9 331.6 55.0 332.0 54.0 332.3 53.1 332.6
  52.4 332.6 51.7 332.7 51.2 332.5 50.7 332.4 50.4 332.2 50.1 332.0 49.9 331.9
  49.4 331.6 49.0 331.3 48.7 331.1 48.4 330.8 48.1 330.6 47.9 330.4 47.8 330.2
  47.7 330.0 47.7 329.9 47.6 329.9 47.6 329.9 47.7 329.9 47.8 330.0 47.8 330.2
  48.0 330.4 48.1 330.7 48.2 330.5 48.3 330.3 48.5 330.1 48.6 329.8 48.7 329.4
  48.9 329.0 49.1 328.6 49.2 328.1 49.4 327.5 49.7 326.9 50.1 326.3 50.4 325.6
  50.7 324.8 51.0 324.0 51.2 323.1 51.4 322.2 51.7 321.2 51.9 320.1 52.2 318.9
  52.5 317.7 52.8 316.5 53.3 315.2 53.4 313.7 53.6 312.3 53.9 310.8 53.9 309.3
  53.9 307.8 53.7 306.3 53.6 304.8 53.6 303.4 53.3 302.0 53.0 300.6 52.8 299.3
  52.2 298.0 51.5 296.8 51.0 295.7 50.3 294.5 49.7 293.4 49.2 292.2 48.8 291.0
  48.3 289.8 47.9 288.5 47.5 287.5 47.0 286.6 46.5 285.6 46.1 284.6 45.6 283.6
  45.2 282.9 44.9 282.2 44.6 281.4 44.4 280.5 44.1 279.6 43.9 278.7 43.6 278.2
  43.4 277.8 43.1 277.2 42.8 276.7 42.6 276.1 42.4 275.5 42.0 274.8 41.6 274.5
  41.3 274.2 41.0 273.8 40.7 273.5 40.5 273.1 40.3 272.7 40.1 272.3 39.9 271.8
  39.6 271.6 39.3 271.4 39.0 271.2 38.7 271.0 38.5 270.8 38.2 270.7 38.0 270.5
  37.8 270.3 37.7 270.3 37.5 270.3 37.4 270.3 37.3 270.3 37.2 270.3 37.1 270.3
  37.0 270.3 36.9 270.4 36.9 270.4 36.8 270.5 36.8 270.6 36.7 270.6 36.7 270.7
  36.6 270.8 36.6 270.9 36.6 271.0 36.6 271.1 36.6 271.2 36.6 271.3 36.6 271.4
  36.6 271.5 36.6 271.6 36.6 271.7 36.7 271.8 36.7 271.8 36.7 271.9 36.8 271.9
  36.9 272.0 36.9 272.0 37.2 272.0 37.4 272.0 37.7 272.0 37.9 272.0 38.0 271.9
  38.1 271.7 38.3 271.5 38.4 271.3 38.5 271.0 38.7 270.8 38.8 270.6 39.0 270.3
  39.2 270.1 39.4 269.9 39.6 269.6 39.8 269.4 40.0 269.1 40.2 268.7 40.5 268.2
  40.7 267.8 40.8 267.3 40.9 266.8 41.0 266.3 41.1 265.8 41.2 265.3 41.3 264.8
  41.4 264.2 41.6 263.7 41.5 263.2 41.5 262.7 41.5 262.2 41.4 261.7 41.4 261.2
  41.4 260.6 41.4 260.1 41.4 259.5 41.4 259.0 41.4 258.4 41.4 257.8 41.5 257.2
  41.5 256.6 41.5 256.0 41.5 255.4 41.5 254.8 41.5 254.3 41.6 253.7 41.6 253.1
  41.7 252.5 41.7 251.8 41.7 251.2 41.7 250.6 41.8 250.0 41.8 249.4 41.8 248.9
  41.9 248.4 41.9 247.9 41.9 247.4 41.8 247.0 41.8 246.6 41.7 246.3 41.7 245.9
  41.6 245.6 41.6 245.4 41.5 245.1 41.5 244.9 41.5 244.7 41.4 244.4 41.4 244.3
  41.4 244.1 41.3 243.9 41.3 243.8 41.2 243.7 41.1 243.6 41.0 243.5 40.9 243.5
  40.8 243.4 40.7 243.3 40.6 243.3 40.5 243.2 40.4 243.2 40.3 243.1 40.2 243.1
  40.1 243.1 40.0 243.0 39.8 243.1
   9 27 72  0.0
  72.5 321.4 72.1 321.7 71.7 322.0 71.3 322.7 71.0 323.4 70.6 324.0 70.1 324.6
  69.7 325.1 69.4 326.1 69.0 327.0 68.6 327.8 68.2 328.6 67.7 329.4 67.2 330.4
  66.7 331.3 66.2 332.2 65.6 332.9 65.0 333.7 64.3 334.4 63.6 335.0 62.9 335.7
  62.1 336.4 61.3 337.0 60.6 337.7 59.8 338.4 59.0 339.2 58.2 339.9 57.3 340.6
  56.7 341.1 56.0 341.6 55.3 341.9 54.6 342.2 54.0 342.6 53.3 342.8 52.7 343.0
  52.0 343.3 51.4 343.6 50.8 343.7 50.2 343.9 49.8 344.1 49.5 344.2 49.2 344.4
  48.9 344.7 48.6 344.9 48.3 345.3 48.0 345.7 47.7 346.2 47.4 346.4 47.1 346.7
  46.8 347.1 46.5 347.4 46.2 347.8 45.9 348.1 45.6 348.2 45.3 348.3 45.0 348.4
  44.7 348.4 44.4 348.5 44.1 348.6 43.7 348.7 43.4 348.4 43.2 348.1 42.9 347.9
  42.8 347.6 42.7 347.4 42.7 347.2 42.7 347.1 42.7 346.9 42.7 346.8 42.8 346.7
  42.9 346.7 43.1 346.6 43.2 346.6 43.5 346.6 43.7 346.6 43.9 346.7 44.1 346.7
  44.3 347.2 44.5 347.6 44.7 348.2 44.5 348.8 44.3 349.4 44.0 350.0 43.8 350.6
  43.5 350.8 43.2 351.0 42.9 351.3 42.6 351.7 42.3 352.0 41.7 352.5 41.0 352.4
  40.3 352.3 39.6 352.4 38.9 351.8 38.6 351.2 38.4 350.7 38.2 350.2 37.9 349.8
  37.7 348.8 37.6 347.8 38.1 346.9 38.6 346.6 39.1 346.2 39.6 346.0 40.1 345.7
  40.5 346.1 40.9 346.6 41.3 347.1 41.7 347.7 42.0 348.5 42.0 349.2 42.0 350.2
  42.1 351.2 42.1 352.2 41.6 353.1 41.0 353.7 40.4 354.3 39.7 354.8 39.0 354.9
  38.2 354.9 37.4 354.9 36.7 354.6 36.0 354.2 35.3 353.7 34.7 353.2 34.1 352.6
  33.5 351.9 33.5 351.2 33.5 350.4 33.4 349.8 33.3 349.2 33.2 348.7 33.0 348.2
  32.8 347.9 33.0 347.6 33.3 347.4 33.5 347.1 33.8 346.8 34.1 346.6 34.4 346.4
  34.8 346.1 35.2 345.9 35.6 345.7 36.0 345.5 36.4 345.3 36.9 345.1 37.3 344.9
  37.8 344.8 38.3 344.6 38.8 344.6 39.2 344.5 39.7 344.5 40.3 344.4 40.8 344.5
  41.4 344.6 42.0 344.6 42.6 344.6 43.2 344.8 43.9 345.0 44.5 345.1 45.1 345.4
  45.7 345.8 46.3 346.1 46.9 346.4 47.5 346.7 48.1 347.0 48.7 347.2 49.2 347.5
  49.7 347.8 50.1 348.1 50.7 348.4 51.2 348.8 51.7 349.1 52.1 349.5 52.4 349.8
  52.8 350.1 53.0 350.4 53.3 350.9 53.5 351.3 53.8 351.8 54.0 352.4 54.2 353.0
  54.5 353.6 54.8 354.2 55.0 354.8 55.3 355.4 55.5 356.0 55.7 356.8 56.0 357.5
  56.2 358.3 56.4 358.8 56.7 359.5 56.9   0.1 57.1   0.6 57.3   1.0 57.5   1.4
  57.7   1.9 57.9   2.4 58.1   2.9 58.3   3.1 58.4   3.4 58.6   3.6 58.8   4.0
  58.9   4.3 59.1   4.6 59.3   5.0 59.5   5.3 59.7   5.7 59.9   6.1 60.2   6.4
  60.4   6.5 60.7   6.7 60.9   6.8 61.2   6.9 61.5   7.1 61.8   7.3 62.1   7.5
  62.4   7.4 62.7   7.4 63.1   7.3 63.4   7.3 63.7   7.3 64.0   7.2 64.3   7.2
  64.6   6.9 64.9   6.6 65.2   6.3 65.4   6.0 65.7   5.7 66.0   5.4 66.2   5.1
  66.5   4.6 66.8   4.1 67.0   3.7 67.2   3.2 67.4   2.7 67.6   2.2 67.7   1.7
  67.9   1.1 68.0   0.6 68.1   0.1
   9 28 72  0.0
  72.5 321.4 72.2 321.9 71.9 322.5 71.6 322.8 71.3 323.1 70.9 323.6 70.5 324.2
  70.1 325.0 69.7 325.8 69.2 326.4 68.8 327.2 68.3 328.0 67.8 329.0 67.2 329.5
  66.7 330.0 66.1 330.6 65.6 331.2 65.1 331.4 64.5 331.7 64.0 332.1 63.3 332.7
  62.6 333.0 61.9 333.4 61.2 333.4 60.5 333.4 59.8 333.4 59.1 332.8 58.5 332.3
  57.9 331.8 57.5 330.8 57.0 329.9 56.6 329.1 56.1 328.4 55.6 327.7 55.3 326.7
  54.9 325.6 54.5 324.7 54.2 323.7 54.1 322.8 54.0 321.9 53.9 320.5 53.9 319.1
  54.1 317.7 54.4 316.7 54.7 315.5 55.1 314.3 55.4 313.1 55.8 311.8 56.1 310.4
  56.4 309.3 56.7 308.2 56.9 307.0 57.1 305.8 57.2 304.7 57.4 303.4 57.4 302.2
  57.5 301.0 57.6 299.8 57.7 298.5 57.7 297.3 57.8 296.0 57.9 294.7 57.8 293.4
  57.8 292.0 57.8 290.6 57.6 289.2 57.4 287.7 57.2 286.3 57.0 284.8 56.8 283.3
  56.6 281.9 56.3 280.4 56.1 278.9 55.8 277.5 55.5 276.2 55.2 274.8 54.8 273.5
  54.5 272.2 54.2 270.9 53.9 269.6 53.6 268.6 53.3 267.6 53.0 266.7 52.6 265.9
  52.2 265.1 51.7 264.5 51.2 263.9 50.8 263.4 50.3 262.8 49.8 262.3 49.3 261.6
  48.8 260.9 48.3 260.3 47.7 259.7 47.2 258.9 46.7 258.2 46.2 257.4 45.7 256.7
  45.3 255.7 44.9 254.7 44.6 253.7 44.2 252.7 43.9 251.7 43.5 250.7 43.2 249.6
  42.8 248.5 42.5 247.3 42.2 246.1 41.9 244.8 41.6 243.5 41.6 242.2 41.5 240.9
  41.5 239.5 41.6 238.2 41.6 236.9 41.7 235.6 41.8 234.2 41.9 232.9 42.0 231.6
  42.4 230.2 42.8 228.5 43.2 226.8 44.0 225.2 44.8 223.8 45.5 222.2 46.2 220.8
  47.0 219.5 47.6 218.3 48.2 217.2 49.0 216.2 49.8 215.3 50.4 214.4 51.2 213.4
  52.0 212.6 52.8 211.7 53.6 211.0 54.5 210.3 55.4 209.7 56.4 209.2 57.4 208.8
  58.3 208.3 59.3 207.9 60.0 207.5 60.6 207.2 61.3 207.0 61.9 206.8 62.4 206.6
  63.0 206.4 63.5 206.1 64.0 205.9 64.5 205.5 65.0 205.2 65.4 204.8 65.8 204.3
  66.1 203.8 66.3 203.1 66.4 202.3 66.6 201.5 66.7 200.7 66.9 199.9 66.7 199.1
  66.6 198.3 66.4 197.6 66.3 197.0 66.2 196.4 66.0 195.9 65.7 195.4 65.3 194.9
  65.0 194.5 64.7 194.2 64.3 193.8 64.0 193.4 63.7 193.1 63.4 192.6 63.1 192.2
  62.9 191.8 62.4 191.3 62.0 190.9 61.6 190.6 61.2 190.3 60.8 190.0 60.4 189.8
  60.1 189.5 59.7 189.3 59.4 189.1 59.0 188.9 58.7 188.7 58.4 188.5 58.1 188.3
  57.8 188.1 57.5 187.8 57.1 187.6 56.7 187.3 56.3 187.1 55.8 186.8 55.4 186.5
  55.0 186.1 54.6 185.7 54.1 185.3 53.7 185.0 53.2 184.4 52.8 183.9 52.3 183.3
  51.8 182.7 51.4 182.0 50.9 181.4 50.4 180.7 49.9 180.0 49.4 179.4 49.0 178.8
  48.5 178.1 48.0 177.4 47.5 176.8 47.0 176.2 46.4 175.5 46.1 174.8 45.7 174.0
  45.3 173.3 44.9 172.6 44.6 171.9 44.5 171.0 44.4 170.2 44.4 169.2 44.4 168.3
  44.4 167.2 44.6 166.2 44.8 165.1 45.1 164.0 45.4 162.9 45.6 161.9 45.8 160.8
  46.1 159.8 46.3 159.0 46.5 158.1 46.8 157.3 47.1 156.5 47.5 155.7 47.6 155.0
  47.8 154.3 48.0 153.6 48.2 152.9
   9 29 72  0.0
  72.5 321.4 72.3 320.8 72.2 320.3 72.0 319.7 71.8 319.1 71.6 319.0 71.4 318.8
  71.2 318.6 70.9 318.4 70.7 318.2 70.5 317.9 70.2 317.7 69.9 317.4 69.7 317.5
  69.4 317.5 69.2 317.6 68.9 317.6 68.7 317.6 68.4 317.6 68.2 317.6 67.9 317.5
  67.6 317.6 67.3 317.7 67.1 317.7 66.8 317.7 66.4 317.6 66.1 317.5 65.7 317.5
  65.4 317.6 65.1 317.7 64.8 317.9 64.6 318.0 64.3 318.1 64.0 318.3 63.8 318.5
  63.6 318.6 63.3 318.7 63.1 318.8 62.9 319.0 62.7 319.2 62.5 319.4 62.3 319.7
  62.1 320.0 61.9 320.3 61.7 320.6 61.6 320.8 61.4 321.0 61.3 321.2 61.2 321.4
  61.0 321.6 60.9 321.8 60.7 322.0 60.6 322.2 60.4 322.5 60.1 322.8 59.9 323.1
  59.7 323.0 59.5 322.9 59.2 322.9 59.0 322.9 58.8 322.9 58.5 323.0 58.3 323.1
  58.1 323.2 57.9 323.4 57.7 323.1 57.5 322.8 57.4 322.5 57.2 322.3 57.1 322.0
  57.0 321.8 56.9 321.5 56.9 321.3 56.8 321.0 56.8 320.8 56.7 320.6 56.6 320.5
  56.6 320.3 56.5 320.2 56.4 320.1 56.2 320.1 56.1 320.1 56.0 320.1 55.9 319.6
  56.0 319.1 56.0 318.5 56.1 318.5 56.1 318.5 56.1 318.5 56.0 318.4 55.9 317.8
  55.8 317.1 55.7 316.4 55.5 315.5 55.7 314.6 55.9 313.5 56.0 312.3 56.1 310.9
  56.5 310.0 56.8 309.1 57.1 308.1 57.3 307.1 57.7 306.0 58.1 304.8 58.6 304.7
  59.0 304.6 59.3 304.6 59.6 304.6 59.9 304.8 60.2 305.0 60.4 306.1 60.6 307.3
  60.7 308.6 60.3 309.9 60.0 311.2 59.6 312.0 59.3 312.8 58.4 313.6 57.5 314.2
  56.5 314.4 55.4 314.6 54.2 314.3 53.0 313.9 51.9 313.2 50.8 312.0 49.7 310.8
  49.3 309.2 48.8 307.4 48.7 305.5 48.6 303.3 48.7 301.0 48.7 298.7 49.3 296.2
  49.9 293.8 50.7 291.6 51.5 289.8 52.3 288.0 52.9 286.5 53.5 284.9 54.2 283.3
  54.8 282.0 55.4 280.7 56.0 279.3 56.7 278.1 57.4 276.8 58.1 275.4 58.6 274.3
  59.1 273.3 59.6 272.2 60.1 271.1 60.5 270.4 61.0 269.7 61.5 269.1 62.1 268.4
  62.6 268.0 63.2 267.6 63.7 267.2 64.2 266.8 64.7 266.6 65.2 266.4 65.6 266.2
  65.9 265.9 66.3 265.7 66.6 265.4 66.9 265.1 67.1 264.8 67.4 264.4 67.6 264.0
  67.8 263.6 68.0 263.1 68.2 262.7 68.5 262.2 68.7 261.8 68.9 261.3 69.1 260.8
  69.3 260.3 69.5 259.9 69.7 259.4 69.9 258.9 70.1 258.5 70.4 258.4 70.6 258.3
  70.9 258.2 71.1 258.0 71.4 257.9 71.6 257.7 71.9 257.4 72.1 257.2 72.4 257.1
  72.7 257.0 73.0 256.8 73.3 256.7 73.6 256.4 73.9 256.2 74.1 255.9 74.4 256.0
  74.7 256.1 75.0 256.3 75.2 256.5 75.4 256.7 75.6 256.9 75.8 257.3 76.0 257.6
  76.1 258.0 76.3 258.6 76.4 259.3 76.6 260.0 76.7 260.6 76.8 261.3 76.8 262.1
  76.9 262.8 77.0 263.5 77.0 264.3 77.0 265.0 77.0 265.8 76.9 266.6 76.9 267.4
  76.9 268.1 76.8 268.9 76.7 269.6 76.7 270.3 76.6 271.1 76.6 271.8 76.6 272.5
  76.6 273.2 76.6 274.0 76.6 274.7 76.6 275.5 76.6 276.2 76.7 277.1 76.7 277.9
  76.7 278.8 76.7 279.8 76.7 280.8 76.6 281.8 76.6 283.0 76.5 284.2 76.5 285.4
  76.4 286.7 76.3 288.1 76.2 289.6
   9 30 72  0.0
  72.5 321.4 72.2 321.9 71.9 322.3 71.7 322.7 71.5 323.1 71.3 323.6 71.1 324.1
  70.9 324.7 70.7 325.3 70.5 325.9 70.3 326.6 70.2 327.3 70.0 328.1 69.9 328.9
  69.7 329.8 69.5 330.7 69.3 331.6 69.2 332.4 68.9 333.3 68.5 334.1 68.2 334.9
  67.8 335.7 67.5 336.4 66.9 337.2 66.3 338.0 65.7 338.7 65.1 339.2 64.4 339.7
  63.7 340.2 62.9 340.2 62.0 340.3 61.1 340.5 60.2 340.2 59.3 340.0 58.5 339.3
  57.8 338.6 57.1 337.5 56.4 336.3 55.8 335.1 55.4 333.6 55.1 332.1 54.7 330.6
  54.6 329.1 54.4 327.7 54.4 326.2 54.4 324.8 54.4 323.3 54.4 321.9 54.5 320.4
  54.6 318.9 54.7 317.4 54.9 315.9 55.0 314.5 55.2 313.0 55.5 311.6 55.7 310.1
  55.9 308.7 56.2 307.2 56.4 306.0 56.6 304.8 56.8 303.6 57.0 302.3 57.2 301.1
  57.4 299.8 57.6 298.6 57.8 297.4 58.1 296.2 58.4 295.1 58.6 294.1 58.9 293.0
  59.1 291.9 59.3 290.7 59.6 289.5 59.8 288.3 60.0 287.0 60.2 285.8 60.4 284.5
  60.5 283.1 60.6 281.7 60.7 280.3 60.8 278.9 60.9 277.4 61.0 276.0 61.1 274.5
  61.2 273.1 61.3 271.7 61.5 270.3 61.8 268.9 62.0 267.5 62.3 266.2 62.6 265.0
  62.9 263.9 63.1 262.8 63.4 261.7 63.7 260.7 64.0 259.6 64.3 258.9 64.5 258.3
  64.8 257.6 65.1 257.0 65.3 256.4 65.6 255.7 65.8 255.0 66.1 254.4 66.3 254.0
  66.6 253.6 66.9 253.2 67.1 252.8 67.4 252.4 67.7 252.0 68.0 251.6 68.3 251.3
  68.6 251.3 68.9 251.4 69.3 251.5 69.6 251.6 69.9 251.8 70.3 252.1 70.6 252.7
  70.9 253.4 71.3 254.2 71.6 255.0 71.9 255.9 72.2 256.8 72.5 257.9 72.7 259.0
  73.0 260.2 73.3 261.4 73.5 262.7 73.8 264.0 74.0 265.4 74.2 266.7 74.4 268.3
  74.6 269.8 74.8 271.3 74.9 272.7 75.0 273.9 75.2 275.1 75.3 276.2 75.4 277.1
  75.5 277.9 75.6 278.6 75.7 279.2 75.8 279.6 76.0 280.0 76.2 280.2 76.3 280.4
  76.4 280.6 76.5 280.8 76.7 280.9 76.8 281.0 76.9 281.1 77.0 281.2 77.1 281.2
  77.2 281.3 77.4 281.3 77.5 281.3 77.6 281.3 77.7 281.3 77.8 281.3 77.9 281.2
  78.0 281.2 78.0 281.1 78.1 280.8 78.2 280.5 78.2 280.2 78.3 279.9 78.4 279.6
  78.5 279.3 78.6 279.0 78.6 278.7 78.7 278.4 78.7 278.0 78.6 277.7 78.5 277.4
  78.4 277.1 78.3 276.7 78.1 276.4 77.9 276.0 77.7 275.6 77.5 275.1 77.4 274.6
  77.2 274.1 77.0 273.6 76.9 273.1 76.7 272.6 76.6 272.0 76.5 271.5 76.4 271.0
  76.4 270.4 76.4 269.8 76.3 269.2 76.3 268.6 76.3 268.0 76.4 267.4 76.5 266.8
  76.6 266.3 76.7 265.8 76.8 265.3 77.0 264.9 77.2 264.5 77.3 264.2 77.6 264.0
  77.8 263.8 78.1 263.7 78.4 262.9 78.8 262.2 79.1 261.5 79.4 260.8 79.7 260.2
  80.0 259.6 80.4 258.7 80.7 257.9 81.0 257.1 81.3 256.3 81.6 255.6 81.9 254.8
  82.2 254.2 82.5 253.2 82.7 252.1 83.0 251.1 83.2 250.0 83.4 248.9 83.5 247.9
  83.7 246.8 83.8 245.8 84.0 244.8 84.1 243.9 84.2 242.5 84.3 241.1 84.5 239.7
  84.6 238.2 84.7 236.6 84.9 234.9 85.0 233.1 85.2 231.2 85.3 229.1 85.5 226.8
  85.6 224.3 85.7 221.5 85.9 218.3
