  12  1 73  0.0
  72.5 321.4 71.9 320.9 71.3 320.4 70.7 320.0 69.9 319.7 69.2 319.4 68.4 319.0
  67.5 318.7 66.7 318.3 65.9 317.9 65.1 317.6 64.4 317.2 63.6 316.9 62.9 316.8
  62.2 316.6 61.4 316.4 60.8 316.0 59.9 315.6 59.2 314.9 58.4 314.3 57.7 313.8
  57.1 313.1 56.5 312.4 56.1 311.7 55.1 311.1 54.1 310.8 53.3 310.4 52.5 309.7
  51.9 309.0 51.4 308.0 51.1 307.0 50.3 306.0 49.7 304.9 49.2 303.6 48.4 302.4
  47.6 301.2 46.9 300.0 45.7 298.8 44.6 297.5 43.7 296.0 42.9 294.5 42.0 293.0
  41.1 291.5 40.2 290.1 39.2 288.7 38.3 287.3 37.3 286.0 36.4 284.6 35.4 283.1
  34.3 281.7 33.3 280.2 32.4 278.7 31.5 277.2 30.8 275.8 30.4 274.2 30.0 272.6
  29.6 271.2 29.4 269.7 29.1 268.2 28.7 266.6 28.7 265.0 28.7 263.5 29.0 262.2
  29.3 261.0 29.6 259.9 29.8 258.9 30.0 258.0 30.3 256.8 30.5 255.7 31.1 254.7
  31.7 253.8 32.4 252.9 33.3 251.9 34.0 251.1 34.8 250.2 35.6 249.4 36.4 248.5
  37.2 247.7 37.9 246.9 38.7 246.1 39.4 245.3 40.2 244.6 41.0 243.8 41.7 243.0
  42.3 242.1 43.0 241.2 43.7 240.2 44.3 239.2 44.7 238.0 45.1 236.8 45.5 235.4
  45.7 234.0 46.0 232.5 46.3 230.8 46.5 229.1 46.7 227.2 46.9 225.2 47.1 223.1
  47.1 221.1 47.1 219.2 46.8 217.2 46.6 215.3 46.2 213.3 45.8 211.4 45.5 209.7
  45.1 208.0 44.8 206.4 44.5 204.7 44.2 203.1 44.1 201.4 44.0 199.6 43.9 198.2
  43.8 196.7 43.6 195.2 43.5 193.7 43.3 192.2 43.0 190.6 42.9 189.1 42.7 187.7
  42.8 186.2 42.9 184.9 43.0 183.6 43.3 182.4 43.7 181.2 44.0 180.2 44.4 179.3
  44.9 178.5 45.4 177.8 45.9 177.1 46.5 176.5 47.1 176.0 47.5 175.4 47.8 174.9
  48.2 174.3 48.5 173.9 48.7 173.5 48.9 173.1 49.0 172.8 49.0 172.6 49.0 172.4
  49.0 172.2 48.9 172.1 48.8 172.0 48.6 172.1 48.4 172.1 48.2 172.3 48.0 172.4
  47.8 172.4 47.6 172.4 47.4 172.4 47.2 172.3 47.1 172.1 46.9 171.9 47.0 171.7
  47.1 171.4 47.2 171.0 47.2 170.6 47.2 170.2 47.2 169.6 47.2 169.0 47.2 168.4
  47.2 167.6 47.4 166.9 47.6 166.0 47.8 165.2 48.1 164.4 48.3 163.7 48.6 162.9
  48.9 162.2 49.3 161.4 49.6 160.7 49.8 159.9 49.9 159.2 49.9 158.5 50.0 157.8
  50.1 157.1 50.1 156.4 50.2 155.7 50.2 155.0 50.3 154.3 50.3 153.7 50.3 153.0
  50.3 152.3 50.3 151.7 50.3 151.0 50.3 150.3 50.3 149.7 50.3 149.1 50.3 148.6
  50.2 148.1 50.2 147.7 50.2 147.4 50.3 147.1 50.3 146.8 50.3 146.6 50.3 146.4
  50.2 146.1 50.2 145.8 50.2 145.5 50.1 145.2 50.0 144.9 50.0 144.6 49.9 144.4
  49.8 144.1 49.7 143.7 49.5 143.3 49.3 142.9 49.1 142.5 49.0 142.1 48.8 141.7
  48.8 141.3 48.7 140.8 48.7 140.3 48.7 139.8 48.8 139.3 48.9 138.7 49.0 138.1
  49.1 137.4 49.3 136.7 49.4 136.0 49.6 135.3 49.8 134.6 50.0 134.0 50.2 133.4
  50.5 132.7 50.8 132.0 51.1 131.3 51.5 130.6 51.9 129.9 52.3 129.2 52.7 128.2
  53.0 127.2 53.4 126.4 53.7 125.5 54.1 124.8 54.5 124.1 55.0 123.5 55.5 123.0
  56.0 122.5 56.6 121.8 57.1 121.2
  12  2 73  0.0
  72.5 321.4 71.9 321.2 71.3 321.1 70.6 320.9 69.9 320.7 69.2 320.3 68.4 319.8
  67.7 319.3 66.9 318.6 66.1 317.8 65.1 317.1 64.1 316.4 62.9 315.7 61.6 315.3
  60.3 314.9 58.9 314.6 57.4 314.2 55.8 313.6 54.3 312.8 52.7 311.9 51.3 310.9
  49.9 309.5 48.4 308.2 46.8 306.8 45.5 305.5 44.1 304.1 42.7 302.7 41.8 301.0
  40.9 299.0 40.4 297.0 39.7 295.1 39.8 293.1 39.8 291.2 40.3 289.4 40.9 287.7
  41.4 285.9 41.9 284.1 42.4 282.3 42.8 280.3 43.3 278.3 43.9 276.4 44.6 274.5
  45.2 272.5 45.8 270.5 46.3 268.6 46.8 266.6 47.2 264.7 47.6 262.7 47.8 260.7
  48.1 258.6 48.3 256.5 48.5 254.5 48.7 252.6 48.8 250.7 48.8 248.9 48.8 247.3
  48.6 245.7 48.3 244.2 48.1 242.8 47.6 241.4 47.0 240.1 46.5 238.9 45.8 237.7
  45.1 236.4 44.3 235.1 43.5 233.8 42.7 232.3 41.8 230.9 41.0 229.3 40.2 227.7
  39.6 226.1 39.1 224.3 38.5 222.4 38.6 220.4 38.6 218.5 39.1 216.6 39.7 214.8
  40.7 213.1 41.8 211.4 43.1 209.8 44.5 208.5 45.9 207.2 47.3 205.9 48.9 204.6
  50.4 203.3 51.7 202.2 52.9 201.1 54.2 200.0 55.1 198.7 56.0 197.4 56.9 196.1
  57.8 194.7 58.3 193.3 58.7 191.9 58.7 190.6 58.6 189.2 58.4 187.9 57.8 186.6
  57.3 185.1 56.9 183.6 56.4 182.2 55.9 180.9 55.4 179.8 54.6 178.7 53.8 177.8
  53.0 177.1 52.2 176.3 51.3 175.5 50.5 174.9 49.6 174.1 48.8 173.5 48.0 172.9
  47.2 172.4 46.4 171.9 45.5 171.4 44.7 170.9 43.8 170.4 43.0 169.9 42.1 169.3
  41.3 168.6 40.5 167.9 40.1 167.1 39.7 166.2 39.2 165.5 38.8 164.7 38.3 163.8
  37.9 163.0 37.5 162.1 37.0 161.2 36.6 160.2 36.1 159.2 35.9 158.1 35.7 156.9
  35.6 155.6 35.9 154.1 36.1 152.5 36.3 150.7 36.6 148.8 36.9 146.8 37.1 144.8
  37.3 143.1 37.6 141.5 37.9 140.1 38.3 138.8 38.6 137.3 39.0 135.9 39.3 134.6
  39.7 133.3 40.2 132.0 40.6 130.7 41.0 129.4 41.5 128.1 42.1 127.0 42.6 125.8
  43.1 124.7 43.7 123.7 44.2 122.8 44.7 121.8 45.2 120.9 45.8 120.0 46.1 119.1
  46.4 117.9 46.8 116.8 47.2 115.8 47.3 114.8 47.5 113.8 47.8 112.8 48.1 111.9
  48.3 110.9 48.5 110.0 48.8 109.1 49.1 108.1 49.4 107.2 49.6 106.3 49.9 105.5
  50.2 104.6 50.5 103.6 50.8 102.7 51.1 101.7 51.4 100.8 51.7  99.9 51.8  99.0
  52.0  98.1 52.2  97.1 52.4  96.1 52.6  95.1 52.7  94.1 52.8  93.1 52.9  92.1
  53.1  91.2 53.1  90.2 53.1  89.3 53.2  88.4 53.2  87.6 53.1  86.7 53.0  85.9
  52.9  85.0 52.7  84.1 52.6  83.2 52.4  82.3 52.2  81.3 52.0  80.4 51.8  79.4
  51.6  78.9 51.3  78.4 51.1  77.9 50.9  77.4 50.6  76.9 50.4  76.5 50.1  76.0
  49.8  75.6 49.6  75.2 49.3  74.9 49.1  74.5 48.8  74.1 48.5  73.7 48.3  73.3
  48.0  72.9 47.8  72.5 47.6  72.2 47.4  71.8 47.2  71.4 47.1  71.1 46.9  70.8
  46.8  70.4 46.6  70.1 46.5  69.8 46.3  69.5 46.1  69.3 45.9  69.0 45.8  68.8
  45.6  68.6 45.5  68.4 45.4  68.3 45.3  68.1 45.2  67.9 45.0  67.7 44.9  67.5
  44.7  67.3 44.6  67.1 44.5  66.9
  12  3 73  0.0
  72.5 321.4 72.8 321.0 73.1 320.6 73.3 320.2 73.6 320.0 73.7 319.8 73.8 319.6
  73.9 319.5 74.0 319.5 74.0 319.6 74.0 319.8 74.0 320.1 74.0 320.4 74.1 320.7
  74.0 321.0 74.0 321.2 73.9 321.4 73.7 321.5 73.5 321.6 73.3 321.6 73.0 321.6
  72.6 321.5 72.2 321.4 71.7 321.2 71.1 321.2 70.4 321.2 69.6 321.1 68.9 320.8
  68.0 320.4 67.1 320.1 66.2 319.4 65.3 318.7 64.3 317.8 63.3 317.1 62.1 316.4
  60.7 315.9 59.4 315.4 57.8 315.1 56.3 314.5 54.7 314.0 53.1 313.3 51.5 312.3
  49.9 311.0 48.6 309.6 47.1 308.3 45.7 306.9 44.4 305.5 43.1 304.1 41.9 302.4
  41.1 300.4 40.3 298.3 39.8 296.2 39.3 293.9 39.3 291.8 39.8 289.7 40.3 287.9
  40.8 285.9 41.4 284.0 41.9 282.0 42.4 280.2 42.9 278.0 43.4 275.9 44.0 273.8
  44.7 271.6 45.3 269.5 45.9 267.5 46.4 265.6 46.9 263.7 47.2 261.8 47.5 259.9
  47.7 258.1 47.9 256.2 48.2 254.3 48.3 252.5 48.5 250.7 48.5 249.0 48.5 247.5
  48.2 246.0 48.0 244.5 47.7 243.2 47.2 241.9 46.7 240.6 46.1 239.4 45.4 238.2
  44.6 237.0 43.9 235.8 43.1 234.4 42.3 233.0 41.5 231.6 40.8 230.1 40.0 228.5
  39.2 226.9 38.7 225.2 38.2 223.3 38.3 221.4 38.4 219.5 39.0 217.7 39.6 215.9
  40.7 214.2 41.8 212.5 42.9 210.8 44.2 209.4 45.6 208.2 47.0 206.9 48.4 205.6
  49.9 204.4 51.3 203.1 52.6 202.0 53.8 200.7 54.9 199.4 55.7 198.0 56.5 196.7
  57.4 195.2 57.9 193.7 58.3 192.2 58.8 190.7 58.8 189.3 58.8 187.8 58.4 186.4
  57.9 185.0 57.4 183.5 57.0 181.8 56.5 180.2 56.0 178.6 55.4 177.2 54.8 176.1
  54.1 175.1 53.3 174.1 52.5 173.2 51.7 172.3 50.9 171.5 50.2 170.7 49.5 169.7
  48.9 168.9 48.2 168.1 47.4 167.3 46.9 166.6 46.3 165.9 45.7 165.1 45.1 164.3
  44.4 163.5 44.1 162.5 43.7 161.4 43.4 160.1 43.1 158.7 43.0 157.3 42.9 155.8
  42.8 154.4 42.8 152.9 42.8 151.5 42.8 150.1 42.9 148.7 43.0 147.2 43.1 145.8
  43.3 144.3 43.5 142.9 43.5 141.4 43.6 139.9 43.7 138.4 43.7 136.8 43.9 135.2
  44.0 133.6 44.1 132.0 44.3 130.3 44.4 128.6 44.6 127.0 44.7 125.5 44.8 123.9
  44.9 122.3 44.9 120.7 45.0 119.2 45.2 117.8 45.3 116.4 45.5 115.1 45.6 113.8
  45.6 112.5 45.7 111.4 45.8 110.2 45.9 109.2 45.9 108.2 46.0 107.3 46.3 106.4
  46.6 105.3 46.9 104.2 47.2 103.2 47.5 102.2 47.8 101.3 48.1 100.5 48.4  99.5
  48.6  98.6 48.9  97.7 49.1  96.9 49.3  96.0 49.4  95.1 49.4  94.3 49.5  93.5
  49.5  92.7 49.6  91.9 49.6  91.2 49.6  90.5 49.6  89.8 49.6  89.2 49.7  88.6
  49.7  88.0 49.6  87.4 49.5  86.9 49.4  86.3 49.3  85.8 49.2  85.3 49.1  84.8
  49.0  84.2 49.0  83.7 48.7  83.2 48.5  82.7 48.4  82.2 48.2  81.7 48.0  81.2
  47.9  80.7 47.7  80.2 47.5  79.8 47.3  79.5 47.1  79.2 46.9  78.9 46.7  78.6
  46.4  78.3 46.2  78.0 46.0  77.6 45.8  77.4 45.5  77.1 45.3  76.8 45.1  76.6
  44.9  76.3 44.7  76.0 44.5  75.7 44.4  75.4 44.2  75.0 44.0  74.7 43.9  74.4
  43.7  74.1 43.6  73.8 43.4  73.6
  12  4 73  0.0
  72.5 321.4 72.4 321.1 72.4 320.9 72.3 320.6 72.3 320.3 72.3 320.0 72.2 319.7
  72.1 319.4 72.1 319.1 72.0 318.8 71.9 318.5 71.9 318.1 71.8 317.7 71.8 317.3
  71.8 316.9 71.7 316.5 71.8 316.1 71.8 315.7 71.8 315.3 71.8 314.9 71.8 314.6
  71.8 314.2 71.8 313.7 71.9 313.3 71.9 312.9 72.0 312.5 72.1 312.2 72.2 312.0
  72.2 311.8 72.1 311.7 72.1 311.7 72.1 311.7 72.0 311.8 71.9 311.9 71.9 311.9
  71.8 311.9 71.7 312.0 71.6 312.2 71.4 312.3 71.3 312.5 71.1 312.8 70.9 313.0
  70.6 313.3 70.4 313.6 70.1 313.9 69.8 314.3 69.4 314.5 69.0 314.8 68.6 315.1
  68.2 315.4 67.7 315.7 67.1 315.5 66.6 315.4 66.0 315.2 65.3 314.7 64.5 314.3
  63.7 313.9 62.7 313.6 61.5 313.3 60.3 313.1 58.8 312.9 57.3 312.7 55.7 312.4
  54.1 311.6 52.8 310.9 51.5 309.9 50.1 308.7 48.7 307.5 47.6 306.2 46.5 304.8
  45.2 303.6 44.4 302.1 43.6 300.7 42.7 298.9 42.3 297.1 41.9 295.4 41.9 293.4
  42.0 291.4 42.4 289.4 42.8 287.6 43.3 285.7 43.7 283.7 44.2 281.7 44.7 279.7
  45.3 277.6 45.8 275.4 46.4 273.2 47.0 271.3 47.7 269.3 48.3 267.3 48.9 265.7
  49.4 263.9 49.7 262.1 50.1 260.2 50.4 258.6 50.7 256.9 51.0 255.2 51.4 253.6
  51.7 252.0 51.9 250.4 52.1 248.9 52.2 247.7 52.3 246.5 52.3 245.3 52.3 244.2
  52.3 243.1 52.2 242.1 52.1 241.1 52.0 240.2 51.9 239.2 51.6 238.2 51.4 237.3
  51.1 236.5 50.8 235.8 50.4 235.0 50.0 234.4 49.5 233.5 49.0 232.7 48.5 232.0
  48.0 231.2 47.5 230.2 46.9 229.3 46.3 228.4 45.6 227.5 45.1 226.4 44.6 225.3
  44.1 224.3 43.5 223.2 43.4 221.7 43.3 220.3 43.2 218.9 43.7 217.6 44.1 216.2
  44.5 215.3 45.4 214.4 46.3 213.3 47.0 212.4 47.7 211.4 48.8 210.3 49.9 209.4
  50.8 208.5 51.8 207.8 53.2 207.2 54.6 206.7 55.9 206.2 57.2 205.8 58.3 205.4
  59.3 205.0 60.1 204.6 60.9 204.4 61.6 204.2 62.3 204.0 63.3 203.8 64.2 203.7
  65.1 203.5 65.9 203.2 66.6 203.0 67.2 202.7 67.8 202.4 68.3 201.9 68.8 201.6
  69.3 201.3 69.6 200.9 70.0 200.4 70.3 200.0 70.8 199.8 71.2 199.6 71.6 199.4
  72.0 199.2 72.3 199.0 72.6 199.4 72.9 199.7 73.1 200.1 73.2 200.4 73.3 200.7
  73.4 201.0 73.5 201.4 73.6 201.6 73.6 201.9 73.7 202.2 73.8 202.4 73.8 202.6
  73.9 202.8 73.9 203.0 74.0 203.3 74.1 204.1 74.1 204.9 74.1 205.8 74.1 206.6
  74.1 207.5 74.1 208.4 74.0 209.3 73.9 210.3 73.8 210.6 73.8 210.9 73.7 211.3
  73.7 211.6 73.6 212.0 73.6 212.4 73.4 212.7 73.3 213.1 73.2 213.6 73.1 214.0
  73.1 214.4 73.0 214.9 72.9 215.3 72.9 215.9 72.8 216.4 72.7 217.0 72.6 217.7
  72.5 218.4 72.3 219.2 72.2 220.0 72.1 220.8 71.9 221.7 71.7 222.4 71.6 223.1
  71.4 223.9 71.2 224.6 70.9 225.3 70.7 225.9 70.4 226.5 70.2 227.0 69.9 227.5
  69.7 227.8 69.5 228.1 69.2 228.4 68.9 228.7 68.7 228.9 68.4 229.1 68.2 229.3
  68.0 229.4 67.8 229.5 67.6 229.5 67.4 229.5 67.2 229.5 67.0 229.5 66.8 229.5
  66.6 229.5 66.4 229.5 66.3 229.4
  12  5 73  0.0
  72.5 321.4 72.5 321.4 72.5 321.4 72.5 321.3 72.5 321.2 72.5 321.0 72.5 320.9
  72.4 320.7 72.4 320.4 72.3 320.2 72.3 319.9 72.2 319.5 72.2 319.2 72.1 318.8
  72.0 318.5 71.9 318.3 71.8 318.2 71.7 318.1 71.6 318.0 71.5 317.9 71.4 317.8
  71.3 317.8 71.2 317.7 71.1 317.7 70.9 317.6 70.8 317.6 70.6 317.6 70.5 317.5
  70.3 317.4 70.2 317.3 70.0 317.1 69.9 316.9 69.7 316.5 69.6 316.1 69.4 315.7
  69.3 315.3 69.1 314.9 68.9 314.5 68.7 314.1 68.5 313.7 68.4 313.4 68.2 313.0
  68.1 312.7 68.0 312.3 67.9 311.8 67.8 311.3 67.7 310.8 67.6 310.4 67.5 309.9
  67.5 309.4 67.4 308.9 67.3 308.5 67.3 308.1 67.2 307.8 67.1 307.4 67.0 307.1
  67.0 306.8 66.9 306.5 66.9 306.3 66.8 306.0 66.8 305.8 66.8 305.5 66.8 305.3
  66.8 305.2 66.8 305.1 66.8 305.0 66.8 305.1 66.7 305.1 66.7 305.2 66.6 305.4
  66.6 305.6 66.5 305.9 66.5 306.2 66.4 306.6 66.3 307.0 66.2 307.3 66.0 307.7
  65.8 308.0 65.6 308.2 65.1 308.4 64.5 308.7 63.8 308.9 63.0 309.1 62.1 309.4
  61.1 309.7 60.0 309.9 58.9 309.8 57.7 309.7 56.6 309.4 55.4 309.0 54.2 308.4
  52.8 307.8 52.0 306.9 51.1 305.7 50.1 304.6 48.9 303.6 48.4 302.6 47.7 301.6
  47.0 300.4 46.1 299.3 45.8 298.2 45.4 296.9 44.9 295.6 44.9 294.4 44.9 293.1
  44.9 291.8 45.2 290.4 45.4 288.9 45.7 287.3 45.9 285.5 46.1 283.6 46.5 282.1
  46.9 280.6 47.4 279.0 47.9 277.4 48.3 275.8 48.8 274.6 49.3 273.3 49.7 271.8
  50.0 270.3 50.3 269.2 50.5 268.1 50.7 266.9 50.8 265.6 51.0 264.2 51.2 262.8
  51.3 261.2 51.3 259.5 51.5 257.7 51.5 255.8 51.7 253.9 51.8 252.0 51.8 250.1
  51.9 248.3 52.0 246.5 51.9 244.9 51.8 243.3 51.7 241.9 51.4 240.6 51.2 239.4
  50.8 238.3 50.4 237.3 50.0 236.3 49.5 235.2 49.0 234.2 48.5 233.2 47.8 232.3
  47.1 231.1 46.5 230.0 45.7 229.0 45.0 227.7 44.4 226.5 43.8 225.3 43.2 223.7
  43.1 222.1 42.9 220.6 42.7 219.2 43.1 217.8 43.4 216.4 43.7 215.0 44.6 213.5
  45.4 212.4 46.1 211.1 47.2 210.1 48.3 209.0 49.3 208.0 50.2 207.1 51.6 206.5
  52.9 206.0 54.3 205.5 55.7 205.0 56.9 204.5 57.9 204.0 58.9 203.5 60.1 203.0
  61.3 202.7 62.3 202.4 63.3 202.1 64.2 201.8 65.1 201.5 65.9 201.1 66.6 200.6
  67.2 200.1 67.8 199.5 68.6 198.8 69.3 198.1 69.9 197.5 70.5 196.7 71.0 196.2
  71.5 195.7 72.0 195.1 72.4 194.5 72.8 194.6 73.2 194.7 73.6 194.8 73.9 194.9
  74.2 195.1 74.5 195.9 74.8 196.8 74.9 197.7 75.1 198.6 75.3 199.5 75.4 200.4
  75.5 201.3 75.5 202.2 75.6 203.0 75.7 203.8 75.8 204.7 75.8 205.5 75.8 206.4
  75.8 207.3 75.8 208.3 75.7 209.2 75.6 210.2 75.5 211.2 75.4 212.2 75.2 213.2
  75.0 214.2 74.8 215.2 74.6 216.2 74.4 217.2 74.1 218.2 73.9 219.1 73.7 219.6
  73.5 220.2 73.2 220.8 73.0 221.4 72.8 222.0 72.6 222.7 72.4 223.4 72.2 224.2
  71.9 225.0 71.6 225.4 71.4 225.9 71.1 226.5 70.9 227.1 70.6 227.7 70.4 228.4
  70.0 229.2 69.7 229.9 69.3 230.4
  12  6 73  0.0
  72.5 321.4 72.6 320.5 72.6 319.7 72.6 318.9 72.6 318.2 72.6 317.5 72.6 316.7
  72.7 316.0 72.6 315.2 72.5 314.5 72.4 313.7 72.3 312.9 72.2 312.1 72.2 311.3
  72.0 310.6 71.8 309.6 71.7 308.7 71.5 307.9 71.2 307.1 71.0 306.4 70.8 305.8
  70.6 305.2 70.4 304.7 70.2 304.2 70.1 303.7 69.9 303.3 69.7 302.3 69.5 301.4
  69.3 300.6 69.1 299.9 68.7 299.3 68.4 298.9 68.1 298.5 67.7 298.2 67.3 297.5
  67.0 296.7 66.6 296.0 66.3 295.3 65.9 294.7 65.7 293.6 65.4 292.5 65.1 291.4
  64.8 290.4 64.6 289.4 64.3 288.4 64.0 287.5 63.8 286.6 63.6 285.1 63.4 283.5
  63.3 282.0 63.1 280.5 63.0 279.0 63.1 277.6 63.2 276.1 63.3 274.7 63.5 273.4
  63.7 272.0 64.0 270.6 64.4 269.7 64.7 268.9 65.1 267.9 65.4 267.0 65.8 266.0
  66.2 265.1 66.6 264.6 67.0 264.2 67.4 263.7 67.7 263.3 68.1 262.8 68.6 262.9
  69.0 262.9 69.4 263.0 69.7 263.1 70.1 263.2 70.5 263.6 70.8 264.2 71.0 264.8
  71.2 265.4 71.5 266.2 71.7 267.1 71.8 268.0 71.9 269.0 71.9 270.1 71.9 271.2
  72.0 272.3 71.9 273.4 71.8 274.5 71.7 275.4 71.7 276.3 71.5 277.1 71.3 277.8
  71.1 278.4 70.9 279.0 70.6 279.5 70.4 279.9 70.1 280.2 69.9 280.5 69.6 280.5
  69.4 280.4 69.2 280.4 69.0 280.3 68.8 280.2 68.6 280.1 68.4 280.0 68.2 279.9
  67.9 279.8 67.6 279.4 67.3 279.0 67.0 278.7 66.8 278.3 66.5 277.9 66.2 277.5
  66.0 277.1 65.7 276.6 65.5 276.1 65.3 275.5 65.1 274.9 64.9 274.4 64.7 273.8
  64.5 273.2 64.3 272.6 64.1 271.9 63.9 271.3 63.8 270.8 63.6 270.2 63.5 269.6
  63.3 269.1 63.2 268.5 63.1 267.8 62.9 267.2 62.8 266.5 62.6 265.8 62.5 265.1
  62.4 264.3 62.3 263.5 62.2 262.6 62.1 261.7 62.0 260.8 61.9 259.8 61.9 258.8
  61.8 257.9 61.8 257.0 61.8 256.1 61.7 255.2 61.7 254.4 61.8 253.6 61.8 252.8
  61.8 252.1 61.8 251.3 61.9 250.6 62.0 250.0 62.2 249.1 62.2 248.2 62.3 247.3
  62.5 246.5 62.7 245.7 62.9 244.9 63.1 244.2 63.3 243.5 63.6 242.8 63.9 242.1
  64.1 241.5 64.4 240.7 64.6 239.9 64.9 239.2 65.2 238.5 65.5 237.9 65.7 237.3
  66.0 236.7 66.3 236.2 66.5 235.7 66.7 235.3 66.8 234.8 66.9 234.4 67.0 234.0
  67.1 233.7 67.2 233.3 67.2 233.0 67.2 232.7 67.2 232.5 67.1 232.2 67.1 232.0
  67.0 231.8 66.9 231.6 66.8 231.4 66.6 231.3 66.5 231.1 66.4 230.9 66.3 230.8
  66.2 230.6 66.1 230.5 66.0 230.4 65.9 230.2 65.8 230.0 65.7 229.8 65.5 229.7
  65.4 229.5 65.3 229.4 65.2 229.2 65.0 229.1 64.9 229.0 64.8 228.8 64.6 228.7
  64.5 228.6 64.3 228.5 64.1 228.4 63.9 228.3 63.8 228.3 63.6 228.2 63.4 228.1
  63.3 228.0 63.1 227.9 62.9 227.8 62.8 227.7 62.6 227.6 62.4 227.4 62.3 227.3
  62.1 227.1 62.0 227.0 61.8 226.8 61.7 226.6 61.6 226.3 61.5 226.1 61.4 225.8
  61.3 225.4 61.2 225.1 61.1 224.7 61.0 224.3 60.9 223.8 60.8 223.3 60.7 222.8
  60.6 222.2 60.6 221.6 60.6 221.0 60.6 220.3 60.7 219.5 60.7 218.7 60.8 217.8
  60.9 216.8 61.1 215.7 61.1 214.5
  12  7 73  0.0
  72.5 321.4 72.1 321.3 71.7 321.1 71.4 320.9 71.0 320.7 70.6 320.4 70.2 320.2
  69.8 320.0 69.3 319.7 68.8 319.4 68.2 319.2 67.5 319.0 66.9 318.8 66.3 318.8
  65.7 318.6 65.1 318.4 64.6 318.2 64.0 317.9 63.5 317.7 62.9 317.3 62.4 316.9
  61.7 316.6 61.1 316.0 60.3 315.5 59.5 315.0 58.7 314.2 57.9 313.3 57.3 312.2
  56.7 311.1 56.2 310.0 55.6 308.9 55.2 307.7 54.7 306.5 54.3 305.3 53.8 304.1
  53.4 302.8 53.2 301.3 52.9 299.8 52.9 298.3 52.8 296.7 52.6 295.0 52.6 293.4
  52.5 291.7 52.5 290.0 52.5 288.3 52.6 286.7 52.8 285.1 53.1 283.5 53.4 281.9
  53.8 280.4 54.1 279.0 54.4 277.9 54.7 276.8 54.9 275.8 55.3 274.9 55.6 274.0
  55.9 273.1 56.3 272.3 56.6 271.6 57.0 270.9 57.4 270.2 57.7 269.5 58.0 268.8
  58.3 267.9 58.6 267.1 58.8 266.3 59.1 265.5 59.4 264.8 59.6 264.2 59.9 263.6
  60.2 263.0 60.4 262.2 60.7 261.4 61.0 260.7 61.2 260.0 61.5 259.3 61.7 258.6
  61.9 258.0 62.1 257.4 62.4 256.6 62.6 255.9 62.8 255.2 63.0 254.6 63.2 253.9
  63.5 253.3 63.7 252.6 63.9 252.0 64.1 251.4 64.2 250.6 64.4 250.0 64.6 249.3
  64.7 248.7 64.9 248.1 65.0 247.5 65.1 247.0 65.2 246.6 65.3 246.2 65.4 245.9
  65.5 245.6 65.7 245.3 65.8 244.9 66.0 244.6 66.2 244.2 66.4 243.9 66.6 243.5
  66.8 243.2 67.0 242.8 67.3 242.5 67.5 242.1 67.8 241.8 68.1 241.5 68.4 241.3
  68.8 241.1 69.1 241.0 69.5 240.9 69.9 240.8 70.3 240.8 70.8 240.8 71.2 240.7
  71.7 240.7 72.1 240.7 72.6 240.5 73.0 240.4 73.4 240.3 73.7 240.4 74.1 240.5
  74.5 240.7 74.8 241.0 75.1 241.3 75.5 241.7 75.8 242.2 76.0 242.8 76.3 243.1
  76.6 243.5 76.9 243.9 77.2 244.4 77.4 245.0 77.7 245.7 78.0 246.6 78.2 247.6
  78.5 248.2 78.8 248.8 79.0 249.6 79.3 250.4 79.5 251.4 79.7 252.6 79.9 253.8
  80.1 255.2 80.3 255.7 80.5 256.3 80.7 256.9 80.8 257.6 81.0 258.3 81.2 259.1
  81.3 260.0 81.5 260.9 81.6 261.9 81.7 263.0 81.8 264.1 81.9 265.1 82.0 266.2
  82.1 265.3 82.2 264.4 82.3 263.4 82.4 262.4 82.5 261.3 82.6 260.2 82.7 259.1
  82.8 257.8 82.9 256.6 82.9 255.3 83.0 253.9 83.0 252.6 83.0 251.2 83.0 249.8
  83.0 248.5 82.9 247.2 82.9 245.9 82.8 244.7 82.8 243.5 82.6 242.4 82.5 241.3
  82.4 240.2 82.3 239.2 82.1 238.1 81.9 237.1 81.7 237.4 81.6 237.6 81.4 237.7
  81.2 237.9 81.0 238.0 80.8 238.0 80.6 238.0 80.4 238.0 80.1 237.9 79.9 237.9
  79.7 239.4 79.4 240.8 79.3 242.2 79.0 243.4 78.8 244.6 78.6 245.6 78.5 246.6
  78.2 247.5 78.0 248.3 77.8 249.1 77.7 251.2 77.5 253.4 77.3 255.5 77.1 257.5
  77.0 259.4 76.8 261.1 76.5 262.7 76.3 264.0 76.0 265.2 75.7 267.3 75.4 269.3
  75.0 271.1 74.7 272.7 74.3 274.1 73.8 275.4 73.4 277.3 72.9 279.1 72.4 280.6
  71.9 282.0 71.5 284.0 71.0 285.9 70.5 287.6 69.9 289.2 69.4 290.7 68.9 292.1
  68.5 293.4 68.1 294.4 67.6 295.4 67.2 296.3 66.9 297.2 66.6 298.0 66.3 298.8
  66.0 299.6 65.7 300.3 65.5 301.2
  12  8 73  0.0
  72.5 321.4 72.3 320.9 72.0 320.5 71.8 320.1 71.5 319.3 71.2 318.7 70.9 318.1
  70.6 317.6 70.2 317.2 69.9 316.9 69.5 316.1 69.2 315.5 68.8 314.8 68.4 314.3
  67.9 313.8 67.5 312.8 67.0 311.8 66.5 310.9 66.0 310.1 65.4 308.7 64.9 307.4
  64.4 306.0 63.8 304.7 63.3 303.0 62.8 301.4 62.2 300.0 61.8 298.7 61.3 297.5
  60.8 296.4 60.4 295.2 60.0 294.1 59.6 293.1 59.2 292.0 58.8 290.9 58.5 289.8
  58.1 288.6 57.6 287.4 57.3 286.4 57.0 285.3 56.6 284.3 56.3 283.2 56.1 282.2
  55.9 281.1 55.7 280.2 55.4 279.3 55.4 278.4 55.2 277.4 55.1 276.5 54.9 275.5
  55.0 274.5 55.0 273.4 55.1 272.4 55.1 271.4 55.4 270.4 55.6 269.4 55.7 268.3
  55.9 267.3 56.1 266.4 56.4 265.1 56.6 263.9 56.9 262.7 57.2 261.4 57.4 260.2
  57.7 259.0 58.0 257.8 58.3 256.6 58.6 255.2 58.8 253.9 59.0 252.5 59.2 251.1
  59.4 249.6 59.6 248.2 59.8 246.7 60.1 245.2 60.3 243.7 60.4 242.3 60.5 240.8
  60.6 239.4 60.5 238.0 60.5 236.7 60.4 235.3 60.2 234.0 60.0 232.6 59.8 231.3
  59.5 229.9 59.1 228.5 58.8 227.2 58.4 226.0 57.9 224.9 57.5 223.8 57.0 222.7
  56.5 221.7 56.0 220.7 55.5 219.6 54.8 218.6 54.0 217.5 53.2 216.6 52.4 215.4
  51.6 214.2 50.8 212.9 50.0 211.6 49.2 210.4 48.5 209.0 47.7 207.6 46.9 206.1
  46.1 204.6 45.2 203.0 44.5 201.2 43.8 199.3 43.5 197.3 43.1 195.2 42.9 193.0
  42.7 190.7 42.7 188.4 42.7 186.1 43.0 183.8 43.5 181.6 44.0 179.4 44.6 177.1
  45.3 174.8 45.8 172.4 46.4 170.0 46.8 167.7 46.9 165.4 47.0 163.3 46.9 161.3
  46.8 159.4 46.6 157.6 46.4 155.8 46.2 154.0 46.0 152.2 45.9 150.4 45.6 148.7
  45.2 147.1 44.8 145.6 44.4 144.0 43.8 142.4 43.3 141.0 42.8 139.5 42.1 137.9
  41.5 136.3 41.0 134.9 40.5 133.4 40.1 131.9 39.6 130.3 39.2 128.9 38.8 127.5
  38.5 126.1 38.3 124.6 38.2 123.1 38.3 121.7 38.4 120.2 38.5 118.8 38.7 117.5
  38.8 116.3 39.0 115.2 39.2 114.1 39.5 113.1 39.7 112.1 39.9 111.1 40.2 110.1
  40.4 108.7 40.7 107.4 41.1 106.2 41.6 105.1 42.0 104.2 42.4 103.3 42.9 102.0
  43.3 100.8 43.8  99.8 44.2  98.9 44.7  97.5 45.1  96.4 45.6  95.4 46.0  94.5
  46.4  93.6 46.8  92.4 47.2  91.3 47.6  90.2 48.1  89.2 48.6  87.8 49.1  86.5
  49.5  85.3 50.0  84.2 50.5  83.2 50.7  81.6 51.0  80.1 51.3  78.7 51.5  77.9
  51.7  77.1 51.9  76.4 52.0  75.6 52.2  74.5 52.5  73.4 52.6  72.2 52.8  71.1
  53.0  70.0 53.1  68.9 53.2  67.7 53.3  66.6 53.4  65.4 53.4  64.2 53.4  62.9
  53.5  61.7 53.5  60.4 53.5  59.2 53.5  58.0 53.4  56.8 53.2  55.6 53.0  54.5
  52.7  53.4 52.4  52.3 52.1  51.2 51.9  50.1 51.6  49.0 51.5  47.8 51.3  46.7
  51.1  45.5 51.0  44.5 50.8  43.4 50.5  42.4 50.2  41.4 49.9  40.5 49.6  39.5
  49.3  38.5 49.0  37.5 48.7  36.5 48.4  35.6 48.2  34.6 47.9  33.8 47.6  32.8
  47.3  31.9 46.9  31.0 46.6  30.2 46.2  29.4 45.8  28.6 45.4  27.7 45.2  26.7
  44.9  25.8 44.6  24.9 44.3  24.0
  12  9 73  0.0
  72.5 321.4 72.6 320.9 72.6 320.3 72.6 319.7 72.5 319.1 72.4 318.5 72.3 317.8
  72.2 317.1 72.0 316.4 71.8 315.8 71.6 315.4 71.3 315.1 71.0 314.7 70.8 314.3
  70.5 314.0 70.2 313.6 69.9 313.2 69.6 312.9 69.3 312.6 69.0 312.3 68.6 311.9
  68.3 311.6 67.9 311.2 67.5 310.8 67.1 310.3 66.6 309.9 66.1 309.4 65.5 309.0
  64.9 308.4 64.3 307.8 63.8 307.3 63.3 306.5 62.7 305.8 62.1 305.1 61.3 304.5
  60.6 303.7 60.0 302.9 59.3 302.1 58.6 301.4 57.7 300.8 56.8 300.1 55.7 299.4
  55.1 298.5 54.5 297.7 53.7 296.9 52.9 295.7 52.4 294.5 51.9 293.4 51.2 291.9
  50.9 290.6 50.5 289.5 50.0 288.5 49.4 287.4 49.2 286.5 48.9 285.6 48.5 284.9
  48.0 284.2 47.4 283.4 47.2 282.6 47.0 281.8 46.8 281.1 46.4 280.5 46.0 280.0
  45.4 279.3 45.3 278.8 45.0 278.3 44.6 278.0 44.2 277.7 43.6 277.5 42.8 276.9
  41.9 276.4 40.9 275.2 40.5 274.2 40.0 273.3 39.4 271.8 39.3 270.6 39.1 269.4
  38.8 268.4 38.5 267.6 38.6 266.7 38.7 266.0 38.8 265.2 38.9 264.5 38.9 263.7
  39.4 263.0 39.8 262.2 40.1 261.4 40.5 261.1 40.8 260.7 41.1 260.3 41.3 259.9
  41.7 259.5 42.0 259.1 42.2 258.7 42.4 258.5 42.6 258.2 42.8 258.0 42.9 257.7
  43.0 257.4 43.0 257.1 43.0 256.8 43.0 256.4 43.0 256.1 42.9 255.7 43.1 255.3
  43.2 254.9 43.2 254.5 43.2 254.1 43.2 253.6 43.1 253.1 43.1 252.6 43.0 252.0
  43.3 251.4 43.5 250.7 43.6 250.0 43.8 249.2 43.8 248.3 43.9 247.4 44.2 246.5
  44.4 245.5 44.6 244.5 44.7 243.5 45.1 242.4 45.4 241.3 45.6 240.1 45.8 238.9
  45.9 237.6 46.0 236.2 45.9 234.7 46.0 233.2 46.0 231.6 46.3 229.8 46.6 228.2
  46.8 226.4 47.3 224.6 47.7 222.6 48.0 220.7 48.3 219.0 48.6 217.4 48.8 215.8
  49.1 214.2 49.4 212.7 49.7 211.1 49.9 209.6 50.2 208.1 50.6 207.2 50.6 206.3
  50.6 205.5 50.7 204.8 50.8 204.1 50.8 203.4 50.9 202.8 51.1 202.1 51.3 201.5
  51.6 200.8 52.0 200.1 52.5 199.9 53.0 199.6 53.5 199.3 54.0 199.0 54.3 198.7
  54.6 198.6 54.9 198.5 55.1 198.4 55.2 198.2 55.4 198.0 55.4 197.8 55.4 197.5
  55.4 197.3 55.4 197.0 55.3 196.7 55.2 196.5 55.2 196.2 55.1 196.0 55.0 195.8
  55.0 195.6 55.0 195.5 54.9 195.3 54.9 195.2 54.8 195.1 54.8 195.0 54.7 195.0
  54.6 194.9 54.4 194.9 54.2 194.9 53.9 194.8 53.6 194.9 53.3 194.9 52.9 195.0
  52.5 195.0 52.0 195.1 51.5 195.2 50.9 195.2 50.2 195.3 49.6 195.4 48.9 195.1
  48.3 194.9 47.7 194.7 47.0 194.1 46.4 193.5 45.8 192.8 45.2 192.0 44.7 191.1
  44.1 190.2 43.6 189.3 43.0 188.4 42.5 187.4 41.9 186.4 41.4 185.3 40.9 184.1
  40.4 182.9 39.8 181.5 39.4 180.0 39.0 178.4 38.6 176.7 38.2 174.9 38.1 173.0
  38.0 170.9 37.9 168.8 37.8 167.0 37.6 165.2 37.5 163.3 37.6 161.5 37.6 159.6
  37.7 157.7 37.8 155.9 37.8 154.0 37.8 152.1 37.8 150.4 37.8 148.7 37.8 147.2
  37.8 145.7 37.9 144.2 37.9 142.8 38.0 141.4 38.1 139.9 38.1 138.3 38.1 136.8
  38.1 135.2 38.2 133.7 38.3 132.2
  12 10 73  0.0
  72.5 321.4 72.3 321.2 72.2 321.0 72.1 320.8 72.0 320.5 71.9 320.1 71.8 319.7
  71.7 319.4 71.5 319.0 71.4 318.7 71.3 318.3 71.2 317.9 71.1 317.6 71.1 317.2
  71.0 316.8 71.0 316.5 71.0 316.1 71.0 315.7 70.8 315.4 70.7 315.0 70.5 314.6
  70.4 314.1 70.4 313.7 70.3 313.2 70.3 312.6 70.3 311.9 70.1 311.3 69.9 310.6
  69.7 310.3 69.5 310.0 69.3 309.6 69.1 309.3 69.0 308.9 68.8 308.6 68.7 308.2
  68.5 307.8 68.4 307.4 68.4 307.0 68.3 306.7 68.2 306.3 68.1 305.9 68.0 305.5
  67.9 305.3 67.7 305.0 67.6 304.8 67.4 304.5 67.2 304.3 67.0 304.2 66.8 304.1
  66.5 304.0 66.4 303.9 66.4 303.8 66.3 303.6 66.2 303.5 66.0 303.3 65.9 303.2
  65.8 302.9 65.6 302.6 65.4 302.3 65.2 302.1 65.0 301.8 64.8 301.5 64.5 301.2
  64.2 300.8 63.9 300.3 63.5 299.6 63.4 299.0 63.2 298.2 62.9 297.5 62.7 296.7
  62.3 296.0 62.2 295.2 62.0 294.4 61.8 293.6 61.5 293.0 61.3 292.3 61.0 291.5
  60.9 290.8 60.8 289.9 60.6 289.1 60.4 288.2 60.2 287.3 60.1 286.4 59.9 285.5
  59.8 284.5 59.6 283.5 59.5 282.5 59.4 281.5 59.4 280.5 59.3 279.5 59.4 278.4
  59.4 277.4 59.5 276.3 59.5 275.3 59.6 274.3 59.8 273.2 59.9 272.2 60.0 271.2
  60.2 270.4 60.4 269.6 60.7 268.8 60.9 267.9 61.1 267.0 61.4 266.1 61.6 265.1
  61.8 264.1 62.1 263.0 62.4 262.3 62.6 261.7 62.9 261.0 63.2 260.2 63.4 259.5
  63.7 258.7 63.9 257.8 64.1 256.9 64.3 256.5 64.5 256.1 64.7 255.7 64.9 255.3
  65.0 254.9 65.2 254.5 65.3 254.1 65.5 253.7 65.6 253.2 65.8 252.7 66.0 252.2
  66.2 252.2 66.5 252.3 66.7 252.3 66.9 252.3 67.2 252.3 67.4 252.2 67.6 252.2
  67.9 252.1 68.1 252.0 68.3 252.4 68.5 252.8 68.7 253.1 68.9 253.4 69.1 253.7
  69.3 253.9 69.4 254.0 69.6 254.1 69.7 254.2 69.9 254.2 70.0 254.1 70.2 254.7
  70.3 255.4 70.4 256.0 70.6 256.6 70.7 257.1 70.8 257.6 70.9 258.2 71.0 258.7
  71.1 259.1 71.2 259.6 71.3 260.0 71.4 260.5 71.5 260.9 71.6 261.3 71.7 261.8
  71.8 262.2 71.9 262.7 72.0 263.2 72.1 263.9 72.3 264.6 72.4 265.3 72.5 266.0
  72.6 266.7 72.7 267.5 72.8 268.3 72.8 269.2 72.8 270.2 72.9 271.1 72.9 272.2
  72.8 273.2 72.8 274.3 72.7 275.3 72.7 276.3 72.5 277.3 72.4 278.3 72.3 279.2
  72.1 280.0 71.9 280.8 71.8 281.4 71.6 281.9 71.4 282.4 71.2 282.8 71.0 283.1
  70.8 283.4 70.6 283.7 70.4 283.9 70.2 284.1 70.0 284.2 69.8 284.1 69.7 284.0
  69.5 283.8 69.3 283.7 69.1 283.5 68.9 283.4 68.8 283.2 68.6 283.1 68.4 282.9
  68.3 282.8 68.1 282.6 68.0 282.4 67.9 282.2 67.8 281.9 67.6 281.5 67.5 281.1
  67.4 280.7 67.3 280.4 67.2 280.0 67.0 279.6 66.7 279.1 66.5 278.7 66.3 278.3
  66.1 277.8 65.9 277.3 65.8 276.9 65.6 276.5 65.5 276.0 65.4 275.6 65.2 275.2
  65.0 274.8 64.8 274.4 64.7 274.0 64.5 273.6 64.4 273.2 64.2 272.8 64.1 272.5
  63.9 272.1 63.8 271.8 63.6 271.5 63.4 271.2 63.3 270.9 63.1 270.6 62.9 270.3
  62.8 269.9 62.7 269.6 62.5 269.2
  12 11 73  0.0
  72.5 321.4 72.5 321.0 72.5 320.7 72.5 320.3 72.4 319.9 72.3 319.6 72.2 319.2
  72.1 318.8 71.9 318.5 71.7 317.8 71.5 317.2 71.3 316.5 71.1 315.9 70.7 315.3
  70.3 314.7 69.9 314.2 69.5 313.3 69.1 312.3 68.7 311.5 68.1 310.7 67.5 309.9
  67.0 308.5 66.4 307.0 65.8 305.6 65.3 303.2 64.8 300.8 64.4 298.6 63.9 296.4
  63.5 293.7 63.1 291.1 62.8 288.6 62.5 286.2 62.1 284.0 61.7 281.9 61.4 279.5
  61.1 277.3 60.7 275.2 60.4 273.3 60.1 271.4 60.0 269.6 59.9 267.6 59.9 265.8
  60.0 264.0 60.1 262.2 60.3 260.7 60.4 259.2 60.7 257.6 61.0 256.0 61.4 254.3
  61.8 252.7 62.2 251.1 62.8 249.8 63.3 248.5 63.9 247.1 64.4 245.7 65.1 244.5
  65.7 243.3 66.2 242.1 66.9 241.3 67.5 240.4 68.2 239.5 69.0 239.1 69.7 238.7
  70.5 238.3 71.3 238.4 72.1 238.6 73.0 239.0 73.8 239.4 74.7 240.0 75.6 240.7
  76.3 241.6 77.1 242.5 77.9 243.7 78.5 245.1 79.1 246.5 79.6 248.1 80.0 249.7
  80.5 250.9 80.9 252.1 81.2 253.5 81.6 255.0 81.8 256.7 82.0 258.5 82.3 259.8
  82.5 261.2 82.6 262.6 82.8 264.1 82.8 265.7 82.9 267.2 83.0 268.9 83.1 270.6
  83.2 272.3 83.2 274.0 83.2 275.8 83.2 277.6 83.2 279.4 83.1 281.2 83.0 283.0
  82.8 284.5 82.6 285.9 82.4 287.0 82.1 287.9 81.9 288.8 81.7 289.6 81.4 290.3
  81.1 290.9 80.8 291.4 80.5 291.8 80.2 292.2 79.9 292.5 79.5 292.7 79.2 292.8
  78.8 292.8 78.4 292.7 77.9 292.7 77.5 292.9 77.0 293.2 76.5 293.5 76.0 293.8
  75.5 294.4 75.0 295.0 74.4 295.6 73.9 296.2 73.4 296.8 72.9 297.3 72.4 297.8
  71.9 298.1 71.4 298.4 70.9 298.5 70.4 298.6 69.9 298.6 69.4 298.4 68.8 298.2
  68.3 297.9 67.7 297.5 67.2 297.3 66.7 297.0 66.1 296.7 65.5 296.3 65.0 296.0
  64.5 295.7 64.0 295.3 63.5 295.2 63.0 295.2 62.5 295.1 62.0 295.1 61.5 295.1
  61.0 295.0 60.6 294.8 60.2 294.6 59.8 294.3 59.4 293.9 59.1 293.4 58.7 293.0
  58.4 292.4 58.1 291.9 57.8 291.3 57.5 290.7 57.2 290.0 56.9 289.3 56.6 288.7
  56.3 288.0 56.1 287.3 55.8 286.6 55.5 285.9 55.2 285.2 54.9 284.6 54.6 283.9
  54.2 283.2 53.7 282.6 53.3 281.8 53.0 280.9 52.7 280.1 52.4 279.2 52.1 278.4
  51.9 277.5 51.6 276.3 51.5 275.2 51.3 274.0 51.1 272.9 51.0 271.8 50.8 270.7
  50.6 269.7 50.5 268.6 50.3 267.5 50.2 266.4 50.1 265.3 50.0 264.2 49.9 263.2
  49.9 262.3 49.8 261.4 49.8 260.5 49.7 259.8 49.6 259.1 49.6 258.4 49.5 257.7
  49.3 257.1 49.2 256.4 49.0 255.8 48.9 255.2 48.8 254.6 48.6 254.0 48.5 253.5
  48.2 252.9 48.0 252.4 47.7 251.8 47.5 251.2 47.2 250.6 46.9 250.1 46.6 249.6
  46.2 249.1 45.7 248.6 45.2 248.1 44.6 247.6 44.2 247.2 43.7 246.7 43.1 246.1
  42.4 245.5 41.6 244.9 40.8 244.2 39.9 243.5 39.2 242.6 38.4 241.7 37.5 240.8
  36.6 239.6 35.8 238.3 35.0 236.6 34.1 234.7 34.3 232.6 34.5 230.4 35.2 228.4
  35.9 226.5 36.6 224.9 37.5 223.5 38.5 222.1 39.6 220.9 40.7 219.6 41.8 218.5
  43.0 217.3 44.1 216.3 45.3 215.4
  12 12 73  0.0
  72.5 321.4 72.5 321.0 72.5 320.6 72.5 320.3 72.4 319.9 72.4 319.5 72.4 319.1
  72.3 318.8 72.3 318.4 72.2 318.1 72.1 317.8 71.9 317.4 71.8 316.3 71.6 315.3
  71.4 314.4 71.2 313.7 71.0 313.0 70.8 312.5 70.5 312.1 70.3 311.7 70.0 311.4
  69.8 311.1 69.6 310.3 69.4 309.5 69.2 308.8 69.0 308.1 68.7 307.5 68.5 306.9
  68.3 306.3 68.0 305.8 67.6 304.5 67.3 303.3 66.9 302.1 66.6 300.9 66.2 299.7
  66.0 298.6 65.7 296.5 65.4 294.5 65.3 292.6 65.2 290.8 65.1 289.1 65.1 287.6
  65.1 286.1 65.2 284.8 65.3 283.6 65.4 282.5 65.6 281.5 65.8 280.5 66.1 279.7
  66.5 279.3 66.9 278.9 67.3 278.5 67.7 278.1 68.1 277.8 68.6 277.8 69.0 277.8
  69.4 277.9 69.7 278.0 70.1 278.2 70.5 278.7 70.9 279.3 71.3 280.0 71.5 280.7
  71.6 281.4 71.7 282.1 71.8 282.7 71.8 283.3 71.9 283.9 71.9 284.4 71.8 284.8
  71.6 285.2 71.4 285.5 71.2 285.7 71.0 285.8 70.7 285.9 70.4 285.9 70.0 285.8
  69.6 285.7 69.2 284.8 68.8 284.0 68.4 283.1 67.9 282.2 67.4 280.6 66.9 279.1
  66.5 277.5 66.0 276.0 65.5 274.3 65.2 272.5 64.8 270.8 64.6 269.0 64.4 267.3
  64.2 265.5 64.1 263.8 64.1 262.2 64.1 260.5 64.1 258.9 64.2 257.3 64.3 255.7
  64.5 254.0 64.7 252.3 64.8 250.5 65.1 248.8 65.4 247.0 65.7 245.2 66.0 243.5
  66.3 241.8 66.7 240.5 67.1 239.3 67.5 238.2 67.9 237.0 68.3 236.0 68.6 235.6
  69.0 235.3 69.5 235.0 70.0 234.7 70.5 234.4 71.0 234.9 71.6 235.6 72.2 236.2
  72.8 237.4 73.4 238.7 74.0 240.0 74.6 241.4 75.2 242.9 75.7 244.4 76.1 245.9
  76.6 247.3 77.1 248.7 77.4 250.2 77.7 251.8 78.0 253.4 78.3 254.9 78.5 256.5
  78.7 258.1 78.8 259.7 79.0 261.3 79.0 262.9 79.1 264.5 79.0 266.1 79.0 267.5
  78.9 268.9 78.7 270.2 78.5 271.5 78.3 272.6 77.9 273.6 77.6 274.5 77.3 275.2
  77.0 275.9 76.8 276.6 76.5 277.2 76.2 277.7 75.9 278.2 75.7 278.4 75.5 278.5
  75.4 278.7 75.2 278.8 75.1 278.9 75.1 279.0 75.0 279.1 74.9 279.2 74.9 279.3
  74.9 279.4 74.9 279.6 74.9 279.7 74.9 279.9 75.0 280.1 74.9 280.3 74.9 280.5
  74.9 280.7 74.9 280.9 75.0 281.2 75.0 281.6 75.1 282.0 75.1 282.5 75.2 283.1
  75.2 283.8 75.3 284.5 75.4 285.2 75.5 286.1 75.5 286.9 75.6 287.8 75.7 288.8
  75.8 289.7 75.8 290.6 75.9 291.5 75.9 292.4 76.0 293.3 76.0 294.2 76.1 294.5
  76.1 294.9 76.1 295.2 76.2 295.6 76.2 296.0 76.3 296.3 76.3 296.7 76.4 297.0
  76.4 297.4 76.5 297.7 76.6 298.0 76.6 298.3 76.7 298.6 76.7 298.8 76.8 299.1
  76.8 299.3 76.9 299.5 77.0 299.7 77.0 299.9 77.1 300.1 77.2 300.3 77.2 300.5
  77.3 300.8 77.4 301.0 77.5 301.2 77.6 301.5 77.6 301.8 77.7 302.1 77.8 302.4
  77.9 302.7 78.0 303.0 78.1 303.1 78.2 303.2 78.2 303.2 78.3 303.2 78.3 303.2
  78.3 303.2 78.3 303.2 78.2 303.2 78.2 303.1 78.1 303.1 78.0 303.0 77.9 303.0
  77.8 303.3 77.8 303.7 77.7 304.0 77.6 304.3 77.6 304.6 77.5 304.8 77.4 305.0
  77.3 305.2 77.2 305.3 77.1 305.3
  12 13 73  0.0
  72.5 321.4 72.7 321.9 72.9 322.4 73.0 322.8 73.2 323.2 73.4 323.4 73.5 323.7
  73.7 323.8 73.8 323.9 74.0 323.9 74.1 323.8 74.3 324.3 74.4 324.7 74.5 325.1
  74.6 325.4 74.7 325.7 74.8 326.0 74.9 326.3 74.9 326.5 75.0 326.6 75.1 326.8
  75.3 326.8 75.4 326.9 75.5 326.9 75.6 326.9 75.7 326.8 75.8 326.7 76.0 326.6
  76.1 326.5 76.2 326.8 76.4 327.1 76.5 327.4 76.7 327.6 76.8 327.7 77.0 327.8
  77.2 327.9 77.3 327.9 77.5 327.8 77.7 327.8 77.9 327.7 78.0 327.5 78.3 327.8
  78.5 327.9 78.7 328.0 78.8 328.1 79.0 328.1 79.1 328.0 79.3 327.8 79.5 327.6
  79.7 327.3 79.9 327.1 80.1 326.9 80.3 327.4 80.6 328.0 80.8 328.5 80.9 329.1
  81.1 329.6 81.3 330.1 81.4 330.6 81.6 331.1 81.7 331.6 81.9 332.1 82.0 332.6
  82.2 333.4 82.4 334.3 82.5 335.3 82.7 336.2 82.8 337.2 83.0 338.1 83.1 339.0
  83.3 339.9 83.4 340.8 83.6 341.6 83.8 342.3 84.0 343.0 84.2 343.6 84.4 344.5
  84.7 345.3 85.0 346.1 85.2 347.0 85.5 347.9 85.7 348.9 86.0 349.8 86.2 350.9
  86.5 353.8 86.9 357.1 87.1   1.1 87.4   1.4 87.6   1.6 87.8   1.8 88.0   2.0
  88.3   2.3 88.5   2.5 88.7   2.8 88.9   3.1 89.0   3.3 89.2   3.6 89.3   3.9
  89.3   4.2 89.4   4.4 89.4   4.7 89.4   5.0 89.3   5.3 89.3   5.6 89.3   5.8
  89.2   6.1 89.1   6.4 89.1   6.7 89.0   6.9 88.9   7.2 88.8   7.5 88.8   7.7
  88.7   8.0 88.6   8.3 88.5   8.6 88.4   8.9 88.4   9.2 88.3   9.5 88.2   9.8
  88.1  10.1 88.0  10.4 88.0  10.7 87.9  11.1 87.9  11.4 87.8  11.7 87.8  12.0
  87.8  12.3 87.7  12.6 87.7  12.8 87.7  13.1 87.6  13.4 87.6  13.7 87.6  13.9
  87.6  14.2 87.6  14.5 87.6  14.7 87.5  15.0 87.5  15.2 87.5  15.5 87.4  15.8
  87.4  16.0 87.4  16.3 87.3  16.5 87.3  16.8 87.2  17.0 87.1  17.2 87.1  17.5
  87.0  17.7 87.0  18.0 86.9  18.2 86.9  18.4 86.9  18.7 86.8  18.9 86.8  19.1
  86.8  19.4 86.8  19.6 86.8  19.8 86.8  20.1 86.8  20.3 86.8  20.5 86.7  20.8
  86.7  21.0 86.6  21.2 86.6  21.4 86.5  21.6 86.4  21.9 86.4  22.1 86.3  22.3
  86.2  22.5 86.1  22.7 85.9  22.9 85.9  23.1 85.8  23.2 85.7  23.4 85.6  23.5
  85.5  23.7 85.4  23.8 85.2  24.0 85.1  24.1 85.0  24.3 84.8  24.4 84.7  24.6
  84.5  24.8 84.3  24.9 84.1  25.1 83.8  25.2 83.6  25.4 83.4  25.5 83.2  25.6
  82.9  25.7 82.7  25.8 82.4  26.0 82.1  26.1 81.8  26.2 81.5  26.3 81.2  26.4
  81.0  26.5 80.8  26.6 80.5  26.7 80.3  26.8 80.1  27.0 79.8  27.1 79.7  27.2
  79.5  27.3 79.3  27.3 79.2  27.4 79.0  27.5 78.9  27.6 78.7  27.7 78.6  27.8
  78.4  27.9 78.3  28.0 78.2  28.1 78.0  28.1 77.8  28.3 77.6  28.4 77.5  28.6
  77.3  28.8 77.1  28.9 76.9  29.1 76.8  29.2 76.6  29.3 76.5  29.5 76.3  29.6
  76.2  29.7 76.0  29.9 75.9  30.0 75.8  30.0 75.6  30.1 75.5  30.1 75.4  30.2
  75.3  30.2 75.2  30.3 75.1  30.3 75.1  30.3 75.0  30.3 74.9  30.3 74.9  30.3
  74.8  30.3 74.7  30.2 74.7  30.2
  12 14 73  0.0
  72.5 321.4 72.7 321.0 73.0 320.6 73.3 320.3 73.5 320.0 73.8 319.8 74.1 319.6
  74.4 319.2 74.7 318.8 75.1 318.5 75.4 318.3 75.7 318.1 76.1 318.0 76.5 317.6
  76.9 317.3 77.2 317.1 77.6 316.9 78.0 316.8 78.4 316.8 78.8 316.6 79.2 316.4
  79.5 316.2 79.9 316.2 80.2 316.3 80.6 315.5 80.9 314.8 81.3 314.1 81.7 313.6
  82.0 313.1 82.3 312.8 82.7 311.9 83.1 311.0 83.5 310.1 83.9 309.4 84.3 308.7
  84.7 307.2 85.2 305.5 85.6 303.6 86.0 301.4 86.3 298.9 86.8 295.1 87.2 290.3
  87.5 284.0 87.8 275.7 87.9 265.2 88.0 252.8 88.0 239.1 88.0 226.0 87.8 214.7
  87.6 205.4 87.4 198.0 87.1 192.3 86.7 187.8 86.4 184.1 85.9 181.2 85.6 179.3
  85.3 177.6 85.0 176.1 84.7 174.8 84.4 173.6 84.1 172.5 83.7 171.5 83.5 170.7
  83.3 170.0 83.0 169.4 82.7 168.9 82.5 168.5 82.2 168.2 81.9 168.0 81.7 168.1
  81.5 168.4 81.3 168.7 81.0 169.2 80.8 169.7 80.5 170.2 80.2 170.8 80.0 171.3
  79.7 172.1 79.4 172.9 79.1 173.7 78.8 174.6 78.5 175.5 78.2 176.5 77.8 177.5
  77.5 178.6 77.1 179.8 76.8 181.0 76.4 182.1 75.9 183.1 75.5 184.0 75.1 184.9
  74.6 185.7 74.1 186.6 73.5 187.5 73.0 188.2 72.5 189.1 72.0 190.0 71.5 190.9
  71.0 191.7 70.5 192.5 70.1 193.3 69.6 194.1 69.2 194.7 68.7 195.4 68.3 196.1
  67.8 196.8 67.4 197.1 67.0 197.4 66.5 197.7 66.0 198.0 65.5 198.3 65.0 198.6
  64.5 198.8 64.0 199.1 63.5 199.4 62.9 199.6 62.4 199.9 61.9 200.2 61.4 200.4
  60.9 200.7 60.4 200.9 59.9 201.2 59.4 201.4 59.0 201.5 58.6 201.7 58.2 201.9
  57.8 202.0 57.5 202.1 57.1 202.2 56.8 202.2 56.5 202.3 56.2 202.4 56.0 202.4
  55.7 202.4 55.5 202.5 55.3 202.5 55.0 202.5 54.9 202.5 54.7 202.5 54.5 202.5
  54.3 202.4 54.2 202.4 54.0 202.4 53.9 202.3 53.7 202.3 53.6 202.3 53.5 202.2
  53.4 202.1 53.2 202.0 53.1 201.8 52.9 201.6 52.8 201.4 52.6 201.1 52.5 200.8
  52.3 200.4 52.1 200.1 51.9 199.7 51.8 199.6 51.6 199.6 51.5 199.4 51.3 199.3
  51.2 199.1 51.0 198.8 50.8 198.6 50.6 198.3 50.3 198.0 50.0 197.7 49.6 197.3
  49.2 196.9 48.6 196.6 48.1 196.2 47.6 195.8 47.2 194.7 46.9 193.5 46.6 192.3
  46.4 191.2 46.3 190.0 46.2 188.8 46.0 187.7 45.8 186.6 45.5 185.0 45.2 183.5
  44.9 181.9 44.7 180.4 44.4 179.0 44.2 177.5 43.9 176.1 43.6 174.4 43.5 172.8
  43.3 171.1 43.2 169.3 43.2 167.5 43.1 165.7 42.9 163.9 42.8 162.2 42.6 160.5
  42.4 158.9 42.1 157.4 41.9 155.9 41.6 154.4 41.4 152.9 41.2 151.5 40.8 150.0
  40.6 148.5 40.3 146.9 40.0 145.2 39.7 143.6 39.4 142.0 39.1 140.3 39.0 138.5
  38.9 136.7 38.9 134.8 38.9 133.0 39.0 131.2 39.0 129.5 39.0 127.8 39.0 126.1
  39.1 124.4 39.2 122.7 39.6 121.1 40.0 119.5 40.4 117.8 40.9 116.3 41.3 115.0
  41.7 113.8 42.1 112.7 42.5 111.5 42.9 110.4 43.3 109.4 43.7 108.4 44.2 107.5
  44.6 106.4 45.1 105.5 45.5 104.7 46.0 104.0 46.2 103.3 46.5 102.6 46.7 101.9
  46.9 101.2 47.0 100.6 47.2 100.1
  12 15 73  0.0
  72.5 321.4 72.3 320.8 72.1 320.3 71.9 319.7 71.6 319.3 71.4 318.9 71.1 318.4
  70.7 318.0 70.4 317.5 69.9 317.1 69.5 316.7 69.0 316.2 68.4 315.9 67.7 315.5
  67.0 315.2 66.4 314.9 65.7 314.5 65.1 314.0 64.4 313.5 63.6 313.0 62.9 312.3
  62.1 311.7 61.2 311.0 60.2 310.4 59.1 309.9 57.8 309.6 56.5 308.9 55.2 308.2
  54.0 307.2 53.2 306.1 52.4 304.7 51.7 303.2 51.0 301.9 50.4 300.7 49.8 299.4
  49.2 298.6 48.6 297.8 47.9 296.9 47.3 296.4 46.7 295.8 46.4 295.3 46.2 294.7
  46.0 294.1 45.8 293.6 45.6 293.1 45.4 292.5 45.3 292.0 45.5 291.3 45.8 290.7
  46.0 290.0 46.2 289.2 46.4 288.4 46.5 287.6 46.7 286.7 47.0 285.8 47.1 284.8
  47.3 283.8 47.4 282.7 47.6 281.4 47.7 280.1 47.8 278.7 48.1 277.1 48.5 275.3
  49.0 273.5 49.5 271.7 50.1 270.0 50.7 268.2 51.2 266.4 51.7 264.7 52.1 262.9
  52.7 261.2 53.2 259.3 53.8 257.5 54.5 255.8 55.0 254.1 55.6 252.6 56.2 251.1
  56.7 249.9 57.1 248.7 57.6 247.5 57.9 246.3 58.2 245.2 58.6 244.3 58.9 243.4
  59.1 242.5 59.3 241.7 59.5 240.8 59.7 240.0 59.7 239.2 59.8 238.4 59.8 237.6
  59.9 236.8 60.0 236.1 60.0 235.3 60.0 234.6 60.0 234.0 59.9 233.4 59.9 232.8
  59.9 232.2 59.8 231.6 59.7 231.0 59.6 230.5 59.5 229.9 59.4 229.3 59.3 228.7
  59.1 228.1 59.0 227.6 58.8 227.0 58.6 226.5 58.4 226.0 58.2 225.5 57.9 225.1
  57.6 224.5 57.3 224.0 57.0 223.5 56.6 223.0 56.2 222.6 55.8 222.1 55.4 221.5
  54.9 220.8 54.4 220.2 53.8 219.6 53.4 218.8 52.9 218.1 52.3 217.4 51.8 216.9
  51.2 216.1 50.5 215.3 50.1 214.5 49.7 213.7 49.3 212.5 49.0 211.3 48.7 210.1
  48.4 208.9 48.1 207.8 47.9 206.8 47.8 205.6 47.7 204.5 47.7 203.3 47.8 202.2
  47.9 201.0 48.0 199.9 48.0 198.7 47.9 197.5 47.9 196.1 47.9 194.7 47.7 193.2
  47.6 191.6 47.4 190.0 47.3 188.3 47.3 186.6 47.1 184.8 47.0 183.0 46.6 181.1
  46.3 179.0 45.7 176.8 45.2 174.1 44.6 171.4 43.9 168.8 43.2 166.6 42.3 164.4
  41.4 162.3 40.5 160.0 39.5 157.7 38.6 155.2 37.7 152.7 36.8 150.1 36.1 147.4
  35.7 144.7 35.3 142.1 35.2 139.9 35.1 138.0 35.0 136.1 34.9 134.3 35.0 132.5
  35.3 130.8 35.5 129.2 35.8 127.7 36.2 126.3 36.7 124.9 37.2 123.7 37.8 122.6
  38.5 121.5 39.2 120.4 40.0 119.4 40.6 118.3 41.1 117.2 41.8 116.2 42.5 115.2
  42.9 114.3 43.4 113.4 43.9 112.6 44.4 111.8 44.7 111.0 45.1 110.3 45.5 109.6
  45.9 108.9 46.4 108.3 46.9 107.8 47.2 107.2 47.5 106.6 47.7 106.0 48.0 105.4
  48.2 104.9 48.4 104.3 48.6 103.7 48.8 103.2 48.9 102.7 49.1 102.1 49.2 101.6
  49.4 101.1 49.6 100.6 49.7 100.1 49.9  99.5 49.9  99.0 49.9  98.4 49.9  97.8
  49.8  97.1 49.8  96.5 49.8  95.9 49.8  95.4 49.7  94.9 49.7  94.3 49.6  93.8
  49.6  93.4 49.5  92.9 49.5  92.5 49.4  92.1 49.3  91.7 49.2  91.4 49.1  91.0
  49.1  90.6 49.1  90.3 49.2  89.9 49.2  89.6 49.3  89.2 49.5  88.9 49.6  88.6
  49.8  88.3 50.1  88.1 50.4  87.6
  12 16 73  0.0
  72.5 321.4 72.6 320.3 72.7 319.1 72.7 317.9 72.8 316.8 72.8 315.6 72.8 314.4
  72.8 313.2 72.7 312.0 72.7 310.9 72.7 309.8 72.6 308.7 72.5 307.6 72.5 306.4
  72.5 305.3 72.4 304.3 72.4 303.4 72.5 302.5 72.6 301.8 72.7 301.1 72.8 300.6
  73.0 300.1 73.1 299.7 73.4 299.4 73.7 299.2 74.0 299.1 74.2 299.2 74.5 298.8
  74.8 298.5 75.1 298.3 75.4 298.1 75.7 298.0 75.9 298.1 76.2 298.2 76.5 297.6
  76.8 296.9 77.1 296.3 77.4 295.7 77.6 294.9 77.9 294.1 78.1 293.1 78.4 291.1
  78.6 288.9 78.9 286.5 79.0 283.9 79.1 281.1 79.2 278.3 79.1 275.4 79.0 272.6
  78.8 269.8 78.6 267.2 78.4 264.7 78.1 262.3 77.8 259.9 77.6 257.9 77.3 255.9
  77.0 254.0 76.8 252.1 76.5 250.2 76.2 248.4 75.8 246.6 75.5 245.4 75.2 244.3
  74.8 243.2 74.4 242.2 73.9 241.2 73.5 240.8 73.1 240.5 72.6 240.2 72.1 239.9
  71.6 239.7 71.1 239.7 70.6 239.7 70.1 239.7 69.6 239.7 69.2 239.7 68.8 239.8
  68.5 239.9 68.1 240.1 67.8 240.3 67.6 240.4 67.4 240.5 67.2 240.6 67.1 240.9
  66.9 241.2 66.8 241.6 66.7 242.1 66.7 242.6 66.6 243.2 66.6 243.9 66.6 244.7
  66.7 245.5 66.8 246.4 66.9 247.3 67.0 248.3 67.3 249.4 67.5 250.6 67.8 251.8
  68.0 253.1 68.4 254.6 68.8 256.1 69.2 257.7 69.7 259.4 70.1 261.2 70.6 262.7
  71.1 264.2 71.6 265.8 72.1 267.4 72.7 268.4 73.2 269.6 73.7 270.7 74.2 271.9
  74.8 272.8 75.4 273.7 76.0 274.7 76.6 275.8 77.2 276.5 77.9 277.3 78.5 278.2
  79.2 278.6 79.9 279.1 80.6 279.7 81.4 279.5 82.1 279.4 82.9 278.0 83.7 276.2
  84.3 274.0 85.1 269.6 85.6 263.8 86.0 256.3 86.5 246.4 86.7 234.9 86.6 222.9
  86.4 211.8 86.0 202.6 85.4 195.5 84.9 191.0 84.4 187.4 83.8 184.4 83.4 182.8
  83.0 181.3 82.5 180.0 81.9 178.7 81.5 178.4 81.1 178.1 80.6 177.7 80.1 177.3
  79.6 177.0 79.2 177.4 78.7 177.9 78.2 178.2 77.7 178.5 77.3 179.5 76.8 180.4
  76.2 181.2 75.7 181.9 75.1 183.1 74.6 184.2 74.0 185.3 73.4 186.6 72.9 188.0
  72.3 189.4 71.6 190.7 71.1 192.1 70.4 193.4 69.8 194.7 69.1 195.8 68.5 196.9
  67.7 198.0 67.0 198.7 66.3 199.3 65.6 200.0 65.0 200.5 64.4 200.9 63.8 201.4
  63.2 201.6 62.6 201.8 61.9 201.9 61.3 201.9 60.7 201.9 60.1 201.9 59.4 201.8
  58.9 201.7 58.4 201.7 57.9 201.6 57.5 201.5 57.1 201.4 56.8 201.3 56.5 201.2
  56.2 201.1 55.9 200.9 55.7 200.8 55.4 200.7 55.2 200.5 55.0 200.3 54.8 200.0
  54.6 199.7 54.6 199.3 54.6 198.8 54.6 198.3 54.6 197.7 54.5 197.1 54.4 196.4
  54.3 195.8 54.4 195.2 54.4 194.5 54.4 194.0 54.4 193.4 54.4 192.9 54.4 192.4
  54.4 191.9 54.5 191.4 54.7 190.9 54.8 190.4 54.9 189.9 55.0 189.4 55.1 188.9
  55.2 188.4 55.3 187.9 55.6 187.4 55.9 186.8 56.2 186.2 56.5 185.6 56.8 185.0
  57.1 184.3 57.3 183.6 57.6 182.8 57.9 182.1 58.2 181.3 58.5 180.6 58.8 179.9
  59.2 179.2 59.7 178.5 60.1 177.8 60.6 177.4 61.1 177.0 61.6 176.5 62.0 176.0
  62.5 176.0 63.0 175.9 63.4 175.8
  12 17 73  0.0
  72.5 321.4 72.7 321.1 72.9 320.8 73.2 320.4 73.4 320.0 73.7 319.6 73.9 319.2
  74.1 318.7 74.3 318.6 74.6 318.4 74.9 318.2 75.1 317.9 75.4 317.6 75.7 317.2
  76.0 316.8 76.2 316.2 76.5 315.9 76.8 315.6 77.1 315.2 77.4 314.7 77.6 314.1
  77.9 313.5 78.2 312.9 78.5 312.6 78.7 312.3 79.0 312.0 79.3 311.6 79.5 311.2
  79.8 310.8 80.0 310.4 80.3 310.2 80.5 310.1 80.8 309.9 81.0 309.8 81.2 309.7
  81.4 309.7 81.6 309.6 81.7 309.6 81.9 309.5 82.1 309.2 82.3 309.0 82.5 308.7
  82.7 308.4 82.9 307.9 83.1 307.3 83.3 306.7 83.5 305.9 83.7 305.1 83.8 304.1
  84.0 303.1 84.1 301.7 84.4 300.2 84.6 298.4 84.8 296.2 85.0 293.7 85.1 290.8
  85.3 287.5 85.4 283.9 85.6 279.9 85.6 275.7 85.7 271.2 85.8 266.6 85.8 261.7
  85.8 256.7 85.9 251.6 85.8 246.6 85.8 241.7 85.7 236.9 85.7 232.3 85.6 227.9
  85.5 223.6 85.3 219.5 85.2 215.5 85.1 211.6 84.9 207.9 84.7 204.3 84.5 200.9
  84.3 197.6 84.1 194.4 83.9 191.5 83.6 188.8 83.4 186.3 83.1 183.9 82.8 181.6
  82.4 179.5 82.0 177.6 81.6 175.8 81.2 173.9 80.8 172.1 80.4 170.5 79.9 169.0
  79.5 167.6 78.9 166.3 78.4 165.1 77.8 164.1 77.3 163.3 76.7 162.6 76.0 161.9
  75.3 161.3 74.8 160.7 74.1 160.2 73.5 159.6 72.9 159.1 72.2 158.5 71.6 157.9
  71.0 157.5 70.5 157.0 69.9 156.6 69.3 156.2 68.8 155.8 68.3 155.3 67.7 154.9
  67.2 154.5 66.8 154.0 66.3 153.6 65.9 153.2 65.5 152.8 65.2 152.5 64.8 152.1
  64.5 151.8 64.1 151.5 63.7 151.2 63.3 150.9 62.9 150.7 62.5 150.4 62.1 150.1
  61.7 149.9 61.3 149.6 60.9 149.4 60.5 149.2 60.1 148.9 59.7 148.7 59.3 148.5
  58.9 148.3 58.5 148.1 58.1 147.9 57.7 147.7 57.3 147.4 57.0 147.2 56.6 146.9
  56.3 146.6 55.9 146.4 55.6 146.0 55.3 145.5 55.0 145.0 54.7 144.6 54.3 144.1
  54.0 143.7 53.9 143.2 53.8 142.9 53.6 142.6 53.4 142.2 53.3 141.9 53.1 141.6
  52.8 141.3 52.6 141.0 52.4 140.7 52.1 140.4 51.8 140.1 51.6 140.0 51.3 139.9
  51.4 139.8 51.4 139.6 51.5 139.5 51.5 139.3 51.5 139.2 51.4 139.0 51.3 138.9
  51.3 138.7 51.1 138.6 51.0 138.4 50.9 138.3 50.8 138.2 50.6 138.1 50.5 138.0
  50.3 138.0 50.2 137.9 50.0 137.9 49.9 137.9 49.7 137.9 49.6 137.8 49.4 137.8
  49.3 137.7 49.2 137.7 49.1 137.7 49.0 137.6 48.9 137.6 48.8 137.5 48.7 137.5
  48.7 137.4 48.6 137.4 48.6 137.3 48.6 137.2 48.6 137.2 48.6 137.1 48.6 137.1
  48.7 137.0 48.8 136.9 48.9 136.9 49.0 136.8 49.2 136.8 49.3 136.7 49.5 136.7
  49.7 136.6 49.9 136.6 50.2 136.5 50.4 136.7 50.7 136.9 51.0 137.1 51.3 137.4
  51.6 137.6 52.0 138.0 52.4 138.4 52.9 138.8 53.3 139.3 53.8 139.8 54.3 140.4
  54.8 141.0 55.2 141.6 55.7 142.2 56.1 142.9 56.6 143.5 57.0 144.2 57.2 144.8
  57.4 145.5 57.6 146.2 57.7 146.9 57.9 147.6 58.1 148.4 58.0 148.7 57.9 149.4
  57.8 149.9 57.7 150.4 57.7 150.9 57.6 151.3 57.5 151.7 57.5 152.1 57.2 152.5
  56.9 152.9 56.6 153.2 56.3 153.6
  12 18 73  0.0
  72.5 321.4 73.2 323.1 73.8 324.9 74.5 326.7 75.2 328.7 75.8 330.8 76.3 333.0
  77.0 334.6 77.6 336.3 78.1 338.0 78.8 339.1 79.4 340.2 79.9 341.4 80.5 342.7
  81.1 343.6 81.6 344.6 82.1 345.8 82.7 346.4 83.2 347.1 83.6 348.0 84.0 349.2
  84.5 349.6 85.0 350.2 85.4 351.0 85.8 351.9 86.1 353.2 86.7 353.2 87.1 353.5
  87.5 354.1 87.9 355.3 88.2 357.2 88.6   0.8 89.0   0.9 89.3   1.1 89.6   1.2
  89.9   1.4 89.9 181.5 89.4 185.8 88.9 187.1 88.5 187.4 88.2 187.2 87.8 186.7
  87.6 186.0 87.3 185.1 87.0 184.1 86.8 183.0 86.5 181.8 86.2 180.6 85.8 179.4
  85.6 178.9 85.4 178.3 85.3 177.6 85.1 176.8 84.9 176.0 84.7 175.1 84.5 174.2
  84.3 173.2 84.1 172.2 83.9 171.1 83.7 170.0 83.6 168.9 83.4 167.6 83.3 166.3
  83.2 165.0 83.0 163.6 82.9 162.2 82.7 160.8 82.6 159.4 82.4 158.0 82.2 156.6
  82.1 155.2 81.9 153.8 81.7 152.5 81.6 151.0 81.5 149.7 81.3 148.5 81.2 147.3
  81.0 146.3 80.9 145.3 80.7 144.4 80.6 143.6 80.4 142.8 80.3 142.1 80.2 141.4
  80.0 140.8 79.9 140.3 79.8 139.5 79.7 138.7 79.6 138.0 79.5 137.5 79.5 137.0
  79.4 136.6 79.3 136.3 79.3 136.1 79.2 135.9 79.2 135.8 79.3 135.8 79.3 135.9
  79.3 136.0 79.4 136.2 79.3 136.5 79.2 136.8 79.2 137.2 79.1 137.7 79.0 138.2
  78.9 138.7 78.8 139.3 78.6 139.9 78.5 140.6 78.2 141.3 77.8 141.9 77.5 142.2
  77.1 142.6 76.7 142.9 76.3 143.3 75.8 143.7 75.3 143.7 74.8 143.7 74.3 143.8
  73.7 143.9 73.1 143.2 72.5 142.6 71.8 142.1 71.2 141.1 70.6 140.2 70.1 139.2
  69.6 138.3 69.3 137.2 68.9 136.2 68.6 135.2 68.3 134.2 68.1 133.2 67.9 132.3
  67.7 131.6 67.6 131.0 67.6 130.3 67.5 129.7 67.4 129.0 67.3 128.4 67.2 127.7
  67.3 127.0 67.3 126.4 67.3 125.7 67.4 124.9 67.4 124.2 67.4 123.4 67.5 122.7
  67.6 121.9 67.8 121.2 67.9 120.4 68.1 119.7 68.3 119.3 68.6 118.9 68.9 118.6
  69.2 118.2 69.5 117.8 69.9 117.4 70.3 117.1 70.7 117.2 71.1 117.3 71.4 117.5
  71.8 117.7 72.1 118.0 72.4 118.5 72.6 119.0 72.9 119.5 73.1 120.1 73.2 120.8
  73.3 121.5 73.4 122.3 73.5 123.1 73.5 124.0 73.6 124.8 73.5 125.7 73.5 126.6
  73.5 127.5 73.4 128.4 73.3 129.3 73.2 130.1 73.0 130.9 72.9 131.6 72.7 132.3
  72.5 132.9 72.2 133.5 72.0 134.0 71.7 134.8 71.4 135.6 71.2 136.4 70.9 137.1
  70.6 137.7 70.3 138.3 69.9 138.8 69.6 139.3 69.3 139.9 68.9 140.3 68.6 140.8
  68.2 141.3 67.9 141.7 67.5 141.8 67.1 141.9 66.8 142.0 66.4 142.1 66.0 142.2
  65.6 142.0 65.2 141.7 64.8 141.6 64.3 141.4 63.9 141.2 63.5 140.6 63.0 140.1
  62.6 139.5 62.1 138.9 61.6 138.4 61.2 137.5 60.8 136.7 60.4 135.7 60.0 134.8
  59.6 133.7 59.3 132.7 58.9 131.6 58.8 130.6 58.7 129.5 58.5 128.4 58.4 127.3
  58.5 126.1 58.6 125.0 58.7 123.9 59.1 122.7 59.3 121.5 59.6 120.2 59.8 119.0
  60.2 117.7 60.7 116.2 61.0 114.8 61.6 113.4 62.2 111.9 63.0 110.8 63.7 109.5
  64.4 108.3 65.1 107.1 65.9 105.8
  12 19 73  0.0
  72.5 321.4 73.0 322.5 73.5 323.7 74.0 324.8 74.5 326.0 75.1 327.1 75.6 328.1
  76.2 329.1 76.8 329.8 77.4 330.5 78.0 331.1 78.6 331.7 79.2 331.6 79.8 331.4
  80.4 331.4 81.0 331.1 81.6 330.8 82.1 330.5 82.6 329.3 83.1 327.8 83.5 326.1
  83.8 324.1 84.1 321.7 84.4 318.6 84.7 315.1 84.8 311.2 85.0 306.9 85.1 302.3
  85.1 297.4 85.2 292.3 85.2 287.2 85.1 282.2 84.9 277.5 84.7 273.2 84.4 269.3
  84.1 266.0 83.7 263.2 83.4 260.7 83.1 258.5 82.7 256.6 82.3 254.8 81.8 253.3
  81.4 251.9 81.1 250.5 80.7 249.4 80.2 248.3 79.8 247.3 79.5 246.4 79.1 245.5
  78.7 244.8 78.3 244.1 77.9 243.5 77.5 242.7 77.1 242.0 76.7 241.3 76.3 240.7
  75.9 240.1 75.5 239.6 75.1 239.2 74.7 238.9 74.3 238.5 73.9 238.2 73.5 238.1
  73.1 237.9 72.7 237.8 72.3 237.6 71.8 237.4 71.5 237.3 71.1 237.2 70.7 237.1
  70.3 236.9 69.9 236.8 69.6 236.7 69.2 236.7 68.8 236.6 68.5 236.5 68.2 236.5
  67.8 236.4 67.5 236.3 67.2 236.2 66.9 236.1 66.5 236.0 66.3 235.9 66.0 235.8
  65.8 235.7 65.5 235.6 65.3 235.5 65.1 235.5 64.8 235.4 64.6 235.4 64.3 235.4
  64.1 235.4 63.8 235.4 63.6 235.3 63.4 235.3 63.1 235.3 62.9 235.3 62.6 235.3
  62.4 235.4 62.1 235.4 61.8 235.6 61.6 235.6 61.3 235.6 61.0 235.7 60.7 235.8
  60.4 235.9 60.1 236.0 59.8 236.2 59.6 236.2 59.3 236.3 59.1 236.3 58.8 236.4
  58.5 236.5 58.3 236.6 58.0 236.7 57.7 236.6 57.4 236.7 57.1 236.7 56.8 236.7
  56.5 236.8 56.2 236.9 55.9 237.0 55.6 237.0 55.2 237.1 54.8 237.1 54.4 237.2
  54.0 237.2 53.5 237.1 53.0 237.0 52.5 236.9 52.0 236.8 51.4 236.5 50.8 236.3
  50.2 236.0 49.3 235.7 48.5 235.3 47.7 234.9 46.9 234.2 46.1 233.5 45.3 232.8
  44.5 231.6 43.8 230.4 43.2 228.6 42.6 226.8 42.1 224.9 41.6 223.0 41.3 220.7
  40.9 218.5 41.0 216.3 41.1 214.1 41.6 211.8 42.3 209.6 43.0 207.6 43.8 205.7
  44.6 203.9 45.4 202.5 46.3 201.1 47.2 200.1 48.1 199.1 48.9 198.4 49.6 197.7
  50.2 197.0 50.8 196.7 51.4 196.4 51.9 196.1 52.4 195.9 52.9 196.0 53.3 196.2
  53.7 196.5 54.0 196.9 54.3 197.3 54.6 197.7 54.8 198.2 54.9 198.8 55.0 199.4
  55.1 200.1 55.1 200.8 55.0 201.5 54.8 202.3 54.6 203.0 54.3 203.7 53.9 204.3
  53.4 204.4 53.0 204.5 52.6 204.6 52.3 204.6 52.0 204.6 51.8 204.6 51.6 204.1
  51.5 203.5 51.3 202.8 51.1 202.1 51.0 201.4 50.9 200.6 50.8 199.8 50.5 199.0
  50.2 198.1 50.0 197.3 49.8 195.8 49.6 194.3 49.4 192.7 49.2 191.0 49.0 189.2
  48.7 187.4 48.4 185.5 48.0 183.6 47.8 181.7 47.5 178.8 47.4 176.0 47.3 173.3
  47.4 170.9 47.4 168.6 47.3 166.6 47.2 164.8 47.0 163.3 46.8 161.9 46.6 160.7
  46.3 159.7 46.2 158.9 46.0 158.1 45.9 157.4 45.6 156.3 45.4 155.4 45.3 154.6
  45.2 153.8 45.1 153.1 44.9 152.5 44.7 151.9 44.7 151.4 44.6 150.9 44.5 150.4
  44.5 149.9 44.4 149.4 44.3 149.0 44.2 148.5 44.1 148.1 43.9 147.7 43.9 147.0
  43.9 146.2 43.9 145.5 43.9 144.8
  12 20 73  0.0
  72.5 321.4 72.5 321.2 72.6 321.0 72.6 321.0 72.7 321.0 72.7 321.1 72.8 321.3
  72.9 321.5 72.9 321.9 73.0 322.3 73.1 322.9 73.2 323.5 73.3 324.2 73.4 325.1
  73.6 326.0 73.8 326.9 74.0 327.9 74.3 328.8 74.7 329.9 75.1 330.9 75.5 332.1
  75.9 333.2 76.4 334.5 76.9 335.8 77.5 337.3 78.1 338.9 78.7 340.0 79.3 341.1
  79.9 342.2 80.4 343.4 81.0 343.9 81.6 344.5 82.0 345.2 82.5 345.4 83.0 345.8
  83.4 346.4 83.8 347.4 84.2 348.7 84.6 348.8 85.0 348.8 85.3 348.6 85.6 348.3
  85.9 347.7 86.1 347.0 86.5 344.3 86.8 341.1 87.0 337.4 87.2 333.0 87.3 328.0
  87.4 322.4 87.5 316.1 87.6 309.0 87.6 301.3 87.6 293.2 87.5 285.0 87.4 277.1
  87.3 270.2 87.1 264.2 86.8 259.3 86.5 255.4 86.1 252.1 85.7 249.4 85.3 247.4
  85.0 245.6 84.6 244.1 84.2 242.7 83.7 241.6 83.4 240.6 83.0 239.6 82.6 238.8
  82.2 238.0 81.8 237.2 81.5 236.6 81.1 236.0 80.7 235.4 80.3 234.9 79.8 234.4
  79.4 234.0 79.0 233.5 78.6 233.1 78.1 232.7 77.7 232.3 77.3 231.9 76.9 231.5
  76.4 231.1 76.0 230.8 75.6 230.4 75.1 230.1 74.7 229.8 74.2 229.4 73.7 229.1
  73.3 228.7 72.8 228.2 72.4 227.7 72.0 227.2 71.6 226.7 71.2 226.2 70.8 225.7
  70.5 225.1 70.1 224.5 69.8 223.8 69.5 223.4 69.1 222.9 68.8 222.3 68.5 221.8
  68.2 221.1 67.9 220.4 67.7 219.9 67.3 219.4 67.0 218.8 66.7 218.2 66.5 217.5
  66.2 216.9 66.0 216.2 65.8 215.4 65.6 214.9 65.4 214.4 65.2 213.9 65.0 213.3
  64.8 212.7 64.7 212.1 64.5 211.5 64.4 210.9 64.2 210.3 64.1 209.7 63.9 209.2
  63.8 208.9 63.7 208.6 63.6 208.3 63.6 208.1 63.5 207.8 63.4 207.6 63.2 207.3
  63.1 207.1 63.0 206.9 62.9 206.7 62.7 206.5 62.6 206.3 62.5 206.1 62.4 206.0
  62.2 205.8 62.1 205.7 61.9 205.5 61.8 205.5 61.7 205.4 61.6 205.4 61.5 205.3
  61.4 205.3 61.3 205.2 61.2 205.2 61.1 205.2 61.0 205.1 60.9 205.1 60.8 205.0
  60.7 205.0 60.6 204.9 60.6 204.9 60.5 204.8 60.4 204.8 60.3 204.7 60.3 204.7
  60.2 204.6 60.2 204.6 60.1 204.5 60.0 204.5 60.0 204.4 59.9 204.6 59.9 204.7
  59.8 204.8 59.8 205.0 59.8 205.1 59.7 205.3 59.7 205.5 59.7 205.7 59.7 205.9
  59.7 206.1 59.8 206.3 59.8 206.6 59.8 206.8 59.9 207.1 59.9 207.4 60.0 207.8
  60.0 208.1 60.1 208.2 60.1 208.3 60.1 208.4 60.2 208.5 60.2 208.7 60.2 208.9
  60.2 209.1 60.2 209.3 60.2 209.6 60.2 209.9 60.2 210.2 60.1 210.5 60.0 210.8
  59.9 211.0 59.8 211.6 59.7 212.2 59.5 212.8 59.3 213.3 59.1 213.7 58.8 214.1
  58.5 214.4 58.2 214.6 57.8 214.8 57.4 215.3 57.0 215.9 56.7 216.4 56.3 217.0
  55.9 217.5 55.5 218.0 55.0 218.6 54.5 219.2 54.0 219.7 53.4 220.1 52.7 220.5
  51.8 220.9 50.8 221.0 49.9 221.0 48.9 220.5 47.9 220.0 46.9 219.0 46.2 218.0
  45.5 217.1 44.7 215.8 44.3 214.6 43.9 213.5 43.4 212.0 43.3 210.5 43.1 209.0
  43.0 207.5 43.1 206.0 43.3 204.4 43.3 202.7 43.7 200.9 44.0 199.0 44.5 197.4
  44.9 195.6 45.4 193.7 45.9 191.7
  12 21 73  0.0
  72.5 321.4 72.6 320.3 72.6 319.2 72.6 318.2 72.6 317.1 72.6 316.0 72.5 315.0
  72.4 314.0 72.2 313.0 72.0 312.1 71.8 311.9 71.5 311.7 71.3 311.5 71.0 311.3
  70.7 311.1 70.4 310.9 70.1 310.7 69.8 310.4 69.6 310.6 69.3 310.8 69.1 310.9
  68.9 310.9 68.6 310.8 68.4 310.8 68.2 310.6 68.0 310.4 67.8 310.2 67.6 310.4
  67.3 310.4 67.1 310.4 66.8 310.3 66.4 310.2 66.0 310.1 65.6 309.8 65.1 309.5
  64.6 309.1 64.0 308.6 63.3 308.0 62.7 307.5 61.9 307.0 61.1 306.6 60.2 306.1
  59.3 305.7 58.4 305.3 57.3 304.9 56.3 304.4 55.2 304.0 53.8 303.5 52.3 303.1
  50.7 302.8 49.2 302.4 47.8 301.8 46.4 301.1 45.0 300.4 43.6 299.7 42.3 299.0
  40.9 298.3 39.6 297.4 38.4 296.4 37.3 295.3 35.9 294.1 34.5 292.7 33.3 291.1
  32.2 289.5 31.2 287.8 30.7 286.2 30.1 284.6 29.6 283.0 29.7 281.4 29.9 279.9
  30.2 278.5 30.5 277.0 31.0 275.7 31.4 274.5 31.9 273.4 32.6 272.4 33.4 271.5
  34.1 270.6 34.9 269.8 35.7 269.1 36.7 268.4 37.6 267.7 38.3 267.0 38.9 266.3
  39.6 265.7 40.3 265.0 41.0 264.2 41.7 263.4 42.3 262.6 42.8 261.7 43.4 260.9
  44.0 260.1 44.7 259.1 45.2 258.1 45.7 257.1 46.2 256.1 46.8 255.0 47.2 253.8
  47.5 252.6 47.9 251.4 48.0 250.3 48.1 249.2 48.1 247.9 47.9 246.7 47.7 245.5
  47.5 244.4 47.3 243.2 46.9 242.1 46.5 240.9 46.1 239.7 45.5 238.5 44.9 237.6
  44.3 236.7 43.8 235.7 42.9 234.9 42.1 234.0 41.3 233.1 40.5 232.3 39.8 231.4
  38.9 230.5 38.1 229.7 37.3 228.8 36.6 228.0 35.8 227.1 35.1 226.4 34.3 225.7
  33.6 224.9 33.0 224.2 32.3 223.5 31.9 222.8 31.4 222.2 31.0 221.6 30.6 221.0
  30.2 220.3 29.9 219.7 29.5 219.1 29.1 218.6 28.7 217.9 28.3 217.3 27.9 216.6
  27.6 215.8 27.6 215.0 27.6 214.2 27.6 213.3 27.5 212.5 27.5 211.6 27.6 210.8
  27.7 210.0 27.8 209.2 27.9 208.5 27.9 207.7 28.1 207.0 28.3 206.0 28.4 204.9
  28.4 203.9 28.9 202.9 29.3 202.1 29.8 201.3 30.2 200.6 30.7 199.6 31.2 198.7
  31.7 197.8 32.1 196.9 32.5 195.7 32.9 194.6 33.4 193.4 33.8 192.4 34.2 191.3
  34.7 190.1 35.2 188.8 35.7 187.6 36.2 186.5 36.7 185.2 37.2 184.0 37.4 182.8
  37.6 181.6 37.8 180.5 38.0 179.3 37.8 178.1 37.5 177.0 37.2 175.9 36.8 174.8
  36.4 173.7 36.0 172.6 35.6 171.4 35.5 170.2 35.3 168.8 35.2 167.4 35.1 165.9
  35.0 164.4 34.9 162.8 34.7 161.3 34.5 159.8 34.0 158.3 33.5 156.8 33.0 155.4
  32.1 154.0 31.4 152.6 30.7 151.2 30.1 149.7 29.7 148.2 29.3 146.8 28.9 145.5
  28.5 144.1 28.2 142.8 27.8 141.4 27.5 140.2 27.2 139.0 26.8 137.6 26.5 136.2
  26.3 134.8 26.1 133.4 25.9 132.0 25.8 130.8 25.7 129.6 25.7 128.5 25.7 127.4
  25.7 126.4 25.7 125.3 25.7 124.3 25.7 123.3 25.6 122.2 25.6 121.2 25.5 120.2
  25.5 119.2 25.5 118.2 25.5 117.1 25.4 116.0 25.4 114.9 25.4 113.7 25.3 112.6
  25.3 111.4 25.2 110.3 25.2 109.2 25.1 108.1 25.0 106.9 24.9 105.8 24.7 104.8
  24.6 103.7 24.4 102.7 24.3 101.7
  12 22 73  0.0
  72.5 321.4 72.3 320.5 72.1 319.6 71.9 318.7 71.7 318.6 71.4 318.6 71.2 318.5
  71.0 318.4 70.7 318.4 70.4 318.4 70.1 318.3 69.8 318.3 69.5 318.9 69.2 319.5
  68.8 320.0 68.5 320.4 68.2 320.8 67.9 321.0 67.6 321.7 67.2 322.2 66.9 322.6
  66.5 323.0 66.1 323.2 65.7 323.4 65.3 324.1 64.9 324.6 64.5 325.0 64.0 325.3
  63.5 325.4 63.0 325.7 62.5 325.8 61.9 325.9 61.4 325.9 60.8 325.8 60.2 325.7
  59.7 325.5 59.1 325.1 58.6 324.7 58.1 324.3 57.7 323.9 56.9 323.3 56.2 322.7
  55.4 322.2 54.7 321.5 54.1 320.8 53.5 320.2 53.0 319.3 51.9 318.4 51.0 317.3
  50.1 316.1 49.3 314.9 48.3 313.5 47.5 312.0 46.6 310.7 45.7 309.4 45.0 308.4
  44.2 307.4 43.3 306.5 42.4 305.7 41.5 304.9 40.6 304.2 39.8 303.3 39.2 302.4
  38.6 301.5 38.0 300.4 37.5 299.5 37.0 298.4 36.5 297.4 35.9 296.2 35.4 295.2
  34.9 294.2 34.3 293.1 33.8 291.9 33.5 290.7 33.1 289.5 32.7 288.3 32.2 287.0
  32.0 285.7 31.8 284.5 31.5 283.5 31.6 282.5 31.6 281.5 31.7 280.5 31.8 279.6
  31.9 278.7 31.9 277.8 32.0 276.9 32.1 276.0 32.3 274.9 32.7 273.9 33.1 273.0
  33.5 272.1 34.0 271.4 34.5 270.5 34.9 269.6 35.4 268.8 36.0 268.0 36.6 267.3
  37.0 266.5 37.4 265.7 37.9 265.0 38.4 264.3 39.0 263.5 39.4 262.8 39.7 262.1
  40.1 261.4 40.5 260.6 41.0 259.8 41.3 259.1 41.6 258.4 41.9 257.6 42.3 257.0
  42.7 256.2 43.1 255.4 43.4 254.7 43.7 253.9 44.0 253.2 44.3 252.4 44.6 251.5
  44.7 250.6 44.7 249.6 44.8 248.7 44.8 247.8 44.6 246.8 44.4 245.9 44.2 245.0
  44.1 244.0 43.9 243.1 43.5 242.3 43.2 241.4 42.9 240.6 42.5 239.8 42.0 239.0
  41.4 238.2 40.9 237.4 40.4 236.6 40.0 235.8 39.2 235.1 38.5 234.4 37.8 233.7
  37.2 233.2 36.6 232.6 36.1 232.1 35.6 231.5 35.0 231.1 34.4 230.8 33.9 230.3
  33.4 230.0 32.9 229.7 32.4 229.4 31.9 229.1 31.4 228.9 30.9 228.8 30.5 228.6
  30.0 228.5 29.5 228.3 29.1 228.0 28.7 227.8 28.3 227.5 28.0 227.2 27.7 226.7
  27.3 226.1 27.0 225.6 26.7 225.1 26.4 224.6 26.0 224.1 25.7 223.7 25.3 222.9
  25.0 222.2 24.6 221.5 24.2 220.8 23.8 220.2 23.4 219.5 23.1 219.0 22.9 218.4
  22.6 218.0 22.3 217.5 22.0 217.1 21.6 216.9 21.3 216.6 20.9 216.4 20.6 216.2
  20.2 216.0 19.9 215.8-99.9 -99.9-99.9 -99.9-99.9 -99.9-99.9 -99.9-99.9 -99.9
 -99.9 -99.9-99.9 -99.9-99.9 -99.9-99.9 -99.9-99.9 -99.9-99.9 -99.9-99.9 -99.9
 -99.9 -99.9-99.9 -99.9-99.9 -99.9-99.9 -99.9-99.9 -99.9-99.9 -99.9-99.9 -99.9
 -99.9 -99.9-99.9 -99.9-99.9 -99.9-99.9 -99.9-99.9 -99.9-99.9 -99.9-99.9 -99.9
 -99.9 -99.9-99.9 -99.9-99.9 -99.9-99.9 -99.9-99.9 -99.9-99.9 -99.9-99.9 -99.9
 -99.9 -99.9-99.9 -99.9-99.9 -99.9-99.9 -99.9-99.9 -99.9-99.9 -99.9-99.9 -99.9
 -99.9 -99.9-99.9 -99.9-99.9 -99.9-99.9 -99.9-99.9 -99.9-99.9 -99.9-99.9 -99.9
 -99.9 -99.9-99.9 -99.9-99.9 -99.9-99.9 -99.9-99.9 -99.9-99.9 -99.9-99.9 -99.9
 -99.9 -99.9-99.9 -99.9-99.9 -99.9
  12 23 73  0.0
  72.5 321.4 72.3 320.2 72.1 319.0 71.9 317.8 71.6 317.0 71.4 316.3 71.1 315.7
  70.8 315.1 70.5 314.6 70.2 314.1 69.9 313.6 69.6 313.8 69.3 314.1 69.1 314.4
  68.8 314.8 68.5 315.2 68.3 315.6 68.1 316.1 67.7 316.5 67.4 317.2 67.1 317.9
  66.8 318.6 66.5 319.2 66.2 319.8 65.8 320.4 65.4 321.1 65.0 321.7 64.6 322.4
  64.2 323.1 63.7 323.7 63.2 324.4 62.8 325.0 62.3 325.6 61.9 326.2 61.5 326.6
  61.1 327.1 60.7 327.6 60.4 328.2 60.0 328.7 59.7 329.2 59.3 329.7 58.9 330.1
  58.4 330.5 57.8 330.8 57.3 330.7 56.6 330.6 55.9 330.4 55.1 329.7 54.3 329.0
  53.4 328.3 52.7 327.1 52.0 325.9 51.3 324.2 50.7 322.4 50.3 320.6 49.9 318.7
  49.4 316.7 49.0 314.6 48.6 312.4 48.2 310.0 48.0 307.5 47.9 305.2 47.8 302.8
  47.8 300.5 47.6 298.2 47.6 295.9 47.4 293.6 47.3 291.4 47.2 289.2 47.1 287.2
  46.9 285.2 46.8 283.2 46.6 281.4 46.4 279.6 46.1 277.9 45.7 276.2 45.5 274.6
  45.2 273.1 44.9 271.6 44.9 270.2 44.8 268.9 44.8 267.7 45.0 266.5 45.2 265.4
  45.4 264.3 45.6 263.4 46.0 262.5 46.5 261.6 47.0 260.8 47.5 260.1 48.1 259.4
  48.7 258.6 49.4 257.9 50.0 257.1 50.7 256.3 51.4 255.6 52.1 254.8 52.7 254.2
  53.4 253.6 54.1 253.0 54.8 252.5 55.5 252.0 56.2 251.5 56.9 251.0 57.5 250.4
  58.1 249.7 58.7 249.0 59.3 248.3 59.8 247.5 60.3 246.7 60.7 246.0 61.1 245.3
  61.5 244.5 61.9 243.6 62.3 242.7 62.6 241.9 63.0 241.0 63.3 240.1 63.7 239.1
  64.0 238.1 64.3 237.1 64.6 235.9 64.7 234.8 64.9 233.7 65.0 232.6 65.2 231.6
  65.2 230.6 65.3 229.6 65.5 228.6 65.6 227.6 65.6 226.6 65.6 225.6 65.6 224.6
  65.7 223.4 65.6 222.4 65.5 221.3 65.3 220.3 65.3 219.4 65.1 218.4 64.9 217.6
  64.7 216.8 64.6 216.1 64.4 215.3 64.2 214.7 64.0 214.1 63.8 213.7 63.6 213.4
  63.5 213.2 63.3 212.9 63.1 212.6 62.9 212.3 62.7 212.0 62.6 211.8 62.3 211.5
  62.1 211.2 61.9 210.9 61.7 210.9 61.5 210.9 61.3 211.0 61.1 211.0 61.0 211.1
  60.8 211.1 60.7 211.2 60.6 211.3 60.5 211.4 60.4 211.5 60.3 211.6 60.2 211.7
  60.2 211.8 60.2 212.0 60.2 212.2 60.3 212.3 60.3 212.5 60.2 212.7 60.2 212.9
  60.1 213.0 60.0 213.2 59.9 213.4 59.8 213.7 59.6 214.0 59.4 214.3 59.2 214.6
  59.0 214.9 58.7 215.1 58.5 215.4 58.3 215.6 58.2 215.8 58.0 216.0 57.8 216.3
  57.7 216.5 57.5 216.7 57.4 216.9 57.3 217.1 57.2 217.3 57.1 217.5 57.0 217.7
  56.9 217.9 56.9 218.2 56.8 218.4 56.7 218.6 56.7 218.8 56.6 219.1 56.6 219.3
  56.6 219.5 56.6 219.8 56.6 220.0 56.5 220.3 56.4 220.5 56.3 220.8 56.1 221.1
  56.0 221.3 55.9 221.6 55.8 221.9 55.7 222.2 55.6 222.6 55.5 223.0 55.4 223.4
  55.3 223.8 55.2 224.2 55.0 224.7 54.6 225.2 54.3 225.7 54.0 226.2 53.6 226.6
  53.3 227.0 52.9 227.3 52.4 227.7 52.0 228.1 51.3 228.1 50.6 228.1 49.9 228.1
  49.1 227.5 48.6 227.0 48.1 226.4 47.6 225.9 47.1 224.8 46.6 223.7 46.5 222.6
  46.4 221.5 46.3 220.3 46.2 219.2
  12 24 73  0.0
  72.5 321.4 72.1 320.1 71.6 318.9 71.2 317.8 70.7 316.8 70.1 315.8 69.6 314.9
  69.1 314.0 68.5 313.1 68.0 312.2 67.5 311.2 67.0 310.2 66.5 309.1 66.0 308.1
  65.4 307.3 65.0 306.6 64.5 306.0 63.9 305.5 63.4 305.1 62.9 304.6 62.3 304.1
  61.7 303.6 61.2 303.0 60.6 302.4 60.0 301.7 59.3 301.0 58.4 300.4 57.5 299.9
  56.6 299.4 55.7 298.9 54.6 298.3 53.5 297.8 52.2 297.2 50.9 296.6 49.5 296.0
  48.1 295.3 46.6 294.7 45.1 294.0 43.5 293.1 42.1 292.2 40.6 291.3 39.4 290.4
  38.1 289.4 36.6 288.5 35.2 287.1 34.5 285.6 33.7 284.1 32.9 282.7 32.9 281.2
  32.9 279.8 33.1 278.4 33.3 277.1 33.4 275.9 34.0 274.8 34.6 273.8 35.3 273.0
  36.0 272.3 36.8 271.6 37.7 271.0 38.5 270.4 39.4 269.9 40.2 269.4 41.0 268.8
  41.8 268.3 42.6 267.8 43.5 267.3 44.3 266.8 45.2 266.4 46.1 265.9 46.9 265.5
  47.8 265.0 48.5 264.6 49.3 264.2 50.1 263.7 50.6 263.3 51.1 262.9 51.6 262.5
  52.1 262.1 52.7 261.7 53.2 261.2 53.8 260.8 54.4 260.3 55.0 259.8 55.5 259.4
  56.0 258.9 56.4 258.4 57.0 257.9 57.5 257.5 58.1 257.0 58.7 256.5 59.3 256.0
  59.7 255.4 60.2 254.8 60.6 254.1 61.1 253.4 61.6 252.6 62.1 251.7 62.5 250.9
  62.8 250.0 63.2 249.1 63.6 248.2 63.9 247.2 64.1 246.3 64.4 245.4 64.6 244.4
  64.8 243.4 64.9 242.5 64.9 241.5 64.9 240.5 64.9 239.5 64.8 238.5 64.6 237.6
  64.5 236.6 64.4 235.6 64.1 234.6 63.8 233.7 63.6 232.9 63.3 232.1 63.0 231.4
  62.6 230.7 62.1 230.0 61.7 229.4 61.2 228.8 60.7 228.2 60.3 227.6 59.7 227.0
  59.1 226.4 58.6 225.9 58.0 225.3 57.4 224.8 56.9 224.3 56.3 223.8 55.5 223.3
  54.8 222.9 54.0 222.5 53.2 222.1 52.4 221.8 51.5 221.4 50.7 221.1 49.8 220.8
  48.9 220.5 48.0 220.2 47.2 219.8 46.2 219.4 45.2 219.0 44.2 218.6 43.1 218.2
  42.1 217.8 41.1 217.4 40.2 216.9 39.2 216.4 38.2 215.8 37.2 215.2 36.2 214.7
  35.1 214.2 34.0 213.8 32.6 213.3 31.0 212.9 29.5 212.2 28.0 210.8 27.4 208.7
  27.0 206.3 27.2 203.9 27.6 201.6 28.0 199.5 28.6 197.7 29.3 196.0 30.0 194.3
  30.8 192.8 31.5 191.2 32.4 189.8 33.3 188.5 34.1 187.1 34.8 185.6 35.4 184.1
  35.9 182.5 36.4 181.0 36.9 179.5 37.3 178.1 37.7 176.7 38.2 175.2 38.4 173.6
  38.5 172.1 38.6 170.5 38.6 169.0 38.7 167.5 38.7 166.0 38.8 164.6 38.8 163.1
  38.7 161.5 38.7 160.0 38.5 158.4 38.4 156.8 38.3 155.2 38.0 153.6 37.8 152.0
  37.5 150.6 37.0 149.1 36.4 147.7 35.7 146.2 35.1 144.8 34.5 143.3 34.0 141.9
  33.5 140.4 33.1 139.0 32.6 137.5 32.2 136.1 31.8 134.6 31.5 133.1 31.2 131.5
  30.9 130.0 30.6 128.4 30.3 126.7 30.3 125.2 30.2 123.7 30.3 122.4 30.4 121.1
  30.4 119.8 30.6 118.7 30.7 117.6 30.8 116.5 30.9 115.5 31.1 114.6 31.4 113.7
  31.6 112.8 31.7 112.0 31.9 111.3 32.1 110.5 32.4 109.7 32.6 108.9 32.9 108.2
  33.1 107.4 33.4 106.7 33.6 106.0 33.9 105.4 34.1 104.7 34.4 104.1 34.6 103.4
  34.8 102.8 35.0 102.2 35.1 101.5
  12 25 73  0.0
  72.5 321.4 72.5 321.9 72.4 322.3 72.4 322.6 72.3 322.8 72.1 323.0 72.0 323.1
  71.8 323.2 71.6 323.4 71.3 323.4 71.0 323.3 70.7 323.2 70.3 323.1 69.8 322.9
  69.3 322.7 68.8 322.5 68.3 322.2 67.7 321.9 67.1 321.5 66.4 321.1 65.7 320.7
  65.0 320.1 64.2 319.6 63.4 319.1 62.5 318.6 61.5 318.1 60.5 317.1 59.4 316.3
  58.4 315.1 57.2 314.1 55.9 312.9 54.6 311.6 53.2 310.4 51.7 309.0 50.3 307.5
  48.9 306.1 47.5 304.6 46.2 303.4 45.2 302.2 44.2 301.0 43.2 299.8 42.4 298.6
  41.7 297.4 40.9 296.2 40.0 295.1 39.7 294.0 39.3 292.9 38.9 291.9 39.3 290.9
  39.6 290.0 39.9 289.2 40.1 288.3 40.1 287.3 40.5 286.3 40.8 285.4 41.1 284.4
  41.3 283.5 42.0 282.7 42.8 281.8 43.6 280.9 44.4 280.2 45.4 279.4 46.2 278.6
  46.9 277.7 47.6 276.9 48.3 276.1 49.0 275.3 49.6 274.6 50.3 273.9 50.9 273.2
  51.6 272.6 52.3 272.0 52.8 271.4 53.3 270.7 53.7 270.0 54.2 269.3 54.7 268.8
  55.1 268.1 55.6 267.5 55.9 266.9 56.2 266.2 56.5 265.7 56.9 265.2 57.3 264.6
  57.7 263.9 58.0 263.3 58.3 262.7 58.6 262.2 59.0 261.7 59.3 261.2 59.7 260.7
  60.1 260.2 60.6 259.7 60.8 259.2 61.1 258.7 61.4 258.2 61.7 257.6 62.0 257.1
  62.4 256.4 62.9 255.7 63.0 255.0 63.2 254.4 63.3 253.7 63.5 253.0 63.8 252.3
  64.0 251.7 64.1 250.9 64.1 250.1 64.2 249.3 64.3 248.4 64.5 247.6 64.4 246.7
  64.4 245.9 64.5 245.0 64.5 244.2 64.6 243.4 64.6 242.6 64.6 241.8 64.6 241.0
  64.7 240.2 64.8 239.4 64.7 238.6 64.7 237.8 64.6 237.0 64.6 236.2 64.5 235.4
  64.2 234.6 63.9 233.8 63.6 233.2 63.3 232.6 63.0 231.9 62.5 231.3 62.1 230.7
  61.6 230.1 61.1 229.5 60.6 229.0 60.0 228.5 59.4 228.0 58.8 227.6 58.1 227.2
  57.4 226.8 56.6 226.4 55.7 226.1 54.8 225.9 53.7 225.7 52.5 225.6 51.3 225.5
  50.1 225.3 48.8 225.2 47.5 225.0 46.3 224.6 45.1 224.2 44.0 223.8 42.8 223.3
  41.7 222.8 40.6 222.4 39.5 222.1 38.3 221.8 37.1 221.5 36.0 220.8 35.0 220.0
  34.0 218.9 32.9 217.8 31.7 216.6 30.5 215.4 29.9 214.0 29.2 212.3 28.6 210.4
  28.6 208.4 28.6 206.4 29.1 204.6 29.6 203.0 30.5 201.5 31.5 200.5 32.5 199.4
  33.7 198.4 34.9 197.4 36.0 196.3 37.1 195.0 37.9 193.7 38.7 192.4 39.6 191.0
  40.1 189.5 40.6 188.0 41.0 186.5 41.4 185.0 41.7 183.5 42.0 182.0 42.3 180.5
  42.6 179.1 42.6 177.8 42.7 176.5 42.9 175.1 42.7 173.8 42.5 172.4 42.4 170.9
  42.0 169.3 41.8 167.7 41.4 165.9 41.1 164.2 40.8 162.4 40.3 160.6 39.9 158.8
  39.0 157.0 38.2 155.1 36.9 153.3 35.7 151.5 34.5 149.8 33.4 148.1 32.3 146.2
  31.5 144.3 30.8 142.2 30.1 140.1 29.4 138.0 28.8 135.9 28.5 133.7 28.3 131.6
  28.2 129.5 28.2 127.5 28.4 125.6 28.5 123.8 28.8 122.1 29.0 120.5 29.3 119.1
  29.6 117.9 30.0 116.7 30.3 115.7 30.6 114.7 31.0 113.8 31.3 112.9 31.7 112.0
  32.1 111.2 32.4 110.4 32.7 109.6 33.0 108.8 33.3 108.1 33.7 107.4 33.9 106.6
  34.2 105.9 34.4 105.2 34.7 104.5
  12 26 73  0.0
  72.5 321.4 72.6 321.8 72.7 322.3 72.8 322.7 72.8 323.2 72.9 323.6 72.9 324.0
  73.0 324.4 73.1 324.8 73.1 325.2 73.2 325.5 73.2 325.9 73.3 326.1 73.3 326.4
  73.3 326.7 73.3 326.9 73.4 327.2 73.4 327.4 73.4 327.7 73.4 327.9 73.4 328.2
  73.4 328.4 73.4 328.6 73.3 328.7 73.3 328.9 73.3 329.0 73.2 329.1 73.1 329.0
  73.0 328.9 72.9 328.7 72.8 328.4 72.6 328.0 72.4 327.6 72.2 327.2 71.9 326.7
  71.7 326.3 71.4 325.9 71.0 325.4 70.6 324.9 70.2 324.4 69.7 323.8 69.2 323.3
  68.7 322.8 68.1 322.3 67.5 321.7 66.9 321.2 66.2 320.7 65.5 320.1 64.8 319.6
  63.9 319.1 63.1 318.5 62.2 317.8 61.3 317.1 60.5 316.2 59.6 315.4 58.5 314.3
  57.3 313.4 56.1 312.3 54.8 311.4 53.2 310.3 51.6 309.0 50.1 307.6 48.7 306.2
  47.3 304.9 46.1 303.8 45.0 302.7 43.9 301.6 42.8 300.5 41.8 299.4 40.8 298.3
  39.8 297.3 38.7 296.2 37.5 295.1 36.9 293.9 36.3 292.7 35.5 291.5 35.3 290.3
  35.0 289.1 34.5 287.9 34.6 286.6 34.6 285.4 34.6 284.2 34.6 283.0 35.1 281.8
  35.7 280.7 36.3 279.7 37.0 278.7 37.7 277.7 38.4 276.8 39.2 276.0 40.1 275.3
  40.9 274.8 41.8 274.2 42.8 273.6 43.7 273.2 44.6 272.8 45.6 272.4 46.5 272.1
  47.4 271.8 48.1 271.4 48.8 270.9 49.5 270.5 50.1 270.0 50.8 269.5 51.4 269.0
  52.0 268.5 52.6 267.9 53.1 267.4 53.6 266.8 54.1 266.3 54.6 265.6 55.1 265.0
  55.6 264.4 56.1 263.8 56.4 263.2 56.8 262.6 57.1 262.1 57.5 261.6 58.0 261.1
  58.4 260.7 58.9 260.2 59.3 259.7 59.7 259.3 60.0 258.8 60.3 258.3 60.7 257.8
  61.2 257.2 61.6 256.7 62.1 256.2 62.6 255.5 62.8 254.8 63.1 254.2 63.4 253.5
  63.7 252.8 64.0 252.1 64.4 251.3 64.5 250.4 64.7 249.6 64.9 248.7 65.2 247.9
  65.3 247.0 65.4 246.1 65.6 245.3 65.7 244.4 65.9 243.5 66.1 242.7 66.2 241.8
  66.3 240.8 66.4 239.9 66.3 239.0 66.3 238.0 66.2 237.2 66.1 236.3 66.0 235.5
  65.7 234.7 65.4 233.9 65.1 233.1 64.8 232.4 64.5 231.7 64.1 231.0 63.7 230.4
  63.3 229.7 62.9 229.1 62.4 228.6 61.9 228.1 61.5 227.6 60.9 227.2 60.3 226.8
  59.6 226.4 58.9 226.1 58.2 225.7 57.4 225.3 56.7 224.9 55.9 224.6 55.1 224.3
  54.4 224.1 53.6 223.8 52.6 223.7 51.7 223.4 50.7 223.3 49.6 223.0 48.6 222.7
  47.4 222.5 46.2 222.0 45.0 221.5 43.9 221.0 42.8 220.5 41.8 220.0 40.6 219.6
  39.5 219.1 38.3 218.6 37.0 218.1 35.7 217.4 34.2 216.7 32.7 215.9 31.6 214.9
  30.4 213.6 29.2 212.2 28.0 210.4 27.6 208.4 27.3 205.9 27.7 203.3 28.6 200.8
  29.7 199.0 31.1 197.5 32.7 196.5 34.2 195.5 35.2 194.2 36.1 193.0 36.9 191.7
  37.6 190.3 38.2 188.9 38.8 187.4 39.4 185.8 39.9 184.3 40.5 182.7 41.1 181.3
  41.7 180.0 41.9 178.6 42.1 177.1 42.4 175.6 42.3 174.1 42.3 172.5 42.3 170.7
  42.2 169.0 42.1 167.1 41.9 165.2 41.7 163.5 41.3 161.7 40.9 159.9 40.1 158.1
  39.4 156.4 38.8 154.6 37.9 152.9 37.0 151.2 36.1 149.6 35.1 148.1 34.2 146.6
  33.3 145.0 32.5 143.3 31.7 141.5
  12 27 73  0.0
  72.5 321.4 72.5 321.3 72.5 321.2 72.6 321.2 72.6 321.2 72.6 321.2 72.6 321.3
  72.6 321.4 72.6 321.6 72.5 321.9 72.5 322.1 72.5 322.5 72.4 322.8 72.4 323.3
  72.4 323.7 72.3 324.1 72.3 324.5 72.3 325.0 72.4 325.4 72.4 325.9 72.5 326.3
  72.5 326.8 72.6 327.3 72.7 327.8 72.8 328.3 72.9 328.8 73.1 329.3 73.2 329.7
  73.3 330.2 73.4 330.6 73.5 331.0 73.6 331.4 73.7 331.7 73.8 332.0 73.9 332.2
  74.0 332.4 74.1 332.4 74.2 332.4 74.3 332.3 74.4 332.2 74.5 332.2 74.5 332.1
  74.6 332.0 74.7 331.9 74.7 331.8 74.8 331.7 74.9 331.5 74.9 331.4 75.0 331.3
  75.1 331.2 75.1 330.9 75.2 330.6 75.2 330.2 75.3 329.7 75.3 329.1 75.3 328.5
  75.3 327.8 75.3 327.0 75.3 326.2 75.2 325.4 75.1 324.5 75.1 323.7 74.9 322.8
  74.8 322.0 74.7 321.2 74.5 320.5 74.3 319.7 74.0 319.0 73.7 318.3 73.4 317.5
  73.1 316.8 72.7 316.0 72.3 315.3 71.8 314.5 71.3 313.8 70.7 313.1 70.2 312.4
  69.6 311.7 69.1 311.0 68.6 310.3 68.1 309.5 67.6 308.8 67.1 307.9 66.7 307.1
  66.2 306.3 65.7 305.5 65.3 305.0 64.8 304.6 64.2 304.2 63.7 303.9 63.3 303.6
  62.9 303.3 62.5 303.0 62.1 302.7 61.7 302.3 61.2 301.8 60.6 301.2 60.0 300.7
  59.3 300.1 58.5 299.7 57.8 299.2 57.0 298.7 56.1 298.2 55.0 297.7 54.0 297.2
  52.8 296.6 51.6 296.1 50.2 295.5 48.9 294.9 47.4 294.4 45.9 293.7 44.4 292.8
  43.0 292.0 41.9 291.2 40.7 290.3 39.4 289.6 37.9 288.7 36.4 287.4 35.6 286.0
  34.8 284.5 33.9 283.0 33.9 281.5 33.7 280.1 33.4 278.8 33.6 277.5 33.7 276.3
  33.7 275.2 34.4 274.2 35.1 273.4 35.9 272.6 36.6 271.9 37.5 271.3 38.4 270.7
  39.2 270.2 40.1 269.6 40.9 269.1 41.7 268.6 42.4 268.1 43.2 267.6 44.1 267.1
  45.0 266.6 45.9 266.2 46.7 265.7 47.6 265.2 48.4 264.7 49.2 264.3 50.0 263.9
  50.5 263.5 51.0 263.1 51.6 262.7 52.1 262.3 52.7 261.8 53.3 261.4 53.9 260.9
  54.5 260.4 55.1 260.0 55.6 259.5 56.1 259.0 56.6 258.6 57.2 258.2 57.8 257.7
  58.3 257.2 58.9 256.7 59.6 256.1 60.2 255.5 60.7 254.8 61.1 254.1 61.6 253.4
  62.1 252.5 62.6 251.7 63.0 250.8 63.4 250.0 63.7 249.1 64.1 248.1 64.5 247.2
  64.7 246.3 64.9 245.3 65.1 244.4 65.4 243.4 65.4 242.4 65.4 241.3 65.4 240.3
  65.5 239.3 65.4 238.3 65.3 237.3 65.2 236.3 65.1 235.2 64.9 234.2 64.7 233.3
  64.5 232.3 64.2 231.5 63.9 230.6 63.5 229.9 63.1 229.3 62.7 228.7 62.3 228.0
  61.9 227.4 61.4 226.8 60.9 226.2 60.4 225.5 59.9 224.9 59.4 224.3 58.9 223.7
  58.2 223.1 57.5 222.4 56.7 222.0 56.0 221.5 55.3 221.1 54.5 220.6 53.7 220.2
  53.0 219.8 52.0 219.4 51.0 219.0 50.1 218.6 49.1 218.2 48.2 217.9 47.2 217.5
  46.3 217.1 45.4 216.8 44.5 216.5 43.6 216.3 42.8 216.0 41.9 215.6 41.0 215.2
  40.1 214.7 39.2 214.3 38.4 213.8 37.5 213.3 36.6 212.9 35.6 212.7 34.5 212.4
  33.3 212.0 32.2 211.6 31.5 211.0 30.9 210.1 30.4 209.1 29.8 208.0 29.3 206.5
  29.0 204.9 28.6 203.3 28.7 201.6
  12 28 73  0.0
  72.5 321.4 72.3 321.2 72.2 321.1 72.0 320.9 71.9 320.7 71.8 320.6 71.7 320.5
  71.6 320.4 71.5 320.2 71.4 320.1 71.3 320.0 71.2 319.8 71.2 319.7 71.1 319.6
  71.1 319.4 71.0 319.3 71.0 319.3 70.9 319.2 70.9 319.2 70.9 319.2 70.8 319.2
  70.8 319.2 70.8 319.3 70.8 319.4 70.8 319.5 70.8 319.6 70.7 319.8 70.7 319.9
  70.7 320.1 70.7 320.3 70.7 320.5 70.7 320.8 70.7 321.0 70.7 321.3 70.7 321.6
  70.6 321.9 70.6 322.2 70.5 322.6 70.5 322.9 70.4 323.2 70.4 323.5 70.4 323.9
  70.4 324.2 70.4 324.5 70.4 324.7 70.5 325.0 70.5 325.3 70.6 325.6 70.7 325.9
  70.8 326.1 70.8 326.4 70.9 326.6 71.0 326.9 71.1 327.1 71.1 327.4 71.2 327.6
  71.2 327.8 71.3 328.1 71.3 328.3 71.4 328.5 71.4 328.7 71.5 329.0 71.5 329.2
  71.5 329.4 71.5 329.6 71.4 329.9 71.4 330.1 71.3 330.2 71.2 330.4 71.1 330.6
  70.9 330.7 70.7 330.8 70.5 330.9 70.3 330.9 70.0 330.9 69.7 330.6 69.3 330.3
  69.0 330.0 68.6 329.7 68.1 329.3 67.6 328.9 67.0 328.3 66.4 327.7 65.8 327.2
  65.0 326.2 64.2 325.3 63.4 324.5 62.5 323.2 61.6 322.1 60.6 320.7 59.6 319.5
  58.6 318.1 57.5 316.8 56.3 315.3 55.1 313.9 53.7 312.4 52.4 310.8 51.2 309.3
  49.9 307.7 48.9 306.2 47.9 304.7 46.8 303.3 46.0 301.9 45.2 300.6 44.3 299.3
  43.8 297.9 43.3 296.5 42.8 295.0 42.7 293.4 42.5 291.8 42.5 290.2 42.5 288.5
  42.5 286.9 42.7 285.2 42.9 283.6 43.1 281.9 43.4 280.3 43.6 278.7 44.0 277.1
  44.4 275.4 44.8 273.7 45.3 272.2 45.8 270.7 46.4 269.3 47.0 268.0 47.5 266.8
  48.0 265.6 48.5 264.5 49.0 263.4 49.4 262.3 49.9 261.2 50.3 260.1 50.8 259.1
  51.3 258.2 51.7 257.2 52.0 256.2 52.4 255.5 52.6 254.7 52.9 253.9 53.1 253.1
  53.3 252.2 53.5 251.3 53.7 250.4 53.9 249.5 54.1 248.6 54.3 247.9 54.5 247.2
  54.5 246.5 54.6 245.7 54.6 245.0 54.6 244.2 54.6 243.5 54.6 242.8 54.5 242.1
  54.5 241.4 54.4 240.7 54.4 240.0 54.3 239.3 54.2 238.7 54.1 238.1 53.9 237.5
  53.6 236.8 53.3 236.2 53.0 235.6 52.6 235.2 52.2 234.8 51.7 234.4 51.1 233.9
  50.5 233.5 49.9 233.1 49.2 232.3 48.5 231.6 47.9 231.0 47.3 230.0 46.5 229.1
  45.7 228.3 44.8 227.4 43.9 226.5 43.0 225.3 42.0 224.1 41.0 222.6 40.2 220.9
  39.3 219.1 38.5 217.1 37.7 215.0 37.2 212.7 36.8 210.4 36.7 208.0 36.6 205.7
  36.8 203.4 36.9 201.1 37.0 198.8 37.1 196.4 37.1 194.1 37.4 191.9 37.6 189.7
  37.8 187.7 38.0 185.7 38.2 183.8 38.5 182.0 38.7 180.2 38.9 178.3 39.0 176.4
  39.2 174.4 39.3 172.4 39.3 170.4 39.3 168.6 39.3 166.9 39.2 165.2 39.0 163.5
  38.7 161.8 38.5 160.2 38.3 158.6 38.1 157.1 38.0 155.5 37.8 153.9 37.5 152.3
  37.3 150.7 36.5 149.2 35.6 147.8 35.0 146.2 34.5 144.6 33.9 143.0 33.9 141.0
  33.8 139.2 33.7 137.5 33.6 135.8 33.6 134.1 33.5 132.3 33.4 130.4 33.4 128.6
  33.5 126.8 33.8 125.2 34.1 123.7 34.7 122.5 35.2 121.3 35.8 120.1 36.3 118.9
  36.7 118.0 37.1 117.1 37.5 116.2
  12 29 73  0.0
  72.5 321.4 72.3 321.9 72.1 322.4 71.8 322.8 71.6 323.1 71.4 323.4 71.2 323.6
  71.0 323.8 70.8 324.0 70.6 324.2 70.4 324.4 70.2 324.5 70.0 324.7 69.8 324.8
  69.6 324.9 69.5 324.9 69.3 324.9 69.1 324.9 68.9 324.8 68.7 324.8 68.5 324.8
  68.3 324.8 68.1 324.7 67.9 324.7 67.7 324.5 67.5 324.3 67.3 324.2 67.1 324.0
  67.0 323.9 66.8 323.7 66.6 323.6 66.4 323.5 66.3 323.4 66.1 323.3 66.0 323.2
  65.9 323.0 65.8 322.8 65.7 322.7 65.6 322.5 65.5 322.4 65.4 322.3 65.4 322.2
  65.3 322.1 65.3 322.0 65.3 321.9 65.2 321.9 65.2 321.8 65.2 321.8 65.2 321.8
  65.3 321.8 65.3 321.8 65.2 321.7 65.2 321.7 65.1 321.6 65.1 321.5 65.0 321.4
  64.9 321.2 64.7 321.1 64.6 320.9 64.4 320.7 64.2 320.5 64.0 320.3 63.7 320.0
  63.6 319.7 63.4 319.4 63.2 319.2 63.0 318.9 62.8 318.8 62.5 318.6 62.2 318.5
  61.9 318.4 61.6 318.0 61.2 317.7 60.8 317.4 60.3 317.1 59.9 316.8 59.4 316.2
  58.9 315.6 58.7 315.0 58.4 314.5 58.1 313.9 57.8 313.4 57.4 312.9 56.9 312.5
  56.4 312.1 55.8 311.8 55.5 311.5 55.2 311.2 54.8 310.8 54.4 310.4 54.0 309.9
  53.6 309.4 53.2 309.1 52.7 308.8 52.1 308.5 51.5 308.3 50.9 308.2 50.2 308.3
  49.4 308.2 48.7 307.7 48.6 307.1 48.4 306.4 48.1 305.7 47.8 304.9 47.3 304.0
  46.7 303.2 46.4 302.3 45.9 301.5 45.2 300.6 44.4 299.6 44.4 298.6 44.2 297.5
  44.1 296.4 43.9 295.2 44.1 293.5 44.3 292.0 44.4 290.5 44.8 288.9 45.1 287.1
  45.8 285.4 46.4 283.6 47.3 282.4 48.2 281.1 49.1 280.4 49.9 279.6 50.7 278.8
  51.6 278.4 52.4 277.9 53.3 277.9 54.1 277.9 54.9 278.1 55.7 278.5 56.5 278.9
  57.3 279.4 58.1 280.0 58.7 280.6 59.3 281.3 59.8 281.9 60.3 282.6 60.9 283.3
  61.4 284.1 61.7 285.0 62.0 285.8 62.3 286.6 62.5 287.4 62.7 288.3 62.8 289.1
  62.8 289.8 62.8 290.5 62.7 291.1 62.7 291.6 62.7 292.1 62.5 292.6 62.3 292.9
  62.0 293.2 61.8 293.5 61.5 293.5 61.2 293.5 60.9 293.5 60.6 293.5 60.3 293.4
  60.0 293.4 59.8 293.3 59.5 292.8 59.3 292.4 59.0 292.0 58.8 291.6 58.6 291.2
  58.4 290.8 58.2 290.4 57.9 290.0 57.7 289.3 57.5 288.7 57.2 288.1 57.0 287.6
  56.9 287.1 56.8 286.6 56.6 286.2 56.5 285.7 56.4 285.3 56.2 284.9 56.1 284.5
  56.0 284.0 55.8 283.6 55.9 283.1 55.9 282.6 55.9 282.1 55.9 281.7 56.0 281.2
  56.0 280.8 56.0 280.4 56.0 280.0 56.2 279.7 56.5 279.4 56.7 279.1 56.9 278.8
  57.1 278.6 57.3 278.4 57.5 278.2 57.7 278.1 57.8 278.0 58.0 277.9 58.2 277.6
  58.3 277.5 58.4 277.3 58.6 277.2 58.7 277.0 58.8 276.9 59.0 276.8 59.1 276.6
  59.3 276.5 59.5 276.4 59.6 276.3 59.8 276.1 60.0 276.0 60.2 275.8 60.5 275.6
  60.8 275.4 61.0 275.3 61.3 275.2 61.5 275.2 61.8 275.2 62.0 275.2 62.3 275.3
  62.6 275.5 62.8 275.7 63.0 276.0 63.3 276.3 63.4 276.7 63.5 277.2 63.6 277.7
  63.7 278.3 63.8 278.9 63.9 279.5 64.0 280.2 63.9 281.0 63.8 281.8 63.7 282.6
  63.6 283.4 63.5 284.3 63.2 285.2
  12 30 73  0.0
  72.5 321.4 72.2 321.8 71.9 322.2 71.6 322.4 71.3 322.5 71.1 322.8 70.8 323.0
  70.6 323.4 70.3 323.8 70.1 324.2 69.8 324.7 69.6 324.7 69.4 324.8 69.1 325.0
  68.9 325.1 68.7 325.3 68.5 325.5 68.3 325.6 68.2 325.8 68.0 325.9 67.8 325.8
  67.7 325.7 67.5 325.5 67.4 325.5 67.2 325.4 67.1 325.3 66.9 325.3 66.8 325.2
  66.6 325.2 66.4 325.2 66.2 325.2 66.1 325.1 65.9 325.1 65.7 325.2 65.5 325.3
  65.2 325.4 65.0 325.5 64.7 325.7 64.5 325.8 64.2 325.9 64.0 326.0 63.7 326.0
  63.5 325.9 63.2 325.8 62.9 325.7 62.7 325.5 62.4 325.3 62.1 325.1 61.8 324.8
  61.5 324.3 61.2 323.9 61.1 323.4 60.9 322.9 60.8 322.4 60.7 321.9 60.7 321.3
  60.6 320.7 60.5 320.1 60.4 319.5 60.5 318.9 60.6 318.3 60.8 317.7 60.9 317.1
  61.0 316.5 61.1 316.0 61.3 315.4 61.5 314.9 61.7 314.3 61.9 313.8 62.1 313.2
  62.3 312.8 62.4 312.5 62.6 312.1 62.7 311.8 62.9 311.5 63.1 311.1 63.3 310.8
  63.4 310.5 63.5 310.3 63.7 310.0 63.8 309.7 63.9 309.5 64.0 309.3 64.0 309.1
  64.1 309.1 64.2 309.1 64.2 309.2 64.3 309.3 64.4 309.4 64.6 309.5 64.7 309.7
  64.8 309.9 65.0 310.1 65.2 310.3 65.4 310.6 65.6 310.9 65.8 311.2 66.0 311.6
  66.3 311.8 66.4 312.0 66.4 312.2 66.4 312.4 66.4 312.5 66.3 312.5 66.3 312.6
  66.2 312.5 66.0 312.5 65.9 312.4 65.7 312.1 65.5 311.7 65.3 311.4 65.1 311.2
  64.9 311.0 64.7 311.0 64.4 311.0 64.2 311.0 63.9 311.1 63.6 310.8 63.3 310.6
  63.0 310.3 62.7 310.1 62.3 310.0 61.9 309.8 61.4 308.9 61.0 308.0 60.5 307.1
  60.2 306.3 59.8 305.5 59.5 304.3 59.1 303.1 59.1 302.0 59.1 300.8 59.1 299.6
  59.4 298.4 59.7 297.3 60.0 296.2 60.3 295.5 61.1 294.9 61.7 294.2 62.3 293.6
  62.9 293.4 63.5 293.2 64.0 293.1 64.4 292.9 64.8 293.1 65.2 293.3 65.6 293.5
  65.9 293.8 66.2 294.0 66.4 294.3 66.7 294.5 67.0 294.7 67.2 294.8 67.4 294.9
  67.6 295.0 67.9 295.0 68.1 295.0 68.3 294.7 68.5 294.3 68.7 293.9 68.9 293.6
  69.1 293.2 69.3 292.9 69.5 292.5 69.8 292.1 70.0 291.7 70.3 291.3 70.6 290.7
  70.9 290.1 71.2 289.5 71.5 288.8 71.7 288.1 72.0 287.3 72.4 286.4 72.7 285.4
  73.1 284.4 73.5 283.2 73.9 282.0 74.3 280.6 74.7 279.2 75.2 277.6 75.7 276.0
  76.2 274.2 76.8 272.6 77.3 270.9 77.8 269.1 78.2 267.1 78.7 265.0 79.1 262.8
  79.5 260.3 79.9 257.5 80.2 254.6 80.4 251.5 80.6 248.1 80.8 244.7 80.9 241.0
  81.0 237.3 81.1 233.6 81.0 229.9 81.0 226.4 80.9 222.9 80.8 219.7 80.6 216.6
  80.4 213.6 80.2 210.9 80.0 208.3 79.8 205.9 79.5 203.6 79.2 201.5 79.0 199.5
  78.6 197.6 78.3 195.9 78.0 194.2 77.6 192.8 77.3 191.4 77.0 190.0 76.6 188.7
  76.2 187.3 75.9 186.0 75.6 184.8 75.3 183.5 75.1 182.3 74.8 181.0 74.6 179.7
  74.4 178.3 74.2 176.8 74.0 175.2 73.8 173.7 73.6 172.1 73.4 170.3 73.2 168.5
  73.0 166.6 72.7 164.8 72.5 162.9 72.3 161.1 72.0 159.4 71.7 157.7 71.4 156.0
  71.1 154.3 70.8 152.7 70.5 151.0
  12 31 73  0.0
  72.5 321.4 72.3 320.8 72.1 320.2 71.8 319.7 71.6 318.8 71.3 318.0 71.0 317.1
  70.8 316.3 70.5 315.4 70.2 314.5 69.9 313.7 69.6 312.4 69.3 311.0 69.1 309.6
  68.8 308.2 68.5 306.8 68.2 305.4 68.0 304.1 67.7 302.7 67.4 301.3 67.0 300.0
  66.7 298.8 66.3 297.6 65.9 296.3 65.6 295.1 65.2 293.8 64.9 292.5 64.6 291.1
  64.2 289.8 63.9 288.4 63.6 287.3 63.3 286.1 63.1 284.9 62.8 283.7 62.6 282.5
  62.5 281.2 62.4 279.8 62.2 278.5 62.1 277.1 62.0 275.7 62.0 274.3 62.0 273.0
  61.9 271.9 62.0 270.8 62.1 269.7 62.1 268.5 62.2 267.2 62.4 266.0 62.5 264.9
  62.7 263.8 63.0 262.7 63.2 261.8 63.5 260.9 63.8 260.1 64.0 259.4 64.4 258.6
  64.8 257.9 65.3 257.2 65.7 256.6 66.1 256.0 66.8 255.4 67.4 254.9 68.0 254.4
  68.8 253.8 69.5 253.1 70.3 252.4 71.1 251.5 72.0 250.6 72.9 249.5 73.8 248.3
  74.7 247.0 75.6 245.6 76.5 244.1 77.4 242.8 78.1 241.3 79.0 240.2 79.7 239.0
  80.3 237.6 81.0 236.7 81.6 235.6 82.1 234.4 82.7 233.8 83.2 233.3 83.7 232.7
  84.1 232.1 84.6 232.3 85.0 232.8 85.4 233.5 85.7 234.4 85.9 235.7 86.1 237.5
  86.4 240.0 86.7 243.2 87.0 247.4 87.1 252.7 87.3 259.1 87.3 266.7 87.3 275.0
  87.2 282.8 87.0 289.3 86.7 294.4 86.3 298.1 85.8 300.8 85.4 302.8 85.0 304.2
  84.5 305.1 83.9 305.7 83.4 305.5 82.9 305.3 82.2 305.0 81.5 304.7 80.9 304.1
  80.2 303.5 79.5 302.9 78.9 302.2 78.3 301.6 77.7 301.0 77.3 300.1 76.8 299.2
  76.3 298.4 75.8 297.5 75.4 296.5 75.1 295.5 74.7 294.4 74.4 293.3 74.1 292.2
  73.9 291.1 73.6 289.8 73.4 288.6 73.2 287.3 73.0 286.0 72.8 284.7 72.6 283.3
  72.4 282.0 72.2 280.6 72.0 279.1 71.8 277.7 71.6 276.6 71.4 275.5 71.1 274.5
  70.9 273.5 70.7 272.5 70.6 271.6 70.4 270.7 70.2 269.9 70.0 269.0 69.8 268.6
  69.7 268.2 69.6 267.8 69.4 267.4 69.3 266.9 69.2 266.5 69.1 266.1 68.9 265.7
  68.8 265.3 68.7 264.9 68.5 264.6 68.3 264.2 68.2 263.9 68.0 263.6 67.8 263.5
  67.6 263.4 67.3 263.3 67.1 263.3 66.9 263.2 66.6 263.1 66.3 263.1 65.9 263.0
  65.6 262.8 65.2 262.7 64.8 262.5 64.5 262.3 64.1 262.1 63.7 262.0 63.4 261.5
  63.1 261.0 62.8 260.5 62.5 260.1 62.3 259.6 62.0 259.2 61.7 258.6 61.5 258.0
  61.3 257.4 61.1 256.8 60.8 256.2 60.6 255.6 60.4 255.0 60.2 254.4 59.9 253.9
  59.7 253.2 59.5 252.6 59.2 252.0 59.0 251.4 58.8 250.8 58.5 250.2 58.3 249.6
  58.1 249.0 57.9 248.4 57.7 247.7 57.6 247.0 57.4 246.3 57.3 245.6 57.1 244.9
  57.0 244.2 56.9 243.5 56.7 242.8 56.6 242.1 56.5 241.4 56.4 240.7 56.3 240.0
  56.2 239.3 56.1 238.7 56.0 238.0 55.9 237.4 55.8 236.8 55.7 236.2 55.6 235.5
  55.5 234.9 55.3 234.4 55.2 233.8 55.0 233.3 54.9 232.8 54.8 232.3 54.6 231.8
  54.5 231.4 54.3 230.9 54.2 230.5 54.0 230.1 53.9 229.7 53.7 229.2 53.6 228.8
  53.4 228.5 53.2 228.2 53.0 227.9 52.7 227.7 52.4 227.5 52.2 227.3 51.9 227.2
  51.6 227.0 51.3 226.9 51.0 226.8
