   8  1 59  0.0
  72.5 321.4 72.4 322.2 72.3 323.1 72.2 323.9 72.1 324.7 71.9 325.5 71.7 326.2
  71.5 326.8 71.3 327.3 71.0 327.9 70.7 328.4 70.3 328.8 69.8 329.2 69.3 329.3
  68.9 329.4 68.4 329.5 67.9 329.6 67.5 329.5 67.1 329.4 66.7 329.4 66.3 329.3
  65.8 329.4 65.4 329.1 65.0 328.8 64.6 328.5 64.1 328.3 63.7 328.1 63.2 327.6
  62.9 327.0 62.5 326.5 62.2 326.0 61.9 325.5 61.5 324.8 61.2 324.2 60.9 323.6
  60.8 322.9 60.7 322.3 60.6 321.6 60.4 320.9 60.3 320.2 60.1 319.5 60.1 318.8
  60.0 318.0 59.9 317.2 59.8 316.3 59.6 315.5 59.8 314.6 59.9 313.8 60.1 312.9
  60.2 312.2 60.3 311.4 60.6 310.7 60.9 309.9 61.1 309.1 61.2 308.2 61.3 307.3
  61.3 306.5 61.4 305.6 61.4 304.8 61.5 303.9 61.7 303.1 61.8 302.3 62.0 301.4
  62.2 300.6 62.3 299.9 62.6 299.1 62.9 298.3 63.2 297.5 63.4 296.6 63.7 295.7
  64.0 294.8 64.2 293.9 64.5 293.3 64.7 292.7 65.0 292.2 65.2 291.7 65.4 291.2
  65.6 290.8 65.7 290.3 65.9 290.0 66.0 289.7 66.2 289.7 66.3 289.7 66.4 289.9
  66.4 290.0 66.5 290.2 66.5 290.5 66.6 290.7 66.6 290.9 66.6 291.1 66.7 291.3
  66.7 291.5 66.7 291.7 66.8 291.9 66.8 292.1 66.8 292.3 66.8 292.5 66.8 292.6
  66.8 292.8 66.8 293.0 66.8 293.2 66.8 293.5 66.8 293.7 66.7 294.0 66.7 294.3
  66.6 294.6 66.6 295.0 66.5 295.3 66.5 295.7 66.4 296.1 66.2 296.4 66.1 296.7
  65.9 297.0 65.7 297.5 65.5 298.0 65.3 298.4 65.1 298.8 64.9 299.1 64.7 299.5
  64.4 299.8 64.2 300.0 63.7 300.3 63.3 300.7 62.8 301.0 62.4 301.3 62.0 301.6
  61.6 301.9 61.2 302.1 60.8 302.2 60.4 302.3 60.1 302.4 59.7 302.5 59.3 302.5
  59.0 302.6 58.6 302.6 58.2 302.6 57.8 302.6 57.4 302.6 56.9 302.5 56.5 302.5
  56.0 302.4 55.5 302.0 55.0 301.6 54.5 301.2 54.0 300.7 53.5 300.0 53.0 299.3
  52.8 298.6 52.5 297.9 52.2 297.2 51.9 296.5 51.6 295.6 51.4 294.8 51.2 293.9
  50.9 293.0 50.6 292.0 50.2 291.1 50.1 290.1 50.0 289.2 49.9 288.4 49.7 287.6
  50.0 286.7 50.2 285.9 50.4 285.1 50.5 284.4 50.6 283.7 51.0 283.0 51.5 282.4
  51.8 281.7 52.2 281.1 52.5 280.5 52.7 279.9 53.2 279.3 53.7 278.6 54.1 278.0
  54.5 277.5 54.9 277.0 55.3 276.5 55.6 276.1 55.9 275.7 56.4 275.3 56.9 274.8
  57.3 274.4 57.6 273.9 58.0 273.3 58.2 272.8 58.5 272.1 58.8 271.3 59.1 270.6
  59.4 269.8 59.7 269.1 59.9 268.3 60.2 267.5 60.6 266.5 61.0 265.4 61.3 264.4
  61.6 263.5 62.0 262.6 62.2 261.6 62.5 260.7 62.8 259.7 63.0 258.7 63.2 257.8
  63.5 256.8 63.6 255.9 63.8 255.0 64.0 254.1 64.2 253.3 64.4 252.4 64.6 251.6
  64.8 250.8 64.9 250.0 65.1 249.2 65.2 248.4 65.4 247.7 65.5 246.9 65.6 246.2
  65.7 245.4 65.9 244.7 66.0 243.9 66.1 243.1 66.2 242.4 66.4 241.7 66.6 241.0
  66.8 240.2 67.0 239.4 67.1 238.7 67.3 237.9 67.4 237.0 67.6 236.2 67.8 235.4
  68.0 234.7 68.1 234.0 68.2 233.6 68.4 233.2 68.6 232.8 68.8 232.5 69.0 232.1
  69.2 231.7 69.3 231.4 69.5 231.0
   8  2 59  0.0
  72.5 321.4 72.6 321.1 72.6 320.9 72.7 320.7 72.7 320.6 72.8 320.5 72.8 320.4
  72.8 320.4 72.9 320.4 72.9 320.5 72.9 320.6 73.0 320.7 73.0 320.9 73.0 321.1
  73.0 321.4 73.0 321.7 73.0 322.1 72.9 322.6 72.9 323.1 72.9 323.7 72.8 324.4
  72.7 325.1 72.6 325.9 72.5 326.8 72.4 327.7 72.2 328.7 72.0 329.6 71.8 330.4
  71.6 331.1 71.3 331.7 71.0 332.3 70.7 332.8 70.2 333.3 69.8 333.7 69.3 333.7
  68.9 333.8 68.3 333.8 67.8 333.9 67.3 333.8 66.8 333.7 66.3 333.7 65.8 333.6
  65.4 333.3 65.0 333.0 64.5 332.7 64.1 332.4 63.7 332.1 63.3 331.5 62.9 331.0
  62.5 330.5 62.1 330.0 61.7 329.5 61.3 328.8 60.9 328.1 60.5 327.5 60.2 326.8
  59.9 326.2 59.6 325.3 59.4 324.3 59.1 323.4 59.0 322.4 59.0 321.5 59.0 320.6
  58.9 319.7 58.9 318.8 58.9 317.9 58.9 317.0 58.8 316.1 58.7 315.2 58.9 314.3
  59.1 313.4 59.3 312.5 59.5 311.6 59.9 310.6 60.3 309.6 60.6 308.6 60.9 307.6
  61.1 306.5 61.2 305.5 61.3 304.5 61.4 303.5 61.6 302.5 61.8 301.5 62.0 300.5
  62.2 299.7 62.5 298.7 62.8 297.8 63.1 296.8 63.4 295.7 63.7 294.6 64.0 293.6
  64.3 292.7 64.6 291.8 64.9 291.0 65.1 290.1 65.4 289.3 65.6 288.5 65.8 287.6
  66.0 286.8 66.1 285.9 66.2 285.5 66.4 285.0 66.5 284.5 66.5 284.0 66.6 283.6
  66.7 283.1 66.8 282.6 66.8 282.2 66.9 281.7 66.9 281.3 66.9 280.8 66.9 280.3
  66.9 279.9 66.9 279.4 66.9 278.9 66.8 278.4 66.8 277.9 66.7 277.5 66.6 277.0
  66.5 276.5 66.4 276.1 66.3 275.7 66.1 275.3 66.0 274.8 65.8 274.3 65.7 273.7
  65.6 273.1 65.5 272.4 65.4 271.7 65.2 270.9 65.0 270.1 64.8 269.2 64.7 268.3
  64.5 267.2 64.3 266.2 64.2 265.1 64.0 264.1 63.9 263.1 63.8 262.1 63.8 261.1
  63.8 260.1 63.8 259.1 63.8 258.1 63.8 257.0 63.8 256.0 63.8 254.9 63.8 253.8
  63.9 252.7 63.9 251.6 64.0 250.5 64.1 249.5 64.2 248.2 64.3 246.9 64.4 245.6
  64.6 244.3 64.8 243.1 65.0 241.9 65.2 240.7 65.5 239.6 65.8 238.6 66.0 237.6
  66.3 236.3 66.6 235.0 66.9 233.7 67.2 232.5 67.5 231.3 67.9 230.2 68.3 229.2
  68.7 228.2 69.1 227.2 69.5 226.2 69.9 225.2 70.2 224.1 70.6 222.9 71.0 221.6
  71.3 220.2 71.6 218.8 71.9 217.4 72.2 215.8 72.5 214.6 72.9 213.3 73.3 212.0
  73.7 210.7 74.1 209.2 74.6 208.1 75.0 206.9 75.4 205.4 75.8 203.6 76.2 201.6
  76.6 199.9 77.1 197.9 77.5 195.8 77.9 193.4 78.4 190.9 78.8 188.6 79.2 186.2
  79.5 183.6 79.8 180.9 80.0 178.2 80.3 175.9 80.5 173.5 80.7 171.0 81.0 168.4
  81.2 165.8 81.3 163.3 81.4 161.1 81.6 159.2 81.7 157.3 81.8 155.6 81.9 154.0
  82.1 152.4 82.3 151.4 82.5 150.3 82.8 149.0 83.0 147.7 83.2 146.1 83.5 144.5
  83.7 142.6 83.9 140.7 84.1 138.8 84.3 137.8 84.6 137.0 84.7 136.2 84.9 135.7
  85.0 135.3 85.1 135.1 85.1 135.1 85.2 135.4 85.2 135.8 85.1 136.5 85.1 137.1
  85.1 137.6 85.1 138.1 85.1 138.6 85.2 139.0 85.2 139.4 85.3 139.8 85.3 140.2
  85.4 140.6 85.5 141.0 85.6 141.3
   8  3 59  0.0
  72.5 321.4 72.5 321.6 72.5 321.7 72.5 321.9 72.5 322.0 72.6 322.1 72.6 322.3
  72.7 322.4 72.8 322.5 72.9 322.6 73.0 322.8 73.1 322.9 73.2 323.0 73.4 323.2
  73.5 323.3 73.6 323.3 73.7 323.4 73.8 323.4 73.9 323.4 73.9 323.3 74.0 323.2
  74.1 323.3 74.2 323.4 74.2 323.5 74.3 323.5 74.3 323.5 74.3 323.6 74.4 323.7
  74.4 323.8 74.4 324.0 74.4 324.2 74.3 324.5 74.3 324.8 74.2 325.1 74.1 325.4
  74.1 325.8 74.0 326.2 73.9 326.6 73.8 327.0 73.7 327.4 73.6 328.0 73.5 328.5
  73.3 329.2 73.1 329.9 72.9 330.6 72.8 331.3 72.6 332.1 72.4 333.0 72.1 333.8
  71.9 334.7 71.7 335.5 71.4 336.3 71.0 337.0 70.7 337.7 70.2 338.2 69.8 338.6
  69.3 338.7 68.8 338.7 68.4 338.7 67.8 338.7 67.3 338.6 66.8 338.6 66.3 338.6
  65.8 338.6 65.3 338.3 64.8 338.0 64.3 337.8 63.9 337.5 63.4 337.0 63.0 336.5
  62.5 336.0 62.1 335.6 61.7 335.2 61.3 334.6 61.0 334.1 60.6 333.5 60.2 333.0
  59.8 332.5 59.4 331.7 59.1 330.9 58.7 330.1 58.4 329.3 58.0 328.5 57.6 327.6
  57.4 326.6 57.1 325.7 56.8 324.7 56.5 323.8 56.4 323.0 56.3 322.1 56.1 321.3
  55.9 320.4 55.7 319.6 55.6 318.7 55.6 317.9 55.5 317.1 55.3 316.2 55.2 315.4
  55.4 314.6 55.6 313.8 55.7 313.1 55.8 312.3 55.9 311.6 56.1 310.9 56.3 310.2
  56.5 309.5 56.6 308.8 56.7 308.2 56.8 307.5 57.0 306.9 57.2 306.2 57.3 305.4
  57.4 304.7 57.5 303.9 57.8 303.0 58.0 302.1 58.2 301.1 58.4 299.9 58.6 298.7
  58.9 297.5 59.1 296.3 59.4 295.1 59.7 294.0 60.0 292.9 60.2 291.8 60.7 290.9
  61.1 290.0 61.5 289.2 61.9 288.3 62.2 287.5 62.7 286.9 63.1 286.3 63.5 285.6
  63.9 285.0 64.1 284.3 64.4 283.8 64.6 283.3 64.7 282.8 64.9 282.4 65.0 281.9
  65.0 281.5 65.1 281.0 65.1 280.7 65.1 280.3 65.1 280.0 65.0 279.8 65.0 279.5
  65.0 279.3 65.0 279.1 64.9 278.8 64.9 278.6 64.9 278.3 65.0 278.0 65.0 277.7
  65.0 277.5 65.0 277.2 65.1 276.8 65.1 276.5 65.2 276.1 65.2 275.7 65.2 275.3
  65.2 274.8 65.2 274.3 65.2 273.8 65.3 273.3 65.3 272.7 65.4 272.1 65.4 271.6
  65.4 271.0 65.3 270.4 65.3 269.9 65.2 269.3 65.1 268.8 65.1 268.2 65.0 267.6
  64.9 267.0 64.8 266.5 64.6 265.9 64.5 265.3 64.4 264.7 64.2 264.1 64.0 263.5
  64.0 262.9 63.9 262.3 63.8 261.6 63.7 260.9 63.7 260.2 63.6 259.5 63.5 258.8
  63.4 258.1 63.3 257.4 63.1 256.8 63.0 256.2 62.8 255.6 62.7 255.0 62.6 254.4
  62.5 253.8 62.4 253.2 62.3 252.7 62.2 252.1 62.0 251.6 61.8 251.1 61.6 250.4
  61.4 249.8 61.1 249.2 60.7 248.8 60.3 248.3 59.9 247.9 59.6 247.0 59.2 246.2
  58.9 245.3 58.5 244.5 58.1 243.7 57.8 243.0 57.5 241.9 57.2 240.8 56.9 239.7
  56.5 238.6 56.2 237.6 55.8 236.7 55.5 235.8 55.1 234.9 54.6 234.1 54.2 233.4
  53.7 232.7 53.2 232.0 52.8 231.3 52.3 230.6 51.8 229.9 51.4 228.9 51.0 227.9
  50.6 226.9 50.2 225.9 49.8 225.0 49.4 224.0 49.0 223.1 48.7 222.1 48.4 221.2
  48.1 220.2 47.9 219.2 47.7 218.2
   8  4 59  0.0
  72.5 321.4 72.5 321.5 72.4 321.6 72.4 321.6 72.4 321.7 72.4 321.8 72.4 321.9
  72.4 321.9 72.4 322.0 72.4 322.1 72.4 322.2 72.4 322.2 72.4 322.3 72.4 322.4
  72.5 322.5 72.5 322.5 72.5 322.6 72.5 322.7 72.5 322.8 72.5 323.0 72.5 323.1
  72.5 323.2 72.5 323.3 72.6 323.5 72.5 323.6 72.5 323.7 72.6 323.9 72.6 324.0
  72.6 324.1 72.7 324.3 72.8 324.4 72.9 324.5 73.0 324.7 73.1 324.8 73.2 325.0
  73.3 325.2 73.5 325.3 73.6 325.5 73.8 325.7 73.9 325.8 74.0 325.9 74.1 326.0
  74.2 326.2 74.3 326.5 74.4 326.7 74.4 327.0 74.5 327.2 74.5 327.5 74.6 327.7
  74.6 327.9 74.6 328.2 74.6 328.5 74.5 328.8 74.4 329.2 74.3 329.6 74.2 330.0
  74.1 330.4 74.0 330.9 73.9 331.2 73.7 331.6 73.6 331.9 73.4 332.3 73.1 332.7
  72.9 333.2 72.6 333.7 72.4 334.3 72.2 334.8 71.9 335.4 71.7 336.1 71.4 336.8
  71.1 337.5 70.8 338.2 70.5 339.0 70.2 339.8 69.8 340.5 69.4 340.6 68.9 340.6
  68.5 340.6 68.0 340.6 67.5 340.1 67.0 339.7 66.6 339.3 66.1 339.1 65.7 338.9
  65.2 338.6 64.7 338.3 64.2 338.1 63.7 337.8 63.2 337.3 62.8 336.7 62.4 336.2
  61.9 335.7 61.6 335.0 61.3 334.4 61.0 333.7 60.7 333.1 60.3 332.5 60.0 331.9
  59.7 331.0 59.4 330.1 59.2 329.2 58.9 328.3 58.6 327.4 58.3 326.5 58.1 325.6
  57.9 324.7 57.7 323.6 57.7 322.6 57.7 321.6 57.7 320.6 57.7 319.7 57.7 318.7
  57.8 317.8 57.8 316.8 57.8 315.9 58.0 315.0 58.3 314.0 58.5 313.1 58.7 312.1
  58.9 311.2 59.4 310.1 59.9 309.1 60.2 308.0 60.5 306.8 60.7 305.7 60.9 304.6
  61.0 303.5 61.2 302.5 61.5 301.4 61.7 300.3 61.9 299.3 62.2 298.2 62.5 297.1
  62.8 296.0 63.1 294.8 63.4 293.7 63.7 292.5 64.1 291.4 64.3 290.4 64.6 289.4
  64.9 288.4 65.2 287.4 65.4 286.4 65.6 285.4 65.7 284.2 65.9 283.1 66.0 281.8
  66.2 281.0 66.3 280.2 66.4 279.3 66.5 278.4 66.7 277.5 66.8 276.6 66.9 275.6
  66.9 274.7 66.9 273.7 67.0 272.7 67.0 271.7 66.9 270.7 66.8 269.7 66.7 268.8
  66.5 267.9 66.4 267.0 66.3 266.1 66.1 265.3 66.0 264.6 65.8 263.6 65.8 262.7
  65.7 261.8 65.7 261.1 65.6 260.3 65.6 259.4 65.7 258.5 65.7 257.5 65.8 256.5
  65.8 255.5 65.9 254.3 66.0 253.1 66.1 251.9 66.3 250.6 66.4 249.2 66.6 247.7
  66.8 246.1 67.1 244.5 67.4 242.9 67.8 241.2 68.1 239.4 68.5 238.3 68.8 237.1
  69.1 235.8 69.4 234.4 69.7 233.0 69.9 231.5 70.3 230.1 70.7 229.1 71.0 228.0
  71.3 226.8 71.6 225.4 71.8 223.8 72.1 222.1 72.4 220.8 72.7 219.4 72.9 217.9
  73.2 216.4 73.4 214.8 73.6 213.1 73.8 211.4 73.9 209.6 74.0 207.8 74.0 205.9
  74.1 204.2 74.2 202.4 74.2 200.7 74.2 198.9 74.2 197.2 74.2 195.5 74.2 193.8
  74.2 192.1 74.2 190.4 74.2 188.8 74.2 187.1 74.2 185.4 74.2 183.7 74.1 182.1
  74.1 180.4 74.1 178.8 74.1 177.1 74.0 175.5 74.0 173.9 74.0 172.3 73.9 170.8
  73.9 169.3 73.8 167.7 73.8 166.3 73.7 164.8 73.6 163.4 73.4 162.1 73.2 160.7
  73.1 159.4 72.8 158.1 72.5 156.8
   8  5 59  0.0
  72.5 321.4 72.4 321.7 72.3 322.0 72.3 322.4 72.2 322.8 72.2 323.1 72.1 323.6
  72.1 324.0 72.0 324.5 72.1 324.9 72.1 325.4 72.2 325.9 72.2 326.4 72.3 326.9
  72.3 327.4 72.3 327.8 72.4 328.2 72.5 328.5 72.5 328.8 72.6 329.1 72.7 329.3
  72.7 329.5 72.7 329.7 72.8 329.8 72.8 329.9 72.8 330.0 72.8 330.0 72.8 330.1
  72.8 330.2 72.8 330.3 72.8 330.4 72.8 330.6 72.8 330.7 72.8 330.9 72.8 331.0
  72.9 331.2 72.9 331.4 72.9 331.6 72.9 331.8 73.0 332.0 73.0 332.2 73.0 332.4
  73.0 332.7 73.1 332.9 73.1 333.2 73.1 333.5 73.2 333.8 73.2 334.1 73.2 334.5
  73.3 334.9 73.3 335.3 73.3 335.7 73.4 336.1 73.4 336.5 73.4 336.9 73.4 337.4
  73.5 337.8 73.5 338.2 73.5 338.7 73.6 339.1 73.7 339.5 73.7 339.9 73.8 340.4
  73.7 340.8 73.6 341.2 73.5 341.7 73.4 342.1 73.2 342.5 73.0 343.0 72.8 343.4
  72.6 343.8 72.3 344.1 71.7 344.5 71.2 344.8 70.6 345.0 69.9 345.1 69.2 344.6
  68.6 344.1 68.0 343.6 67.5 342.7 67.0 341.7 66.6 340.8 66.2 339.9 66.0 339.1
  65.8 338.0 65.6 336.9 65.4 335.9 65.4 334.8 65.3 333.6 65.3 332.3 65.3 331.0
  65.2 329.6 65.2 328.3 65.1 326.9 65.0 325.6 64.9 324.3 64.8 323.0 64.8 321.8
  64.7 320.6 64.7 319.5 64.7 318.4 64.6 317.3 64.6 316.3 64.6 315.2 64.7 314.2
  64.7 313.1 64.7 312.0 64.8 310.9 64.9 309.8 64.9 308.7 65.0 307.6 65.1 306.5
  65.3 305.5 65.4 304.5 65.6 303.6 65.7 302.6 65.8 301.7 65.9 300.8 66.1 300.0
  66.2 299.5 66.3 299.0 66.5 298.5 66.6 297.9 66.8 297.4 67.0 296.8 67.1 296.2
  67.3 295.6 67.5 294.9 67.7 294.2 68.0 293.5 68.2 292.7 68.5 292.3 68.7 291.9
  69.0 291.4 69.3 290.9 69.5 290.4 69.7 289.8 69.9 289.2 70.1 288.6 70.3 288.3
  70.5 288.1 70.6 287.8 70.7 287.6 70.8 287.3 71.0 287.1 71.1 286.9 71.2 286.8
  71.3 286.6 71.4 286.5 71.4 286.4 71.5 286.3 71.6 286.3 71.7 286.3 71.8 286.3
  71.8 286.3 71.9 286.4 72.0 286.5 72.0 286.6 72.1 287.4 72.1 288.2 72.0 289.0
  71.9 289.7 71.8 290.1 71.7 290.6 71.6 291.1 71.5 291.6 71.4 292.2 71.3 292.9
  71.1 293.6 71.0 294.3 70.9 295.1 70.7 295.9 70.6 296.7 70.4 297.5 70.1 298.3
  69.9 299.1 69.7 300.0 69.4 300.9 69.1 301.8 68.7 302.6 68.4 303.4 68.0 304.2
  67.6 305.0 67.2 305.7 66.9 306.3 66.5 306.9 66.2 307.5 65.9 308.1 65.5 308.6
  65.1 309.2 64.7 309.7 64.4 310.2 64.1 310.8 63.8 311.3 63.5 311.5 63.1 311.8
  62.8 312.2 62.2 312.5 61.6 312.9 61.1 313.3 60.6 313.7 60.0 314.2 59.5 314.7
  58.9 314.6 58.4 314.6 58.0 314.6 57.5 314.1 56.9 313.6 56.4 313.3 55.8 313.0
  55.2 312.6 54.5 312.2 53.8 312.0 53.3 311.3 52.7 310.6 52.2 309.9 51.7 309.2
  51.1 307.9 51.1 306.6 51.0 305.4 50.9 304.3 50.8 303.4 51.0 302.5 51.2 301.6
  51.4 300.8 51.5 299.9 52.0 299.1 52.5 298.4 52.9 297.6 53.3 296.9 53.7 296.1
  53.9 295.2 54.4 294.4 54.8 293.6 55.2 292.8 55.5 291.9 55.8 291.1 56.2 290.2
  56.5 289.6 56.8 289.0 57.2 288.4
   8  6 59  0.0
  72.5 321.4 72.6 321.4 72.7 321.4 72.8 321.3 72.9 321.2 73.0 321.1 73.1 321.0
  73.2 320.8 73.2 320.6 73.3 320.4 73.4 320.1 73.5 319.8 73.6 319.5 73.6 319.1
  73.7 318.8 73.7 318.5 73.7 318.3 73.7 318.2 73.6 318.1 73.6 318.0 73.5 318.0
  73.4 318.1 73.3 318.2 73.1 318.3 73.0 318.6 72.8 318.8 72.6 319.1 72.5 319.4
  72.3 319.7 72.2 320.0 72.1 320.4 72.1 320.7 72.0 321.1 72.0 321.5 72.0 321.9
  72.0 322.2 72.0 322.5 71.9 322.8 71.9 323.1 71.9 323.3 71.9 323.5 71.9 323.6
  71.9 323.7 71.8 323.8 71.8 323.8 71.8 323.8 71.8 323.8 71.7 323.7 71.7 323.6
  71.6 323.4 71.6 323.3 71.6 323.1 71.5 322.9 71.5 322.8 71.5 322.6 71.5 322.4
  71.5 322.2 71.5 322.0 71.5 321.7 71.6 321.5 71.6 321.2 71.6 320.9 71.7 320.7
  71.7 320.4 71.7 320.1 71.7 319.8 71.7 319.6 71.7 319.3 71.7 319.1 71.7 319.0
  71.7 318.8 71.7 318.7 71.6 318.6 71.6 318.6 71.6 318.5 71.5 318.4 71.5 318.3
  71.5 318.2 71.6 318.1 71.6 318.0 71.7 317.9 71.7 317.8 71.8 317.6 71.9 317.5
  72.1 317.3 72.2 317.3 72.3 317.2 72.5 317.2 72.6 317.1 72.7 317.0 72.8 316.9
  72.8 316.7 72.9 316.6 73.0 316.4 73.0 316.2 73.1 315.9 73.1 315.7 73.1 315.4
  73.1 315.2 73.2 314.9 73.2 314.8 73.2 314.6 73.3 314.4 73.3 314.3 73.4 314.2
  73.4 314.1 73.5 314.1 73.5 314.1 73.6 314.1 73.7 314.1 73.7 314.2 73.8 314.3
  73.8 314.4 73.8 314.7 73.8 314.9 73.8 315.2 73.8 315.6 73.8 316.1 73.7 316.6
  73.7 317.2 73.6 317.8 73.5 318.6 73.4 319.3 73.3 320.0 73.2 320.8 73.0 321.5
  72.9 322.3 72.7 323.0 72.6 323.7 72.4 324.3 72.1 324.9 71.8 325.4 71.5 326.0
  71.2 326.5 70.9 326.9 70.5 327.3 70.2 327.6 69.8 327.9 69.5 328.1 69.1 328.2
  68.7 328.4 68.3 328.5 67.9 328.7 67.5 328.8 67.1 328.9 66.7 329.1 66.2 329.3
  65.7 329.5 65.3 329.3 64.8 329.1 64.3 329.0 63.8 328.8 63.3 328.4 62.8 328.1
  62.3 327.7 61.9 327.4 61.5 326.9 61.1 326.4 60.7 326.0 60.3 325.5 59.9 325.0
  59.4 324.3 59.0 323.5 58.8 322.8 58.5 322.1 58.2 321.4 57.9 320.8 57.5 320.0
  57.3 319.2 57.2 318.4 57.0 317.7 56.7 317.0 56.5 316.2 56.3 315.5 56.3 314.8
  56.4 314.1 56.4 313.5 56.3 312.8 56.3 312.2 56.1 311.6 56.2 311.0 56.2 310.4
  56.2 309.7 56.2 309.1 56.2 308.4 56.2 307.8 56.3 307.1 56.4 306.4 56.5 305.6
  56.5 304.8 56.6 304.0 56.6 303.2 56.8 302.3 56.9 301.3 57.0 300.3 57.1 299.3
  57.3 298.2 57.4 297.1 57.6 296.1 57.7 294.9 57.9 293.8 58.2 292.6 58.5 291.6
  59.0 290.6 59.5 289.5 60.0 288.5 60.5 287.5 61.0 286.9 61.5 286.4 61.9 285.9
  62.3 285.4 62.6 285.1 62.9 284.9 63.1 284.7 63.3 284.5 63.5 284.4 63.6 284.4
  63.7 284.4 63.8 284.4 63.9 284.4 64.0 284.4 64.0 284.4 64.1 284.4 64.2 284.4
  64.3 284.5 64.5 284.5 64.6 284.6 64.7 284.7 64.8 284.8 64.9 284.9 65.0 285.1
  65.2 285.1 65.3 285.2 65.4 285.3 65.5 285.3 65.6 285.3 65.7 285.2 65.8 285.1
  65.9 285.0 66.0 284.9 66.1 284.7
   8  7 59  0.0
  72.5 321.4 72.6 321.1 72.7 320.9 72.8 320.6 72.9 320.4 72.9 320.3 73.0 320.1
  73.1 320.0 73.1 319.9 73.1 319.9 73.0 319.9 72.9 319.9 72.9 320.0 72.8 320.1
  72.8 320.1 72.8 320.2 72.8 320.3 72.8 320.4 72.9 320.4 72.9 320.5 73.0 320.5
  73.0 320.5 73.1 320.6 73.2 320.6 73.2 320.6 73.3 320.6 73.4 320.6 73.5 320.5
  73.6 320.4 73.7 320.3 73.8 320.1 73.9 320.0 73.9 319.7 74.0 319.5 74.0 319.2
  74.1 319.2 74.2 319.1 74.2 319.0 74.3 319.0 74.3 319.0 74.3 319.1 74.3 319.2
  74.2 319.4 74.2 319.7 74.1 320.0 74.0 320.4 73.9 320.8 73.8 321.0 73.7 321.3
  73.6 321.6 73.5 321.9 73.4 322.3 73.3 322.7 73.2 323.1 73.2 323.5 73.1 324.0
  73.1 324.5 73.2 325.0 73.3 325.5 73.3 326.0 73.4 326.5 73.4 327.1 73.5 327.6
  73.6 328.0 73.7 328.4 73.8 328.8 73.8 329.1 73.9 329.4 74.0 329.6 74.0 329.8
  74.0 330.1 74.0 330.3 74.0 330.5 74.0 330.8 74.0 331.0 74.0 331.1 74.0 331.2
  73.9 331.4 73.9 331.5 73.9 331.6 73.9 331.8 73.9 332.0 73.9 332.2 73.9 332.4
  73.9 332.6 73.9 332.8 73.9 333.1 73.9 333.3 73.9 333.6 73.9 333.9 73.9 334.2
  73.9 334.5 73.9 334.8 73.9 335.2 73.9 335.6 73.9 336.0 73.9 336.4 73.9 336.9
  73.8 337.3 73.8 337.8 73.8 338.3 73.8 338.7 73.8 339.2 73.8 339.7 73.9 340.1
  73.8 340.6 73.7 341.0 73.7 341.4 73.7 341.8 73.6 342.2 73.6 342.6 73.5 343.0
  73.4 343.4 73.3 343.8 73.1 344.1 72.8 344.5 72.4 344.8 71.9 345.1 71.4 345.3
  70.9 345.4 70.3 345.6 69.6 345.7 68.9 345.2 68.3 344.7 67.6 344.2 67.0 343.1
  66.6 342.1 66.2 341.2 65.7 340.2 65.4 339.0 65.2 337.9 65.0 336.8 64.8 335.7
  64.9 334.7 64.9 333.5 64.9 332.3 64.9 331.0 65.0 329.7 65.0 328.3 64.9 326.9
  64.9 325.5 64.8 324.2 64.8 322.9 64.7 321.6 64.7 320.4 64.6 319.2 64.6 318.1
  64.5 317.0 64.5 316.0 64.5 315.0 64.5 313.9 64.6 312.9 64.6 311.8 64.7 310.8
  64.7 309.7 64.8 308.6 64.9 307.5 65.0 306.4 65.0 305.4 65.2 304.4 65.3 303.4
  65.3 302.5 65.4 301.6 65.5 300.8 65.6 299.9 65.7 299.1 65.7 298.3 65.8 297.6
  66.0 296.8 66.1 296.1 66.2 295.6 66.4 295.0 66.6 294.4 66.7 293.8 66.9 293.1
  67.1 292.4 67.4 291.7 67.6 290.9 67.8 290.1 68.1 289.2 68.4 288.6 68.7 288.0
  68.9 287.3 69.1 286.6 69.3 285.9 69.4 285.2 69.6 284.5 69.7 283.7 69.8 282.9
  69.9 282.1 70.0 281.3 70.2 281.0 70.3 280.7 70.4 280.4 70.5 280.2 70.6 280.0
  70.7 279.8 70.7 279.6 70.8 279.5 70.9 279.3 71.0 279.2 71.1 279.2 71.2 279.2
  71.3 279.2 71.4 279.2 71.5 279.2 71.5 279.3 71.6 279.5 71.7 279.6 71.7 279.8
  71.7 280.1 71.7 280.4 71.7 280.7 71.6 281.0 71.6 281.4 71.5 281.8 71.4 282.3
  71.2 282.7 71.1 283.3 70.9 283.8 70.8 284.3 70.6 284.9 70.5 285.5 70.3 286.1
  70.1 286.7 69.9 287.3 69.8 287.7 69.6 288.1 69.4 288.6 69.3 289.1 69.2 289.6
  69.0 290.1 68.9 290.5 68.8 291.0 68.7 291.3 68.6 291.7 68.5 292.0 68.4 292.3
  68.3 292.6 68.2 292.8 68.2 292.9
   8  8 59  0.0
  72.5 321.4 72.4 321.4 72.3 321.4 72.2 321.4 72.1 321.3 72.0 321.2 72.0 321.1
  71.9 320.6 71.9 320.1 71.9 319.7 71.9 319.2 71.8 318.6 71.8 318.1 71.8 317.5
  71.8 316.9 71.9 316.3 71.9 315.8 71.9 315.2 71.9 314.6 71.9 314.0 71.9 313.4
  71.9 312.8 72.0 312.1 72.0 311.4 72.0 310.7 72.0 310.0 72.0 309.4 72.0 308.8
  72.0 308.3 72.0 307.8 71.9 307.5 71.9 307.1 71.9 306.9 71.8 306.6 71.8 306.5
  71.8 306.4 71.8 306.3 71.7 306.3 71.7 306.2 71.7 306.2 71.7 306.2 71.7 306.1
  71.7 306.0 71.6 306.0 71.6 305.9 71.6 305.8 71.6 305.7 71.6 305.6 71.5 305.5
  71.5 305.4 71.5 305.3 71.5 305.1 71.5 304.9 71.4 304.6 71.4 304.3 71.4 303.9
  71.3 303.6 71.3 303.2 71.3 302.7 71.3 302.3 71.3 301.8 71.2 301.4 71.2 301.0
  71.2 300.6 71.2 300.2 71.2 299.8 71.2 299.4 71.3 299.1 71.3 298.7 71.4 298.3
  71.4 297.9 71.5 297.6 71.6 297.2 71.8 296.8 71.9 296.4 71.9 296.1 72.0 295.8
  72.0 295.9 72.1 295.9 72.1 296.0 72.1 296.0 72.0 296.1 72.0 296.2 71.9 296.2
  71.9 296.2 71.8 296.1 71.7 296.0 71.6 296.0 71.6 295.9 71.5 295.9 71.4 295.9
  71.4 295.9 71.3 295.9 71.3 295.9 71.3 296.0 71.3 296.0 71.2 296.1 71.2 296.2
  71.1 296.2 71.1 296.3 71.0 296.3 71.0 296.3 71.0 296.2 71.0 296.2 70.9 296.1
  70.9 296.0 70.9 295.9 70.9 295.8 70.8 295.6 70.8 295.4 70.8 295.3 70.7 295.1
  70.7 294.9 70.7 294.7 70.7 294.5 70.6 294.3 70.6 294.1 70.6 293.8 70.6 293.6
  70.5 293.3 70.5 293.1 70.5 292.8 70.4 292.5 70.4 292.2 70.4 291.8 70.3 291.5
  70.2 291.1 70.2 290.7 70.1 290.3 70.1 289.8 70.0 289.3 70.0 288.7 69.9 288.2
  69.9 287.7 69.9 287.1 69.9 286.6 69.8 286.1 69.8 285.7 69.8 285.2 69.8 284.8
  69.7 284.3 69.7 283.9 69.7 283.5 69.6 283.2 69.6 282.8 69.6 282.5 69.6 282.2
  69.6 281.8 69.6 281.5 69.6 281.1 69.6 280.7 69.7 280.2 69.7 279.8 69.8 279.3
  69.8 278.8 69.9 278.3 70.0 277.7 70.1 277.2 70.2 276.6 70.3 276.0 70.4 275.4
  70.5 274.8 70.5 274.2 70.6 273.6 70.6 273.0 70.7 272.4 70.7 271.8 70.8 271.2
  70.9 270.6 71.0 270.0 71.1 269.4 71.2 268.9 71.3 268.3 71.4 267.8 71.7 267.4
  71.9 266.9 72.2 266.5 72.4 266.8 72.6 267.1 72.8 267.3 73.0 267.6 73.2 267.9
  73.3 268.2 73.3 268.5 73.3 268.8 73.3 269.0 73.4 269.3 73.4 269.6 73.4 269.8
  73.4 270.1 73.4 270.3 73.5 270.6 73.5 270.8 73.5 271.0 73.5 271.2 73.5 271.3
  73.5 271.5 73.5 271.6 73.5 271.7 73.5 271.7 73.5 271.8 73.5 271.8 73.5 271.7
  73.5 271.7 73.5 271.6 73.5 271.6 73.4 271.5 73.4 271.5 73.4 271.6 73.4 271.6
  73.5 271.8 73.5 271.9 73.5 272.1 73.5 272.3 73.6 272.6 73.6 272.9 73.6 273.3
  73.7 273.7 73.7 274.0 73.8 274.5 73.8 274.9 73.8 275.3 73.9 275.7 73.9 276.2
  74.0 276.7 74.0 277.2 74.0 278.0 74.1 278.9 74.1 279.8 74.2 280.7 74.2 281.6
  74.3 282.5 74.3 283.5 74.3 284.4 74.2 285.3 74.2 286.1 74.1 286.9 74.0 287.7
  73.9 288.4 73.8 289.0 73.6 289.5
   8  9 59  0.0
  72.5 321.4 72.5 322.2 72.5 322.8 72.5 323.5 72.5 324.0 72.5 324.5 72.4 324.9
  72.3 325.3 72.3 325.5 72.2 325.7 72.1 325.7 72.0 325.8 72.0 325.7 71.9 325.3
  71.8 325.0 71.8 324.6 71.7 324.3 71.7 323.9 71.6 323.5 71.5 323.2 71.4 322.8
  71.3 322.4 71.1 322.1 71.0 321.7 70.8 321.4 70.7 321.1 70.5 320.8 70.3 320.5
  70.2 320.1 70.0 319.8 69.8 319.4 69.7 318.7 69.5 318.0 69.4 317.2 69.3 316.5
  69.3 315.8 69.2 315.0 69.1 314.3 69.1 313.6 69.0 312.9 69.0 312.2 69.0 311.5
  68.9 310.9 68.8 310.3 68.7 309.7 68.6 309.1 68.5 308.5 68.5 308.0 68.3 307.4
  68.2 306.8 68.1 306.3 67.9 305.8 67.9 305.1 67.8 304.3 67.7 303.5 67.6 302.7
  67.6 301.8 67.6 301.0 67.5 300.1 67.6 299.2 67.6 298.3 67.6 297.4 67.7 296.4
  67.8 295.5 67.8 294.6 67.9 293.7 68.0 292.8 68.0 292.0 68.1 291.6 68.2 291.2
  68.3 290.9 68.4 290.6 68.6 290.2 68.7 289.9 68.8 289.6 68.9 289.3 68.9 289.0
  68.9 288.7 69.0 288.5 69.0 288.2 68.9 288.0 68.9 287.8 68.8 287.6 68.8 287.4
  68.7 287.3 68.6 287.2 68.5 287.1 68.5 286.9 68.4 286.7 68.3 286.5 68.2 286.3
  68.2 286.1 68.1 285.8 68.0 285.5 68.0 285.2 67.9 284.8 67.9 284.3 67.8 283.8
  67.7 283.3 67.6 282.9 67.5 282.5 67.4 282.1 67.3 281.7 67.1 281.4 67.0 281.0
  66.9 280.7 66.7 280.4 66.6 280.2 66.4 279.9 66.1 279.7 65.8 279.5 65.5 279.0
  65.2 278.5 65.0 277.9 64.7 277.4 64.5 276.8 64.2 276.2 64.0 275.6 63.7 275.0
  63.5 274.1 63.2 273.3 62.9 272.6 62.6 271.9 62.2 271.3 61.9 270.6 61.5 269.8
  61.2 269.0 60.9 268.2 60.7 267.5 60.4 266.7 60.2 265.8 60.0 265.0 59.8 264.0
  59.6 263.1 59.3 262.1 59.1 261.1 58.8 260.1 58.6 259.1 58.4 258.1 58.2 257.1
  58.0 256.1 57.7 255.2 57.5 254.2 57.3 253.3 57.1 252.2 56.9 251.2 56.7 250.1
  56.5 249.0 56.3 247.8 56.2 246.7 56.0 245.5 55.9 244.3 55.7 243.2 55.6 242.1
  55.4 241.1 55.2 240.1 55.1 239.1 54.9 238.2 54.8 237.3 54.6 236.4 54.4 235.5
  54.3 234.6 54.2 233.7 54.1 232.8 54.0 231.8 54.0 230.9 53.9 229.8 53.9 228.8
  53.9 227.8 54.0 226.7 54.1 225.7 54.2 224.7 54.2 223.7 54.3 222.6 54.5 221.5
  54.5 220.4 54.6 219.3 54.7 218.1 54.7 216.8 54.8 215.6 54.9 214.2 55.1 213.0
  55.3 211.7 55.5 210.5 55.7 209.4 55.9 208.2 56.1 207.2 56.3 206.2 56.5 205.2
  56.8 204.2 57.0 203.1 57.3 202.1 57.7 201.1 58.0 200.2 58.3 199.2 58.7 198.4
  59.1 197.7 59.5 196.9 59.9 196.1 60.3 195.4 60.7 194.7 61.1 194.0 61.5 193.2
  61.9 192.5 62.3 191.8 62.8 191.0 63.2 190.2 63.6 189.4 64.0 188.6 64.5 187.8
  64.9 187.1 65.3 186.4 65.7 185.7 66.1 185.0 66.5 184.5 66.9 184.0 67.3 183.6
  67.6 183.1 68.0 182.6 68.3 182.1 68.6 181.7 68.9 181.2 69.2 180.7 69.5 180.2
  69.8 179.6 70.1 178.9 70.4 178.7 70.7 178.4 71.0 178.1 71.3 177.8 71.6 177.5
  71.8 177.1 72.1 176.7 72.4 176.7 72.6 176.6 72.9 176.5 73.2 176.3 73.4 176.0
  73.7 175.7 73.9 175.3 74.1 174.8
   8 10 59  0.0
  72.5 321.4 72.7 321.9 72.8 322.5 73.0 323.0 73.1 323.6 73.2 324.2 73.3 324.8
  73.4 325.4 73.5 326.0 73.6 326.5 73.6 327.1 73.7 327.7 73.8 328.2 73.8 328.7
  73.8 329.3 73.8 329.8 73.8 330.3 73.8 330.7 73.8 331.2 73.8 331.6 73.8 332.0
  73.8 332.4 73.7 332.7 73.6 333.1 73.5 333.3 73.4 333.6 73.3 333.8 73.2 334.0
  73.1 334.1 73.0 334.1 72.9 334.1 72.8 334.0 72.7 333.9 72.6 333.8 72.4 333.6
  72.3 333.4 72.2 333.2 72.1 332.9 72.0 332.6 71.9 332.4 71.9 331.8 71.9 331.2
  71.9 330.6 71.9 330.0 71.9 329.5 71.9 328.9 72.0 328.3 72.1 327.8 72.1 327.6
  72.1 327.4 72.1 327.3 72.1 327.1 72.1 326.9 72.1 326.7 72.2 326.5 72.2 326.2
  72.3 326.0 72.4 325.7 72.4 325.4 72.5 325.1 72.6 324.7 72.7 324.3 72.8 323.9
  72.9 323.6 72.9 323.2 73.0 322.8 73.1 322.5 73.2 322.1 73.3 321.8 73.3 321.5
  73.4 321.1 73.5 320.8 73.6 320.5 73.7 320.2 73.8 319.9 73.8 319.7 73.9 319.4
  73.9 319.3 73.9 319.1 73.9 319.0 73.8 318.9 73.8 318.9 73.8 318.9 73.7 318.9
  73.6 319.0 73.6 319.1 73.5 319.2 73.4 319.3 73.4 319.4 73.3 319.5 73.3 319.5
  73.3 319.6 73.3 319.6 73.3 319.6 73.3 319.7 73.4 319.7 73.4 319.7 73.5 319.7
  73.5 319.7 73.6 319.6 73.7 319.5 73.7 319.4 73.8 319.2 73.8 319.0 73.9 318.8
  74.0 318.6 74.0 318.3 74.1 318.2 74.1 318.2 74.2 318.1 74.2 318.0 74.3 318.1
  74.2 318.2 74.2 318.3 74.2 318.5 74.1 318.8 74.0 319.1 73.9 319.5 73.8 319.6
  73.6 319.8 73.5 320.1 73.4 320.3 73.3 320.7 73.2 321.0 73.1 321.3 73.0 321.7
  72.9 322.1 72.9 322.5 72.8 323.0 72.8 323.4 72.7 323.9 72.7 324.4 72.7 325.0
  72.8 325.5 72.9 326.0 72.9 326.4 72.9 326.9 73.0 327.2 73.0 327.5 73.0 327.8
  73.0 328.0 73.1 328.2 73.1 328.4 73.1 328.5 73.1 328.6 73.1 328.6 73.1 328.7
  73.1 328.8 73.1 328.8 73.1 328.9 73.1 329.0 73.1 329.1 73.1 329.3 73.2 329.4
  73.2 329.5 73.2 329.7 73.2 329.9 73.2 330.0 73.2 330.2 73.3 330.4 73.3 330.6
  73.3 330.8 73.3 331.0 73.4 331.2 73.4 331.5 73.4 331.7 73.5 332.0 73.5 332.2
  73.5 332.5 73.6 332.8 73.6 333.1 73.6 333.4 73.7 333.8 73.7 334.1 73.8 334.5
  73.9 334.9 73.9 335.3 74.0 335.7 74.1 336.2 74.2 336.9 74.2 337.5 74.3 338.2
  74.4 338.9 74.4 339.7 74.4 340.4 74.3 341.2 74.1 341.9 74.0 342.7 73.8 343.1
  73.6 343.6 73.4 344.0 73.2 344.3 72.7 344.7 72.2 345.0 71.6 345.3 71.1 345.4
  70.5 345.5 69.8 345.6 69.2 345.1 68.6 344.7 68.0 344.2 67.4 343.4 67.0 342.5
  66.6 341.7 66.1 341.0 65.7 340.3 65.3 339.2 65.1 338.1 64.9 337.0 64.7 335.9
  64.7 334.7 64.6 333.5 64.6 332.2 64.5 330.9 64.4 329.6 64.2 328.3 64.1 327.0
  63.9 325.8 63.8 323.9 63.7 322.1 63.7 320.4 63.7 318.7 63.6 317.1 63.6 315.4
  63.6 313.9 63.7 312.3 63.7 310.8 63.7 309.4 63.8 308.0 63.9 306.7 63.9 305.5
  64.0 304.3 64.1 303.1 64.1 302.2 64.1 301.4 64.1 300.6 64.1 299.8 64.1 299.1
  64.1 298.3 64.2 297.6 64.2 296.9
   8 11 59  0.0
  72.5 321.4 72.6 322.1 72.8 322.7 72.9 323.4 73.0 324.1 73.2 324.8 73.3 325.4
  73.5 326.1 73.6 326.8 73.7 327.4 73.9 328.1 73.9 328.7 74.0 329.3 74.0 330.0
  74.1 330.3 74.1 330.7 74.2 331.1 74.2 331.4 74.3 331.7 74.3 332.0 74.3 332.3
  74.3 332.6 74.2 332.8 74.2 333.1 74.2 333.3 74.1 333.5 74.1 333.6 74.1 333.8
  74.0 334.0 74.0 334.1 73.9 334.6 73.9 334.9 73.9 335.3 73.8 335.6 73.8 336.0
  73.7 336.2 73.6 336.5 73.5 336.7 73.4 337.0 73.3 337.1 73.2 337.3 73.0 337.5
  72.9 337.6 72.8 337.7 72.6 337.8 72.5 337.9 72.3 337.9 72.2 338.0 72.0 338.0
  71.8 337.8 71.7 337.6 71.5 337.4 71.4 337.1 71.2 336.8 71.1 336.5 71.0 336.2
  70.9 335.8 70.7 335.4 70.6 335.0 70.4 334.5 70.3 334.1 70.2 333.5 70.1 333.0
  70.1 332.5 70.0 331.9 69.9 331.4 69.9 330.4 69.8 329.5 69.8 328.6 69.8 327.6
  69.8 326.7 69.7 325.8 69.6 324.9 69.6 324.0 69.4 323.1 69.2 322.3 69.1 321.5
  68.9 320.7 68.8 320.0 68.7 319.3 68.6 318.6 68.5 317.9 68.4 317.2 68.3 316.5
  68.3 315.7 68.2 315.0 68.2 314.3 68.2 313.6 68.1 313.0 68.1 312.3 68.1 311.7
  68.0 311.1 67.9 310.5 67.8 309.8 67.8 309.1 67.8 308.4 67.8 307.7 67.6 307.0
  67.5 306.4 67.4 305.6 67.4 304.9 67.3 304.1 67.3 303.3 67.2 302.5 67.1 301.7
  67.1 300.9 67.1 300.0 67.1 299.2 67.2 298.3 67.2 297.3 67.3 296.4 67.4 295.5
  67.4 294.6 67.5 293.7 67.6 292.8 67.6 292.0 67.7 291.1 67.8 290.3 67.9 289.6
  68.0 288.8 68.2 288.4 68.3 288.0 68.3 287.6 68.4 287.2 68.4 286.9 68.4 286.5
  68.4 286.2 68.3 285.9 68.3 285.6 68.3 285.3 68.2 285.1 68.2 284.8 68.1 284.6
  68.1 284.5 68.0 284.3 67.9 283.9 67.9 283.6 67.8 283.2 67.7 282.8 67.7 282.4
  67.6 281.9 67.5 281.5 67.4 281.0 67.3 280.6 67.2 280.2 67.1 279.8 66.9 279.4
  66.7 279.0 66.5 278.7 66.2 278.4 66.0 278.1 65.7 277.6 65.5 277.0 65.2 276.5
  64.9 275.9 64.7 275.4 64.4 274.9 64.1 274.4 63.9 274.0 63.7 272.7 63.4 271.3
  63.4 270.1 63.3 268.9 63.1 267.9 63.0 267.0 62.9 266.2 62.7 265.5 62.6 264.9
  62.4 264.3 62.1 263.9 62.2 263.4 62.2 262.8 62.1 262.2 62.1 261.6 62.0 260.9
  61.8 260.0 61.7 259.1 61.5 258.1 61.3 257.1 61.1 256.1 60.8 255.1 60.7 254.0
  60.5 253.0 60.3 252.0 60.2 251.0 60.0 250.0 59.8 249.1 59.7 248.1 59.5 247.1
  59.3 246.1 59.2 245.1 59.0 244.1 58.8 243.1 58.8 242.1 58.8 241.1 58.8 240.2
  58.8 239.3 58.8 238.4 58.9 237.6 58.9 236.8 59.0 236.1 59.0 235.4 59.1 234.7
  59.1 234.1 59.2 233.5 59.4 232.9 59.5 232.4 59.5 231.9 59.7 231.4 59.8 230.9
  60.0 230.4 60.1 229.9 60.2 229.9 60.3 229.9 60.4 229.9 60.5 229.9 60.6 230.0
  60.7 230.1 60.7 230.2 60.8 230.3 60.8 230.4 60.7 230.4 60.7 230.5 60.6 230.6
  60.5 230.6 60.4 230.7 60.2 230.7 60.0 230.7 59.8 230.4 59.5 230.1 59.2 229.7
  58.9 229.3 58.7 228.9 58.4 228.4 58.1 227.9 57.8 227.4 57.6 226.4 57.3 225.4
  57.0 224.3 56.7 223.2 56.4 222.1
   8 12 59  0.0
  72.5 321.4 72.8 322.0 73.0 322.6 73.3 323.2 73.5 323.8 73.7 324.4 73.9 325.0
  74.0 325.6 74.2 326.4 74.3 327.2 74.5 327.9 74.6 328.7 74.8 329.5 74.9 330.3
  75.0 331.1 75.1 332.0 75.2 332.9 75.2 333.7 75.3 334.6 75.3 335.5 75.4 336.4
  75.3 337.2 75.3 338.0 75.3 338.8 75.2 339.5 75.1 340.2 75.0 340.8 74.9 341.3
  74.8 341.8 74.7 342.2 74.5 342.5 74.4 342.8 74.2 343.0 74.1 343.2 73.9 343.3
  73.7 344.0 73.5 344.6 73.3 345.0 73.1 345.4 72.9 345.6 72.6 345.8 72.4 346.0
  72.1 346.1 71.8 346.2 71.6 346.2 71.3 346.1 71.0 346.0 70.7 345.8 70.3 345.6
  70.0 345.3 69.6 344.5 69.2 343.8 68.8 343.0 68.4 342.3 68.0 341.7 67.5 340.6
  67.1 339.4 66.7 338.3 66.3 337.3 65.9 336.2 65.5 335.0 65.1 333.8 64.7 332.7
  64.2 331.6 63.7 330.6 63.3 329.1 62.8 327.6 62.4 326.1 62.1 324.5 61.8 322.7
  61.5 320.9 61.2 319.1 61.0 317.3 60.7 315.5 60.7 313.8 60.7 312.1 60.6 310.3
  60.6 308.6 60.6 307.0 60.6 305.5 60.5 303.9 60.7 302.4 60.9 300.9 61.1 299.4
  61.5 297.9 62.0 296.4 62.5 295.2 62.9 294.0 63.3 292.7 63.7 291.5 64.1 290.4
  64.5 289.3 65.0 288.2 65.4 287.1 65.7 286.0 66.0 284.8 66.4 283.8 66.6 282.7
  66.9 281.7 67.1 280.7 67.4 279.7 67.5 278.7 67.7 277.7 67.9 276.7 68.0 275.6
  68.1 274.7 68.1 273.8 68.2 272.9 68.3 272.0 68.4 271.0 68.4 270.0 68.4 269.1
  68.5 268.1 68.6 267.1 68.6 266.1 68.6 265.2 68.7 264.2 68.7 263.2 68.7 262.3
  68.8 261.3 68.8 260.3 68.9 259.4 68.9 258.4 68.9 257.6 68.9 256.7 68.9 255.9
  68.8 255.1 68.8 254.3 68.8 253.6 68.8 252.9 68.8 252.2 68.7 251.5 68.7 250.9
  68.7 250.2 68.7 249.6 68.7 249.1 68.7 248.6 68.7 248.1 68.7 247.6 68.7 247.2
  68.7 246.9 68.7 246.5 68.7 246.2 68.7 245.9 68.7 245.6 68.8 245.4 68.8 245.1
  68.8 244.8 68.9 244.5 68.9 244.1 68.9 243.7 68.9 243.3 69.0 242.9 69.0 242.4
  69.0 241.9 69.0 241.4 69.1 240.8 69.1 240.2 69.2 239.6 69.3 239.0 69.4 238.3
  69.6 237.7 69.7 237.1 70.0 236.4 70.2 235.8 70.4 235.3 70.6 234.9 70.9 234.4
  71.1 233.8 71.4 233.2 71.7 232.7 71.9 232.1 72.2 231.5 72.6 231.5 73.0 231.4
  73.5 231.4 74.0 231.4 74.5 231.3 75.0 232.2 75.5 233.0 75.9 233.9 76.3 234.8
  76.8 236.1 77.1 237.4 77.4 238.7 77.7 240.1 77.9 241.5 78.1 243.0 78.3 244.6
  78.5 246.2 78.6 247.8 78.8 249.5 78.9 251.2 79.0 252.9 79.1 254.6 79.2 256.3
  79.3 258.0 79.3 259.7 79.4 261.4 79.5 263.0 79.5 264.6 79.6 266.2 79.6 267.8
  79.7 269.3 79.7 270.8 79.8 272.3 79.8 273.8 79.8 275.3 79.8 276.8 79.9 278.3
  79.9 279.9 79.9 281.6 79.8 283.2 79.8 284.7 79.7 286.3 79.6 287.7 79.5 289.1
  79.4 290.3 79.2 291.5 79.1 292.5 79.0 293.4 78.8 294.2 78.6 295.0 78.4 295.7
  78.2 296.3 78.0 296.9 77.8 297.2 77.6 297.4 77.4 297.6 77.2 297.8 77.0 297.9
  76.8 298.0 76.6 298.1 76.4 298.2 76.2 298.3 76.0 298.3 75.8 298.3 75.6 298.0
  75.5 297.6 75.3 297.2 75.2 296.8
   8 13 59  0.0
  72.5 321.4 72.7 321.6 72.9 321.8 73.1 322.0 73.3 322.2 73.6 322.5 73.8 322.7
  74.0 323.0 74.2 323.3 74.4 323.9 74.7 324.5 74.8 325.2 75.0 325.9 75.2 326.7
  75.3 327.5 75.5 328.3 75.6 329.2 75.7 330.1 75.8 331.0 75.9 332.0 76.0 333.0
  76.1 334.0 76.1 335.1 76.2 336.1 76.1 337.1 76.1 338.1 76.1 339.1 76.1 340.1
  76.0 341.0 75.9 341.9 75.9 342.8 75.8 343.7 75.7 344.6 75.6 345.5 75.4 346.3
  75.3 347.1 75.1 347.8 75.0 348.6 74.8 349.2 74.6 349.8 74.4 350.3 74.1 350.7
  73.9 351.1 73.7 351.4 73.5 351.7 73.3 352.0 73.0 352.3 72.7 352.5 72.4 352.7
  72.1 352.9 71.7 353.0 71.3 353.0 70.9 353.0 70.5 352.9 70.0 352.7 69.5 352.3
  69.0 351.9 68.4 351.4 67.7 351.0 67.1 350.2 66.4 349.4 65.8 348.7 65.1 347.7
  64.4 346.7 63.7 345.7 63.0 344.6 62.4 343.5 61.6 342.5 60.9 341.4 60.3 340.3
  59.6 339.3 59.1 338.2 58.5 337.0 58.0 335.8 57.7 334.6 57.4 333.0 57.1 331.4
  56.8 329.7 56.5 328.0 56.3 326.2 56.1 324.4 55.9 322.6 55.8 321.1 55.8 319.6
  55.8 318.1 55.8 316.7 55.8 315.3 55.9 313.9 56.0 312.7 56.1 311.7 56.3 310.4
  56.5 309.4 56.6 308.4 56.8 307.5 56.9 306.7 57.0 305.9 57.1 305.2 57.2 304.4
  57.2 303.7 57.3 302.9 57.4 302.2 57.4 301.4 57.5 300.6 57.5 299.7 57.7 298.9
  57.9 298.1 58.0 297.3 58.2 296.3 58.5 295.3 58.7 294.4 58.9 293.5 59.2 292.5
  59.4 291.6 59.6 290.6 59.8 289.6 60.0 288.5 60.2 287.5 60.5 286.5 60.8 285.5
  61.1 284.6 61.5 283.6 61.7 282.7 62.0 281.8 62.4 280.7 62.7 279.5 62.9 278.4
  63.1 277.4 63.3 276.4 63.6 275.4 63.8 274.5 64.0 273.7 64.2 272.9 64.5 271.8
  64.5 270.7 64.5 269.7 64.5 268.7 64.5 267.8 64.5 266.9 64.5 266.0 64.6 265.1
  64.7 264.2 64.8 263.3 64.8 262.4 64.9 261.5 65.0 260.6 65.2 259.6 65.1 258.6
  65.1 257.6 65.2 256.5 65.2 255.5 65.1 254.4 65.1 253.3 65.1 252.2 65.1 251.1
  65.1 249.9 65.1 248.7 65.2 247.5 65.1 246.2 65.0 245.0 64.9 243.8 64.8 242.7
  64.7 241.5 64.6 240.4 64.5 239.3 64.5 238.2 64.4 237.0 64.4 235.8 64.3 234.6
  64.2 233.4 64.2 232.3 64.1 231.2 64.0 230.1 64.0 229.1 63.9 228.1 63.8 227.2
  63.8 226.3 63.8 225.4 63.8 224.4 63.8 223.5 64.0 222.6 64.1 221.7 64.2 220.9
  64.4 220.1 64.5 219.3 64.8 218.7 65.1 218.1 65.4 217.5 65.7 217.0 66.0 216.6
  66.4 216.1 66.8 215.7 67.3 215.4 67.8 215.1 68.3 214.8 68.9 214.5 69.4 214.2
  70.0 214.1 70.6 213.9 71.2 213.7 71.8 213.5 72.5 213.4 73.2 213.3 73.9 213.2
  74.5 213.1 75.3 213.3 76.0 213.4 76.6 213.5 77.3 213.9 78.0 214.3 78.8 214.4
  79.6 214.5 80.3 214.7 81.1 214.6 81.8 214.4 82.4 214.1 83.1 213.9 83.6 213.7
  84.1 213.4 84.8 213.0 85.3 212.3 85.7 211.4 86.1 210.2 86.7 208.8 87.2 206.6
  87.5 203.3 87.8 198.4 88.0 191.5 88.3 181.8 88.4 169.3 88.5 155.5 88.4 142.2
  88.3 130.5 88.1 120.8 87.9 113.2 87.7 107.0 87.4 102.0 87.1  98.0 86.7  94.7
  86.3  91.9 85.9  89.6 85.6  88.6
   8 14 59  0.0
  72.5 321.4 72.8 321.2 73.1 321.0 73.4 320.8 73.7 320.7 74.0 320.5 74.2 320.2
  74.5 320.2 74.7 320.0 75.0 319.9 75.2 319.8 75.4 319.7 75.6 319.6 75.7 319.4
  75.9 319.3 76.1 319.3 76.3 319.4 76.5 319.7 76.6 320.0 76.8 320.3 77.0 320.6
  77.2 321.0 77.4 321.5 77.6 322.0 77.8 322.6 77.9 323.2 78.1 323.9 78.3 324.8
  78.5 325.8 78.7 326.9 78.9 328.0 79.0 329.2 79.2 330.4 79.3 331.7 79.4 333.1
  79.5 334.5 79.6 335.9 79.6 337.4 79.6 338.8 79.7 340.2 79.7 341.6 79.7 342.9
  79.7 344.2 79.7 345.5 79.6 346.7 79.6 347.8 79.6 348.9 79.6 350.0 79.5 351.0
  79.5 351.9 79.4 352.8 79.4 353.6 79.3 354.4 79.2 355.1 79.2 355.8 79.1 356.4
  79.0 357.0 79.0 357.6 78.9 358.2 78.8 358.8 78.8 359.3 78.7 359.8 78.6   0.3
  78.6   0.4 78.5   0.6 78.4   0.7 78.3   0.8 78.3   0.9 78.2   1.0 78.1   1.2
  78.0   1.3 77.9   1.3 77.8   1.3 77.7   1.4 77.6   1.4 77.5   1.4 77.4   1.4
  77.3   1.5 77.2   1.5 77.1   1.5 77.0   1.6 76.9   1.6 76.8   1.7 76.7   1.7
  76.6   1.8 76.5   1.9 76.4   1.9 76.2   2.0 76.1   2.1 76.0   2.1 75.9   2.0
  75.7   2.0 75.6   1.9 75.5   1.9 75.3   1.9 75.1   1.8 74.9   1.8 74.8   1.9
  74.6   1.9 74.4   1.9 74.2   1.9 74.1   1.9 73.9   1.9 73.8   1.8 73.7   1.7
  73.6   1.6 73.5   1.5 73.4   1.3 73.3   1.2 73.2   1.1 73.2   1.0 73.1   0.9
  73.0   0.8 73.0   0.7 73.0   0.6 72.9   0.5 72.9   0.4 72.9   0.3 72.9   0.2
  72.9   0.2 72.9   0.1 72.9   0.0 72.9 359.9 72.9 359.7 73.0 359.5 73.0 359.3
  73.0 359.1 73.1 358.9 73.1 358.7 73.1 358.5 73.2 358.3 73.2 358.1 73.2 358.0
  73.3 357.8 73.3 357.7 73.3 357.6 73.4 357.5 73.4 357.5 73.5 357.6 73.6 357.6
  73.7 357.8 73.8 358.0 73.9 358.2 74.0 358.4 74.2 359.1 74.3 359.9 74.5   0.6
  74.5   0.8 74.5   1.0 74.5   1.2 74.5   1.3 74.5   1.5 74.5   1.7 74.5   1.8
  74.5   2.0 74.5   2.1 74.5   2.2 74.5   2.4 74.5   2.5 74.5   2.6 74.5   2.8
  74.5   2.9 74.5   3.0 74.5   3.2 74.6   3.3 74.6   3.5 74.7   3.6 74.8   3.7
  74.8   3.9 74.9   4.0 75.0   4.1 75.0   4.2 74.9   4.4 74.9   4.5 74.9   4.6
  74.8   4.7 74.8   4.7 74.7   4.8 74.7   4.9 74.6   5.0 74.6   5.0 74.6   5.1
  74.5   5.1 74.5   5.2 74.4   5.2 74.4   5.3 74.4   5.4 74.3   5.5 74.3   5.5
  74.3   5.6 74.2   5.7 74.2   5.8 74.2   5.9 74.2   6.0 74.2   6.1 74.1   6.2
  74.1   6.3 74.1   6.4 74.0   6.5 74.0   6.6 73.9   6.6 73.8   6.5 73.7   6.4
  73.7   6.4 73.6   6.4 73.5   6.3 73.4   6.3 73.3   6.3 73.2   6.3 73.1   6.2
  73.0   6.2 72.9   6.2 72.8   6.2 72.7   6.2 72.6   6.2 72.5   6.2 72.3   6.2
  72.2   6.2 72.1   6.2 71.9   6.2 71.7   6.1 71.6   6.0 71.4   5.9 71.2   5.8
  70.9   5.7 70.7   5.7 70.5   5.6 70.2   5.6 69.9   5.5 69.6   5.4 69.4   5.2
  69.1   5.1 68.8   5.0 68.5   4.8 68.3   4.7 68.0   4.6 67.7   4.4 67.5   4.2
  67.2   4.0 67.1   3.8 66.9   3.6
   8 15 59  0.0
  72.5 321.4 72.7 321.0 72.9 320.6 73.1 320.2 73.3 319.8 73.6 319.4 73.8 318.9
  74.0 318.4 74.3 318.1 74.5 317.8 74.7 317.5 75.0 317.2 75.2 316.9 75.4 316.6
  75.7 316.3 75.9 316.0 76.2 315.7 76.5 315.8 76.8 315.9 77.0 316.0 77.3 316.1
  77.6 316.3 77.9 316.5 78.2 316.7 78.6 317.4 78.9 318.2 79.2 319.0 79.5 319.8
  79.8 320.7 80.1 321.6 80.4 323.2 80.7 324.8 80.9 326.6 81.2 328.5 81.4 330.5
  81.6 332.6 81.7 334.7 81.9 336.9 82.0 339.2 82.1 341.4 82.2 344.0 82.4 346.6
  82.5 349.2 82.6 351.8 82.6 354.5 82.6 357.1 82.6 359.6 82.6   2.1 82.5   2.4
  82.5   2.7 82.4   3.0 82.4   3.3 82.3   3.6 82.3   3.9 82.3   4.2 82.3   4.5
  82.2   4.7 82.2   5.0 82.2   5.2 82.2   5.5 82.2   5.7 82.2   6.0 82.2   6.2
  82.2   6.4 82.2   6.7 82.1   6.9 82.1   7.1 82.1   7.4 82.0   7.6 82.0   7.8
  82.0   8.0 81.9   8.1 81.9   8.3 81.8   8.4 81.7   8.6 81.7   8.8 81.6   8.9
  81.6   9.1 81.5   9.3 81.5   9.4 81.4   9.6 81.4   9.7 81.4   9.9 81.3  10.0
  81.3  10.2 81.3  10.4 81.2  10.5 81.2  10.7 81.1  10.8 81.1  11.0 81.0  11.2
  80.9  11.4 80.8  11.6 80.7  11.8 80.6  11.9 80.5  12.2 80.5  12.4 80.4  12.6
  80.3  12.8 80.1  13.0 80.0  13.2 79.8  13.3 79.6  13.5 79.4  13.7 79.2  13.9
  78.9  14.1 78.7  14.3 78.3  14.5 78.0  14.8 77.6  15.0 77.3  15.2 77.0  15.4
  76.7  15.5 76.4  15.7 76.1  15.9 75.9  16.1 75.6  16.2 75.4  16.3 75.2  16.4
  75.0  16.6 74.9  16.7 74.7  16.9 74.6  17.0 74.4  17.2 74.3  17.3 74.2  17.4
  74.1  17.5 74.1  17.7 74.0  17.8 74.0  17.8 73.9  17.8 73.9  17.8 73.9  17.8
  73.8  17.8 73.8  17.8 73.8  17.8 73.7  17.7 73.7  17.7 73.6  17.7 73.6  17.7
  73.5  17.7 73.4  17.7 73.3  17.7 73.2  17.7 73.1  17.7 73.0  17.7 72.9  17.7
  72.8  17.7 72.7  17.7 72.5  17.7 72.4  17.7 72.2  17.7 72.1  17.7 71.9  17.7
  71.7  17.6 71.5  17.5 71.3  17.4 71.1  17.3 70.9  17.3 70.7  17.2 70.4  17.1
  70.2  17.0 69.9  16.9 69.7  16.7 69.4  16.5 69.1  16.3 68.9  16.1 68.6  15.9
  68.4  15.8 68.2  15.6 68.0  15.4 67.8  15.1 67.6  14.9 67.4  14.7 67.2  14.4
  67.0  14.2 66.8  14.0 66.7  13.8 66.5  13.6 66.3  13.4 66.2  13.2 66.0  13.0
  65.8  12.7 65.7  12.4 65.5  12.2 65.4  11.9 65.3  11.5 65.2  11.2 65.0  10.9
  64.9  10.6 64.8  10.2 64.7   9.9 64.5   9.5 64.4   9.1 64.3   8.7 64.1   8.3
  64.0   7.9 63.8   7.3 63.6   6.7 63.4   6.0 63.2   5.4 63.0   4.7 62.7   4.0
  62.5   3.3 62.3   2.6 62.0   1.9 61.8   1.2 61.6   0.4 61.5 359.6 61.3 357.9
  61.1 356.3 61.0 354.7 60.8 353.1 60.6 351.5 60.3 350.0 60.1 348.4 59.8 346.9
  59.6 345.1 59.4 343.4 59.1 341.8 58.8 340.2 58.6 338.7 58.3 337.3 58.0 335.9
  57.8 334.3 57.6 332.7 57.3 331.2 57.1 329.7 56.8 328.2 56.4 326.7 56.3 325.3
  56.1 323.9 56.1 322.6 56.1 321.4 56.1 320.2 56.0 319.1 56.1 317.9 56.2 316.8
  56.3 315.7 56.6 314.6 56.9 313.4
   8 16 59  0.0
  72.5 321.4 72.7 320.7 72.9 320.0 73.1 319.2 73.4 318.4 73.6 317.5 73.8 316.5
  74.0 315.5 74.2 314.6 74.4 313.8 74.7 312.9 74.9 312.1 75.1 311.3 75.3 310.6
  75.5 309.9 75.7 309.2 75.9 308.6 76.0 308.0 76.3 307.8 76.4 307.7 76.6 307.6
  76.7 307.5 76.9 307.5 77.0 307.5 77.2 307.5 77.3 307.5 77.5 307.5 77.7 307.5
  77.9 307.6 78.1 307.6 78.3 307.7 78.6 307.8 78.9 307.9 79.2 308.0 79.5 308.1
  79.8 308.2 80.1 308.3 80.4 308.5 80.8 308.8 81.2 309.2 81.5 309.7 81.9 310.3
  82.2 311.0 82.6 312.3 83.0 313.8 83.4 315.6 83.8 317.6 84.1 320.0 84.5 323.2
  84.9 326.9 85.2 331.1 85.5 335.9 85.7 341.1 85.8 346.8 86.0 352.8 86.0 359.0
  86.1   5.6 86.1   6.1 86.1   6.5 86.1   7.0 86.1   7.4 86.1   7.8 86.0   8.3
  85.9   8.7 85.9   9.1 85.8   9.5 85.7   9.9 85.6  10.3 85.5  10.7 85.4  11.1
  85.3  11.5 85.3  11.9 85.2  12.3 85.0  12.6 84.9  13.0 84.8  13.4 84.7  13.7
  84.5  14.1 84.4  14.4 84.3  14.7 84.2  15.0 84.1  15.3 84.0  15.6 84.0  15.8
  83.9  16.0 83.8  16.2 83.8  16.5 83.7  16.7 83.6  16.9 83.5  17.1 83.4  17.3
  83.3  17.6 83.2  17.8 83.1  18.0 82.9  18.2 82.8  18.5 82.7  18.7 82.6  19.0
  82.4  19.2 82.3  19.4 82.2  19.7 82.1  19.9 82.0  20.1 81.9  20.3 81.8  20.5
  81.7  20.7 81.6  20.9 81.5  21.0 81.4  21.2 81.4  21.4 81.3  21.6 81.2  21.8
  81.1  22.0 81.0  22.2 81.0  22.4 80.9  22.6 80.8  22.8 80.7  23.0 80.6  23.3
  80.4  23.5 80.3  23.7 80.2  23.9 80.1  24.1 79.9  24.3 79.7  24.5 79.5  24.7
  79.3  24.9 79.1  25.1 78.8  25.2 78.5  25.4 78.2  25.6 77.8  25.7 77.5  26.0
  77.1  26.3 76.8  26.6 76.5  26.9 76.3  27.2 76.0  27.5 75.8  27.8 75.6  28.1
  75.4  28.4 75.2  28.7 75.0  29.0 74.8  29.3 74.6  29.6 74.4  29.9 74.2  30.2
  74.0  30.5 73.8  30.6 73.6  30.7 73.4  30.9 73.3  31.0 73.1  31.0 73.0  31.1
  72.8  31.2 72.7  31.2 72.6  31.3 72.5  31.3 72.3  31.4 72.2  31.4 72.0  31.4
  71.9  31.5 71.7  31.4 71.6  31.4 71.4  31.3 71.2  31.3 71.0  31.3 70.8  31.2
  70.6  31.2 70.4  31.1 70.1  31.1 69.9  31.0 69.7  30.8 69.5  30.7 69.3  30.5
  69.1  30.3 68.8  30.1 68.6  29.9 68.3  29.8 68.1  29.6 67.8  29.4 67.6  29.2
  67.3  28.9 67.0  28.6 66.8  28.4 66.5  28.1 66.2  27.9 66.0  27.6 65.7  27.3
  65.5  27.0 65.2  26.7 64.9  26.4 64.7  26.0 64.4  25.7 64.1  25.4 63.8  25.1
  63.5  24.7 63.2  24.3 62.9  23.8 62.6  23.4 62.3  22.9 62.1  22.4 61.8  21.9
  61.5  21.4 61.2  20.9 61.0  20.3 60.7  19.8 60.4  19.2 60.2  18.6 59.9  17.9
  59.7  17.3 59.6  16.7 59.4  16.1 59.3  15.4 59.1  14.7 58.9  14.0 58.8  13.3
  58.6  12.5 58.5  11.8 58.4  11.0 58.3  10.3 58.3   9.5 58.2   8.8 58.2   8.0
  58.2   7.3 58.1   6.5 58.1   5.7 58.1   4.9 58.1   4.1 58.1   3.3 57.9   2.4
  57.7   1.8 57.6   1.1 57.5   0.4 57.4 359.7 57.3 358.3 57.2 356.9 57.1 355.4
  57.0 353.9 57.0 352.4 56.9 350.8
   8 17 59  0.0
  72.5 321.4 72.6 321.6 72.8 321.7 72.9 321.9 73.0 322.0 73.2 322.0 73.3 322.1
  73.4 322.1 73.5 322.1 73.6 322.0 73.7 321.9 73.7 321.8 73.8 321.7 73.9 321.5
  73.9 321.3 74.0 321.0 74.1 320.4 74.2 319.7 74.4 319.0 74.5 318.2 74.7 317.4
  74.9 316.5 75.0 315.6 75.2 314.6 75.4 313.6 75.6 312.5 75.8 311.4 75.9 310.3
  75.9 309.2 76.0 308.1 76.2 307.4 76.2 306.7 76.3 306.2 76.4 305.7 76.6 305.4
  76.7 305.1 76.9 304.9 77.2 304.7 77.4 304.6 77.6 304.6 77.9 304.5 78.1 304.5
  78.4 304.6 78.7 304.8 78.9 304.9 79.2 305.1 79.5 305.2 79.8 305.4 80.0 305.5
  80.3 305.6 80.7 305.7 81.0 305.9 81.3 306.0 81.7 306.2 82.0 306.3 82.5 306.7
  82.9 307.1 83.3 307.6 83.7 308.2 84.1 308.8 84.6 309.8 85.0 311.1 85.4 312.7
  85.7 314.8 86.1 317.4 86.5 321.7 86.9 327.1 87.2 333.8 87.4 342.1 87.6 352.1
  87.6   3.3 87.7   3.8 87.7   4.3 87.7   4.8 87.8   5.3 87.8   5.8 87.8   6.3
  87.8   6.8 87.8   7.2 87.8   7.7 87.8   8.2 87.8   8.6 87.8   9.1 87.7   9.5
  87.7   9.9 87.7  10.3 87.6  10.8 87.5  11.2 87.5  11.6 87.4  12.0 87.3  12.4
  87.2  12.9 87.1  13.3 86.9  13.7 86.8  14.1 86.7  14.5 86.5  14.9 86.3  15.4
  86.2  15.7 86.0  16.1 85.8  16.5 85.7  16.8 85.6  17.1 85.5  17.4 85.4  17.7
  85.3  18.0 85.2  18.3 85.1  18.5 85.0  18.7 84.9  19.0 84.8  19.2 84.7  19.4
  84.6  19.6 84.5  19.8 84.4  20.0 84.2  20.2 84.0  20.4 83.8  20.7 83.7  20.9
  83.5  21.2 83.4  21.4 83.2  21.6 83.0  21.9 82.9  22.1 82.7  22.3 82.6  22.6
  82.4  22.8 82.3  23.0 82.2  23.2 82.0  23.4 81.9  23.6 81.8  23.7 81.7  23.9
  81.7  24.1 81.6  24.3 81.4  24.5 81.3  24.7 81.2  25.0 81.1  25.2 81.0  25.4
  80.9  25.6 80.7  25.8 80.6  26.0 80.5  26.3 80.3  26.5 80.2  26.7 80.0  26.9
  79.8  27.1 79.7  27.3 79.5  27.5 79.3  27.7 79.0  27.8 78.7  28.0 78.5  28.2
  78.2  28.3 77.9  28.5 77.7  28.8 77.4  29.1 77.2  29.5 77.0  29.8 76.7  30.1
  76.5  30.4 76.3  30.8 76.0  31.1 75.8  31.4 75.6  31.7 75.4  32.0 75.2  32.3
  74.9  32.6 74.7  32.9 74.4  33.2 74.1  33.5 73.9  33.8 73.6  33.9 73.4  34.0
  73.2  34.2 73.0  34.3 72.8  34.4 72.6  34.4 72.4  34.5 72.2  34.6 72.0  34.6
  71.8  34.7 71.7  34.6 71.5  34.6 71.3  34.6 71.1  34.6 70.9  34.5 70.7  34.5
  70.5  34.5 70.2  34.4 70.0  34.4 69.8  34.2 69.5  34.0 69.3  33.9 69.0  33.7
  68.8  33.5 68.5  33.3 68.3  33.1 68.0  33.0 67.8  32.8 67.5  32.5 67.2  32.2
  67.0  32.0 66.7  31.7 66.5  31.4 66.2  31.2 65.9  30.9 65.7  30.6 65.4  30.3
  65.2  29.9 64.9  29.6 64.7  29.3 64.4  29.0 64.1  28.7 63.9  28.3 63.6  28.0
  63.3  27.6 63.1  27.3 62.8  26.9 62.5  26.5 62.2  26.1 61.9  25.7 61.7  25.3
  61.4  24.9 61.2  24.4 60.9  24.0 60.7  23.5 60.5  23.0 60.2  22.5 60.0  22.0
  59.8  21.5 59.6  21.1 59.5  20.6 59.4  20.2 59.3  19.7 59.1  19.2 59.0  18.7
  59.0  18.2 58.9  17.6 58.8  17.0
   8 18 59  0.0
  72.5 321.4 72.7 321.9 72.9 322.3 73.2 322.7 73.4 323.2 73.6 323.6 73.8 323.9
  74.0 324.3 74.2 324.6 74.4 325.0 74.6 325.4 74.9 325.8 75.1 326.3 75.3 326.8
  75.5 327.3 75.7 327.7 75.9 328.2 76.1 328.7 76.3 329.3 76.5 329.8 76.7 330.3
  76.9 330.9 77.1 331.4 77.4 332.0 77.6 332.5 77.8 333.0 78.1 333.4 78.4 333.6
  78.6 333.8 78.9 333.9 79.1 333.9 79.3 333.8 79.5 333.6 79.7 333.4 79.9 333.0
  80.0 332.5 80.2 333.3 80.3 334.1 80.5 335.0 80.6 336.0 80.8 336.9 80.9 337.8
  81.0 338.8 81.1 339.8 81.3 340.8 81.4 341.7 81.5 342.7 81.6 343.7 81.7 344.6
  81.8 345.5 81.9 346.3 82.0 347.1 82.2 348.5 82.2 349.8 82.3 351.1 82.4 352.3
  82.4 353.5 82.5 354.6 82.5 355.7 82.6 356.7 82.6 357.6 82.6 358.5 82.6 359.5
  82.7   0.4 82.8   0.5 82.8   0.6 82.9   0.8 83.0   0.9 83.1   1.0 83.2   1.2
  83.4   1.3 83.5   1.5 83.6   1.7 83.8   1.8 83.9   2.0 84.1   2.2 84.2   2.5
  84.4   2.8 84.5   3.1 84.7   3.5 84.8   3.8 84.9   4.1 84.9   4.4 85.0   4.7
  85.0   5.0 85.0   5.4 85.0   5.7 85.1   6.0 85.1   6.3 85.1   6.7 85.1   7.0
  85.1   7.4 85.1   7.8 85.1   8.1 85.1   8.5 85.0   8.9 85.0   9.3 84.9   9.7
  84.8  10.1 84.8  10.5 84.7  10.9 84.6  11.3 84.5  11.7 84.4  12.1 84.2  12.5
  83.9  12.8 83.7  13.0 83.5  13.2 83.3  13.4 83.0  13.5 82.7  13.7 82.4  13.9
  82.1  14.1 81.8  14.3 81.6  14.2 81.4  14.1 81.2  14.1 81.0  14.1 80.8  14.1
  80.7  14.1 80.5  14.1 80.4  14.2 80.3  14.2 80.2  14.3 80.1  14.3 80.0  14.4
  79.9  14.2 79.8  14.1 79.7  13.9 79.7  13.8 79.6  13.7 79.5  13.6 79.5  13.5
  79.4  13.4 79.4  13.4 79.3  13.3 79.3  13.3 79.2  13.2 79.2  13.2 79.2  13.2
  79.2  13.2 79.1  13.2 79.1  13.2 79.1  13.2 79.1  13.2 79.1  13.2 79.1  13.2
  79.1  13.3 79.1  13.3 79.1  13.4 79.1  13.4 79.1  13.5 79.1  13.5 79.1  13.6
  79.1  13.6 79.1  13.7 79.1  13.8 79.1  13.9 79.1  14.0 79.1  14.0 79.1  14.2
  79.1  14.3 79.1  14.4 79.0  14.5 79.0  14.6 79.0  14.8 78.9  14.9 78.9  15.1
  78.8  15.3 78.8  15.4 78.7  15.6 78.6  15.8 78.5  16.0 78.3  16.2 78.1  16.4
  77.9  16.6 77.7  16.7 77.4  16.8 77.2  17.0 76.9  17.2 76.6  17.4 76.3  17.6
  76.0  17.9 75.7  18.1 75.5  18.2 75.3  18.3 75.1  18.4 74.9  18.5 74.8  18.7
  74.6  18.8 74.5  19.0 74.3  19.2 74.2  19.3 74.1  19.5 74.0  19.7 73.9  19.8
  73.8  19.9 73.8  19.9 73.7  20.0 73.7  20.0 73.6  20.0 73.6  20.1 73.5  20.1
  73.5  20.1 73.4  20.1 73.4  20.1 73.3  20.1 73.3  20.1 73.2  20.1 73.2  20.1
  73.1  20.1 73.0  20.1 72.9  20.1 72.8  20.1 72.7  20.1 72.5  20.1 72.4  20.2
  72.2  20.2 72.1  20.2 71.9  20.2 71.8  20.1 71.6  20.0 71.4  19.9 71.3  19.8
  71.1  19.7 70.9  19.6 70.8  19.5 70.6  19.4 70.4  19.3 70.1  19.3 69.9  19.2
  69.7  19.0 69.5  18.8 69.2  18.7 69.0  18.5 68.8  18.3 68.5  18.1 68.3  18.0
  68.0  17.8 67.8  17.6 67.6  17.3
   8 19 59  0.0
  72.5 321.4 72.6 321.3 72.8 321.2 72.9 321.1 73.1 321.1 73.2 321.0 73.3 320.9
  73.5 320.9 73.6 320.9 73.8 320.8 73.9 320.8 74.0 320.8 74.2 320.4 74.3 320.1
  74.5 319.8 74.6 319.6 74.8 319.4 75.0 319.2 75.1 319.1 75.3 319.1 75.5 319.1
  75.6 319.1 75.8 319.2 76.0 319.4 76.1 319.6 76.3 319.6 76.5 319.6 76.7 319.7
  76.9 319.9 77.1 320.0 77.3 320.2 77.5 320.5 77.7 320.8 77.9 321.1 78.1 321.5
  78.3 321.9 78.5 322.4 78.7 322.8 78.9 323.3 79.1 323.8 79.3 324.2 79.5 324.7
  79.7 325.2 79.9 325.7 80.1 326.2 80.3 326.4 80.6 326.4 80.8 326.5 81.0 326.5
  81.2 326.4 81.4 326.4 81.6 326.5 81.8 326.6 81.9 326.9 82.1 327.3 82.3 328.0
  82.4 328.9 82.6 329.9 82.8 331.1 82.9 332.5 83.1 334.2 83.2 335.9 83.4 337.8
  83.5 339.6 83.7 341.5 83.8 343.3 84.0 345.2 84.1 347.1 84.4 348.9 84.6 350.8
  84.8 353.0 85.0 355.3 85.3 357.9 85.5   0.7 85.7   0.9 85.9   1.1 86.1   1.4
  86.4   1.7 86.7   2.1 87.0   2.5 87.2   2.8 87.4   3.2 87.5   3.6 87.7   4.0
  87.9   4.3 88.0   4.7 88.1   5.1 88.2   5.5 88.4   5.9 88.5   6.3 88.7   6.7
  88.8   7.1 88.9   7.6 89.0   8.0 89.1   8.4 89.2   8.9 89.3   9.3 89.4   9.7
  89.5  10.2 89.6  10.6 89.7  11.1 89.8  11.5 89.9  11.9 90.0 192.4 89.8  78.1
  89.8  78.3 89.8  78.5 89.8  78.7 89.8  79.0 89.9  79.2 89.9  79.4 90.0  79.6
  90.0 259.8 89.9 203.9 89.8  91.8 89.7 119.0 89.5 120.0 89.3 120.6 89.1 121.0
  88.8 121.3 88.6 121.6 88.4 121.9 88.1 122.0 87.8 122.0 87.6 121.9 87.4 121.8
  87.2 121.6 87.0 121.4 86.8 121.1 86.6 120.8 86.4 120.5 86.2 120.1 86.0 119.8
  85.8 119.4 85.7 119.1 85.6 118.6 85.5 117.9 85.4 117.0 85.4 115.9 85.3 114.6
  85.2 113.0 85.1 111.2 85.0 109.2 84.9 106.9 84.7 104.6 84.5 102.0 84.3  99.6
  84.0  97.2 83.7  95.6 83.4  94.0 83.1  92.5 82.8  91.1 82.4  89.7 82.1  88.5
  81.7  87.2 81.4  86.3 81.1  85.4 80.7  84.4 80.4  83.5 80.0  82.6 79.6  81.7
  79.3  80.9 78.9  80.1 78.6  79.3 78.1  79.2 77.7  79.0 77.3  78.9 76.9  78.8
  76.6  78.8 76.1  78.7 75.7  78.6 75.4  78.5 75.0  78.5 74.6  78.4 74.2  78.3
  73.8  78.2 73.4  78.2 73.1  78.1 72.7  78.0 72.4  78.0 72.0  77.9 71.6  77.8
  71.3  77.7 71.0  77.7 70.7  77.7 70.4  77.7 70.1  77.7 69.8  77.8 69.6  77.8
  69.3  77.9 69.1  78.0 68.8  78.1 68.5  78.2 68.3  78.3 68.0  78.5 67.8  78.6
  67.5  78.7 67.3  78.9 67.1  79.1 66.9  79.2 66.7  79.4 66.5  79.6 66.2  79.8
  66.0  80.0 65.8  80.2 65.6  80.7 65.3  81.3 65.1  81.9 64.9  82.5 64.6  83.1
  64.4  83.8 64.1  84.4 63.8  85.1 63.5  85.7 63.2  86.4 62.9  87.0 62.6  87.6
  62.3  88.2 62.0  88.8 61.7  89.2 61.4  89.7 61.1  90.1 60.8  90.6 60.5  91.0
  60.1  91.4 59.8  91.8 59.5  92.0 59.2  92.1 58.9  92.2 58.6  92.4 58.3  92.5
  58.0  92.6 57.7  92.5 57.4  92.3 57.1  92.2 56.8  92.1 56.5  92.0 56.2  92.0
  55.9  91.9 55.6  91.6 55.4  91.4
   8 20 59  0.0
  72.5 321.4 72.7 320.7 72.8 320.1 73.0 319.5 73.2 318.9 73.4 318.3 73.6 317.8
  73.8 317.3 73.9 316.8 74.1 316.3 74.3 315.7 74.5 315.2 74.7 314.6 74.8 314.1
  75.0 313.5 75.2 313.0 75.3 312.5 75.5 312.0 75.6 311.6 75.7 311.1 75.9 310.6
  76.0 310.2 76.1 309.8 76.2 309.2 76.3 308.7 76.4 308.2 76.5 307.7 76.6 307.2
  76.8 306.7 76.9 306.2 77.0 305.7 77.2 305.3 77.3 304.9 77.5 304.6 77.7 304.3
  77.9 304.0 78.2 303.8 78.4 303.4 78.6 303.1 78.9 302.8 79.1 302.6 79.3 302.4
  79.5 302.2 79.8 302.1 80.0 302.0 80.2 302.0 80.4 302.1 80.6 302.2 80.8 302.3
  81.0 302.5 81.2 302.7 81.4 302.8 81.5 303.0 81.7 303.2 81.8 303.3 82.0 303.5
  82.1 303.7 82.2 304.0 82.3 304.3 82.5 304.7 82.5 305.1 82.6 305.4 82.7 305.8
  82.8 306.0 82.9 306.2 83.0 306.3 83.1 306.4 83.2 306.4 83.3 306.3 83.4 306.2
  83.5 305.9 83.6 305.6 83.8 305.2 83.9 304.7 84.0 304.3 84.2 304.0 84.3 303.8
  84.5 303.7 84.6 303.7 84.7 303.9 84.9 304.2 85.0 304.6 85.2 305.2 85.3 306.0
  85.4 307.0 85.6 308.1 85.7 309.4 85.9 310.7 86.1 312.2 86.4 312.8 86.7 313.6
  87.0 314.7 87.3 316.2 87.6 318.2 87.9 320.9 88.1 324.5 88.5 330.1 88.8 339.4
  89.1 355.2 89.3  21.7 89.4  22.1 89.5  22.6 89.6  23.0 89.7  23.4 89.7  23.9
  89.8  24.3 89.9  24.7 89.9  25.1 90.0  25.5 89.9 206.0 89.7 110.0 89.5 124.3
  89.3 127.9 89.0 129.1 88.7 129.4 88.4 129.4 88.1 129.1 87.7 128.8 87.5 128.4
  87.2 127.9 86.8 127.4 86.5 126.9 86.1 126.5 85.6 126.1 85.4 126.1 85.1 126.1
  84.8 126.0 84.6 125.8 84.4 125.6 84.2 125.4 84.1 125.1 83.9 124.7 83.8 124.8
  83.8 124.9 83.7 125.0 83.7 125.2 83.6 125.5 83.6 125.9 83.5 126.4 83.4 127.0
  83.4 127.6 83.3 128.4 83.3 129.2 83.2 130.1 83.1 131.2 83.1 132.3 83.0 133.6
  83.0 135.0 83.0 136.4 83.0 138.1 83.0 139.8 83.1 141.8 83.1 143.9 83.1 146.2
  83.2 148.6 83.1 151.2 83.1 153.9 83.1 156.7 83.0 159.6 83.0 162.4 83.0 165.3
  82.9 168.2 82.8 171.0 82.8 173.7 82.7 176.5 82.6 179.2 82.5 181.8 82.4 184.3
  82.2 186.7 82.1 189.0 82.0 190.9 81.9 192.9 81.8 194.5 81.7 195.8 81.7 196.9
  81.6 197.6 81.6 198.1 81.5 198.4 81.5 198.5 81.4 198.4 81.4 198.1 81.3 197.6
  81.3 197.2 81.2 196.8 81.2 196.5 81.1 196.1 81.1 195.8 81.0 195.5 81.0 195.2
  80.9 194.9 80.8 194.6 80.8 194.3 80.8 194.0 80.7 193.7 80.7 193.4 80.7 193.1
  80.7 192.8 80.7 192.5 80.6 192.2 80.6 191.9 80.6 191.6 80.6 191.3 80.5 191.1
  80.5 190.8 80.5 190.5 80.4 190.3 80.4 190.0 80.4 189.7 80.5 189.3 80.5 188.9
  80.5 188.6 80.6 188.1 80.6 187.7 80.7 187.2 80.7 186.7 80.8 186.2 80.9 185.6
  81.0 185.0 81.1 184.4 81.2 183.7 81.3 183.0 81.4 182.3 81.5 181.6 81.6 180.9
  81.8 180.2 81.9 179.4 81.9 178.6 82.0 177.8 82.2 176.5 82.3 175.3 82.4 174.1
  82.5 172.9 82.6 171.8 82.6 170.7 82.7 169.7 82.8 168.8 82.9 167.9 83.0 167.0
  83.0 166.2 83.1 165.5 83.2 164.7
   8 21 59  0.0
  72.5 321.4 72.5 320.7 72.5 320.0 72.5 319.3 72.5 318.5 72.5 317.8 72.6 317.0
  72.6 316.3 72.6 315.6 72.7 314.8 72.8 314.1 72.9 313.4 73.0 312.7 73.1 312.1
  73.2 311.5 73.3 310.9 73.4 310.3 73.5 309.7 73.6 309.2 73.8 308.8 73.9 308.3
  74.1 307.9 74.2 307.1 74.3 306.3 74.4 305.5 74.5 304.7 74.5 304.0 74.6 303.3
  74.6 302.6 74.6 302.0 74.6 301.5 74.6 301.0 74.6 300.6 74.7 300.3 74.7 299.9
  74.7 299.7 74.7 299.5 74.7 299.3 74.7 299.1 74.7 298.9 74.7 298.7 74.7 298.5
  74.8 298.2 74.8 298.0 74.9 297.7 74.9 297.4 75.0 297.0 75.1 296.6 75.1 296.2
  75.2 295.8 75.3 295.4 75.3 295.0 75.4 294.8 75.5 294.5 75.5 294.4 75.6 294.3
  75.6 294.2 75.7 294.2 75.7 294.3 75.8 294.4 75.8 294.6 75.8 294.8 75.9 295.1
  75.9 295.3 75.9 295.6 75.9 295.9 75.9 296.2 75.9 296.6 75.9 296.9 76.0 297.3
  76.0 297.7 76.0 298.1 76.0 298.6 76.0 299.0 76.0 299.5 76.0 299.9 76.0 300.3
  76.0 300.8 76.1 301.2 76.1 301.5 76.1 301.9 76.1 302.3 76.2 302.6 76.2 302.9
  76.2 303.2 76.1 303.5 76.1 303.9 76.1 304.2 76.2 304.5 76.2 304.9 76.3 305.2
  76.4 305.6 76.5 306.0 76.5 306.3 76.6 306.8 76.7 307.2 76.8 307.6 76.9 308.0
  77.0 308.4 77.1 308.7 77.2 308.8 77.3 308.9 77.4 308.9 77.5 308.8 77.6 308.6
  77.7 308.3 77.8 307.9 77.8 307.5 77.9 307.0 77.9 306.4 77.9 305.8 78.0 305.2
  78.0 304.5 78.0 304.3 78.1 304.2 78.1 304.1 78.2 304.0 78.2 303.9 78.2 303.9
  78.2 303.9 78.2 303.9 78.2 304.0 78.2 304.0 78.3 304.1 78.4 304.2 78.6 304.2
  78.8 304.3 79.0 304.4 79.2 304.5 79.5 304.6 79.8 304.8 80.1 304.9 80.5 305.9
  81.0 306.9 81.4 307.8 81.8 308.7 82.2 309.6 82.7 311.0 83.1 312.4 83.5 313.7
  83.9 315.1 84.2 316.4 84.7 317.8 85.1 319.4 85.5 321.2 85.9 323.1 86.2 325.4
  86.7 329.3 87.0 334.3 87.4 340.6 87.6 348.6 87.7 358.1 87.8   8.9 87.9   9.4
  87.9   9.8 88.0  10.2 88.0  10.7 88.1  11.1 88.2  11.5 88.2  12.0 88.3  12.4
  88.4  12.9 88.5  13.3 88.6  13.8 88.7  14.3 88.8  14.7 88.9  15.2 89.0  15.7
  89.1  16.2 89.2  16.7 89.3  17.2 89.5  17.6 89.6  18.1 89.8  18.6 89.9 199.0
  89.8  72.2 89.7  72.3 89.5  72.5 89.3  72.7 89.1  72.8 88.9  72.9 88.6  73.0
  88.4  73.1 88.1  73.2 87.8  73.3 87.6  73.4 87.4  73.5 87.1  73.5 86.8  73.6
  86.4  73.7 86.0  73.7 85.5  73.8 85.1  73.8 84.7  73.9 84.2  73.9 83.6  73.9
  83.2  74.0 82.7  74.1 82.1  74.1 81.5  74.2 81.0  74.2 80.4  74.2 79.9  74.2
  79.4  74.1 78.9  74.0 78.4  73.9 77.9  73.8 77.4  73.7 77.0  73.6 76.5  73.5
  76.1  73.4 75.6  73.3 75.2  73.3 74.8  73.2 74.4  73.2 74.0  73.2 73.6  73.2
  73.2  73.2 72.8  73.2 72.5  73.1 72.1  73.1 71.7  73.1 71.4  73.0 71.1  73.0
  70.8  72.9 70.5  72.9 70.2  72.8 70.0  72.7 69.7  72.6 69.5  72.6 69.3  72.5
  69.0  72.5 68.8  72.5 68.6  72.5 68.4  72.4 68.2  72.4 68.0  72.5 67.8  72.5
  67.6  72.5 67.4  72.5 67.2  72.6
   8 22 59  0.0
  72.5 321.4 72.7 320.9 72.9 320.4 73.1 319.8 73.3 319.1 73.4 318.3 73.6 317.4
  73.8 316.5 74.0 315.5 74.2 314.6 74.5 313.6 74.7 312.5 74.9 311.4 75.1 310.2
  75.3 308.8 75.4 307.4 75.4 305.8 75.5 304.2 75.5 302.5 75.6 300.8 75.6 299.1
  75.7 297.3 75.7 295.5 75.8 293.7 76.0 292.0 76.1 290.3 76.2 289.2 76.4 288.2
  76.5 287.2 76.7 286.3 76.8 285.5 77.0 284.7 77.1 284.0 77.2 283.4 77.4 282.8
  77.5 282.3 77.6 281.8 77.7 281.3 77.9 280.9 78.0 280.6 78.1 280.2 78.2 279.8
  78.4 279.4 78.5 279.0 78.6 278.6 78.7 278.3 78.8 277.9 78.9 277.6 78.9 277.3
  79.0 277.0 79.0 276.7 79.1 276.4 79.2 276.1 79.3 275.7 79.3 275.3 79.4 274.9
  79.5 274.4 79.6 274.0 79.7 273.4 79.8 272.9 80.0 272.3 80.1 271.7 80.3 270.9
  80.4 270.2 80.5 269.6 80.6 269.0 80.8 268.5 80.9 268.1 81.0 267.7 81.1 267.4
  81.2 267.2 81.3 267.0 81.4 267.0 81.5 267.0 81.6 267.1 81.6 267.3 81.7 267.5
  81.7 267.8 81.7 268.2 81.7 268.6 81.7 269.1 81.7 269.7 81.7 270.4 81.6 271.1
  81.6 271.9 81.5 272.7 81.4 273.6 81.4 274.6 81.3 275.6 81.2 276.6 81.1 277.7
  81.0 278.8 80.9 279.9 80.7 281.0 80.7 282.1 80.6 283.1 80.5 284.1 80.5 285.0
  80.4 285.9 80.3 286.7 80.2 287.4 80.0 288.1 79.9 288.8 79.9 289.3 79.8 289.8
  79.7 290.2 79.5 290.6 79.4 291.0 79.3 291.3 79.2 291.6 79.0 291.9 78.9 292.2
  78.8 292.4 78.7 292.7 78.6 292.9 78.4 293.1 78.3 293.3 78.2 293.4 78.0 293.6
  77.9 293.7 77.8 294.2 77.6 294.6 77.5 295.1 77.4 295.5 77.2 295.8 77.1 296.1
  77.1 296.4 77.0 296.6 76.9 296.8 76.8 296.9 76.7 297.0 76.6 297.0 76.5 297.0
  76.4 296.9 76.2 296.9 76.0 296.8 75.9 296.7 75.7 296.6 75.5 296.4 75.2 296.2
  75.0 296.1 74.7 295.9 74.3 295.6 73.9 295.4 73.5 295.4 73.1 295.4 72.7 295.3
  72.4 295.2 72.0 295.1 71.7 294.8 71.5 294.8 71.2 294.7 71.0 294.7 70.8 294.6
  70.6 294.4 70.4 294.3 70.2 294.2 70.0 294.0 69.8 293.8 69.6 293.9 69.4 293.9
  69.1 293.8 68.8 293.7 68.5 293.4 68.2 293.1 67.8 292.8 67.4 292.4 67.1 292.0
  66.6 291.5 66.2 291.0 65.8 290.4 65.4 289.9 65.0 289.4 64.6 288.8 64.3 288.3
  63.9 287.7 63.6 287.0 63.4 286.2 63.1 285.4 62.9 284.5 62.7 283.5 62.5 282.5
  62.4 281.5 62.2 280.5 62.1 279.4 61.8 278.4 61.6 277.6 61.4 276.7 61.2 275.8
  61.0 274.8 60.8 273.8 60.6 272.8 60.5 271.7 60.4 270.6 60.3 269.4 60.2 268.2
  60.2 267.0 60.1 265.7 60.0 264.4 59.9 263.3 59.8 262.1 59.7 260.9 59.7 259.6
  59.7 258.3 59.7 256.9 59.7 255.6 59.7 254.3 59.8 253.1 59.9 251.8 60.1 250.6
  60.3 249.1 60.5 247.6 60.8 246.1 61.1 244.7 61.4 243.4 61.8 242.2 62.2 241.1
  62.6 239.9 63.1 238.7 63.6 237.7 64.1 236.7 64.6 235.4 65.1 234.2 65.6 233.2
  66.1 232.2 66.6 231.2 67.2 230.3 67.7 229.5 68.3 228.8 68.8 227.9 69.3 227.0
  69.8 226.1 70.3 225.2 70.8 224.1 71.4 222.9 71.8 221.7 72.2 220.5 72.7 219.3
  73.0 218.1 73.4 216.9 73.8 215.6
   8 23 59  0.0
  72.5 321.4 72.6 320.8 72.8 320.1 72.9 319.5 73.1 318.9 73.1 318.4 73.2 317.8
  73.3 317.3 73.4 316.8 73.4 316.3 73.4 315.8 73.5 315.3 73.5 314.9 73.4 314.4
  73.5 313.9 73.5 313.3 73.5 312.6 73.5 311.9 73.6 311.0 73.6 310.0 73.7 308.9
  73.8 307.7 73.9 306.3 74.0 304.9 74.2 303.3 74.4 301.5 74.5 299.5 74.7 297.3
  74.9 295.1 75.0 292.8 75.2 290.7 75.4 288.7 75.5 287.0 75.7 285.6 75.8 284.3
  76.0 283.2 76.1 282.3 76.3 281.4 76.4 280.6 76.6 279.8 76.7 279.2 76.7 278.6
  76.8 278.1 76.9 277.7 77.1 277.3 77.2 277.0 77.4 276.7 77.6 276.5 77.9 276.3
  78.2 276.2 78.5 275.9 78.8 275.6 79.1 275.2 79.3 274.8 79.6 274.4 79.8 274.0
  80.0 273.5 80.3 272.9 80.6 272.2 80.8 271.5 80.9 270.6 81.1 269.7 81.2 268.8
  81.3 268.0 81.5 267.3 81.5 266.6 81.6 266.0 81.6 265.5 81.7 265.1 81.7 264.8
  81.8 264.6 81.8 264.5 81.9 264.6 81.9 264.7 82.0 264.8 82.0 264.7 82.1 265.8
  82.2 266.7 82.2 267.5 82.3 268.3 82.5 268.9 82.6 269.5 82.8 270.0 82.9 270.5
  83.1 270.8 83.3 271.1 83.4 271.5 83.6 271.8 83.8 272.2 84.0 272.7 84.2 273.2
  84.5 274.9 84.7 276.7 85.0 278.5 85.3 280.4 85.7 282.5 86.1 284.7 86.7 291.1
  87.1 299.4 87.4 310.1 87.4 322.3 87.4 334.7 87.2 345.9 86.9 354.9 86.4   1.5
  85.8   1.8 85.4   2.1 85.0   2.4 84.6   2.6 84.2   2.9 83.9   3.2 83.6   3.4
  83.4   3.5 83.2   3.7 83.0   3.9 82.8   4.1 82.6   4.3 82.4   4.5 82.3   4.6
  82.1   4.8 82.0   5.0 81.9   5.0 81.8   5.0 81.7   5.0 81.7   4.9 81.6   4.9
  81.5   4.9 81.5   4.9 81.5   4.9 81.5   4.9 81.5   4.9 81.5   4.9 81.6   4.9
  81.7   4.9 81.7   5.0 81.8   5.0 81.8   5.0 81.9   5.0 82.0   5.0 82.0   5.1
  82.1   5.1 82.1   5.2 82.2   5.3 82.3   5.4 82.3   5.4 82.3   5.5 82.4   5.5
  82.4   5.6 82.4   5.6 82.5   5.7 82.5   5.7 82.5   5.8 82.5   5.8 82.5   5.9
  82.5   5.9 82.5   5.9 82.5   6.0 82.5   6.0 82.5   6.1 82.6   6.1 82.6   6.2
  82.6   6.2 82.6   6.3 82.6   6.3 82.6   6.4 82.7   6.4 82.7   6.5 82.7   6.6
  82.8   6.6 82.8   6.7 82.9   6.7 82.9   6.8 83.0   6.8 83.1   6.9 83.1   7.0
  83.2   7.0 83.3   7.1 83.3   7.2 83.4   7.2 83.5   7.3 83.5   7.4 83.6   7.4
  83.7   7.5 83.7   7.6 83.8   7.7 83.9   7.8 84.0   7.9 84.2   8.2 84.3   8.5
  84.4   8.8 84.5   9.2 84.6   9.5 84.7   9.8 84.9  10.2 85.0  10.5 85.0  10.9
  85.1  11.2 85.2  11.5 85.2  11.8 85.3  12.2 85.3  12.5 85.3  12.8 85.3  13.1
  85.3  13.4 85.2  13.7 85.2  14.0 85.1  14.2 85.1  14.5 85.0  14.8 85.0  15.1
  84.9  15.5 84.8  15.8 84.7  16.1 84.6  16.4 84.5  16.8 84.3  17.1 84.2  17.5
  84.1  17.8 83.9  18.2 83.7  18.4 83.6  18.5 83.4  18.7 83.2  18.9 83.0  19.0
  82.7  19.2 82.4  19.3 82.1  19.4 81.8  19.6 81.5  19.4 81.2  19.2 80.9  19.0
  80.6  18.8 80.3  18.7 80.1  18.6 79.8  18.5 79.6  18.2 79.4  17.9 79.3  17.6
  79.1  17.3 79.0  17.1 78.9  16.9
   8 24 59  0.0
  72.5 321.4 72.6 321.1 72.6 320.8 72.7 320.5 72.8 320.2 72.8 319.9 72.8 319.7
  72.8 319.4 72.8 319.2 72.7 319.0 72.7 318.8 72.6 318.7 72.5 318.5 72.5 318.4
  72.4 318.2 72.3 318.0 72.3 317.7 72.3 317.4 72.3 317.0 72.3 316.6 72.4 316.2
  72.4 315.6 72.5 315.1 72.7 314.4 72.8 313.7 72.9 312.8 73.0 312.0 73.2 311.2
  73.3 310.3 73.3 309.5 73.4 308.6 73.5 307.6 73.6 306.7 73.7 305.7 73.8 304.7
  73.9 303.7 74.0 302.7 74.2 302.3 74.4 301.7 74.6 300.9 74.7 299.9 74.9 298.8
  75.0 297.4 75.1 295.8 75.3 294.0 75.4 292.1 75.6 290.0 75.8 288.0 75.9 286.0
  76.1 284.3 76.3 283.6 76.5 282.9 76.8 282.3 77.1 281.7 77.4 281.1 77.7 280.5
  78.1 279.9 78.3 280.1 78.7 280.2 79.1 280.1 79.5 279.9 79.7 279.6 79.9 279.3
  80.2 279.0 80.5 279.5 80.8 280.0 81.0 280.5 81.3 281.0 81.6 281.5 81.9 282.1
  82.1 282.8 82.3 284.2 82.5 285.7 82.6 287.3 82.8 289.1 82.9 290.9 83.0 292.8
  83.0 294.7 83.1 296.7 83.1 298.7 83.1 300.7 83.1 302.6 83.1 304.6 83.1 306.5
  83.1 308.4 83.1 310.3 83.2 312.3 83.2 314.3 83.2 316.3 83.3 318.4 83.3 320.5
  83.4 322.5 83.4 324.6 83.4 326.6 83.4 328.6 83.4 330.7 83.4 332.6 83.4 334.6
  83.3 336.4 83.2 338.3 83.1 340.0 82.9 341.7 82.8 343.3 82.6 344.8 82.4 346.2
  82.1 347.5 81.9 348.7 81.7 349.7 81.5 350.7 81.2 351.7 81.0 352.6 80.8 353.5
  80.6 354.4 80.4 355.3 80.2 356.2 79.9 357.0 79.8 357.7 79.6 358.4 79.4 359.2
  79.3 359.9 79.1   0.7 79.0   0.8 78.8   1.0 78.6   1.1 78.4   1.2 78.2   1.3
  78.0   1.4 77.8   1.5 77.6   1.5 77.3   1.5 77.1   1.5 76.8   1.5 76.5   1.5
  76.2   1.5 75.9   1.4 75.6   1.4 75.2   1.4 74.9   1.4 74.6   1.3 74.2   1.3
  73.8   1.2 73.4   1.2 73.1   1.2 72.7   1.2 72.3   1.2 71.9   1.1 71.5   1.1
  71.1   1.1 70.7   1.1 70.2   1.1 69.8   1.1 69.3   1.1 68.8   1.1 68.3   1.1
  67.7   1.2 67.2   1.1 66.6   1.1 65.9   1.1 65.3   0.9 64.8   0.8 64.2   0.6
  63.6   0.5 63.1   0.2 62.6 360.0 62.2 359.5 61.7 359.0 61.2 358.4 60.8 357.8
  60.4 357.3 59.9 356.8 59.5 355.7 59.2 354.6 59.0 353.5 58.7 352.4 58.4 351.3
  58.1 350.2 57.9 349.1 57.6 347.8 57.4 346.4 57.1 345.0 56.9 343.6 56.9 342.1
  56.9 340.6 56.8 339.1 56.9 337.6 57.0 336.3 57.1 335.0 57.3 333.8 57.6 332.7
  57.8 331.7 58.1 330.8 58.4 330.3 58.7 329.8 59.0 329.3 59.3 328.9 59.6 328.4
  59.9 327.9 60.3 327.5 60.7 327.4 61.1 327.2 61.5 327.0 61.9 326.8 62.3 326.5
  62.7 326.5 63.1 326.5 63.5 326.4 63.8 326.3 64.1 326.1 64.4 326.6 64.6 327.1
  64.8 327.5 65.0 327.9 65.2 328.2 65.0 328.4 64.8 328.6 64.6 328.8 64.4 328.9
  64.1 328.9 63.8 328.9 63.6 328.5 63.4 328.0 63.2 327.5 63.3 327.0 63.4 326.5
  63.5 325.9 63.6 325.3 63.7 324.7 63.8 324.1 63.9 323.4 64.5 322.8 65.1 322.9
  65.5 323.0 66.0 323.0 66.4 323.0 66.7 323.0 67.1 322.9 67.5 322.7 67.8 322.5
  68.1 322.1 68.5 321.6 68.8 321.2
   8 25 59  0.0
  72.5 321.4 72.5 321.3 72.5 321.3 72.5 321.2 72.6 321.2 72.6 321.3 72.6 321.3
  72.7 321.4 72.7 321.5 72.8 321.6 72.8 321.8 72.9 322.0 72.9 322.2 73.0 322.4
  73.0 322.6 73.1 322.8 73.1 322.9 73.2 323.0 73.3 323.0 73.3 323.0 73.4 322.9
  73.5 322.8 73.5 322.6 73.6 322.3 73.7 322.0 73.8 321.6 73.9 321.3 73.9 321.0
  74.0 320.7 74.0 320.4 74.1 320.4 74.1 320.3 74.1 320.3 74.1 320.2 74.1 320.2
  74.1 320.1 74.1 320.1 74.0 320.0 74.0 320.0 74.0 319.7 73.9 319.4 73.9 319.1
  73.9 318.7 74.0 318.2 74.0 317.7 74.1 317.2 74.1 316.9 74.2 316.7 74.3 316.4
  74.5 316.0 74.6 315.7 74.7 315.3 74.8 315.0 74.8 314.7 74.9 314.4 74.9 314.1
  74.9 313.8 74.9 313.5 74.9 313.3 74.9 313.0 74.8 312.7 74.8 312.5 74.7 312.2
  74.7 311.8 74.7 311.4 74.7 310.8 74.7 310.2 74.7 309.5 74.7 308.6 74.7 307.7
  74.8 306.5 74.8 305.1 74.9 303.5 75.0 301.6 75.2 299.6 75.3 297.3 75.4 295.0
  75.6 292.7 75.8 290.5 76.0 288.5 76.3 287.3 76.5 286.1 76.8 285.0 77.0 283.9
  77.3 282.9 77.5 281.8 77.8 280.9 78.1 280.0 78.5 279.7 78.7 279.4 79.0 279.2
  79.2 278.9 79.5 278.6 79.8 278.3 80.1 278.0 80.5 278.1 80.8 278.2 81.1 278.2
  81.4 278.2 81.7 278.2 81.9 278.1 82.1 277.9 82.3 278.8 82.6 279.8 82.8 280.9
  82.9 282.0 83.0 283.2 83.0 284.5 83.1 285.7 83.2 287.0 83.2 288.3 83.3 289.7
  83.3 291.0 83.4 292.3 83.4 293.7 83.5 295.0 83.5 296.3 83.6 297.6 83.7 298.8
  83.7 300.0 83.8 301.2 83.9 302.4 84.0 303.4 84.1 304.5 84.2 306.8 84.3 309.3
  84.5 311.9 84.6 314.7 84.7 317.7 84.8 320.9 84.8 324.3 84.7 327.8 84.7 331.4
  84.6 335.0 84.3 338.3 84.0 341.2 83.7 342.5 83.5 343.7 83.2 344.8 82.9 345.8
  82.6 346.8 82.3 347.7 82.0 348.6 81.8 349.4 81.6 350.3 81.4 351.2 81.2 352.0
  81.0 352.8 80.8 353.7 80.6 354.4 80.4 355.2 80.2 355.9 80.0 356.6 79.8 357.0
  79.5 357.3 79.3 357.5 79.1 357.7 78.8 357.8 78.5 357.9 78.3 358.0 78.0 358.1
  77.7 357.8 77.4 357.6 77.1 357.3 76.8 357.0 76.5 356.6 76.1 356.3 75.7 355.9
  75.5 355.7 75.3 355.4 75.1 355.1 74.9 354.8 74.6 354.6 74.4 354.3 74.1 354.1
  73.9 353.9 73.6 354.0 73.3 354.0 73.0 354.1 72.6 354.2 72.3 354.2 71.8 354.2
  71.5 354.7 71.1 355.0 70.6 355.3 70.2 355.6 69.8 355.8 69.4 356.1 68.9 356.4
  68.4 356.7 67.9 356.9 67.4 357.0 66.9 357.2 66.4 357.4 65.9 357.5 65.4 357.7
  64.8 357.9 64.3 358.1 63.6 358.3 63.0 358.6 62.3 359.0 61.5 359.4 60.8 359.6
  60.0 359.8 59.2 360.0 58.5 359.6 57.9 359.3 57.3 358.6 56.7 357.9 56.2 357.2
  55.7 356.4 55.2 355.4 55.0 354.4 54.7 353.3 54.4 352.1 54.1 350.8 54.0 349.4
  53.9 348.0 54.0 346.4 54.0 344.8 54.1 343.2 54.2 341.6 54.3 340.1 54.5 338.7
  54.7 337.3 55.0 336.1 55.4 334.9 55.8 333.8 56.1 332.7 56.6 331.7 57.0 330.8
  57.4 330.0 57.8 329.2 58.3 328.6 58.7 328.1 59.1 327.7 59.5 327.3 59.9 326.9
  60.3 326.5 60.7 325.8 61.0 325.0
   8 26 59  0.0
  72.5 321.4 72.6 320.9 72.8 320.4 72.9 319.9 73.0 319.3 73.1 318.7 73.2 318.1
  73.2 317.4 73.3 316.8 73.3 316.1 73.4 315.4 73.4 314.7 73.5 314.0 73.5 313.3
  73.5 312.7 73.5 312.1 73.5 311.6 73.5 311.2 73.5 310.7 73.5 310.3 73.5 310.0
  73.5 309.7 73.4 309.4 73.4 309.1 73.4 308.9 73.3 308.7 73.3 308.5 73.2 308.3
  73.2 308.1 73.2 307.9 73.2 307.8 73.2 307.6 73.2 307.5 73.2 307.3 73.1 307.2
  73.1 307.1 73.1 307.0 73.1 306.9 73.1 306.9 73.1 306.8 73.2 306.7 73.2 306.5
  73.2 306.4 73.3 306.3 73.3 306.1 73.4 306.0 73.5 305.8 73.6 305.7 73.7 305.5
  73.8 305.3 73.9 305.1 74.0 304.8 74.1 305.3 74.3 305.8 74.4 306.2 74.6 306.7
  74.7 307.1 74.9 307.6 75.0 308.1 75.1 308.5 75.1 309.0 75.2 309.4 75.2 309.8
  75.3 310.0 75.4 310.2 75.4 310.3 75.5 310.4 75.6 310.3 75.7 310.3 75.8 310.1
  75.9 309.9 76.1 309.7 76.2 309.9 76.3 310.0 76.5 310.2 76.6 310.3 76.6 310.5
  76.7 310.7 76.8 310.8 76.8 311.0 76.8 311.2 76.8 311.4 76.8 311.6 76.8 311.7
  76.8 311.9 76.7 312.1 76.6 312.2 76.6 312.2 76.5 312.2 76.4 312.0 76.3 311.8
  76.2 311.4 76.2 311.0 76.1 310.4 75.9 309.7 75.9 308.6 75.8 307.2 75.8 305.6
  75.8 303.8 75.8 301.9 75.9 299.8 76.0 297.6 76.1 295.2 76.3 293.7 76.6 292.2
  76.9 290.8 77.2 289.3 77.5 287.9 77.8 286.5 78.1 285.2 78.5 285.0 78.9 284.8
  79.2 284.6 79.5 284.3 79.9 284.1 80.2 283.9 80.5 284.6 80.9 285.5 81.1 286.4
  81.4 287.3 81.6 288.4 81.7 289.6 81.9 290.7 82.0 291.9 82.1 293.2 82.2 294.9
  82.3 296.7 82.3 298.5 82.3 300.3 82.3 302.0 82.4 303.8 82.4 305.5 82.4 307.2
  82.4 308.9 82.5 310.7 82.5 312.4 82.6 314.2 82.7 316.0 82.7 317.9 82.8 319.7
  82.9 321.6 82.9 323.4 83.0 325.2 83.0 327.1 83.0 328.9 83.0 330.7 83.0 332.4
  83.0 334.1 82.9 335.7 82.8 337.3 82.7 338.9 82.6 340.3 82.4 341.8 82.2 343.1
  82.0 344.3 81.7 345.3 81.5 346.2 81.3 347.0 81.1 347.9 80.9 348.8 80.7 349.6
  80.5 350.5 80.3 351.3 80.1 352.1 79.9 352.9 79.8 353.5 79.6 354.1 79.5 354.7
  79.4 355.3 79.3 356.0 79.1 356.6 79.0 357.2 78.8 357.7 78.6 358.2 78.5 358.7
  78.3 359.1 78.1 359.4 77.8 359.7 77.6 359.7 77.4 359.7 77.1 359.6 76.9 359.5
  76.6 359.4 76.3 359.2 76.0 359.0 75.7 358.8 75.4 358.6 75.1 358.5 74.8 358.3
  74.4 358.1 74.1 357.9 73.7 357.7 73.4 357.7 73.0 357.7 72.7 357.7 72.3 357.7
  71.9 357.6 71.6 357.7 71.2 357.9 70.7 358.0 70.3 358.1 69.8 358.3 69.3 358.5
  68.7 358.8 68.2 359.0 67.5 359.3 67.0 359.4 66.4 359.4 65.9 359.4 65.4 359.1
  64.9 358.8 64.4 358.5 63.9 358.3 63.4 357.9 63.0 357.5 62.5 357.2 62.0 357.0
  61.5 356.8 61.0 356.4 60.5 356.0 60.2 355.6 59.8 355.3 59.5 354.3 59.1 353.3
  58.8 352.3 58.5 351.3 58.2 350.3 57.9 349.3 57.6 348.0 57.4 346.6 57.2 345.2
  57.0 343.7 57.1 342.2 57.1 340.7 57.1 339.3 57.3 337.9 57.4 336.6 57.6 335.4
  57.9 334.2 58.1 333.2 58.4 332.6
   8 27 59  0.0
  72.5 321.4 72.5 320.4 72.4 319.4 72.3 318.5 72.2 317.7 72.1 316.9 72.0 316.2
  71.9 315.2 71.7 314.2 71.6 313.3 71.5 312.4 71.3 311.6 71.1 310.9 70.9 310.2
  70.7 309.6 70.5 309.0 70.3 308.4 70.1 307.8 69.9 307.3 69.6 306.6 69.4 306.0
  69.2 305.3 69.0 304.8 68.7 304.2 68.5 303.7 68.3 303.2 68.1 302.8 67.8 302.3
  67.6 301.7 67.4 301.0 67.2 300.4 67.0 299.7 66.9 299.0 66.7 298.3 66.6 297.7
  66.5 297.0 66.3 296.3 66.2 295.6 66.2 294.8 66.1 294.1 66.1 293.4 66.1 292.6
  66.1 291.9 66.1 291.1 66.2 290.3 66.2 289.6 66.3 288.8 66.4 288.0 66.5 287.2
  66.6 286.3 66.7 285.5 66.8 284.7 66.9 283.9 67.0 283.1 67.2 282.3 67.3 281.5
  67.4 280.7 67.5 279.9 67.7 279.1 67.9 278.3 68.1 277.4 68.3 277.0 68.5 276.6
  68.7 276.1 68.9 275.7 69.2 275.2 69.4 274.7 69.7 274.2 69.9 273.6 70.1 273.0
  70.3 273.1 70.5 273.1 70.7 273.1 70.9 273.2 71.0 273.2 71.2 273.1 71.2 273.0
  71.3 272.9 71.4 272.7 71.4 272.4 71.4 272.2 71.4 271.8 71.4 271.4 71.4 271.0
  71.4 270.6 71.4 270.1 71.4 269.6 71.4 269.1 71.3 268.6 71.3 268.0 71.2 267.5
  71.4 266.9 71.5 266.4 71.7 265.8 71.9 265.3 72.0 264.8 72.2 265.2 72.4 265.6
  72.6 266.1 72.7 266.5 72.9 266.9 73.1 267.3 73.2 267.6 73.3 268.0 73.5 268.3
  73.5 268.5 73.5 268.8 73.5 268.9 73.5 269.0 73.5 269.1 73.5 269.2 73.5 269.2
  73.5 269.2 73.5 269.1 73.5 269.1 73.5 269.0 73.5 268.9 73.5 268.8 73.5 268.7
  73.5 268.6 73.5 268.4 73.5 268.3 73.4 268.2 73.4 268.1 73.3 268.1 73.3 268.1
  73.2 268.2 73.0 268.2 72.9 268.4 72.7 268.5 72.5 268.7 72.3 268.9 72.1 269.2
  71.9 269.4 71.6 269.6 71.4 269.8 71.2 269.9 71.1 270.1 70.9 270.2 70.7 270.3
  70.5 270.5 70.4 270.6 70.2 270.7 70.1 270.8 70.0 270.9 69.9 270.9 69.8 270.9
  69.7 271.0 69.6 271.0 69.5 271.1 69.4 271.1 69.3 271.2 69.3 271.3 69.2 271.5
  69.2 271.6 69.1 271.8 69.1 272.0 69.1 272.2 69.1 272.4 69.1 272.6 69.1 272.8
  69.1 273.0 69.2 273.1 69.2 273.3 69.3 273.5 69.4 273.7 69.5 273.9 69.5 274.0
  69.6 274.2 69.7 274.4 69.8 274.5 69.9 274.7 70.0 274.9 70.1 275.1 70.2 275.4
  70.3 275.6 70.4 275.9 70.5 276.1 70.6 276.4 70.7 276.7 70.8 277.0 70.9 277.3
  71.0 277.7 71.1 278.0 71.2 278.4 71.3 278.8 71.4 279.2 71.4 279.6 71.5 280.1
  71.5 280.6 71.5 281.1 71.5 281.6 71.4 282.2 71.4 282.9 71.4 283.5 71.3 284.3
  71.3 285.1 71.3 286.0 71.2 286.9 71.2 288.0 71.2 289.1 71.2 290.2 71.1 291.4
  71.1 292.7 71.1 294.0 71.1 295.4 71.1 296.6 71.1 297.7 71.0 298.7 71.0 299.6
  70.9 300.4 70.9 301.1 70.8 301.7 70.7 302.1 70.6 302.5 70.5 302.9 70.4 303.2
  70.3 303.4 70.2 303.6 70.1 303.9 70.0 304.1 70.0 304.4 69.9 304.7 69.9 305.1
  69.8 305.5 69.8 305.8 69.7 306.2 69.6 306.6 69.6 307.0 69.5 307.4 69.5 307.8
  69.4 308.2 69.4 308.6 69.4 308.9 69.3 309.3 69.3 309.6 69.3 309.9 69.3 310.2
  69.3 310.5 69.3 310.8 69.2 311.0
   8 28 59  0.0
  72.5 321.4 72.4 320.9 72.2 320.4 72.1 319.8 71.9 319.3 71.8 318.5 71.6 317.7
  71.4 317.0 71.2 316.3 71.1 315.7 70.8 315.2 70.6 314.7 70.3 314.2 70.0 313.9
  69.7 313.5 69.4 312.9 69.1 312.3 68.7 311.8 68.4 311.2 68.1 310.7 67.7 310.1
  67.4 309.6 67.1 309.1 66.7 308.7 66.4 308.2 66.0 307.8 65.7 307.4 65.4 306.8
  65.0 306.3 64.7 305.7 64.4 305.1 64.0 304.5 63.7 303.9 63.5 303.1 63.3 302.3
  63.1 301.5 62.8 300.7 62.6 299.8 62.5 299.0 62.4 298.2 62.2 297.4 62.1 296.7
  61.9 295.9 61.9 295.1 61.9 294.3 61.8 293.6 61.8 292.8 61.7 292.0 61.7 291.3
  61.8 290.5 61.9 289.8 62.0 289.0 62.1 288.3 62.2 287.6 62.4 286.8 62.6 286.1
  62.7 285.4 62.9 284.7 63.0 284.0 63.1 283.4 63.3 282.7 63.5 282.0 63.6 281.3
  63.8 280.7 63.9 280.0 64.1 279.3 64.3 278.8 64.5 278.2 64.7 277.6 64.9 277.0
  65.1 276.4 65.2 275.8 65.5 275.2 65.7 274.6 65.9 274.0 66.1 273.4 66.4 272.8
  66.6 272.3 66.9 271.8 67.1 271.2 67.4 270.7 67.6 270.1 67.9 269.5 68.2 268.9
  68.5 268.5 68.7 268.0 69.0 267.5 69.3 267.0 69.5 266.5 69.8 265.9 70.1 265.3
  70.4 265.2 70.7 265.0 71.0 264.8 71.4 264.7 71.7 264.5 72.1 264.3 72.5 264.9
  72.9 265.5 73.2 266.1 73.5 266.8 73.8 267.5 74.1 268.3 74.2 269.4 74.3 270.5
  74.5 271.6 74.6 272.6 74.6 273.6 74.7 274.6 74.7 275.5 74.8 276.3 74.8 277.0
  74.8 277.7 74.8 278.2 74.8 278.7 74.8 279.1 74.8 279.4 74.8 279.7 74.7 279.9
  74.7 280.1 74.7 280.2 74.8 280.2 74.8 280.3 74.8 280.3 74.8 280.2 74.8 280.2
  74.8 280.1 74.8 279.9 74.8 279.8 74.9 279.7 74.9 279.5 74.9 279.3 74.9 279.1
  74.9 278.9 75.0 278.7 75.0 278.4 75.1 278.1 75.1 277.8 75.2 277.5 75.3 277.2
  75.4 276.9 75.4 276.5 75.6 276.1 75.7 275.8 75.8 275.4 76.0 275.0 76.1 274.6
  76.3 274.8 76.4 274.9 76.5 274.9 76.7 274.9 76.8 274.9 76.8 274.8 76.9 274.7
  77.0 274.6 77.0 274.4 77.0 274.2 77.0 273.9 77.0 273.7 77.1 273.6 77.1 273.5
  77.2 273.4 77.3 273.4 77.4 273.3 77.5 273.3 77.7 273.4 77.9 273.4 78.1 273.5
  78.4 273.2 78.7 272.9 79.0 272.5 79.2 272.1 79.5 271.7 79.7 271.3 79.9 270.9
  80.1 270.4 80.3 269.7 80.5 268.9 80.7 268.0 80.9 267.1 80.9 266.1 81.0 265.0
  81.1 264.1 81.2 263.1 81.2 262.3 81.3 261.6 81.3 261.0 81.3 260.6 81.3 260.2
  81.4 260.0 81.3 259.9 81.3 259.9 81.3 260.0 81.3 260.2 81.3 260.4 81.3 260.4
  81.4 260.4 81.4 260.2 81.4 259.9 81.4 259.6 81.4 259.2 81.4 258.7 81.4 258.2
  81.4 257.6 81.4 257.0 81.4 256.4 81.4 255.9 81.4 255.5 81.4 255.2 81.4 255.1
  81.4 255.0 81.4 255.0 81.5 255.1 81.5 255.2 81.5 255.3 81.5 255.6 81.5 255.8
  81.6 256.1 81.6 256.5 81.6 256.8 81.5 257.3 81.5 257.8 81.4 258.3 81.3 258.8
  81.2 259.4 81.0 260.0 80.8 260.6 80.7 261.3 80.6 262.0 80.4 262.7 80.2 263.5
  80.0 264.4 79.9 265.3 79.8 266.0 79.6 266.8 79.5 267.7 79.3 268.5 79.2 269.5
  79.0 270.4 78.9 271.4 78.7 272.4
   8 29 59  0.0
  72.5 321.4 72.2 320.7 72.0 320.0 71.7 319.1 71.4 318.2 71.1 317.4 70.8 316.7
  70.4 316.0 70.0 315.4 69.6 314.8 69.2 313.9 68.8 313.2 68.3 312.4 67.8 311.8
  67.4 310.9 66.9 310.1 66.4 309.2 65.9 308.5 65.4 307.5 64.9 306.6 64.5 305.7
  64.0 304.8 63.6 304.0 63.3 303.0 63.0 302.0 62.7 301.1 62.4 300.2 62.1 299.3
  61.8 298.4 61.6 297.4 61.3 296.4 61.1 295.5 60.9 294.6 60.7 293.8 60.5 293.0
  60.3 292.4 60.0 291.8 59.8 291.3 59.6 290.3 59.4 289.5 59.2 288.8 58.9 288.1
  58.7 287.5 58.6 287.0 58.5 286.4 58.4 285.8 58.3 285.3 58.1 284.7 57.9 284.2
  57.7 283.2 57.6 282.3 57.4 281.3 57.2 280.4 57.0 279.5 56.7 278.6 56.4 277.6
  56.0 276.7 55.6 275.2 55.3 273.7 55.0 272.3 54.7 270.8 54.6 269.5 54.4 268.3
  54.2 267.2 54.1 266.2 54.1 265.2 54.0 264.3 53.9 263.3 53.9 261.9 53.9 260.5
  53.9 259.2 54.0 257.9 54.1 256.9 54.2 256.0 54.2 255.2 54.3 254.5 54.4 253.8
  54.4 253.2 54.5 252.6 54.5 252.1 54.5 251.6 54.8 251.1 55.0 250.7 55.2 250.2
  55.4 249.7 55.5 249.2 55.7 248.8 55.8 248.3 55.9 247.8 56.2 247.4 56.4 247.0
  56.7 246.6 56.9 246.3 57.1 246.0 57.3 245.8 57.4 245.5 57.6 245.4 57.7 245.3
  57.8 245.2 57.9 245.1 58.0 245.0 58.1 244.9 58.1 244.8 58.1 244.6 58.2 244.5
  58.2 244.3 58.2 244.2 58.1 244.1 58.1 244.0 58.1 243.9 58.1 243.9 58.1 243.8
  58.1 243.8 58.1 243.8 58.2 243.8 58.2 243.8 58.3 243.8 58.4 243.9 58.4 244.0
  58.5 244.1 58.7 244.2 58.8 244.3 59.0 244.5 59.1 244.6 59.2 244.8 59.4 245.0
  59.5 245.2 59.6 245.4 59.7 245.6 59.8 245.8 59.9 246.0 60.0 246.2 60.1 246.5
  60.1 246.7 60.2 246.9 60.2 247.0 60.3 247.2 60.3 247.3 60.3 247.4 60.2 247.5
  60.2 247.6 60.2 247.7 60.1 247.7 60.0 247.7 59.9 247.7 59.8 247.6 59.7 247.5
  59.6 247.4 59.4 247.4 59.3 247.3 59.2 247.2 59.0 247.1 58.9 247.0 58.7 247.0
  58.6 246.9 58.4 246.8 58.2 246.7 58.0 246.7 57.8 246.6 57.7 246.5 57.5 246.4
  57.3 246.3 57.2 246.2 57.1 246.1 56.9 245.9 56.8 245.7 56.7 245.5 56.6 245.3
  56.5 245.0 56.5 244.8 56.4 244.5 56.3 244.1 56.2 243.8 56.1 243.4 55.9 243.0
  55.8 242.5 55.7 242.1 55.5 241.6 55.4 241.0 55.3 240.5 55.2 240.0 55.1 239.4
  55.0 238.9 54.9 238.2 54.8 237.6 54.8 236.9 54.7 236.2 54.7 235.5 54.7 234.7
  54.7 233.9 54.7 233.1 54.7 232.2 54.7 231.2 54.7 230.2 54.8 229.2 54.8 228.2
  54.9 227.1 54.8 226.0 54.8 224.9 54.8 223.7 54.8 222.5 54.7 221.3 54.7 220.0
  54.6 218.7 54.5 217.3 54.4 215.9 54.2 214.4 54.1 213.0 53.9 211.4 53.7 210.0
  53.5 208.5 53.2 207.0 53.0 205.6 52.7 204.1 52.4 202.6 52.1 201.1 51.8 199.7
  51.5 198.3 51.3 197.1 51.0 195.8 50.7 194.6 50.5 193.5 50.2 192.3 49.9 191.2
  49.8 190.4 49.6 189.6 49.4 188.7 49.3 187.9 49.2 187.1 49.2 186.2 49.1 185.4
  49.1 184.6 49.0 183.9 49.0 183.1 49.1 182.3 49.1 181.5 49.1 180.7 49.2 179.9
  49.3 179.1 49.5 178.4 49.7 177.6
   8 30 59  0.0
  72.5 321.4 72.4 321.4 72.3 321.4 72.2 321.4 72.1 321.3 71.9 321.2 71.7 321.0
  71.6 320.7 71.4 320.4 71.1 320.1 70.9 319.7 70.6 319.4 70.3 319.1 70.0 318.8
  69.6 318.3 69.3 317.9 69.0 317.4 68.6 316.9 68.2 316.4 67.8 315.9 67.5 315.4
  67.1 314.9 66.7 314.4 66.3 313.8 65.9 313.3 65.5 312.5 65.0 311.8 64.6 311.1
  64.2 310.3 63.8 309.6 63.4 308.5 62.9 307.5 62.5 306.5 62.2 305.5 61.8 304.5
  61.4 303.3 61.3 302.0 61.2 300.8 61.1 299.5 61.2 298.3 61.2 297.1 61.2 295.9
  61.3 294.8 61.4 293.7 61.4 292.7 61.5 291.8 61.6 290.9 61.7 290.0 61.8 289.2
  62.0 288.4 62.1 287.7 62.3 287.2 62.5 286.6 62.7 286.1 62.9 285.7 63.1 285.2
  63.2 284.8 63.4 284.5 63.5 284.1 63.7 283.8 63.9 283.5 64.0 283.2 64.2 282.9
  64.4 282.6 64.5 282.3 64.7 282.1 64.8 281.9 64.9 281.7 65.0 281.6 65.1 281.4
  65.2 281.4 65.3 281.3 65.3 281.3 65.4 281.3 65.4 281.3 65.5 281.2 65.6 281.2
  65.8 281.2 65.9 281.1 66.1 281.0 66.3 280.9 66.6 280.8 66.8 280.7 67.1 280.5
  67.5 280.4 67.8 280.3 68.2 280.2 68.6 279.8 68.9 279.4 69.2 279.0 69.5 278.6
  69.8 278.2 70.1 277.8 70.4 277.6 70.7 277.4 70.9 277.2 71.2 277.0 71.5 276.8
  71.7 276.6 72.0 276.5 72.3 276.9 72.6 277.3 72.9 277.7 73.2 278.2 73.4 278.7
  73.7 279.2 74.0 279.7 74.2 280.3 74.6 281.1 74.9 281.8 75.3 282.7 75.6 283.6
  75.9 284.6 76.2 285.6 76.5 286.6 76.8 287.7 77.1 288.9 77.4 290.3 77.6 291.7
  77.8 293.2 78.1 294.9 78.3 296.3 78.5 297.8 78.8 299.2 79.1 300.6 79.3 301.9
  79.6 303.3 79.9 304.6 80.2 306.0 80.5 307.3 80.8 308.7 81.1 310.2 81.4 311.7
  81.7 313.3 82.0 314.9 82.4 317.0 82.7 319.3 83.1 321.8 83.4 324.5 83.8 327.4
  84.1 330.6 84.5 334.5 84.9 339.0 85.3 344.2 85.6 350.3 85.9 357.3 86.1   5.1
  86.3   5.7 86.5   6.3 86.7   6.9 86.9   7.5 87.1   8.1 87.3   8.7 87.4   9.2
  87.5   9.8 87.6  10.4 87.8  10.9 87.9  11.5 88.0  12.0 88.1  12.6 88.2  13.1
  88.4  13.6 88.5  14.1 88.6  14.6 88.8  15.1 88.9  15.6 89.0  16.1 89.1  16.6
  89.2  17.0 89.3  17.5 89.3  18.0 89.4  18.5 89.5  18.9 89.5  19.4 89.6  19.9
  89.6  20.5 89.7  21.0 89.7  21.5 89.7  22.0 89.8  22.6 89.8  23.1 89.9  23.7
  89.9  24.2 89.9  24.7 90.0  25.2 90.0  25.7 90.0  26.2 90.0  26.6 90.0  27.1
  90.0  27.5 90.0  27.9 89.9  28.3 89.9  28.6 90.0  29.0 90.0  29.3 90.0  29.6
  89.9  30.0 89.9  30.3 89.9  30.7 89.9  31.0 89.8  31.4 89.8  31.7 89.8  32.1
  89.7  32.4 89.7  32.8 89.7  33.2 89.7  33.5 89.6  33.8 89.5  34.2 89.5  34.5
  89.4  34.8 89.3  35.1 89.3  35.4 89.2  35.7 89.1  36.0 89.0  36.3 88.9  36.5
  88.8  36.8 88.7  37.1 88.6  37.3 88.5  37.5 88.4  37.8 88.3  38.0 88.2  38.3
  88.1  38.5 87.9  38.7 87.8  38.9 87.7  39.1 87.6  39.3 87.4  39.5 87.3  39.7
  87.1  39.9 86.9  40.1 86.7  40.2 86.4  40.4 86.1  40.5 85.9  40.7 85.7  40.8
  85.5  41.0 85.2  41.1 85.0  41.3
   8 31 59  0.0
  72.5 321.4 72.5 320.5 72.4 319.6 72.5 318.9 72.6 318.2 72.7 317.5 72.8 316.9
  72.9 316.3 73.1 315.7 73.3 315.2 73.6 314.6 73.8 314.1 74.0 313.6 74.3 312.7
  74.6 311.9 74.9 311.1 75.1 310.3 75.3 309.5 75.5 308.8 75.7 308.1 75.9 307.6
  76.1 307.1 76.4 306.3 76.6 305.5 76.8 304.9 77.0 304.4 77.2 303.9 77.5 303.5
  77.7 303.1 77.9 302.8 78.1 302.4 78.3 301.1 78.5 299.7 78.7 298.4 78.8 297.1
  79.0 295.8 79.2 294.6 79.3 293.4 79.5 292.2 79.6 291.0 79.8 289.9 80.0 288.7
  80.1 287.5 80.3 285.6 80.4 283.6 80.6 281.6 80.7 279.6 80.9 277.4 81.1 275.1
  81.2 272.5 81.4 269.7 81.5 266.8 81.5 263.7 81.5 260.4 81.6 256.9 81.5 253.4
  81.5 249.9 81.5 246.5 81.4 243.2 81.3 240.0 81.2 236.9 81.1 234.1 81.0 231.2
  80.8 228.5 80.5 226.0 80.2 223.6 79.8 221.5 79.5 219.3 79.1 217.3 78.7 215.5
  78.3 213.8 77.9 212.1 77.5 210.3 77.1 208.5 76.8 206.9 76.4 205.3 76.1 203.8
  75.7 202.3 75.4 201.0 75.1 199.6 74.8 198.4 74.4 197.1 74.1 195.9 73.7 194.7
  73.3 193.8 72.9 193.0 72.5 192.1 72.0 191.3 71.7 190.4 71.3 190.1 71.0 189.8
  70.6 189.4 70.2 189.0 69.8 188.5 69.4 188.5 68.9 188.4 68.5 188.3 68.0 188.2
  67.5 188.6 67.0 188.9 66.5 189.2 65.9 189.4 65.4 189.7 64.9 189.9 64.3 190.1
  63.8 190.2 63.3 190.3 62.8 190.3 62.2 190.3 61.7 190.3 61.2 190.3 60.7 190.2
  60.1 190.2 59.5 190.1 59.0 189.9 58.4 189.7 57.8 189.5 57.2 189.0 56.6 188.5
  56.0 188.0 55.4 187.4 54.6 186.8 53.9 186.2 53.1 185.5 52.4 184.8 51.7 184.1
  51.1 183.5 50.0 182.8 49.0 182.2 48.1 181.6 47.2 181.0 46.5 180.5 45.7 180.0
  44.8 179.6 43.9 179.1 43.1 178.5 42.4 177.8 41.8 177.1 41.2 176.4 40.7 175.7
  40.1 175.0 39.6 174.2 39.2 173.5 38.8 172.8 38.4 172.0 38.0 171.1 37.5 170.3
  37.1 169.6 36.7 168.8 36.3 168.0 36.0 167.1 35.7 166.3 35.4 165.5 35.1 164.6
  34.8 163.7 34.6 162.7 34.5 161.7 34.3 160.7 34.1 159.7 34.1 158.8 34.1 157.9
  34.1 157.1 34.1 156.3 34.1 155.5 34.1 154.8 34.2 154.1 34.2 153.5 34.3 152.8
  34.4 152.3 34.4 151.7 34.5 151.2 34.6 150.7 34.7 150.1 34.8 149.6 34.9 149.1
  35.1 148.7 35.2 148.2 35.3 147.7 35.4 147.2 35.5 146.8 35.7 146.3 35.8 145.8
  35.9 145.3 36.1 144.8 36.2 144.4 36.3 144.0 36.5 143.5 36.7 143.1 36.9 142.6
  37.1 142.2 37.3 141.7 37.5 141.3 37.6 140.8 37.8 140.3 38.0 139.9 38.2 139.4
  38.3 138.9 38.5 138.4 38.6 137.9 38.8 137.4 38.9 136.9 39.1 136.4 39.3 135.8
  39.3 135.3 39.4 134.7 39.5 134.1 39.6 133.6 39.6 133.0 39.7 132.4 39.8 131.7
  39.8 131.1 39.8 130.4 39.9 129.8 39.9 129.1 39.9 128.4 40.0 127.7 40.1 127.0
  40.2 126.3 40.3 125.7 40.5 125.0 40.6 124.4 40.7 123.7 40.8 123.1 40.9 122.4
  41.0 121.8 41.1 121.1 41.2 120.4 41.3 119.8 41.4 119.1 41.5 118.5 41.6 117.8
  41.7 117.1 41.8 116.5 41.9 115.8 42.0 115.2 42.1 114.6 42.2 113.9 42.3 113.3
  42.4 112.7 42.5 112.1 42.6 111.5
