   9  1 63  0.0
  72.5 321.4 72.2 320.9 72.0 320.3 71.7 320.0 71.5 319.7 71.3 319.4 71.0 319.1
  70.8 318.9 70.5 318.6 70.3 318.3 70.0 318.1 69.7 317.9 69.4 317.6 69.1 317.3
  68.8 317.1 68.5 316.7 68.2 316.4 67.9 316.1 67.6 315.7 67.3 315.3 67.0 314.8
  66.7 314.4 66.3 314.0 66.0 313.5 65.6 313.2 65.2 312.9 64.8 312.6 64.3 312.2
  63.9 311.8 63.4 311.6 62.9 311.4 62.4 311.2 61.9 310.9 61.4 310.7 60.9 310.5
  60.3 310.3 59.7 310.1 59.2 309.8 58.5 309.5 57.9 309.1 57.3 308.6 56.8 308.0
  56.2 307.5 55.6 307.0 55.0 306.2 54.5 305.4 53.9 304.7 53.4 303.7 52.8 302.7
  52.3 301.7 51.8 300.8 51.3 299.9 50.9 298.9 50.5 297.9 50.2 297.0 49.8 296.0
  49.5 295.1 49.3 294.2 49.0 293.3 48.7 292.4 48.3 291.4 48.1 290.4 47.9 289.5
  47.8 288.8 47.6 288.1 47.4 287.4 47.3 286.8 47.2 286.2 47.1 285.6 47.0 285.0
  46.9 284.4 46.7 283.8 46.6 283.2 46.5 282.6 46.4 282.0 46.3 281.5 46.2 280.9
  46.1 280.4 46.0 279.9 46.0 279.4 45.9 278.9 45.9 278.5 45.9 278.0 45.8 277.5
  45.8 277.0 45.8 276.6 45.8 276.1 45.8 275.6 45.7 275.1 45.6 274.6 45.5 274.2
  45.5 273.7 45.5 273.3 45.5 272.8 45.5 272.4 45.5 272.0 45.5 271.5 45.4 271.1
  45.4 270.7 45.4 270.4 45.4 270.0 45.4 269.6 45.4 269.3 45.4 269.0 45.4 268.6
  45.5 268.3 45.5 267.9 45.5 267.6 45.6 267.2 45.6 266.8 45.7 266.4 45.7 266.0
  45.7 265.6 45.7 265.2 45.7 264.8 45.7 264.4 45.7 264.0 45.6 263.6 45.6 263.1
  45.5 262.7 45.4 262.3 45.3 261.9 45.2 261.5 45.1 261.1 45.0 260.7 44.8 260.4
  44.7 260.0 44.5 259.7 44.3 259.4 44.2 259.1 44.0 258.7 43.7 258.5 43.5 258.3
  43.3 258.1 43.1 257.8 42.9 257.6 42.6 257.4 42.4 257.1 42.2 256.9 42.0 256.7
  41.8 256.5 41.6 256.3 41.4 256.2 41.2 256.0 41.0 255.8 40.9 255.7 40.7 255.5
  40.6 255.3 40.5 255.1 40.3 254.9 40.2 254.7 40.0 254.5 39.9 254.3 39.7 254.1
  39.6 254.0 39.4 253.8 39.2 253.6 39.1 253.4 38.9 253.3 38.8 253.1 38.6 252.9
  38.5 252.7 38.4 252.6 38.3 252.4 38.2 252.2 38.1 252.1 38.0 251.9 37.8 251.9
  37.7 251.8 37.6 251.7 37.5 251.6 37.4 251.6 37.3 251.5 37.2 251.4 37.0 251.3
  36.9 251.2 36.8 251.1 36.7 251.0 36.5 250.9 36.4 250.8 36.3 250.7 36.1 250.6
  36.0 250.4 35.9 250.4 35.8 250.3 35.7 250.2 35.6 250.1 35.5 250.0 35.4 249.8
  35.3 249.7 35.3 249.5 35.2 249.3 35.1 249.1 35.1 248.9 35.0 248.7 35.0 248.5
  34.9 248.3 34.8 248.1 34.7 247.8 34.4 247.6 34.1 247.4 33.8 247.1 33.5 247.0
  33.2 246.8 33.0 246.7 32.7 246.5 32.4 246.3 32.1 246.1 31.9 245.9 31.6 245.8
  31.4 245.7 31.1 245.5 30.9 245.4 30.6 245.3 30.4 245.1 30.1 245.0 29.9 244.9
  29.7 244.9 29.4 244.8 29.2 244.8 29.0 244.7 28.8 244.7 28.6 244.6 28.4 244.5
  28.3 244.4 28.1 244.3 28.0 244.2 27.8 244.1 27.7 243.9 27.6 243.8 27.5 243.6
  27.4 243.5 27.3 243.3 27.3 243.2 27.2 243.0 27.2 242.9 27.2 242.8 27.2 242.6
  27.2 242.5 27.2 242.4 27.3 242.4
   9  2 63  0.0
  72.5 321.4 72.5 321.1 72.5 320.8 72.5 320.5 72.5 320.1 72.5 319.7 72.5 319.2
  72.4 318.8 72.4 318.2 72.4 317.7 72.4 317.1 72.4 316.5 72.4 315.9 72.3 315.2
  72.2 314.5 72.1 313.8 72.0 313.2 71.9 312.6 71.7 312.0 71.6 311.4 71.4 310.8
  71.2 310.2 71.0 309.6 70.9 309.0 70.7 308.3 70.5 307.7 70.3 307.2 70.2 306.6
  70.1 306.2 69.9 305.8 69.8 305.5 69.8 305.3 69.7 305.1 69.6 305.0 69.5 304.9
  69.4 304.9 69.4 304.9 69.3 305.0 69.2 305.0 69.1 305.1 69.0 305.2 68.9 305.3
  68.8 305.4 68.7 305.5 68.6 305.6 68.4 305.6 68.2 305.7 68.0 305.8 67.8 305.9
  67.5 305.9 67.3 305.8 67.0 305.7 66.8 305.5 66.5 305.3 66.2 305.1 65.9 304.8
  65.6 304.6 65.2 304.3 64.9 304.0 64.6 303.6 64.3 303.3 64.0 302.8 63.7 302.4
  63.4 302.2 63.2 302.0 62.9 301.7 62.6 301.4 62.4 301.1 62.1 300.8 61.9 300.5
  61.6 300.4 61.4 300.2 61.1 300.1 60.9 299.9 60.8 299.7 60.7 299.5 60.6 299.3
  60.5 299.1 60.3 298.9 60.2 298.7 60.0 298.5 59.8 298.3 59.7 298.1 59.4 297.9
  59.2 297.8 58.9 297.6 58.6 297.4 58.3 297.1 57.9 296.8 57.6 296.3 57.2 295.8
  56.9 295.3 56.6 294.7 56.2 294.1 55.9 293.5 55.5 292.7 55.2 291.8 54.9 290.9
  54.6 290.0 54.3 289.2 54.1 288.3 53.8 287.4 53.7 286.5 53.6 285.7 53.4 284.8
  53.3 284.0 53.2 283.1 53.1 282.3 53.0 281.5 52.8 280.8 52.7 280.0 52.5 279.3
  52.4 278.6 52.3 277.9 52.2 277.3 52.1 276.6 52.0 276.0 51.9 275.4 51.9 274.7
  51.9 274.0 51.8 273.3 51.8 272.5 51.7 271.8 51.6 271.0 51.6 270.3 51.5 269.5
  51.4 268.8 51.2 268.0 51.1 267.2 50.9 266.4 50.8 265.6 50.6 264.8 50.5 263.9
  50.4 263.0 50.4 262.0 50.3 261.1 50.2 260.3 50.1 259.4 50.0 258.5 50.0 257.6
  49.9 256.7 49.8 255.8 49.8 254.9 49.7 254.0 49.6 253.1 49.6 252.3 49.5 251.4
  49.5 250.7 49.5 250.0 49.5 249.3 49.4 248.7 49.4 248.2 49.3 247.7 49.2 247.2
  49.2 246.8 49.1 246.4 49.0 246.1 48.9 245.9 48.7 245.6 48.6 245.3 48.5 245.1
  48.3 244.8 48.2 244.6 48.0 244.3 47.9 244.1 47.7 243.8 47.6 243.6 47.5 243.3
  47.4 243.1 47.3 242.8 47.2 242.6 47.0 242.4 46.9 242.2 46.7 242.0 46.6 241.8
  46.4 241.6 46.2 241.4 46.0 241.2 45.8 241.0 45.6 240.8 45.4 240.5 45.1 240.3
  44.9 240.1 44.7 239.8 44.4 239.6 44.2 239.3 44.0 239.0 43.8 238.8 43.6 238.5
  43.4 238.2 43.2 237.9 43.0 237.5 42.8 237.2 42.7 236.8 42.5 236.5 42.3 236.1
  42.2 235.8 42.1 235.4 42.0 235.1 41.9 234.8 41.9 234.5 41.8 234.2 41.8 233.9
  41.8 233.6 41.7 233.2 41.7 232.9 41.7 232.6 41.7 232.2 41.7 231.9 41.9 231.5
  42.2 231.1 42.4 230.8 42.7 230.5 43.0 230.2 43.2 230.0 43.5 229.7 43.8 229.4
  44.1 229.2 44.4 229.3 44.7 229.4 45.0 229.4 45.3 229.5 45.6 229.6 45.9 229.7
  46.3 229.8 46.6 230.0 46.9 230.3 47.3 230.5 47.6 230.7 47.9 230.9 48.2 231.2
  48.6 231.4 48.9 231.7 49.2 232.1 49.3 232.4 49.4 232.7 49.5 233.0 49.6 233.3
  49.7 233.7 49.8 234.0 50.0 234.3
   9  3 63  0.0
  72.5 321.4 72.3 320.3 72.0 319.3 71.7 318.4 71.5 317.9 71.2 317.4 70.9 317.0
  70.6 316.7 70.3 316.5 70.0 316.3 69.7 316.1 69.4 316.1 69.1 316.0 68.8 316.0
  68.4 316.0 68.1 315.9 67.7 315.8 67.4 315.7 67.1 315.6 66.8 315.5 66.5 315.3
  66.2 315.2 65.9 315.0 65.7 314.8 65.5 314.6 65.3 314.4 65.1 314.1 64.9 313.9
  64.7 313.7 64.5 313.4 64.4 313.1 64.3 312.8 64.2 312.5 64.2 312.2 64.1 311.8
  63.9 311.3 63.7 310.7 63.6 310.0 63.4 309.3 63.3 308.6 63.1 307.9 62.9 307.2
  62.6 306.5 62.4 305.7 62.2 305.0 62.0 304.3 61.8 303.4 61.6 302.5 61.3 301.6
  61.1 300.7 60.9 299.7 60.6 298.8 60.3 297.9 60.0 297.0 59.8 296.2 59.7 295.2
  59.4 294.3 59.2 293.3 59.0 292.3 58.8 291.3 58.5 290.3 58.2 289.2 57.9 288.3
  57.6 287.3 57.3 286.4 57.1 285.4 56.8 284.5 56.6 283.5 56.5 282.6 56.4 281.6
  56.3 280.7 56.3 279.7 56.4 278.8 56.6 277.9 56.8 276.9 56.9 275.9 57.2 275.0
  57.4 274.0 57.7 273.1 58.0 272.2 58.2 271.4 58.5 270.4 58.8 269.4 59.1 268.4
  59.3 267.4 59.5 266.5 59.7 265.5 60.0 264.6 60.2 263.8 60.4 262.7 60.6 261.8
  60.8 260.8 61.0 260.0 61.2 259.1 61.4 258.4 61.6 257.7 61.8 257.0 62.0 256.4
  62.2 255.8 62.3 254.9 62.5 254.0 62.7 253.1 62.9 252.3 63.2 251.5 63.4 250.7
  63.6 249.9 63.8 249.2 64.0 248.5 64.3 247.5 64.5 246.5 64.7 245.5 64.9 244.7
  65.1 243.8 65.2 243.0 65.4 242.2 65.6 241.5 65.8 240.8 66.0 240.1 66.2 239.5
  66.4 238.5 66.5 237.6 66.7 236.7 66.8 235.8 66.9 234.9 67.0 234.0 67.1 233.0
  67.2 232.1 67.3 231.1 67.4 230.2 67.5 229.3 67.6 228.3 67.7 227.4 67.7 226.5
  67.8 225.6 67.9 224.7 68.0 223.9 68.1 222.8 68.1 221.7 68.1 220.6 68.1 219.5
  68.1 218.4 68.0 217.4 67.9 216.5 67.8 215.5 67.6 214.6 67.4 213.7 67.2 212.8
  67.1 211.9 66.8 211.1 66.6 210.2 66.4 209.3 66.2 208.4 66.0 207.6 65.7 206.8
  65.4 206.1 65.2 205.3 64.9 204.5 64.7 203.7 64.3 202.9 64.0 202.1 63.7 201.3
  63.5 200.6 63.2 199.8 62.9 199.0 62.6 198.3 62.4 197.4 62.2 196.6 61.9 195.8
  61.7 195.0 61.6 194.2 61.4 193.5 61.3 192.7 61.1 191.9 61.0 191.0 60.9 190.2
  60.8 189.3 60.8 188.5 60.7 187.6 60.7 186.7 60.6 185.8 60.6 185.0 60.6 184.1
  60.6 183.3 60.6 182.6 60.7 181.8 60.7 181.1 60.8 180.5 61.0 179.8 61.1 179.1
  61.2 178.5 61.4 177.8 61.5 177.2 61.7 176.5 61.9 175.8 62.1 175.1 62.2 174.5
  62.4 173.9 62.5 173.3 62.6 172.8 62.8 172.3 62.9 171.9 63.0 171.5 63.0 171.1
  63.0 170.8 63.0 170.5 63.0 170.2 63.0 170.0 63.1 169.7 63.2 169.5 63.2 169.2
  63.4 168.9 63.5 168.5 63.6 168.2 63.8 167.8 64.0 167.4 64.2 166.9 64.4 166.6
  64.6 166.2 64.9 165.8 65.1 165.4 65.3 165.0 65.6 164.6 65.8 164.2 66.0 163.8
  66.1 163.2 66.3 162.7 66.4 162.1 66.6 161.5 66.7 161.0 66.8 160.4 67.0 159.8
  67.1 159.2 67.2 158.6 67.3 157.9 67.4 157.3 67.6 156.7 67.8 156.0 68.0 155.3
  68.1 154.6 68.4 153.8 68.6 153.0
   9  4 63  0.0
  72.5 321.4 72.2 321.1 71.9 320.7 71.6 320.7 71.3 320.6 70.9 320.4 70.6 320.2
  70.2 320.0 69.8 319.7 69.4 319.6 68.9 319.5 68.5 319.4 68.0 319.1 67.6 318.8
  67.1 318.9 66.7 319.0 66.2 319.1 65.8 319.3 65.4 319.8 65.0 320.3 64.7 320.9
  64.4 321.5 64.1 322.1 63.8 322.7 63.5 323.2 63.2 323.7 62.9 324.1 62.6 324.4
  62.3 324.7 62.1 325.0 61.8 325.1 61.6 325.0 61.3 324.8 61.1 324.6 60.8 324.4
  60.6 324.2 60.4 323.9 60.0 323.7 59.6 323.1 59.3 322.6 59.0 322.1 58.7 321.6
  58.4 321.1 58.1 320.6 57.8 320.1 57.5 319.5 57.0 319.0 56.5 318.4 56.0 317.9
  55.4 317.4 54.9 316.9 54.4 316.4 53.9 316.0 53.5 315.6 52.9 315.1 52.4 314.8
  51.9 314.4 51.5 313.9 51.0 313.4 50.5 312.9 50.0 312.4 49.6 311.9 49.1 311.3
  48.7 310.7 48.2 310.1 47.8 309.5 47.5 309.0 47.1 308.5 46.8 308.0 46.4 307.6
  46.0 307.1 45.5 306.8 45.1 306.5 44.6 306.3 44.2 306.0 43.8 305.7 43.4 305.5
  43.0 305.3 42.7 305.1 42.4 304.9 42.1 304.7 41.8 304.5 41.5 304.3 41.3 304.1
  41.0 303.9 40.8 303.8 40.6 303.6 40.4 303.5 40.2 303.3 40.0 303.2 39.8 303.0
  39.7 303.0 39.5 302.9 39.4 302.8 39.3 302.8 39.2 302.7 39.1 302.7 39.0 302.7
  38.9 302.7 38.8 302.7 38.8 302.6 38.7 302.6 38.7 302.6 38.7 302.6 38.7 302.6
  38.7 302.6 38.7 302.6 38.7 302.7 38.7 302.7 38.8 302.7 38.8 302.7 38.8 302.7
  38.8 302.7 38.8 302.7 38.7 302.7 38.7 302.7 38.6 302.8 38.6 302.8 38.5 302.8
  38.4 302.8 38.2 302.8 38.1 302.7 38.0 302.7 37.9 302.8 37.8 302.8 37.7 302.8
  37.7 302.8 37.6 302.8 37.6 302.9 37.5 302.9 37.5 302.9 37.5 303.0 37.5 303.0
  37.5 303.0 37.5 303.0 37.5 303.0 37.5 303.0 37.5 303.0 37.6 302.9 37.6 302.9
  37.6 302.8 37.6 302.7 37.6 302.6 37.6 302.4 37.6 302.3 37.6 302.1 37.6 301.9
  37.5 301.8 37.5 301.6 37.4 301.4 37.4 301.3 37.3 301.1 37.2 300.9 37.1 300.7
  37.0 300.5 36.9 300.4 36.7 300.2 36.5 300.0 36.3 299.8 36.4 299.6 36.4 299.3
  36.4 299.1 36.4 298.8 36.4 298.5 36.4 298.1 36.4 297.8 36.4 297.4 36.4 297.0
  36.4 296.6 36.4 296.2 36.4 295.8 36.5 295.4 36.6 295.0 36.7 294.6 36.7 294.2
  36.8 293.9 37.0 293.5 37.1 293.1 37.2 292.8 37.3 292.4 37.5 292.1 37.7 291.8
  37.8 291.5 37.9 291.2 38.1 290.9 38.3 290.7 38.4 290.4 38.6 290.2 38.7 289.9
  38.9 289.7 39.0 289.5 39.2 289.2 39.3 289.0 39.5 288.8 39.7 288.6 39.9 288.3
  40.0 288.1 40.2 287.9 40.4 287.7 40.6 287.5 40.8 287.3 41.0 287.1 41.2 286.9
  41.3 286.7 41.5 286.6 41.7 286.4 41.9 286.2 42.1 286.0 42.4 285.9 42.6 285.7
  42.9 285.5 43.2 285.3 43.5 285.1 43.9 285.0 44.2 284.8 44.6 284.7 45.0 284.6
  45.4 284.5 45.8 284.4 46.2 284.3 46.7 284.3 47.1 284.3 47.6 284.4 48.0 284.4
  48.4 284.5 48.9 284.7 49.3 284.8 49.7 285.1 50.0 285.3 50.4 285.4 50.7 285.5
  51.0 285.7 51.3 285.9 51.5 286.1 51.7 286.4 51.9 286.7 52.1 287.1 52.3 287.2
  52.5 287.3 52.6 287.4 52.8 287.5
   9  5 63  0.0
  72.5 321.4 72.2 321.8 71.8 322.2 71.5 322.7 71.2 323.2 70.9 323.7 70.5 324.1
  70.2 324.6 69.9 325.0 69.5 325.7 69.2 326.4 68.9 327.1 68.5 327.7 68.1 328.3
  67.7 328.8 67.4 329.4 67.0 330.0 66.7 330.5 66.3 331.0 65.9 331.5 65.5 332.0
  65.1 332.4 64.8 332.9 64.5 333.3 64.2 333.8 63.9 334.2 63.6 334.6 63.3 335.0
  63.0 335.4 62.7 336.0 62.5 336.5 62.3 337.1 62.1 337.7 61.9 338.3 61.8 338.9
  61.6 339.4 61.4 340.0 61.3 340.6 61.3 341.2 61.2 341.7 61.2 342.1 61.2 342.4
  61.3 342.7 61.3 343.0 61.4 343.1 61.5 343.2 61.6 343.3 61.8 343.3 61.9 343.2
  62.1 343.1 62.3 343.4 62.5 343.7 62.6 344.0 62.8 344.2 62.8 344.5 62.8 344.7
  62.7 344.9 62.7 345.1 62.7 345.3 62.6 345.4 62.5 345.6 62.5 345.7 62.4 345.8
  62.3 345.9 62.1 345.9 62.0 346.0 61.8 345.6 61.7 345.2 61.5 344.8 61.3 344.4
  61.0 343.9 60.9 343.4 60.8 342.8 60.6 342.2 60.4 341.6 60.3 341.0 60.1 340.4
  59.9 339.8 59.8 339.0 59.7 338.2 59.5 337.3 59.3 336.5 59.1 335.5 58.9 334.6
  58.7 333.5 58.5 332.3 58.2 331.1 58.1 329.8 58.0 328.5 57.9 327.3 58.0 326.1
  58.0 324.9 58.1 323.5 58.3 322.1 58.4 320.6 58.6 319.2 58.7 317.7 58.8 316.3
  58.9 314.9 59.0 313.6 59.0 312.4 58.9 311.3 58.9 310.2 58.9 309.2 58.8 308.1
  58.8 307.0 58.8 305.9 58.9 304.8 59.0 303.6 59.1 302.5 59.2 301.4 59.4 300.3
  59.5 299.2 59.7 298.2 59.8 297.2 60.0 296.2 60.3 295.4 60.4 294.6 60.6 293.8
  60.8 293.0 61.0 292.3 61.3 291.5 61.4 290.8 61.5 290.1 61.6 289.4 61.7 288.7
  61.8 288.1 61.9 287.4 61.9 286.7 62.0 286.0 62.1 285.3 62.2 284.7 62.3 284.1
  62.4 283.5 62.6 282.9 62.8 282.3 63.0 281.6 63.2 280.9 63.4 280.3 63.6 279.6
  63.9 278.8 64.1 278.1 64.4 277.4 64.8 276.7 65.1 276.0 65.4 275.3 65.7 274.5
  66.0 273.6 66.2 272.7 66.5 271.8 66.8 270.9 67.0 270.0 67.3 269.0 67.5 268.0
  67.8 267.0 68.1 265.9 68.4 265.0 68.8 264.0 69.1 263.0 69.4 262.0 69.6 260.9
  69.9 259.9 70.2 258.8 70.5 257.7 70.8 256.5 71.0 255.4 71.3 254.2 71.5 253.0
  71.8 251.8 72.0 250.6 72.3 249.2 72.5 247.7 72.7 246.3 72.9 244.9 73.1 243.4
  73.2 242.0 73.3 240.7 73.4 239.3 73.5 238.0 73.5 236.7 73.6 235.5 73.7 234.2
  73.8 233.0 73.8 231.8 73.8 230.5 73.8 229.3 73.9 228.1 73.9 227.0 73.8 225.8
  73.8 224.7 73.7 223.6 73.7 222.5 73.6 221.4 73.5 220.4 73.4 219.4 73.2 218.4
  73.1 217.5 72.9 216.6 72.8 215.8 72.6 215.0 72.4 214.3 72.2 213.6 72.1 212.9
  71.9 212.3 71.7 211.5 71.5 210.8 71.3 210.1 71.1 209.5 70.9 208.9 70.7 208.4
  70.4 207.9 70.2 207.5 69.9 207.1 69.7 206.5 69.5 205.8 69.3 205.3 69.1 204.7
  68.9 204.2 68.7 203.7 68.5 203.2 68.3 202.9 68.0 202.6 67.8 202.3 67.5 201.9
  67.3 201.7 67.0 201.5 66.7 201.4 66.4 201.4 66.0 201.5 65.7 201.6 65.4 201.5
  65.0 201.5 64.7 201.5 64.3 201.6 63.9 201.6 63.5 201.4 63.2 201.2 62.7 201.1
  62.3 201.0 61.8 201.0 61.3 200.7
   9  6 63  0.0
  72.5 321.4 72.2 321.5 71.8 321.6 71.5 321.8 71.2 322.0 70.9 322.1 70.5 322.3
  70.2 322.5 69.9 322.6 69.6 323.0 69.3 323.4 69.0 323.7 68.7 324.0 68.6 324.4
  68.4 324.7 68.2 325.1 68.0 325.6 67.8 326.2 67.6 326.8 67.4 327.5 67.1 328.2
  66.9 328.9 66.7 329.7 66.4 330.5 66.2 331.3 65.9 332.1 65.6 332.6 65.3 333.0
  65.0 333.5 64.8 334.0 64.5 334.4 64.2 334.9 63.9 335.3 63.6 335.3 63.3 335.2
  63.0 335.3 62.7 335.3 62.4 335.3 62.1 335.4 61.8 335.5 61.6 335.3 61.3 335.1
  61.1 334.9 60.8 334.8 60.6 334.8 60.3 334.7 60.1 334.7 59.8 334.8 59.6 334.6
  59.4 334.5 59.2 334.4 59.1 334.2 59.0 334.1 58.9 333.9 58.8 333.8 58.7 333.6
  58.6 333.5 58.5 333.3 58.4 333.1 58.4 333.0 58.3 332.8 58.2 332.7 58.2 332.5
  58.1 332.2 58.1 332.0 58.0 331.7 57.9 330.9 57.7 330.1 57.6 329.3 57.4 328.5
  57.2 327.7 56.8 327.0 56.5 326.3 56.1 325.6 55.7 324.9 55.3 324.1 54.9 323.3
  54.6 322.4 54.3 321.6 54.0 320.9 53.6 320.1 53.3 319.4 52.9 318.7 52.5 318.0
  52.1 317.4 51.6 316.9 51.1 316.2 50.7 315.6 50.2 315.0 49.7 314.4 49.3 313.7
  48.8 313.0 48.4 312.3 48.0 311.6 47.7 310.9 47.4 310.2 47.1 309.5 46.9 308.8
  46.6 308.0 46.3 307.3 45.9 306.6 45.6 305.9 45.2 305.2 44.8 304.6 44.4 303.9
  44.0 303.3 43.6 302.6 43.2 302.0 42.8 301.4 42.4 300.8 42.0 300.2 41.6 299.6
  41.3 299.1 41.0 298.5 40.8 297.9 40.5 297.4 40.2 296.8 40.0 296.2 39.8 295.7
  39.6 295.2 39.5 294.8 39.4 294.3 39.3 293.8 39.2 293.3 39.1 292.7 39.0 292.2
  38.9 291.7 38.8 291.2 38.7 290.6 38.6 290.1 38.5 289.6 38.4 289.0 38.3 288.5
  38.2 287.9 38.1 287.3 38.0 286.8 37.9 286.3 37.9 285.9 37.8 285.6 37.8 285.3
  37.8 285.0 37.7 284.7 37.7 284.4 37.7 284.1 37.7 283.9 37.8 283.6 37.8 283.3
  37.8 283.1 37.8 282.8 37.8 282.5 37.8 282.2 37.8 281.9 37.8 281.6 37.8 281.4
  37.8 281.1 37.7 280.8 37.7 280.5 37.7 280.3 37.7 280.0 37.7 279.7 37.8 279.4
  37.8 279.2 37.8 278.9 37.9 278.6 37.9 278.3 38.0 278.1 38.0 277.8 38.0 277.6
  38.1 277.2 38.1 276.9 38.1 276.5 38.2 276.2 38.2 275.8 38.3 275.4 38.4 275.0
  38.6 274.7 38.7 274.3 38.8 273.8 38.9 273.4 39.1 273.0 39.2 272.7 39.4 272.3
  39.5 271.9 39.7 271.5 39.9 271.2 40.0 270.8 40.2 270.3 40.3 269.7 40.5 269.2
  40.6 268.7 40.7 268.2 40.9 267.8 41.0 267.3 41.2 266.9 41.4 266.5 41.6 266.1
  41.7 265.7 41.9 265.4 42.1 265.0 42.2 264.5 42.4 264.0 42.5 263.6 42.7 263.2
  42.9 262.7 43.1 262.3 43.3 261.9 43.5 261.5 43.7 261.2 43.9 260.8 44.0 260.5
  44.1 260.2 44.1 259.8 44.2 259.4 44.3 259.0 44.4 258.6 44.4 258.2 44.5 257.9
  44.5 257.5 44.5 257.1 44.5 256.8 44.5 256.4 44.4 256.1 44.4 255.7 44.4 255.4
  44.4 255.1 44.4 254.8 44.3 254.5 44.2 254.2 44.1 253.9 44.0 253.7 43.9 253.5
  43.8 253.4 43.7 253.2 43.6 253.1 43.5 252.9 43.4 252.8 43.4 252.6 43.3 252.5
  43.3 252.3 43.2 252.2 43.2 252.0
   9  7 63  0.0
  72.5 321.4 72.4 321.8 72.3 322.1 72.2 322.4 72.1 322.7 71.9 322.9 71.7 323.5
  71.6 324.0 71.4 324.5 71.2 324.9 71.0 325.3 70.8 325.7 70.6 326.1 70.3 326.5
  70.1 326.8 69.8 327.1 69.6 328.2 69.5 329.2 69.3 330.1 69.2 330.9 69.0 331.5
  68.8 332.1 68.8 332.6 68.7 332.9 68.7 333.2 68.6 333.5 68.6 333.7 68.6 334.0
  68.5 334.2 68.5 334.5 68.5 334.8 68.4 335.1 68.4 335.4 68.4 335.7 68.4 336.0
  68.4 336.4 68.5 336.7 68.5 337.1 68.5 337.5 68.6 337.9 68.5 338.3 68.5 338.7
  68.5 339.1 68.4 339.5 68.4 339.9 68.3 340.3 68.3 340.7 68.2 341.1 68.2 341.5
  68.2 341.9 68.1 342.3 68.1 342.6 68.0 342.9 68.0 343.2 67.9 343.7 67.8 344.1
  67.8 344.5 67.8 344.8 67.8 345.2 67.8 345.6 67.8 345.9 67.8 346.3 67.8 346.6
  67.8 346.9 67.8 347.2 67.8 347.4 67.8 347.6 67.8 347.8 67.8 348.0 67.9 348.1
  68.0 348.2 68.1 348.3 68.2 348.2 68.3 348.0 68.3 347.8 68.3 347.5 68.4 347.3
  68.4 347.0 68.4 346.7 68.4 346.3 68.5 346.0 68.5 345.6 68.5 345.2 68.5 344.7
  68.5 344.3 68.5 343.8 68.5 343.3 68.5 342.8 68.5 342.4 68.5 341.9 68.5 341.5
  68.5 341.0 68.5 340.6 68.6 340.2 68.6 339.8 68.6 339.4 68.7 339.1 68.8 338.7
  68.8 338.4 68.9 338.1 68.9 337.8 69.0 337.6 69.0 337.3 69.0 337.1 69.0 336.8
  69.0 336.6 69.0 336.4 68.9 336.1 68.9 335.9 68.9 335.6 68.8 335.4 68.8 335.3
  68.8 335.1 68.7 335.1 68.7 335.0 68.7 335.0 68.6 335.1 68.6 335.2 68.5 335.4
  68.5 335.6 68.4 335.8 68.4 336.1 68.2 336.4 68.0 336.6 67.7 336.9 67.4 337.1
  67.2 337.3 66.8 337.4 66.5 337.5 66.1 337.5 65.6 337.5 65.2 337.5 64.6 337.4
  64.1 337.4 63.5 337.3 62.9 336.8 62.4 336.4 61.9 335.9 61.4 335.1 60.9 334.2
  60.5 333.4 60.0 332.5 59.6 331.6 59.2 330.6 58.9 329.6 58.5 328.5 58.2 327.5
  58.1 326.4 57.9 325.2 57.7 324.2 57.6 323.1 57.4 322.0 57.2 321.0 57.0 319.9
  56.7 318.8 56.4 317.8 56.1 316.7 55.8 315.7 55.6 314.6 55.4 313.5 55.1 312.3
  54.8 311.2 54.5 310.0 54.3 308.8 54.0 307.6 53.9 306.5 53.7 305.4 53.6 304.2
  53.4 303.1 53.6 301.9 53.6 300.8 53.7 299.7 53.8 298.7 53.9 297.7 54.1 296.8
  54.2 296.1 54.3 295.4 54.6 294.7 54.9 294.0 55.3 293.3 55.6 292.7 56.0 292.1
  56.4 291.6 56.7 291.1 57.0 290.6 57.3 290.2 57.6 289.7 57.8 289.3 58.1 288.9
  58.3 288.6 58.5 288.2 58.7 287.9 59.0 287.6 59.2 287.3 59.5 287.0 59.7 286.8
  60.0 286.6 60.2 286.4 60.4 286.1 60.7 285.9 61.0 285.7 61.2 285.6 61.5 285.5
  61.7 285.5 62.0 285.5 62.3 285.2 62.5 284.9 62.8 284.6 63.1 284.4 63.3 284.2
  63.6 284.1 63.8 284.0 64.1 284.0 64.5 283.6 64.9 283.3 65.2 283.1 65.6 282.9
  66.0 282.8 66.4 282.3 66.9 281.9 67.3 281.4 67.7 281.0 68.2 280.5 68.7 279.9
  69.1 279.2 69.5 278.6 69.9 278.1 70.3 277.6 70.8 276.8 71.2 276.1 71.7 275.3
  72.1 274.7 72.5 273.7 73.0 272.7 73.4 271.7 73.8 270.8 74.2 270.0 74.7 269.0
  75.1 268.1 75.5 267.1 75.9 266.1
   9  8 63  0.0
  72.5 321.4 72.2 321.6 72.0 321.9 71.8 322.3 71.6 322.7 71.4 323.1 71.3 323.6
  71.2 324.1 71.2 324.7 71.2 325.4 71.2 326.1 71.3 327.0 71.4 328.0 71.4 329.1
  71.5 330.2 71.5 331.4 71.6 332.6 71.6 333.8 71.7 334.9 71.7 335.9 71.8 336.9
  71.9 337.8 72.0 338.6 72.0 339.3 72.1 339.8 72.2 340.2 72.3 340.7 72.4 341.1
  72.5 341.5 72.6 341.9 72.6 342.3 72.6 342.7 72.7 343.1 72.7 343.5 72.7 343.9
  72.7 344.3 72.7 344.7 72.7 345.1 72.8 345.5 72.8 345.9 72.8 346.4 72.8 346.8
  72.9 347.3 72.9 347.8 73.0 348.3 73.1 348.8 73.2 349.3 73.3 349.8 73.4 350.3
  73.5 350.9 73.6 351.5 73.6 352.1 73.7 352.9 73.8 353.6 73.9 354.4 74.0 355.3
  74.1 356.3 74.2 356.9 74.3 357.6 74.4 358.3 74.5 359.0 74.6 359.7 74.7   0.4
  74.8   0.5 74.9   0.7 75.0   0.8 75.1   1.0 75.1   1.1 75.2   1.2 75.3   1.2
  75.3   1.3 75.3   1.4 75.4   1.4 75.4   1.4 75.4   1.4 75.4   1.4 75.5   1.5
  75.5   1.5 75.5   1.5 75.5   1.4 75.5   1.4 75.5   1.4 75.5   1.4 75.4   1.4
  75.4   1.3 75.4   1.3 75.4   1.3 75.3   1.2 75.3   1.1 75.2   1.0 75.2   0.9
  75.1   0.8 75.1   0.7 75.0   0.6 74.9   0.5 74.9   0.3 74.8   0.1 74.7 360.0
  74.6 359.3 74.6 358.5 74.5 357.7 74.4 356.9 74.3 356.0 74.2 355.1 74.1 354.1
  74.0 353.1 73.9 352.1 73.8 351.2 73.7 350.2 73.6 349.1 73.5 348.1 73.3 347.0
  73.2 346.0 73.1 344.9 73.0 343.8 73.0 342.8 72.9 341.7 72.9 340.6 72.9 339.5
  72.9 338.5 72.9 337.4 72.9 336.3 72.9 335.3 72.8 334.3 72.8 333.4 72.8 332.5
  72.7 331.7 72.6 330.9 72.5 330.2 72.5 329.5 72.4 328.9 72.3 328.4 72.2 327.9
  72.1 327.5 72.0 327.1 71.9 326.7 71.8 326.3 71.7 326.0 71.7 325.7 71.6 325.4
  71.6 325.2 71.6 325.0 71.6 324.8 71.6 324.7 71.6 324.6 71.6 324.5 71.6 324.4
  71.6 324.2 71.6 324.0 71.6 323.8 71.6 323.6 71.6 323.3 71.6 323.0 71.6 322.6
  71.6 322.2 71.6 321.8 71.6 321.3 71.6 320.8 71.5 320.3 71.5 319.8 71.4 319.3
  71.3 318.8 71.2 318.4 71.1 317.9 71.0 317.5 70.8 317.1 70.6 316.6 70.4 316.2
  70.2 315.8 70.0 315.5 69.8 315.1 69.6 315.0 69.5 314.9 69.3 314.8 69.1 314.6
  68.9 314.5 68.7 314.4 68.4 314.3 68.2 314.2 67.9 314.1 67.6 313.9 67.3 313.8
  66.9 313.7 66.6 313.5 66.3 313.3 65.9 313.0 65.5 312.8 65.2 312.6 64.8 312.4
  64.3 312.1 63.9 311.9 63.4 311.9 63.0 311.9 62.4 311.9 61.9 311.9 61.4 311.7
  60.8 311.5 60.3 311.3 59.7 311.1 59.1 310.6 58.5 310.1 57.8 309.7 57.2 309.0
  56.5 308.4 55.8 307.8 55.2 307.1 54.5 306.3 53.9 305.6 53.3 304.6 52.7 303.5
  52.3 302.5 51.8 301.6 51.4 300.5 50.9 299.5 50.6 298.4 50.3 297.4 50.0 296.4
  49.6 295.6 49.5 294.7 49.3 293.9 49.1 293.0 48.9 292.2 48.7 291.3 48.6 290.5
  48.5 289.6 48.4 288.8 48.2 288.0 48.3 287.2 48.3 286.4 48.3 285.7 48.3 285.0
  48.3 284.3 48.3 283.7 48.4 283.1 48.5 282.5 48.5 282.0 48.5 281.4 48.5 280.8
  48.5 280.2 48.5 279.6 48.5 279.0
   9  9 63  0.0
  72.5 321.4 72.1 321.3 71.8 321.3 71.4 321.2 71.0 321.1 70.6 321.0 70.2 320.9
  69.8 320.8 69.4 320.7 69.0 320.5 68.5 320.3 68.1 320.1 67.8 319.9 67.1 319.7
  66.6 319.4 66.0 319.3 65.6 319.1 65.2 318.8 64.8 318.4 64.5 318.1 64.2 317.8
  63.9 317.4 63.7 316.8 63.5 316.1 63.4 315.4 63.0 314.5 62.7 313.7 62.4 312.9
  62.2 312.0 61.8 311.1 61.5 310.0 61.2 309.0 60.9 307.8 60.5 306.7 60.1 305.6
  59.7 304.5 59.3 303.2 58.9 301.9 58.4 300.5 58.1 299.1 57.6 297.6 57.2 296.1
  56.8 294.6 56.4 293.1 56.1 291.5 55.7 290.0 55.3 288.6 55.0 287.2 54.7 285.7
  54.5 284.3 54.2 282.9 54.0 281.6 53.8 280.6 53.5 279.6 53.4 278.6 53.2 277.6
  53.0 276.7 52.7 275.8 52.6 274.8 52.5 273.8 52.4 272.8 52.2 271.8 52.2 270.7
  52.2 269.7 52.2 268.7 52.1 267.8 52.1 266.8 52.0 265.9 52.0 265.0 51.9 264.1
  51.8 263.2 51.7 262.4 51.7 261.5 51.6 260.6 51.5 259.8 51.6 259.0 51.6 258.1
  51.6 257.3 51.6 256.5 51.7 255.8 51.7 255.0 51.7 254.2 51.7 253.5 51.7 252.8
  51.6 252.0 51.5 251.3 51.5 250.6 51.6 249.9 51.6 249.2 51.6 248.6 51.6 247.9
  51.6 247.3 51.6 246.7 51.6 246.1 51.5 245.6 51.5 245.0 51.4 244.4 51.3 243.9
  51.2 243.3 51.0 242.8 50.9 242.3 50.7 241.9 50.6 241.4 50.5 241.0 50.4 240.6
  50.2 240.2 50.1 239.9 49.8 239.5 49.5 239.3 49.2 239.0 48.9 238.8 48.6 238.6
  48.3 238.4 48.0 238.1 47.8 237.9 47.5 237.7 47.3 237.5 47.1 237.3 46.9 237.1
  46.7 236.9 46.5 236.7 46.4 236.5 46.2 236.3 46.1 236.1 46.0 235.9 45.8 235.7
  45.6 235.5 45.4 235.3 45.3 235.1 45.2 234.9 45.1 234.8 45.0 234.6 44.9 234.4
  44.9 234.2 44.8 234.0 44.8 233.8 44.8 233.6 44.7 233.4 44.7 233.2 44.7 233.0
  44.7 232.8 44.6 232.6 44.6 232.3 44.6 232.1 44.6 231.9 44.3 231.6 44.0 231.3
  43.7 231.0 43.5 230.8 43.3 230.6 43.1 230.4 42.9 230.1 42.8 229.8 42.6 229.5
  42.5 229.2 42.4 228.8 42.3 228.4 42.2 228.0 42.0 227.5 41.8 227.1 41.6 226.7
  41.4 226.2 41.2 225.7 41.1 225.1 40.9 224.6 40.8 223.9 40.5 223.3 40.2 222.6
  39.9 221.8 39.6 221.1 39.3 220.3 39.1 219.6 38.8 218.7 38.6 217.8 38.3 216.9
  38.1 215.9 37.9 214.9 37.7 214.0 37.5 213.2 37.4 212.2 37.3 211.2 37.1 210.2
  37.0 209.1 36.9 208.1 36.8 207.0 36.7 206.0 36.6 205.1 36.6 204.1 36.5 203.2
  36.4 202.3 36.4 201.5 36.4 200.6 36.3 199.7 36.3 198.8 36.3 197.9 36.3 197.0
  36.3 196.1 36.3 195.2 36.2 194.2 36.2 193.3 36.1 192.3 36.1 191.3 36.0 190.2
  36.0 189.1 36.0 188.0 36.0 186.9 36.0 186.1 35.9 185.3 35.9 184.4 35.8 183.6
  35.7 182.7 35.5 181.9 35.3 180.9 35.1 180.0 35.0 178.9 34.9 177.9 34.7 176.8
  34.6 175.7 34.7 174.6 34.9 173.6 35.0 172.7 35.0 171.8 35.3 171.0 35.4 170.2
  35.6 169.5 35.8 168.8 35.9 168.2 36.1 167.7 36.1 166.8 36.3 166.1 36.4 165.3
  36.5 164.6 36.7 163.9 36.7 163.2 36.7 162.5 36.7 161.8 36.8 161.2 36.9 160.6
  37.0 160.0 37.1 159.5 37.1 158.9
   9 10 63  0.0
  72.5 321.4 72.5 322.1 72.6 322.8 72.6 323.4 72.5 323.9 72.5 324.5 72.4 324.9
  72.3 325.3 72.2 325.6 72.0 325.9 71.9 326.1 71.7 326.5 71.5 327.0 71.3 327.4
  71.0 327.8 70.8 328.1 70.7 328.4 70.5 328.6 70.4 328.8 70.4 329.0 70.3 329.2
  70.2 329.3 70.2 329.5 70.2 329.6 70.1 329.6 70.1 329.6 70.1 329.7 70.1 329.7
  70.2 329.7 70.2 329.7 70.2 329.7 70.2 329.8 70.2 329.8 70.3 329.8 70.3 329.8
  70.3 329.8 70.3 329.8 70.4 329.8 70.4 329.8 70.5 329.9 70.5 330.0 70.5 330.1
  70.6 330.3 70.7 330.6 70.7 330.9 70.8 331.3 70.8 331.7 70.9 332.2 71.1 332.8
  71.3 333.4 71.5 334.1 71.6 334.9 71.7 335.7 71.9 336.7 72.0 337.6 72.2 338.3
  72.3 339.1 72.5 339.9 72.6 340.7 72.7 341.6 72.8 342.5 72.8 343.4 72.9 344.3
  73.0 345.2 73.1 346.0 73.2 346.8 73.3 347.5 73.4 348.2 73.4 348.9 73.5 349.5
  73.5 350.2 73.5 350.8 73.6 351.4 73.6 351.9 73.6 352.5 73.6 353.1 73.5 353.7
  73.5 354.3 73.5 354.9 73.5 355.5 73.5 356.1 73.5 356.7 73.5 357.3 73.5 358.0
  73.5 358.6 73.6 359.3 73.7 359.9 73.7   0.6 73.8   0.8 73.9   1.0 73.9   1.2
  74.0   1.4 74.0   1.6 74.1   1.8 74.2   2.0 74.2   2.2 74.3   2.4 74.4   2.6
  74.4   2.8 74.5   3.0 74.6   3.2 74.6   3.5 74.7   3.7 74.8   3.9 74.9   4.1
  74.9   4.3 75.0   4.5 75.1   4.7 75.2   4.9 75.3   5.1 75.4   5.3 75.5   5.5
  75.6   5.6 75.7   5.8 75.8   5.9 75.9   6.0 75.9   6.1 76.0   6.2 76.1   6.2
  76.1   6.2 76.2   6.1 76.2   6.0 76.3   5.9 76.3   5.8 76.3   5.7 76.3   5.6
  76.3   5.5 76.3   5.4 76.3   5.4 76.3   5.3 76.3   5.2 76.3   5.1 76.2   5.1
  76.2   5.0 76.2   5.0 76.1   4.9 76.0   4.8 75.9   4.7 75.9   4.6 75.8   4.5
  75.7   4.4 75.6   4.3 75.5   4.2 75.4   4.1 75.3   4.0 75.2   3.8 75.1   3.7
  75.0   3.5 74.9   3.3 74.8   3.1 74.7   3.0 74.6   2.8 74.5   2.6 74.4   2.3
  74.3   2.1 74.1   1.9 74.0   1.6 73.9   1.4 73.8   1.2 73.7   1.0 73.5   0.9
  73.4   0.7 73.2   0.5 73.1   0.3 72.9   0.1 72.7 359.9 72.5 359.3 72.3 358.7
  72.1 358.0 71.9 357.4 71.7 357.1 71.5 356.7 71.3 356.4 71.1 356.1 70.9 355.8
  70.7 355.5 70.5 355.3 70.2 355.1 70.0 354.9 69.7 355.0 69.4 355.2 69.1 355.4
  68.8 355.6 68.6 355.7 68.3 355.8 68.0 355.8 67.7 355.8 67.5 356.0 67.3 356.2
  67.2 356.4 67.0 356.5 66.8 356.6 66.7 356.6 66.5 356.6 66.4 356.6 66.3 356.5
  66.2 356.3 66.1 356.1 66.0 355.9 65.8 355.8 65.7 355.8 65.6 355.7 65.4 355.6
  65.4 355.4 65.3 355.2 65.2 355.0 65.2 354.7 65.1 354.4 65.1 354.0 65.0 353.6
  65.0 353.2 65.0 352.7 64.9 352.2 64.9 351.7 64.8 351.1 64.8 350.5 64.7 349.8
  64.7 349.1 64.7 348.4 64.6 347.6 64.5 346.8 64.4 346.0 64.3 345.2 64.2 344.3
  64.2 343.4 64.0 342.4 63.9 341.5 63.8 340.6 63.8 339.8 63.6 338.9 63.6 337.9
  63.5 336.9 63.5 335.9 63.4 334.8 63.3 333.7 63.3 332.5 63.3 331.4 63.2 330.2
  63.1 329.0 63.1 327.9 62.8 326.7
   9 11 63  0.0
  72.5 321.4 72.2 321.5 71.9 321.6 71.7 321.6 71.5 321.6 71.2 321.6 71.0 321.7
  70.8 321.8 70.7 322.0 70.5 322.2 70.4 322.4 70.3 322.7 70.2 323.0 70.1 323.4
  70.1 323.8 70.0 324.2 70.1 324.7 70.2 325.2 70.2 325.7 70.3 326.3 70.3 327.0
  70.4 327.7 70.4 328.4 70.5 329.2 70.5 330.0 70.5 330.9 70.5 331.7 70.5 332.5
  70.5 333.2 70.5 334.0 70.5 334.6 70.4 335.2 70.4 335.8 70.4 336.3 70.5 336.8
  70.6 337.2 70.7 337.6 70.9 338.0 71.0 338.4 71.1 338.8 71.3 339.2 71.4 339.7
  71.6 340.1 71.7 340.7 71.9 341.2 72.0 341.8 72.2 342.3 72.3 342.7 72.4 343.3
  72.5 343.9 72.6 344.5 72.7 345.1 72.8 345.7 72.9 346.3 73.0 346.9 73.1 347.5
  73.2 348.0 73.2 348.6 73.2 349.1 73.3 349.6 73.3 350.0 73.4 350.5 73.4 350.9
  73.5 351.3 73.6 351.7 73.7 352.1 73.7 352.5 73.8 352.9 73.9 353.3 74.0 353.7
  74.1 354.0 74.3 354.3 74.4 354.6 74.6 354.9 74.8 355.2 75.0 355.6 75.2 356.0
  75.3 356.4 75.5 356.8 75.6 357.3 75.7 357.8 75.8 358.3 75.9 358.8 76.0 359.3
  76.1 359.8 76.2   0.3 76.2   0.4 76.2   0.6 76.2   0.7 76.1   0.8 76.0   0.9
  75.9   1.0 75.8   1.1 75.6   1.3 75.4   1.4 75.2   1.5 74.9   1.7 74.6   1.8
  74.3   2.0 74.1   2.1 73.8   2.3 73.6   2.4 73.5   2.6 73.3   2.7 73.2   2.9
  73.1   3.0 73.1   3.2 73.1   3.4 73.1   3.5 73.2   3.7 73.2   3.9 73.3   4.1
  73.3   4.3 73.3   4.4 73.4   4.6 73.4   4.8 73.4   5.0 73.4   5.2 73.5   5.4
  73.5   5.6 73.5   5.8 73.5   6.0 73.5   6.3 73.6   6.5 73.6   6.7 73.6   6.9
  73.7   7.2 73.7   7.4 73.8   7.7 73.9   7.9 73.9   8.2 74.0   8.4 74.0   8.7
  74.1   8.9 74.2   9.1 74.2   9.2 74.3   9.4 74.4   9.5 74.4   9.6 74.5   9.7
  74.6   9.8 74.6   9.9 74.7   9.9 74.7  10.0 74.8  10.0 74.9  10.0 74.9  10.0
  75.0  10.0 75.0  10.0 75.0  10.0 75.1  10.0 75.1  10.0 75.1  10.1 75.1  10.1
  75.1  10.1 75.1  10.1 75.1  10.1 75.1  10.1 75.1  10.1 75.1  10.1 75.0  10.1
  75.0  10.0 74.9  10.0 74.9   9.9 74.8   9.9 74.7   9.8 74.6   9.7 74.5   9.7
  74.4   9.6 74.3   9.5 74.2   9.4 74.0   9.2 73.9   9.1 73.8   9.0 73.7   9.0
  73.6   8.9 73.5   8.8 73.5   8.7 73.4   8.6 73.3   8.5 73.2   8.4 73.1   8.3
  73.0   8.2 72.9   8.0 72.8   7.9 72.6   7.7 72.5   7.6 72.4   7.4 72.2   7.3
  72.0   7.1 71.9   7.0 71.7   6.9 71.5   6.9 71.3   6.9 71.1   6.9 71.0   6.9
  70.9   6.9 70.7   6.8 70.6   6.8 70.5   6.8 70.4   6.7 70.3   6.7 70.3   6.7
  70.2   6.6 70.1   6.6 70.1   6.5 70.1   6.5 70.0   6.4 70.0   6.2 70.0   6.1
  70.0   6.0 70.0   5.9 70.0   5.8 70.0   5.7 70.0   5.5 70.0   5.2 70.1   4.8
  70.1   4.4 70.1   4.0 70.2   3.6 70.2   3.2 70.2   2.8 70.2   2.4 70.2   2.0
  70.2   1.6 70.2   1.2 70.3   0.8 70.3   0.4 70.3 359.9 70.3 358.7 70.4 357.4
  70.4 356.0 70.4 354.7 70.4 353.4 70.4 352.1 70.4 350.9 70.4 349.6 70.4 348.4
  70.5 347.3 70.5 346.1 70.5 345.1
   9 12 63  0.0
  72.5 321.4 72.2 321.6 71.9 321.9 71.6 322.1 71.3 322.3 71.1 322.5 70.8 322.6
  70.5 322.6 70.2 322.6 70.0 322.5 69.7 322.3 69.4 322.0 69.2 321.7 68.9 321.4
  68.6 321.0 68.3 320.7 68.0 320.4 67.7 320.1 67.4 319.8 67.1 319.5 66.7 319.2
  66.3 318.9 65.9 318.6 65.5 318.3 65.1 317.9 64.7 317.6 64.2 317.3 63.9 317.0
  63.5 316.7 63.2 316.4 62.8 316.2 62.5 316.0 62.2 315.8 61.8 315.6 61.5 315.3
  61.2 315.0 60.9 314.8 60.6 314.6 60.3 314.4 60.0 314.1 59.8 313.7 59.5 313.2
  59.3 312.7 59.1 312.2 58.9 311.7 58.6 311.2 58.3 310.7 58.0 310.2 57.7 309.6
  57.3 309.0 57.0 308.5 56.6 307.9 56.2 307.3 55.8 306.7 55.4 306.0 55.0 305.2
  54.6 304.5 54.1 303.7 53.8 303.0 53.5 302.2 53.2 301.4 52.8 300.7 52.5 299.9
  52.2 299.2 51.8 298.5 51.5 297.9 51.2 297.4 50.9 296.8 50.6 296.2 50.3 295.6
  50.0 295.0 49.7 294.4 49.4 293.8 49.1 293.2 48.9 292.5 48.6 291.9 48.4 291.3
  48.1 290.7 47.8 290.1 47.6 289.6 47.3 289.1 47.1 288.6 46.9 288.1 46.6 287.6
  46.5 287.1 46.4 286.7 46.3 286.2 46.3 285.7 46.2 285.3 46.1 284.8 46.0 284.3
  45.9 283.9 46.0 283.5 46.0 283.1 46.0 282.6 46.0 282.2 46.0 281.8 46.0 281.4
  46.0 281.0 46.0 280.6 46.0 280.2 46.0 279.8 46.1 279.3 46.2 278.9 46.3 278.5
  46.3 278.1 46.4 277.8 46.5 277.4 46.6 277.0 46.7 276.6 46.7 276.3 46.8 275.9
  46.9 275.5 47.0 275.1 47.2 274.7 47.2 274.2 47.3 273.8 47.3 273.2 47.3 272.7
  47.3 272.1 47.3 271.5 47.4 270.9 47.5 270.2 47.5 269.6 47.6 269.0 47.7 268.4
  47.8 267.8 47.9 267.1 48.1 266.5 48.2 265.8 48.3 265.1 48.4 264.3 48.5 263.5
  48.6 262.6 48.7 261.8 48.8 260.9 48.8 260.1 48.9 259.3 49.1 258.4 49.3 257.6
  49.4 256.8 49.6 256.0 49.7 255.2 49.9 254.4 50.1 253.6 50.3 252.7 50.5 251.8
  50.7 250.9 50.9 250.1 51.0 249.3 51.2 248.5 51.3 247.7 51.4 247.0 51.6 246.3
  51.7 245.6 51.8 245.0 51.9 244.3 52.0 243.7 52.0 243.1 52.0 242.5 52.0 241.9
  51.9 241.4 51.9 240.8 51.8 240.3 51.8 239.8 51.6 239.3 51.4 238.7 51.1 238.2
  50.9 237.7 50.6 237.2 50.4 236.7 50.1 236.3 49.8 235.8 49.4 235.4 49.0 235.1
  48.6 234.7 48.2 234.3 47.8 234.0 47.4 233.7 46.9 233.4 46.5 233.1 46.1 232.8
  45.7 232.5 45.3 232.1 44.9 231.8 44.5 231.5 44.2 231.2 43.8 230.8 43.5 230.6
  43.2 230.3 42.8 230.0 42.5 229.8 42.2 229.5 41.9 229.3 41.6 229.1 41.4 229.0
  41.1 228.9 40.9 228.7 40.7 228.6 40.5 228.4 40.4 228.3 40.2 228.1 40.1 228.0
  39.9 227.8 39.8 227.7 39.7 227.6 39.5 227.5 39.4 227.3 39.3 227.1 39.1 226.9
  39.0 226.7 38.9 226.5 38.8 226.2 38.6 225.9 38.5 225.6 38.4 225.2 38.3 224.8
  38.1 224.4 38.0 223.9 37.8 223.4 37.7 223.0 37.5 222.6 37.4 222.2 37.2 221.8
  37.1 221.4 37.0 221.0 36.9 220.5 36.8 220.1 36.7 219.7 36.5 219.3 36.3 218.9
  36.1 218.4 36.0 217.8 35.8 217.5 35.7 217.2 35.6 216.8 35.4 216.4 35.3 216.0
  35.2 215.6 35.0 215.1 34.9 214.6
   9 13 63  0.0
  72.5 321.4 72.4 322.4 72.2 323.4 72.1 324.5 71.9 325.5 71.7 326.9 71.5 328.3
  71.3 329.6 71.1 330.9 70.8 332.1 70.5 333.2 70.1 334.1 69.7 334.9 69.4 335.9
  69.0 336.7 68.6 337.4 68.3 337.9 67.9 338.3 67.6 338.6 67.3 338.8 67.0 338.8
  66.7 338.8 66.4 338.7 66.2 338.5 65.9 338.3 65.7 338.0 65.6 337.7 65.4 337.4
  65.3 337.1 65.2 336.8 65.1 336.5 65.1 336.1 65.1 335.7 65.0 335.3 64.9 334.9
  64.9 334.5 64.8 334.0 64.8 333.5 64.9 333.0 64.9 332.5 65.0 332.1 65.1 331.7
  65.1 331.3 65.1 330.9 65.2 330.6 65.2 330.2 65.3 329.9 65.4 329.5 65.6 329.2
  65.7 328.8 65.9 328.5 66.0 328.3 66.2 328.1 66.3 328.1 66.5 328.1 66.7 328.1
  66.9 328.2 67.0 328.4 67.2 328.6 67.4 328.9 67.6 329.2 67.7 329.6 67.9 330.0
  68.0 330.4 68.2 331.0 68.3 331.6 68.4 332.2 68.5 332.9 68.5 333.5 68.6 334.2
  68.6 334.8 68.6 335.5 68.6 336.2 68.6 336.8 68.6 337.5 68.5 338.1 68.5 338.7
  68.5 339.3 68.5 340.0 68.6 340.6 68.6 341.2 68.8 341.8 68.9 342.4 69.1 343.0
  69.2 343.7 69.4 344.4 69.6 345.1 69.8 345.7 69.9 346.4 70.1 347.1 70.3 347.7
  70.4 348.4 70.5 349.2 70.5 349.9 70.5 350.7 70.5 351.5 70.4 352.3 70.3 353.2
  70.2 353.9 70.0 354.6 69.9 355.3 69.7 355.9 69.6 356.4 69.3 356.9 69.0 357.3
  68.7 357.7 68.4 358.1 68.1 358.4 67.7 358.8 67.4 359.2 67.1 359.5 66.7 359.8
  66.3   0.0 65.9   0.1 65.5   0.1 65.1   0.1 64.7   0.2 64.3   0.2 63.9   0.2
  63.6   0.2 63.2   0.2 62.8   0.1 62.4   0.1 62.0   0.1 61.6   0.0 61.3 359.9
  60.8 359.6 60.4 359.3 60.0 359.0 59.6 358.6 59.3 358.1 58.9 357.5 58.7 356.9
  58.4 356.3 58.2 355.6 57.9 355.0 57.7 354.2 57.5 353.3 57.3 352.4 57.1 351.5
  56.9 350.5 56.7 349.5 56.5 348.4 56.4 347.4 56.0 346.3 55.7 345.2 55.5 344.1
  55.3 343.1 54.9 342.1 54.5 341.0 54.2 339.9 53.9 338.8 53.6 337.7 53.3 336.5
  53.1 335.3 52.9 334.1 52.6 332.8 52.4 331.4 52.1 330.0 51.9 328.5 51.7 327.4
  51.4 326.2 51.2 325.0 50.9 323.7 50.5 322.4 50.1 321.1 49.8 319.7 49.5 318.7
  49.2 317.6 48.9 316.5 48.6 315.4 48.3 314.3 48.0 313.2 47.7 312.1 47.4 311.4
  47.1 310.6 46.9 309.8 46.6 309.0 46.4 308.2 46.1 307.4 46.0 306.6 45.9 306.0
  45.8 305.3 45.6 304.6 45.4 303.9 45.2 303.2 45.1 302.4 44.8 301.6 44.6 300.8
  44.3 300.0 44.2 299.1 44.2 298.2 44.1 297.4 44.0 296.6 43.9 295.8 44.0 295.2
  44.1 294.5 44.2 293.9 44.3 293.2 44.3 292.5 44.4 291.9 44.5 291.2 44.6 290.5
  44.7 289.8 44.8 289.1 44.9 288.5 45.0 287.8 45.1 287.2 45.3 286.6 45.4 286.0
  45.5 285.4 45.5 284.9 45.6 284.3 45.6 283.8 45.8 283.2 45.9 282.6 46.1 282.1
  46.3 281.6 46.4 281.1 46.5 280.7 46.6 280.2 46.7 279.8 46.9 279.3 47.0 278.8
  47.1 278.4 47.2 277.9 47.3 277.5 47.3 277.1 47.3 276.6 47.2 276.2 47.1 275.9
  47.2 275.5 47.3 275.2 47.3 274.9 47.3 274.6 47.3 274.3 47.2 274.0 47.2 273.8
  47.1 273.5 47.0 273.3 46.9 273.1
   9 14 63  0.0
  72.5 321.4 72.8 322.5 73.0 323.7 73.2 324.9 73.3 326.2 73.4 327.6 73.5 329.1
  73.5 330.6 73.5 332.2 73.4 333.8 73.4 335.5 73.4 337.2 73.3 338.9 73.3 340.6
  73.2 342.3 73.0 344.0 72.9 345.6 72.7 347.0 72.5 348.3 72.3 349.5 72.0 350.4
  71.8 351.1 71.6 351.6 71.3 352.0 71.1 352.2 70.9 352.3 70.7 352.3 70.5 352.3
  70.3 352.2 70.1 352.1 70.0 352.0 69.9 351.8 69.7 351.4 69.7 351.0 69.6 350.7
  69.6 350.3 69.6 349.9 69.7 349.5 69.8 349.1 69.9 348.7 70.0 348.4 70.2 348.1
  70.4 347.9 70.5 347.7 70.6 347.5 70.7 347.3 70.9 347.2 71.1 347.0 71.3 346.9
  71.5 346.8 71.8 346.6 72.0 346.5 72.2 346.4 72.5 346.5 72.7 346.5 72.9 346.5
  73.2 346.5 73.4 346.5 73.6 346.5 73.8 346.4 74.0 346.4 74.1 346.4 74.3 346.4
  74.5 346.5 74.6 346.7 74.8 346.9 74.9 347.2 75.0 347.7 75.1 348.2 75.2 348.8
  75.3 349.6 75.4 350.4 75.5 351.3 75.6 352.3 75.6 353.4 75.7 354.5 75.7 355.6
  75.7 356.8 75.7 357.9 75.6 359.1 75.6   0.3 75.5   0.6 75.3   0.9 75.2   1.2
  75.0   1.5 74.9   1.8 74.7   2.1 74.5   2.4 74.3   2.6 74.0   2.9 73.8   3.1
  73.5   3.3 73.3   3.5 73.0   3.7 72.7   3.9 72.4   4.0 72.0   4.2 71.6   4.4
  71.2   4.5 70.8   4.6 70.5   4.7 70.1   4.8 69.7   4.9 69.3   4.9 68.9   5.0
  68.5   5.0 68.1   5.0 67.6   5.0 67.2   5.0 66.8   5.0 66.3   5.0 65.9   5.0
  65.4   5.0 64.9   5.0 64.4   5.0 63.9   5.0 63.4   5.0 62.9   5.0 62.4   4.9
  61.9   4.9 61.4   4.9 60.9   4.8 60.3   4.8 59.8   4.7 59.2   4.6 58.7   4.5
  58.2   4.3 57.6   4.1 57.2   3.8 56.6   3.5 56.1   3.2 55.6   2.9 55.1   2.5
  54.6   2.1 54.2   1.7 53.7   1.3 53.4   0.9 53.0   0.5 52.7   0.0 52.5 359.6
  52.1 358.8 51.8 358.0 51.6 357.2 51.3 356.4 51.1 355.6 50.8 354.7 50.5 353.8
  50.3 352.9 50.1 352.0 50.0 351.1 49.8 350.3 49.6 349.5 49.5 348.6 49.4 347.8
  49.2 346.9 49.0 346.0 48.8 345.1 48.7 344.2 48.5 343.2 48.4 342.2 48.2 341.2
  48.1 340.2 48.0 339.1 47.9 338.3 47.8 337.4 47.8 336.5 47.6 335.7 47.7 334.8
  47.6 333.9 47.6 332.9 47.6 332.1 47.6 331.2 47.7 330.4 47.8 329.7 47.8 329.0
  47.9 328.4 47.9 327.8 47.8 327.2 47.8 326.6 47.7 326.1 47.5 325.5 47.4 325.0
  47.3 324.4 47.1 323.9 46.9 323.3 46.6 322.7 46.4 322.1 46.1 321.5 45.9 320.8
  45.6 320.4 45.4 319.9 45.1 319.5 44.8 319.0 44.5 318.4 44.2 317.9 43.9 317.4
  43.6 317.0 43.4 316.6 43.1 316.2 42.8 315.8 42.4 315.4 42.0 315.0 41.6 314.6
  41.2 314.3 40.9 314.0 40.5 313.7 40.2 313.4 39.8 313.1 39.6 313.0 39.3 312.8
  39.1 312.7 38.8 312.6 38.6 312.5 38.4 312.5 38.2 312.4 38.1 312.4 37.9 312.4
  37.8 312.6 37.6 312.7 37.5 312.8 37.3 313.0 37.2 313.1 37.1 313.2 37.0 313.3
  36.8 313.4 36.7 313.6 36.6 313.7 36.5 313.8 36.4 313.8 36.3 313.9 36.2 314.0
  36.1 314.1 36.0 314.2 35.9 314.3 35.8 314.5 35.6 314.6 35.5 314.7 35.4 314.9
  35.2 315.1 35.1 315.3 34.9 315.4
   9 15 63  0.0
  72.5 321.4 72.4 322.0 72.3 322.5 72.2 323.1 72.1 323.7 72.0 324.3 72.0 324.9
  72.0 325.6 72.0 326.3 72.0 326.9 72.1 327.6 72.1 328.3 72.3 329.0 72.5 329.8
  72.6 330.6 72.8 331.6 72.9 332.7 73.1 334.0 73.2 335.4 73.3 337.0 73.3 338.8
  73.3 340.8 73.3 343.1 73.1 345.5 72.9 348.0 72.7 350.6 72.4 353.0 72.1 355.2
  71.7 357.2 71.3 358.5 70.9 359.7 70.4   0.6 69.9   0.8 69.4   0.9 68.9   0.9
  68.3   0.8 67.6   0.8 66.9   0.4 66.3   0.1 65.6 359.7 64.9 358.5 64.3 357.4
  63.6 356.3 63.0 355.1 62.3 353.8 61.5 352.7 60.9 351.4 60.1 350.1 59.2 348.9
  58.5 347.5 57.7 346.2 57.1 344.8 56.4 343.4 55.9 341.9 55.4 340.3 54.9 338.7
  54.3 337.1 53.7 335.3 53.1 333.7 52.5 332.0 51.9 330.2 51.4 328.5 50.9 326.8
  50.5 325.1 50.0 323.4 49.7 321.8 49.3 320.3 48.9 318.8 48.6 317.4 48.3 316.0
  47.9 314.7 47.8 313.5 47.6 312.3 47.4 311.2 47.4 310.1 47.4 309.0 47.3 307.9
  47.4 306.9 47.4 305.9 47.4 304.9 47.4 303.9 47.6 303.0 47.7 302.0 47.9 301.1
  48.2 300.1 48.4 299.5 48.7 298.9 49.0 298.2 49.3 297.5 49.5 296.8 49.6 296.1
  49.8 295.3 50.0 294.6 50.2 293.8 50.4 293.3 50.6 292.9 50.8 292.4 51.0 292.0
  51.2 291.5 51.4 291.0 51.5 290.5 51.7 290.0 51.8 289.4 52.0 288.8 52.1 288.3
  52.2 287.9 52.4 287.5 52.6 287.2 52.8 286.9 53.0 286.5 53.2 286.1 53.4 285.7
  53.5 285.3 53.7 284.9 53.9 284.4 54.0 283.9 54.3 283.6 54.5 283.3 54.8 283.0
  55.0 282.6 55.3 282.3 55.5 281.9 55.7 281.5 55.9 281.1 56.0 280.7 56.1 280.4
  56.3 280.1 56.4 279.7 56.6 279.5 56.8 279.2 56.9 278.9 57.1 278.7 57.2 278.4
  57.4 278.2 57.5 278.0 57.7 277.8 57.8 277.6 57.9 277.4 58.0 277.2 58.1 276.9
  58.2 276.6 58.3 276.3 58.4 276.0 58.6 275.6 58.8 275.2 58.9 274.8 59.1 274.4
  59.2 274.0 59.3 273.5 59.4 273.1 59.5 272.7 59.6 272.2 59.7 271.8 59.8 271.4
  60.0 271.0 60.1 270.6 60.2 270.2 60.4 269.8 60.5 269.4 60.6 269.0 60.7 268.6
  60.8 268.2 60.9 267.8 61.0 267.3 61.1 266.9 61.1 266.5 61.2 266.0 61.3 265.6
  61.3 265.1 61.4 264.7 61.4 264.2 61.5 263.7 61.5 263.1 61.6 262.6 61.7 261.9
  61.8 261.3 61.8 260.6 61.9 260.0 62.0 259.3 62.0 258.6 62.1 258.1 62.1 257.7
  62.2 257.2 62.2 256.7 62.3 256.2 62.4 255.7 62.4 255.2 62.5 254.7 62.5 254.2
  62.6 253.6 62.7 253.1 62.7 252.5 62.8 251.9 62.8 251.4 62.9 250.8 62.9 250.3
  62.9 249.8 62.9 249.2 63.0 248.7 63.0 248.2 63.1 247.7 63.0 247.2 63.0 246.7
  63.0 246.1 63.0 245.6 63.0 245.0 63.0 244.5 63.1 243.9 63.1 243.3 63.1 242.8
  63.1 242.2 63.1 241.7 63.2 241.1 63.3 240.6 63.4 240.0 63.4 239.4 63.5 238.8
  63.6 238.2 63.7 237.6 63.8 237.1 63.9 236.5 64.0 236.0 64.1 235.6 64.2 235.2
  64.3 234.8 64.4 234.4 64.4 234.0 64.5 233.7 64.6 233.3 64.7 233.0 64.7 232.7
  64.8 232.4 64.9 232.1 65.0 231.8 65.0 231.5 65.1 231.3 65.2 231.1 65.3 230.9
  65.4 230.7 65.5 230.5 65.6 230.4
   9 16 63  0.0
  72.5 321.4 72.5 321.5 72.4 321.6 72.4 321.7 72.4 321.8 72.4 321.9 72.4 322.0
  72.4 322.2 72.4 322.4 72.4 322.6 72.4 322.8 72.4 323.0 72.4 323.3 72.4 323.6
  72.4 323.9 72.4 324.3 72.4 324.7 72.4 325.1 72.4 325.5 72.4 325.9 72.3 326.4
  72.3 326.9 72.2 327.4 72.1 327.9 72.0 328.4 72.0 328.9 72.0 329.4 72.0 329.9
  72.0 330.5 72.0 331.1 72.0 331.7 72.1 332.4 72.2 333.1 72.4 333.8 72.6 334.6
  72.8 335.5 73.0 336.4 73.3 337.4 73.5 338.7 73.6 340.0 73.7 341.6 73.8 343.4
  73.8 345.3 73.8 347.4 73.7 349.7 73.5 352.0 73.4 354.3 73.1 356.5 72.9 358.8
  72.5   0.8 72.3   1.4 72.0   1.9 71.7   2.2 71.3   2.4 70.9   2.7 70.5   2.9
  70.1   3.1 69.5   3.2 69.0   3.1 68.4   3.0 67.7   2.9 67.1   2.5 66.4   2.1
  65.8   1.7 65.2   1.2 64.7   0.7 64.2   0.2 63.8 359.8 63.2 358.6 62.7 357.5
  62.2 356.4 61.8 355.4 61.1 354.2 60.5 353.0 59.9 351.9 59.2 350.8 58.5 349.6
  58.0 348.4 57.5 347.3 56.9 346.1 56.4 344.9 56.0 343.6 55.4 342.4 54.9 341.1
  54.4 339.7 53.7 338.3 53.1 337.1 52.6 335.7 52.0 334.3 51.5 332.9 51.1 331.6
  50.5 330.2 50.0 328.9 49.5 327.5 48.9 326.2 48.2 324.9 47.6 323.6 46.9 322.5
  46.3 321.3 45.8 320.1 45.3 319.1 44.7 318.1 44.2 317.1 43.7 316.0 43.1 315.1
  42.5 314.2 41.9 313.3 41.3 312.6 40.8 312.0 40.3 311.2 39.8 310.4 39.4 310.0
  38.9 309.6 38.5 309.1 38.2 308.7 37.8 308.2 37.4 308.0 37.1 307.8 36.7 307.7
  36.3 307.5 36.0 307.3 35.6 307.3 35.2 307.2 34.8 307.2 34.5 307.1 34.2 307.1
  33.8 307.1 33.5 307.1 33.2 307.0 32.9 307.0 32.7 307.0 32.4 307.0 32.1 307.0
  31.8 307.0 31.6 307.0 31.3 307.1 31.1 307.1 30.9 307.1 30.6 307.2 30.4 307.2
  30.2 307.3 30.0 307.3 29.8 307.4 29.6 307.5 29.4 307.6 29.3 307.7 29.1 307.8
  28.9 308.0 28.7 308.1 28.7 308.3 28.6 308.5 28.5 308.7 28.5 308.9 28.4 309.1
  28.4 309.3 28.3 309.6 28.2 309.8 28.2 310.1 28.1 310.3 28.0 310.6 27.9 310.8
  27.8 311.1 27.7 311.3 27.6 311.6 27.5 311.9 27.3 312.2 27.2 312.4 27.1 312.7
  27.0 313.0 26.9 313.4 26.8 313.7 26.7 313.9 26.6 314.2 26.5 314.5 26.3 314.8
  26.2 315.0 26.1 315.3 26.0 315.5 25.8 315.7 25.7 315.9 25.6 316.1 25.5 316.2
  25.4 316.4 25.3 316.6 25.3 316.8 25.3 317.0 25.2 317.2 25.2 317.4 25.2 317.6
  25.3 317.8 25.3 318.0 25.3 318.2 25.4 318.4 25.5 318.6 25.5 318.8 25.6 319.1
  25.6 319.3 25.7 319.5 25.7 319.7 25.7 319.9 25.8 320.2 25.8 320.4 25.9 320.6
  26.0 320.8 26.2 321.1 26.3 321.4 26.4 321.7 26.5 322.0 26.6 322.3 26.7 322.6
  26.9 322.9 27.0 323.2 27.2 323.5 27.3 323.7 27.5 324.0 27.6 324.3 27.7 324.5
  27.9 324.8 28.0 325.1 28.2 325.5 28.3 325.9 28.5 326.3 28.6 326.7 28.8 327.0
  28.9 327.4 29.1 327.8 29.2 328.1 29.4 328.4 29.5 328.7 29.6 329.0 29.7 329.3
  29.8 329.6 29.9 330.0 30.0 330.3 30.1 330.7 30.2 331.0 30.3 331.4 30.4 331.8
  30.5 332.1 30.6 332.5 30.7 332.8
   9 17 63  0.0
  72.5 321.4 72.1 321.3 71.7 321.3 71.3 321.2 71.0 321.1 70.7 321.0 70.3 320.9
  70.0 320.8 69.7 320.8 69.5 320.6 69.3 320.4 69.1 320.3 69.0 320.2 68.8 320.1
  68.7 320.0 68.5 319.9 68.3 319.9 68.1 319.9 67.9 319.9 67.7 320.0 67.6 320.1
  67.6 320.3 67.7 320.6 67.7 320.8 67.8 321.1 67.9 321.5 68.0 321.9 68.0 322.4
  68.1 322.7 68.2 323.2 68.3 323.6 68.4 324.2 68.6 324.8 68.7 325.4 68.8 326.1
  68.9 326.8 69.0 327.5 69.1 328.3 69.2 329.0 69.3 329.8 69.3 330.5 69.4 331.1
  69.4 331.7 69.4 332.3 69.5 332.8 69.5 333.3 69.5 333.8 69.5 334.2 69.5 334.6
  69.5 335.0 69.6 335.3 69.6 335.7 69.7 336.0 69.8 336.4 70.0 336.7 70.1 337.1
  70.3 337.8 70.5 338.5 70.8 339.2 71.0 340.0 71.3 340.8 71.5 341.7 71.7 342.7
  71.9 343.8 72.1 345.0 72.1 346.7 72.1 348.6 72.0 350.5 71.9 352.6 71.7 354.1
  71.5 355.6 71.2 357.2 70.9 358.7 70.4   0.1 69.9   0.5 69.5   0.6 68.9   0.7
  68.4   0.8 67.7   0.9 67.1   0.6 66.4   0.3 65.7   0.0 65.0 359.5 64.3 358.2
  63.5 357.0 62.7 355.5 61.9 354.0 61.2 352.4 60.5 350.9 59.7 349.3 59.0 347.6
  58.3 345.9 57.7 344.2 57.0 342.4 56.5 340.5 56.0 338.7 55.6 336.7 55.3 334.7
  54.9 332.6 54.6 330.6 54.3 328.7 53.9 326.8 53.6 324.9 53.3 323.1 53.2 321.3
  53.1 319.6 53.1 317.9 53.2 316.2 53.3 314.6 53.5 312.9 53.6 311.3 53.8 309.6
  53.9 308.1 54.0 306.6 54.2 305.3 54.3 304.1 54.4 303.0 54.5 302.0 54.5 301.0
  54.5 300.1 54.6 299.3 54.5 298.5 54.4 297.8 54.4 297.1 54.3 296.5 54.3 295.8
  54.2 295.3 54.2 294.7 54.2 294.1 54.2 293.6 54.2 293.0 54.2 292.5 54.2 292.0
  54.3 291.4 54.4 290.9 54.5 290.3 54.6 289.7 54.7 289.1 54.7 288.5 54.8 287.9
  54.9 287.3 55.0 286.7 55.0 286.1 55.1 285.4 55.1 284.8 55.2 284.2 55.2 283.6
  55.4 283.0 55.5 282.4 55.6 281.8 55.7 281.1 55.8 280.5 55.9 279.8 56.2 279.1
  56.4 278.5 56.7 277.9 56.9 277.2 57.1 276.5 57.3 275.7 57.7 274.9 58.0 274.1
  58.3 273.3 58.6 272.6 58.9 271.8 59.3 271.0 59.6 270.2 60.0 269.4 60.3 268.5
  60.7 267.8 61.1 267.1 61.4 266.3 61.8 265.6 62.2 264.7 62.5 264.0 62.9 263.1
  63.2 262.3 63.6 261.4 63.9 260.4 64.2 259.5 64.5 258.5 64.8 257.5 65.1 256.5
  65.4 255.4 65.7 254.4 66.0 253.3 66.2 252.3 66.5 251.5 66.8 250.6 67.1 249.7
  67.3 248.9 67.5 248.0 67.7 247.1 67.9 246.2 68.1 245.3 68.3 244.7 68.5 244.0
  68.7 243.4 68.9 242.7 69.1 242.0 69.4 241.3 69.6 240.6 69.8 239.9 70.0 239.2
  70.3 238.8 70.5 238.4 70.8 238.0 71.1 237.6 71.4 237.2 71.7 236.9 72.0 236.5
  72.3 236.3 72.6 236.1 73.0 236.0 73.3 235.8 73.7 235.7 74.0 235.5 74.4 235.5
  74.8 235.4 75.2 235.4 75.6 235.4 76.0 235.4 76.5 235.6 76.9 235.8 77.3 236.1
  77.8 236.4 78.2 236.7 78.6 237.1 79.1 237.6 79.5 238.2 79.9 238.8 80.2 239.4
  80.6 240.0 81.0 240.6 81.3 241.3 81.6 242.0 81.9 242.7 82.1 243.4 82.4 244.0
  82.7 244.6 82.9 245.2 83.2 245.9
   9 18 63  0.0
  72.5 321.4 72.3 321.4 72.2 321.3 72.0 321.2 71.9 321.1 71.7 321.0 71.5 320.9
  71.3 320.7 71.1 320.5 70.9 320.3 70.7 320.0 70.5 319.7 70.1 319.4 69.8 319.0
  69.4 318.7 69.0 318.5 68.6 318.2 68.2 317.9 67.7 317.7 67.2 317.3 66.7 316.9
  66.2 316.5 65.8 316.0 65.3 315.4 64.7 314.6 64.1 313.8 63.6 313.0 63.2 312.1
  62.8 311.1 62.4 310.0 62.0 309.0 61.6 307.8 61.3 306.5 61.1 305.1 60.8 303.6
  60.6 302.1 60.4 300.6 60.2 299.0 60.0 297.4 59.9 295.7 59.8 293.8 59.7 291.9
  59.7 290.0 59.6 288.3 59.5 286.6 59.4 284.9 59.3 283.4 59.4 281.9 59.4 280.4
  59.4 279.0 59.5 277.7 59.7 276.4 59.8 275.2 60.0 274.0 60.2 272.9 60.3 272.1
  60.5 271.3 60.8 270.5 61.1 269.8 61.3 269.1 61.6 268.5 61.9 268.0 62.3 267.5
  62.7 267.1 63.1 266.7 63.4 266.3 63.7 265.9 64.0 265.6 64.4 265.2 64.6 264.8
  64.9 264.3 65.1 263.9 65.3 263.4 65.6 263.0 65.9 262.5 66.1 262.0 66.3 261.6
  66.5 261.1 66.6 260.6 66.8 260.0 66.9 259.5 67.1 258.9 67.3 258.3 67.5 257.7
  67.6 257.1 67.8 256.5 67.9 255.9 68.1 255.2 68.4 254.7 68.6 254.2 68.8 253.7
  69.0 253.1 69.2 252.5 69.4 251.8 69.7 251.1 69.9 250.3 70.1 249.5 70.4 249.0
  70.6 248.3 70.8 247.6 71.1 246.8 71.4 246.0 71.7 245.0 71.9 244.0 72.2 242.9
  72.6 242.3 73.1 241.7 73.5 241.0 73.9 240.2 74.3 239.4 74.9 238.9 75.4 238.4
  75.8 237.7 76.3 236.9 76.7 236.2 77.1 235.4 77.6 234.4 78.0 233.3 78.4 232.0
  78.8 230.9 79.3 229.7 79.7 228.4 80.1 227.0 80.6 225.9 81.1 224.6 81.6 223.1
  82.0 221.3 82.4 219.2 82.9 217.5 83.3 215.5 83.8 213.1 84.1 210.2 84.6 207.7
  84.9 204.6 85.3 201.0 85.6 196.8 85.8 192.1 86.0 186.9 86.0 181.5 86.1 178.3
  86.2 175.1 86.1 172.0 86.1 169.0 86.0 166.2 85.9 163.6 85.8 159.6 85.7 156.1
  85.5 153.3 85.3 151.0 85.0 149.3 84.7 147.9 84.4 146.9 84.0 146.2 83.6 145.3
  83.2 144.6 82.8 144.1 82.3 143.6 81.8 143.3 81.4 142.7 80.9 142.2 80.4 141.8
  79.8 141.4 79.3 140.6 78.8 139.9 78.2 139.3 77.6 138.7 77.0 137.8 76.5 136.9
  75.8 136.1 75.3 135.2 74.8 134.2 74.3 133.3 73.8 132.4 73.3 131.5 73.0 130.7
  72.6 129.9 72.2 129.2 71.9 128.5 71.6 128.0 71.4 127.6 71.2 127.3 71.0 127.0
  70.8 126.6 70.6 126.3 70.4 125.9 70.2 125.5 70.0 125.1 69.8 124.8 69.6 124.6
  69.3 124.3 69.1 124.0 68.8 123.8 68.6 123.5 68.3 123.3 68.0 123.0 67.7 122.8
  67.5 122.5 67.2 122.2 67.0 121.9 66.7 121.6 66.5 121.3 66.3 120.9 66.0 120.6
  65.8 120.2 65.6 119.5 65.5 118.9 65.4 118.2 65.4 117.4 65.3 116.7 65.2 115.9
  65.2 115.1 65.2 114.3 65.2 113.4 65.2 112.4 65.3 111.4 65.3 110.3 65.3 109.2
  65.3 107.9 65.3 106.7 65.3 105.6 65.4 104.5 65.4 103.4 65.5 102.4 65.6 101.5
  65.7 100.6 65.7  99.7 65.9  98.8 66.0  98.0 66.2  97.3 66.3  96.5 66.5  95.7
  66.7  95.0 66.8  94.2 67.0  93.4 67.1  92.7 67.3  92.0 67.5  91.3 67.7  90.6
  67.9  89.9 68.1  89.3 68.3  88.6
   9 19 63  0.0
  72.5 321.4 72.3 321.6 72.1 321.9 71.9 322.1 71.7 322.7 71.5 323.2 71.3 323.8
  71.1 324.3 70.8 324.8 70.6 325.2 70.3 325.7 70.0 326.1 69.8 326.5 69.5 327.4
  69.3 328.1 69.0 328.7 68.6 329.1 68.3 329.5 67.9 329.8 67.5 330.0 67.2 330.2
  66.7 330.3 66.3 330.3 65.8 330.3 65.4 330.1 64.9 329.9 64.4 329.8 64.0 329.5
  63.6 329.2 63.2 328.8 62.9 328.4 62.5 328.0 62.1 327.6 61.8 327.1 61.4 326.5
  61.1 325.8 60.7 325.1 60.3 324.5 60.0 323.9 59.7 323.3 59.4 322.4 59.1 321.6
  58.8 320.8 58.6 320.0 58.4 319.2 58.3 318.5 58.2 317.7 58.1 316.9 58.1 316.1
  58.1 315.3 58.0 314.4 57.9 313.2 57.9 312.0 57.8 310.8 57.8 309.5 57.8 308.2
  57.7 306.7 57.7 305.2 57.6 303.6 57.6 302.0 57.5 300.2 57.5 298.4 57.4 296.6
  57.3 294.8 57.2 293.0 57.1 291.2 56.9 289.5 56.8 287.8 56.6 286.2 56.4 284.6
  56.2 283.0 56.0 281.5 55.8 280.0 55.7 278.4 55.6 277.0 55.5 275.7 55.4 274.4
  55.2 273.3 55.0 272.2 54.8 271.2 54.5 270.2 54.1 269.3 53.7 268.5 53.2 267.5
  52.8 266.6 52.3 265.6 51.8 264.6 51.3 263.5 51.0 262.3 50.7 261.2 50.4 260.2
  50.1 259.2 50.0 258.2 49.8 257.3 49.7 256.4 49.5 255.5 49.5 254.6 49.4 253.7
  49.4 252.8 49.4 251.9 49.5 251.1 49.7 250.2 49.9 249.5 50.1 248.7 50.2 248.1
  50.4 247.6 50.6 247.0 50.9 246.5 51.2 246.0 51.5 245.5 51.8 245.0 52.1 244.6
  52.4 244.3 52.6 244.0 52.8 243.7 53.0 243.4 53.2 243.1 53.3 242.8 53.4 242.5
  53.5 242.2 53.5 241.9 53.6 241.6 53.6 241.3 53.6 241.0 53.7 240.6 53.7 240.3
  53.7 240.0 53.6 239.6 53.5 239.3 53.4 239.0 53.3 238.6 53.1 238.3 52.9 238.0
  52.7 237.6 52.5 237.3 52.3 237.0 52.0 236.8 51.8 236.6 51.5 236.3 51.2 236.1
  51.0 235.8 50.6 235.6 50.2 235.4 49.8 235.3 49.5 235.1 49.1 234.9 48.7 234.7
  48.3 234.6 47.9 234.5 47.5 234.4 47.1 234.3 46.7 234.3 46.3 234.2 45.8 234.2
  45.4 234.3 44.9 234.3 44.4 234.4 43.9 234.5 43.3 234.5 42.8 234.5 42.2 234.5
  41.7 234.6 41.1 234.4 40.5 234.3 39.9 234.2 39.2 234.0 38.6 233.8 37.9 233.5
  37.2 233.2 36.4 232.8 35.7 232.5 35.1 232.0 34.4 231.6 34.0 231.2 33.7 230.7
  33.4 230.2 33.1 229.7 32.8 229.2 32.5 228.7 32.2 228.2 32.0 227.7 32.0 227.2
  32.1 226.7 32.1 226.2 32.0 225.6 32.0 225.1 31.9 224.5 31.8 224.0 31.6 223.5
  31.8 222.9 32.0 222.4 32.2 221.8 32.3 221.2 32.5 220.7 32.7 220.1 32.8 219.5
  33.2 219.0 33.7 218.5 34.1 218.0 34.5 217.4 35.0 216.9 35.4 216.3 35.8 215.8
  36.4 215.4 36.9 214.9 37.5 214.4 38.1 213.9 38.7 213.5 39.3 213.1 39.9 212.7
  40.4 212.3 40.9 211.9 41.4 211.5 41.8 211.1 42.3 210.8 42.7 210.3 43.1 209.9
  43.5 209.5 43.8 209.1 44.1 208.6 44.3 208.2 44.5 207.7 44.7 207.3 44.8 206.8
  44.9 206.4 45.1 206.0 45.2 205.5 45.3 205.1 45.4 204.7 45.5 204.3 45.6 203.9
  45.8 203.5 46.0 203.0 46.2 202.8 46.4 202.5 46.7 202.2 46.9 201.9 47.1 201.6
  47.3 201.3 47.5 201.0 47.7 200.6
   9 20 63  0.0
  72.5 321.4 72.6 321.7 72.7 322.1 72.8 322.4 72.8 322.8 72.8 323.3 72.8 323.7
  72.8 324.2 72.7 324.7 72.6 325.3 72.4 325.8 72.2 326.3 72.0 326.9 71.8 327.7
  71.5 328.5 71.2 329.2 70.9 329.9 70.6 330.5 70.2 331.0 69.8 331.4 69.5 332.0
  69.0 332.6 68.5 333.0 67.9 333.4 67.4 333.9 66.8 334.3 66.2 334.7 65.5 335.0
  64.8 335.2 64.1 335.4 63.3 335.5 62.5 335.2 61.8 335.0 61.0 334.3 60.2 333.7
  59.3 333.1 58.5 332.3 57.7 331.5 57.1 330.7 56.5 329.9 55.9 329.0 55.4 328.1
  54.9 327.1 54.6 326.1 54.3 325.0 53.9 323.9 53.7 322.7 53.5 321.5 53.3 320.3
  53.0 319.0 53.1 317.7 53.1 316.3 53.1 315.0 53.3 313.6 53.5 312.3 53.7 311.0
  53.9 309.7 54.1 308.4 54.3 307.1 54.5 305.8 54.8 304.4 55.0 303.0 55.2 301.6
  55.5 300.1 55.7 298.7 56.0 297.3 56.2 295.9 56.4 294.5 56.7 293.1 56.9 291.7
  57.1 290.4 57.3 289.1 57.5 287.9 57.8 286.7 58.0 285.6 58.2 284.4 58.4 283.2
  58.7 282.0 58.9 280.9 59.2 279.8 59.5 278.8 59.8 277.8 60.1 276.8 60.4 275.8
  60.7 274.8 61.1 273.8 61.5 272.9 61.8 272.0 62.2 271.1 62.6 270.3 63.0 269.5
  63.4 268.7 63.8 268.0 64.3 267.3 64.7 266.7 65.2 266.1 65.7 265.5 66.1 264.9
  66.6 264.4 67.1 263.9 67.6 263.3 68.0 262.8 68.5 262.5 68.9 262.1 69.4 261.8
  69.8 261.4 70.1 261.1 70.5 260.9 70.9 260.7 71.2 260.5 71.5 260.4 71.8 260.2
  72.1 260.0 72.4 259.9 72.7 259.8 73.0 259.7 73.4 259.6 73.7 259.5 74.0 259.5
  74.3 259.5 74.6 259.4 74.9 259.3 75.3 259.3 75.5 259.3 75.8 259.3 76.1 259.4
  76.4 259.3 76.7 259.2 76.9 259.2 77.2 259.2 77.5 259.3 77.7 259.3 78.0 259.5
  78.2 259.7 78.5 259.6 78.7 259.6 79.0 259.6 79.2 259.7 79.4 259.7 79.6 259.8
  79.8 259.9 80.0 260.0 80.2 260.0 80.4 260.1 80.6 260.1 80.8 260.1 81.0 260.2
  81.1 260.4 81.3 260.6 81.5 260.8 81.6 261.1 81.8 261.4 81.9 261.8 82.1 262.2
  82.3 262.4 82.4 262.6 82.6 262.8 82.8 263.1 82.9 263.4 83.0 263.8 83.1 264.2
  83.2 264.7 83.2 265.2 83.3 265.8 83.3 266.4 83.3 267.1 83.3 267.8 83.3 268.5
  83.3 269.3 83.2 270.1 83.1 270.8 83.1 271.5 83.0 272.1 82.9 272.6 82.9 273.1
  82.8 273.6 82.7 274.0 82.6 274.4 82.5 274.7 82.5 275.0 82.4 275.2 82.3 275.4
  82.2 275.6 82.2 275.8 82.2 276.0 82.1 276.3 82.1 276.5 82.1 276.8 82.1 277.0
  82.1 277.4 82.2 277.7 82.2 278.1 82.3 278.5 82.4 278.9 82.5 279.4 82.6 279.9
  82.7 280.4 82.8 280.9 82.8 281.4 82.9 281.9 82.9 282.5 83.0 283.0 83.1 283.6
  83.2 284.1 83.3 284.7 83.4 285.3 83.5 286.0 83.6 286.7 83.8 287.4 83.9 288.2
  84.0 289.2 84.2 289.6 84.3 290.2 84.5 290.8 84.6 291.5 84.8 292.3 84.9 293.2
  85.1 294.3 85.2 295.4 85.3 296.5 85.4 297.8 85.5 299.0 85.5 300.4 85.6 301.7
  85.6 303.1 85.7 304.4 85.8 305.8 85.8 307.1 85.9 308.4 85.9 309.7 86.0 310.9
  86.0 312.1 86.1 312.3 86.2 312.5 86.3 312.6 86.4 312.7 86.5 312.8 86.6 312.7
  86.7 312.6 86.8 312.5 86.9 312.2
   9 21 63  0.0
  72.5 321.4 72.7 321.6 72.9 321.8 73.1 322.0 73.3 322.1 73.4 322.2 73.6 322.2
  73.8 322.2 74.0 322.2 74.1 322.1 74.3 322.4 74.4 322.6 74.6 322.8 74.7 322.9
  74.8 323.1 74.9 323.4 75.0 323.8 75.1 324.2 75.1 324.7 75.1 325.3 75.0 326.0
  75.0 326.8 75.0 327.7 75.0 328.7 74.8 329.8 74.7 331.1 74.5 332.2 74.3 333.2
  74.0 334.2 73.8 335.0 73.5 335.4 73.2 335.8 72.9 336.2 72.5 336.6 72.1 336.9
  71.6 337.1 71.2 337.6 70.7 338.0 70.2 338.4 69.7 338.7 69.2 339.0 68.6 339.2
  68.0 339.4 67.4 339.5 66.8 339.6 66.1 339.7 65.4 339.8 64.7 339.8 63.9 339.8
  63.2 339.7 62.4 339.6 61.6 339.5 60.8 339.0 60.0 338.6 59.3 338.1 58.6 337.5
  57.9 336.9 57.2 336.3 56.6 335.6 56.0 335.0 55.3 334.4 54.7 333.7 54.1 333.0
  53.6 332.3 53.1 331.7 52.8 331.0 52.4 330.3 52.1 329.5 51.8 328.7 51.6 328.2
  51.3 327.6 51.1 327.1 50.9 326.5 50.7 325.8 50.5 325.1 50.4 324.3 50.3 323.5
  50.2 322.7 50.2 321.8 50.1 320.9 50.0 320.0 50.0 319.1 50.0 318.1 49.9 317.4
  49.9 316.7 49.8 315.9 49.8 315.2 49.8 314.4 49.8 313.5 49.9 312.7 49.9 311.9
  50.1 311.0 50.2 310.0 50.3 308.9 50.4 307.8 50.4 306.7 50.5 305.6 50.6 304.6
  50.6 303.6 50.7 302.6 50.7 301.6 50.7 300.6 50.7 299.7 50.7 298.8 50.7 297.9
  50.6 297.0 50.6 296.1 50.6 295.2 50.5 294.3 50.4 293.4 50.3 292.5 50.2 291.6
  50.0 290.7 49.9 289.8 49.8 289.2 49.6 288.6 49.5 288.0 49.4 287.4 49.3 286.8
  49.2 286.2 49.1 285.6 48.9 285.0 48.8 284.4 48.7 283.8 48.6 283.2 48.4 282.7
  48.3 282.1 48.2 281.5 48.1 280.9 47.9 280.3 47.8 280.0 47.7 279.7 47.5 279.3
  47.4 279.0 47.2 278.6 47.0 278.2 46.9 277.8 46.7 277.4 46.6 277.0 46.5 276.6
  46.4 276.2 46.3 275.8 46.1 275.3 45.9 274.9 45.8 274.7 45.6 274.5 45.4 274.2
  45.3 274.0 45.2 273.8 45.0 273.6 44.9 273.3 44.8 273.1 44.7 272.9 44.6 272.7
  44.5 272.4 44.4 272.2 44.4 272.0 44.2 271.8 44.0 271.5 43.8 271.5 43.6 271.5
  43.5 271.5 43.4 271.5 43.3 271.5 43.1 271.5 43.1 271.5 43.0 271.5 42.9 271.5
  42.8 271.6 42.8 271.6 42.8 271.7 42.7 271.7 42.7 271.8 42.7 271.9 42.7 272.0
  42.7 272.1 42.8 272.2 42.9 272.4 43.0 272.5 43.1 272.7 43.2 272.9 43.4 273.0
  43.5 273.2 43.7 273.3 43.8 273.4 44.0 273.5 44.2 273.5 44.4 273.6 44.7 273.6
  44.9 273.6 45.2 273.7 45.5 273.7 45.8 273.7 46.1 273.8 46.4 273.7 46.8 273.7
  47.1 273.7 47.4 273.6 47.7 273.6 48.0 273.5 48.3 273.5 48.6 273.3 48.9 273.1
  49.2 272.9 49.5 272.8 49.8 272.6 50.1 272.4 50.4 272.1 50.7 271.8 51.1 271.4
  51.4 271.1 51.8 270.8 52.2 270.5 52.7 270.1 53.1 269.8 53.6 269.4 54.1 269.1
  54.6 268.8 55.1 268.4 55.6 267.9 56.0 267.4 56.5 266.9 57.0 266.3 57.5 265.7
  58.0 265.1 58.5 264.5 59.0 264.1 59.6 263.8 60.1 263.4 60.7 263.3 61.3 263.2
  61.9 263.0 62.4 262.8 62.9 262.6 63.4 262.4 63.9 262.2 64.4 261.9 64.8 261.9
  65.3 261.9 65.7 261.9 66.2 261.9
   9 22 63  0.0
  72.5 321.4 72.9 321.4 73.3 321.5 73.6 321.5 74.0 321.6 74.4 321.4 74.8 321.1
  75.2 320.9 75.5 320.7 75.8 320.6 76.1 320.5 76.5 320.1 76.8 319.9 77.1 319.6
  77.5 319.5 77.8 319.4 78.1 319.4 78.4 319.1 78.8 318.8 79.0 318.7 79.3 318.6
  79.6 318.6 79.8 318.7 80.0 318.9 80.3 318.5 80.5 318.0 80.7 317.6 80.8 317.2
  81.0 316.8 81.1 316.5 81.2 316.3 81.3 316.1 81.4 316.0 81.5 316.0 81.6 316.0
  81.6 316.2 81.7 316.4 81.7 316.8 81.7 317.1 81.7 317.4 81.7 317.6 81.6 317.7
  81.6 317.8 81.5 317.8 81.4 317.7 81.3 317.6 81.2 317.4 81.0 317.1 80.9 316.8
  80.7 316.5 80.5 316.1 80.3 315.8 80.2 315.4 80.0 315.1 79.9 314.8 79.8 314.9
  79.7 315.0 79.6 315.1 79.5 315.2 79.4 315.2 79.3 315.2 79.2 315.2 79.1 315.2
  79.0 315.1 79.0 315.1 78.9 315.0 78.8 314.9 78.8 314.7 78.7 314.6 78.7 314.4
  78.7 314.2 78.6 314.0 78.6 313.8 78.6 313.6 78.6 313.4 78.6 313.2 78.6 313.0
  78.5 312.8 78.5 312.6 78.5 312.4 78.4 312.3 78.4 312.1 78.4 312.0 78.3 311.9
  78.3 311.8 78.2 311.7 78.2 311.6 78.1 311.5 78.1 311.5 78.0 311.4 78.0 311.4
  78.0 311.4 77.9 311.3 77.9 311.2 77.9 311.1 77.8 311.0 77.8 310.9 77.8 310.8
  77.8 310.7 77.7 310.6 77.6 310.6 77.5 310.5 77.4 310.4 77.3 310.4 77.2 310.4
  77.0 310.4 76.9 310.4 76.7 310.4 76.5 310.4 76.2 310.4 76.0 310.4 75.7 310.3
  75.5 310.3 75.2 310.3 74.9 310.5 74.6 310.6 74.2 310.9 73.8 311.1 73.5 311.5
  73.0 312.0 72.6 312.5 72.0 312.9 71.5 313.4 70.9 313.7 70.4 313.9 69.8 314.2
  69.3 314.1 68.8 314.0 68.3 313.9 67.8 313.9 67.3 313.5 66.9 313.2 66.5 312.9
  66.1 312.6 65.8 312.3 65.5 311.8 65.1 311.3 64.8 310.9 64.5 310.4 64.3 310.0
  64.1 309.6 63.9 309.2 63.8 308.4 63.7 307.6 63.5 306.8 63.3 305.9 63.2 305.1
  63.1 304.3 63.1 303.5 62.9 302.7 62.8 301.9 62.8 301.2 62.8 300.4 62.8 299.7
  62.7 299.0 62.6 298.3 62.6 297.6 62.6 297.0 62.7 296.3 62.7 295.7 62.6 295.0
  62.5 294.4 62.5 293.8 62.5 293.2 62.5 292.5 62.6 291.9 62.6 291.3 62.7 290.7
  62.7 290.1 62.9 289.5 63.0 288.9 63.1 288.2 63.2 287.6 63.3 287.0 63.3 286.4
  63.3 285.8 63.4 285.3 63.5 284.7 63.6 284.2 63.7 283.7 63.7 283.3 63.8 282.8
  63.8 282.3 63.9 281.9 64.0 281.4 64.1 281.0 64.1 280.6 64.2 280.2 64.3 279.9
  64.3 279.6 64.3 279.2 64.3 279.0 64.3 278.7 64.4 278.4 64.4 278.2 64.5 277.9
  64.5 277.7 64.6 277.4 64.7 277.1 64.7 276.9 64.9 276.6 65.0 276.3 65.1 276.1
  65.2 275.8 65.3 275.6 65.5 275.4 65.6 275.1 65.7 274.9 65.9 274.6 66.1 274.3
  66.3 273.9 66.5 273.5 66.7 273.1 66.9 272.6 67.2 272.2 67.5 271.8 67.6 271.3
  67.8 270.9 67.9 270.4 68.1 270.0 68.3 269.3 68.6 268.7 68.9 268.1 69.1 267.4
  69.3 266.7 69.5 265.9 69.7 265.2 69.9 264.4 70.2 263.5 70.4 262.5 70.6 261.5
  70.8 260.6 71.0 259.7 71.3 258.9 71.5 258.2 71.8 257.5 72.0 256.9 72.4 256.3
  72.7 255.6 73.0 255.1 73.2 254.6
   9 23 63  0.0
  72.5 321.4 72.6 320.9 72.8 320.4 72.9 319.9 73.0 319.4 73.2 318.9 73.4 318.5
  73.5 318.0 73.7 317.6 73.9 317.1 74.0 316.7 74.3 315.9 74.5 315.2 74.7 314.4
  74.9 313.6 75.1 312.7 75.4 311.9 75.6 311.0 75.9 310.0 76.1 308.9 76.4 307.3
  76.6 305.5 76.9 303.6 77.1 301.5 77.3 299.2 77.4 296.7 77.6 294.1 77.7 291.6
  77.7 289.0 77.8 286.4 77.8 283.8 77.7 281.2 77.7 278.6 77.7 276.0 77.7 273.4
  77.7 270.7 77.6 267.9 77.5 265.1 77.4 262.3 77.3 259.5 77.2 256.6 77.0 253.7
  76.8 250.8 76.6 247.8 76.3 244.8 76.1 241.7 75.8 238.6 75.6 236.5 75.4 234.2
  75.3 231.9 75.1 229.7 75.0 227.7 74.9 225.7 74.9 223.8 74.8 222.0 74.8 220.2
  74.7 218.4 74.7 216.7 74.7 215.1 74.7 213.4 74.7 211.8 74.7 210.3 74.7 208.7
  74.7 207.2 74.7 205.6 74.7 204.0 74.7 202.4 74.7 200.8 74.7 199.2 74.6 197.6
  74.6 196.0 74.5 194.4 74.4 192.8 74.3 191.1 74.2 189.5 74.1 187.9 74.0 186.2
  73.9 184.9 73.8 183.4 73.7 182.0 73.5 180.5 73.4 179.0 73.3 177.5 73.1 175.9
  73.0 174.4 72.8 173.0 72.6 171.5 72.4 170.1 72.2 168.7 72.0 167.4 71.8 166.1
  71.6 165.0 71.4 163.9 71.3 162.9 71.1 161.9 70.8 161.0 70.6 160.0 70.4 159.1
  70.2 158.2 70.0 157.4 69.8 156.7 69.7 156.1 69.5 155.4 69.4 154.8 69.3 154.2
  69.3 153.6 69.2 153.0 69.2 152.5 69.1 151.9 69.1 151.4 69.1 150.8 69.0 150.2
  68.9 149.5 68.9 148.7 68.8 147.9 68.7 146.9 68.6 145.9 68.4 144.8 68.3 143.6
  68.1 142.2 68.0 140.8 67.8 139.7 67.7 138.7 67.5 137.8 67.4 136.9 67.3 136.1
  67.2 135.4 67.2 134.7 67.2 134.0 67.3 133.4 67.3 132.8 67.4 132.2 67.5 131.7
  67.7 131.3 67.9 130.8 68.2 130.4 68.4 130.0 68.5 129.7 68.7 129.4 68.9 129.1
  69.1 128.8 69.2 128.6 69.4 128.4 69.5 128.2 69.6 128.1 69.8 128.0 69.9 127.8
  70.1 127.7 70.3 127.3 70.4 126.9 70.5 126.5 70.6 126.1 70.6 125.6 70.7 125.2
  70.7 124.7 70.7 124.1 70.6 123.6 70.7 123.0 70.7 122.5 70.7 121.9 70.7 121.4
  70.7 120.8 70.7 120.2 70.7 119.7 70.7 119.1 70.7 118.6 70.8 118.0 70.8 117.4
  70.7 116.8 70.7 116.2 70.7 115.7 70.7 115.1 70.7 114.5 70.7 113.9 70.7 113.4
  70.7 112.8 70.7 112.2 70.7 111.6 70.8 111.0 70.9 110.5 71.0 109.9 71.1 109.3
  71.1 108.6 71.2 108.0 71.3 107.4 71.4 106.7 71.5 106.0 71.6 105.3 71.7 104.5
  71.7 103.8 71.8 103.0 71.9 102.3 72.0 101.5 72.0 100.7 72.1 100.3 72.2  99.8
  72.3  99.3 72.4  98.9 72.5  98.4 72.6  97.9 72.8  97.5 72.9  97.0 73.1  96.5
  73.3  96.1 73.4  95.6 73.6  95.2 73.8  94.7 74.0  94.2 74.2  93.8 74.5  93.4
  74.7  93.0 75.0  92.6 75.2  92.2 75.4  91.7 75.7  91.3 75.9  90.8 76.2  90.3
  76.5  89.7 76.8  89.2 77.1  88.7 77.4  88.2 77.6  87.7 77.9  87.2 78.2  86.7
  78.5  86.5 78.8  86.3 79.1  86.2 79.4  86.1 79.6  86.0 79.9  86.0 80.2  86.0
  80.5  86.1 80.8  86.2 81.1  86.4 81.4  86.5 81.7  86.7 82.0  86.9 82.2  87.1
  82.6  87.3 82.9  87.5 83.1  87.7
   9 24 63  0.0
  72.5 321.4 72.3 320.7 72.1 319.9 71.8 319.2 71.5 318.5 71.3 317.8 71.1 317.1
  70.9 316.4 70.7 315.7 70.5 315.0 70.2 314.3 70.0 313.6 69.8 312.9 69.6 312.3
  69.5 311.7 69.3 311.1 69.1 310.5 69.0 310.0 69.0 309.5 68.9 309.0 68.9 308.5
  69.0 308.1 69.0 307.7 69.0 307.4 69.1 307.1 69.1 306.8 69.2 306.5 69.3 306.3
  69.5 306.1 69.6 305.8 69.8 305.6 70.0 305.4 70.2 305.2 70.4 304.7 70.7 304.3
  70.9 303.8 71.1 303.2 71.3 302.6 71.6 302.0 71.8 301.3 72.0 300.7 72.2 299.9
  72.3 298.9 72.5 297.8 72.7 296.7 72.9 295.6 73.0 294.4 73.2 293.1 73.3 291.9
  73.4 290.5 73.5 289.2 73.6 288.0 73.6 286.7 73.7 285.4 73.8 284.1 73.9 282.8
  74.0 281.6 74.1 280.3 74.2 278.5 74.3 276.7 74.4 274.9 74.5 272.9 74.6 271.0
  74.7 269.1 74.8 267.2 74.8 265.2 74.8 263.2 74.8 261.2 74.8 259.1 74.7 257.0
  74.6 254.8 74.5 252.6 74.3 250.5 74.1 248.3 74.0 246.2 73.8 244.9 73.7 243.6
  73.6 242.4 73.5 241.1 73.4 239.9 73.3 238.8 73.3 237.7 73.2 236.6 73.2 235.6
  73.2 234.7 73.1 233.8 73.1 232.8 73.1 231.9 73.1 231.0 73.1 230.1 73.2 229.2
  73.2 228.3 73.3 227.5 73.4 226.6 73.4 225.7 73.5 224.8 73.6 224.0 73.7 223.1
  73.8 222.2 73.9 221.3 74.1 220.4 74.2 219.0 74.3 217.5 74.3 216.1 74.4 214.6
  74.4 213.1 74.5 211.6 74.4 210.2 74.4 208.7 74.4 207.4 74.3 206.0 74.3 204.6
  74.3 203.3 74.2 202.0 74.2 200.7 74.2 199.3 74.2 198.0 74.2 196.7 74.2 195.4
  74.2 194.1 74.3 192.8 74.3 191.4 74.3 190.1 74.3 188.8 74.3 187.4 74.3 186.0
  74.3 184.7 74.3 183.3 74.3 181.9 74.2 180.6 74.2 179.2 74.2 177.9 74.2 176.6
  74.2 175.4 74.1 174.1 74.1 172.9 74.0 171.7 74.0 170.5 73.9 169.3 73.9 168.0
  73.8 166.8 73.7 165.5 73.5 164.2 73.4 162.9 73.2 161.6 73.0 160.3 72.7 159.0
  72.5 157.8 72.2 156.7 72.0 155.6 71.7 154.6 71.5 153.6 71.3 152.7 71.1 151.8
  70.9 151.1 70.7 150.4 70.5 149.9 70.4 149.5 70.2 149.1 70.0 148.7 69.8 148.1
  69.6 147.5 69.4 146.9 69.3 146.4 69.1 145.8 68.9 145.3 68.7 144.8 68.5 144.3
  68.3 143.9 68.1 143.4 67.9 142.9 67.7 142.3 67.5 141.7 67.3 141.1 67.1 140.6
  66.8 140.0 66.6 139.4 66.4 138.9 66.2 138.4 65.9 137.9 65.7 137.2 65.5 136.5
  65.2 135.9 65.1 135.2 64.9 134.6 64.7 133.9 64.5 133.2 64.3 132.5 64.2 131.9
  64.1 131.2 64.0 130.5 63.9 129.7 63.8 128.9 63.7 128.2 63.6 127.4 63.6 126.7
  63.6 125.9 63.5 125.1 63.5 124.3 63.4 123.5 63.4 122.7 63.5 121.9 63.5 121.1
  63.5 120.3 63.5 119.4 63.6 118.5 63.7 117.7 63.8 116.8 63.9 115.9 64.1 115.0
  64.2 114.2 64.3 113.3 64.4 112.5 64.5 111.7 64.6 111.0 64.7 110.3 64.8 109.6
  64.8 109.1 64.9 108.5 64.9 107.9 65.0 107.3 65.1 106.7 65.2 106.0 65.3 105.4
  65.4 104.8 65.4 104.1 65.5 103.5 65.6 102.8 65.6 102.2 65.7 101.5 65.8 100.9
  65.8 100.2 65.9  99.6 65.9  98.9 66.0  98.3 66.1  97.7 66.1  97.2 66.2  96.6
  66.2  96.1 66.2  95.5 66.3  95.0
   9 25 63  0.0
  72.5 321.4 72.3 321.9 72.2 322.4 72.0 322.8 71.8 323.2 71.7 323.7 71.5 324.1
  71.5 324.5 71.4 324.8 71.3 325.2 71.2 325.4 71.1 325.7 71.0 325.9 70.9 326.0
  70.7 326.1 70.6 326.2 70.5 326.1 70.4 326.1 70.3 325.9 70.2 325.8 70.2 325.5
  70.1 325.2 70.0 324.8 69.9 324.6 69.8 324.3 69.8 323.9 69.7 323.6 69.5 323.2
  69.4 322.8 69.3 322.5 69.2 322.1 69.1 321.7 69.0 321.3 68.9 321.0 68.9 320.6
  68.8 320.3 68.7 319.9 68.6 319.6 68.5 319.3 68.5 319.0 68.5 318.7 68.4 318.5
  68.5 318.3 68.5 318.1 68.6 317.9 68.6 317.8 68.7 317.7 68.8 317.7 69.0 317.6
  69.1 317.6 69.3 317.7 69.5 317.8 69.6 317.9 69.8 318.0 69.9 318.2 70.1 318.4
  70.3 318.3 70.5 318.3 70.7 318.3 70.9 318.3 71.1 318.4 71.3 318.5 71.5 318.6
  71.7 318.6 72.0 318.7 72.3 318.5 72.7 318.3 73.0 318.1 73.4 318.0 73.8 317.8
  74.2 317.7 74.6 317.0 75.0 316.4 75.5 315.7 75.9 315.1 76.3 314.4 76.8 313.1
  77.2 311.7 77.5 310.3 77.8 308.8 78.1 307.3 78.4 305.4 78.7 303.5 79.0 301.5
  79.2 299.5 79.4 297.3 79.6 295.1 79.7 292.8 79.8 290.3 79.8 287.8 79.8 285.1
  79.8 282.3 79.8 279.4 79.7 276.2 79.7 272.8 79.5 269.0 79.4 264.9 79.2 260.6
  79.0 256.1 78.8 251.7 78.6 247.5 78.4 243.5 78.3 239.7 78.2 236.0 78.1 232.4
  78.1 228.9 78.0 225.5 78.0 222.2 78.0 218.9 78.0 215.7 78.0 212.4 78.0 209.6
  77.9 206.9 77.9 204.1 77.8 201.3 77.7 198.6 77.6 195.8 77.5 193.1 77.3 190.5
  77.1 188.0 77.0 185.5 76.8 183.2 76.6 180.9 76.4 178.7 76.2 176.6 76.0 174.5
  75.8 172.4 75.6 170.3 75.5 168.3 75.3 166.4 75.1 164.5 75.0 162.7 74.9 160.9
  74.8 159.1 74.7 157.4 74.6 155.6 74.6 153.9 74.5 152.2 74.4 150.5 74.3 148.9
  74.2 147.3 74.0 145.7 73.9 144.1 73.7 142.5 73.5 140.9 73.3 139.3 73.2 137.6
  73.0 136.0 72.8 134.3 72.7 132.6 72.5 130.9 72.4 129.1 72.2 127.3 72.1 125.4
  71.9 123.5 71.7 121.5 71.6 119.4 71.4 117.1 71.3 114.8 71.1 112.4 71.0 110.0
  70.9 107.7 70.8 105.4 70.6 103.2 70.4 101.1 70.2  99.2 69.9  97.4 69.5  95.6
  69.1  94.0 68.7  92.4 68.2  90.9 67.7  89.5 67.2  88.3 66.7  87.1 66.2  85.9
  65.7  84.8 65.2  83.9 64.6  83.0 64.0  82.1 63.4  81.5 62.8  80.9 62.3  80.3
  61.7  79.7 61.2  79.5 60.6  79.2 60.0  78.9 59.4  78.6 58.9  78.3 58.4  77.9
  57.9  77.6 57.5  77.2 57.1  76.9 56.8  76.5 56.5  76.1 56.2  75.6 55.8  75.2
  55.4  74.8 55.1  74.4 54.9  74.0 54.7  73.7 54.5  73.3 54.4  72.9 54.2  72.6
  54.2  72.2 54.1  71.9 54.0  71.6 53.9  71.4 53.8  71.2 53.7  71.0 53.7  70.8
  53.6  70.7 53.6  70.5 53.6  70.3 53.6  70.1 53.6  69.9 53.6  69.7 53.7  69.5
  53.7  69.3 53.7  69.1 53.8  68.9 53.8  68.8 53.9  68.6 53.9  68.5 53.9  68.3
  53.9  68.2 54.0  68.1 54.0  67.9 54.0  67.8 53.9  67.7 53.9  67.6 53.9  67.5
  53.9  67.5 53.9  67.4 53.8  67.3 53.8  67.2 53.8  67.2 53.8  67.2 53.7  67.1
  53.7  67.1 53.7  67.1 53.7  67.1
   9 26 63  0.0
  72.5 321.4 72.6 322.6 72.6 323.9 72.6 325.2 72.7 326.5 72.8 327.8 72.8 329.1
  72.9 330.4 73.0 331.6 73.1 332.9 73.2 334.1 73.4 335.3 73.6 336.6 73.8 337.9
  74.0 339.3 74.2 340.3 74.4 341.4 74.6 342.3 74.8 343.3 74.9 344.3 75.1 345.2
  75.3 346.1 75.5 346.9 75.6 347.8 75.8 348.5 76.0 349.3 76.2 349.9 76.4 349.8
  76.6 349.7 76.8 349.3 77.0 348.9 77.2 348.3 77.5 347.5 77.7 346.6 77.9 345.5
  78.1 344.3 78.3 342.5 78.5 340.5 78.7 338.6 78.9 336.6 79.1 334.6 79.2 332.6
  79.3 330.6 79.4 328.8 79.4 327.0 79.4 325.4 79.5 323.9 79.5 322.5 79.5 321.3
  79.5 320.1 79.5 318.9 79.5 317.6 79.5 316.2 79.4 314.8 79.4 313.4 79.4 311.9
  79.4 310.3 79.3 308.7 79.3 307.1 79.3 305.4 79.2 303.7 79.1 302.1 79.1 300.5
  79.0 298.9 78.9 297.4 78.8 295.9 78.7 294.4 78.5 292.9 78.4 291.3 78.2 289.8
  78.0 288.2 77.8 287.3 77.6 286.2 77.3 285.1 77.0 284.1 76.7 283.2 76.5 282.3
  76.2 281.4 75.9 280.7 75.7 280.0 75.5 279.4 75.3 278.8 75.1 278.3 74.9 277.7
  74.7 277.1 74.4 276.6 74.2 276.0 73.9 275.3 73.7 274.4 73.5 273.4 73.3 272.3
  73.0 271.3 72.8 270.2 72.6 269.0 72.3 267.8 72.0 266.5 71.7 265.2 71.4 263.9
  71.1 262.6 70.8 261.5 70.4 260.3 70.1 259.3 69.7 258.3 69.4 257.3 69.0 256.4
  68.7 255.6 68.2 254.8 67.8 254.1 67.4 253.3 67.0 252.6 66.7 251.8 66.2 251.1
  65.8 250.4 65.5 249.6 65.2 248.8 64.9 248.0 64.5 247.2 64.2 246.5 63.9 245.9
  63.7 245.2 63.4 244.5 63.2 243.9 63.0 243.3 62.7 242.8 62.5 242.2 62.3 241.7
  62.0 241.2 61.8 240.7 61.7 240.2 61.5 239.7 61.3 239.2 61.0 238.8 60.8 238.4
  60.5 238.0 60.3 237.7 60.1 237.3 59.9 237.0 59.8 236.5 59.6 236.0 59.3 235.5
  59.1 235.1 58.8 234.6 58.5 234.2 58.3 233.8 58.1 233.3 57.9 232.9 57.7 232.5
  57.5 232.0 57.3 231.6 57.1 231.2 56.8 230.8 56.5 230.4 56.3 230.0 56.1 229.7
  55.9 229.4 55.7 229.1 55.5 228.8 55.4 228.6 55.2 228.4 55.1 228.1 55.0 227.9
  54.7 227.6 54.4 227.4 54.1 227.1 53.8 226.8 53.6 226.5 53.4 226.2 53.2 225.8
  53.1 225.5 53.0 225.1 52.9 224.7 52.7 224.2 52.6 223.7 52.4 223.2 52.1 222.6
  51.9 221.9 51.7 221.2 51.5 220.5 51.3 219.6 51.0 218.8 50.7 217.9 50.4 217.0
  50.2 216.1 50.0 215.1 49.7 214.2 49.4 213.2 49.2 212.2 49.0 211.1 48.7 210.0
  48.5 208.9 48.2 207.8 47.9 206.6 47.6 205.5 47.2 204.4 46.9 203.3 46.5 202.1
  46.1 201.0 45.8 199.9 45.4 198.9 45.1 197.8 44.8 196.7 44.5 195.5 44.3 194.3
  44.0 193.1 43.8 191.8 43.7 190.8 43.5 189.8 43.4 188.7 43.3 187.7 43.1 186.6
  43.0 185.6 42.9 184.5 42.7 183.4 42.6 182.3 42.5 181.2 42.4 180.0 42.3 178.8
  42.3 177.6 42.2 176.4 42.1 175.3 42.1 174.2 42.2 173.1 42.2 172.1 42.3 171.1
  42.4 170.2 42.6 169.2 42.7 168.2 42.9 167.3 43.1 166.3 43.3 165.3 43.5 164.4
  43.7 163.5 43.9 162.6 44.2 161.8 44.5 161.0 44.8 160.3 45.2 159.5 45.4 158.8
  45.7 158.0 46.1 157.3 46.4 156.7
   9 27 63  0.0
  72.5 321.4 72.5 321.7 72.4 322.1 72.4 322.6 72.5 323.0 72.5 323.5 72.5 324.1
  72.6 324.7 72.7 325.4 72.8 326.2 72.9 327.0 73.0 328.0 73.1 329.0 73.2 330.1
  73.4 331.4 73.5 332.9 73.5 334.4 73.5 336.1 73.5 337.9 73.5 339.8 73.5 341.9
  73.4 344.0 73.3 346.4 73.2 348.7 73.0 351.1 72.8 353.4 72.4 355.5 72.1 357.3
  71.6 358.9 71.1   0.2 70.5   0.6 69.9   0.9 69.3   1.1 68.7   1.2 68.0   1.4
  67.4   1.5 66.8   1.4 66.3   1.3 65.7   1.2 65.2   0.9 64.7   0.6 64.2   0.3
  63.8   0.0 63.4 359.7 63.0 358.9 62.7 358.1 62.4 357.4 62.1 356.7 61.8 356.0
  61.6 355.3 61.4 354.5 61.1 353.8 60.8 353.0 60.5 352.2 60.1 351.5 59.8 350.8
  59.5 350.0 59.2 349.2 58.9 348.3 58.6 347.5 58.5 346.6 58.3 345.8 58.2 345.0
  57.9 344.2 57.7 343.3 57.7 342.5 57.7 341.6 57.7 340.8 57.6 340.0 57.6 339.3
  57.7 338.5 57.9 337.8 58.1 337.1 58.2 336.6 58.3 336.1 58.4 335.7 58.6 335.4
  58.7 335.2 58.9 335.0 59.0 334.8 59.1 334.8 59.1 334.7 59.1 334.8 59.1 334.9
  59.1 335.0 59.1 335.2 59.0 335.4 58.9 335.5 58.8 335.6 58.7 335.6 58.5 335.6
  58.3 335.5 58.1 335.3 57.8 335.2 57.6 334.8 57.3 334.5 56.9 334.2 56.6 333.9
  56.2 333.5 55.8 333.1 55.5 332.6 55.1 332.1 54.7 331.5 54.5 330.9 54.3 330.2
  54.1 329.5 53.9 328.7 53.7 327.9 53.6 327.2 53.4 326.4 53.3 325.6 53.2 324.8
  53.0 324.0 52.8 323.3 52.6 322.6 52.3 321.9 52.1 321.2 51.8 320.5 51.5 319.8
  51.3 319.0 51.1 318.3 50.9 317.6 50.7 316.9 50.4 316.1 50.2 315.3 50.2 314.4
  50.2 313.6 50.2 312.7 50.2 311.8 50.2 310.9 50.3 310.0 50.3 309.1 50.3 308.3
  50.3 307.5 50.2 306.7 50.1 306.0 50.0 305.4 49.9 304.8 49.8 304.3 49.7 303.7
  49.7 303.2 49.7 302.6 49.7 302.1 49.7 301.5 49.7 300.9 49.7 300.4 49.7 299.8
  49.8 299.2 49.8 298.7 49.9 298.2 49.9 297.6 49.9 297.1 50.0 296.6 50.1 296.3
  50.1 296.0 50.2 295.8 50.3 295.5 50.4 295.2 50.5 294.9 50.6 294.5 50.7 294.2
  50.8 293.8 50.9 293.5 50.9 293.1 51.0 292.7 51.1 292.3 51.2 291.9 51.3 291.5
  51.5 291.1 51.7 290.7 51.9 290.2 52.0 289.7 52.2 289.3 52.3 288.9 52.4 288.5
  52.5 288.1 52.6 287.6 52.7 287.2 52.8 286.7 52.9 286.1 53.0 285.6 53.1 285.1
  53.1 284.5 53.2 283.9 53.3 283.3 53.4 282.7 53.5 282.0 53.6 281.3 53.6 280.5
  53.6 279.8 53.8 279.0 53.9 278.2 54.0 277.3 54.1 276.5 54.2 276.1 54.3 275.7
  54.5 275.2 54.6 274.8 54.7 274.2 54.9 273.7 55.0 273.1 55.1 272.6 55.2 272.0
  55.3 271.4 55.3 270.8 55.3 270.2 55.4 269.6 55.4 269.0 55.3 268.4 55.3 267.8
  55.2 267.2 55.2 266.7 55.1 266.1 55.0 265.5 54.9 264.9 54.8 264.3 54.7 263.7
  54.7 263.1 54.6 262.6 54.5 262.0 54.4 261.5 54.3 261.1 54.1 260.7 53.9 260.3
  53.7 259.6 53.6 259.1 53.5 258.5 53.3 258.0 53.2 257.4 53.0 256.9 52.8 256.5
  52.6 256.0 52.3 255.7 52.2 255.3 52.0 255.0 51.9 254.7 51.7 254.3 51.5 254.0
  51.2 253.6 51.0 253.3 50.7 253.1
   9 28 63  0.0
  72.5 321.4 72.3 320.7 72.0 320.0 71.7 319.4 71.5 318.9 71.2 318.5 71.0 318.1
  70.8 317.7 70.5 317.4 70.3 317.0 70.1 316.7 70.0 316.4 69.8 316.0 69.7 315.5
  69.5 315.2 69.4 314.8 69.2 314.5 69.1 314.3 69.0 314.0 68.9 313.8 68.8 313.6
  68.8 313.5 68.7 313.4 68.7 313.2 68.6 313.2 68.6 313.1 68.6 313.0 68.7 313.0
  68.7 312.9 68.8 312.9 68.9 312.9 69.0 312.8 69.1 312.8 69.2 312.8 69.3 312.7
  69.5 312.7 69.7 312.7 69.9 312.7 70.0 312.7 70.2 312.9 70.4 313.0 70.6 313.2
  70.8 313.4 71.0 313.7 71.1 313.9 71.3 314.3 71.4 314.7 71.5 315.2 71.6 315.7
  71.8 316.3 71.8 316.9 71.9 317.6 71.9 318.4 71.9 319.1 71.9 320.0 71.9 320.8
  71.9 321.6 71.9 322.5 71.9 323.3 71.9 324.1 71.9 324.9 71.9 325.7 71.9 326.5
  72.0 327.4 72.0 328.3 72.0 329.2 72.1 330.0 72.2 330.8 72.2 331.6 72.3 332.5
  72.4 333.3 72.6 334.2 72.7 335.1 72.8 336.1 72.9 337.0 73.1 337.9 73.2 338.8
  73.3 339.7 73.4 340.5 73.5 341.3 73.6 342.0 73.7 342.7 73.8 343.3 74.0 343.8
  74.0 344.3 74.2 343.6 74.3 343.0 74.4 342.3 74.5 341.6 74.6 340.8 74.7 340.1
  74.8 339.3 74.8 338.4 74.8 337.6 74.8 336.6 74.8 335.7 74.8 334.8 74.7 333.8
  74.7 332.7 74.6 331.7 74.5 330.6 74.4 329.5 74.2 328.4 74.1 327.3 74.0 326.2
  73.8 325.4 73.7 324.7 73.5 324.0 73.3 323.2 73.1 322.5 73.0 321.8 72.8 321.0
  72.7 320.3 72.6 319.6 72.5 319.0 72.5 318.3 72.5 317.6 72.5 317.0 72.5 316.3
  72.6 315.7 72.7 315.1 72.8 314.4 72.9 313.8 73.0 313.2 73.2 312.5 73.3 311.9
  73.4 311.3 73.5 310.7 73.7 310.0 73.8 309.4 74.0 308.8 74.1 308.1 74.3 307.0
  74.4 306.0 74.5 304.8 74.7 303.7 74.8 302.4 74.9 301.1 75.0 299.7 75.1 298.2
  75.2 296.7 75.4 295.0 75.4 293.2 75.5 291.4 75.5 289.4 75.5 287.4 75.5 285.4
  75.5 283.4 75.4 281.4 75.4 279.4 75.4 277.4 75.4 275.4 75.3 273.3 75.3 271.3
  75.3 269.2 75.2 267.1 75.1 265.0 75.1 262.8 75.0 260.6 74.9 258.5 74.7 256.4
  74.6 254.3 74.4 252.3 74.2 250.3 74.0 248.3 73.8 247.1 73.6 245.8 73.4 244.6
  73.2 243.3 73.0 242.1 72.8 240.8 72.7 239.6 72.5 238.4 72.4 237.3 72.3 236.2
  72.2 235.2 72.1 234.2 72.0 233.2 72.0 232.3 71.9 231.7 71.9 231.0 71.8 230.3
  71.8 229.7 71.8 229.1 71.8 228.5 71.8 227.9 71.8 227.3 71.8 226.7 71.9 226.2
  71.9 225.7 72.0 225.2 72.1 224.4 72.2 223.6 72.3 222.8 72.3 222.0 72.4 221.2
  72.5 220.4 72.5 219.6 72.6 218.8 72.6 217.9 72.7 217.1 72.7 216.3 72.7 215.5
  72.7 214.7 72.7 213.9 72.7 213.1 72.7 212.3 72.7 211.5 72.7 210.7 72.6 209.9
  72.6 209.1 72.6 208.3 72.6 207.5 72.6 206.7 72.6 205.9 72.6 205.1 72.6 204.3
  72.6 203.5 72.6 202.6 72.7 201.7 72.7 200.8 72.7 199.9 72.8 198.9 72.8 197.8
  72.9 196.8 72.9 195.6 72.9 194.5 73.0 193.3 73.0 192.0 73.0 190.8 73.0 189.6
  73.1 188.4 73.1 187.2 73.1 186.1 73.2 185.1 73.2 184.0 73.2 183.0 73.3 181.9
  73.3 180.9 73.3 179.9 73.4 178.9
   9 29 63  0.0
  72.5 321.4 72.4 321.1 72.3 320.8 72.2 320.5 72.0 320.3 71.9 320.1 71.7 320.0
  71.6 319.9 71.3 319.9 71.0 319.8 70.7 319.7 70.4 319.6 70.0 319.5 69.6 319.4
  69.3 319.2 68.9 318.9 68.5 318.7 68.1 318.5 67.7 318.3 67.3 318.1 66.9 317.9
  66.5 317.7 66.1 317.6 65.6 317.4 65.2 317.3 64.7 317.1 64.3 317.0 63.9 316.8
  63.4 316.6 63.0 316.4 62.6 316.2 62.2 315.9 61.7 315.6 61.2 315.3 60.6 314.9
  60.1 314.6 59.5 314.2 58.9 313.9 58.4 313.6 57.8 313.2 57.3 312.8 56.8 312.4
  56.3 311.9 55.8 311.3 55.3 310.8 54.9 310.3 54.4 309.6 54.0 309.0 53.6 308.3
  53.3 307.5 53.0 306.7 52.7 305.9 52.4 305.0 52.2 304.1 51.9 303.1 51.7 302.2
  51.4 301.2 51.2 300.2 51.0 299.2 50.7 298.1 50.4 297.0 50.1 295.9 49.8 294.7
  49.5 293.7 49.3 292.7 49.1 291.6 48.9 290.5 48.8 289.4 48.6 288.4 48.4 287.3
  48.3 286.2 48.1 285.1 48.0 284.0 47.8 283.2 47.6 282.4 47.5 281.5 47.3 280.7
  47.1 279.9 47.0 279.1 46.8 278.3 46.7 277.5 46.5 276.7 46.3 275.9 46.2 275.1
  46.0 274.3 45.9 273.5 45.7 272.9 45.5 272.4 45.3 271.8 45.3 271.2 45.2 270.7
  45.1 270.2 44.9 269.6 44.8 269.1 44.6 268.6 44.4 268.0 44.1 267.4 44.1 266.8
  44.0 266.3 43.9 265.7 43.7 265.2 43.6 264.7 43.5 264.3 43.3 263.8 43.3 263.2
  43.3 262.8 43.3 262.3 43.2 261.8 43.1 261.3 42.9 260.8 42.8 260.3 42.6 259.8
  42.6 259.3 42.6 258.8 42.6 258.3 42.6 257.8 42.6 257.3 42.5 256.9 42.5 256.4
  42.4 255.9 42.5 255.5 42.5 255.0 42.6 254.5 42.6 254.1 42.7 253.6 42.7 253.2
  42.7 252.7 42.8 252.2 42.8 251.8 42.7 251.3 42.6 250.8 42.5 250.4 42.4 249.9
  42.3 249.4 42.2 249.0 42.1 248.5 41.9 248.1 41.8 247.7 41.7 247.4 41.5 247.1
  41.3 246.8 41.1 246.5 40.8 246.2 40.6 246.0 40.4 245.7 40.1 245.5 39.8 245.3
  39.6 245.1 39.4 244.8 39.2 244.6 39.0 244.4 38.8 244.2 38.6 244.0 38.3 243.8
  38.1 243.6 37.8 243.4 37.5 243.3 37.3 243.2 37.1 243.0 36.9 242.9 36.7 242.8
  36.5 242.6 36.4 242.5 36.2 242.4 36.1 242.3 36.0 242.2 35.9 242.1 35.8 242.1
  35.7 242.0 35.6 242.0 35.6 242.0 35.5 241.9 35.5 241.9 35.5 241.8 35.5 241.8
  35.6 241.7 35.6 241.7 35.7 241.6 35.8 241.5 35.9 241.5 36.0 241.4 36.1 241.3
  36.2 241.3 36.4 241.2 36.5 241.2 36.6 241.1 36.7 241.1 36.8 241.0 36.9 241.0
  37.0 240.9 37.1 240.9 37.2 240.9 37.3 240.9 37.4 240.8 37.5 240.8 37.6 240.8
  37.6 240.8 37.7 240.8 37.7 240.7 37.7 240.7 37.8 240.7 37.8 240.6 37.8 240.6
  37.7 240.6 37.7 240.5 37.7 240.5 37.6 240.5 37.6 240.4 37.5 240.4 37.5 240.4
  37.4 240.4 37.3 240.4 37.3 240.5 37.2 240.5 37.1 240.5 37.0 240.6 36.9 240.7
  36.7 240.7 36.6 240.8 36.4 240.9 36.3 241.0 36.1 241.1 35.9 241.2 35.6 241.3
  35.4 241.4 35.1 241.6 34.8 241.8 34.5 241.9 34.1 242.1 33.7 242.3 33.3 242.4
  32.9 242.5 32.5 242.6 32.0 242.6 31.6 242.7 31.1 242.5 30.6 242.3 30.1 242.1
  29.6 241.8 29.1 241.5 28.6 241.2
   9 30 63  0.0
  72.5 321.4 72.4 321.8 72.2 322.1 72.1 322.5 72.0 322.8 71.9 323.2 71.8 323.6
  71.7 324.0 71.6 324.4 71.6 324.8 71.5 325.3 71.4 325.7 71.3 326.1 71.2 326.5
  71.2 326.8 71.1 327.1 71.0 327.4 70.9 327.6 70.8 327.7 70.7 327.8 70.6 327.8
  70.6 327.8 70.5 327.8 70.4 327.7 70.3 327.6 70.2 327.4 70.1 327.3 70.0 327.1
  69.9 327.1 69.7 327.1 69.6 327.0 69.5 327.0 69.4 326.9 69.3 326.7 69.2 326.6
  69.0 326.4 68.9 326.2 68.8 326.0 68.6 325.8 68.5 325.5 68.3 325.2 68.2 324.9
  68.0 324.6 67.8 324.3 67.7 324.1 67.5 323.8 67.2 323.5 66.9 323.3 66.6 323.0
  66.2 322.7 65.9 322.4 65.5 322.0 65.2 321.7 65.0 321.2 64.7 320.8 64.4 320.3
  64.2 319.8 63.8 319.3 63.5 318.6 63.2 318.0 62.9 317.4 62.6 316.7 62.2 316.1
  61.9 315.5 61.5 314.9 61.1 314.2 60.7 313.6 60.4 313.0 60.0 312.3 59.6 311.6
  59.2 310.9 58.8 310.1 58.4 309.4 58.0 308.6 57.7 307.8 57.3 307.0 56.9 306.1
  56.6 305.2 56.2 304.3 55.9 303.4 55.6 302.4 55.2 301.4 54.9 300.3 54.6 299.2
  54.1 298.1 53.7 297.0 53.3 295.7 52.9 294.5 52.6 293.3 52.2 292.1 51.9 290.8
  51.7 289.6 51.5 288.3 51.3 287.1 51.1 285.9 50.9 284.7 50.6 283.4 50.5 282.2
  50.3 281.0 50.0 279.9 50.0 278.7 49.9 277.6 49.7 276.6 49.6 275.6 49.6 274.6
  49.7 273.7 49.7 272.7 49.7 271.9 49.9 271.0 50.2 270.2 50.4 269.1 50.7 268.1
  50.8 267.2 51.1 266.3 51.3 265.4 51.5 264.6 51.6 263.8 51.9 263.0 52.1 262.2
  52.3 261.2 52.5 260.2 52.7 259.1 53.0 258.1 53.2 257.0 53.5 256.1 53.7 255.1
  53.9 254.1 54.2 253.2 54.4 252.1 54.6 251.1 54.8 250.0 55.1 248.9 55.4 247.9
  55.7 246.8 56.0 245.9 56.3 244.9 56.6 244.1 56.9 243.4 57.1 242.6 57.3 241.9
  57.5 241.1 57.7 240.4 57.9 239.6 58.0 238.9 58.2 238.4 58.4 237.9 58.6 237.5
  58.8 237.1 58.9 236.7 59.0 236.4 59.1 236.1 59.1 235.8 59.1 235.6 59.2 235.4
  59.2 235.3 59.2 235.2 59.1 235.2 59.1 235.2 59.0 235.2 59.0 235.2 58.9 235.2
  58.8 235.3 58.7 235.3 58.6 235.4 58.5 235.4 58.3 235.5 58.2 235.5 58.0 235.6
  57.8 235.6 57.6 235.6 57.4 235.7 57.2 235.7 57.0 235.6 56.8 235.6 56.6 235.5
  56.3 235.5 56.1 235.4 55.8 235.3 55.5 235.2 55.3 235.0 55.0 234.9 54.7 234.8
  54.3 234.7 54.0 234.5 53.7 234.4 53.3 234.2 53.0 234.1 52.6 233.9 52.3 233.7
  51.9 233.5 51.6 233.4 51.2 233.2 50.9 233.1 50.5 232.9 50.2 232.7 49.8 232.6
  49.4 232.4 49.0 232.2 48.6 232.0 48.2 231.7 47.9 231.5 47.5 231.1 47.1 230.7
  46.7 230.3 46.3 229.9 45.9 229.5 45.5 229.0 45.0 228.6 44.6 228.1 44.2 227.6
  43.9 227.2 43.7 226.7 43.4 226.1 43.2 225.6 42.9 225.0 42.6 224.5 42.4 223.9
  42.2 223.3 42.1 222.7 42.0 222.0 41.8 221.4 41.6 220.7 41.5 220.1 41.3 219.4
  41.2 218.6 41.0 217.9 40.9 217.1 40.7 216.3 40.6 215.5 40.6 214.7 40.6 213.8
  40.6 213.0 40.6 212.2 40.5 211.5 40.7 210.7 40.8 210.0 41.0 209.3 41.1 208.6
  41.2 208.0 41.4 207.3 41.6 206.7
