   9  1 82  0.0
  72.5 321.4 72.7 321.4 72.9 321.5 73.1 321.6 73.3 321.7 73.4 321.8 73.5 322.0
  73.7 322.3 73.8 322.6 73.8 322.9 73.9 323.3 74.0 323.8 74.0 324.3 74.0 324.8
  74.0 325.1 74.0 325.4 74.0 325.7 74.0 325.9 73.9 326.3 73.9 326.7 73.8 327.0
  73.7 327.3 73.6 327.5 73.5 327.7 73.3 327.8 73.2 327.8 73.0 327.8 72.9 327.6
  72.7 327.3 72.6 326.9 72.4 326.4 72.3 325.9 72.1 325.2 71.9 324.5 71.8 324.4
  71.6 324.2 71.4 323.9 71.3 323.6 71.1 323.3 71.0 323.0 70.8 322.7 70.7 322.4
  70.5 322.0 70.4 321.7 70.3 321.4 70.2 321.1 70.1 320.7 70.1 320.4 70.0 320.0
  70.0 319.6 70.0 319.6 70.0 319.5 70.0 319.3 70.0 318.8 70.1 318.3 70.1 317.8
  70.2 317.2 70.3 316.6 70.4 316.0 70.5 315.3 70.6 314.7 70.7 314.0 70.8 313.4
  70.9 312.9 71.0 312.5 71.2 312.1 71.3 311.7 71.5 311.5 71.6 311.3 71.8 311.1
  71.9 311.0 72.1 310.9 72.3 310.7 72.5 310.7 72.7 310.6 72.9 310.6 73.1 310.5
  73.3 310.5 73.6 310.5 73.8 310.6 74.0 310.6 74.3 310.2 74.6 309.7 74.9 309.3
  75.2 308.9 75.5 308.5 75.7 308.1 76.0 307.7 76.3 306.9 76.5 306.2 76.8 305.5
  77.1 304.9 77.3 304.3 77.6 303.7 77.8 303.2 78.0 302.8 78.3 301.6 78.5 300.4
  78.8 299.2 79.0 298.0 79.1 296.8 79.3 295.5 79.5 294.3 79.6 293.1 79.7 291.9
  79.8 290.7 80.0 289.5 80.1 288.2 80.2 286.1 80.3 283.8 80.4 281.6 80.5 279.4
  80.6 277.1 80.7 274.8 80.8 272.5 80.8 270.1 80.9 267.7 80.9 265.3 80.9 262.9
  80.9 260.5 80.8 258.1 80.8 255.6 80.7 253.1 80.6 250.5 80.4 247.8 80.3 245.0
  80.1 242.2 79.9 239.3 79.7 237.4 79.4 235.5 79.2 233.5 78.9 231.4 78.6 229.2
  78.3 226.9 77.9 224.7 77.6 223.2 77.3 221.7 76.9 220.1 76.7 218.5 76.3 216.9
  76.0 215.4 75.6 214.3 75.3 213.1 75.1 212.0 74.8 210.9 74.5 209.7 74.3 208.5
  74.0 207.3 73.8 206.0 73.5 205.2 73.3 204.4 73.1 203.6 72.9 202.7 72.6 201.9
  72.3 200.9 72.1 200.0 71.9 199.1 71.6 198.4 71.4 197.8 71.2 197.1 71.0 196.4
  70.8 195.6 70.6 194.9 70.4 194.1 70.2 193.3 70.0 192.4 69.9 191.9 69.6 191.4
  69.4 190.9 69.1 190.4 68.9 189.9 68.7 189.4 68.5 188.8 68.4 188.3 68.2 187.7
  67.9 187.2 67.7 187.0 67.4 186.8 67.2 186.6 67.0 186.4 66.8 186.2 66.6 186.0
  66.5 185.7 66.3 185.5 66.1 185.2 66.0 184.9 65.8 184.9 65.7 184.8 65.6 184.7
  65.5 184.6 65.3 184.5 65.2 184.4 65.1 184.2 65.0 184.1 64.9 183.9 64.8 183.8
  64.6 183.6 64.5 183.5 64.4 183.4 64.3 183.2 64.2 183.1 64.1 183.0 64.0 182.9
  63.9 183.0 63.9 183.0 63.8 183.1 63.8 183.2 63.7 183.3 63.7 183.4 63.6 183.5
  63.6 183.5 63.6 183.6 63.5 183.6 63.5 183.6 63.4 183.6 63.4 183.6 63.3 183.6
  63.3 183.6 63.2 183.6 63.2 183.5 63.1 183.5 63.1 183.4 63.0 183.3 63.0 183.2
  62.9 183.0 62.8 182.9 62.8 182.7 62.7 182.5 62.6 182.4 62.6 182.1 62.5 181.9
  62.4 181.7 62.3 181.5 62.2 181.3 62.2 181.0 62.1 180.8 62.0 180.5 61.9 180.6
  61.8 180.7 61.7 180.9 61.6 181.0
   9  2 82  0.0
  72.5 321.4 72.7 321.0 72.8 320.7 73.0 320.3 73.1 320.0 73.3 319.8 73.4 319.6
  73.5 319.4 73.6 319.3 73.7 319.2 73.8 319.2 73.9 319.2 73.9 319.2 74.0 319.4
  74.0 319.5 74.0 319.6 74.1 319.5 74.1 319.4 74.2 319.2 74.3 319.0 74.3 318.8
  74.4 318.6 74.5 318.4 74.5 318.1 74.6 317.8 74.7 317.5 74.7 317.2 74.8 316.8
  74.9 316.5 74.9 316.2 75.0 315.9 75.0 315.6 75.1 315.3 75.1 315.0 75.2 314.7
  75.2 314.4 75.3 314.1 75.3 313.8 75.3 313.4 75.4 313.0 75.4 312.6 75.4 312.1
  75.4 311.6 75.4 311.0 75.4 310.3 75.4 309.6 75.4 308.9 75.4 308.1 75.4 307.2
  75.4 306.4 75.4 305.5 75.4 304.5 75.5 303.5 75.5 302.5 75.6 301.4 75.7 300.4
  75.7 299.3 75.8 298.2 76.0 297.1 76.1 296.0 76.2 295.3 76.5 294.6 76.7 293.9
  77.0 293.2 77.3 292.4 77.5 291.7 77.8 290.9 78.1 290.0 78.4 289.6 78.7 289.2
  79.0 288.6 79.3 288.1 79.6 287.4 79.9 286.7 80.2 285.9 80.5 285.2 80.8 284.4
  81.1 283.6 81.3 282.6 81.6 281.5 81.9 280.3 82.1 279.0 82.4 277.4 82.7 275.6
  83.0 273.6 83.2 271.3 83.4 268.9 83.7 266.2 83.8 263.2 84.0 260.0 84.2 257.1
  84.4 253.9 84.6 250.6 84.7 247.2 84.8 243.7 84.9 240.1 85.0 236.4 85.1 232.6
  85.2 228.7 85.2 224.8 85.2 221.0 85.1 217.2 85.1 213.4 85.0 209.8 85.0 206.3
  84.9 202.9 84.8 199.6 84.7 196.5 84.6 193.5 84.5 190.6 84.2 188.0 84.0 185.6
  83.7 183.5 83.5 180.9 83.3 178.5 83.0 176.4 82.8 174.5 82.5 172.7 82.3 171.0
  82.0 169.4 81.8 168.2 81.5 167.1 81.2 166.1 80.9 165.2 80.4 164.4 79.9 163.7
  79.5 163.3 79.0 162.8 78.5 162.3 77.9 161.7 77.4 161.1 76.8 160.4 76.2 159.8
  75.6 159.2 74.9 158.6 74.3 158.0 73.7 157.4 73.1 156.6 72.5 155.9 71.8 155.2
  71.2 154.2 70.6 153.3 70.0 152.4 69.4 151.6 68.8 150.7 68.1 149.8 67.5 149.0
  67.0 148.1 66.4 147.1 65.9 146.2 65.4 145.4 65.0 144.5 64.6 143.6 64.1 142.6
  63.7 141.7 63.2 140.8 62.8 139.8 62.4 138.8 62.0 137.8 61.6 136.8 61.3 135.8
  60.9 134.8 60.6 133.8 60.3 132.8 59.9 131.8 59.6 130.8 59.3 129.9 59.0 128.9
  58.7 128.0 58.5 127.0 58.4 126.1 58.2 125.1 58.0 124.2 57.7 123.3 57.6 122.4
  57.4 121.5 57.2 120.6 56.9 119.8 56.9 118.9 56.8 118.1 56.8 117.3 56.8 116.6
  56.7 116.0 56.8 115.3 57.0 114.7 57.0 114.1 57.0 113.4 57.0 112.8 56.9 112.3
  56.8 111.7 56.9 111.2 57.0 110.7 57.1 110.3 57.1 109.8 57.1 109.3 57.1 108.8
  57.1 108.3 57.1 107.8 57.2 107.2 57.3 106.6 57.4 106.0 57.4 105.3 57.5 104.6
  57.4 103.9 57.5 103.1 57.5 102.3 57.5 101.5 57.5 100.7 57.4  99.8 57.5  99.0
  57.5  98.1 57.5  97.3 57.6  96.5 57.6  95.8 57.7  95.1 57.9  94.4 58.1  93.8
  58.3  93.1 58.4  92.5 58.6  91.9 58.8  91.3 59.1  90.8 59.3  90.3 59.5  89.8
  59.8  89.3 60.0  88.9 60.2  88.6 60.5  88.4 60.7  88.1 60.9  87.9 61.2  87.7
  61.5  87.5 61.7  87.3 61.9  87.0 62.2  86.8 62.4  86.6 62.5  86.3 62.7  86.1
  62.9  85.8 63.0  85.5 63.2  85.2
   9  3 82  0.0
  72.5 321.4 72.5 321.0 72.6 320.5 72.7 320.0 72.8 319.5 72.8 318.9 72.9 318.3
  73.0 317.7 73.1 317.0 73.2 316.3 73.3 315.5 73.4 314.6 73.5 313.7 73.6 312.6
  73.7 311.5 73.9 310.4 74.0 309.3 74.1 308.0 74.2 306.9 74.4 305.8 74.6 304.6
  74.7 303.4 74.9 302.1 75.1 300.7 75.2 299.3 75.4 297.9 75.6 296.4 75.7 294.9
  75.9 293.3 76.2 291.7 76.4 290.4 76.7 289.1 77.0 287.7 77.2 286.2 77.5 284.6
  77.8 283.0 78.1 281.3 78.4 279.8 78.8 278.1 79.1 276.3 79.4 274.2 79.7 272.0
  80.0 269.5 80.2 266.8 80.5 264.2 80.8 261.2 81.0 257.9 81.2 254.3 81.3 250.3
  81.5 246.0 81.6 241.7 81.7 237.4 81.7 233.1 81.8 228.7 81.9 224.3 81.9 220.0
  82.0 215.7 82.1 211.4 82.3 207.3 82.4 203.0 82.5 198.7 82.6 194.3 82.6 189.8
  82.8 185.3 82.9 180.7 83.0 176.1 83.2 171.4 83.3 166.7 83.5 161.8 83.7 156.7
  83.8 151.6 83.9 146.4 84.0 141.2 84.2 137.3 84.3 133.7 84.4 130.3 84.5 127.1
  84.6 124.1 84.6 121.2 84.7 118.5 84.7 116.0 84.8 113.5 84.8 111.2 84.9 108.9
  85.0 106.6 85.1 104.4 85.2 102.2 85.3 100.2 85.4  98.2 85.5  96.3 85.7  94.5
  85.8  92.7 85.9  90.9 86.1  89.2 86.3  88.7 86.5  88.1 86.7  87.5 86.9  86.8
  87.1  85.9 87.3  84.9 87.4  83.7 87.6  82.4 87.7  80.9 87.8  79.2 87.9  79.2
  88.0  79.1 88.1  79.0 88.2  78.9 88.3  78.9 88.4  78.8 88.5  78.7 88.6  78.6
  88.6  78.5 88.7  78.5 88.7  78.4 88.7  78.3 88.7  78.3 88.7  78.2 88.6  78.2
  88.6  78.1 88.5  78.1 88.4  78.0 88.4  78.0 88.3  78.0 88.2  77.9 88.1  77.9
  88.0  77.9 87.9  77.9 87.9  77.9 87.8  77.9 87.7  77.9 87.6  77.9 87.5  77.9
  87.3  77.9 87.2  77.9 87.0  77.9 86.9  77.9 86.7  77.8 86.5  77.8 86.3  77.7
  86.1  77.6 85.8  77.5 85.7  77.4 85.5  77.4 85.3  77.3 85.1  77.2 84.9  77.1
  84.7  77.0 84.6  76.8 84.4  76.7 84.2  76.5 84.1  76.3 83.9  76.1 83.8  75.9
  83.7  75.7 83.6  75.5 83.5  75.2 83.4  74.9 83.3  74.7 83.2  74.4 83.1  74.1
  83.0  73.8 82.9  73.5 82.8  73.2 82.7  72.9 82.7  72.6 82.6  72.3 82.5  72.0
  82.3  71.6 82.2  71.3 82.0  71.0 81.9  70.7 81.7  70.4 81.6  70.1 81.5  69.8
  81.3  69.5 81.2  69.2 81.1  68.9 81.0  68.6 80.9  68.3 80.8  68.1 80.7  67.8
  80.6  67.5 80.4  67.2 80.3  66.9 80.1  66.7 80.0  66.4 79.9  66.1 79.7  65.8
  79.6  65.5 79.5  65.2 79.3  65.0 79.2  64.7 79.1  64.4 78.9  64.2 78.8  63.9
  78.6  63.6 78.5  63.4 78.4  63.1 78.3  62.9 78.1  62.6 78.0  62.4 77.8  62.1
  77.7  61.8 77.6  61.6 77.5  61.3 77.3  61.1 77.2  60.8 77.1  60.6 77.0  60.4
  77.0  60.2 76.9  59.9 76.8  59.7 76.8  59.5 76.8  59.3 76.8  59.2 76.8  59.0
  76.8  58.8 76.8  58.6 76.8  58.5 76.8  58.3 76.8  58.1 76.8  57.9 76.8  57.8
  76.7  57.6 76.7  57.4 76.7  57.2 76.6  57.1 76.6  56.9 76.5  56.7 76.5  56.6
  76.4  56.4 76.3  56.2 76.3  56.1 76.2  55.9 76.2  55.7 76.2  55.6 76.2  55.4
  76.1  55.3 76.1  55.1 76.1  54.9
   9  4 82  0.0
  72.5 321.4 72.6 321.3 72.8 321.3 72.9 321.2 73.0 321.1 73.1 321.0 73.2 321.0
  73.3 320.9 73.4 320.7 73.5 320.6 73.5 320.5 73.6 320.4 73.6 320.3 73.7 320.1
  73.7 319.9 73.8 319.7 73.9 319.5 74.0 319.2 74.1 319.0 74.2 318.6 74.2 318.3
  74.3 317.9 74.4 317.5 74.4 317.0 74.5 316.5 74.5 315.9 74.6 315.3 74.7 314.7
  74.7 314.0 74.8 313.3 74.9 312.5 74.9 311.6 75.0 310.7 75.1 309.7 75.2 308.7
  75.3 307.6 75.4 306.4 75.6 305.1 75.7 303.8 75.8 302.5 76.0 301.1 76.1 299.6
  76.3 298.4 76.4 297.2 76.6 296.0 76.7 294.8 76.9 293.4 77.1 292.1 77.3 290.7
  77.5 289.2 77.7 287.7 77.9 286.1 78.2 284.5 78.4 283.2 78.7 281.8 78.9 280.2
  79.2 278.6 79.4 276.9 79.7 275.0 79.9 272.9 80.2 270.7 80.4 268.7 80.6 266.5
  80.9 264.0 81.1 261.3 81.2 258.3 81.4 254.9 81.5 251.3 81.7 247.4 81.8 243.4
  81.9 239.4 82.0 235.3 82.0 231.2 82.2 227.6 82.3 223.8 82.4 220.0 82.5 216.2
  82.7 212.3 82.9 208.1 83.0 203.7 83.2 199.0 83.3 194.2 83.5 189.3 83.6 184.3
  83.7 179.2 83.9 174.1 84.0 168.8 84.1 163.4 84.2 158.9 84.4 154.4 84.5 149.8
  84.6 145.3 84.7 141.0 84.8 137.0 84.9 133.1 85.0 129.3 85.1 125.6 85.1 122.1
  85.2 119.0 85.2 116.1 85.3 113.5 85.3 111.0 85.4 108.7 85.4 106.5 85.5 104.4
  85.6 102.4 85.7 100.4 85.8  98.4 86.0  96.3 86.1  94.1 86.4  94.1 86.6  94.0
  86.9  93.8 87.1  93.6 87.3  93.4 87.6  93.0 87.8  92.5 87.9  91.9 88.1  91.1
  88.4  90.1 88.6  88.8 88.8  86.9 89.1  84.3 89.3  80.3 89.5  73.8 89.7  73.8
  89.9  73.7 89.9 253.6 89.5 220.0 89.4 198.5 89.5 189.7 89.7 188.5 90.0 346.3
  89.8  21.4 89.8 201.5 89.9  71.1 90.0 251.0 89.6 220.2 89.6 191.3 90.0 352.8
  89.6  32.0 90.0  32.1 89.6 212.2 89.9 165.5 89.8 289.3 89.6 303.2 89.4 318.2
  89.2 334.1 89.0 349.9 88.8   4.4 88.7   4.7 88.5   5.1 88.4   5.4 88.3   5.7
  88.2   6.0 88.2   6.4 88.1   6.7 88.1   7.0 88.0   7.3 88.0   7.6 87.9   7.9
  87.9   8.2 87.9   8.5 87.8   8.8 87.8   9.0 87.7   9.3 87.6   9.5 87.6   9.7
  87.5  10.0 87.4  10.2 87.3  10.4 87.2  10.6 87.2  10.7 87.1  10.9 87.0  11.1
  87.0  11.2 86.9  11.3 86.8  11.5 86.8  11.6 86.7  11.7 86.7  11.8 86.6  11.9
  86.6  11.9 86.5  12.0 86.4  12.1 86.3  12.2 86.2  12.3 86.0  12.4 85.9  12.5
  85.8  12.8 85.8  13.1 85.7  13.4 85.6  13.7 85.6  14.0 85.5  14.2 85.4  14.5
  85.4  14.8 85.3  15.0 85.3  15.3 85.3  15.5 85.2  15.8 85.2  16.0 85.2  16.2
  85.1  16.4 85.1  16.6 85.1  16.8 85.0  17.0 85.0  17.2 85.0  17.4 84.9  17.6
  84.9  17.8 84.9  18.0 84.9  18.2 84.8  18.5 84.8  18.7 84.8  18.9 84.8  19.1
  84.8  19.3 84.8  19.5 84.8  19.7 84.8  20.0 84.8  20.2 84.8  20.4 84.8  20.7
  84.8  20.9 84.7  21.2 84.7  21.4 84.7  21.7 84.7  21.9 84.7  22.2 84.7  22.5
  84.7  22.7 84.7  23.0 84.7  23.2 84.7  23.5 84.7  23.8 84.7  24.0 84.6  24.2
  84.6  24.5 84.6  24.7 84.5  25.0
   9  5 82  0.0
  72.5 321.4 72.5 321.2 72.6 321.0 72.6 320.8 72.7 320.6 72.7 320.5 72.8 320.3
  72.8 320.2 72.9 320.0 72.9 319.9 73.1 319.8 73.2 319.7 73.3 319.6 73.4 319.5
  73.5 319.4 73.6 319.4 73.8 319.3 73.9 319.2 74.0 319.0 74.1 318.9 74.2 318.7
  74.4 318.6 74.5 318.3 74.6 318.1 74.7 317.9 74.8 317.6 74.9 317.4 75.0 317.1
  75.1 316.9 75.2 316.7 75.3 316.4 75.4 316.2 75.5 315.9 75.6 315.7 75.7 315.5
  75.8 315.3 75.9 315.0 76.0 314.8 76.1 314.4 76.2 314.0 76.3 313.6 76.4 313.1
  76.5 312.5 76.6 312.0 76.7 311.4 76.8 310.8 77.0 310.2 77.1 309.5 77.2 308.7
  77.3 308.0 77.4 307.1 77.5 306.3 77.6 305.4 77.7 304.4 77.8 303.3 77.9 302.2
  78.0 301.0 78.2 300.4 78.3 299.8 78.4 299.2 78.6 298.6 78.7 298.0 78.9 297.3
  79.0 296.6 79.1 295.9 79.3 295.0 79.4 294.2 79.6 293.2 79.7 292.2 79.8 291.1
  79.9 289.9 80.1 288.6 80.2 287.7 80.4 286.8 80.6 285.9 80.7 284.9 80.9 283.8
  81.1 282.7 81.2 281.4 81.4 280.1 81.5 278.7 81.7 277.1 81.9 275.3 82.0 273.4
  82.1 271.2 82.3 269.8 82.4 268.3 82.6 266.5 82.7 264.6 82.9 262.5 83.0 260.2
  83.1 257.6 83.2 254.8 83.3 251.7 83.4 248.3 83.5 244.5 83.6 240.4 83.6 236.0
  83.8 231.4 83.8 226.6 84.0 221.6 84.3 218.5 84.5 215.0 84.7 211.2 84.9 206.9
  85.1 202.3 85.3 197.4 85.4 192.3 85.6 186.9 85.8 181.1 85.9 175.0 86.0 168.6
  86.3 166.8 86.6 165.0 86.9 163.1 87.2 161.0 87.5 158.7 87.7 156.2 88.0 153.1
  88.2 149.2 88.6 143.8 88.9 135.3 89.2 121.9 89.6  90.6 89.8 309.7 89.4 289.0
  88.9 278.1 88.5 270.1 88.1 263.3 87.8 257.1 87.6 251.0 87.3 245.2 87.0 239.6
  86.7 234.5 86.3 230.3 85.9 226.8 85.6 219.8 85.3 213.4 84.9 207.7 84.5 202.7
  84.1 198.5 83.6 195.0 83.2 190.4 82.7 186.4 82.2 183.0 81.8 180.2 81.3 177.1
  80.9 174.5 80.4 172.2 79.9 170.3 79.5 168.4 79.1 166.7 78.8 165.1 78.4 163.6
  78.2 162.3 77.9 161.0 77.6 159.7 77.5 158.4 77.4 157.0 77.2 155.7 77.2 154.2
  77.1 152.8 77.0 151.3 77.1 149.8 77.2 148.4 77.2 146.9 77.4 145.5 77.6 144.0
  77.7 142.6 77.9 141.1 78.2 139.6 78.5 138.7 78.9 137.8 79.3 137.0 79.6 136.1
  80.0 135.3 80.3 134.4 80.7 134.6 81.1 134.8 81.4 135.1 81.7 135.6 82.0 136.3
  82.1 137.1 82.3 138.6 82.4 140.2 82.4 141.7 82.4 143.2 82.4 144.7 82.4 146.0
  82.2 147.2 82.1 148.3 81.9 149.3 81.7 151.2 81.4 153.0 81.1 154.3 80.8 155.2
  80.4 155.7 80.0 156.1 79.5 156.2 79.1 156.5 78.6 156.6 78.1 156.6 77.5 156.4
  76.9 156.3 76.3 156.1 75.7 155.8 75.1 155.4 74.5 155.0 74.0 154.6 73.4 153.9
  72.8 153.3 72.2 152.7 71.6 152.2 71.0 151.3 70.4 150.4 69.8 149.7 69.1 148.7
  68.5 147.9 67.9 147.0 67.4 146.0 66.9 145.0 66.4 144.1 65.8 143.1 65.4 142.1
  64.9 141.1 64.5 140.1 64.0 139.1 63.6 138.0 63.2 136.9 62.8 135.9 62.5 134.8
  62.2 133.7 61.8 132.6 61.5 131.5 61.2 130.3 61.0 129.2 60.7 128.1 60.4 127.0
  60.2 125.9 60.0 124.7 59.9 123.6
   9  6 82  0.0
  72.5 321.4 72.4 321.0 72.3 320.7 72.2 320.3 72.2 319.9 72.1 319.6 72.0 319.2
  72.0 318.9 72.0 318.2 71.9 317.6 71.9 317.0 71.9 316.4 71.9 315.8 72.0 315.2
  72.1 314.6 72.1 314.3 72.2 313.9 72.3 313.6 72.4 313.3 72.5 313.0 72.6 312.7
  72.7 312.4 72.8 312.1 72.9 311.8 73.1 311.5 73.2 311.3 73.4 311.0 73.5 310.7
  73.7 310.4 73.8 310.2 74.0 309.9 74.1 309.6 74.3 309.3 74.5 309.0 74.7 308.7
  74.8 308.4 75.0 308.0 75.1 307.6 75.3 307.1 75.4 306.7 75.6 306.2 75.7 305.6
  75.8 305.0 76.0 304.4 76.1 303.7 76.2 303.1 76.4 302.3 76.5 301.6 76.7 300.8
  76.8 300.0 77.0 299.2 77.1 298.3 77.2 297.4 77.4 296.5 77.5 295.6 77.6 294.6
  77.7 293.6 77.8 292.7 78.0 291.7 78.0 290.6 78.1 289.6 78.2 288.6 78.3 287.6
  78.4 286.6 78.5 285.6 78.6 284.6 78.7 283.7 78.8 282.7 78.9 281.8 79.0 280.9
  79.1 279.9 79.3 279.0 79.4 278.1 79.5 277.2 79.6 276.3 79.8 275.3 79.9 274.4
  80.1 273.5 80.3 272.7 80.5 271.8 80.8 270.8 81.0 269.9 81.2 268.8 81.4 267.7
  81.7 266.5 81.9 265.3 82.1 263.9 82.4 262.2 82.7 260.3 82.9 258.2 83.2 255.9
  83.4 253.4 83.7 250.6 83.9 247.4 84.1 243.7 84.4 240.5 84.7 236.7 85.0 232.4
  85.3 227.6 85.4 222.3 85.6 216.5 85.7 210.1 85.8 203.4 85.9 196.4 85.9 189.2
  85.9 182.1 85.8 175.3 85.7 168.9 85.6 163.2 85.5 158.0 85.3 153.6 85.1 149.9
  84.9 146.7 84.7 144.2 84.4 142.1 84.0 140.3 83.6 139.0 83.3 136.7 83.0 134.7
  82.6 133.0 82.2 131.6 81.7 130.4 81.2 128.7 80.8 127.1 80.3 125.7 79.8 124.4
  79.4 122.9 79.0 121.5 78.6 120.1 78.1 118.8 77.7 117.5 77.3 115.9 76.9 114.4
  76.5 112.9 76.1 111.5 75.7 110.1 75.4 108.6 75.1 107.0 74.7 105.4 74.4 103.9
  74.1 102.5 73.8 101.0 73.5  99.2 73.4  97.5 73.3  95.6 73.3  93.8 73.2  92.0
  73.1  90.2 73.1  88.4 73.0  86.6 73.0  84.9 73.0  83.1 73.1  81.2 73.1  79.4
  73.3  78.9 73.4  78.3 73.5  77.8 73.6  77.2 73.7  76.6 73.8  76.0 73.9  75.5
  74.0  74.9 74.1  74.5 74.2  74.2 74.3  73.8 74.3  73.4 74.3  73.0 74.3  72.6
  74.2  72.2 74.1  71.8 74.0  71.4 73.8  70.9 73.7  70.3 73.4  69.7 73.2  69.1
  72.9  68.5 72.6  67.9 72.2  67.3 71.7  66.7 71.3  66.0 70.9  65.2 70.5  64.5
  70.1  63.8 69.7  63.0 69.4  62.3 69.1  61.5 68.8  60.8 68.5  60.1 68.3  59.4
  68.0  58.8 67.7  58.1 67.4  57.5 67.1  56.9 66.8  56.2 66.5  55.6 66.2  55.0
  65.9  54.4 65.7  53.8 65.5  53.2 65.4  52.6 65.3  52.0 65.2  51.5 65.0  50.9
  64.8  50.3 64.6  49.7 64.4  49.2 64.3  48.6 64.2  48.0 64.1  47.4 63.9  46.8
  63.7  46.3 63.5  45.8 63.4  45.3 63.2  44.8 63.2  44.3 63.1  43.8 62.9  43.2
  62.7  42.7 62.6  42.1 62.4  41.6 62.2  41.0 62.1  40.4 62.0  39.8 61.8  39.4
  61.6  38.9 61.4  38.4 61.3  37.9 61.2  37.4 61.1  36.8 61.1  36.3 61.0  35.7
  60.8  35.2 60.6  34.7 60.4  34.1 60.2  33.6 60.1  33.0 59.9  32.5 59.7  32.1
  59.5  31.6 59.3  31.2 59.0  30.8
   9  7 82  0.0
  72.5 321.4 72.5 321.3 72.5 321.2 72.5 321.1 72.4 320.9 72.4 320.8 72.4 320.6
  72.3 320.4 72.3 320.1 72.2 319.9 72.1 319.6 72.0 319.4 72.0 319.1 71.9 318.4
  71.8 317.8 71.7 317.1 71.6 316.4 71.5 315.7 71.5 315.0 71.4 314.4 71.4 313.7
  71.4 313.0 71.3 312.4 71.3 311.8 71.3 311.2 71.4 310.6 71.4 310.0 71.5 309.4
  71.5 308.8 71.6 308.2 71.7 307.6 71.8 307.1 72.0 306.5 72.2 306.1 72.4 305.8
  72.5 305.5 72.7 305.1 72.9 304.8 73.2 304.4 73.4 304.1 73.6 303.8 73.8 303.4
  74.0 303.1 74.3 302.9 74.5 302.7 74.8 302.6 75.0 302.3 75.2 302.1 75.4 301.8
  75.6 301.6 75.8 301.3 76.0 300.9 76.1 300.6 76.3 300.2 76.5 299.9 76.7 299.5
  76.8 299.1 77.0 298.7 77.1 298.2 77.2 297.7 77.3 297.2 77.5 296.6 77.6 296.0
  77.7 295.4 77.8 294.8 77.9 294.2 78.1 293.5 78.2 292.9 78.4 292.3 78.5 291.7
  78.7 291.1 78.8 290.5 79.0 290.0 79.2 289.5 79.4 288.9 79.5 288.3 79.7 287.7
  79.9 287.0 80.1 286.3 80.3 285.4 80.5 284.4 80.7 283.4 81.0 282.3 81.2 281.1
  81.4 279.9 81.7 278.6 81.9 277.4 82.2 276.1 82.5 274.4 82.8 272.6 83.1 270.7
  83.4 268.7 83.7 266.6 83.9 264.4 84.2 262.1 84.5 258.8 84.8 255.2 85.0 251.2
  85.2 246.7 85.3 241.6 85.4 235.9 85.5 229.5 85.5 222.7 85.4 215.7 85.2 209.0
  85.1 202.6 84.8 196.8 84.6 191.6 84.2 187.1 83.9 183.1 83.6 179.2 83.2 175.8
  82.9 172.8 82.6 170.1 82.2 167.7 81.8 165.6 81.4 164.1 81.1 162.7 80.7 161.5
  80.3 160.3 79.9 159.2 79.6 158.5 79.2 157.7 78.8 157.0 78.5 156.2 78.0 155.5
  77.6 154.9 77.2 154.1 76.8 153.4 76.4 152.7 76.0 152.1 75.6 151.4 75.3 150.5
  74.9 149.7 74.5 148.9 74.2 148.2 73.8 147.5 73.5 146.6 73.3 145.8 73.0 145.1
  72.7 144.4 72.5 143.8 72.2 143.3 72.0 142.8 71.7 142.3 71.5 141.9 71.3 141.5
  71.0 141.1 70.8 140.8 70.6 140.5 70.4 140.2 70.2 140.0 70.0 139.7 69.8 139.4
  69.6 139.0 69.4 138.7 69.2 138.3 69.0 138.1 68.9 137.8 68.7 137.5 68.5 137.2
  68.3 136.9 68.1 136.7 68.0 136.4 67.8 136.0 67.7 135.7 67.5 135.4 67.3 135.1
  67.2 134.7 67.0 134.5 66.8 134.2 66.6 133.8 66.4 133.5 66.1 133.2 65.9 132.9
  65.6 132.5 65.3 132.0 65.0 131.6 64.7 131.1 64.4 130.7 64.0 130.2 63.6 129.7
  63.3 129.2 63.0 128.6 62.6 128.1 62.3 127.6 62.0 127.1 61.8 126.6 61.6 126.1
  61.3 125.6 61.1 125.1 60.9 124.6 60.6 124.1 60.4 123.6 60.2 123.1 60.0 122.6
  59.8 122.2 59.7 121.7 59.5 121.2 59.2 120.7 59.0 120.2 58.8 119.7 58.7 119.2
  58.5 118.7 58.3 118.2 58.1 117.7 57.9 117.2 57.7 116.5 57.5 115.9 57.4 115.3
  57.2 114.6 57.1 114.0 56.9 113.4 56.7 112.8 56.5 112.2 56.3 111.6 56.3 111.0
  56.1 110.3 56.0 109.8 55.9 109.2 55.8 108.5 55.6 107.8 55.5 107.1 55.4 106.5
  55.3 105.8 55.1 105.1 55.0 104.5 54.8 103.8 54.7 103.1 54.5 102.4 54.3 101.8
  54.1 101.2 54.0 100.5 53.8  99.9 53.6  99.2 53.5  98.5 53.3  97.9 53.2  97.2
  53.0  96.5 52.8  95.7 52.7  95.0
   9  8 82  0.0
  72.5 321.4 72.6 321.6 72.7 321.9 72.8 322.2 72.9 322.4 73.0 322.7 73.1 323.0
  73.2 323.3 73.3 323.6 73.4 323.9 73.5 324.3 73.6 324.6 73.7 325.0 73.8 325.4
  73.8 325.7 73.9 326.0 74.0 326.3 74.0 326.5 74.1 326.9 74.1 327.2 74.2 327.6
  74.2 327.8 74.2 328.0 74.3 328.2 74.3 328.3 74.4 328.4 74.4 328.5 74.5 328.6
  74.5 328.6 74.6 328.6 74.6 328.6 74.6 328.6 74.7 328.6 74.7 328.6 74.7 328.6
  74.8 328.5 74.8 328.4 74.8 328.4 74.9 328.3 74.9 328.2 74.9 328.1 74.9 328.0
  74.9 327.9 74.9 327.8 74.9 327.6 74.9 327.5 74.9 327.4 74.9 327.3 74.8 327.1
  74.8 327.0 74.8 326.9 74.8 326.8 74.8 326.7 74.7 326.6 74.7 326.5 74.7 326.4
  74.6 326.4 74.6 326.3 74.5 326.3 74.5 326.2 74.4 326.2 74.4 326.2 74.3 326.1
  74.3 326.1 74.2 326.1 74.2 326.1 74.2 326.1 74.1 326.1 74.1 326.1 74.1 326.1
  74.0 326.1 74.0 326.1 74.0 326.1 74.0 326.1 74.0 325.9 74.0 325.8 74.0 325.6
  74.0 325.5 74.0 325.4 74.0 325.3 74.0 325.2 74.0 325.1 74.0 325.0 74.0 325.0
  74.0 325.0 74.0 325.0 74.1 325.0 74.1 325.0 74.1 325.0 74.2 325.1 74.2 325.1
  74.3 325.1 74.3 325.1 74.4 325.2 74.4 325.2 74.5 325.2 74.6 325.3 74.6 325.3
  74.7 325.4 74.7 325.5 74.8 325.5 74.8 325.6 74.8 325.7 74.8 325.7 74.9 325.8
  74.9 325.9 74.9 325.9 74.9 326.0 74.9 326.1 74.8 326.2 74.8 326.2 74.8 326.2
  74.8 326.1 74.8 326.0 74.9 325.8 74.9 325.6 74.9 325.4 74.9 325.0 74.9 324.7
  75.0 324.3 75.0 323.8 75.0 323.2 75.1 322.7 75.1 322.2 75.1 321.6 75.1 321.0
  75.1 320.4 75.2 319.7 75.2 319.0 75.2 318.3 75.2 317.5 75.3 316.6 75.3 315.7
  75.3 314.7 75.4 313.7 75.4 312.7 75.5 311.6 75.6 310.5 75.7 309.4 75.8 308.3
  75.8 307.1 76.0 305.8 76.1 304.5 76.2 303.5 76.4 302.4 76.5 301.3 76.7 300.2
  76.8 299.0 77.0 297.9 77.1 296.7 77.3 295.5 77.5 294.2 77.8 292.9 78.0 291.5
  78.2 290.0 78.5 289.1 78.8 288.0 79.0 286.9 79.3 285.6 79.5 284.2 79.8 282.7
  80.0 280.9 80.2 279.0 80.5 277.4 80.8 275.6 81.1 273.5 81.4 271.1 81.6 268.4
  81.8 265.3 82.0 261.7 82.2 259.1 82.4 256.2 82.6 253.0 82.7 249.5 82.9 245.5
  83.0 241.2 83.1 236.4 83.2 231.4 83.3 226.2 83.4 220.9 83.5 215.6 83.6 210.3
  83.7 204.8 83.8 199.3 83.9 193.6 83.9 188.0 84.0 182.4 84.3 178.4 84.5 174.1
  84.7 169.6 85.0 164.9 85.2 159.7 85.5 154.3 85.8 148.3 86.1 142.2 86.5 140.1
  86.8 138.1 87.1 136.2 87.3 134.4 87.5 132.9 87.7 131.9 87.9 131.3 88.0 131.3
  88.1 132.1 88.3 133.7 88.4 136.4 88.4 139.5 88.5 143.1 88.6 147.3 88.6 151.8
  88.6 156.7 88.5 161.6 88.5 166.4 88.4 170.8 88.3 174.5 88.2 177.4 88.1 179.7
  87.9 181.5 87.8 182.9 87.6 184.1 87.4 184.9 87.2 185.6 87.0 186.1 86.7 186.5
  86.4 186.8 86.0 187.1 85.6 187.3 85.3 184.6 84.9 182.5 84.5 180.8 84.1 179.6
  83.6 178.8 83.2 176.9 82.7 175.5 82.3 174.5 81.7 173.8 81.3 172.0 80.7 170.6
  80.2 169.4 79.5 168.4 79.0 166.6
   9  9 82  0.0
  72.5 321.4 72.5 321.4 72.6 321.5 72.6 321.6 72.7 321.6 72.8 321.7 72.8 321.8
  72.9 321.9 73.0 322.0 73.1 322.2 73.2 322.3 73.4 322.4 73.5 322.6 73.6 322.7
  73.8 322.9 73.9 323.1 74.0 323.3 74.2 323.6 74.3 324.0 74.5 324.4 74.6 324.8
  74.7 325.3 74.8 325.7 74.9 326.1 75.0 326.6 75.2 327.1 75.3 327.6 75.4 328.0
  75.5 328.6 75.6 329.1 75.7 329.6 75.8 330.1 75.9 330.7 76.0 331.2 76.1 331.6
  76.3 332.1 76.4 332.6 76.6 333.1 76.7 333.5 76.9 333.9 77.0 334.3 77.2 334.7
  77.3 335.0 77.5 335.3 77.6 335.6 77.8 335.8 77.9 336.0 78.0 336.2 78.1 336.0
  78.3 335.7 78.4 335.5 78.5 335.3 78.6 335.1 78.8 334.9 78.9 334.8 79.0 334.7
  79.1 334.6 79.2 334.6 79.3 334.6 79.4 334.6 79.5 334.6 79.6 334.7 79.7 334.8
  79.8 334.8 79.9 335.0 79.9 335.1 80.0 335.2 80.1 334.9 80.2 334.6 80.3 334.4
  80.3 334.2 80.4 334.0 80.5 333.9 80.5 333.8 80.6 333.7 80.6 333.6 80.7 333.5
  80.7 333.4 80.7 333.3 80.7 333.1 80.7 333.0 80.7 332.9 80.7 332.7 80.7 332.6
  80.7 332.4 80.6 332.3 80.5 332.1 80.5 331.9 80.4 331.7 80.4 331.5 80.3 331.2
  80.3 330.9 80.2 330.7 80.1 330.4 80.0 330.1 79.9 329.9 79.8 329.8 79.7 329.6
  79.6 329.4 79.5 329.2 79.4 329.0 79.3 328.8 79.2 328.6 79.1 328.3 79.0 328.1
  78.8 327.8 78.8 327.5 78.7 327.2 78.6 326.8 78.5 326.5 78.4 326.1 78.4 325.7
  78.3 325.4 78.2 325.0 78.2 324.6 78.1 324.2 78.0 323.9 78.0 323.5 78.0 323.3
  77.9 323.2 77.9 323.0 77.9 322.9 77.9 322.7 77.8 322.5 77.8 322.3 77.8 322.1
  77.8 322.0 77.7 321.8 77.7 321.6 77.7 321.4 77.6 321.2 77.6 320.9 77.6 320.7
  77.6 320.5 77.5 320.3 77.5 320.0 77.5 319.6 77.5 319.2 77.6 318.8 77.6 318.3
  77.6 317.8 77.6 317.3 77.6 316.7 77.6 316.0 77.7 315.4 77.7 314.6 77.8 313.9
  77.8 313.2 77.8 312.5 77.9 311.8 77.9 311.0 77.9 310.2 78.0 309.4 78.0 308.5
  78.0 307.5 78.0 307.2 78.1 306.9 78.1 306.6 78.1 306.3 78.2 306.0 78.2 305.6
  78.3 305.2 78.3 304.8 78.3 304.4 78.4 303.9 78.5 303.5 78.6 302.9 78.7 302.4
  78.8 301.8 78.9 301.1 78.9 300.5 79.0 299.8 79.1 299.2 79.2 298.5 79.4 297.9
  79.5 297.3 79.6 296.6 79.6 296.0 79.8 295.3 79.9 294.6 80.0 293.9 80.2 293.7
  80.3 293.4 80.4 293.2 80.5 292.8 80.6 292.4 80.7 292.0 80.9 291.4 81.0 290.9
  81.1 290.2 81.2 289.4 81.3 288.6 81.4 287.6 81.5 286.5 81.6 285.3 81.7 284.0
  81.8 282.5 81.9 280.7 82.0 278.8 82.3 277.5 82.5 275.9 82.7 274.1 82.9 272.1
  83.1 269.7 83.3 267.0 83.4 263.8 83.6 260.1 83.7 256.0 83.7 251.3 83.7 246.0
  83.7 240.1 83.6 233.7 83.6 227.1 83.6 220.4 83.5 213.8 83.4 207.4 83.3 201.1
  83.2 195.0 83.1 189.4 83.1 184.3 83.1 179.6 83.1 175.1 83.1 171.0 83.1 167.1
  83.1 163.3 83.1 159.8 83.2 156.2 83.2 152.6 83.2 148.9 83.3 145.2 83.4 141.5
  83.5 137.8 83.6 134.1 83.7 130.4 83.8 126.8 83.9 123.2 84.1 119.6 84.2 117.9
  84.4 116.1 84.5 114.3 84.7 112.6
   9 10 82  0.0
  72.5 321.4 72.6 321.2 72.7 321.1 72.9 320.9 73.0 320.7 73.1 320.6 73.3 320.4
  73.4 320.2 73.5 320.0 73.7 319.8 73.9 319.6 74.1 319.4 74.3 319.0 74.5 318.6
  74.7 318.2 74.9 318.0 75.1 317.7 75.3 317.5 75.5 317.4 75.7 317.3 75.9 317.3
  76.1 317.3 76.4 317.1 76.6 316.9 76.8 316.8 77.0 316.7 77.2 316.7 77.4 316.6
  77.6 316.5 77.9 316.5 78.1 316.5 78.3 315.8 78.6 315.1 78.9 314.3 79.1 313.4
  79.3 312.5 79.5 311.4 79.8 310.3 80.0 309.1 80.1 307.9 80.4 305.8 80.6 303.7
  80.8 301.5 81.0 299.2 81.2 296.8 81.4 294.3 81.5 291.6 81.7 288.9 81.8 286.0
  81.9 282.9 82.0 279.8 82.2 275.9 82.3 271.8 82.3 267.7 82.4 263.4 82.4 259.0
  82.4 254.6 82.3 250.2 82.2 245.9 82.1 241.7 82.0 237.7 81.9 234.7 81.8 231.8
  81.7 229.0 81.5 226.2 81.4 223.5 81.3 220.9 81.1 218.2 81.0 215.4 80.8 212.6
  80.7 209.8 80.5 207.0 80.4 204.1 80.2 201.2 80.0 198.3 79.9 195.4 79.7 192.8
  79.6 190.1 79.5 187.4 79.3 184.6 79.2 181.7 79.1 178.7 78.9 175.6 78.7 172.4
  78.4 169.1 78.2 165.7 78.0 162.4 77.8 159.4 77.6 156.4 77.4 153.4 77.3 150.5
  77.2 147.7 77.1 144.9 77.0 142.3 76.9 139.6 76.9 137.0 76.9 134.4 76.9 132.0
  77.0 129.7 77.0 127.5 77.1 125.3 77.1 123.3 77.2 121.2 77.3 119.3 77.4 117.3
  77.5 115.4 77.6 113.5 77.8 111.6 78.0 109.7 78.2 107.8 78.4 105.6 78.6 103.3
  78.9 101.0 79.1  98.6 79.4  96.2 79.7  93.7 79.9  91.1 80.1  88.5 80.4  86.0
  80.6  83.4 80.8  80.8 81.0  78.2 81.2  77.8 81.4  77.4 81.6  77.0 81.8  76.6
  82.0  76.2 82.4  75.9 82.7  75.6 83.0  75.2 83.3  74.9 83.6  74.6 83.9  74.3
  84.2  73.9 84.6  73.7 85.0  73.5 85.3  73.3 85.6  73.1 85.9  72.9 86.1  72.7
  86.4  72.6 86.8  72.5 87.0  72.5 87.3  72.4 87.5  72.3 87.6  72.3 87.8  72.2
  87.9  72.1 88.1  72.0 88.2  71.9 88.4  71.8 88.5  71.7 88.6  71.6 88.7  71.5
  88.8  71.4 88.9  71.3 88.9  71.2 89.0  71.1 89.0  71.0 89.0  70.8 89.0  70.7
  89.1  70.6 89.1  70.5 89.1  70.4 89.1  70.3 89.1  70.2 89.2  70.1 89.2  70.0
  89.2  69.9 89.2  69.8 89.3  69.7 89.3  69.5 89.3  69.4 89.4  69.2 89.4  69.1
  89.5  68.9 89.5  68.7 89.5  68.4 89.6  68.2 89.6  67.9 89.7  67.7 89.7  67.4
  89.7  67.1 89.7  66.8 89.7  66.5 89.7  66.3 89.7  66.0 89.7  65.7 89.7  65.5
  89.7  65.2 89.7  65.0 89.7  64.7 89.7  64.5 89.6  64.3 89.6  64.0 89.6  63.9
  89.6  63.7 89.5  63.5 89.5  63.4 89.5  63.3 89.5  63.2 89.5  63.1 89.5  63.1
  89.6  63.0 89.6  63.0 89.6  63.0 89.7  63.0 89.7  63.0 89.7  63.0 89.7  63.1
  89.8  63.1 89.8  63.1 89.8  63.1 89.8  63.1 89.9  63.1 89.9  63.1 89.9  63.1
  90.0  63.1 90.0 243.1 89.6 256.4 89.5 268.3 89.3 277.0 89.0 283.5 88.8 288.3
  88.6 291.8 88.4 294.4 88.2 296.4 88.0 297.9 87.8 298.8 87.6 299.7 87.4 300.2
  87.2 300.3 87.0 300.0 86.7 299.6 86.4 298.9 86.1 298.1 85.8 297.2 85.6 295.8
  85.4 294.2 85.3 292.5 85.1 290.7
   9 11 82  0.0
  72.5 321.4 72.7 320.7 72.8 320.1 73.0 319.6 73.2 319.1 73.3 318.6 73.5 318.2
  73.6 317.9 73.8 317.6 73.9 317.3 74.0 317.1 74.1 316.7 74.3 316.2 74.4 315.9
  74.5 315.5 74.6 315.2 74.8 314.8 74.9 314.5 75.1 314.1 75.2 313.8 75.4 313.5
  75.6 313.2 75.8 312.9 76.0 312.7 76.3 311.8 76.5 311.0 76.7 310.2 76.9 309.4
  77.1 308.5 77.3 307.7 77.6 306.9 77.8 306.0 78.0 305.1 78.3 303.8 78.6 302.5
  78.8 301.2 79.1 299.7 79.4 298.2 79.6 296.7 79.9 295.1 80.1 293.5 80.3 291.8
  80.5 289.9 80.7 288.1 80.9 286.1 81.1 284.0 81.2 281.9 81.3 279.7 81.4 277.5
  81.4 275.3 81.5 273.1 81.5 271.0 81.6 268.9 81.6 266.8 81.7 264.7 81.7 262.6
  81.7 260.6 81.8 258.6 81.8 256.6 81.9 254.6 82.0 252.8 82.0 251.0 82.1 248.5
  82.1 246.0 82.2 243.5 82.2 240.9 82.3 238.3 82.3 235.7 82.3 233.0 82.4 230.2
  82.4 227.4 82.4 224.5 82.4 221.5 82.4 218.6 82.4 215.6 82.5 212.6 82.5 209.6
  82.5 206.6 82.5 203.6 82.5 200.6 82.5 197.6 82.6 194.6 82.6 191.5 82.7 188.5
  82.8 185.4 83.0 182.2 83.2 178.9 83.3 175.4 83.5 171.7 83.6 167.7 83.8 163.5
  83.9 159.0 84.0 154.2 84.2 149.1 84.3 143.9 84.3 138.6 84.2 133.4 84.2 128.2
  84.2 123.4 84.1 119.0 84.0 114.8 83.9 110.9 83.9 106.8 83.8 102.9 83.8  99.3
  83.7  95.9 83.7  92.6 83.7  89.5 83.6  86.5 83.6  83.6 83.6  80.8 83.6  78.0
  83.6  77.7 83.6  77.4 83.6  77.1 83.6  76.7 83.6  76.4 83.6  76.1 83.7  75.7
  83.7  75.4 83.7  75.1 83.7  74.7 83.8  74.4 83.8  74.0 83.9  73.7 83.9  73.4
  84.0  73.0 84.1  72.8 84.2  72.5 84.4  72.2 84.5  72.0 84.6  71.8 84.8  71.6
  84.9  71.4 85.1  71.2 85.2  71.0 85.4  70.8 85.5  70.6 85.7  70.4 85.8  70.2
  86.0  70.0 86.2  69.8 86.4  69.8 86.7  69.8 86.9  69.8 87.1  69.8 87.3  69.7
  87.5  69.7 87.6  69.7 87.8  69.6 87.9  69.6 88.1  69.5 88.2  69.5 88.4  69.4
  88.5  69.4 88.6  69.3 88.7  69.2 88.8  69.1 88.9  69.1 88.9  69.0 89.0  68.9
  89.0  68.8 89.0  68.7 89.0  68.6 89.0  68.6 89.0  68.5 89.0  68.4 89.0  68.3
  89.0  68.2 89.0  68.1 89.0  68.0 89.0  67.9 89.0  67.8 89.0  67.6 89.0  67.5
  89.1  67.4 89.1  67.3 89.1  67.1 89.1  67.0 89.1  66.8 89.1  66.7 89.1  66.6
  89.1  66.4 89.1  66.3 89.1  66.1 89.1  66.0 89.1  65.8 89.1  65.7 89.2  65.6
  89.2  65.4 89.2  65.3 89.2  65.2 89.3  65.0 89.3  64.9 89.3  64.8 89.3  64.6
  89.4  64.5 89.4  64.3 89.4  64.1 89.5  63.8 89.5  63.6 89.5  63.4 89.5  63.1
  89.6  62.8 89.6  62.5 89.6  62.2 89.6  61.9 89.6  61.6 89.6  61.3 89.6  61.0
  89.6  60.7 89.6  60.4 89.6  60.2 89.5  59.9 89.5  59.6 89.4  59.4 89.3  59.1
  89.2  58.9 89.2  58.7 89.1  58.5 89.1  58.3 89.1  58.1 89.1  58.0 89.1  57.8
  89.1  57.7 89.2  57.6 89.2  57.6 89.3  57.5 89.3  57.5 89.3  57.4 89.4  57.4
  89.4  57.4 89.4  57.4 89.5  57.4 89.5  57.4 89.5  57.4 89.5  57.3 89.6  57.3
  89.6  57.3 89.6  57.3 89.6  57.3
   9 12 82  0.0
  72.5 321.4 72.7 321.0 72.9 320.5 73.1 320.1 73.4 319.7 73.6 319.2 73.9 318.8
  74.1 318.4 74.4 317.8 74.6 317.2 74.8 316.6 75.1 316.0 75.3 315.4 75.6 314.7
  75.8 314.0 76.0 313.3 76.3 312.3 76.5 311.1 76.7 309.9 76.9 308.6 77.0 307.2
  77.2 305.7 77.4 304.2 77.5 302.5 77.7 300.8 77.8 298.9 78.0 297.1 78.1 295.4
  78.3 293.4 78.5 291.4 78.7 289.5 78.9 287.6 79.1 285.7 79.3 284.0 79.6 282.3
  79.8 280.7 80.0 279.3 80.5 277.6 80.9 275.8 81.2 274.0 81.6 272.2 81.9 270.3
  82.3 268.5 82.7 266.0 83.0 263.6 83.4 261.1 83.8 258.8 84.1 256.5 84.6 253.4
  85.1 250.2 85.5 246.6 85.9 242.6 86.2 238.0 86.7 231.1 87.1 222.6 87.4 212.2
  87.6 199.7 87.6 185.6 87.6 171.0 87.4 157.4 87.1 146.0 86.6 137.6 86.0 131.5
  85.3 127.0 84.7 122.8 84.0 119.6 83.2 117.0 82.5 114.1 81.7 111.8 81.0 109.6
  80.2 107.9 79.2 106.4 78.3 105.3 77.3 104.5 76.4 103.6 75.5 102.9 74.6 102.0
  73.7 101.3 72.9 100.5 72.2  99.9 71.3  99.3 70.5  98.6 69.6  97.9 68.8  97.2
  68.0  96.5 67.2  95.6 66.4  94.6 65.6  93.7 65.0  92.7 64.3  91.7 63.8  90.7
  63.3  89.7 62.8  88.7 62.3  87.8 61.8  86.8 61.3  85.9 60.7  85.1 60.2  84.2
  59.7  83.4 59.1  82.5 58.5  81.5 57.9  80.6 57.4  79.5 56.8  78.8 56.3  78.2
  55.8  77.5 55.4  76.8 55.0  76.0 54.7  75.2 54.4  74.4 54.2  73.5 54.1  72.6
  53.9  71.7 53.7  71.2 53.6  70.6 53.4  70.0 53.2  69.4 53.0  68.8 52.9  68.1
  52.7  67.4 52.5  66.7 52.2  65.9 52.0  65.2 51.8  64.7 51.7  64.3 51.5  63.9
  51.4  63.4 51.3  63.0 51.2  62.6 51.2  62.2 51.1  61.9 51.0  61.5 51.0  61.1
  50.9  60.8 50.9  60.5 50.8  60.1 50.8  59.8 50.7  59.5 50.7  59.2 50.6  58.9
  50.6  58.6 50.5  58.3 50.5  58.0 50.5  57.8 50.5  57.5 50.5  57.3 50.4  57.1
  50.4  56.8 50.4  56.6 50.4  56.3 50.3  56.1 50.3  55.8 50.3  55.6 50.2  55.4
  50.2  55.1 50.1  54.9 50.1  54.6 50.0  54.4 50.0  54.1 49.9  54.0 49.9  53.9
  49.8  53.8 49.8  53.7 49.7  53.6 49.7  53.5 49.6  53.4 49.6  53.3 49.5  53.2
  49.5  53.1 49.4  53.0 49.4  52.9 49.3  52.9 49.3  52.8 49.2  52.7 49.2  52.6
  49.2  52.6 49.1  52.5 49.1  52.4 49.0  52.4 49.0  52.3 48.9  52.3 48.9  52.2
  48.8  52.2 48.8  52.2 48.8  52.1 48.7  52.1 48.7  52.1 48.7  52.1 48.6  52.2
  48.6  52.2 48.6  52.3 48.5  52.3 48.5  52.4 48.5  52.5 48.5  52.6 48.4  52.7
  48.4  52.8 48.4  52.9 48.4  53.1 48.3  53.2 48.3  53.3 48.3  53.5 48.3  53.7
  48.2  53.8 48.2  54.0 48.2  54.2 48.2  54.4 48.2  54.6 48.2  54.8 48.2  55.0
  48.2  55.2 48.3  55.4 48.3  55.6 48.3  55.7 48.4  55.9 48.4  56.1 48.5  56.3
  48.6  56.5 48.7  56.7 48.8  56.9 48.9  57.1 48.9  57.3 49.0  57.5 49.1  57.7
  49.2  57.9 49.3  58.2 49.3  58.4 49.4  58.6 49.5  58.8 49.6  59.0 49.7  59.3
  49.8  59.5 49.9  59.7 49.9  59.9 50.0  60.1 50.2  60.3 50.4  60.5 50.6  60.7
  50.8  60.9 51.0  61.0 51.1  61.2
   9 13 82  0.0
  72.5 321.4 72.7 320.6 73.0 319.9 73.1 319.1 73.2 318.3 73.4 317.5 73.5 316.7
  73.7 315.9 73.7 315.1 73.9 314.2 74.0 313.4 74.1 312.5 74.3 311.3 74.4 310.0
  74.5 308.7 74.7 307.4 74.8 306.0 74.9 304.6 75.0 303.1 75.0 301.7 75.1 300.2
  75.2 298.8 75.2 297.3 75.2 295.9 75.2 294.5 75.2 293.0 75.1 291.5 75.1 290.0
  75.0 288.5 75.0 286.9 74.9 285.5 74.9 284.0 74.8 282.5 74.8 281.1 74.8 279.8
  74.8 278.4 74.9 277.1 75.0 275.8 75.1 274.5 75.2 273.3 75.3 272.1 75.5 271.0
  75.6 269.9 75.8 269.0 76.0 268.0 76.1 267.2 76.4 265.7 76.6 264.3 76.9 262.9
  77.2 261.7 77.5 260.5 77.8 259.4 78.1 258.5 78.4 256.5 78.7 254.7 79.0 253.2
  79.2 251.9 79.5 250.9 79.8 250.1 80.1 249.5 80.4 247.8 80.7 246.2 81.0 244.6
  81.3 243.2 81.6 241.8 81.9 240.4 82.2 239.2 82.6 236.4 83.0 233.6 83.4 230.8
  83.7 228.1 84.1 225.4 84.5 220.0 84.8 214.2 85.1 208.0 85.3 201.3 85.5 194.1
  85.6 186.6 85.6 178.9 85.5 171.1 85.4 163.4 85.1 156.1 84.9 149.1 84.5 142.8
  84.0 137.3 83.4 132.3 82.9 127.9 82.0 124.1 81.2 121.1 80.4 118.0 79.5 115.5
  78.6 113.3 77.7 111.4 76.8 110.0 75.9 108.8 75.1 107.9 74.2 107.1 73.3 106.4
  72.5 105.6 71.8 104.9 71.2 104.0 70.5 103.1 69.8 102.2 69.1 101.4 68.5 100.5
  67.8  99.7 67.1  98.9 66.3  98.1 65.6  97.3 64.9  96.3 64.2  95.4 63.6  94.4
  63.0  93.5 62.5  92.5 62.0  91.5 61.5  90.6 61.0  89.6 60.6  88.7 60.2  87.8
  59.7  86.9 59.2  86.1 58.7  85.2 58.3  84.4 57.8  83.5 57.3  82.6 56.9  81.6
  56.5  80.6 56.1  79.6 55.6  78.9 55.2  78.4 54.9  77.7 54.6  77.1 54.3  76.4
  54.1  75.6 53.9  74.8 53.8  74.3 53.7  73.8 53.6  73.3 53.5  72.9 53.4  72.4
  53.3  72.0 53.2  71.6 53.1  71.2 52.9  70.8 52.7  70.5 52.6  70.1 52.5  69.7
  52.4  69.3 52.3  68.8 52.3  68.4 52.2  68.0 52.1  67.5 52.0  67.1 51.9  67.0
  51.8  66.8 51.8  66.7 51.8  66.5 51.8  66.4 51.8  66.3 51.8  66.2 51.7  66.1
  51.7  66.1 51.7  66.0 51.7  66.0 51.7  65.9 51.7  65.9 51.7  65.9 51.7  65.9
  51.7  66.0 51.6  66.0 51.6  66.0 51.6  66.1 51.6  66.1 51.5  66.2 51.5  66.2
  51.5  66.2 51.4  66.2 51.4  66.2 51.3  66.2 51.2  66.2 51.2  66.2 51.1  66.2
  51.0  66.2 50.9  66.3 50.9  66.3 50.8  66.3 50.7  66.3 50.6  66.4 50.6  66.4
  50.5  66.5 50.4  66.6 50.3  66.6 50.3  66.7 50.2  66.8 50.1  66.9 50.0  67.0
  50.0  67.1 49.9  67.3 49.8  67.5 49.7  67.7 49.7  67.9 49.6  68.1 49.6  68.3
  49.7  68.6 49.8  68.8 49.9  69.0 49.9  69.2 50.0  69.4 50.2  69.6 50.3  69.7
  50.4  69.9 50.6  70.1 50.7  70.3 50.9  70.5 51.0  70.7 51.2  70.9 51.4  71.1
  51.6  71.3 51.8  71.5 52.0  71.8 52.2  72.0 52.4  72.2 52.7  72.3 53.1  72.5
  53.4  72.7 53.7  72.9 54.0  73.2 54.3  73.4 54.6  73.4 54.9  73.5 55.1  73.6
  55.4  73.7 55.7  73.8 55.9  73.9 56.1  74.0 56.4  73.9 56.6  73.8 56.9  73.7
  57.1  73.7 57.3  73.6 57.5  73.6
   9 14 82  0.0
  72.5 321.4 72.2 320.8 72.0 320.3 71.8 319.8 71.5 319.5 71.2 319.3 71.0 319.1
  70.7 318.9 70.4 318.6 70.1 318.4 69.8 318.2 69.6 317.9 69.3 317.7 69.0 317.4
  68.8 317.1 68.5 316.8 68.3 316.5 68.2 316.2 68.0 315.8 67.8 315.4 67.6 314.8
  67.5 314.1 67.4 313.5 67.3 312.8 67.2 312.1 67.2 311.3 67.0 310.6 67.0 309.8
  66.9 309.1 66.9 308.3 66.9 307.6 66.9 306.9 66.9 306.1 66.9 305.4 67.0 304.6
  67.1 303.9 67.2 303.1 67.3 302.3 67.4 301.5 67.5 300.7 67.6 300.0 67.5 299.3
  67.5 298.6 67.5 298.0 67.4 297.5 67.4 297.1 67.5 296.7 67.5 296.4 67.5 296.1
  67.6 296.0 67.7 295.8 67.7 295.7 67.8 295.5 67.8 295.4 67.8 295.4 67.7 295.3
  67.6 295.3 67.5 295.2 67.4 295.2 67.2 295.3 67.0 295.3 66.7 295.4 66.5 295.4
  66.2 295.4 66.0 295.3 65.8 294.9 65.5 294.5 65.3 294.1 65.1 293.7 64.9 293.3
  64.7 292.8 64.4 292.3 64.2 291.9 63.9 291.4 63.7 290.8 63.4 290.2 63.2 289.7
  63.0 289.2 62.8 288.7 62.7 288.3 62.5 287.8 62.5 287.5 62.4 287.1 62.3 286.8
  62.3 286.6 62.2 286.4 62.2 286.1 62.1 285.9 62.0 285.6 62.0 285.3 61.9 284.9
  61.8 284.4 61.7 283.9 61.7 283.3 61.7 282.7 61.7 282.1 61.6 281.4 61.5 280.7
  61.5 280.1 61.4 279.4 61.5 278.6 61.5 277.8 61.6 277.0 61.6 276.2 61.7 275.3
  61.7 274.3 61.8 273.3 61.8 272.2 61.8 271.1 61.7 269.9 61.7 268.7 61.7 267.4
  61.8 266.2 61.8 265.0 61.8 263.7 61.9 262.4 61.9 261.1 61.9 259.8 61.9 258.5
  61.9 257.2 61.8 256.0 61.7 254.8 61.7 253.6 61.6 252.5 61.5 251.3 61.5 250.3
  61.4 249.2 61.4 248.2 61.3 247.2 61.3 246.2 61.3 245.3 61.3 244.3 61.3 243.4
  61.3 242.6 61.3 241.7 61.2 241.0 61.2 240.3 61.1 239.7 61.1 239.1 61.0 238.5
  60.9 238.1 60.8 237.6 60.7 237.2 60.6 236.9 60.5 236.6 60.3 236.3 60.1 236.0
  59.9 235.8 59.7 235.0 59.6 234.2 59.4 233.5 59.2 232.8 59.0 232.1 58.7 231.4
  58.5 230.8 58.2 230.1 58.0 229.5 57.7 228.3 57.4 227.2 57.0 226.2 56.5 225.3
  56.0 224.5 55.5 223.8 54.9 222.5 54.2 221.3 53.6 220.2 53.0 218.4 52.4 216.6
  51.9 214.9 51.5 212.8 51.1 210.6 50.7 208.5 50.3 206.4 50.2 204.3 50.0 202.2
  50.0 199.9 50.3 197.9 50.6 195.8 51.0 193.7 51.4 191.6 51.9 189.6 52.3 187.5
  52.8 185.9 53.2 184.3 53.7 182.7 54.1 181.1 54.6 179.9 55.0 178.7 55.4 177.5
  55.9 176.3 56.4 175.1 56.8 174.3 57.2 173.5 57.6 172.7 58.0 171.9 58.2 171.1
  58.5 170.6 58.8 170.1 59.1 169.6 59.3 169.1 59.6 168.6 59.9 168.1 60.2 167.5
  60.4 167.2 60.5 166.9 60.7 166.5 60.9 166.2 61.0 165.8 61.1 165.5 61.2 165.1
  61.3 164.8 61.4 164.5 61.5 164.1 61.5 163.8 61.5 163.6 61.5 163.3 61.5 163.0
  61.5 162.7 61.5 162.5 61.5 162.3 61.5 162.0 61.4 161.8 61.4 161.6 61.4 161.4
  61.3 161.2 61.2 161.1 61.2 160.9 61.1 160.8 61.0 160.6 60.9 160.5 60.8 160.4
  60.7 160.3 60.5 160.2 60.4 160.1 60.2 160.0 59.9 160.0 59.9 159.6 59.7 159.2
  59.6 158.9 59.4 158.6 59.2 158.3
   9 15 82  0.0
  72.5 321.4 72.2 321.5 72.0 321.6 71.8 321.7 71.5 321.8 71.3 321.8 71.0 321.9
  70.8 321.9 70.5 321.9 70.3 321.9 70.0 321.9 69.8 321.9 69.5 321.8 69.3 321.7
  69.1 321.6 68.8 321.5 68.6 321.4 68.4 321.3 68.1 321.1 67.9 321.0 67.7 320.7
  67.5 320.4 67.3 320.1 67.0 319.8 66.8 319.5 66.5 319.2 66.3 318.9 66.0 318.5
  65.8 318.1 65.6 317.4 65.4 316.6 65.3 315.7 65.0 314.9 64.8 313.9 64.5 313.0
  64.3 311.9 64.0 310.9 63.8 309.8 63.6 308.2 63.4 306.5 63.2 304.8 63.0 303.0
  62.7 301.2 62.5 299.3 62.2 297.3 61.8 295.4 61.4 293.0 61.0 290.6 60.6 288.1
  60.2 285.4 59.8 282.7 59.5 280.0 59.1 277.4 58.6 275.0 58.2 272.7 57.7 270.6
  57.3 268.5 57.0 266.5 56.7 264.5 56.4 262.5 56.1 260.6 55.9 258.9 55.7 257.3
  55.6 255.9 55.6 254.4 55.7 253.0 55.9 251.7 56.1 250.4 56.4 249.2 56.8 248.1
  57.2 247.1 57.6 246.0 58.0 245.0 58.5 244.0 58.9 243.4 59.3 242.9 59.8 242.4
  60.3 241.9 60.8 241.8 61.3 241.8 61.7 241.8 62.2 241.8 62.6 242.1 63.0 242.5
  63.4 243.0 63.7 243.4 63.9 243.9 64.1 244.5 64.2 245.0 64.3 245.5 64.3 246.1
  64.4 246.5 64.4 247.0 64.4 247.4 64.4 247.7 64.3 248.0 64.3 248.2 64.1 248.4
  64.0 248.5 63.8 248.8 63.7 249.1 63.6 249.3 63.4 249.5 63.3 249.6 63.2 249.6
  63.0 249.6 62.9 249.5 62.7 249.4 62.6 249.3 62.4 249.1 62.2 248.9 62.1 248.6
  61.9 248.4 61.7 248.1 61.6 247.8 61.4 247.4 61.3 247.1 61.1 246.8 60.9 246.4
  60.7 246.1 60.5 245.7 60.3 245.3 60.1 244.9 59.9 244.5 59.7 244.1 59.5 243.6
  59.3 243.1 59.0 242.6 58.7 242.1 58.5 241.6 58.1 241.1 57.8 240.6 57.4 240.0
  57.0 239.4 56.5 238.9 56.1 238.4 55.5 237.9 55.0 237.2 54.5 236.6 54.0 235.9
  53.4 235.1 52.8 234.2 52.2 233.4 51.6 232.6 50.9 231.5 50.2 230.5 49.4 229.5
  48.7 228.2 48.1 226.9 47.4 225.6 46.9 224.0 46.3 222.5 46.0 220.8 45.6 219.3
  45.3 217.7 45.0 216.1 44.7 214.3 44.5 212.5 44.4 210.6 44.4 208.8 44.5 207.1
  44.7 205.5 45.0 203.9 45.3 202.5 45.7 201.0 46.0 199.7 46.4 198.2 46.8 196.7
  47.2 195.3 47.5 193.9 47.8 192.6 48.2 191.3 48.4 189.7 48.6 188.2 48.8 186.7
  49.0 185.2 49.2 183.8 49.3 182.5 49.4 181.3 49.6 180.1 49.8 179.0 49.8 177.9
  49.9 176.9 50.0 175.9 49.9 174.9 49.8 173.9 49.7 173.0 49.7 172.0 49.6 171.1
  49.3 170.3 49.1 169.4 48.9 168.6 48.6 167.8 48.1 167.1 47.6 166.4 47.0 165.7
  46.5 165.0 46.0 164.3 45.5 163.6 44.8 163.0 44.2 162.3 43.5 161.7 42.9 161.2
  42.3 160.7 41.7 160.2 41.2 159.7 40.8 159.2 40.4 158.7 40.0 158.1 39.6 157.6
  39.2 157.0 38.7 156.4 38.3 155.8 38.1 155.2 37.9 154.6 37.7 154.0 37.5 153.4
  37.3 152.7 37.0 152.1 36.8 151.4 36.8 150.7 36.9 150.1 36.9 149.5 36.9 148.9
  36.8 148.3 36.8 147.7 36.9 147.1 37.1 146.5 37.2 146.0 37.4 145.5 37.5 144.9
  37.6 144.4 37.7 143.9 37.8 143.4 37.9 142.9 38.0 142.5 38.1 142.0 38.2 141.6
  38.2 141.2 38.3 140.8 38.4 140.4
   9 16 82  0.0
  72.5 321.4 72.4 321.5 72.2 321.6 72.1 321.7 72.0 321.7 71.8 322.3 71.6 322.8
  71.5 323.3 71.3 323.6 71.0 323.9 70.8 324.1 70.5 324.3 70.2 324.4 69.8 324.4
  69.5 324.9 69.2 325.2 68.8 325.5 68.5 325.8 68.1 325.9 67.8 326.0 67.4 325.9
  67.1 325.7 66.8 325.3 66.5 324.9 66.3 324.4 66.0 323.9 65.7 323.4 65.4 322.4
  65.1 321.5 64.8 320.7 64.5 319.9 64.2 319.1 63.9 318.4 63.7 317.0 63.5 315.5
  63.3 314.1 63.0 312.6 62.8 311.0 62.6 309.4 62.3 307.8 62.0 306.2 61.8 304.5
  61.6 302.3 61.4 300.0 61.2 297.8 61.0 295.6 60.7 293.4 60.4 291.2 60.0 289.1
  59.7 286.9 59.3 284.5 59.0 282.1 58.7 279.8 58.5 277.7 58.2 275.6 58.1 273.7
  57.9 272.0 57.8 270.4 57.7 268.9 57.5 267.5 57.5 266.1 57.4 264.9 57.4 263.7
  57.5 262.5 57.7 261.5 57.8 260.5 58.0 259.6 58.3 258.7 58.5 257.8 58.8 257.0
  59.1 256.1 59.4 255.4 59.7 254.6 60.1 253.9 60.5 253.2 60.9 252.6 61.3 252.1
  61.8 251.5 62.3 251.1 62.9 250.7 63.5 250.3 64.1 250.0 64.7 249.7 65.2 249.4
  65.8 249.0 66.2 248.7 66.7 248.3 67.1 248.0 67.6 247.7 68.0 247.6 68.3 247.5
  68.7 247.3 69.1 247.2 69.4 247.0 69.7 246.9 69.9 246.8 70.1 246.7 70.3 246.1
  70.5 245.6 70.7 245.0 70.9 244.5 71.1 244.0 71.3 243.6 71.4 243.2 71.6 242.8
  71.8 242.5 71.9 242.1 72.0 241.9 72.2 241.3 72.3 240.7 72.4 240.3 72.5 239.9
  72.7 239.6 72.8 239.3 72.9 239.1 73.1 238.9 73.2 238.8 73.3 238.7 73.4 238.6
  73.5 238.6 73.6 238.7 73.7 238.7 73.8 238.8 73.9 238.7 74.0 238.6 74.1 238.4
  74.2 238.7 74.3 238.9 74.4 239.1 74.6 239.4 74.7 239.6 74.8 239.8 74.9 240.1
  75.0 240.3 75.1 240.4 75.2 240.5 75.3 240.6 75.4 240.5 75.5 240.4 75.5 240.3
  75.6 240.1 75.7 239.8 75.8 239.4 75.9 239.0 76.0 238.5 76.1 238.0 76.2 238.1
  76.3 238.2 76.5 238.3 76.6 238.4 76.7 238.5 76.8 238.6 76.9 238.6 77.1 238.6
  77.2 238.7 77.3 238.6 77.4 238.6 77.5 238.6 77.6 238.5 77.8 238.5 77.9 238.4
  78.0 238.3 78.1 238.2 78.2 238.2 78.4 238.2 78.5 238.2 78.6 238.1 78.7 237.9
  78.9 237.8 79.0 237.6 79.1 237.3 79.2 237.1 79.3 236.9 79.4 236.7 79.5 236.5
  79.6 236.2 79.7 236.0 79.7 235.8 79.8 235.5 79.9 235.3 80.0 235.1 80.0 234.8
  80.1 233.8 80.2 232.7 80.2 231.5 80.2 230.2 80.3 229.0 80.3 227.6 80.3 226.3
  80.3 224.9 80.3 223.4 80.3 222.0 80.3 220.4 80.3 218.9 80.3 217.3 80.3 215.6
  80.3 213.9 80.3 212.2 80.3 210.5 80.3 208.7 80.3 206.9 80.3 205.1 80.3 203.2
  80.3 201.3 80.4 199.4 80.4 197.5 80.4 195.4 80.4 193.3 80.4 191.1 80.4 188.9
  80.4 186.5 80.5 184.1 80.5 181.5 80.6 178.9 80.7 176.1 80.8 173.2 80.9 170.1
  81.0 166.9 81.1 163.6 81.2 160.2 81.2 156.8 81.3 153.3 81.3 149.8 81.3 146.3
  81.4 142.8 81.5 139.1 81.6 135.4 81.7 131.4 81.8 127.4 82.0 123.2 82.1 119.0
  82.2 115.6 82.4 112.2 82.5 108.7 82.7 105.3 82.8 101.9 83.0  98.5 83.1  95.1
  83.2  91.7 83.3  88.3 83.4  84.9
   9 17 82  0.0
  72.5 321.4 72.6 321.0 72.7 320.5 72.8 320.0 72.8 319.5 72.8 319.0 72.7 318.5
  72.7 317.9 72.6 317.4 72.6 316.8 72.5 316.2 72.4 315.6 72.2 315.0 72.0 314.4
  71.8 313.9 71.7 313.9 71.5 314.0 71.5 314.1 71.4 314.3 71.3 314.6 71.3 314.9
  71.3 315.3 71.3 315.8 71.3 316.4 71.3 317.0 71.3 317.7 71.3 318.4 71.2 319.0
  71.2 319.7 71.1 320.3 70.9 320.8 70.7 321.3 70.5 321.7 70.2 322.0 70.0 322.3
  69.7 323.0 69.4 323.7 69.1 324.2 68.7 324.7 68.3 325.1 67.9 325.4 67.5 325.5
  67.1 325.6 66.7 325.5 66.4 325.4 66.0 325.2 65.7 324.9 65.4 324.0 65.1 323.1
  64.7 322.2 64.3 321.3 64.0 320.4 63.6 319.0 63.3 317.6 63.0 316.2 62.7 314.7
  62.4 313.3 62.2 311.8 61.8 310.2 61.5 308.1 61.3 305.9 61.0 303.7 60.6 301.5
  60.3 299.2 59.9 297.0 59.5 294.4 59.2 291.9 58.9 289.3 58.6 286.9 58.3 284.5
  58.0 282.1 57.8 279.9 57.6 277.8 57.4 275.7 57.3 273.8 57.3 272.0 57.3 270.3
  57.4 268.9 57.4 267.5 57.6 266.3 57.8 265.1 57.9 264.0 58.0 263.0 58.3 262.0
  58.6 260.9 58.9 259.8 59.4 258.8 59.9 257.9 60.4 257.0 60.9 256.2 61.4 255.4
  62.0 254.6 62.6 253.9 63.2 253.3 63.8 252.7 64.4 252.0 65.1 251.6 65.7 251.1
  66.4 250.6 67.1 250.3 67.7 250.0 68.4 249.6 69.0 249.3 69.7 249.1 70.3 248.8
  70.9 248.6 71.5 248.4 72.1 248.2 72.7 248.2 73.3 248.3 73.9 248.2 74.5 248.1
  75.2 247.8 75.9 247.4 76.6 246.9 77.3 246.0 78.1 245.0 79.1 243.7 79.9 242.2
  80.8 240.6 81.7 238.8 82.5 236.7 83.5 233.7 84.3 229.8 85.3 225.0 86.1 218.2
  87.1 209.6 87.7 195.6 88.0 173.8 88.1 145.1 87.8 120.4 87.4 103.2 86.7  92.8
  85.9  86.5 85.3  82.9 84.7  80.0 83.9  77.8 83.4  77.6 82.8  77.3 82.1  77.1
  81.4  76.9 80.9  76.6 80.4  76.4 79.8  76.1 79.4  75.7 79.1  75.3 78.7  74.9
  78.4  74.6 78.1  74.2 77.8  73.7 77.5  73.3 77.3  72.9 77.1  72.5 77.0  72.1
  76.8  71.7 76.6  71.3 76.5  70.9 76.4  70.5 76.3  70.0 76.2  69.6 76.2  69.2
  76.2  68.7 76.2  68.3 76.2  67.8 76.2  67.3 76.3  66.9 76.3  66.4 76.4  65.9
  76.5  65.4 76.6  64.9 76.8  64.4 76.9  64.0 77.1  63.5 77.2  63.0 77.3  62.6
  77.5  62.1 77.7  61.7 77.9  61.2 78.1  60.8 78.4  60.4 78.7  60.0 78.9  59.6
  79.2  59.2 79.4  58.9 79.6  58.5 79.8  58.2 80.0  57.9 80.2  57.8 80.4  57.7
  80.6  57.6 80.8  57.6 80.9  57.5 81.0  57.5 81.1  57.4 81.1  57.4 81.2  57.4
  81.2  57.4 81.2  57.3 81.2  57.3 81.2  57.3 81.1  57.3 81.1  57.2 81.0  57.2
  80.9  57.2 80.8  57.1 80.7  57.1 80.6  57.1 80.6  57.0 80.5  57.0 80.4  57.0
  80.3  56.9 80.2  56.9 80.2  56.8 80.1  56.8 80.1  56.8 80.0  56.7 80.0  56.7
  79.9  56.7 79.9  56.6 79.9  56.6 79.9  56.6 79.8  56.6 79.8  56.6 79.8  56.6
  79.8  56.5 79.8  56.5 79.8  56.5 79.8  56.5 79.8  56.5 79.8  56.5 79.8  56.5
  79.8  56.5 79.8  56.5 79.8  56.6 79.8  56.6 79.8  56.6 79.8  56.6 79.8  56.6
  79.8  56.6 79.7  56.7 79.7  56.7
   9 18 82  0.0
  72.5 321.4 72.6 321.0 72.7 320.5 72.8 320.1 72.9 319.6 72.9 319.0 73.0 318.5
  73.0 317.9 73.0 317.3 73.0 316.6 73.0 315.9 72.9 315.1 72.9 314.3 72.8 313.4
  72.7 312.5 72.7 311.6 72.6 310.6 72.6 309.6 72.6 308.5 72.5 307.4 72.5 306.2
  72.5 304.9 72.5 303.7 72.7 302.3 72.8 300.9 72.9 299.4 73.1 297.8 73.2 296.3
  73.4 294.6 73.6 293.0 73.8 291.3 74.1 289.5 74.4 288.1 74.7 286.6 75.0 285.0
  75.3 283.3 75.7 281.6 76.0 279.7 76.5 278.4 76.9 277.1 77.2 275.6 77.6 273.9
  77.9 272.1 78.2 270.1 78.5 268.4 78.8 266.5 79.0 264.4 79.3 262.0 79.5 259.3
  79.7 256.2 80.0 252.9 80.2 249.4 80.4 246.2 80.6 242.9 80.7 239.3 80.8 235.6
  80.9 231.6 81.0 227.6 81.0 223.5 81.0 219.5 80.9 215.4 80.9 211.3 80.8 207.3
  80.8 203.3 80.8 199.4 80.8 195.5 80.7 191.6 80.7 187.7 80.8 183.9 80.8 179.9
  80.8 176.0 80.9 172.0 80.9 167.9 80.9 163.7 81.0 159.4 81.1 155.1 81.2 150.8
  81.3 146.4 81.3 141.9 81.4 137.3 81.3 132.6 81.3 127.8 81.2 123.0 81.0 118.2
  80.9 113.4 80.7 108.4 80.5 103.5 80.3  98.6 80.2  93.7 80.0  89.0 79.7  84.4
  79.5  80.0 79.2  79.2 78.9  78.4 78.6  77.6 78.3  76.8 78.0  76.1 77.7  75.3
  77.4  74.5 77.1  73.8 76.8  73.0 76.4  72.3 76.1  71.5 75.7  70.7 75.3  70.1
  74.9  69.4 74.5  68.7 74.1  68.0 73.6  67.4 73.2  66.8 72.8  66.3 72.4  65.7
  72.0  65.2 71.7  64.9 71.4  64.6 71.1  64.2 70.8  63.9 70.4  63.6 70.1  63.3
  69.8  63.0 69.5  62.9 69.2  62.8 69.0  62.7 68.8  62.6 68.7  62.5 68.5  62.4
  68.4  62.3 68.3  62.2 68.3  62.1 68.2  62.0 68.2  61.9 68.2  61.9 68.2  61.8
  68.3  61.7 68.3  61.6 68.4  61.5 68.5  61.5 68.6  61.4 68.7  61.4 68.8  61.3
  68.9  61.3 69.1  61.3 69.2  61.3 69.4  61.3 69.5  61.3 69.7  61.3 69.9  61.3
  70.1  61.3 70.2  61.1 70.4  61.0 70.6  60.9 70.8  60.7 70.9  60.6 71.1  60.5
  71.3  60.3 71.5  60.2 71.7  60.1 71.9  60.0 72.0  59.8 72.2  59.5 72.3  59.2
  72.4  58.8 72.6  58.5 72.7  58.2 72.8  57.8 72.9  57.5 73.0  57.1 73.0  56.7
  73.1  56.4 73.2  56.0 73.2  55.6 73.3  55.3 73.3  54.9 73.3  54.5 73.2  54.1
  73.2  53.6 73.1  53.2 73.1  52.8 73.0  52.3 72.9  51.8 72.8  51.3 72.6  50.9
  72.5  50.4 72.4  49.9 72.3  49.4 72.2  48.9 72.1  48.5 72.0  48.0 71.9  47.8
  71.7  47.5 71.5  47.3 71.3  47.1 71.2  46.9 71.0  46.7 70.8  46.5 70.7  46.3
  70.5  46.0 70.4  45.8 70.3  45.6 70.2  45.4 70.1  45.1 70.0  44.9 70.0  44.7
  69.9  44.6 69.9  44.5 69.8  44.4 69.8  44.3 69.7  44.1 69.7  44.0 69.7  43.9
  69.6  43.7 69.5  43.5 69.4  43.4 69.3  43.2 69.3  43.0 69.2  42.8 69.2  42.5
  69.2  42.3 69.2  42.1 69.2  41.8 69.2  41.6 69.2  41.3 69.3  41.1 69.3  40.8
  69.3  40.6 69.4  40.3 69.5  40.0 69.5  39.7 69.6  39.4 69.6  39.1 69.6  38.8
  69.6  38.5 69.7  38.2 69.8  37.9 69.8  37.6 69.9  37.4 70.1  37.1 70.2  36.8
  70.3  36.6 70.5  36.3 70.7  36.1
   9 19 82  0.0
  72.5 321.4 72.8 321.4 73.1 321.4 73.4 321.4 73.7 321.5 74.0 321.7 74.3 321.6
  74.6 321.5 74.9 321.5 75.2 321.5 75.4 321.6 75.7 321.6 75.9 321.7 76.1 321.9
  76.4 321.5 76.6 321.2 76.9 320.9 77.1 320.5 77.3 320.2 77.5 320.0 77.6 319.7
  77.8 319.4 77.9 319.2 78.1 319.0 78.2 318.9 78.3 318.9 78.5 318.9 78.5 318.9
  78.6 319.0 78.7 319.1 78.7 319.2 78.7 319.3 78.7 319.5 78.7 319.7 78.7 319.9
  78.6 320.1 78.5 320.3 78.5 320.6 78.4 320.8 78.3 321.0 78.1 321.1 78.0 321.1
  77.8 321.1 77.7 320.6 77.5 320.0 77.3 319.3 77.1 318.7 76.9 318.0 76.7 317.3
  76.4 316.5 76.2 315.7 75.9 314.9 75.7 313.9 75.5 312.8 75.2 311.8 75.0 310.8
  74.7 309.8 74.5 308.9 74.2 308.1 73.9 307.3 73.7 306.4 73.5 305.6 73.3 304.8
  73.1 304.1 72.9 303.4 72.9 302.7 72.9 302.0 72.8 301.3 72.8 300.6 72.8 299.9
  72.9 299.3 72.9 298.6 73.0 297.9 73.0 297.3 73.1 296.6 73.1 295.9 73.2 295.2
  73.3 294.6 73.4 293.9 73.5 293.1 73.6 292.4 73.8 291.7 73.9 290.9 74.0 290.1
  74.1 289.2 74.2 288.6 74.3 288.0 74.4 287.5 74.6 286.9 74.8 286.4 75.0 285.8
  75.2 285.3 75.4 284.8 75.6 284.2 75.8 283.7 76.0 283.2 76.3 283.1 76.5 283.0
  76.8 282.9 77.0 282.9 77.2 282.9 77.4 282.9 77.5 282.9 77.7 283.0 77.8 283.1
  78.0 283.2 78.1 283.4 78.3 283.2 78.5 282.9 78.7 282.7 78.8 282.6 79.0 282.5
  79.1 282.6 79.2 282.9 79.3 283.2 79.5 283.7 79.6 284.3 79.6 285.0 79.7 285.8
  79.7 286.7 79.8 287.6 79.8 288.6 79.8 289.4 79.8 290.0 79.8 290.6 79.8 291.0
  79.8 291.4 79.7 291.6 79.7 291.8 79.6 291.9 79.5 291.9 79.4 291.9 79.3 291.8
  79.1 291.7 79.0 291.5 78.8 291.2 78.6 290.8 78.4 290.4 78.2 289.9 77.9 289.3
  77.7 288.0 77.5 286.6 77.3 285.3 77.1 284.0 76.8 282.7 76.6 281.4 76.4 280.2
  76.2 279.0 76.1 277.9 76.1 276.7 76.0 275.6 76.0 274.3 76.0 273.3 76.1 272.2
  76.1 271.2 76.2 270.2 76.3 269.2 76.5 268.2 76.6 267.2 76.9 266.1 77.2 265.0
  77.4 263.9 77.9 262.7 78.4 261.4 78.9 260.7 79.4 260.0 80.0 259.2 80.8 259.0
  81.4 258.8 82.0 258.5 82.7 258.7 83.3 258.7 83.9 258.5 84.4 258.0 85.0 258.3
  85.5 258.5 86.0 258.7 86.7 261.7 87.3 265.8 87.7 271.5 88.0 278.8 88.2 287.4
  88.3 295.4 88.4 302.4 88.4 308.2 88.4 313.0 88.3 316.7 88.2 319.5 88.1 321.7
  87.9 323.4 87.8 324.7 87.7 325.6 87.5 326.3 87.4 326.8 87.2 326.9 87.1 326.9
  87.0 326.7 86.9 326.3 86.9 325.8 86.9 325.0 86.9 324.1 86.9 323.0 87.0 321.6
  87.1 319.9 87.2 317.7 87.4 315.1 87.6 312.3 87.7 309.4 87.9 306.2 88.1 302.7
  88.3 298.4 88.6 293.0 88.9 285.5 89.1 274.4 89.4 250.6 89.4 203.1 89.0 158.0
  88.5 131.3 88.0 120.5 87.4 115.3 86.8 112.4 86.1 110.6 85.2 109.6 84.5 108.0
  83.6 107.2 82.9 105.8 82.0 105.1 81.2 103.7 80.2 102.8 79.2 102.2 78.2 100.9
  77.1  99.9 76.4  98.6 75.7  97.5 74.9  96.3 74.2  95.3 73.4  94.3 72.8  93.3
  72.1  92.3 71.4  91.3 70.9  90.1
   9 20 82  0.0
  72.5 321.4 72.6 320.3 72.7 319.2 72.7 318.2 72.8 317.1 72.8 316.1 72.9 315.0
  72.8 314.0 72.8 313.0 72.9 311.9 72.8 310.9 72.7 309.8 72.7 308.7 72.7 307.6
  72.6 306.4 72.5 305.1 72.5 303.7 72.2 302.2 72.1 300.7 71.9 299.1 71.7 297.6
  71.6 296.0 71.5 294.4 71.3 292.7 71.2 291.0 70.9 289.2 70.7 287.3 70.4 285.4
  70.3 283.4 70.1 281.4 69.9 279.3 69.8 277.6 69.7 276.0 69.7 274.4 69.6 272.7
  69.5 271.0 69.4 269.3 69.4 267.6 69.3 265.9 69.2 264.2 69.1 262.5 69.0 260.8
  69.0 259.2 68.9 257.6 68.9 256.1 68.9 254.6 68.9 253.2 68.8 251.8 68.9 250.4
  69.0 249.1 69.0 247.7 69.1 246.2 69.2 244.5 69.2 242.8 69.1 241.1 69.0 239.3
  68.9 237.5 68.8 235.7 68.7 233.9 68.6 232.2 68.5 230.4 68.5 228.7 68.4 227.0
  68.4 225.2 68.3 223.4 68.2 221.7 68.0 220.0 67.9 218.4 67.7 216.9 67.4 215.4
  67.2 214.1 67.0 213.0 66.7 211.9 66.6 210.9 66.3 210.0 66.1 209.1 65.7 208.3
  65.4 207.5 65.1 206.9 64.7 206.3 64.3 206.0 63.7 205.7 63.2 205.5 62.6 205.4
  61.8 205.3 61.1 205.0 60.3 204.7 59.5 204.5 58.7 203.7 58.1 203.1 57.4 202.7
  56.8 202.0 56.1 201.4 55.3 200.9 54.6 200.1 53.9 199.4 53.4 198.2 53.0 197.0
  52.5 195.8 52.2 194.7 51.9 193.7 51.7 192.4 51.4 191.1 51.2 189.8 51.1 188.6
  51.0 187.5 51.0 186.3 51.0 185.1 51.1 184.0 51.3 182.8 51.5 181.7 51.7 180.7
  51.9 179.8 52.2 178.9 52.5 178.4 52.8 178.0 53.1 177.6 53.5 177.1 53.9 176.7
  54.3 176.2 54.6 175.9 55.0 175.7 55.4 175.4 55.9 175.2 56.4 174.9 56.9 175.0
  57.4 175.0 58.0 175.1 58.5 175.1 59.0 175.4 59.6 175.7 60.1 175.9 60.7 176.5
  61.1 177.0 61.5 177.6 61.9 178.1 62.3 178.7 62.7 179.2 63.2 179.8 63.6 180.4
  63.9 181.0 64.1 181.6 64.4 182.2 64.8 182.8 65.1 183.4 65.4 184.0 65.8 184.6
  65.9 185.1 66.1 185.6 66.2 186.1 66.4 186.6 66.6 187.1 66.7 187.6 66.9 188.1
  66.9 188.6 66.9 189.1 66.9 189.6 66.8 190.0 66.8 190.5 66.8 190.9 66.7 191.3
  66.6 191.8 66.5 192.1 66.3 192.5 66.1 192.9 65.9 193.3 65.6 193.2 65.4 193.1
  65.1 193.0 64.8 192.9 64.5 192.9 64.2 192.9 63.8 192.9 63.5 192.5 63.2 192.1
  62.9 191.7 62.6 191.4 62.3 191.0 62.0 190.7 61.7 190.0 61.4 189.2 61.1 188.5
  60.8 187.7 60.7 186.9 60.5 186.1 60.3 185.4 60.2 184.6 60.0 183.8 60.0 182.8
  60.1 181.9 60.1 181.1 60.2 180.2 60.2 179.3 60.5 178.4 60.7 177.5 61.0 176.7
  61.3 175.8 61.7 174.9 62.1 174.0 62.6 173.4 63.1 172.7 63.6 172.1 64.1 171.4
  64.7 171.0 65.3 170.6 65.9 170.2 66.5 169.7 67.1 169.7 67.6 169.7 68.2 169.7
  68.7 170.2 69.2 170.6 69.7 171.2 70.1 171.9 70.5 172.9 70.9 174.1 71.2 175.4
  71.5 176.9 71.7 178.5 71.9 180.1 72.0 181.8 72.1 183.5 72.2 185.2 72.2 186.9
  72.2 188.4 72.2 189.9 72.2 191.3 72.2 192.7 72.2 194.0 72.2 195.2 72.1 196.3
  72.1 197.4 72.0 198.4 71.9 199.4 71.8 200.3 71.7 201.1 71.5 201.8 71.4 202.5
  71.2 203.0 71.0 203.5 70.8 203.9
   9 21 82  0.0
  72.5 321.4 72.3 320.2 72.1 319.0 71.7 317.7 71.5 316.6 71.2 315.5 70.8 314.4
  70.5 313.2 70.1 312.0 69.8 310.7 69.4 309.6 69.0 308.4 68.7 307.1 68.3 305.8
  67.9 304.4 67.6 303.4 67.3 302.4 66.9 301.4 66.6 300.4 66.3 299.4 66.0 298.3
  65.7 297.8 65.5 297.2 65.2 296.6 65.0 296.1 64.8 295.5 64.6 295.0 64.5 294.4
  64.5 293.9 64.4 293.3 64.3 292.8 64.3 292.2 64.2 291.7 64.3 291.2 64.3 290.6
  64.4 290.1 64.4 289.6 64.5 289.0 64.6 288.5 64.6 288.0 64.7 287.6 64.8 287.2
  64.9 286.8 65.0 286.4 65.0 286.1 65.1 285.8 65.2 285.6 65.3 285.4 65.4 285.2
  65.5 285.1 65.6 285.1 65.6 285.0 65.7 285.0 65.8 285.0 65.9 285.0 66.0 285.1
  66.1 285.2 66.2 284.8 66.3 284.5 66.4 284.3 66.5 284.1 66.6 283.9 66.7 283.8
  66.8 283.6 66.9 283.4 67.0 283.2 67.2 283.0 67.3 282.8 67.4 282.6 67.6 282.4
  67.7 282.2 67.9 282.0 68.0 281.7 68.2 281.2 68.4 280.7 68.6 280.2 68.7 279.6
  68.9 279.0 69.0 278.4 69.2 277.8 69.3 277.2 69.5 276.5 69.7 275.9 69.9 275.2
  70.1 274.5 70.3 273.4 70.5 272.3 70.7 271.2 70.9 270.1 71.1 268.9 71.3 267.7
  71.5 266.6 71.7 265.4 71.9 264.2 72.1 263.1 72.3 261.5 72.6 259.9 72.8 258.3
  73.0 256.6 73.2 254.8 73.3 252.9 73.5 251.0 73.5 248.9 73.6 246.8 73.7 244.7
  73.8 242.6 73.8 240.4 73.8 238.1 73.9 235.8 73.8 233.4 73.8 231.0 73.7 228.7
  73.6 226.3 73.4 224.0 73.3 221.8 73.1 219.6 72.8 217.4 72.5 215.3 72.2 213.3
  71.9 211.3 71.6 209.3 71.3 207.5 71.0 205.7 70.7 204.2 70.3 202.8 70.0 201.5
  69.6 200.5 69.3 199.7 68.9 198.9 68.5 198.3 68.1 197.6 67.7 197.1 67.3 196.6
  66.8 196.2 66.4 195.8 66.0 195.4 65.7 195.0 65.3 194.8 65.0 194.6 64.6 194.4
  64.3 194.3 63.9 194.1 63.5 194.3 63.2 194.5 62.8 194.7 62.4 194.9 62.0 195.1
  61.6 195.3 61.2 195.4 60.8 195.5 60.4 195.5 59.9 195.4 59.5 195.3 59.1 195.2
  58.6 195.0 58.2 194.8 57.7 194.6 57.2 194.5 56.8 194.4 56.3 194.3 55.9 194.1
  55.5 193.9 55.1 193.7 54.7 193.4 54.3 193.0 53.9 192.7 53.5 192.2 53.1 191.6
  52.8 191.0 52.5 190.4 52.2 189.8 51.9 189.2 51.7 188.7 51.5 188.2 51.3 187.7
  51.3 187.2 51.3 186.6 51.3 186.1 51.3 185.6 51.3 185.0 51.3 184.5 51.3 184.1
  51.3 183.6 51.5 183.2 51.7 182.8 51.9 182.5 52.1 182.2 52.3 181.9 52.5 181.7
  52.7 181.5 52.8 181.3 53.0 181.1 53.2 181.0 53.4 180.8 53.6 180.7 53.7 180.6
  53.9 180.5 54.0 180.3 54.1 180.2 54.2 179.9 54.4 179.5 54.5 179.2 54.6 178.9
  54.8 178.6 54.9 178.3 55.0 178.0 55.1 177.8 55.1 177.5 55.2 177.2 55.3 176.9
  55.4 176.5 55.4 176.2 55.5 175.9 55.7 175.6 55.8 175.2 56.0 174.9 56.1 174.6
  56.3 174.1 56.4 173.6 56.6 173.1 56.8 172.7 56.9 172.3 57.1 172.0 57.3 171.7
  57.5 171.4 57.7 171.1 58.0 170.9 58.2 170.7 58.5 170.3 58.8 170.0 59.1 169.7
  59.4 169.3 59.7 168.9 60.1 168.5 60.5 167.9 60.8 167.3 61.2 166.7 61.5 166.2
  61.9 165.6 62.4 165.0 62.8 164.6
   9 22 82  0.0
  72.5 321.4 72.1 320.7 71.8 320.0 71.4 319.5 71.0 319.1 70.7 318.7 70.3 318.2
  69.9 317.7 69.5 317.4 69.2 317.2 68.8 316.8 68.4 316.5 68.0 316.2 67.7 315.9
  67.3 315.7 66.9 315.6 66.5 315.4 66.1 315.2 65.7 315.0 65.3 314.9 65.0 314.9
  64.6 314.8 64.2 314.7 63.8 314.6 63.5 314.8 63.1 315.1 62.7 315.2 62.3 315.4
  61.9 315.5 61.5 315.7 61.2 315.8 60.7 315.9 60.3 316.0 59.9 316.0 59.5 316.1
  59.1 316.2 58.7 316.2 58.3 316.3 57.9 316.3 57.5 316.2 57.2 316.1 56.9 315.9
  56.4 315.7 56.0 315.5 55.6 315.1 55.2 314.6 54.8 314.2 54.5 313.7 54.2 313.3
  54.0 312.8 53.7 312.2 53.5 311.6 52.9 311.0 52.4 310.4 51.9 309.9 51.4 309.3
  51.0 308.7 50.7 308.2 50.4 307.6 49.9 307.1 49.6 306.3 49.3 305.6 49.0 304.8
  48.7 304.0 48.1 303.2 47.6 302.4 47.1 301.7 46.8 300.9 46.4 300.2 46.2 299.4
  45.8 298.7 45.4 297.9 45.2 297.1 44.9 296.2 44.8 295.3 44.3 294.4 43.9 293.4
  43.6 292.5 43.3 291.5 42.9 290.5 42.6 289.4 42.3 288.2 42.0 286.9 41.6 285.6
  41.2 284.6 40.9 283.5 40.6 282.4 40.3 281.2 40.1 279.9 40.0 278.6 40.0 277.3
  39.9 276.5 39.9 275.6 39.9 274.8 39.8 273.9 39.8 273.1 39.8 272.2 39.7 271.3
  39.7 270.4 39.8 269.6 39.8 268.7 39.8 267.9 39.9 267.1 39.9 266.4 39.9 265.7
  39.9 264.9 39.9 264.3 40.0 263.6 39.9 262.9 39.7 262.2 39.6 261.6 39.6 260.9
  39.5 260.2 39.4 259.5 39.3 258.8 39.3 258.1 39.2 257.5 39.2 256.9 39.1 256.3
  39.1 255.6 38.8 255.0 38.6 254.5 38.3 253.9 38.0 253.4 37.8 252.8 37.5 252.4
  37.2 251.9 36.8 251.4 36.3 251.0 35.8 250.5 35.4 250.0 35.0 249.6 34.6 249.1
  34.3 248.6 33.9 248.1 33.6 247.7 33.1 247.2 32.7 246.8 32.2 246.3 31.8 245.8
  31.5 245.4 31.1 244.9 30.8 244.5 30.5 244.0 30.3 243.4 30.0 242.8 29.8 242.2
  29.6 241.9 29.4 241.5 29.2 241.2 29.0 240.8 28.8 240.4 28.6 240.0 28.5 239.6
  28.4 239.1 28.3 238.7 28.3 238.2 28.3 237.8 28.3 237.3 28.3 236.9 28.2 236.5
  28.2 236.1 28.2 235.7 28.1 235.3 28.0 235.0 27.9 234.8 27.8 234.5 27.7 234.3
  27.6 234.0 27.5 233.8 27.4 233.5 27.3 233.3 27.2 233.1 27.1 232.8 27.1 232.6
  27.0 232.4 27.0 232.1 27.0 231.9 26.8 231.7 26.7 231.5 26.5 231.4 26.4 231.2
  26.3 231.0 26.1 230.9 25.9 230.7 25.8 230.6 25.6 230.5 25.4 230.4 25.3 230.2
  25.1 230.1 24.9 230.1 24.7 230.0 24.5 229.9 24.4 229.8 24.2 229.8 24.0 229.7
  23.8 229.6 23.7 229.5 23.6 229.4 23.4 229.3 23.3 229.2 23.2 229.0 23.1 228.9
  23.0 228.8 22.9 228.6 22.8 228.4 22.8 228.3 22.7 228.1 22.6 228.0 22.6 227.9
  22.5 227.8 22.4 227.7 22.3 227.6 22.3 227.5 22.2 227.4 22.1 227.3 22.1 227.2
  22.0 227.2 22.0 227.1 21.9 227.1 21.8 227.1 21.8 227.1 21.7 227.1 21.6 227.1
  21.6 227.2 21.5 227.2 21.4 227.3 21.3 227.4 21.2 227.5 21.1 227.6 21.1 227.8
  21.0 227.9 20.9 228.1 20.8 228.2 20.7 228.4 20.6 228.6 20.5 228.8 20.5 229.0
  20.4 229.1 20.2 229.3 20.1 229.6
   9 23 82  0.0
  72.5 321.4 72.2 320.9 71.9 320.5 71.7 320.4 71.4 320.4 71.1 320.3 70.8 320.3
  70.5 320.2 70.2 320.2 69.9 320.1 69.6 320.4 69.2 320.7 68.9 321.0 68.6 321.3
  68.2 321.5 67.9 321.7 67.6 322.1 67.2 322.5 66.9 322.8 66.6 323.1 66.2 323.3
  65.9 323.4 65.5 323.6 65.2 323.8 64.9 323.9 64.5 324.0 64.2 324.1 63.9 324.2
  63.7 324.3 63.4 324.4 63.1 324.6 62.8 324.7 62.5 324.9 62.1 325.0 61.8 325.2
  61.4 325.4 61.0 325.6 60.6 325.8 60.2 325.9 59.8 326.0 59.4 325.9 59.0 325.8
  58.6 325.6 58.3 325.5 57.9 325.3 57.5 324.8 57.1 324.4 56.8 324.0 56.3 323.6
  55.8 323.2 55.4 322.3 55.0 321.4 54.6 320.6 54.3 319.8 53.8 319.0 53.4 317.8
  53.0 316.6 52.6 315.5 52.1 314.4 51.7 313.3 51.2 311.7 50.9 309.9 50.6 308.2
  50.2 306.4 49.9 304.7 49.6 302.8 49.5 300.9 49.3 299.1 49.3 297.3 49.3 295.5
  49.4 293.9 49.6 292.3 49.8 290.7 50.1 289.2 50.3 288.0 50.6 286.9 50.8 285.9
  51.1 285.0 51.3 284.1 51.7 283.3 51.9 282.5 52.1 281.7 52.3 281.3 52.6 280.8
  52.9 280.4 53.2 280.0 53.3 279.6 53.5 279.2 53.7 279.0 53.9 278.7 54.2 278.5
  54.5 278.7 54.7 278.8 55.0 279.0 55.3 279.2 55.6 279.4 55.9 279.6 56.2 279.8
  56.4 280.2 56.5 280.5 56.6 280.8 56.7 281.1 56.8 281.3 56.8 281.6 56.8 281.8
  56.8 282.0 56.8 282.2 56.8 282.4 56.7 282.6 56.6 282.7 56.5 282.8 56.4 282.9
  56.3 282.9 56.1 282.9 55.9 282.9 55.7 282.8 55.4 282.6 55.1 282.5 54.8 282.3
  54.4 282.0 54.0 281.8 53.5 281.3 53.1 280.8 52.7 280.3 52.3 279.7 51.9 279.2
  51.6 278.3 51.2 277.5 50.8 276.6 50.5 275.7 50.3 274.7 50.0 273.7 49.7 272.6
  49.4 271.5 49.2 270.3 49.0 269.3 48.8 268.2 48.7 267.1 48.6 266.1 48.5 265.2
  48.5 264.2 48.4 263.3 48.3 262.3 48.2 261.5 48.0 260.6 47.8 259.7 47.8 258.6
  47.7 257.6 47.6 256.6 47.6 255.6 47.7 254.6 47.9 253.8 48.0 253.0 48.1 252.5
  48.2 252.0 48.3 251.5 48.5 251.1 48.7 250.7 49.0 250.3 49.2 249.9 49.4 249.6
  49.7 249.2 49.9 248.9 50.1 248.6 50.4 248.3 50.6 247.9 51.0 247.5 51.4 247.1
  51.7 246.7 52.1 246.3 52.6 245.9 53.0 245.5 53.5 245.1 54.0 244.8 54.4 244.4
  54.9 243.9 55.4 243.4 55.9 242.8 56.5 242.3 57.0 241.5 57.6 240.7 58.1 239.9
  58.6 239.0 59.2 238.1 59.7 237.1 60.1 236.1 60.6 234.9 61.0 233.6 61.4 232.3
  61.7 230.9 61.9 229.4 62.2 228.0 62.3 226.5 62.5 224.9 62.6 223.4 62.6 221.9
  62.6 220.4 62.5 219.0 62.3 217.6 62.0 216.3 61.8 215.1 61.4 213.8 61.0 212.5
  60.6 211.3 60.2 210.1 59.7 208.9 59.2 207.8 58.7 206.8 58.1 205.9 57.4 205.0
  56.7 204.2 56.0 203.4 55.3 202.6 54.6 201.8 53.9 200.9 53.1 200.1 52.4 199.2
  51.9 198.3 51.4 197.6 50.9 196.8 50.3 196.1 49.8 195.3 49.4 194.7 49.0 194.0
  48.6 193.4 48.2 192.7 47.8 192.1 47.3 191.8 46.9 191.6 46.5 191.3 46.1 190.9
  45.6 190.6 45.2 190.2 44.8 189.7 44.4 189.2 43.9 188.6 43.6 187.7 43.4 186.7
  43.2 185.6 42.9 184.4 42.7 183.1
   9 24 82  0.0
  72.5 321.4 72.2 321.2 72.0 320.9 71.8 320.6 71.6 320.4 71.3 320.3 71.1 320.1
  70.9 320.0 70.7 319.8 70.5 319.7 70.3 319.6 70.1 319.5 69.9 319.4 69.8 319.4
  69.6 319.5 69.4 319.6 69.2 319.7 69.1 319.8 68.9 320.0 68.7 320.1 68.5 320.2
  68.3 320.4 68.0 320.5 67.8 320.7 67.6 321.1 67.4 321.5 67.2 322.0 66.9 322.4
  66.7 322.9 66.5 323.4 66.2 323.9 65.9 324.4 65.7 325.0 65.4 325.6 65.1 326.3
  64.8 326.9 64.5 327.5 64.2 328.1 63.9 328.7 63.6 329.1 63.2 329.5 63.0 329.9
  62.7 330.2 62.4 330.5 62.1 330.9 61.9 331.2 61.6 331.3 61.4 331.5 61.2 331.7
  61.0 331.9 60.8 332.0 60.7 332.2 60.5 332.3 60.4 332.4 60.2 332.5 60.1 332.6
  60.0 332.6 59.9 332.4 59.8 332.1 59.7 331.9 59.4 331.7 59.0 331.5 58.7 331.3
  58.4 331.1 58.2 330.8 58.0 330.5 57.8 329.9 57.6 329.4 57.5 328.9 57.4 328.4
  57.3 327.9 57.0 327.5 56.6 327.0 56.3 326.6 56.0 326.2 55.7 325.5 55.5 324.7
  55.3 324.0 55.1 323.4 54.8 322.7 54.5 322.1 54.2 321.5 53.9 321.0 53.6 320.2
  53.3 319.4 52.8 318.7 52.4 318.0 52.1 317.3 51.8 316.6 51.5 315.4 51.2 314.3
  50.9 313.1 50.6 312.0 50.0 310.8 49.4 309.7 48.8 308.4 48.2 307.2 47.5 305.9
  47.0 304.5 46.5 303.0 46.2 301.4 45.8 299.9 45.5 298.5 45.1 297.1 44.7 295.6
  44.5 294.2 44.2 292.7 43.9 291.2 43.9 289.8 43.9 288.4 43.9 286.9 44.0 285.5
  44.1 284.0 44.1 282.6 44.3 281.2 44.5 279.8 44.8 278.4 45.2 277.1 45.7 275.9
  46.1 274.7 46.6 273.6 47.1 272.4 47.7 271.3 48.0 270.2 48.5 269.2 49.0 268.1
  49.5 267.0 50.0 266.0 50.4 264.9 51.0 263.9 51.4 262.9 51.9 261.8 52.4 260.7
  52.8 259.5 53.3 258.2 53.7 257.1 54.2 256.0 54.7 255.0 55.3 254.0 55.8 253.1
  56.2 252.1 56.7 251.1 57.1 250.1 57.4 249.0 57.7 247.8 58.0 246.6 58.4 245.3
  58.7 244.1 59.1 243.0 59.3 241.8 59.6 240.7 59.8 239.6 59.9 238.5 59.9 237.3
  60.0 236.2 59.9 235.0 59.9 233.8 59.9 232.6 59.9 231.5 59.9 230.5 59.8 229.4
  59.8 228.4 59.6 227.4 59.5 226.4 59.3 225.4 59.0 224.5 58.7 223.6 58.4 222.7
  58.1 221.8 57.8 220.9 57.5 220.1 57.1 219.4 56.7 218.6 56.3 217.9 55.8 217.1
  55.3 216.4 54.7 215.7 54.1 215.1 53.5 214.4 52.9 213.7 52.2 213.0 51.5 212.3
  50.8 211.6 50.2 211.0 49.7 210.3 49.1 209.6 48.4 209.0 47.8 208.3 47.1 207.5
  46.7 206.6 46.3 205.8 45.9 204.8 45.5 203.8 45.5 202.7 45.4 201.6 45.3 200.5
  45.1 199.4 45.0 198.3 44.9 197.2 44.7 196.1 44.6 194.9 44.7 193.7 44.8 192.4
  44.9 191.1 45.2 189.7 45.5 188.2 45.8 186.7 46.0 185.2 46.2 183.7 46.3 182.1
  46.5 180.6 46.7 179.1 46.7 177.7 46.8 176.3 47.0 174.9 47.0 173.5 47.0 172.1
  47.0 170.6 46.8 169.1 46.7 167.5 46.4 165.9 46.2 164.2 45.9 162.5 45.7 160.5
  45.4 158.5 45.2 156.4 44.9 154.3 44.8 152.2 44.7 150.2 44.9 148.4 45.2 146.9
  45.6 145.5 46.0 144.2 46.4 143.0 46.8 141.9 47.2 140.9 47.7 139.9 48.1 139.0
  48.6 138.4 49.1 137.7 49.7 137.1
   9 25 82  0.0
  72.5 321.4 72.0 320.3 71.5 319.4 71.0 318.4 70.5 317.6 70.0 316.9 69.5 316.3
  69.0 315.5 68.5 314.8 67.9 314.2 67.4 313.3 66.9 312.5 66.4 311.8 65.8 311.1
  65.3 310.0 64.8 308.9 64.3 307.9 63.7 306.9 63.2 305.4 62.7 304.0 62.3 302.7
  61.8 301.3 61.4 299.6 60.9 297.8 60.5 296.1 60.1 294.4 59.7 292.6 59.3 290.6
  59.0 288.6 58.7 286.7 58.5 284.7 58.4 282.7 58.3 280.7 58.2 278.7 58.2 276.7
  58.2 274.8 58.4 272.9 58.5 271.1 58.7 269.3 59.0 267.7 59.3 266.1 59.7 264.5
  60.0 263.0 60.4 261.5 60.8 260.1 61.2 258.6 61.6 257.2 62.1 255.9 62.6 254.6
  63.1 253.3 63.6 252.0 64.1 250.7 64.7 249.5 65.2 248.2 65.7 246.9 66.2 245.6
  66.7 244.3 67.3 242.9 67.7 241.5 68.2 240.2 68.8 238.7 69.3 237.2 69.8 235.8
  70.2 234.3 70.7 232.9 71.2 231.5 71.6 230.2 72.0 228.8 72.4 227.5 72.7 226.2
  73.1 225.0 73.5 223.7 73.8 222.5 74.1 221.3 74.5 220.2 74.9 219.3 75.2 218.4
  75.5 217.7 75.8 217.1 76.2 216.5 76.5 215.6 76.8 214.7 77.1 213.9 77.4 213.1
  77.7 212.5 78.0 211.8 78.2 211.1 78.5 208.9 78.8 206.8 79.0 204.6 79.3 202.5
  79.5 200.4 79.8 198.3 80.0 196.2 80.2 194.1 80.4 190.8 80.6 187.4 80.8 183.9
  81.0 180.3 81.2 176.6 81.3 173.0 81.4 169.3 81.4 165.7 81.4 162.1 81.3 158.4
  81.2 154.9 81.0 151.3 80.7 147.9 80.4 144.5 80.1 141.4 79.7 138.5 79.3 136.1
  79.0 133.8 78.6 131.6 78.1 129.6 77.6 127.8 77.1 126.1 76.6 124.5 76.1 122.8
  75.6 121.2 75.1 119.7 74.5 118.2 74.0 116.8 73.5 115.8 73.0 114.7 72.4 113.6
  71.9 112.5 71.5 111.9 70.9 111.1 70.3 110.4 69.8 109.6 69.3 109.0 68.8 108.2
  68.3 107.5 67.6 106.7 67.0 106.0 66.3 105.3 65.7 104.6 65.2 103.8 64.5 103.0
  63.9 102.3 63.3 101.5 62.7 100.7 62.1 100.0 61.3  99.2 60.5  98.5 59.7  97.8
  58.9  97.1 58.3  96.4 57.7  95.7 57.0  95.0 56.4  94.4 55.7  93.8 55.1  93.2
  54.4  92.6 53.8  92.1 53.1  91.4 52.3  90.8 51.5  90.1 50.9  89.4 50.3  88.6
  49.7  87.9 49.2  87.2 48.7  86.4 48.2  85.6 47.7  84.8 47.3  84.0 46.8  83.0
  46.3  82.0 45.7  81.0 45.3  79.8 44.8  79.0 44.4  78.2 44.0  77.3 43.6  76.6
  43.2  75.8 42.8  75.0 42.4  74.1 42.0  73.2 41.6  72.4 41.3  71.5 40.9  70.6
  40.6  69.6 40.3  68.6 40.0  67.6 39.8  66.5 39.6  65.7 39.4  64.8 39.2  63.8
  39.1  62.8 39.0  61.7 38.9  60.5 38.8  59.3 39.0  58.0 39.2  56.8 39.3  55.6
  39.7  54.6 40.1  53.6 40.4  52.5 40.8  51.4 41.1  50.3 41.6  49.3 42.0  48.3
  42.4  47.4 43.1  46.4 43.8  45.5 44.6  44.6 45.4  43.9 46.4  43.1 47.4  42.6
  48.4  42.1 49.5  41.8 50.6  41.4 51.6  41.2 52.6  41.0 53.6  40.9 54.5  40.8
  55.4  40.8 56.2  40.8 57.0  40.8 57.7  40.8 58.4  40.7 59.0  40.7 59.6  40.7
  60.2  40.7 60.7  40.6 61.1  40.5 61.5  40.4 61.9  40.4 62.3  40.4 62.6  40.2
  62.9  40.1 63.1  39.9 63.5  39.7 63.8  39.6 64.1  39.4 64.4  39.2 64.6  38.9
  64.8  38.7 65.0  38.4 65.1  38.2
   9 26 82  0.0
  72.5 321.4 72.1 319.9 71.6 318.5 71.1 317.7 70.6 316.9 70.1 316.1 69.6 315.3
  68.9 314.9 68.3 314.4 67.6 313.9 66.9 313.7 66.2 313.4 65.5 313.1 64.8 312.9
  64.1 312.7 63.4 312.4 62.8 312.2 62.2 311.9 61.5 311.5 60.8 311.2 60.1 310.9
  59.5 310.5 59.0 310.3 58.4 310.1 57.9 309.8 57.5 309.8 57.0 309.6 56.6 309.4
  56.2 309.1 55.9 308.7 55.6 308.2 55.2 307.7 54.9 307.1 54.6 306.5 54.2 305.9
  53.8 305.2 53.4 304.5 52.8 303.9 52.2 303.2 51.6 302.7 51.0 302.0 50.4 301.3
  49.9 300.7 49.3 299.9 48.8 299.0 48.3 298.3 47.7 297.6 47.1 296.8 46.5 296.1
  45.8 295.6 44.9 294.8 43.9 294.1 42.9 293.1 42.0 292.2 41.1 291.1 40.2 290.1
  39.3 289.1 38.4 288.0 37.5 286.9 36.7 285.8 35.8 284.5 35.1 283.3 34.7 282.0
  34.3 280.6 33.9 279.1 33.9 278.0 33.8 277.0 33.7 276.0 33.6 275.1 33.8 274.1
  34.0 273.3 34.1 272.4 34.3 271.6 34.8 270.8 35.3 270.1 35.8 269.5 36.4 268.9
  37.2 268.5 38.0 268.1 38.9 267.7 39.5 267.5 40.1 267.3 40.8 267.1 41.4 267.0
  42.0 266.9 42.7 266.9 43.3 267.0 43.8 267.1 44.4 267.1 44.9 267.3 45.4 267.5
  45.8 267.7 46.3 267.9 46.7 268.1 47.3 268.3 47.9 268.5 48.5 268.8 49.0 268.9
  49.5 269.1 50.0 269.2 50.4 269.4 50.9 269.4 51.3 269.3 51.8 269.3 52.2 269.4
  52.6 269.1 53.1 268.8 53.5 268.6 54.0 268.4 54.4 268.2 54.9 267.6 55.3 267.1
  55.7 266.6 56.1 266.1 56.5 265.4 57.0 264.6 57.4 263.9 57.8 263.1 58.1 262.5
  58.5 261.5 58.9 260.5 59.3 259.6 59.5 258.6 59.7 257.7 60.0 256.8 60.3 255.7
  60.5 254.6 60.6 253.5 60.8 252.5 61.0 251.5 61.0 250.5 61.1 249.5 61.1 248.6
  61.1 247.6 61.0 246.7 60.9 245.8 60.8 245.0 60.7 244.1 60.6 243.3 60.4 242.6
  60.3 241.9 60.1 241.2 59.9 240.6 59.8 240.2 59.7 239.8 59.4 239.5 59.1 239.3
  58.9 239.0 58.6 238.7 58.3 238.5 58.1 238.3 57.8 238.1 57.6 238.2 57.4 238.3
  57.2 238.4 57.0 238.5 56.8 238.6 56.6 238.8 56.4 238.9 56.2 239.0 56.1 239.1
  55.9 239.2 55.8 239.5 55.6 239.8 55.5 240.0 55.5 240.3 55.6 240.5 55.6 240.7
  55.7 240.9 55.8 241.1 55.8 241.2 56.0 241.4 56.1 241.5 56.3 241.3 56.5 241.2
  56.7 241.1 56.9 240.9 57.1 240.8 57.4 240.7 57.7 240.5 58.0 240.4 58.4 239.9
  58.5 239.5 58.7 239.0 58.9 238.5 59.1 237.9 59.3 237.4 59.6 236.8 59.9 236.2
  60.2 235.6 60.4 234.7 60.6 233.8 60.9 232.9 61.2 232.0 61.2 231.0 61.3 230.1
  61.4 229.1 61.5 228.1 61.6 227.0 61.6 226.0 61.6 224.9 61.7 223.8 61.7 222.6
  61.7 221.5 61.7 220.3 61.8 219.1 61.7 218.0 61.5 216.8 61.4 215.6 61.1 214.5
  60.8 213.3 60.5 212.2 60.2 211.0 59.9 209.8 59.5 208.9 59.2 208.0 58.9 207.1
  58.4 206.3 57.9 205.4 57.4 204.9 56.9 204.3 56.3 203.6 55.6 202.9 55.0 202.3
  54.4 201.7 53.7 200.9 53.1 200.4 52.5 199.9 51.8 199.3 51.0 199.1 50.2 198.7
  49.4 198.3 48.6 197.9 47.8 197.3 47.0 196.5 46.4 195.5 45.7 194.6 45.1 193.4
  44.5 192.3 44.0 191.2 43.3 190.0
   9 27 82  0.0
  72.5 321.4 72.3 321.7 72.0 322.0 71.8 322.2 71.5 322.9 71.3 323.5 71.0 324.0
  70.8 324.5 70.5 324.9 70.3 325.3 70.0 325.6 69.7 325.8 69.4 326.6 69.1 327.3
  68.8 327.9 68.5 328.5 68.3 328.9 68.2 329.3 68.0 329.6 67.8 330.2 67.7 330.8
  67.5 331.3 67.4 331.8 67.2 332.3 67.2 332.7 67.1 333.1 67.1 333.5 67.1 333.8
  67.1 334.0 67.0 334.2 67.0 334.2 67.0 334.3 67.0 334.2 67.0 334.0 66.9 333.8
  66.9 333.4 66.9 332.9 66.9 332.3 66.9 331.7 66.8 331.1 66.7 330.4 66.6 329.7
  66.6 329.0 66.5 328.3 66.5 327.4 66.3 326.6 66.1 325.7 65.9 324.8 65.8 323.9
  65.5 322.9 65.3 322.0 65.1 321.0 64.8 320.0 64.6 319.1 64.3 318.1 64.0 317.0
  63.7 316.0 63.3 314.8 62.9 313.5 62.6 312.2 62.3 310.7 61.8 309.2 61.3 307.5
  60.8 305.8 60.3 304.1 59.9 302.3 59.4 300.6 58.9 298.8 58.4 297.0 58.0 295.1
  57.6 293.3 57.2 291.5 56.9 289.6 56.7 287.7 56.5 285.7 56.3 283.8 56.2 281.9
  56.1 280.1 56.0 278.3 56.0 276.8 56.0 275.5 56.1 274.2 56.1 272.6 56.2 271.2
  56.4 269.7 56.5 268.4 56.7 267.1 57.0 265.9 57.3 264.7 57.5 263.6 57.8 262.5
  58.1 261.4 58.4 260.1 58.7 258.8 59.0 257.6 59.4 256.4 59.7 255.3 60.0 254.3
  60.4 253.1 60.7 251.9 61.1 250.7 61.4 249.6 61.8 248.6 62.2 247.6 62.5 246.4
  62.8 245.3 63.1 244.2 63.5 243.1 63.8 242.0 64.1 241.0 64.5 239.8 64.8 238.7
  65.1 237.5 65.4 236.3 65.7 235.2 66.0 234.0 66.2 232.9 66.5 231.6 66.7 230.4
  67.0 229.1 67.2 227.9 67.3 226.6 67.4 225.4 67.5 224.3 67.7 223.1 67.7 221.9
  67.7 220.8 67.7 219.6 67.6 218.5 67.5 217.4 67.5 216.3 67.5 215.2 67.4 214.1
  67.4 213.1 67.3 212.1 67.2 211.2 67.1 210.5 66.9 209.8 66.8 209.2 66.6 208.6
  66.4 208.1 66.2 207.7 66.0 207.3 65.7 206.7 65.4 206.2 65.1 205.7 64.8 205.2
  64.5 204.9 64.2 204.7 63.8 204.5 63.5 204.1 63.1 203.7 62.8 203.4 62.4 203.1
  62.1 202.9 61.7 202.6 61.4 202.2 61.1 201.7 60.8 201.3 60.5 201.0 60.2 200.7
  59.8 200.4 59.5 200.1 59.2 199.7 58.9 199.4 58.7 199.1 58.4 198.8 58.2 198.6
  58.0 198.3 57.9 198.1 57.7 197.6 57.6 197.2 57.4 196.8 57.3 196.4 57.2 196.0
  57.1 195.6 57.1 195.2 57.1 194.8 57.1 194.4 57.1 194.0 57.2 193.6 57.3 193.2
  57.3 192.8 57.4 192.5 57.6 192.1 57.7 191.8 57.9 191.5 58.0 191.1 58.3 191.0
  58.5 190.9 58.8 190.7 59.0 190.6 59.3 190.5 59.5 190.5 59.8 190.4 60.0 190.4
  60.3 190.4 60.5 190.5 60.8 190.6 61.0 190.7 61.2 190.9 61.4 191.1 61.6 191.4
  61.8 191.7 61.9 192.1 62.0 192.5 62.0 193.0 62.0 193.6 62.0 194.2 61.9 194.8
  61.9 195.5 61.8 196.2 61.5 196.9 61.2 197.6 60.8 198.3 60.4 198.9 59.9 199.5
  59.5 200.3 58.7 201.1 57.9 201.7 57.1 202.4 56.2 203.1 55.3 203.6 54.3 204.1
  53.1 204.5 52.0 204.7 50.8 204.6 49.6 204.6 48.3 204.4 47.0 204.2 45.8 203.9
  44.7 203.2 43.5 202.6 42.4 201.6 41.4 200.6 40.4 199.3 39.7 197.8 39.0 196.2
  38.3 194.3 38.1 192.1 37.8 189.6
   9 28 82  0.0
  72.5 321.4 72.4 322.3 72.2 323.1 72.1 324.1 72.1 325.1 72.1 326.1 72.0 327.1
  72.0 328.2 72.0 329.4 72.0 330.6 72.0 331.9 72.0 333.4 71.9 335.0 71.8 336.7
  71.7 338.3 71.6 340.0 71.5 341.7 71.3 343.4 71.2 345.1 71.0 346.8 70.8 348.3
  70.5 349.8 70.2 351.1 69.9 352.3 69.6 353.6 69.2 354.8 68.8 355.8 68.4 356.8
  67.9 357.6 67.5 358.6 67.0 359.4 66.4   0.1 65.9   0.3 65.3   0.6 64.6   0.9
  64.0   1.1 63.3   1.3 62.6   1.4 61.9   1.6 61.1   1.8 60.3   1.9 59.5   2.1
  58.6   2.2 57.7   2.3 56.7   2.2 55.7   2.2 54.7   2.0 53.7   1.9 52.7   1.7
  51.6   1.5 50.6   1.2 49.5   0.9 48.5   0.6 47.5   0.2 46.5 359.7 45.5 359.0
  44.6 358.1 43.6 357.2 42.7 356.2 41.8 355.2 40.9 354.0 40.0 352.8 39.2 351.5
  38.7 350.1 38.2 348.6 37.8 347.0 37.8 345.6 37.7 344.2 37.7 342.9 38.0 341.6
  38.4 340.1 38.6 338.6 39.1 337.1 39.6 335.7 40.3 334.3 41.0 333.0 41.6 331.8
  42.3 330.6 43.0 329.3 43.8 328.1 44.5 326.9 45.2 325.7 46.0 324.5 46.8 323.4
  47.4 322.2 48.1 321.1 48.8 320.0 49.3 318.9 49.7 317.7 50.2 316.6 50.8 315.5
  51.1 314.4 51.4 313.3 51.7 312.1 52.1 310.9 52.3 309.9 52.5 308.8 52.8 307.7
  52.9 306.7 53.0 305.6 53.1 304.6 53.3 303.5 53.3 302.6 53.3 301.6 53.4 300.6
  53.5 299.7 53.5 298.8 53.5 297.9 53.5 297.0 53.6 296.1 53.7 295.2 53.7 294.3
  53.8 293.4 53.8 292.5 53.9 291.6 54.0 290.8 54.0 289.9 54.1 288.7 54.2 287.6
  54.2 286.4 54.2 285.3 54.3 284.2 54.3 283.1 54.4 282.0 54.4 281.0 54.5 280.1
  54.6 279.1 54.7 278.2 54.8 277.3 54.9 276.4 55.0 275.6 55.1 274.8 55.2 274.0
  55.3 273.2 55.5 272.4 55.6 271.7 55.7 270.9 55.9 270.1 56.0 269.3 56.2 268.4
  56.4 267.4 56.5 266.5 56.6 265.5 56.8 264.6 57.0 263.7 57.0 262.8 57.1 261.9
  57.2 261.0 57.4 260.1 57.5 259.3 57.5 258.5 57.6 257.6 57.6 256.9 57.7 256.1
  57.8 255.3 57.8 254.6 57.8 253.9 57.8 253.2 57.8 252.5 57.9 251.8 57.8 251.2
  57.7 250.5 57.7 249.9 57.6 249.3 57.5 248.6 57.4 248.0 57.4 247.4 57.2 246.8
  57.0 246.3 56.9 245.7 56.7 245.1 56.5 244.6 56.3 244.2 56.1 243.7 55.9 243.3
  55.6 243.2 55.4 243.2 55.1 243.1 54.8 243.0 54.6 243.0 54.3 243.0 54.0 242.9
  53.7 242.9 53.5 243.2 53.2 243.4 52.9 243.7 52.7 244.0 52.4 244.2 52.3 244.4
  52.2 244.7 52.1 244.9 52.0 245.1 52.0 245.3 51.9 245.6 51.9 245.9 51.9 246.1
  51.8 246.3 51.8 246.5 51.8 246.7 51.8 246.8 51.7 247.0 51.7 247.1 51.7 247.2
  51.7 247.3 51.7 247.3 51.7 247.4 51.7 247.4 51.8 247.5 51.8 247.5 51.8 247.5
  51.9 247.5 51.9 247.5 52.0 247.5 52.1 247.4 52.2 247.4 52.3 247.3 52.5 247.2
  52.6 247.1 52.8 247.0 53.0 246.9 53.2 246.7 53.4 246.6 53.7 246.4 54.0 246.3
  54.3 246.1 54.6 245.8 55.0 245.5 55.5 245.2 55.9 245.0 56.4 244.7 57.0 244.3
  57.5 243.8 57.9 243.3 58.2 242.8 58.6 242.1 59.0 241.4 59.4 240.6 59.9 239.8
  60.2 239.0 60.6 238.0 61.1 236.9
   9 29 82  0.0
  72.5 321.4 72.3 322.1 72.1 322.9 72.0 323.6 71.8 324.2 71.7 324.9 71.6 325.5
  71.5 326.2 71.4 326.8 71.3 327.5 71.2 328.2 71.2 329.0 71.2 329.8 71.2 330.6
  71.2 331.4 71.2 332.3 71.3 333.3 71.3 334.3 71.4 335.4 71.5 336.6 71.6 337.9
  71.7 339.2 71.9 340.5 72.0 342.0 72.2 343.9 72.3 345.8 72.4 347.8 72.4 349.8
  72.2 351.6 72.0 353.4 71.7 355.0 71.5 356.7 71.0 358.4 70.6   0.0 70.0   0.6
  69.3   1.1 68.7   1.7 67.9   2.4 67.2   2.7 66.5   3.1 65.7   3.4 64.9   3.5
  64.1   3.7 63.2   3.9 62.4   3.9 61.5   4.1 60.5   4.1 59.4   4.2 58.3   4.2
  57.2   4.2 56.1   4.0 55.2   3.8 54.3   3.4 53.4   3.0 52.6   2.5 51.8   2.0
  51.0   1.4 50.2   0.9 49.4   0.3 48.7 359.6 48.2 358.6 47.7 357.5 47.2 356.5
  46.7 355.4 46.4 354.3 46.2 353.2 45.9 352.1 45.6 351.1 45.7 350.1 45.8 349.0
  45.9 347.9 46.3 346.7 46.7 345.4 47.1 344.0 47.4 342.7 48.0 341.4 48.6 340.1
  49.3 338.9 50.0 337.8 50.9 337.0 51.8 336.3 52.7 335.5 53.4 335.0 54.2 334.5
  55.0 334.3 55.9 334.1 56.7 333.9 57.5 333.9 58.2 333.9 58.9 334.2 59.6 334.6
  60.1 335.0 60.7 335.4 61.2 335.9 61.6 336.4 61.9 336.9 62.2 337.5 62.5 337.9
  62.7 338.3 63.0 338.9 63.2 339.6 63.3 340.3 63.4 341.2 63.4 342.1 63.4 343.1
  63.4 344.1 63.3 345.2 63.2 346.2 63.1 347.2 63.0 348.1 62.8 348.9 62.6 349.6
  62.4 350.3 62.2 350.9 61.9 351.5 61.7 351.9 61.4 352.4 61.1 352.7 60.8 353.1
  60.5 353.4 60.2 353.7 59.8 354.0 59.5 353.8 59.1 353.6 58.8 353.5 58.4 353.3
  58.0 353.2 57.6 352.7 57.1 352.2 56.7 351.7 56.3 351.3 55.9 350.8 55.6 349.9
  55.3 349.0 55.0 348.0 54.7 347.1 54.5 346.1 54.2 345.1 53.9 344.1 53.7 342.7
  53.4 341.3 53.1 339.8 52.9 338.2 52.8 336.6 52.6 334.9 52.6 333.1 52.6 331.3
  52.8 329.4 52.9 327.5 53.1 325.6 53.2 323.7 53.4 321.8 53.5 319.9 53.6 317.9
  53.7 316.0 53.8 314.0 53.9 312.0 54.1 309.9 54.3 307.7 54.5 305.6 54.8 303.5
  55.1 301.4 55.5 299.4 55.9 297.5 56.3 295.6 56.7 293.4 57.1 291.2 57.6 288.9
  58.2 286.8 59.0 284.6 59.8 282.5 60.7 280.6 61.6 278.7 62.3 276.8 63.1 274.8
  63.8 272.9 64.5 270.9 65.2 268.9 65.8 266.9 66.5 264.9 67.3 263.0 68.0 261.0
  68.8 259.0 69.4 256.9 70.0 254.8 70.4 252.7 70.9 250.6 71.3 248.5 71.8 246.3
  72.1 244.1 72.6 242.3 72.9 240.4 73.4 238.5 73.7 236.6 74.0 234.7 74.3 233.1
  74.6 231.5 74.9 229.9 75.1 228.2 75.4 226.6 75.6 225.0 75.9 223.4 76.1 221.8
  76.4 220.4 76.6 218.9 76.9 217.5 77.1 216.1 77.3 214.6 77.6 213.2 77.8 211.7
  78.0 210.3 78.2 208.8 78.5 207.5 78.7 206.1 78.9 204.7 79.1 203.3 79.3 202.0
  79.6 200.7 79.8 199.4 80.1 198.2 80.4 197.2 80.7 196.1 81.1 195.1 81.4 194.1
  81.8 193.0 82.1 192.0 82.6 190.6 83.1 189.1 83.5 187.4 83.9 185.6 84.3 183.4
  84.7 180.7 85.1 177.4 85.4 173.5 85.7 169.0 85.9 163.8 86.1 158.0 86.4 152.3
  86.6 145.9 86.7 138.8 86.8 131.1
   9 30 82  0.0
  72.5 321.4 72.3 322.2 72.2 323.1 72.1 324.0 72.0 325.0 71.9 326.0 71.9 327.1
  71.8 328.2 71.7 329.3 71.7 330.5 71.7 331.7 71.7 332.9 71.6 334.2 71.6 335.6
  71.5 337.0 71.5 338.3 71.4 339.8 71.4 341.2 71.3 342.6 71.2 344.0 71.1 345.3
  71.0 346.7 70.8 348.0 70.5 349.3 70.2 350.4 69.8 351.4 69.5 352.0 69.1 352.7
  68.6 353.3 68.1 353.9 67.5 354.4 67.0 354.9 66.5 355.3 65.9 355.8 65.4 356.1
  64.8 356.4 64.1 356.7 63.4 357.0 62.8 357.0 62.1 357.0 61.4 357.0 60.7 356.9
  59.9 356.8 59.2 356.7 58.4 356.6 57.6 356.6 56.9 356.2 56.1 355.9 55.5 355.6
  55.0 354.7 54.5 353.9 53.9 353.1 53.4 352.0 52.8 351.0 52.2 350.1 51.7 349.3
  51.2 348.2 50.8 347.1 50.5 346.0 50.3 344.8 50.1 343.6 50.0 342.2 49.9 340.8
  49.8 339.0 49.9 337.2 50.0 335.3 50.2 333.4 50.5 331.6 51.0 329.7 51.4 327.7
  51.9 325.7 52.3 323.8 52.8 321.9 53.2 319.9 53.6 317.9 53.9 316.0 54.3 314.0
  54.6 312.1 54.9 310.1 55.1 308.0 55.3 305.7 55.5 303.5 55.7 301.1 55.9 298.8
  56.1 296.5 56.4 293.9 56.8 291.4 57.1 289.1 57.4 286.7 57.7 284.5 58.1 282.4
  58.4 280.5 58.7 278.6 59.0 276.8 59.4 275.0 59.7 273.3 60.0 271.6 60.3 270.1
  60.5 268.5 60.8 267.0 61.1 265.5 61.3 264.0 61.6 262.5 61.8 261.1 62.1 259.7
  62.4 258.3 62.6 256.9 62.9 255.5 63.0 254.2 63.1 252.9 63.2 251.6 63.2 250.4
  63.2 249.1 63.2 247.9 63.1 246.6 63.1 245.4 63.0 244.1 62.9 242.7 62.8 241.3
  62.6 240.0 62.4 238.6 62.3 237.2 62.1 235.7 62.1 234.1 62.0 232.6 61.9 231.3
  61.8 230.0 61.7 228.7 61.6 227.5 61.4 226.3 61.2 225.2 61.0 224.0 60.7 222.9
  60.4 221.8 60.2 220.8 59.9 219.9 59.8 219.3 59.7 218.7 59.6 218.2 59.4 217.8
  59.2 217.3 59.0 216.9 58.7 216.6 58.4 216.2 58.1 215.9 58.1 215.7 58.1 215.4
  58.1 215.1 58.0 214.9 57.9 214.6 57.8 214.4 57.6 214.2 57.5 214.0 57.3 213.8
  57.0 213.5 56.7 213.3 56.4 213.1 56.0 212.9 55.6 212.7 55.2 212.3 54.8 212.0
  54.8 211.6 54.8 211.2 54.7 210.7 54.6 210.3 54.4 209.8 54.2 209.2 54.0 208.7
  53.8 208.1 53.5 207.4 53.5 206.6 53.4 205.8 53.2 205.0 53.0 204.3 52.8 203.5
  52.7 202.8 52.5 202.0 52.4 201.3 52.2 200.6 51.9 199.9 52.0 199.1 52.0 198.2
  52.0 197.4 52.0 196.6 52.0 195.8 52.2 194.9 52.4 194.0 52.5 193.1 52.6 192.2
  52.6 191.3 52.9 190.3 53.1 189.4 53.3 188.4 53.4 187.4 53.8 186.4 54.2 185.3
  54.5 184.1 54.8 182.9 55.3 181.7 55.7 180.6 56.1 179.6 56.6 178.5 57.0 177.4
  57.3 176.3 57.7 175.1 58.1 173.9 58.6 172.7 59.0 171.5 59.4 170.3 59.9 169.1
  60.3 168.0 60.8 167.1 61.3 166.2 61.8 165.4 62.4 164.6 63.0 164.1 63.6 163.5
  64.2 163.0 64.8 162.7 65.4 162.4 66.0 162.1 66.7 162.1 67.3 162.1 68.0 162.1
  68.6 162.1 69.2 162.4 69.7 162.7 70.3 163.1 70.8 163.6 71.3 164.1 71.8 164.7
  72.3 165.2 72.7 165.8 73.2 166.4 73.6 167.0 73.9 167.6 74.3 168.2 74.6 168.4
  75.0 168.6 75.3 168.7 75.6 168.8
