   4  1 68  0.0
  72.5 321.4 72.7 320.9 73.0 320.5 73.2 319.9 73.3 319.4 73.4 318.8 73.6 318.2
  73.7 317.6 73.8 317.0 73.9 316.4 74.1 315.7 74.2 315.6 74.3 315.4 74.4 315.3
  74.5 315.1 74.7 314.9 74.8 314.7 74.9 314.5 75.0 314.3 75.2 314.1 75.3 313.8
  75.4 313.5 75.6 313.2 75.7 312.9 75.9 312.6 76.1 312.3 76.3 312.4 76.5 312.5
  76.7 312.6 76.9 312.6 77.1 312.6 77.3 312.5 77.6 312.4 77.8 312.3 78.1 312.2
  78.4 312.0 78.7 311.7 79.0 311.4 79.3 311.1 79.6 310.9 79.9 310.7 80.1 310.6
  80.5 310.6 80.8 310.6 81.1 310.7 81.4 310.9 81.6 311.2 81.9 311.6 82.2 312.1
  82.5 312.3 82.8 312.6 83.1 312.8 83.4 313.1 83.7 313.3 83.9 313.4 84.2 313.6
  84.6 313.8 84.9 314.0 85.2 314.2 85.5 314.5 85.7 314.9 86.0 315.4 86.2 316.0
  86.5 317.2 86.7 318.7 86.9 320.6 87.1 322.9 87.3 325.5 87.4 328.5 87.5 331.9
  87.5 335.6 87.6 339.4 87.6 343.3 87.6 347.1 87.5 350.8 87.5 354.1 87.4 357.0
  87.3 359.7 87.1   2.0 87.0   2.1 86.8   2.2 86.6   2.3 86.3   2.4 86.1   2.5
  85.8   2.7 85.6   2.6 85.4   2.6 85.2   2.6 84.9   2.6 84.7   2.6 84.5   2.7
  84.2   2.7 84.0   2.7 83.8   2.7 83.6   2.6 83.4   2.6 83.2   2.6 83.0   2.6
  82.8   2.6 82.6   2.6 82.4   2.6 82.1   2.6 81.9   2.6 81.6   2.5 81.4   2.4
  81.2   2.3 81.0   2.2 80.7   2.1 80.5   2.0 80.2   1.9 79.9   1.7 79.8   1.6
  79.6   1.4 79.4   1.2 79.3   1.0 79.2   0.8 79.1   0.5 79.0   0.3 78.9 360.0
  78.8 358.4 78.8 356.6 78.7 354.8 78.7 353.1 78.6 351.5 78.4 349.9 78.3 348.4
  78.2 347.1 78.0 345.8 77.8 344.6 77.7 342.7 77.5 340.8 77.4 339.0 77.2 337.3
  77.1 335.7 76.9 334.2 76.7 332.9 76.6 331.7 76.4 330.6 76.3 329.6 76.1 328.7
  76.0 327.8 75.9 326.7 75.8 325.6 75.7 324.6 75.6 323.7 75.5 322.8 75.4 322.0
  75.3 321.2 75.2 320.5 75.1 319.9 75.1 319.3 75.0 318.8 75.0 318.3 75.0 317.9
  75.0 317.5 75.0 317.2 75.0 316.8 75.0 316.5 75.0 316.3 75.0 316.0 75.0 315.8
  75.0 315.5 75.1 315.3 75.1 315.1 75.1 315.0 75.2 314.8 75.2 314.6 75.3 314.5
  75.3 314.3 75.3 314.2 75.4 314.0 75.4 313.9 75.5 313.7 75.5 313.5 75.5 313.3
  75.5 313.1 75.6 312.9 75.6 312.7 75.6 312.5 75.6 312.3 75.6 312.1 75.6 311.8
  75.7 311.6 75.8 311.4 75.8 311.2 75.9 311.1 75.9 310.9 76.0 310.8 76.0 310.7
  76.1 310.7 76.1 310.7 76.2 310.7 76.2 310.6 76.2 310.6 76.2 310.6 76.3 310.6
  76.3 310.5 76.3 310.5 76.3 310.4 76.2 310.4 76.2 310.3 76.2 310.3 76.1 310.2
  76.1 310.1 76.0 310.0 75.9 309.8 75.8 309.6 75.7 309.5 75.7 309.5 75.6 309.5
  75.4 309.6 75.3 309.8 75.2 310.0 75.1 310.3 74.9 310.6 74.8 310.9 74.6 311.3
  74.5 311.7 74.3 312.0 74.1 312.4 73.9 312.7 73.7 312.9 73.4 313.1 73.2 313.3
  73.0 313.5 72.8 313.7 72.5 313.9 72.3 314.1 72.0 314.3 71.7 314.4 71.5 314.5
  71.3 314.7 71.0 314.8 70.8 315.0 70.6 315.2 70.4 315.4 70.2 315.6 70.1 315.9
  69.9 316.2 69.8 316.6 69.7 317.1
   4  2 68  0.0
  72.5 321.4 72.6 320.4 72.7 319.4 72.8 318.3 72.8 317.2 72.8 316.1 72.9 314.9
  72.8 313.8 72.7 312.6 72.6 311.5 72.4 310.3 72.2 309.2 72.0 308.1 71.8 307.0
  71.5 306.0 71.2 305.1 70.9 304.1 70.6 303.3 70.2 302.4 69.9 301.6 69.6 300.9
  69.3 300.2 69.0 299.5 68.6 298.8 68.2 298.2 67.8 297.5 67.4 297.0 67.0 296.6
  66.6 296.2 66.1 295.9 65.5 295.5 65.0 295.4 64.4 295.2 63.7 295.0 63.1 295.0
  62.5 295.0 61.8 295.0 61.2 295.1 60.6 295.2 60.1 295.3 59.6 295.5 59.1 295.7
  58.6 296.0 58.2 296.3 57.9 296.6 57.6 297.1 57.3 297.7 57.0 298.3 56.7 298.9
  56.4 299.6 56.0 300.3 55.9 300.9 55.8 301.6 55.7 302.3 55.6 302.9 55.5 303.5
  55.4 304.1 55.5 304.7 55.7 305.2 55.9 305.8 56.0 306.4 56.2 306.9 56.3 307.3
  56.5 307.8 56.7 308.3 56.9 308.7 57.2 309.2 57.5 309.6 57.7 310.0 58.0 310.3
  58.3 310.5 58.6 310.7 58.9 310.9 59.3 311.1 59.6 311.2 59.9 311.4 60.2 311.5
  60.5 311.4 60.9 311.4 61.2 311.3 61.5 311.2 61.8 311.1 62.1 311.0 62.4 310.7
  62.7 310.4 63.0 310.1 63.3 309.8 63.6 309.5 63.9 309.2 64.2 308.8 64.4 308.3
  64.7 307.8 64.9 307.2 65.2 306.7 65.5 306.1 65.7 305.5 65.9 304.8 66.1 304.1
  66.4 303.4 66.6 302.7 66.8 301.9 67.0 301.2 67.2 300.5 67.4 299.7 67.5 299.0
  67.7 298.3 67.9 297.6 68.1 296.9 68.2 296.0 68.4 295.2 68.6 294.3 68.7 293.4
  68.8 292.5 68.9 291.6 69.0 290.7 69.0 289.8 69.1 288.9 69.1 288.0 69.2 287.1
  69.2 286.2 69.2 285.4 69.2 284.5 69.2 283.6 69.2 282.7 69.2 281.8 69.2 280.9
  69.2 279.9 69.1 279.0 69.1 278.0 69.0 277.0 69.0 276.0 68.9 274.9 68.8 273.8
  68.8 272.6 68.7 271.5 68.6 270.3 68.5 269.2 68.5 268.0 68.4 266.9 68.3 265.8
  68.2 264.7 68.2 263.6 68.1 262.6 68.0 261.5 68.0 260.4 67.9 259.3 67.9 258.3
  67.9 257.3 67.9 256.2 67.9 255.2 67.8 254.2 67.8 253.3 67.8 252.3 67.8 251.3
  67.9 250.4 67.9 249.4 67.9 248.5 67.9 247.5 67.9 246.6 67.9 245.7 68.0 244.8
  68.0 243.9 67.9 243.1 67.9 242.4 67.9 241.6 67.9 240.9 67.9 240.2 67.9 239.6
  67.8 239.0 67.8 238.4 67.7 237.8 67.6 237.1 67.6 236.5 67.5 235.9 67.5 235.3
  67.4 234.7 67.3 234.0 67.3 233.4 67.2 232.7 67.1 232.1 67.0 231.4 67.0 230.7
  66.9 230.1 66.8 229.4 66.8 228.8 66.7 228.3 66.6 227.7 66.6 227.1 66.5 226.6
  66.5 226.0 66.4 225.4 66.3 224.9 66.3 224.4 66.2 223.8 66.1 223.3 66.1 222.8
  66.0 222.3 66.0 221.8 65.9 221.5 65.9 221.1 65.8 220.8 65.8 220.5 65.7 220.2
  65.7 219.9 65.6 219.6 65.5 219.3 65.5 219.0 65.4 218.7 65.3 218.3 65.3 218.0
  65.2 217.7 65.1 217.4 65.1 217.0 65.0 216.7 64.9 216.4 64.8 216.1 64.7 215.7
  64.6 215.4 64.4 215.1 64.3 214.9 64.1 214.6 63.9 214.4 63.7 214.3 63.6 214.1
  63.4 214.0 63.2 213.9 63.0 213.8 62.8 213.7 62.6 213.7 62.4 213.6 62.2 213.6
  62.0 213.6 61.8 213.5 61.6 213.4 61.4 213.3 61.3 213.3 61.1 213.2 60.9 213.1
  60.7 213.1 60.5 213.0 60.3 213.0
   4  3 68  0.0
  72.5 321.4 72.6 320.3 72.6 319.2 72.5 318.1 72.5 316.9 72.4 315.8 72.1 314.7
  71.9 313.6 71.6 312.9 71.4 312.2 71.2 311.6 70.8 310.9 70.4 310.3 70.0 309.8
  69.6 309.2 69.3 308.8 68.9 308.5 68.5 308.1 68.1 307.7 67.6 307.4 67.1 307.1
  66.5 306.8 65.9 306.6 65.3 306.4 64.7 306.2 64.0 306.1 63.4 305.9 62.8 305.9
  62.1 306.0 61.5 306.0 61.0 306.2 60.5 306.4 60.0 306.7 59.5 307.1 59.1 307.5
  58.8 308.0 58.5 308.6 58.3 309.2 58.1 309.8 57.9 310.4 57.7 311.3 57.5 312.1
  57.3 313.0 57.1 313.9 57.0 314.8 56.8 315.6 56.6 316.4 56.7 317.3 56.8 318.1
  56.9 319.0 57.0 319.9 57.2 320.9 57.5 321.9 57.7 323.0 58.0 324.1 58.2 325.1
  58.3 325.8 58.5 326.4 58.6 327.0 58.7 327.4 58.8 327.6 58.9 327.8 59.0 328.0
  59.1 328.1 59.3 328.1 59.5 328.1 59.7 328.1 59.9 328.1 60.1 328.0 60.3 327.8
  60.5 327.5 60.8 327.3 61.0 327.0 61.2 326.7 61.4 326.4 61.7 326.1 62.0 325.8
  62.3 325.5 62.6 325.1 63.0 324.6 63.4 324.2 63.7 323.7 64.1 323.3 64.4 322.7
  64.8 322.2 65.2 321.6 65.6 321.0 65.9 320.4 66.2 319.8 66.5 319.0 66.8 318.3
  67.1 317.5 67.3 316.6 67.5 315.8 67.7 314.8 67.9 313.9 68.0 313.0 68.2 312.0
  68.4 311.0 68.6 310.0 68.7 309.0 68.8 307.9 69.0 306.8 69.1 305.7 69.2 304.5
  69.4 303.4 69.5 302.2 69.6 301.0 69.7 299.8 69.8 298.6 69.9 297.4 69.9 296.2
  70.0 295.0 70.0 293.8 70.0 292.7 70.0 291.5 69.9 290.3 69.9 289.2 69.9 288.0
  69.8 286.8 69.8 285.7 69.7 284.5 69.6 283.4 69.5 282.3 69.4 281.2 69.3 280.2
  69.1 279.2 69.0 278.3 68.8 277.3 68.6 276.4 68.4 275.5 68.1 274.7 67.9 273.8
  67.6 273.2 67.4 272.5 67.2 271.8 66.9 271.2 66.7 270.6 66.4 269.9 66.2 269.3
  65.9 268.7 65.6 268.1 65.4 267.5 65.1 266.9 64.7 266.3 64.4 265.6 64.0 265.0
  63.7 264.4 63.3 263.8 63.0 263.2 62.6 262.6 62.2 261.9 61.8 261.2 61.5 260.6
  61.1 259.9 60.7 259.3 60.3 258.6 59.9 257.9 59.5 257.3 59.2 256.7 58.8 256.2
  58.5 255.6 58.2 255.0 57.8 254.5 57.6 254.0 57.3 253.5 57.0 253.0 56.8 252.4
  56.6 251.9 56.3 251.4 56.1 250.8 55.9 250.3 55.7 249.9 55.6 249.5 55.4 249.2
  55.3 248.8 55.1 248.4 55.0 248.0 54.9 247.6 54.9 247.2 54.8 246.8 54.8 246.5
  54.7 246.1 54.7 245.7 54.6 245.3 54.5 245.0 54.4 244.6 54.4 244.3 54.3 244.0
  54.2 243.7 54.1 243.5 54.0 243.2 53.8 243.2 53.7 243.2 53.6 243.1 53.4 243.0
  53.3 243.0 53.2 242.9 53.0 242.7 52.9 242.6 52.7 242.5 52.5 242.3 52.3 242.1
  52.1 241.9 51.8 241.8 51.6 241.6 51.4 241.5 51.1 241.4 50.9 241.2 50.7 241.0
  50.5 240.8 50.3 240.6 50.2 240.3 50.0 240.0 49.9 239.7 49.7 239.4 49.6 239.0
  49.4 238.6 49.2 238.2 49.0 237.9 48.8 237.5 48.7 237.1 48.5 236.7 48.3 236.3
  48.1 235.8 47.7 235.4 47.4 234.8 47.2 234.2 46.9 233.6 46.6 232.9 46.3 232.2
  46.0 231.5 45.6 230.7 45.3 229.9 44.9 229.0 44.6 228.1 44.2 227.1 44.1 226.0
  44.0 225.0 43.9 223.9 43.9 222.8
   4  4 68  0.0
  72.5 321.4 72.6 319.6 72.7 317.9 72.7 316.2 72.7 314.6 72.6 313.1 72.5 311.6
  72.3 310.2 72.1 308.9 71.9 307.7 71.6 307.0 71.3 306.4 71.0 305.8 70.6 305.2
  70.3 304.7 70.0 304.2 69.6 303.9 69.2 303.6 68.8 303.3 68.4 303.0 67.9 302.7
  67.5 302.8 67.1 302.8 66.6 302.8 66.1 302.8 65.6 302.8 65.1 303.1 64.5 303.3
  63.9 303.5 63.4 303.9 62.8 304.2 62.2 304.5 61.6 304.7 61.1 305.2 60.5 305.5
  59.9 305.9 59.3 306.4 58.8 306.8 58.1 307.3 57.5 307.6 56.9 308.2 56.5 308.7
  56.0 309.2 55.5 309.7 55.1 310.3 54.7 310.9 54.3 311.5 53.9 312.1 53.5 312.8
  53.2 313.5 52.8 314.2 52.5 314.9 52.1 315.5 51.8 316.2 51.4 316.9 50.9 317.5
  50.4 318.1 49.9 318.6 49.3 319.0 48.7 319.2 48.1 319.4 47.3 319.6 46.6 319.4
  45.8 319.2 45.1 318.8 44.3 318.4 43.4 317.9 42.6 317.4 41.8 316.8 41.0 316.2
  40.3 315.5 39.6 314.7 39.0 313.7 38.4 312.7 37.9 311.5 37.6 310.5 37.2 309.5
  36.9 308.4 36.6 307.2 36.5 306.0 36.4 304.8 36.2 303.5 36.3 302.2 36.5 300.8
  36.6 299.4 37.0 298.1 37.3 296.8 37.7 295.7 38.2 294.6 38.8 293.4 39.4 292.3
  40.0 291.2 40.6 290.2 41.3 289.1 42.0 288.1 42.7 287.1 43.3 286.1 43.8 285.1
  44.4 284.1 45.0 283.2 45.4 282.2 45.7 281.3 46.1 280.4 46.6 279.5 46.8 278.6
  47.1 277.7 47.4 276.8 47.8 275.9 48.0 275.1 48.3 274.1 48.6 273.1 48.9 272.1
  49.2 271.1 49.3 270.1 49.5 269.1 49.6 268.2 49.8 267.2 50.0 266.2 50.2 265.3
  50.4 264.3 50.7 263.4 50.9 262.4 51.2 261.5 51.5 260.6 51.8 259.7 52.0 258.7
  52.2 257.8 52.4 256.9 52.7 256.0 52.9 255.1 53.1 254.3 53.3 253.4 53.6 252.6
  54.0 251.8 54.1 251.0 54.3 250.3 54.6 249.7 54.8 249.1 55.1 248.4 55.4 247.8
  55.5 247.3 55.7 246.7 55.9 246.1 56.1 245.5 56.4 244.9 56.7 244.3 57.0 243.7
  57.2 243.1 57.4 242.5 57.6 241.9 57.8 241.2 58.0 240.6 58.2 240.0 58.4 239.4
  58.6 238.9 58.7 238.3 58.9 237.8 59.1 237.2 59.3 236.6 59.4 236.1 59.6 235.5
  59.6 235.0 59.6 234.4 59.6 233.9 59.6 233.4 59.6 232.9 59.6 232.5 59.6 232.0
  59.6 231.6 59.5 231.2 59.3 230.8 59.2 230.4 59.0 230.1 58.8 229.7 58.7 229.4
  58.5 229.1 58.3 228.8 58.1 228.6 57.9 228.3 57.6 228.0 57.3 227.7 57.0 227.4
  56.7 227.1 56.3 226.9 55.9 226.6 55.5 226.2 55.1 225.9 54.7 225.5 54.3 225.1
  53.9 224.8 53.5 224.2 53.1 223.5 52.8 222.9 52.5 222.2 52.3 221.5 52.0 220.7
  51.7 219.6 51.6 218.5 51.4 217.4 51.3 216.3 51.1 215.2 51.0 214.1 50.9 213.0
  50.8 211.9 50.6 210.8 50.5 209.7 50.3 208.5 50.1 207.3 50.0 206.2 49.9 205.0
  49.8 203.4 49.9 201.8 50.1 200.3 50.2 199.1 50.5 198.1 50.9 197.0 51.3 196.0
  51.7 195.1 52.1 194.2 52.5 193.6 52.9 193.0 53.3 192.5 53.6 191.9 54.0 191.3
  54.4 190.9 54.8 190.5 55.2 190.0 55.5 189.6 55.9 189.2 56.2 188.8 56.6 188.6
  56.9 188.4 57.1 188.3 57.3 188.3 57.5 188.3 57.7 188.3 57.8 188.4 57.9 188.6
  58.0 188.9 58.1 189.1 58.1 189.4
   4  5 68  0.0
  72.5 321.4 72.7 320.4 72.9 319.4 72.9 318.4 73.0 317.4 73.1 316.4 73.2 315.3
  73.2 314.3 73.1 313.2 73.1 312.1 73.1 311.0 73.0 309.9 72.9 308.8 72.8 307.6
  72.7 306.5 72.5 305.3 72.3 304.2 72.1 303.1 71.8 302.0 71.5 301.3 71.2 300.7
  70.8 300.0 70.4 299.4 69.9 298.8 69.4 298.8 68.9 298.8 68.3 298.7 67.7 298.7
  67.1 299.2 66.6 299.6 66.0 300.0 65.4 300.8 64.9 301.5 64.3 302.0 63.7 302.6
  63.1 303.4 62.5 304.1 61.9 304.7 61.4 305.7 60.8 306.7 60.1 307.6 59.5 308.3
  58.8 309.3 58.1 310.2 57.4 311.0 56.6 312.0 55.8 312.8 55.1 313.9 54.3 314.8
  53.5 315.7 52.8 316.7 52.2 317.6 51.7 318.4 51.2 319.2 50.7 320.0 50.2 320.8
  49.9 321.6 49.6 322.3 49.3 323.0 49.0 323.7 48.7 324.4 48.4 325.1 48.1 325.8
  47.8 326.4 47.4 326.8 47.1 327.1 46.8 327.4 46.4 327.6 46.0 327.8 45.6 327.8
  45.1 327.8 44.7 327.7 44.2 327.7 43.6 327.6 43.1 327.5 42.5 327.3 42.0 327.2
  41.5 327.0 41.0 326.8 40.6 326.7 40.1 326.5 39.8 326.3 39.4 326.1 39.1 326.0
  38.8 325.9 38.6 325.8 38.4 325.7 38.2 325.6 38.0 325.5 37.8 325.3 37.7 325.3
  37.6 325.2 37.4 325.2 37.3 325.2 37.2 325.1 37.2 325.1 37.1 325.1 37.0 325.1
  36.9 325.1 36.8 325.1 36.7 325.1 36.6 325.0 36.4 325.0 36.2 324.9 36.0 324.8
  35.8 324.7 35.6 324.6 35.3 324.5 35.0 324.3 34.7 324.2 34.4 324.0 34.1 323.8
  33.9 323.6 33.7 323.3 33.5 323.0 33.3 322.6 33.1 322.3 32.8 321.9 32.6 321.6
  32.3 321.2 32.1 320.8 31.8 320.4 31.5 320.1 31.2 319.8 31.1 319.5 30.9 319.1
  30.7 318.7 30.5 318.2 30.4 317.8 30.2 317.3 30.0 316.7 29.8 316.1 29.7 315.6
  29.8 315.1 29.9 314.6 29.9 314.0 30.0 313.5 30.0 313.0 30.0 312.2 30.0 311.4
  30.1 310.6 30.1 309.8 30.1 309.0 30.2 308.2 30.2 307.4 30.4 306.6 30.6 305.8
  30.9 305.1 31.1 304.3 31.4 303.6 31.9 302.9 32.5 302.2 33.1 301.6 33.8 301.1
  34.6 300.6 35.4 300.3 36.2 300.0 37.1 300.1 37.8 300.1 38.5 300.1 39.0 300.2
  39.5 300.3 39.9 300.4 40.2 300.5 40.4 300.5 40.6 300.4 40.7 300.3 40.8 300.2
  40.9 300.1 40.9 300.0 41.0 299.9 41.1 299.7 41.1 299.6 41.2 299.5 41.2 299.4
  41.2 299.2 41.2 299.1 41.1 299.0 41.1 298.9 41.0 298.7 40.9 298.6 40.8 298.4
  40.7 298.3 40.5 298.2 40.4 298.0 40.2 297.9 40.0 297.8 39.8 297.7 39.6 297.5
  39.4 297.4 39.2 297.2 39.0 297.1 38.7 296.9 38.5 296.7 38.3 296.5 38.2 296.3
  38.0 296.0 37.9 295.8 38.0 295.6 38.0 295.4 38.0 295.1 38.0 295.0 37.9 294.8
  37.9 294.7 37.9 294.6 37.8 294.5 37.8 294.4 37.7 294.3 37.7 294.3 37.6 294.2
  37.6 294.2 37.6 294.2 37.6 294.2 37.6 294.2 37.6 294.2 37.6 294.2 37.7 294.3
  37.7 294.3 37.7 294.4 37.8 294.4 37.9 294.3 37.9 294.3 38.0 294.2 38.1 294.1
  38.2 294.0 38.3 293.8 38.5 293.6 38.6 293.4 38.8 293.2 39.0 292.9 39.2 292.7
  39.4 292.4 39.7 292.1 39.9 291.8 40.2 291.5 40.4 291.1 40.7 290.6 41.0 290.2
  41.3 289.8 41.7 289.4 42.1 288.9
   4  6 68  0.0
  72.5 321.4 72.6 321.0 72.8 320.6 72.9 320.3 73.1 319.9 73.1 319.6 73.1 319.3
  73.2 319.0 73.2 318.7 73.3 318.5 73.3 318.2 73.4 318.0 73.4 317.7 73.5 317.5
  73.6 317.2 73.6 316.9 73.7 316.5 73.8 316.1 73.9 315.5 73.9 315.0 74.0 314.4
  74.0 313.8 74.1 313.0 74.2 312.3 74.2 311.5 74.3 310.7 74.3 309.9 74.3 309.0
  74.3 308.1 74.3 307.2 74.3 306.2 74.2 305.2 74.2 304.2 74.1 303.1 74.0 302.0
  73.9 300.8 73.8 299.9 73.6 299.0 73.5 298.1 73.2 297.2 73.0 296.4 72.7 295.6
  72.4 294.8 72.0 294.1 71.6 293.4 71.2 293.2 70.7 293.0 70.2 292.7 69.6 292.5
  69.1 292.6 68.5 292.8 67.9 292.9 67.4 293.6 66.8 294.2 66.2 294.7 65.6 295.2
  65.1 296.0 64.5 296.7 63.9 297.4 63.3 298.3 62.7 299.1 62.2 299.9 61.6 300.6
  61.0 301.7 60.3 302.7 59.7 303.7 59.1 305.0 58.4 306.2 57.7 307.2 56.9 308.5
  56.1 309.7 55.2 310.7 54.3 311.9 53.3 313.0 52.6 314.0 51.8 315.0 51.1 315.7
  50.4 316.4 50.0 317.1 49.5 317.6 49.2 318.1 48.8 318.7 48.5 319.3 48.2 320.0
  48.0 320.7 47.7 321.1 47.4 321.5 47.1 321.9 46.8 322.3 46.4 322.7 46.1 323.1
  45.7 323.4 45.3 323.5 44.9 323.6 44.5 323.7 44.0 323.8 43.5 323.9 43.0 323.9
  42.5 323.8 41.9 323.7 41.4 323.5 40.9 323.3 40.3 323.0 39.8 322.8 39.3 322.4
  38.8 322.1 38.3 321.8 37.8 321.4 37.3 321.0 36.9 320.6 36.5 320.2 36.1 319.8
  35.9 319.4 35.6 319.0 35.4 318.5 35.2 318.0 35.0 317.5 34.8 317.0 34.7 316.5
  34.5 316.0 34.4 315.6 34.3 315.1 34.2 314.6 34.1 314.0 34.0 313.5 34.0 312.9
  34.0 312.4 34.0 311.9 33.9 311.5 33.8 311.1 33.7 310.6 33.6 310.2 33.6 309.7
  33.5 309.3 33.5 308.8 33.5 308.4 33.5 308.0 33.4 307.6 33.4 307.2 33.4 306.8
  33.4 306.4 33.4 306.0 33.4 305.7 33.5 305.3 33.6 305.0 33.7 304.7 33.8 304.3
  33.9 304.0 33.8 303.6 33.9 303.2 33.9 302.9 33.9 302.5 34.0 302.1 34.1 301.7
  34.2 301.2 34.3 300.7 34.4 300.2 34.6 299.8 34.8 299.3 35.0 298.9 35.1 298.5
  35.3 298.1 35.6 297.7 35.8 297.3 36.0 296.9 36.3 296.5 36.5 296.0 36.8 295.6
  36.9 295.1 37.0 294.7 37.1 294.3 37.2 293.9 37.3 293.5 37.5 293.2 37.6 292.8
  37.8 292.5 37.9 292.1 38.1 291.8 38.2 291.3 38.2 290.9 38.3 290.5 38.3 290.1
  38.4 289.7 38.4 289.3 38.5 288.9 38.6 288.5 38.7 288.2 38.8 287.8 38.8 287.4
  38.8 287.0 38.7 286.7 38.7 286.3 38.7 285.9 38.7 285.6 38.7 285.2 38.7 284.8
  38.8 284.4 38.8 284.0 38.7 283.6 38.6 283.2 38.5 282.7 38.4 282.3 38.3 281.8
  38.2 281.3 38.0 280.8 37.9 280.3 37.8 279.9 37.6 279.6 37.4 279.2 37.3 278.9
  37.1 278.5 37.0 278.2 36.8 277.8 36.7 277.5 36.5 277.2 36.4 276.9 36.3 276.6
  36.2 276.3 36.0 276.0 35.9 275.7 35.7 275.6 35.5 275.5 35.3 275.4 35.1 275.3
  34.9 275.2 34.7 275.1 34.6 275.0 34.4 274.9 34.3 274.9 34.2 274.8 34.0 274.8
  33.9 274.7 33.8 274.7 33.7 274.7 33.6 274.7 33.5 274.6 33.3 274.6 33.2 274.6
  33.1 274.6 33.0 274.6 32.9 274.6
   4  7 68  0.0
  72.5 321.4 72.5 321.3 72.6 321.2 72.7 321.1 72.7 321.0 72.8 320.8 72.8 320.5
  72.9 320.2 73.0 319.9 72.9 319.6 72.8 319.3 72.7 318.9 72.6 318.5 72.4 318.1
  72.3 317.7 72.2 317.4 72.0 317.0 71.9 316.7 71.8 316.5 71.7 316.3 71.6 316.2
  71.6 316.0 71.5 315.9 71.3 315.8 71.1 315.7 70.9 315.6 70.7 315.6 70.5 315.5
  70.3 315.4 70.1 315.4 69.9 315.3 69.7 315.2 69.6 315.0 69.4 314.9 69.2 314.8
  69.1 314.7 68.9 314.6 68.8 314.5 68.6 314.4 68.5 314.3 68.3 314.2 68.2 314.1
  68.0 313.9 67.8 313.9 67.7 313.9 67.5 313.9 67.3 313.9 67.1 313.9 66.9 313.9
  66.6 314.0 66.4 314.0 66.2 314.0 65.9 314.1 65.7 314.3 65.4 314.5 65.1 314.7
  64.8 314.9 64.5 315.0 64.2 315.2 63.9 315.4 63.5 315.9 63.2 316.3 62.9 316.8
  62.7 317.2 62.4 317.5 62.0 317.8 61.7 318.1 61.4 318.6 61.0 319.1 60.6 319.5
  60.2 319.9 59.8 320.2 59.6 320.6 59.4 321.0 59.3 321.4 59.1 321.7 58.9 322.0
  58.8 322.2 58.6 322.4 58.5 322.6 58.4 322.7 58.2 322.8 58.1 322.9 57.9 323.0
  57.8 323.0 57.7 323.1 57.6 323.2 57.5 323.2 57.3 323.3 57.2 323.4 57.1 323.4
  56.9 323.5 56.8 323.5 56.6 323.6 56.5 323.6 56.3 323.7 56.1 323.7 56.0 323.8
  55.8 324.1 55.9 324.5 55.9 324.8 56.0 325.1 56.0 325.4 56.1 325.4 56.2 325.5
  56.3 325.5 56.3 325.6 56.4 325.6 56.5 325.7 56.5 325.8 56.6 325.8 56.7 325.9
  56.8 326.0 57.0 326.1 57.1 326.1 57.2 326.2 57.4 326.3 57.6 326.4 57.8 326.5
  58.0 326.6 58.3 326.6 58.5 326.7 58.8 326.7 59.1 326.8 59.4 326.8 59.7 326.9
  60.0 326.9 60.3 327.0 60.6 327.0 61.0 327.0 61.3 326.9 61.7 326.9 62.0 326.9
  62.4 326.7 62.8 326.6 63.3 326.4 63.7 326.2 64.1 326.1 64.6 325.6 65.1 325.1
  65.6 324.6 66.0 324.0 66.4 323.2 66.7 322.4 67.1 321.5 67.4 320.5 67.7 319.6
  67.9 318.6 68.1 317.6 68.4 316.6 68.6 315.5 68.7 314.5 68.8 313.3 68.9 312.1
  69.0 310.9 69.0 309.7 69.0 308.5 69.0 307.2 68.9 306.0 68.9 304.8 68.8 303.7
  68.7 302.6 68.6 301.5 68.4 300.5 68.3 299.5 68.1 298.5 67.8 297.6 67.6 296.8
  67.4 296.0 67.1 295.3 66.8 294.6 66.4 294.0 66.0 293.5 65.6 293.0 65.1 292.7
  64.7 292.4 64.2 292.1 63.6 291.8 63.1 291.7 62.5 291.5 61.9 291.4 61.4 291.4
  60.8 291.5 60.2 291.5 59.6 291.6 59.0 291.8 58.4 291.9 57.8 292.1 57.1 292.2
  56.5 292.3 55.8 292.4 55.2 292.4 54.6 292.4 54.1 292.4 53.5 292.3 53.0 292.2
  52.5 292.1 52.0 292.1 51.6 292.0 51.0 291.8 50.5 291.5 50.0 291.3 49.5 290.8
  49.0 290.3 48.6 289.7 48.2 289.1 47.9 288.5 47.5 287.6 47.2 286.8 46.8 285.9
  46.4 285.1 46.1 284.1 45.7 283.2 45.5 282.1 45.3 281.0 45.1 279.9 45.1 278.7
  45.1 277.6 45.0 276.4 44.9 275.2 44.8 274.1 44.7 272.9 44.6 271.7 44.8 270.5
  45.0 269.3 45.1 268.1 45.3 267.0 45.6 265.9 46.0 264.8 46.3 263.8 46.5 262.8
  46.7 261.9 46.9 261.0 47.1 260.1 47.3 259.2 47.5 258.3 47.8 257.4 48.0 256.5
  48.3 255.7 48.6 254.8 48.8 254.0
   4  8 68  0.0
  72.5 321.4 72.2 321.1 72.0 320.9 71.8 320.7 71.6 320.5 71.4 320.3 71.2 320.1
  71.0 320.0 70.8 319.8 70.5 319.7 70.3 319.6 70.0 319.5 69.7 319.5 69.5 319.4
  69.2 319.3 69.0 319.3 68.7 319.2 68.4 319.1 68.1 319.0 67.8 318.9 67.6 318.7
  67.3 318.5 67.0 318.3 66.7 318.0 66.5 317.7 66.2 317.4 65.9 317.1 65.6 316.9
  65.3 316.7 65.0 316.6 64.7 316.4 64.4 316.3 64.0 316.2 63.7 316.1 63.3 316.2
  62.9 316.3 62.5 316.4 62.0 316.4 61.6 316.4 61.1 316.6 60.6 316.7 60.1 316.9
  59.6 317.1 59.1 317.4 58.5 317.6 58.0 317.8 57.4 318.0 56.9 318.2 56.4 318.4
  55.9 318.6 55.5 318.7 55.0 318.8 54.6 319.0 54.1 319.1 53.7 319.3 53.3 319.5
  53.0 319.8 52.6 320.1 52.3 320.5 52.0 320.9 51.7 321.3 51.5 322.1 51.2 322.8
  50.9 323.5 50.6 324.2 50.3 324.9 49.9 325.5 49.5 326.0 49.2 326.3 48.8 326.7
  48.5 327.0 48.1 327.2 47.8 327.4 47.5 327.2 47.3 327.0 47.0 326.8 46.8 326.7
  46.6 326.5 46.4 326.3 46.2 326.2 46.1 326.0 46.0 325.8 45.9 325.4 45.8 325.0
  45.7 324.7 45.7 324.3 45.7 323.9 45.3 323.5 45.0 323.2 44.7 322.8 44.5 322.4
  44.3 322.1 44.1 321.7 43.9 321.4 43.8 321.1 43.7 320.7 43.6 320.4 43.5 320.2
  43.5 319.9 43.1 319.5 42.8 319.2 42.5 318.7 42.3 318.3 42.1 317.8 42.0 317.2
  41.8 316.7 41.7 316.1 41.6 315.5 41.2 314.8 40.8 314.1 40.4 313.3 40.1 312.4
  39.8 311.4 39.4 310.6 39.0 309.7 38.6 308.7 38.3 307.7 38.0 306.6 37.7 305.5
  37.5 304.7 37.2 303.8 37.1 302.8 37.0 301.9 36.9 300.9 36.8 299.9 36.8 299.0
  36.8 298.1 36.8 297.2 36.8 296.3 36.8 295.4 36.9 294.6 37.1 293.8 37.2 293.0
  37.3 292.3 37.5 291.6 37.6 290.9 37.8 290.3 37.9 289.7 38.0 289.1 38.1 288.2
  38.1 287.4 38.3 286.6 38.4 285.8 38.5 285.0 38.5 284.3 38.6 283.5 38.8 282.8
  39.0 282.1 39.2 281.4 39.3 280.8 39.4 280.1 39.5 279.5 39.8 278.8 40.1 278.2
  40.3 277.4 40.6 276.6 40.9 275.8 41.3 275.0 41.6 274.3 41.9 273.5 42.2 272.8
  42.4 272.0 42.7 271.2 43.0 270.4 43.4 269.7 43.7 269.0 44.1 268.3 44.5 267.5
  45.0 266.8 45.5 266.1 45.9 265.4 46.4 264.7 46.9 264.0 47.3 263.3 47.7 262.6
  48.0 261.9 48.4 261.1 48.8 260.4 49.2 259.6 49.6 258.9 50.0 258.2 50.4 257.5
  50.8 256.7 51.2 256.0 51.7 255.3 52.1 254.7 52.5 254.0 53.0 253.4 53.4 252.7
  53.9 252.1 54.3 251.5 54.7 250.9 55.0 250.2 55.4 249.6 55.8 249.0 56.1 248.5
  56.5 247.9 56.8 247.4 57.1 247.0 57.5 246.5 57.8 246.1 58.1 245.7 58.4 245.2
  58.8 244.8 59.1 244.3 59.4 243.9 59.7 243.5 59.9 243.1 60.2 242.8 60.5 242.4
  60.8 242.1 61.1 241.8 61.4 241.5 61.7 241.2 62.0 240.9 62.2 240.6 62.5 240.4
  62.8 240.2 63.1 240.0 63.3 239.7 63.6 239.5 63.8 239.2 64.0 239.0 64.3 238.7
  64.5 238.5 64.7 238.2 64.9 237.9 65.1 237.7 65.3 237.4 65.5 237.1 65.7 236.8
  65.9 236.5 66.0 236.2 66.2 235.9 66.4 235.6 66.5 235.3 66.7 235.0 66.8 234.6
  67.0 234.3 67.1 233.9 67.2 233.5
   4  9 68  0.0
  72.5 321.4 72.3 320.5 72.2 319.6 71.9 318.7 71.7 318.2 71.5 317.8 71.3 317.3
  71.1 316.8 70.9 316.4 70.7 316.0 70.6 315.6 70.4 315.2 70.2 314.8 70.0 314.5
  69.9 314.2 69.7 314.2 69.5 314.1 69.3 314.1 69.0 314.1 68.8 314.0 68.5 313.9
  68.3 313.9 68.0 313.8 67.7 313.7 67.4 313.6 67.1 313.5 66.8 313.4 66.5 313.3
  66.2 313.3 65.8 313.4 65.5 313.9 65.1 314.5 64.7 315.0 64.3 315.6 63.8 316.1
  63.3 317.1 62.7 318.0 62.0 318.7 61.3 319.4 60.5 320.1 59.7 320.7 59.0 321.3
  58.2 321.9 57.4 322.4 56.5 322.8 55.6 323.3 54.6 323.4 53.6 323.6 52.6 323.4
  51.6 323.2 50.7 322.9 50.0 322.5 49.4 322.0 48.9 321.5 48.5 321.0 48.1 320.6
  47.9 320.1 47.7 319.5 47.5 318.9 47.3 318.2 47.1 317.5 47.0 316.8 47.0 316.0
  46.6 315.1 46.4 314.2 46.1 313.2 46.0 312.2 45.9 311.0 45.5 309.8 45.2 308.5
  44.9 307.2 44.5 306.0 44.2 304.7 43.8 303.3 43.5 301.9 43.1 300.5 42.8 299.0
  42.4 297.5 42.1 295.9 41.7 294.4 41.3 293.0 40.9 291.6 40.5 290.3 40.1 288.9
  39.7 287.4 39.3 286.2 38.9 285.0 38.5 283.8 38.1 282.6 37.7 281.5 37.3 280.5
  36.9 279.6 36.4 278.6 36.0 277.6 35.5 276.7 35.1 275.7 34.7 274.8 34.3 273.8
  33.9 272.8 33.5 272.0 33.1 271.3 32.7 270.5 32.4 269.8 32.0 269.1 31.6 268.6
  31.2 268.1 30.8 267.5 30.6 267.0 30.3 266.5 30.1 265.9 29.8 265.4 29.5 265.0
  29.2 264.5 28.9 264.1 28.6 263.6 28.5 263.1 28.3 262.6 28.1 262.0 27.9 261.4
  27.8 260.9 27.6 260.4 27.4 259.9 27.3 259.3 27.2 258.6 27.1 257.9 27.0 257.2
  26.9 256.4 26.8 255.5 26.9 254.7 26.9 253.8 27.0 252.9 27.1 251.9 27.3 251.0
  27.5 250.0 27.8 249.0 28.0 248.1 28.2 247.2 28.1 246.2 28.0 245.2 27.9 244.2
  27.8 243.4 28.0 242.5 28.2 241.6 28.5 240.7 28.7 239.8 29.1 238.9 29.6 238.1
  30.1 237.4 30.7 236.7 31.2 236.0 31.8 235.4 32.3 234.8 32.7 234.2 33.3 233.6
  33.8 233.1 34.3 232.5 34.8 232.1 35.3 231.6 35.9 231.1 36.5 230.6 37.0 230.2
  37.6 229.7 38.1 229.3 38.7 228.9 39.2 228.5 39.7 228.1 40.3 227.7 40.9 227.3
  41.5 226.8 42.2 226.4 42.8 225.9 43.4 225.4 43.9 225.0 44.4 224.6 44.9 224.3
  45.4 224.1 45.9 224.0 46.3 223.9 46.7 223.9 47.1 223.9 47.5 224.0 47.9 224.2
  48.3 224.3 48.7 224.4 49.1 224.5 49.4 224.7 49.7 224.9 50.0 225.1 50.3 225.3
  50.6 225.6 50.8 225.9 51.1 226.2 51.3 226.5 51.5 226.8 51.6 227.1 51.8 227.4
  51.9 227.7 52.1 228.0 52.2 228.3 52.2 228.6 52.2 228.9 52.2 229.1 52.2 229.4
  52.2 229.6 52.2 229.9 52.2 230.1 52.2 230.3 52.2 230.4 52.1 230.6 52.0 230.7
  52.0 230.8 51.9 230.7 51.8 230.7 51.7 230.6 51.6 230.5 51.5 230.4 51.3 230.4
  51.2 230.2 51.0 230.1 50.8 230.0 50.7 229.8 50.6 229.7 50.5 229.5 50.4 229.3
  50.3 229.0 50.3 228.8 50.2 228.5 50.2 228.2 50.2 227.8 50.0 227.4 49.9 227.1
  49.7 226.7 49.6 226.3 49.5 225.9 49.5 225.6 49.4 225.2 49.4 224.7 49.4 224.3
  49.5 223.8 49.5 223.4 49.5 222.9
   4 10 68  0.0
  72.5 321.4 72.4 321.0 72.3 320.6 72.2 320.2 72.1 319.7 72.0 319.2 71.9 318.7
  71.8 318.4 71.7 318.2 71.6 317.9 71.4 317.7 71.3 317.4 71.2 317.1 71.0 316.8
  70.9 316.4 70.7 316.1 70.5 315.8 70.2 315.5 70.0 315.2 69.8 314.9 69.5 315.0
  69.3 315.2 69.0 315.3 68.8 315.4 68.5 315.5 68.3 315.6 68.0 315.7 67.8 315.8
  67.5 316.3 67.3 316.8 67.0 317.3 66.8 317.8 66.6 318.2 66.3 318.7 66.1 319.1
  65.8 319.5 65.6 320.3 65.3 321.1 65.0 321.7 64.7 322.3 64.4 322.8 64.1 323.3
  63.7 323.7 63.3 324.4 63.0 325.1 62.6 325.7 62.2 326.2 61.7 326.7 61.3 327.5
  60.8 328.2 60.3 328.8 59.9 329.3 59.4 329.7 58.9 330.1 58.4 330.4 57.9 330.6
  57.4 330.8 56.9 331.0 56.4 331.1 55.8 331.2 55.3 331.4 54.7 331.6 54.2 331.7
  53.6 331.9 53.1 331.9 52.6 332.0 52.4 332.1 52.2 332.1 52.0 332.2 51.8 332.2
  51.7 332.3 51.6 332.4 51.5 332.5 51.5 332.6 51.4 332.7 51.4 332.8 51.3 333.0
  51.3 333.2 51.3 333.4 51.3 333.6 51.3 333.8 51.3 334.1 51.3 334.3 51.3 334.6
  51.3 334.9 51.3 335.2 51.2 335.4 51.2 335.7 51.2 336.0 51.3 336.3 51.3 336.5
  51.4 336.8 51.5 337.0 51.5 337.2 51.6 337.4 51.6 337.6 51.7 337.8 51.7 338.0
  51.8 338.2 51.8 338.4 51.9 338.5 51.9 338.7 52.0 338.9 52.0 339.1 52.1 339.2
  52.2 339.2 52.3 339.3 52.4 339.5 52.5 339.6 52.6 339.8 52.7 339.9 52.9 340.1
  53.2 340.3 53.6 340.5 53.9 340.8 54.3 341.0 54.8 341.1 55.2 341.2 55.7 341.3
  56.2 341.5 56.7 341.5 57.3 341.5 57.8 341.5 58.4 341.5 59.0 341.4 59.6 341.3
  60.2 341.3 60.8 341.2 61.4 341.1 62.0 341.0 62.7 340.8 63.3 340.7 63.9 340.5
  64.5 340.4 65.2 340.2 65.8 340.0 66.3 339.8 66.8 339.5 67.3 339.3 67.8 339.0
  68.3 338.7 68.9 338.1 69.4 337.5 70.0 336.8 70.5 336.1 71.1 334.9 71.5 333.7
  72.0 332.5 72.4 331.4 72.7 329.9 73.0 328.4 73.3 326.9 73.5 325.5 73.7 324.0
  73.8 322.6 73.9 321.2 73.9 319.8 73.8 318.5 73.7 317.2 73.7 316.0 73.5 314.7
  73.3 313.5 73.1 312.3 72.9 311.2 72.6 310.1 72.3 309.0 72.0 307.9 71.6 306.9
  71.2 306.2 70.8 305.5 70.4 304.8 70.0 304.2 69.6 303.9 69.1 303.6 68.6 303.3
  68.0 303.1 67.5 302.8 66.9 302.8 66.3 302.7 65.7 302.7 65.1 302.7 64.4 302.7
  63.7 302.7 63.0 302.8 62.3 302.9 61.6 302.9 60.9 303.1 60.2 303.3 59.5 303.5
  58.9 303.8 58.2 304.0 57.6 304.2 57.1 304.5 56.6 304.7 56.1 305.0 55.7 305.3
  55.4 305.7 55.1 306.1 54.8 306.5 54.6 307.0 54.5 307.6 54.3 308.2 54.1 308.8
  54.0 309.5 53.8 310.1 53.7 310.8 53.6 311.5 53.5 312.2 53.1 312.9 52.8 313.6
  52.4 314.2 52.0 314.8 51.6 315.4 51.1 315.7 50.6 315.8 50.1 316.0 49.4 316.1
  48.9 315.8 48.2 315.5 47.5 315.1 46.7 314.5 45.9 313.8 45.1 313.0 44.3 312.2
  43.5 311.4 42.7 310.4 41.9 309.4 41.1 308.2 40.3 306.9 39.7 305.5 39.2 304.1
  38.7 302.5 38.7 301.0 38.6 299.5 38.9 297.9 39.1 296.5 39.3 295.1 39.9 293.8
  40.5 292.6 41.1 291.3 41.8 290.0
   4 11 68  0.0
  72.5 321.4 72.3 321.8 72.2 322.2 72.1 322.6 71.9 322.9 71.8 323.2 71.7 323.4
  71.6 323.7 71.4 323.9 71.3 324.1 71.2 324.2 71.0 324.3 70.9 324.4 70.7 324.4
  70.6 324.4 70.4 324.4 70.3 324.4 70.1 324.3 70.0 324.3 69.8 324.4 69.7 324.5
  69.5 324.6 69.4 324.7 69.3 324.8 69.1 324.8 69.0 324.9 68.8 324.9 68.7 325.0
  68.5 325.0 68.3 325.0 68.2 325.1 68.0 325.1 67.8 325.1 67.7 325.3 67.5 325.6
  67.3 325.8 67.1 326.1 67.0 326.3 66.8 326.6 66.6 326.9 66.4 327.2 66.2 327.5
  66.0 327.8 65.8 328.2 65.6 328.6 65.4 329.0 65.1 329.4 64.9 329.8 64.6 330.2
  64.4 330.7 64.1 331.0 63.8 331.4 63.5 331.7 63.1 331.9 62.8 332.2 62.4 332.4
  62.0 332.6 61.6 332.8 61.2 333.0 60.7 333.1 60.3 333.3 59.8 333.5 59.4 333.5
  58.9 333.6 58.5 333.7 58.0 333.9 57.5 333.9 57.0 333.9 56.5 333.9 56.0 333.9
  55.4 333.7 54.9 333.6 54.4 333.4 53.8 333.2 53.3 332.9 52.8 332.6 52.3 332.4
  51.8 332.2 51.4 331.9 50.8 331.6 50.3 331.3 49.7 331.1 49.3 330.7 48.8 330.3
  48.4 329.9 48.0 329.5 47.7 329.0 47.4 328.5 47.1 328.0 47.0 327.5 46.7 327.1
  46.5 326.6 46.3 326.2 46.2 325.8 46.1 325.3 46.1 324.9 46.0 324.5 46.0 324.0
  46.0 323.5 45.9 323.1 45.8 322.5 45.8 322.0 45.8 321.4 45.8 320.7 45.9 320.0
  46.0 319.2 45.9 318.4 45.9 317.5 45.9 316.5 46.0 315.4 45.7 314.2 45.4 313.0
  45.3 311.8 44.8 310.5 44.5 309.1 44.1 307.8 43.8 306.4 43.4 305.1 43.1 303.7
  42.8 302.2 42.5 300.7 42.1 299.2 41.8 297.5 41.4 296.1 41.1 294.6 40.7 293.1
  40.3 291.7 40.0 290.3 39.7 288.9 39.3 287.7 39.0 286.5 38.6 285.3 38.2 284.1
  37.7 282.9 37.3 281.9 37.0 280.9 36.6 279.9 36.2 278.8 35.7 277.8 35.3 276.9
  34.9 276.0 34.5 275.1 34.1 274.1 33.7 273.1 33.3 272.4 32.9 271.6 32.6 270.8
  32.3 270.0 31.9 269.3 31.6 268.8 31.2 268.3 30.9 267.8 30.6 267.2 30.4 266.7
  30.2 266.2 29.9 265.6 29.7 265.2 29.5 264.8 29.2 264.4 28.9 264.0 28.8 263.5
  28.7 263.1 28.5 262.6 28.3 262.0 28.2 261.5 28.0 260.9 27.8 260.3 27.7 259.8
  27.6 259.2 27.5 258.6 27.4 257.9 27.3 257.1 27.2 256.3 27.1 255.5 27.1 254.6
  27.2 253.8 27.2 252.9 27.3 252.0 27.6 251.0 27.8 250.1 28.0 249.1 28.3 248.2
  28.5 247.2 28.5 246.2 28.4 245.3 28.4 244.4 28.3 243.4 28.6 242.6 28.8 241.7
  29.1 240.8 29.4 240.0 29.7 239.2 30.2 238.5 30.8 237.7 31.4 237.0 32.0 236.3
  32.7 235.7 33.2 235.1 33.7 234.5 34.2 234.0 34.8 233.6 35.3 233.2 35.8 232.8
  36.3 232.3 36.8 231.9 37.3 231.5 37.8 231.1 38.3 230.7 38.8 230.2 39.3 229.8
  39.7 229.4 40.2 229.1 40.6 228.7 41.1 228.2 41.5 227.8 42.1 227.4 42.7 226.9
  43.3 226.4 43.9 225.9 44.4 225.5 44.9 225.2 45.4 224.9 45.9 224.7 46.3 224.5
  46.8 224.5 47.2 224.5 47.6 224.5 48.0 224.6 48.5 224.6 48.9 224.7 49.3 224.8
  49.7 224.9 50.1 225.0 50.4 225.2 50.7 225.4 51.0 225.7 51.3 225.9 51.5 226.2
  51.8 226.5 52.0 226.8 52.2 227.1
   4 12 68  0.0
  72.5 321.4 72.2 321.0 71.9 320.7 71.6 320.9 71.3 320.9 71.0 321.0 70.7 320.9
  70.4 320.9 70.2 320.8 69.9 320.6 69.7 320.6 69.5 320.5 69.3 320.3 69.1 320.0
  68.9 319.7 68.7 319.4 68.5 319.2 68.3 319.1 68.1 318.9 68.0 318.8 67.8 318.7
  67.7 318.6 67.6 318.4 67.5 318.2 67.4 318.0 67.3 317.7 67.2 317.5 67.2 317.3
  67.1 317.1 67.0 317.0 66.9 316.8 66.8 316.7 66.8 316.6 66.7 316.6 66.6 316.5
  66.5 316.5 66.4 316.5 66.4 316.5 66.3 316.6 66.2 316.6 66.1 316.7 66.0 316.8
  66.0 317.0 65.9 317.2 65.8 317.5 65.7 317.8 65.6 318.1 65.5 318.5 65.4 318.8
  65.3 319.1 65.1 319.4 65.0 319.7 64.9 320.1 64.7 320.5 64.5 320.8 64.2 321.2
  64.0 321.6 63.8 322.0 63.5 322.4 63.3 322.8 63.0 323.2 62.7 323.5 62.3 323.8
  62.0 324.2 61.7 324.5 61.3 324.8 60.9 325.2 60.6 325.5 60.2 325.8 59.8 326.1
  59.4 326.3 59.0 326.4 58.6 326.6 58.1 326.7 57.5 326.8 57.0 326.8 56.4 326.7
  55.8 326.6 55.1 326.3 54.5 326.0 53.8 325.7 53.1 325.3 52.5 324.9 51.8 324.5
  51.2 324.0 50.3 323.4 49.5 322.8 48.8 322.0 48.2 321.1 47.7 320.1 47.2 318.9
  46.8 317.7 46.4 316.4 46.0 315.1 45.7 314.0 45.5 312.9 45.2 311.7 45.2 310.5
  45.1 309.4 45.0 308.2 44.9 307.1 45.1 305.9 45.2 304.8 45.4 303.7 45.7 302.6
  45.9 301.6 46.2 300.6 46.5 299.4 46.8 298.3 47.2 297.2 47.5 296.2 47.9 295.2
  48.2 294.3 48.6 293.3 49.0 292.4 49.4 291.5 49.8 290.6 50.1 289.8 50.4 288.9
  50.8 288.0 51.2 287.1 51.4 286.3 51.6 285.4 51.9 284.6 52.2 283.7 52.3 282.8
  52.5 281.9 52.7 281.0 52.9 280.1 53.1 279.2 53.2 278.2 53.2 277.3 53.3 276.3
  53.4 275.3 53.4 274.4 53.5 273.5 53.6 272.6 53.7 271.7 53.8 270.8 54.0 269.9
  54.1 269.1 54.2 268.2 54.4 267.3 54.5 266.4 54.5 265.6 54.6 264.8 54.7 264.1
  54.9 263.4 54.9 262.7 55.1 262.0 55.2 261.4 55.3 260.8 55.5 260.2 55.6 259.6
  55.7 259.0 55.8 258.5 55.9 257.9 55.9 257.4 56.0 256.9 56.1 256.5 56.2 256.1
  56.4 255.7 56.4 255.3 56.4 254.9 56.5 254.5 56.5 254.2 56.6 253.9 56.6 253.6
  56.7 253.3 56.7 253.0 56.8 252.7 56.8 252.4 56.9 252.1 57.0 251.8 56.9 251.5
  56.9 251.2 56.8 250.9 56.7 250.6 56.7 250.2 56.7 249.9 56.6 249.5 56.6 249.2
  56.5 248.8 56.5 248.4 56.5 248.1 56.5 247.8 56.4 247.4 56.4 247.1 56.3 246.8
  56.3 246.5 56.2 246.2 56.2 245.9 56.2 245.6 56.2 245.3 56.2 245.0 56.2 244.7
  56.2 244.3 56.2 244.0 56.2 243.7 56.1 243.4 56.0 243.1 56.0 242.9 55.9 242.6
  55.8 242.3 55.8 242.0 55.7 241.7 55.6 241.5 55.6 241.2 55.6 241.0 55.6 240.7
  55.6 240.5 55.6 240.3 55.6 240.0 55.6 239.8 55.6 239.7 55.6 239.5 55.6 239.3
  55.6 239.2 55.7 239.1 55.7 239.0 55.8 238.9 55.8 238.9 55.9 238.9 55.9 238.9
  56.0 239.0 56.1 239.1 56.1 239.0 56.2 239.0 56.3 239.0 56.5 238.9 56.6 238.9
  56.7 238.9 56.8 238.9 56.9 238.9 57.0 238.9 57.1 238.9 57.2 238.9 57.3 239.0
  57.4 239.0 57.5 239.0 57.6 239.0
   4 13 68  0.0
  72.5 321.4 72.2 321.2 71.9 321.0 71.6 321.2 71.4 321.3 71.1 321.3 70.8 321.4
  70.5 321.5 70.2 321.5 69.9 321.6 69.6 322.0 69.3 322.4 69.0 322.8 68.7 323.2
  68.5 323.7 68.2 324.2 67.8 324.7 67.4 325.6 67.1 326.5 66.7 327.5 66.3 328.4
  65.7 329.3 65.2 330.3 64.6 331.3 63.9 332.2 63.2 333.0 62.5 333.8 61.7 334.4
  61.0 334.8 60.3 335.2 59.5 335.6 58.7 335.6 58.0 335.7 57.2 335.4 56.5 335.2
  55.7 334.9 54.9 334.4 54.1 334.0 53.3 333.5 52.5 333.0 51.7 332.4 51.0 331.8
  50.2 331.2 49.5 330.5 48.7 329.8 47.9 329.0 47.2 328.0 46.4 327.0 45.7 326.0
  45.1 324.7 44.5 323.3 44.1 322.0 43.7 320.5 43.3 319.1 43.0 317.6 42.7 316.2
  42.4 314.7 42.1 313.2 41.7 311.8 41.4 310.5 41.1 309.2 40.8 307.8 40.6 306.5
  40.5 305.0 40.3 303.6 40.2 302.1 40.2 300.6 40.2 299.1 40.3 297.6 40.5 296.2
  40.6 294.7 40.9 293.3 41.1 291.9 41.3 290.6 41.6 289.3 41.8 288.1 42.0 286.9
  42.2 285.6 42.3 284.3 42.5 283.1 42.5 281.8 42.6 280.5 42.6 279.2 42.7 277.9
  42.7 276.6 42.8 275.4 42.9 274.2 43.1 273.1 43.2 272.0 43.3 271.0 43.6 270.0
  43.9 269.1 44.2 268.1 44.5 267.4 44.9 266.7 45.4 266.0 45.8 265.3 46.3 264.6
  46.8 264.1 47.3 263.5 47.7 263.0 48.1 262.5 48.6 262.2 49.1 262.0 49.6 261.7
  50.0 261.5 50.5 261.4 51.0 261.3 51.5 261.3 51.9 261.3 52.3 261.4 52.6 261.3
  52.9 261.3 53.2 261.3 53.4 261.3 53.6 261.4 53.8 261.4 53.9 261.5 54.0 261.7
  54.2 261.5 54.3 261.2 54.4 261.0 54.5 260.8 54.6 260.5 54.6 260.3 54.7 260.0
  54.9 259.7 55.0 259.4 55.1 259.0 55.2 258.7 55.4 258.3 55.5 257.9 55.6 257.5
  55.7 257.0 55.8 256.6 55.9 256.2 56.0 255.7 56.2 255.1 56.3 254.4 56.4 253.8
  56.5 253.2 56.6 252.6 56.7 252.0 56.8 251.5 57.0 251.0 57.1 250.4 57.2 249.9
  57.4 249.4 57.5 248.9 57.6 248.5 57.8 248.0 57.9 247.5 58.1 247.0 58.2 246.7
  58.3 246.3 58.5 246.0 58.6 245.6 58.8 245.3 58.9 245.0 59.0 244.7 59.2 244.3
  59.3 244.0 59.4 243.6 59.5 243.2 59.6 242.9 59.7 242.4 59.8 242.0 59.8 241.5
  59.9 241.0 60.0 240.5 60.1 240.1 60.2 239.6 60.3 239.2 60.3 238.8 60.4 238.3
  60.5 237.9 60.6 237.5 60.6 237.1 60.7 236.8 60.8 236.4 60.9 236.0 61.0 235.7
  61.1 235.3 61.1 235.0 61.2 234.7 61.2 234.4 61.3 234.2 61.3 233.9 61.4 233.7
  61.4 233.5 61.4 233.4 61.5 233.2 61.5 233.1 61.5 233.0 61.5 232.9 61.5 232.8
  61.5 232.6 61.5 232.4 61.5 232.2 61.5 232.0 61.4 231.8 61.4 231.5 61.3 231.2
  61.2 231.0 61.1 230.7 61.0 230.4 60.9 230.1 60.8 229.7 60.7 229.4 60.6 229.1
  60.4 228.8 60.3 228.4 60.1 228.1 60.0 227.8 59.8 227.5 59.6 227.2 59.3 226.9
  59.1 226.6 58.8 226.3 58.5 226.1 58.2 225.9 57.8 225.7 57.5 225.5 57.1 225.4
  56.7 225.3 56.3 225.1 55.8 225.0 55.4 224.8 54.9 224.6 54.5 224.3 54.0 224.2
  53.5 223.9 53.0 223.6 52.5 223.4 51.9 223.1 51.4 222.7 50.9 222.3 50.3 221.9
  49.8 221.5 49.2 220.9 48.7 220.3
   4 14 68  0.0
  72.5 321.4 72.3 321.2 72.0 321.1 71.7 321.0 71.5 320.8 71.2 320.6 70.9 320.5
  70.6 320.5 70.3 320.6 70.0 320.7 69.7 320.8 69.4 321.0 69.1 321.3 68.8 321.6
  68.5 322.0 68.2 322.3 67.9 322.6 67.7 322.8 67.4 323.1 67.2 323.4 66.9 323.7
  66.7 324.1 66.4 324.5 66.1 325.0 65.8 325.6 65.6 326.1 65.3 326.7 65.1 327.3
  64.8 327.9 64.5 328.5 64.1 329.1 63.6 329.7 63.1 330.2 62.7 330.6 62.2 331.1
  61.7 331.6 61.2 332.0 60.7 332.4 60.0 332.9 59.3 333.0 58.6 333.1 57.9 333.2
  57.2 332.9 56.6 332.6 55.9 332.3 55.3 331.7 55.0 331.1 54.6 330.6 54.3 330.0
  53.9 329.5 53.5 328.9 53.2 328.2 52.8 327.6 52.6 326.9 52.4 326.3 52.2 325.6
  52.0 324.9 51.7 324.1 51.4 323.3 51.3 322.5 51.2 321.7 51.1 321.0 50.9 320.2
  50.7 319.5 50.8 318.8 50.9 318.1 51.0 317.4 51.1 316.8 51.2 316.2 51.3 315.6
  51.6 315.0 52.0 314.5 52.3 314.1 52.7 313.8 53.0 313.5 53.4 313.2 53.7 313.0
  54.0 312.7 54.2 312.5 54.5 312.6 54.7 312.6 54.9 312.7 55.0 312.7 55.2 312.8
  55.3 312.9 55.4 312.9 55.5 313.0 55.6 313.1 55.7 313.2 55.7 313.2 55.8 313.3
  55.9 313.4 56.0 313.5 56.2 313.9 56.3 314.3 56.4 314.7 56.5 315.2 56.6 315.6
  56.8 316.0 56.7 316.4 56.6 316.7 56.5 317.1 56.4 317.4 56.3 317.6 56.2 317.9
  56.1 318.1 56.0 318.4 55.9 318.1 55.8 317.9 55.7 317.7 55.6 317.5 55.4 317.3
  55.2 317.2 55.0 317.1 54.8 317.0 54.5 317.0 54.2 317.1 53.8 317.1 53.5 316.7
  53.0 316.3 52.6 315.9 52.6 315.6 52.5 315.2 52.5 314.8 52.4 314.5 52.3 314.1
  52.1 313.7 51.9 313.2 51.7 312.3 51.5 311.3 51.7 310.3 51.9 309.3 52.2 308.2
  52.4 307.8 53.0 307.3 53.6 306.8 54.2 306.2 54.8 306.2 55.3 306.2 55.8 306.2
  56.3 306.2 56.7 306.8 57.1 307.4 57.4 308.1 57.4 308.9 57.3 309.7 57.1 310.5
  57.0 311.2 56.8 312.0 56.6 312.7 56.0 313.4 55.4 313.9 54.8 313.8 54.2 313.7
  53.5 313.6 53.0 312.9 52.4 312.3 51.8 311.5 51.6 310.2 51.3 308.9 51.0 307.5
  51.2 306.1 51.5 304.6 51.7 303.1 52.3 301.6 53.0 300.6 53.6 299.5 54.4 298.4
  55.2 297.9 55.9 297.3 56.5 296.7 57.1 296.9 57.5 297.1 57.8 297.3 58.1 297.6
  58.3 298.3 58.4 299.0 58.5 299.8 58.6 300.7 58.2 301.5 57.9 302.4 57.5 303.1
  57.2 303.9 56.8 304.5 56.1 305.2 55.4 305.7 54.7 305.9 54.1 306.1 53.4 306.2
  52.8 305.9 52.1 305.6 51.5 305.2 50.9 304.5 50.3 303.8 49.6 303.0 49.0 301.9
  48.5 300.8 48.0 299.6 47.5 298.4 47.1 297.0 46.7 295.6 46.3 294.2 45.8 292.9
  45.4 291.4 44.9 290.0 44.4 288.5 43.9 287.0 43.5 285.5 43.1 284.1 42.7 282.6
  42.4 281.3 42.0 279.9 41.7 278.6 41.3 277.4 40.9 276.2 40.4 275.0 40.1 273.9
  39.8 272.7 39.4 271.6 39.3 270.5 39.2 269.5 39.0 268.5 38.8 267.5 38.9 266.6
  38.9 265.6 39.0 264.7 39.0 263.8 39.5 262.9 40.0 262.1 40.7 261.6 41.3 261.1
  41.8 260.7 42.3 260.3 42.8 260.3 43.2 260.3 43.6 260.4 43.9 260.5 44.2 260.6
  44.5 261.0 44.8 261.4 45.0 261.9
   4 15 68  0.0
  72.5 321.4 72.1 320.6 71.7 319.8 71.3 319.2 70.9 318.7 70.5 318.1 70.0 317.7
  69.5 317.2 69.0 317.1 68.5 316.9 68.0 316.8 67.5 316.7 67.0 316.8 66.4 316.9
  65.9 316.9 65.4 316.9 64.9 316.8 64.4 316.7 64.0 316.6 63.6 316.2 63.2 315.8
  62.8 315.3 62.5 314.9 62.2 314.4 61.9 313.9 61.6 313.1 61.3 312.3 61.1 311.5
  60.9 310.7 60.7 309.9 60.5 309.1 60.4 308.2 60.3 307.4 60.0 306.6 59.8 305.7
  59.7 304.8 59.5 303.8 59.2 302.7 59.0 301.7 58.7 300.7 58.6 299.7 58.3 298.7
  58.0 297.7 57.8 296.8 57.7 295.7 57.4 294.6 57.2 293.5 56.9 292.4 56.7 291.3
  56.3 290.3 56.0 289.3 55.7 288.1 55.4 286.9 55.2 285.7 55.1 284.5 55.0 283.3
  54.9 282.1 54.8 280.9 54.8 279.7 54.6 278.6 54.3 277.4 54.0 276.2 53.8 275.1
  53.4 273.9 53.0 272.7 52.7 271.5 52.4 270.4 52.0 269.3 51.7 268.2 51.4 267.1
  51.1 266.1 50.8 265.0 50.5 264.0 50.2 263.1 49.9 262.1 49.6 261.2 49.4 260.2
  49.2 259.2 49.1 258.3 49.0 257.3 48.9 256.4 48.9 255.4 48.7 254.4 48.6 253.4
  48.4 252.4 48.2 251.4 47.9 250.4 47.7 249.5 47.6 248.6 47.4 247.6 47.3 246.7
  47.2 245.8 47.1 244.8 47.0 243.9 46.8 243.0 46.7 242.1 46.5 241.2 46.4 240.3
  46.2 239.4 46.0 238.5 45.7 237.8 45.5 237.2 45.3 236.6 45.1 235.9 44.8 235.3
  44.5 234.7 44.3 234.0 44.0 233.4 43.8 232.7 43.6 232.2 43.4 231.7 43.2 231.2
  43.0 230.7 42.8 230.1 42.6 229.6 42.3 229.1 42.1 228.5 41.9 228.0 41.6 227.5
  41.4 227.0 41.1 226.5 40.7 226.0 40.4 225.5 40.1 225.0 39.9 224.5 39.6 224.0
  39.3 223.5 39.0 223.0 38.6 222.5 38.3 222.0 37.9 221.5 37.6 221.2 37.2 220.8
  36.9 220.4 36.5 220.0 36.2 219.6 35.8 219.2 35.3 219.0 34.9 218.9 34.6 218.7
  34.2 218.5 33.9 218.4 33.6 218.4 33.3 218.5 33.0 218.6 32.7 218.7 32.5 218.8
  32.2 218.9 32.0 219.0 31.8 219.2 31.5 219.5 31.3 219.7 31.0 220.0 30.8 220.2
  30.6 220.5 30.5 220.7 30.3 220.9 30.2 221.2 30.0 221.4 29.9 221.6 29.7 221.9
  29.6 222.1 29.4 222.4 29.3 222.6 29.2 222.9 29.0 223.2 28.9 223.5 28.8 223.7
  28.6 224.0 28.9 224.3 29.1 224.6 29.4 224.9 29.6 225.2 29.8 225.5 30.0 225.8
  30.1 226.1 30.3 226.3 30.5 226.6 30.6 226.8 30.7 227.0 30.8 227.2 30.9 227.4
  31.0 227.6 31.1 227.8 31.2 228.0 31.6 228.2 32.0 228.4 32.3 228.5 32.7 228.6
  33.0 228.7 33.4 228.8 33.7 228.9 34.1 229.0 34.5 229.0 34.9 229.0 35.3 229.0
  35.7 229.1 36.1 229.1 36.5 229.0 36.9 228.9 37.3 228.9 37.7 228.8 38.1 228.7
  38.5 228.5 38.8 228.4 39.2 228.2 39.6 228.0 39.9 227.8 40.2 227.6 40.5 227.2
  40.8 226.9 41.1 226.6 41.5 226.2 41.8 225.9 42.1 225.5 42.5 225.0 42.9 224.5
  43.2 224.1 43.6 223.6 44.0 223.1 44.5 222.4 44.9 221.7 45.3 221.0 45.8 220.3
  46.2 219.5 46.5 218.6 46.7 217.7 46.9 216.7 47.1 215.7 47.0 214.7 46.9 213.7
  46.9 212.7 46.8 211.6 46.6 210.6 46.4 209.6 46.2 208.5 46.0 207.5 45.7 206.7
  45.4 205.8 45.1 205.0 44.8 204.1
   4 16 68  0.0
  72.5 321.4 72.2 320.6 71.9 319.9 71.5 319.3 71.2 318.8 70.9 318.3 70.5 317.8
  70.2 317.3 69.8 316.9 69.4 316.8 69.0 316.8 68.6 316.8 68.3 316.8 67.9 316.9
  67.5 317.3 67.2 317.7 66.9 318.2 66.6 318.6 66.3 319.0 66.0 319.5 65.8 319.9
  65.5 320.5 65.2 321.1 64.9 321.7 64.6 322.3 64.2 322.9 63.9 323.5 63.6 324.0
  63.3 324.5 62.8 324.9 62.4 325.2 62.0 325.5 61.6 325.7 61.2 325.6 60.8 325.5
  60.4 325.3 60.1 325.1 59.7 324.8 59.4 324.3 59.2 323.8 58.9 323.2 58.6 322.7
  58.4 322.1 58.2 321.6 58.1 321.0 57.9 320.4 57.8 319.6 57.7 318.9 57.6 318.1
  57.5 317.2 57.4 316.4 57.3 315.6 57.3 314.7 57.2 313.9 57.2 313.1 57.1 312.3
  57.1 311.5 57.1 310.7 57.2 310.0 57.2 309.2 57.3 308.4 57.4 307.6 57.4 306.8
  57.4 306.0 57.4 305.1 57.3 304.3 57.3 303.5 57.3 302.7 57.3 301.9 57.3 301.1
  57.3 300.3 57.3 299.6 57.2 298.9 57.2 298.2 57.1 297.5 57.1 296.8 57.0 296.1
  57.0 295.3 56.8 294.5 56.7 293.7 56.7 292.9 56.6 292.1 56.6 291.3 56.6 290.5
  56.7 289.6 56.9 288.7 57.0 287.7 57.1 286.7 57.1 285.7 57.2 284.7 57.2 283.6
  57.2 282.6 57.3 281.5 57.4 280.5 57.5 279.4 57.7 278.3 57.9 277.2 58.2 276.1
  58.5 275.2 58.7 274.3 58.9 273.4 59.1 272.6 59.3 271.7 59.5 270.9 59.8 270.1
  60.0 269.3 60.3 268.7 60.6 268.1 60.9 267.5 61.3 266.9 61.6 266.3 62.0 265.7
  62.3 265.1 62.6 264.6 63.0 264.2 63.3 263.7 63.6 263.3 63.9 262.9 64.2 262.6
  64.5 262.2 64.8 261.9 65.2 261.6 65.5 261.3 65.9 260.9 66.3 260.6 66.7 260.3
  67.1 260.0 67.6 259.8 67.9 259.5 68.2 259.2 68.5 259.0 68.8 258.9 69.1 258.8
  69.4 258.6 69.7 258.5 70.0 258.4 70.4 258.5 70.7 258.5 71.1 258.6 71.4 258.7
  71.7 258.8 72.0 259.0 72.3 259.1 72.6 259.2 72.9 259.3 73.2 259.4 73.4 259.6
  73.7 259.7 73.9 259.9 74.2 260.1 74.4 259.9 74.6 259.8 74.9 259.6 75.1 259.4
  75.3 259.2 75.6 258.9 75.8 258.7 76.0 258.4 76.2 258.1 76.4 257.6 76.6 257.0
  76.8 256.5 77.0 256.0 77.2 255.5 77.4 255.1 77.6 254.6 77.7 254.2 77.9 253.8
  78.1 253.3 78.2 252.5 78.4 251.6 78.6 250.6 78.7 249.6 78.9 248.6 79.0 247.5
  79.1 246.4 79.2 245.2 79.3 244.0 79.4 242.7 79.5 241.4 79.6 240.1 79.7 238.7
  79.8 237.2 79.9 235.7 80.0 234.1 80.0 232.5 80.1 230.7 80.1 228.8 80.2 226.8
  80.2 224.8 80.2 222.7 80.2 220.5 80.1 218.3 80.1 216.1 80.0 213.9 80.0 211.9
  79.9 210.2 79.9 208.7 79.8 207.2 79.8 205.9 79.7 204.7 79.7 203.6 79.6 202.7
  79.5 201.8 79.5 201.1 79.4 200.5 79.3 199.8 79.2 199.1 79.1 198.4 79.0 197.6
  78.9 196.8 78.8 195.9 78.6 195.0 78.5 194.1 78.4 193.2 78.2 192.3 78.0 191.4
  77.8 190.4 77.7 189.7 77.5 189.1 77.4 188.4 77.3 187.7 77.1 187.0 77.0 186.3
  76.9 185.5 76.8 184.7 76.8 183.9 76.7 183.1 76.6 182.1 76.6 181.2 76.5 180.2
  76.5 179.3 76.5 178.4 76.5 177.5 76.5 176.6 76.5 175.8 76.6 174.9 76.6 174.1
  76.7 173.4 76.8 172.6 76.9 171.8
   4 17 68  0.0
  72.5 321.4 72.2 319.6 71.6 317.9 71.1 316.1 70.6 314.4 70.0 312.9 69.4 311.5
  68.8 310.1 68.2 308.9 67.6 307.9 67.0 306.8 66.5 305.8 65.9 305.0 65.4 303.9
  64.8 302.9 64.1 302.0 63.5 301.2 62.8 300.2 62.2 299.3 61.3 298.5 60.6 297.5
  59.8 296.5 59.1 295.5 58.2 294.4 57.4 293.4 56.6 292.4 55.8 291.5 54.9 290.8
  54.0 290.1 53.1 289.4 52.1 288.9 51.2 288.3 50.3 287.7 49.5 287.1 48.6 286.4
  47.8 285.8 47.0 285.1 46.2 284.4 45.5 283.7 44.8 283.1 44.1 282.4 43.5 281.8
  42.9 281.2 42.3 280.6 41.8 279.9 41.3 279.2 40.8 278.5 40.3 277.7 39.8 276.8
  39.3 276.0 38.9 275.1 38.7 274.2 38.4 273.2 38.2 272.2 37.9 271.2 37.8 270.5
  37.7 269.8 37.5 269.0 37.3 268.3 37.1 267.5 37.1 266.7 37.0 265.9 37.0 265.1
  36.9 264.3 36.8 263.5 36.9 262.8 36.9 262.1 36.9 261.4 36.9 260.8 36.9 260.2
  36.8 259.6 36.9 259.0 36.9 258.5 37.0 257.9 37.0 257.4 37.0 256.9 37.1 256.4
  37.1 255.9 37.3 255.5 37.4 255.0 37.6 254.5 37.7 254.0 37.8 253.6 37.9 253.1
  37.9 252.6 38.0 252.1 38.0 251.7 38.0 251.2 38.1 250.7 38.1 250.3 38.2 249.8
  38.2 249.4 38.2 248.9 38.2 248.5 38.2 248.0 38.2 247.5 38.2 247.1 38.1 246.6
  38.1 246.1 38.0 245.7 38.0 245.2 38.0 244.9 37.9 244.5 37.9 244.1 37.9 243.8
  38.0 243.4 38.0 243.1 38.1 242.7 38.1 242.4 38.2 242.0 38.2 241.7 38.3 241.3
  38.3 241.0 38.3 240.7 38.4 240.4 38.4 240.1 38.5 239.9 38.5 239.6 38.6 239.3
  38.6 239.1 38.7 238.8 38.7 238.6 38.7 238.4 38.8 238.2 38.8 238.0 38.8 237.8
  38.8 237.6 38.8 237.4 38.8 237.2 38.8 237.0 38.8 236.8 38.8 236.6 38.7 236.4
  38.7 236.2 38.7 236.0 38.6 235.8 38.5 235.6 38.4 235.4 38.3 235.2 38.1 235.1
  38.0 234.9 37.8 234.8 37.6 234.7 37.4 234.6 37.2 234.5 37.0 234.4 36.8 234.3
  36.7 234.2 36.6 234.1 36.5 234.1 36.4 234.0 36.4 234.0 36.4 233.9 36.5 233.9
  36.5 233.9 36.6 233.9 36.7 234.0 36.8 234.0 36.9 234.1 37.1 234.1 37.2 234.2
  37.3 234.3 37.5 234.4 37.6 234.5 37.8 234.6 37.9 234.8 38.1 234.9 38.3 235.0
  38.5 235.1 38.6 235.2 38.8 235.3 39.0 235.4 39.1 235.5 39.3 235.6 39.5 235.7
  39.6 235.9 39.8 236.0 39.9 236.2 40.0 236.3 40.1 236.5 40.2 236.5 40.3 236.6
  40.4 236.6 40.6 236.6 40.7 236.7 40.8 236.7 41.0 236.7 41.2 236.8 41.3 236.8
  41.5 236.8 41.7 236.8 42.0 236.9 42.2 236.9 42.4 236.7 42.7 236.5 42.9 236.3
  43.1 236.1 43.4 235.9 43.6 235.7 43.8 235.5 44.1 235.3 44.3 235.0 44.6 234.6
  44.8 234.3 45.0 234.0 45.3 233.6 45.5 233.3 45.8 232.9 46.0 232.5 46.2 232.0
  46.4 231.6 46.6 231.0 46.7 230.5 46.8 230.0 47.0 229.4 47.1 228.8 47.3 228.2
  47.4 227.6 47.4 226.9 47.5 226.3 47.6 225.7 47.6 225.0 47.7 224.4 47.8 223.7
  47.7 223.1 47.6 222.4 47.5 221.7 47.5 221.0 47.4 220.3 47.3 219.5 47.1 218.8
  46.9 218.0 46.6 217.3 46.4 216.5 46.2 215.7 45.9 214.9 45.6 214.2 45.4 213.5
  45.1 212.8 44.8 212.2 44.5 211.5
   4 18 68  0.0
  72.5 321.4 72.3 319.2 72.0 317.1 71.7 315.2 71.4 313.4 71.0 311.7 70.6 310.1
  70.2 308.6 69.7 307.1 69.3 305.7 68.9 304.4 68.4 303.1 67.9 301.8 67.5 300.5
  67.0 299.2 66.6 298.1 66.2 297.0 65.7 296.0 65.4 295.0 65.2 294.0 64.9 293.0
  64.6 292.1 64.2 291.2 64.1 290.4 64.0 289.5 63.9 288.7 63.7 287.6 63.9 286.6
  64.0 285.8 64.1 285.0 64.1 284.7 64.2 284.5 64.2 284.4 64.2 284.5 64.1 284.6
  64.1 284.8 64.0 285.1 63.9 285.6 63.8 285.5 63.7 285.5 63.6 285.5 63.4 285.5
  63.3 285.6 63.2 285.6 63.0 285.7 62.8 285.8 62.6 286.0 62.4 286.1 62.1 286.2
  61.9 286.4 61.6 286.2 61.3 286.1 60.9 285.9 60.5 285.8 60.1 285.7 59.6 285.6
  59.1 285.5 58.5 285.4 57.9 285.3 57.2 285.1 56.4 285.0 55.5 285.0 54.6 284.7
  53.7 284.4 52.8 283.9 52.1 283.3 51.4 282.8 50.7 282.2 49.9 281.6 49.1 281.0
  48.3 280.4 47.4 279.8 46.6 279.2 45.6 278.7 44.7 278.0 43.8 277.4 43.0 276.6
  42.3 275.8 41.8 275.1 41.4 274.2 40.9 273.4 40.5 272.5 40.0 271.6 39.7 270.8
  39.4 269.9 39.1 269.0 38.7 268.2 38.4 267.3 38.3 266.5 38.2 265.7 38.1 264.9
  38.0 264.1 37.8 263.5 37.8 262.9 37.7 262.3 37.6 261.7 37.5 261.2 37.3 260.7
  37.1 260.1 37.0 259.6 37.0 259.2 37.0 258.7 37.0 258.2 37.0 257.8 37.0 257.3
  36.9 256.9 36.9 256.4 36.8 256.0 36.9 255.6 37.0 255.1 37.0 254.7 37.1 254.3
  37.1 253.8 37.2 253.4 37.3 253.0 37.3 252.6 37.4 252.2 37.5 251.8 37.5 251.5
  37.5 251.1 37.5 250.7 37.5 250.3 37.5 249.9 37.5 249.6 37.6 249.2 37.6 248.8
  37.6 248.4 37.7 248.1 37.7 247.7 37.7 247.4 37.7 247.0 37.8 246.7 37.8 246.4
  37.8 246.1 37.9 245.8 37.9 245.5 38.0 245.3 38.0 245.0 38.1 244.7 38.1 244.4
  38.2 244.0 38.2 243.7 38.2 243.5 38.3 243.2 38.3 242.9 38.3 242.7 38.3 242.4
  38.3 242.2 38.4 241.9 38.4 241.7 38.4 241.4 38.4 241.2 38.4 241.0 38.4 240.7
  38.4 240.5 38.4 240.3 38.4 240.0 38.4 239.8 38.4 239.6 38.3 239.4 38.3 239.2
  38.2 239.0 38.2 238.8 38.1 238.6 38.1 238.5 38.0 238.3 37.9 238.3 37.9 238.3
  37.8 238.3 37.7 238.3 37.7 238.3 37.6 238.3 37.5 238.4 37.5 238.4 37.5 238.5
  37.4 238.6 37.4 238.7 37.4 238.8 37.3 238.9 37.3 239.0 37.3 239.1 37.3 239.2
  37.3 239.4 37.3 239.6 37.3 239.7 37.4 239.9 37.4 240.1 37.4 240.3 37.5 240.5
  37.5 240.7 37.6 240.9 37.6 241.1 37.6 241.3 37.7 241.5 37.7 241.8 37.8 242.0
  37.8 242.2 37.9 242.4 38.0 242.7 38.1 242.9 38.1 243.1 38.2 243.3 38.3 243.4
  38.4 243.6 38.5 243.8 38.6 244.0 38.7 244.2 38.8 244.3 38.9 244.5 39.1 244.6
  39.2 244.7 39.3 244.8 39.5 244.9 39.6 245.0 39.7 245.0 39.9 245.0 40.1 245.1
  40.2 245.0 40.4 244.9 40.6 244.8 40.8 244.7 40.9 244.6 41.1 244.4 41.3 244.3
  41.5 244.2 41.6 244.0 41.8 243.9 42.0 243.7 42.2 243.5 42.4 243.3 42.6 243.1
  42.8 242.9 43.1 242.7 43.3 242.5 43.6 242.3 43.8 242.1 44.1 241.9 44.4 241.6
  44.7 241.4 44.9 241.1 45.2 240.8
   4 19 68  0.0
  72.5 321.4 72.4 320.9 72.3 320.3 72.2 319.8 72.1 319.2 71.9 318.6 71.8 318.3
  71.7 317.9 71.6 317.5 71.5 317.2 71.4 316.8 71.2 316.3 71.1 315.9 71.0 315.5
  70.9 314.9 70.8 314.2 70.7 313.5 70.5 312.6 70.4 311.7 70.2 310.7 70.1 309.7
  69.9 308.6 69.7 307.6 69.5 306.5 69.4 305.4 69.2 304.3 68.9 303.1 68.7 302.0
  68.5 300.8 68.3 299.7 68.1 298.6 67.9 297.5 67.8 296.5 67.6 295.5 67.5 294.5
  67.4 293.6 67.2 292.6 67.1 291.7 67.1 290.8 67.1 289.9 67.0 289.1 67.0 288.3
  67.0 287.6 67.1 286.9 67.2 286.2 67.3 285.5 67.4 284.8 67.6 284.1 67.7 283.5
  68.0 282.8 68.3 282.4 68.5 282.1 68.7 281.9 68.9 281.7 69.0 281.6 69.1 281.5
  69.2 281.6 69.2 281.6 69.2 281.8 69.2 282.0 69.1 282.3 69.0 282.7 69.0 283.1
  68.9 283.4 68.8 283.7 68.8 284.0 68.7 284.2 68.5 284.4 68.4 284.5 68.3 284.7
  68.1 284.7 68.0 284.8 67.9 284.8 67.8 284.9 67.7 284.9 67.6 284.9 67.4 284.8
  67.3 284.7 67.2 284.4 67.1 284.1 67.0 283.7 66.9 283.3 66.8 282.8 66.7 282.3
  66.6 281.7 66.5 281.0 66.4 280.4 66.3 279.8 66.2 279.1 66.1 278.4 66.0 277.8
  66.0 277.1 65.9 276.1 65.9 275.0 65.9 273.9 65.9 272.8 65.9 271.6 65.9 270.4
  66.0 269.3 66.1 268.3 66.2 267.7 66.3 267.1 66.4 266.6 66.6 266.1 66.8 265.5
  66.9 265.0 67.1 264.5 67.3 263.9 67.5 263.4 67.8 262.8 68.0 262.3 68.3 262.4
  68.5 262.5 68.8 262.6 69.0 262.8 69.3 263.0 69.5 263.2 69.7 263.4 69.9 263.6
  70.1 263.9 70.2 264.7 70.3 265.5 70.4 266.4 70.5 267.4 70.6 268.4 70.5 269.5
  70.5 270.6 70.4 271.8 70.3 272.9 70.1 274.0 69.9 275.1 69.7 275.8 69.5 276.5
  69.1 277.1 68.8 277.8 68.4 278.3 68.0 278.9 67.6 279.4 67.3 279.4 66.9 279.4
  66.6 279.4 66.3 279.4 65.9 279.4 65.6 278.9 65.4 278.5 65.1 278.1 64.8 277.6
  64.6 277.1 64.4 276.6 64.2 276.1 64.0 275.5 63.9 275.0 63.9 274.1 63.8 273.1
  63.8 272.2 63.7 271.2 63.9 270.3 64.0 269.3 64.1 268.4 64.3 267.6 64.6 266.8
  64.8 265.9 65.1 265.1 65.4 264.3 65.7 263.5 66.2 262.6 66.6 262.3 67.1 261.9
  67.6 261.5 68.1 261.1 68.6 261.3 69.0 261.5 69.5 261.7 69.9 261.8 70.3 261.9
  70.7 262.6 71.1 263.3 71.4 264.0 71.6 264.7 71.9 265.5 72.1 266.2 72.3 267.3
  72.5 268.4 72.5 269.5 72.6 270.7 72.7 272.0 72.7 273.3 72.7 274.6 72.6 276.0
  72.6 277.3 72.5 278.7 72.4 280.1 72.2 281.4 71.9 282.6 71.6 283.8 71.4 285.0
  71.0 286.1 70.6 287.1 70.2 288.1 69.8 289.0 69.3 289.6 68.8 290.3 68.3 290.8
  67.8 291.4 67.2 291.7 66.7 291.9 66.2 292.1 65.6 292.4 65.1 292.3 64.6 292.3
  64.1 292.3 63.6 292.2 63.1 292.1 62.6 292.0 62.2 292.0 61.7 291.9 61.2 291.8
  60.8 291.7 60.4 291.7 60.1 291.6 59.7 291.6 59.5 291.5 59.2 291.4 58.9 291.4
  58.7 291.3 58.5 291.4 58.3 291.4 58.1 291.5 57.9 291.6 57.7 291.8 57.5 292.0
  57.4 292.2 57.1 292.4 56.9 292.5 56.7 292.7 56.4 292.8 56.2 293.0 56.0 293.1
  55.8 293.2 55.6 293.2 55.4 293.1
   4 20 68  0.0
  72.5 321.4 72.2 320.5 71.9 319.7 71.7 319.0 71.4 318.3 71.1 317.6 70.8 317.0
  70.5 316.4 70.2 315.8 69.8 315.2 69.5 314.5 69.2 313.7 68.8 313.0 68.5 312.3
  68.2 311.7 67.8 311.1 67.5 310.3 67.2 309.5 66.9 308.8 66.6 308.2 66.3 307.6
  65.9 307.1 65.6 306.1 65.3 305.2 65.0 304.2 64.8 303.2 64.5 302.2 64.2 301.2
  64.0 300.3 63.7 299.1 63.4 297.9 63.0 296.7 62.7 295.6 62.2 294.6 61.6 293.7
  61.1 292.6 60.6 291.5 60.0 290.4 59.5 289.2 59.0 287.9 58.5 286.7 58.1 285.6
  57.6 284.6 57.1 283.5 56.6 282.5 56.1 281.5 55.5 280.6 54.9 279.8 54.6 278.9
  54.1 278.1 53.7 277.3 53.3 276.5 52.9 275.6 52.6 274.9 52.4 274.1 52.1 273.3
  51.8 272.6 51.5 271.9 51.4 271.2 51.2 270.5 51.1 269.8 50.9 269.1 50.6 268.4
  50.4 267.7 50.3 267.0 50.2 266.3 50.0 265.7 49.9 264.9 49.7 264.3 49.6 263.6
  49.5 262.9 49.4 262.2 49.2 261.4 49.1 260.6 48.9 259.9 49.0 259.1 49.0 258.3
  49.1 257.6 49.1 256.9 49.1 256.3 49.1 255.6 49.2 255.0 49.3 254.3 49.4 253.8
  49.5 253.2 49.5 252.6 49.6 252.0 49.8 251.4 49.9 250.8 50.1 250.2 50.3 249.7
  50.4 249.2 50.5 248.7 50.6 248.2 50.7 247.7 51.0 247.1 51.2 246.5 51.4 245.9
  51.6 245.4 51.8 244.7 52.0 244.1 52.1 243.5 52.3 243.2 52.6 242.8 52.8 242.4
  53.0 242.0 53.2 241.5 53.4 241.1 53.6 240.6 53.7 240.1 53.9 239.6 54.1 239.1
  54.2 238.9 54.3 238.7 54.4 238.4 54.5 238.2 54.5 237.9 54.5 237.7 54.5 237.4
  54.4 237.1 54.3 236.9 54.2 236.6 54.1 236.3 53.9 236.0 53.8 235.3 53.7 234.6
  53.6 233.9 53.4 233.3 53.2 232.6 53.0 232.0 52.8 231.3 52.5 230.7 52.2 230.0
  51.9 229.4 51.5 228.3 51.2 227.3 51.0 226.1 50.7 224.9 50.4 223.7 50.3 222.3
  50.1 220.8 49.9 219.2 49.9 217.1 49.8 214.9 49.7 212.6 49.6 210.2 49.5 208.1
  49.3 206.1 49.2 204.4 49.1 202.8 49.0 201.3 49.0 199.9 49.0 198.6 48.9 197.4
  48.8 196.2 48.7 195.1 48.5 194.1 48.3 193.0 48.1 192.0 48.0 190.9 47.9 189.9
  47.8 188.8 47.7 187.7 47.7 186.7 47.6 185.6 47.5 184.6 47.4 183.5 47.2 182.4
  47.1 181.4 46.9 180.3 46.7 179.2 46.5 178.1 46.3 177.1 46.1 176.1 45.9 175.0
  45.6 174.1 45.4 173.1 45.1 172.1 44.8 171.0 44.6 169.9 44.3 168.7 44.1 167.3
  43.9 166.0 43.7 164.7 43.5 163.4 43.3 162.1 43.1 160.8 42.8 159.6 42.6 158.5
  42.3 157.4 42.0 156.3 41.7 155.3 41.5 154.2 41.3 153.2 41.0 152.2 40.8 151.3
  40.6 150.3 40.4 149.4 40.2 148.5 39.9 147.7 39.7 146.8 39.5 145.9 39.3 145.1
  39.1 144.2 38.9 143.4 38.6 142.6 38.4 141.8 38.2 141.0 37.9 140.2 37.7 139.3
  37.4 138.5 37.2 137.6 36.9 136.8 36.6 136.0 36.4 135.2 36.1 134.4 35.8 133.7
  35.5 132.8 35.2 132.0 35.2 131.2 35.2 130.4 35.2 129.6 35.2 128.9 35.2 128.2
  35.1 127.6 35.2 126.9 35.2 126.3 35.2 125.7 35.2 125.2 35.2 124.7 35.2 124.2
  35.2 123.7 35.3 123.2 35.3 122.8 35.4 122.3 35.4 121.9 35.5 121.5 35.6 121.1
  35.6 120.7 35.7 120.4 35.8 120.0
   4 21 68  0.0
  72.5 321.4 72.4 321.4 72.2 321.3 72.1 321.2 71.9 321.1 71.8 321.0 71.7 320.8
  71.6 320.6 71.4 320.4 71.3 320.0 71.1 319.7 71.0 319.3 70.9 318.9 70.7 318.4
  70.6 317.9 70.4 317.4 70.2 317.0 70.0 316.5 69.8 315.8 69.5 315.2 69.3 314.5
  69.0 313.9 68.7 313.2 68.4 312.6 68.0 311.9 67.7 311.2 67.3 310.2 67.0 309.3
  66.7 308.3 66.3 307.4 66.0 306.5 65.7 305.3 65.3 304.1 65.0 303.0 64.6 301.8
  64.3 300.7 63.9 299.6 63.6 298.4 63.3 297.1 63.0 295.7 62.8 294.4 62.6 293.1
  62.3 291.8 62.1 290.4 61.9 289.1 61.7 287.8 61.5 286.5 61.4 285.2 61.2 283.9
  61.2 282.6 61.1 281.4 61.1 280.2 61.0 279.0 61.0 277.9 61.1 276.8 61.1 275.7
  61.2 274.7 61.4 273.8 61.5 272.8 61.6 271.9 61.7 271.1 61.8 270.2 61.9 269.4
  62.0 268.7 62.1 268.2 62.1 267.8 62.1 267.4 62.0 267.0 62.0 266.6 61.9 266.1
  61.9 265.6 61.8 265.1 61.7 264.6 61.7 264.1 61.6 263.5 61.5 263.0 61.4 262.4
  61.3 261.8 61.2 261.2 61.1 260.6 61.0 260.0 60.9 259.3 60.9 258.6 60.9 257.9
  60.8 257.1 60.8 256.3 60.7 255.5 60.9 254.6 61.0 253.8 61.1 252.9 61.1 252.1
  61.2 251.2 61.4 250.3 61.5 249.5 61.6 248.7 61.8 247.8 61.9 247.0 62.0 246.2
  62.2 245.5 62.3 244.9 62.5 244.2 62.6 243.5 62.8 242.8 63.0 242.1 63.2 241.4
  63.4 240.7 63.6 239.9 63.7 239.2 63.9 238.4 64.1 237.7 64.3 237.1 64.5 236.5
  64.7 235.9 64.9 235.3 65.1 234.7 65.2 234.0 65.4 233.4 65.6 232.7 65.8 232.1
  66.0 231.4 66.2 231.1 66.4 230.8 66.7 230.4 66.9 230.1 67.1 229.8 67.4 229.4
  67.6 229.1 67.9 228.8 68.2 228.5 68.5 228.5 68.8 228.6 69.2 228.6 69.5 228.7
  69.9 228.8 70.2 228.8 70.6 229.2 71.0 229.6 71.3 230.0 71.7 230.4 72.0 230.9
  72.4 231.4 72.8 232.0 73.1 232.7 73.4 233.3 73.7 234.0 74.0 234.7 74.4 235.2
  74.8 235.7 75.1 236.4 75.4 237.1 75.6 237.8 75.9 238.7 76.2 239.6 76.5 240.5
  76.8 241.6 77.1 242.8 77.4 244.1 77.6 245.5 77.8 247.1 78.1 248.6 78.4 250.3
  78.6 252.0 78.8 253.9 79.1 255.8 79.3 257.9 79.4 260.0 79.6 262.1 79.7 264.2
  79.7 266.3 79.8 268.3 79.8 270.2 79.8 272.0 79.8 273.8 79.8 275.5 79.8 277.1
  79.8 278.7 79.8 280.3 79.8 281.9 79.8 283.4 79.8 284.8 79.8 286.3 79.8 287.7
  79.8 289.0 79.7 290.2 79.7 291.3 79.6 292.4 79.6 293.3 79.5 294.2 79.5 295.0
  79.4 295.7 79.4 296.4 79.4 297.0 79.3 297.5 79.3 298.0 79.3 298.4 79.2 298.9
  79.2 299.3 79.2 299.7 79.2 300.2 79.2 300.6 79.1 301.1 79.1 301.5 79.1 302.0
  79.1 302.4 79.1 302.9 79.0 303.3 79.0 303.7 79.0 303.9 79.0 304.1 79.0 304.2
  78.9 304.2 78.9 304.1 78.9 304.0 78.9 303.8 78.8 303.5 78.8 303.1 78.8 302.7
  78.8 302.3 78.7 301.9 78.7 301.5 78.7 301.1 78.6 300.8 78.6 300.5 78.5 300.3
  78.5 300.0 78.4 299.8 78.3 299.5 78.3 299.3 78.2 299.1 78.1 298.9 78.0 298.7
  78.0 298.5 77.9 298.8 77.8 299.1 77.7 299.3 77.5 299.5 77.4 299.7 77.3 299.8
  77.1 300.0 77.0 300.1 76.8 300.1
   4 22 68  0.0
  72.5 321.4 72.3 321.3 72.0 321.2 71.8 321.2 71.6 321.0 71.4 320.8 71.2 320.6
  71.1 320.5 70.9 320.4 70.7 320.3 70.6 320.2 70.4 320.2 70.3 320.2 70.2 320.2
  70.0 320.2 69.9 320.2 69.7 320.0 69.7 319.8 69.6 319.6 69.5 319.5 69.4 319.4
  69.3 319.3 69.2 319.3 69.1 319.4 69.0 319.5 68.9 319.6 68.8 319.6 68.7 319.6
  68.6 319.6 68.5 319.5 68.4 319.3 68.3 319.1 68.2 318.8 68.0 318.5 67.9 318.1
  67.7 317.6 67.6 317.0 67.5 316.4 67.3 315.7 67.1 315.1 67.0 314.4 66.8 313.6
  66.6 312.9 66.3 312.1 66.1 311.3 65.9 310.5 65.6 309.4 65.4 308.4 65.1 307.2
  64.9 306.0 64.7 304.8 64.4 303.5 64.2 302.3 64.0 301.0 63.8 299.8 63.6 298.4
  63.4 297.1 63.2 295.7 63.1 294.3 62.9 293.0 62.8 291.6 62.8 290.3 62.7 288.9
  62.7 287.6 62.7 286.3 62.7 285.0 62.6 283.7 62.6 282.4 62.7 281.2 62.7 280.1
  62.6 278.9 62.7 277.8 62.8 276.6 62.8 275.5 62.9 274.5 63.0 273.5 63.1 272.5
  63.2 271.6 63.3 270.8 63.3 270.0 63.3 269.2 63.4 268.5 63.5 267.8 63.5 267.1
  63.5 266.4 63.5 265.7 63.5 265.1 63.5 264.5 63.5 263.9 63.4 263.4 63.4 262.9
  63.3 262.4 63.2 261.9 63.1 261.4 63.1 261.0 63.0 260.5 62.9 260.1 62.8 259.6
  62.8 259.1 62.7 258.6 62.7 258.1 62.6 257.5 62.5 257.0 62.5 256.4 62.4 255.8
  62.5 255.2 62.6 254.5 62.7 253.9 62.8 253.2 62.9 252.5 63.0 251.8 63.2 251.1
  63.4 250.4 63.6 249.7 63.7 248.9 63.9 248.2 64.0 247.4 64.2 247.1 64.4 246.7
  64.6 246.3 64.8 245.9 65.0 245.5 65.2 245.1 65.3 244.7 65.5 244.2 65.7 243.8
  65.9 243.3 66.1 242.9 66.3 242.7 66.5 242.6 66.7 242.4 66.9 242.2 67.1 242.1
  67.2 241.9 67.4 241.7 67.6 241.6 67.8 241.4 68.0 241.2 68.2 241.4 68.4 241.6
  68.7 241.9 68.9 242.1 69.1 242.4 69.3 242.7 69.5 243.1 69.7 243.4 69.9 243.8
  70.1 244.2 70.3 244.9 70.4 245.6 70.6 246.4 70.7 247.2 70.9 248.0 71.0 248.8
  71.1 249.6 71.1 250.4 71.2 251.2 71.2 252.0 71.2 252.8 71.2 253.5 71.2 254.2
  71.2 254.9 71.3 255.5 71.3 256.2 71.4 256.8 71.4 257.4 71.5 257.9 71.6 258.5
  71.7 259.0 71.8 259.6 71.9 260.1 72.1 260.7 72.2 261.6 72.3 262.5 72.4 263.4
  72.5 264.4 72.6 265.5 72.6 266.5 72.7 267.6 72.7 268.8 72.8 270.0 72.8 271.2
  72.7 272.4 72.7 273.6 72.6 274.8 72.5 276.0 72.4 277.1 72.3 278.2 72.1 279.3
  71.9 280.3 71.7 281.4 71.5 282.4 71.3 283.3 71.0 284.2 70.8 285.0 70.5 285.7
  70.2 286.4 69.9 287.0 69.6 287.4 69.2 287.7 68.9 288.0 68.5 288.3 68.2 288.6
  67.9 288.8 67.6 289.0 67.3 289.2 66.9 289.4 66.6 289.5 66.3 289.7 66.0 289.8
  65.7 289.7 65.4 289.7 65.1 289.6 64.8 289.4 64.5 289.3 64.2 289.1 63.9 289.0
  63.6 288.6 63.3 288.2 63.0 287.9 62.7 287.5 62.5 287.1 62.2 286.7 62.0 286.3
  61.8 285.6 61.6 284.9 61.4 284.1 61.3 283.3 61.2 282.4 61.1 281.4 61.0 280.4
  60.9 279.4 60.9 278.4 60.9 277.4 60.9 276.5 60.9 275.5 61.0 274.6 61.2 273.6
  61.3 272.6 61.5 271.6 61.7 270.6
   4 23 68  0.0
  72.5 321.4 72.2 321.1 72.0 320.8 71.8 320.5 71.6 320.3 71.3 320.0 71.1 319.8
  71.0 319.5 70.9 319.3 70.8 319.0 70.7 318.7 70.6 318.5 70.5 318.2 70.5 317.9
  70.4 317.6 70.3 317.4 70.2 317.1 70.1 316.8 70.0 316.5 69.9 316.1 69.8 315.6
  69.7 315.2 69.6 314.8 69.5 314.3 69.4 313.9 69.2 313.4 69.1 313.0 69.0 312.6
  68.9 312.2 68.8 311.8 68.7 311.5 68.7 311.2 68.6 310.9 68.6 310.6 68.5 310.3
  68.5 310.1 68.5 309.8 68.4 309.6 68.4 309.4 68.3 309.3 68.3 309.2 68.3 309.1
  68.3 309.0 68.3 309.0 68.3 309.0 68.3 309.0 68.4 309.1 68.4 309.1 68.4 309.2
  68.5 309.3 68.5 309.4 68.6 309.4 68.6 309.4 68.6 309.3 68.6 309.2 68.5 309.1
  68.5 308.9 68.4 308.6 68.3 308.3 68.2 308.0 68.1 307.7 68.0 307.3 67.9 306.9
  67.8 306.1 67.7 305.4 67.5 304.6 67.4 303.8 67.2 303.0 67.1 302.1 66.9 301.2
  66.8 300.3 66.6 299.3 66.5 298.3 66.4 297.2 66.3 296.2 66.2 295.3 66.2 294.3
  66.1 293.5 66.0 292.6 65.9 291.8 65.9 290.6 65.9 289.4 65.8 288.2 65.8 287.1
  65.9 286.0 65.9 284.9 66.0 283.8 66.1 283.3 66.2 282.8 66.3 282.4 66.4 282.0
  66.4 281.6 66.5 281.3 66.5 281.0 66.5 280.8 66.5 280.5 66.5 280.3 66.5 280.1
  66.4 280.0 66.4 280.0 66.3 280.0 66.2 280.1 66.1 280.3 66.0 280.6 65.9 280.9
  65.7 280.8 65.6 280.8 65.4 281.0 65.2 281.2 65.0 281.5 64.8 281.7 64.6 282.0
  64.4 282.2 64.2 282.3 64.0 282.4 63.7 282.2 63.5 282.0 63.2 281.9 62.9 281.8
  62.6 281.7 62.2 281.7 61.9 281.6 61.5 281.4 61.1 281.2 60.8 281.0 60.4 280.7
  60.0 280.5 59.6 280.2 59.3 279.9 59.0 279.5 58.7 279.2 58.4 278.9 58.1 278.6
  57.7 278.3 57.4 277.9 57.1 277.6 56.7 277.2 56.4 276.8 56.0 276.5 55.7 276.1
  55.3 275.7 55.0 275.3 54.7 274.9 54.3 274.6 54.0 274.3 53.6 273.9 53.3 273.5
  52.9 273.1 52.6 272.7 52.3 272.3 52.0 271.8 51.7 271.3 51.4 270.7 51.1 270.2
  50.8 269.6 50.5 269.1 50.2 268.6 49.9 268.1 49.6 267.5 49.3 266.9 49.1 266.3
  48.8 265.7 48.6 265.0 48.4 264.3 48.2 263.6 48.0 262.9 47.8 262.3 47.7 261.6
  47.5 260.9 47.3 260.2 47.2 259.4 47.1 258.7 47.0 257.9 46.9 257.2 46.8 256.4
  46.8 255.6 46.8 254.7 46.7 253.9 46.7 252.9 46.7 252.0 46.6 250.9 46.5 249.9
  46.4 248.8 46.3 247.7 46.3 246.7 46.2 245.6 46.1 244.5 46.0 243.4 45.9 242.2
  45.9 241.3 45.8 240.3 45.8 239.2 45.7 238.2 45.6 237.1 45.5 236.1 45.4 235.0
  45.3 233.9 45.2 232.8 45.2 231.7 45.2 230.6 45.2 229.4 45.2 228.2 45.2 227.0
  45.1 225.6 45.1 224.2 45.0 222.8 44.9 221.3 44.9 219.9 44.9 218.4 44.9 217.0
  45.0 215.6 44.9 214.2 44.9 212.8 44.8 211.4 44.5 210.0 44.2 208.6 43.8 207.2
  43.6 206.4 43.3 205.5 43.0 204.7 42.8 203.9 42.6 203.1 42.4 202.4 42.2 201.7
  42.1 201.0 41.9 200.3 41.7 200.1 41.4 199.9 41.2 199.8 41.0 199.6 40.8 199.4
  40.6 199.3 40.4 199.0 40.2 198.8 40.0 198.6 39.9 198.3 39.7 198.4 39.5 198.4
  39.4 198.4 39.2 198.4 39.0 198.4
   4 24 68  0.0
  72.5 321.4 72.4 321.2 72.3 321.0 72.2 320.9 72.1 320.8 72.0 320.7 71.9 320.6
  71.8 320.5 71.7 320.3 71.5 320.2 71.4 320.1 71.2 320.0 71.1 320.0 71.0 319.9
  70.9 319.8 70.8 319.8 70.7 319.7 70.6 319.5 70.4 319.4 70.3 319.3 70.2 319.1
  70.1 318.9 70.0 318.7 69.9 318.5 69.8 318.2 69.7 318.0 69.6 317.8 69.5 317.6
  69.5 317.3 69.4 317.0 69.3 316.8 69.2 316.5 69.2 316.2 69.1 315.9 69.1 315.6
  69.1 315.2 69.1 314.9 69.0 314.6 69.0 314.2 69.0 313.8 68.9 313.5 68.9 313.1
  68.8 312.7 68.7 312.4 68.6 312.0 68.6 311.6 68.6 311.2 68.5 310.8 68.5 310.4
  68.4 310.1 68.3 309.7 68.3 309.4 68.2 309.1 68.2 308.8 68.1 308.5 68.0 308.3
  68.0 308.1 67.9 307.6 68.0 307.2 68.0 306.8 68.1 306.7 68.1 306.5 68.2 306.4
  68.2 306.3 68.3 306.2 68.4 306.2 68.4 306.1 68.5 306.1 68.6 306.1 68.6 306.2
  68.7 306.2 68.8 306.3 68.9 306.4 68.9 306.5 69.0 306.5 69.1 306.6 69.1 306.6
  69.1 306.5 69.1 306.4 69.1 306.3 69.1 306.1 69.1 305.9 69.1 305.6 69.0 305.3
  69.0 305.0 68.9 304.6 68.8 304.3 68.7 303.9 68.6 303.5 68.5 303.1 68.4 302.7
  68.3 302.3 68.1 301.9 68.0 301.5 67.8 300.5 67.6 299.5 67.5 298.4 67.4 297.3
  67.3 296.3 67.2 295.3 67.2 294.4 67.1 293.5 67.0 292.6 66.9 291.8 66.9 291.0
  66.9 290.3 66.9 289.6 66.8 289.0 66.8 288.4 66.8 287.8 66.8 287.3 66.9 286.8
  66.9 286.3 66.9 285.9 66.9 285.5 66.9 285.1 66.9 284.8 66.8 284.5 66.8 284.3
  66.7 284.1 66.5 283.9 66.5 283.7 66.5 283.7 66.4 283.7 66.4 283.7 66.3 283.9
  66.2 284.1 65.9 284.3 65.7 284.2 65.5 284.1 65.2 284.2 64.9 284.3 64.6 284.5
  64.2 284.8 63.9 285.0 63.6 284.6 63.2 284.2 62.9 283.9 62.6 283.6 62.3 283.4
  62.0 283.1 61.7 282.9 61.3 282.5 60.9 282.1 60.5 281.9 60.0 281.7 59.5 281.5
  59.1 281.0 58.6 280.6 58.1 280.2 57.6 279.9 57.3 279.3 56.9 278.8 56.5 278.3
  56.1 277.9 55.7 277.5 55.2 277.0 54.8 276.5 54.3 276.0 53.8 275.6 53.5 275.0
  53.1 274.4 52.7 273.8 52.3 273.3 52.0 272.8 51.6 272.2 51.2 271.6 50.9 271.1
  50.6 270.5 50.4 269.9 50.1 269.3 49.8 268.8 49.5 268.1 49.2 267.5 49.0 266.9
  48.7 266.2 48.5 265.6 48.2 265.0 47.9 264.4 47.7 263.9 47.5 263.4 47.3 262.9
  47.1 262.3 47.0 261.8 46.8 261.2 46.6 260.6 46.4 260.0 46.4 259.4 46.3 258.7
  46.2 258.0 46.1 257.4 46.0 256.7 45.8 256.1 45.7 255.5 45.7 255.0 45.7 254.3
  45.7 253.7 45.6 253.1 45.6 252.4 45.6 251.7 45.6 251.0 45.5 250.2 45.5 249.4
  45.4 248.5 45.4 247.6 45.3 246.7 45.2 245.7 45.1 244.8 45.0 243.8 44.9 242.9
  44.9 241.9 44.8 240.9 44.7 239.9 44.7 238.9 44.6 237.9 44.5 236.8 44.4 235.8
  44.3 234.6 44.3 233.5 44.2 232.3 44.2 231.1 44.2 229.9 44.2 228.7 44.3 227.4
  44.3 226.1 44.3 224.8 44.3 223.3 44.3 221.9 44.2 220.4 44.1 218.9 44.1 217.4
  44.1 216.0 44.1 214.6 44.1 213.2 44.0 211.8 43.9 210.5 43.7 209.6 43.5 208.7
  43.2 207.9 43.0 207.0 42.8 206.2
   4 25 68  0.0
  72.5 321.4 72.5 321.8 72.4 322.3 72.4 322.7 72.3 323.1 72.3 323.4 72.2 323.8
  72.1 324.2 72.0 324.5 71.9 324.8 71.8 324.7 71.7 324.5 71.5 324.3 71.4 324.2
  71.3 324.0 71.2 323.8 71.1 323.6 71.1 323.4 71.0 323.2 71.0 323.0 70.9 322.8
  70.9 322.6 70.8 322.4 70.8 322.2 70.7 321.9 70.7 321.7 70.7 321.5 70.6 321.3
  70.5 321.1 70.5 320.9 70.4 320.8 70.3 320.6 70.2 320.5 70.0 320.4 69.9 320.3
  69.8 319.9 69.7 319.5 69.6 319.1 69.5 318.7 69.4 318.3 69.4 317.9 69.3 317.6
  69.2 317.3 69.1 316.9 69.0 316.6 68.9 316.3 68.9 316.0 68.8 315.7 68.9 315.5
  68.9 315.2 69.0 314.9 69.0 314.5 69.1 314.2 69.1 313.8 69.1 313.5 69.1 313.1
  69.1 312.8 69.1 312.4 69.1 312.0 69.1 311.6 69.2 311.3 69.2 310.9 69.2 310.5
  69.2 310.1 69.2 309.8 69.2 309.4 69.2 309.0 69.2 308.6 69.2 308.2 69.2 307.9
  69.2 307.5 69.3 307.2 69.4 306.8 69.4 306.5 69.5 306.1 69.5 305.8 69.6 305.4
  69.6 305.1 69.7 304.9 69.7 304.6 69.8 304.3 69.8 304.1 69.9 303.9 70.0 303.7
  70.2 303.7 70.4 303.8 70.5 303.9 70.7 303.9 70.8 304.0 70.9 304.1 71.0 304.1
  71.1 304.2 71.1 304.3 71.2 304.4 71.3 304.5 71.3 304.6 71.4 304.7 71.5 304.8
  71.5 304.9 71.6 305.0 71.6 305.0 71.7 305.0 71.7 305.0 71.7 304.9 71.7 304.8
  71.7 304.7 71.7 304.6 71.7 304.4 71.7 304.2 71.6 304.0 71.6 303.8 71.6 303.6
  71.6 303.4 71.6 303.2 71.5 303.1 71.5 302.9 71.5 302.8 71.4 302.6 71.3 302.5
  71.2 302.4 71.1 302.3 70.9 302.2 70.8 302.1 70.6 302.0 70.4 302.0 70.2 302.0
  70.0 302.0 69.8 302.0 69.5 301.7 69.3 301.3 69.0 301.0 68.7 300.8 68.4 300.6
  68.0 300.4 67.6 300.2 67.3 299.6 67.0 299.0 66.7 298.4 66.3 297.9 66.0 297.5
  65.7 296.4 65.3 295.4 65.0 294.4 64.7 293.4 64.3 292.5 63.9 291.6 63.6 290.3
  63.2 289.1 62.8 288.0 62.6 287.0 62.3 286.0 62.0 285.2 61.7 284.5 61.4 283.4
  61.2 282.3 61.0 281.3 60.8 280.3 60.6 279.3 60.6 278.5 60.6 277.8 60.5 277.1
  60.4 276.5 60.3 276.0 60.2 275.7 60.1 275.3 60.1 275.1 60.0 274.9 59.9 274.8
  59.8 274.5 59.7 274.2 59.5 274.0 59.4 273.7 59.2 273.5 59.0 273.3 58.8 273.2
  58.6 273.0 58.4 272.9 58.2 272.8 57.9 272.8 57.6 272.5 57.3 272.4 57.0 272.2
  56.7 272.1 56.4 272.0 56.2 271.8 55.9 271.7 55.7 271.4 55.5 271.1 55.2 270.9
  55.0 270.6 54.7 270.4 54.4 270.2 54.1 270.1 53.8 270.0 53.5 269.6 53.2 269.2
  52.9 268.9 52.6 268.5 52.3 268.1 52.0 267.7 51.7 267.1 51.4 266.6 51.1 266.1
  50.8 265.6 50.5 265.1 50.2 264.6 49.9 264.2 49.6 263.6 49.4 263.0 49.3 262.3
  49.1 261.6 48.9 260.9 48.7 260.2 48.5 259.5 48.4 258.8 48.3 258.0 48.2 257.2
  48.0 256.4 47.9 255.6 47.9 254.8 47.8 254.0 47.7 253.2 47.7 252.3 47.6 251.4
  47.6 250.5 47.5 249.5 47.4 248.5 47.3 247.5 47.2 246.4 47.1 245.3 47.0 244.2
  46.9 243.1 46.9 242.0 46.8 240.9 46.8 239.8 46.7 238.8 46.6 237.6 46.5 236.5
  46.4 235.4 46.3 234.1 46.1 232.9
   4 26 68  0.0
  72.5 321.4 72.3 321.4 72.2 321.4 72.0 321.4 71.9 321.5 71.8 321.3 71.8 321.1
  71.7 321.0 71.6 320.8 71.6 320.6 71.6 320.5 71.6 320.4 71.6 320.3 71.6 320.2
  71.6 320.1 71.6 320.0 71.6 319.9 71.5 319.8 71.4 319.7 71.3 319.6 71.3 319.6
  71.2 319.5 71.1 319.5 71.1 319.4 71.0 319.4 71.0 319.3 70.9 319.3 70.9 319.2
  70.9 319.1 70.8 319.0 70.8 318.9 70.7 318.7 70.7 318.5 70.7 318.3 70.7 318.1
  70.6 317.9 70.6 317.6 70.6 317.4 70.6 317.1 70.6 316.8 70.6 316.5 70.6 316.2
  70.6 315.9 70.6 315.6 70.7 315.2 70.7 314.9 70.7 314.6 70.8 314.2 70.8 313.9
  70.9 313.5 70.9 313.1 71.0 312.8 71.0 312.5 71.1 312.2 71.1 312.0 71.2 311.8
  71.3 311.6 71.4 311.5 71.5 311.4 71.6 311.3 71.7 311.2 71.8 311.2 71.9 311.2
  72.0 311.1 72.1 311.0 72.2 311.0 72.3 311.0 72.4 310.9 72.5 310.8 72.5 310.6
  72.6 310.4 72.7 310.2 72.7 309.9 72.8 309.5 72.8 309.2 72.8 308.8 72.9 308.4
  72.9 308.0 72.9 307.7 73.0 307.3 73.1 306.9 73.1 306.5 73.2 306.1 73.2 305.7
  73.2 305.3 73.3 304.9 73.3 304.5 73.3 304.2 73.3 303.8 73.4 303.5 73.5 303.1
  73.5 302.7 73.6 302.4 73.6 302.1 73.6 301.7 73.7 301.4 73.7 301.0 73.7 300.7
  73.7 300.4 73.8 300.1 73.8 299.8 73.9 299.6 73.9 299.3 74.0 299.1 74.1 298.8
  74.1 298.7 74.2 298.6 74.3 298.6 74.3 298.5 74.4 298.4 74.5 298.3 74.5 298.1
  74.5 297.9 74.6 297.7 74.6 297.4 74.6 297.2 74.7 296.8 74.7 296.5 74.7 296.1
  74.7 295.6 74.6 295.2 74.6 294.7 74.6 294.2 74.6 293.7 74.6 293.1 74.6 292.6
  74.6 292.0 74.6 291.5 74.6 290.9 74.6 290.3 74.6 289.7 74.6 289.1 74.6 288.4
  74.7 287.8 74.7 287.1 74.8 286.5 74.8 285.9 74.8 285.4 74.9 284.9 74.9 284.3
  75.0 283.9 75.0 283.4 75.1 283.0 75.1 282.6 75.2 282.2 75.2 281.8 75.3 281.5
  75.3 281.2 75.3 281.0 75.4 280.8 75.4 280.7 75.4 280.6 75.4 280.5 75.4 280.5
  75.4 280.6 75.4 280.7 75.4 280.8 75.4 281.0 75.4 281.3 75.4 281.5 75.3 281.7
  75.3 281.9 75.2 282.1 75.1 282.4 75.1 282.6 75.0 282.8 74.8 283.0 74.7 283.2
  74.6 283.4 74.4 283.6 74.3 283.7 74.1 283.7 74.0 283.6 73.8 283.9 73.7 284.1
  73.6 284.2 73.4 284.1 73.3 284.0 73.2 283.7 73.0 283.3 72.9 282.8 72.7 282.3
  72.6 281.7 72.5 281.1 72.3 280.4 72.2 279.7 72.0 279.1 71.9 278.3 71.7 277.9
  71.6 277.4 71.5 276.8 71.4 276.1 71.3 275.3 71.1 274.5 71.0 273.7 70.9 273.0
  70.8 272.2 70.7 271.5 70.6 270.9 70.4 270.2 70.3 269.6 70.2 269.1 70.0 268.6
  69.9 268.1 69.8 267.7 69.6 267.2 69.5 266.9 69.4 266.5 69.3 266.3 69.1 266.0
  69.0 265.8 68.9 265.5 68.9 265.4 68.8 265.2 68.7 265.0 68.7 264.9 68.6 264.8
  68.6 264.7 68.6 264.6 68.6 264.5 68.6 264.4 68.5 264.4 68.5 264.3 68.5 264.3
  68.4 264.3 68.4 264.3 68.4 264.3 68.4 264.3 68.3 264.3 68.3 264.3 68.2 264.3
  68.2 264.3 68.1 264.4 68.1 264.4 68.0 264.5 67.9 264.5 67.9 264.3 67.8 264.2
  67.7 264.0 67.6 263.9 67.5 263.7
   4 27 68  0.0
  72.5 321.4 72.6 321.3 72.7 321.2 72.7 321.1 72.8 321.0 72.8 320.8 72.8 320.7
  72.8 320.5 72.7 320.2 72.7 320.0 72.6 319.8 72.5 319.5 72.4 319.2 72.2 318.9
  72.1 318.6 71.9 318.4 71.7 318.3 71.6 318.2 71.4 318.1 71.3 317.9 71.1 317.8
  71.0 317.7 70.8 317.5 70.6 317.4 70.4 317.2 70.2 317.1 70.0 316.9 69.8 316.8
  69.7 316.4 69.5 316.0 69.3 315.6 69.1 315.2 68.9 314.8 68.7 314.5 68.5 314.2
  68.2 313.9 68.0 313.6 67.7 313.2 67.5 312.8 67.2 312.4 66.9 312.0 66.7 311.6
  66.3 311.2 66.0 310.8 65.7 310.4 65.4 309.6 65.1 308.8 64.8 308.0 64.5 307.3
  64.2 306.5 63.8 305.8 63.5 304.6 63.3 303.5 63.0 302.3 62.7 301.2 62.4 300.0
  62.2 298.9 61.9 297.8 61.6 296.6 61.3 295.4 61.0 294.2 60.7 292.9 60.3 291.7
  60.0 290.5 59.7 289.3 59.4 288.2 59.1 287.2 58.8 286.1 58.4 285.1 58.1 284.0
  57.8 283.0 57.4 282.1 57.1 281.2 56.8 280.3 56.5 279.3 56.1 278.4 55.8 277.5
  55.5 276.8 55.2 276.1 54.9 275.4 54.6 274.7 54.4 274.0 54.1 273.3 53.8 272.6
  53.5 272.2 53.3 271.8 53.0 271.4 52.7 271.0 52.5 270.5 52.2 270.1 52.0 269.6
  51.8 269.1 51.6 268.8 51.3 268.5 51.1 268.1 50.9 267.8 50.7 267.5 50.5 267.1
  50.3 266.7 50.1 266.3 49.9 265.8 49.8 265.6 49.6 265.4 49.5 265.2 49.3 264.9
  49.2 264.7 49.0 264.5 48.9 264.3 48.7 264.0 48.5 263.8 48.5 263.6 48.5 263.3
  48.4 263.1 48.4 262.8 48.4 262.4 48.4 262.1 48.3 261.8 48.3 261.4 48.3 261.0
  48.2 260.6 48.2 260.2 48.2 259.7 48.2 259.3 48.3 258.8 48.3 258.4 48.3 258.0
  48.3 257.6 48.3 257.2 48.4 256.8 48.4 256.4 48.4 256.0 48.4 255.6 48.5 255.2
  48.6 254.9 48.6 254.6 48.7 254.3 48.8 254.0 48.8 253.7 48.9 253.5 49.0 253.2
  49.0 253.0 49.1 252.8 49.2 252.6 49.3 252.3 49.3 252.1 49.4 251.9 49.5 251.7
  49.7 251.5 49.8 251.3 50.0 251.1 50.1 251.0 50.3 251.0 50.4 251.0 50.6 251.0
  50.7 251.0 50.9 251.0 51.0 251.0 51.1 251.0 51.3 251.0 51.4 250.9 51.6 250.9
  51.7 250.9 51.8 250.8 51.9 250.8 52.1 250.7 52.2 250.6 52.3 250.6 52.4 250.5
  52.5 250.4 52.6 250.4 52.7 250.3 52.8 250.2 52.9 250.1 52.9 250.0 52.9 250.0
  53.0 249.9 53.0 249.7 53.0 249.6 53.0 249.5 52.9 249.4 52.9 249.3 52.9 249.1
  52.8 248.9 52.8 248.7 52.7 248.5 52.6 248.2 52.5 247.9 52.6 247.5 52.6 247.1
  52.6 246.7 52.6 246.3 52.6 245.8 52.6 245.3 52.6 244.8 52.6 244.2 52.6 243.7
  52.6 243.1 52.6 242.5 52.7 241.9 52.7 241.3 52.7 240.7 52.7 240.1 52.7 239.4
  52.6 238.7 52.5 238.0 52.4 237.4 52.3 236.7 52.2 236.1 52.1 235.4 51.9 234.7
  51.7 234.0 51.5 233.3 51.3 232.6 51.1 231.8 50.8 231.0 50.4 230.1 50.0 229.1
  49.7 227.9 49.3 226.9 48.9 225.9 48.5 224.8 48.2 223.6 47.9 222.4 47.7 221.3
  47.4 220.1 47.2 218.9 46.7 217.6 46.2 216.3 45.7 215.0 45.1 213.8 44.5 212.7
  44.0 211.5 43.6 210.6 43.3 209.7 43.0 208.8 42.7 207.9 42.7 207.0 42.6 206.1
  42.5 205.3 42.4 204.4 42.3 203.6
   4 28 68  0.0
  72.5 321.4 72.7 321.5 72.8 321.6 72.9 321.7 73.0 321.8 73.1 321.9 73.2 322.0
  73.3 322.1 73.4 322.3 73.4 322.4 73.5 322.6 73.5 322.7 73.5 322.9 73.6 323.1
  73.6 323.2 73.6 323.4 73.6 323.5 73.7 323.6 73.7 323.7 73.8 323.8 73.8 323.9
  73.9 323.9 74.0 324.0 74.0 324.0 74.1 324.0 74.2 324.0 74.2 324.0 74.3 323.9
  74.3 323.8 74.3 323.6 74.3 323.3 74.3 323.0 74.2 322.7 74.2 322.3 74.1 321.9
  74.0 321.5 73.9 321.2 73.7 320.8 73.6 320.5 73.5 320.2 73.3 320.0 73.2 319.8
  73.0 319.6 72.8 319.4 72.7 319.3 72.5 319.2 72.3 319.1 72.1 319.0 72.0 319.0
  71.8 318.8 71.6 318.6 71.5 318.4 71.3 318.3 71.1 318.1 71.0 318.0 70.9 317.8
  70.7 317.7 70.6 317.6 70.4 317.5 70.3 317.4 70.2 317.4 70.1 317.3 70.0 317.2
  69.9 316.8 69.8 316.4 69.7 316.0 69.6 315.6 69.4 315.2 69.2 314.9 69.1 314.5
  68.9 314.2 68.8 313.8 68.6 313.5 68.5 313.2 68.4 312.9 68.2 312.5 68.1 312.1
  68.0 311.7 67.9 311.0 67.7 310.1 67.6 309.3 67.5 308.5 67.4 307.6 67.2 306.7
  67.1 305.7 67.0 304.8 66.8 303.8 66.6 302.9 66.4 302.1 66.2 301.2 66.1 300.4
  65.9 299.6 65.6 298.5 65.4 297.3 65.2 296.2 64.9 295.1 64.6 294.0 64.3 293.0
  64.1 292.0 63.8 291.1 63.4 289.9 63.1 288.8 62.7 287.8 62.2 286.8 61.6 285.9
  61.2 284.8 60.7 283.7 60.2 282.7 59.7 281.6 59.3 280.4 58.9 279.2 58.5 278.0
  58.1 276.8 57.7 275.7 57.4 274.7 57.2 273.8 56.9 272.8 56.6 271.8 56.4 270.8
  56.2 269.7 56.0 268.7 55.8 267.6 55.6 266.8 55.4 266.0 55.2 265.2 55.0 264.4
  54.8 263.7 54.8 262.9 54.7 262.2 54.7 261.4 54.7 260.6 54.7 259.7 54.8 258.8
  54.9 257.9 55.0 257.0 55.1 256.0 55.2 255.1 55.4 254.2 55.6 253.3 55.9 252.5
  56.2 251.7 56.4 251.1 56.7 250.5 57.0 249.9 57.2 249.3 57.4 248.8 57.7 248.2
  57.9 247.6 58.0 247.1 58.2 246.7 58.4 246.3 58.6 245.9 58.7 245.5 58.8 245.2
  59.0 244.8 59.1 244.4 59.2 244.0 59.3 243.6 59.4 243.2 59.5 242.8 59.7 242.4
  59.8 242.0 59.9 241.6 60.0 241.2 60.1 240.8 60.2 240.5 60.3 240.3 60.4 240.0
  60.5 239.7 60.6 239.4 60.6 239.1 60.7 238.8 60.8 238.6 60.9 238.4 61.0 238.1
  61.1 237.9 61.1 237.7 61.2 237.5 61.3 237.4 61.4 237.2 61.4 237.0 61.5 236.9
  61.6 236.7 61.6 236.6 61.7 236.4 61.8 236.2 61.8 235.9 61.9 235.7 61.9 235.4
  62.0 235.2 62.1 234.9 62.1 234.6 62.2 234.3 62.2 234.0 62.3 233.7 62.3 233.5
  62.4 233.2 62.5 232.9 62.6 232.7 62.6 232.4 62.7 232.2 62.8 232.0 62.9 231.8
  63.0 231.6 63.0 231.4 63.1 231.3 63.2 231.2 63.3 231.0 63.4 230.9 63.4 230.7
  63.5 230.6 63.6 230.4 63.7 230.3 63.8 230.1 63.9 230.0 64.0 229.8 64.0 229.6
  64.1 229.5 64.2 229.4 64.3 229.3 64.4 229.2 64.5 229.1 64.5 229.0 64.6 229.0
  64.7 229.0 64.8 229.0 64.8 229.0 64.9 229.1 64.9 229.1 65.0 229.2 65.0 229.3
  65.0 229.4 65.1 229.4 65.1 229.4 65.1 229.4 65.1 229.4 65.0 229.4 65.0 229.4
  65.0 229.3 64.9 229.2 64.8 229.1
   4 29 68  0.0
  72.5 321.4 72.5 321.4 72.6 321.4 72.6 321.3 72.7 321.3 72.7 321.3 72.8 321.2
  72.8 321.2 72.9 321.1 72.9 321.1 73.0 321.0 73.0 320.9 73.1 320.8 73.1 320.8
  73.2 320.7 73.3 320.6 73.3 320.6 73.4 320.5 73.5 320.5 73.6 320.5 73.7 320.5
  73.8 320.4 73.9 320.5 73.9 320.5 74.0 320.5 74.1 320.4 74.2 320.3 74.3 320.2
  74.4 320.1 74.4 320.0 74.5 319.9 74.5 319.8 74.5 319.7 74.5 319.6 74.5 319.6
  74.5 319.5 74.5 319.4 74.5 319.4 74.5 319.3 74.5 319.2 74.5 319.2 74.5 319.1
  74.6 319.0 74.6 319.0 74.6 318.9 74.7 318.8 74.7 318.7 74.8 318.7 74.8 318.6
  74.9 318.5 75.0 318.4 75.0 318.2 75.0 318.0 75.0 317.8 75.0 317.5 75.0 317.3
  74.9 317.0 74.8 316.6 74.7 316.3 74.6 315.9 74.5 315.5 74.4 315.1 74.2 314.8
  74.1 314.4 73.9 314.2 73.8 314.0 73.7 313.8 73.5 313.6 73.4 313.5 73.3 313.4
  73.1 313.4 73.0 313.3 72.8 313.3 72.7 313.3 72.5 313.3 72.3 313.4 72.2 313.4
  72.0 313.6 71.9 313.7 71.7 313.6 71.5 313.6 71.4 313.5 71.2 313.5 71.0 313.5
  70.9 313.5 70.7 313.5 70.5 313.5 70.3 313.5 70.1 313.5 70.0 313.5 69.8 313.3
  69.7 313.0 69.5 312.7 69.4 312.4 69.2 312.2 69.1 311.9 68.9 311.7 68.8 311.4
  68.6 311.2 68.5 310.9 68.4 310.6 68.2 310.3 68.1 309.9 67.9 309.5 67.8 308.7
  67.7 307.8 67.6 307.0 67.4 306.1 67.3 305.1 67.2 304.2 67.0 303.2 66.8 302.3
  66.6 301.5 66.5 300.7 66.3 299.9 66.0 299.1 65.8 298.3 65.5 297.2 65.3 296.1
  65.1 295.0 64.8 293.9 64.5 292.8 64.2 291.8 63.8 290.9 63.5 289.8 63.1 288.7
  62.8 287.6 62.2 286.6 61.7 285.7 61.2 284.7 60.7 283.6 60.3 282.5 59.8 281.4
  59.4 280.2 58.9 279.0 58.5 277.8 58.2 276.6 57.8 275.5 57.5 274.5 57.2 273.5
  56.9 272.6 56.7 271.5 56.5 270.5 56.3 269.5 56.1 268.4 55.9 267.3 55.6 266.5
  55.4 265.7 55.2 264.9 55.0 264.1 54.8 263.4 54.8 262.6 54.8 261.9 54.7 261.1
  54.7 260.2 54.7 259.4 54.8 258.5 54.9 257.5 55.0 256.6 55.1 255.6 55.3 254.7
  55.5 253.8 55.8 252.9 56.0 252.1 56.3 251.4 56.6 250.8 56.8 250.2 57.1 249.6
  57.3 249.0 57.6 248.5 57.8 247.9 58.0 247.3 58.1 246.8 58.3 246.4 58.5 246.0
  58.7 245.6 58.8 245.2 58.9 244.8 59.0 244.4 59.1 243.9 59.3 243.5 59.4 243.1
  59.5 242.7 59.7 242.3 59.8 241.9 59.9 241.5 60.0 241.1 60.1 240.7 60.2 240.4
  60.3 240.1 60.4 239.8 60.5 239.5 60.6 239.2 60.7 238.9 60.8 238.6 60.9 238.4
  60.9 238.1 61.0 237.9 61.1 237.6 61.2 237.4 61.3 237.2 61.3 237.0 61.4 236.8
  61.5 236.7 61.5 236.5 61.6 236.3 61.7 236.2 61.7 236.0 61.8 235.8 61.8 235.5
  61.9 235.3 62.0 235.1 62.0 234.8 62.1 234.5 62.1 234.3 62.2 234.0 62.3 233.7
  62.3 233.3 62.4 233.0 62.4 232.7 62.5 232.4 62.6 232.1 62.6 231.9 62.7 231.6
  62.8 231.4 62.8 231.2 62.9 231.0 63.0 230.8 63.0 230.6 63.1 230.4 63.2 230.3
  63.3 230.1 63.4 230.0 63.4 229.8 63.5 229.6 63.6 229.5 63.7 229.3 63.8 229.2
  63.9 229.0 64.0 228.8 64.0 228.7
   4 30 68  0.0
  72.5 321.4 72.4 320.8 72.3 320.2 72.2 319.6 72.0 319.0 71.8 318.4 71.6 317.7
  71.5 317.1 71.3 316.4 71.2 315.8 70.9 315.1 70.7 314.5 70.5 313.9 70.2 313.2
  70.0 312.7 69.8 312.2 69.6 311.8 69.2 311.4 68.9 311.1 68.5 310.9 68.2 310.7
  67.8 310.6 67.5 310.4 67.1 310.2 66.8 310.1 66.4 310.0 66.1 309.9 65.7 309.9
  65.4 309.6 65.0 309.4 64.7 309.2 64.3 309.0 63.9 308.9 63.5 308.6 63.1 308.3
  62.7 308.1 62.2 307.9 61.8 307.7 61.3 307.3 60.8 306.9 60.3 306.6 59.8 306.3
  59.3 305.8 58.8 305.3 58.3 304.8 57.8 304.3 57.3 303.6 56.9 303.0 56.6 302.3
  56.2 301.6 55.8 300.9 55.5 300.1 55.1 299.4 54.7 298.6 54.4 297.9 54.0 297.2
  53.6 296.4 53.2 295.7 52.8 294.9 52.5 294.1 52.1 293.3 51.7 292.5 51.4 291.6
  51.1 290.8 50.9 289.9 50.6 289.1 50.4 288.3 50.1 287.5 50.0 286.8 49.9 286.0
  49.8 285.2 49.7 284.4 49.6 283.6 49.7 282.8 49.7 282.0 49.8 281.2 49.9 280.5
  50.0 279.8 50.2 279.2 50.5 278.7 50.8 278.3 51.1 277.9 51.5 277.5 51.8 277.2
  52.1 276.9 52.5 276.9 52.9 277.0 53.3 277.1 53.6 277.2 54.0 277.3 54.4 277.8
  54.7 278.4 55.1 279.0 55.4 279.6 55.6 280.3 55.7 281.1 55.7 281.9 55.7 282.7
  55.7 283.5 55.7 284.3 55.5 285.1 55.2 285.7 55.0 286.2 54.7 286.7 54.4 287.1
  54.1 287.3 53.8 287.5 53.5 287.8 53.1 288.1 52.7 288.3 52.2 288.4 51.7 288.5
  51.2 288.7 50.7 288.8 50.1 288.9 49.5 288.9 48.9 288.9 48.3 288.8 47.7 288.7
  47.1 288.5 46.5 288.3 45.9 288.0 45.3 287.7 44.5 287.5 43.7 287.2 42.9 286.8
  42.2 286.3 41.5 285.9 40.8 285.3 40.3 284.7 39.7 284.1 39.2 283.5 38.6 282.8
  38.1 282.1 37.6 281.3 37.2 280.8 36.9 280.1 36.6 279.5 36.1 278.8 35.7 278.0
  35.4 277.3 35.1 276.5 34.9 275.7 34.6 274.9 34.3 274.0 34.1 273.0 33.9 272.0
  33.7 271.3 33.4 270.6 33.2 269.9 33.0 269.3 32.7 268.6 32.4 267.9 32.3 267.2
  32.1 266.5 31.9 265.8 31.8 265.3 31.6 264.8 31.4 264.3 31.2 263.8 31.1 263.2
  31.0 262.8 30.9 262.3 30.7 261.8 30.6 261.2 30.5 260.7 30.3 260.2 30.2 259.6
  30.1 259.0 29.9 258.4 29.8 257.8 29.6 257.1 29.5 256.5 29.3 255.8 29.3 255.1
  29.2 254.3 29.2 253.6 29.2 252.8 29.1 252.0 29.3 251.1 29.4 250.2 29.5 249.3
  29.6 248.3 29.7 247.4 29.8 246.6 30.0 245.8 30.2 245.0 30.3 244.3 30.5 243.6
  31.0 242.9 31.4 242.3 31.9 241.8 32.3 241.2 32.7 240.6 33.2 240.1 33.6 239.6
  34.1 239.1 34.7 238.7 35.2 238.4 35.7 238.1 36.3 237.7 36.8 237.5 37.3 237.2
  37.8 236.9 38.2 236.7 38.7 236.4 39.1 236.1 39.6 235.8 40.0 235.5 40.5 235.2
  40.9 234.9 41.4 234.6 41.8 234.3 42.2 233.9 42.7 233.6 43.1 233.2 43.5 232.9
  43.9 232.5 44.3 232.1 44.6 231.7 45.0 231.3 45.4 230.9 45.8 230.5 46.2 230.0
  46.7 229.7 47.1 229.3 47.5 228.9 47.8 228.6 48.2 228.1 48.6 227.9 49.0 227.5
  49.3 227.2 49.7 226.8 50.0 226.4 50.4 226.1 50.8 225.8 51.2 225.5 51.6 225.1
  52.0 224.8 52.3 224.4 52.7 224.0
