x
0.122289284266664
0.126329915357421
0.126950759675935
0.128492554186729
0.130242568894331
0.130660064119256
0.130281162838329
0.129503388066946
0.128848831348469
0.128345682211302
0.12797466714809
0.127615717912366
0.128041340722461
0.128168396434566
0.127479372876972
0.126788906731831
0.12485210311272
0.130377042591539
0.146693989727587
0.158131713700558
0.166096950726258
0.173980522961067
0.177306461476183
0.176332819105376
0.167040300729091
0.159967542213449
0.150015762764089
0.151995020706059
0.164219173339164
0.180319930892848
0.193788701284147
0.194530611785479
0.168267017672413
0.155942193304426
0.155131025985992
0.166549440445935
0.186893447818702
0.213745727285649
0.243669324834681
0.274839560428285
0.30590008196219
0.339575238181517
0.370377248015365
0.398067139162797
0.426412857218748
0.45562333038921
0.48559576185433
0.516190924167563
0.547223827291826
0.575111729552413
0.619576624753772
0.658002973405884
0.690763528828999
0.712163172770497
0.729865171739249
0.741069998994987
0.750088873629357
0.751054790422879
0.753509991808968
0.742755865507517
0.736734566874649
0.720957685789024
0.711314106256115
0.699991396639451
0.692948128919141
0.675492481885485
0.664439363062781
0.654023375407965
0.648346354748614
0.647369066793721
0.649133599508389
0.651205123438487
0.651313366575319
0.656997852484916
0.663243327644224
0.676942795474622
0.688107945224609
0.693244604152428
0.703767872754727
0.711206076676578
0.721393920594307
0.727841673294425
0.734051323602199
0.737975335773053
0.742571121919366
0.747644725855421
0.752983001749444
0.76801795326374
0.776876756610907
0.790981838674853
