x
0.0404484670654081
0.0421399582657926
0.0420883201313607
0.0420191273125655
0.042017165183128
0.0420704262266808
0.0421793593398281
0.0422207181123558
0.0422230368685296
0.0422161572894487
0.0422565514142344
0.0423399304186739
0.0423617083351149
0.0421461164408689
0.041888366622934
0.041788133666101
0.0415567685678325
0.0419578858401809
0.043255422013143
0.0444716528385495
0.0452602688579282
0.0460972277509372
0.0465990266338824
0.0468992187979365
0.0466228208845492
0.0464144687977672
0.0458981221245162
0.0453706523354965
0.0451358611048941
0.0451467342564977
0.045271993472961
0.0450131168608538
0.0447287012120704
0.0450673522073331
0.0459640038868242
0.0471499736225355
0.0483868372934324
0.0497692569061045
0.0511749230992849
0.0525767044747218
0.0539019446125426
0.0552366158754822
0.0564300270963469
0.0575533783199653
0.0586051875474897
0.059641954677919
0.0606191545530687
0.0615838396787698
0.0625686610656656
0.063340573617383
0.0646216339859873
0.0658613745083966
0.0667937805814711
0.0676139436317684
0.0684040065255423
0.0691649062492544
0.0699598964538997
0.0706499195566118
0.071442101638788
0.0720951726415307
0.0728193739484339
0.0732640998511863
0.0737601203198009
0.0742173396196897
0.0747903732026586
0.0750786267074402
0.0753437995984373
0.0755609011893453
0.0757884779790271
0.076081531213943
0.0764240256878992
0.076682778341521
0.0768332437600802
0.0770061258124966
0.0769681206635011
0.0770030451832558
0.0769515452179134
0.0767203034617246
0.0766478467351301
0.076479119286156
0.076430150041723
0.0762513757881022
0.0761262537603957
0.0759341511533988
0.0757895645057829
0.0756482498387507
0.0754476575523021
0.0755694429999702
0.0755392727266421
0.0756951150230781
