   7  1 70  0.0
  72.5 321.4 72.4 321.2 72.4 320.9 72.4 320.7 72.3 320.5 72.3 320.3 72.3 320.1
  72.3 319.9 72.2 319.7 72.1 319.5 72.1 319.3 72.0 319.2 72.0 319.0 71.9 319.1
  71.8 319.2 71.8 319.3 71.8 319.4 71.7 319.5 71.7 319.7 71.6 319.8 71.6 320.0
  71.6 320.2 71.7 320.4 71.7 320.6 71.8 320.9 71.9 321.1 71.9 321.4 71.9 321.6
  72.0 321.9 72.0 322.1 72.0 322.4 72.0 322.5 72.0 322.6 72.0 322.8 72.0 323.0
  71.9 323.3 71.9 323.5 71.8 323.8 71.8 324.0 71.8 324.2 71.8 324.3 71.9 324.5
  71.9 324.6 72.0 324.8 72.2 325.0 72.3 325.1 72.5 325.2 72.7 325.4 72.9 325.5
  73.1 325.6 73.3 325.7 73.6 325.7 73.8 325.8 74.0 325.7 74.2 325.6 74.5 325.4
  74.7 325.2 74.9 325.0 75.1 324.7 75.3 324.4 75.4 324.1 75.6 323.8 75.7 323.5
  75.9 323.1 76.0 322.8 76.2 322.2 76.4 321.6 76.6 320.9 76.8 320.3 77.0 319.7
  77.1 319.0 77.3 318.3 77.4 317.7 77.6 317.0 77.7 316.3 77.9 315.5 77.9 314.7
  78.0 313.9 78.0 313.0 78.0 312.1 78.0 311.2 77.9 310.2 77.9 309.2 77.8 308.1
  77.7 307.0 77.6 305.9 77.5 304.9 77.4 303.9 77.3 303.1 77.2 302.3 77.1 301.6
  77.0 301.0 76.9 300.5 76.8 300.1 76.8 299.8 76.6 299.6 76.5 299.4 76.4 299.3
  76.4 299.3 76.3 299.2 76.3 299.1 76.2 299.1 76.2 299.0 76.2 298.9 76.2 298.9
  76.3 298.8 76.3 298.8 76.4 298.7 76.4 298.7 76.5 298.7 76.6 298.7 76.7 298.7
  76.8 298.8 76.9 298.9 76.9 299.1 77.0 299.3 77.1 299.5 77.2 299.8 77.3 300.2
  77.3 300.6 77.3 301.1 77.3 301.6 77.3 302.1 77.3 302.7 77.4 303.4 77.4 304.1
  77.3 304.9 77.3 305.7 77.2 306.5 77.1 307.4 77.1 308.3 77.0 309.3 76.8 310.2
  76.7 311.2 76.6 312.1 76.4 313.0 76.2 313.9 76.1 314.6 75.9 315.3 75.7 315.8
  75.6 316.4 75.4 317.0 75.3 317.5 75.1 318.1 75.0 318.7 74.8 319.4 74.6 319.9
  74.5 320.5 74.3 320.9 74.1 321.4 73.8 321.8 73.6 322.4 73.4 323.0 73.2 323.6
  73.0 324.2 72.7 324.9 72.4 325.5 72.1 326.1 71.8 326.7 71.6 327.6 71.3 328.5
  71.1 329.4 70.8 330.2 70.5 331.1 70.3 331.9 70.0 332.6 69.7 333.3 69.5 334.2
  69.3 335.1 69.0 335.9 68.8 336.7 68.5 337.4 68.3 338.1 68.0 338.8 67.7 339.7
  67.4 340.6 67.1 341.4 66.8 342.2 66.4 343.0 66.1 343.7 65.7 344.4 65.3 345.4
  64.9 346.3 64.6 347.3 64.2 348.1 63.7 348.9 63.3 349.8 62.9 350.7 62.5 351.6
  62.1 352.4 61.6 353.2 61.2 353.9 60.7 354.6 60.3 355.3 59.8 355.9 59.3 356.3
  58.8 356.7 58.2 357.1 57.6 357.4 57.1 357.5 56.5 357.6 55.9 357.7 55.2 357.6
  54.6 357.5 54.0 357.4 53.3 357.1 52.7 356.8 52.1 356.4 51.6 356.1 51.1 355.6
  50.5 355.1 49.9 354.6 49.4 354.0 49.0 353.4 48.5 352.7 48.1 352.1 47.7 351.4
  47.3 350.7 46.9 350.0 46.6 349.3 46.2 348.5 45.9 347.6 45.7 346.9 45.5 346.2
  45.3 345.4 45.1 344.5 44.9 343.7 44.9 342.7 44.7 341.8 44.6 340.9 44.5 340.0
  44.5 339.1 44.5 338.2 44.6 337.3 44.6 336.5 44.6 335.6 44.7 334.8 44.9 334.0
  45.0 333.3 45.1 332.6 45.3 331.9
   7  2 70  0.0
  72.5 321.4 72.3 320.9 72.1 320.4 72.0 319.9 71.7 319.5 71.5 319.1 71.3 318.7
  71.1 318.3 70.9 318.0 70.7 317.6 70.5 317.3 70.3 317.0 70.1 316.8 69.9 316.5
  69.7 316.4 69.6 316.4 69.4 316.3 69.3 316.3 69.1 316.3 69.0 316.2 68.9 316.2
  68.8 316.2 68.7 316.2 68.6 316.2 68.5 316.2 68.4 316.2 68.3 316.2 68.2 316.2
  68.2 316.2 68.1 316.3 68.0 316.3 68.0 316.4 67.9 316.4 67.9 316.4 67.9 316.4
  67.8 316.4 67.8 316.4 67.8 316.4 67.8 316.5 67.8 316.6 67.8 316.8 67.8 317.0
  67.8 317.3 67.8 317.6 67.8 318.0 67.8 318.4 67.8 319.0 67.8 319.6 67.8 320.3
  67.9 321.0 68.0 321.8 68.0 322.5 68.1 323.1 68.1 323.6 68.1 324.1 68.1 324.6
  68.1 325.1 68.0 325.5 67.9 325.9 67.8 326.4 67.7 326.8 67.6 327.1 67.4 327.4
  67.3 327.7 67.2 327.9 67.0 328.0 67.0 328.2 66.9 328.2 66.9 328.2 66.8 328.2
  66.8 328.1 66.8 328.0 66.8 327.9 66.7 327.7 66.6 327.6 66.5 327.5 66.3 327.5
  66.2 327.6 66.1 327.7 65.9 327.8 65.8 327.9 65.7 328.1 65.6 328.3 65.5 328.6
  65.3 328.8 65.2 329.2 65.1 329.5 65.0 329.8 64.8 330.1 64.7 330.3 64.5 330.5
  64.4 330.7 64.2 330.9 64.1 331.1 63.9 331.2 63.7 331.0 63.5 330.8 63.3 330.5
  63.1 330.3 63.0 330.1 62.7 329.9 62.5 329.7 62.3 329.6 62.1 329.5 61.8 329.4
  61.6 328.8 61.3 328.3 61.1 327.8 60.8 327.3 60.5 326.8 60.2 326.4 59.9 326.0
  59.7 325.3 59.4 324.6 59.2 323.9 59.0 323.3 58.7 322.8 58.5 322.3 58.2 321.9
  58.0 321.5 57.7 321.0 57.5 320.5 57.2 320.0 56.9 319.4 56.6 318.8 56.3 318.2
  56.0 317.6 55.7 316.9 55.4 316.1 55.0 315.4 54.4 314.6 53.8 313.9 53.2 313.2
  52.5 312.5 51.9 311.8 51.4 311.0 50.8 310.2 50.3 309.4 49.7 308.5 49.2 307.7
  48.8 306.8 48.3 305.9 47.8 304.9 47.4 304.0 46.9 303.1 46.5 302.2 46.0 301.2
  45.6 300.2 45.2 299.4 44.9 298.6 44.6 297.8 44.3 296.9 44.0 296.0 43.7 295.1
  43.5 294.4 43.3 293.6 43.1 292.8 42.9 291.9 42.8 291.0 42.6 290.1 42.5 289.3
  42.4 288.5 42.3 287.7 42.1 286.9 42.0 286.1 41.9 285.4 41.8 284.8 41.6 284.2
  41.5 283.6 41.4 283.0 41.4 282.4 41.3 281.8 41.2 281.2 41.2 280.6 41.1 280.0
  41.1 279.4 41.1 278.8 41.1 278.3 41.1 277.7 41.1 277.2 41.1 276.7 41.1 276.2
  41.1 275.8 41.0 275.3 41.0 274.8 41.0 274.4 41.0 273.9 41.0 273.5 41.0 273.1
  41.0 272.6 41.0 272.2 41.0 271.9 41.0 271.5 41.0 271.2 41.0 270.8 41.0 270.5
  41.0 270.2 41.0 269.9 41.0 269.6 41.0 269.3 41.1 269.0 41.1 268.8 41.2 268.5
  41.2 268.3 41.3 268.0 41.3 267.8 41.3 267.5 41.3 267.3 41.4 267.1 41.4 266.8
  41.4 266.6 41.4 266.4 41.4 266.2 41.5 266.0 41.5 265.8 41.6 265.7 41.6 265.5
  41.7 265.3 41.7 265.2 41.8 265.0 41.8 264.9 41.9 264.8 42.0 264.6 42.1 264.5
  42.2 264.4 42.2 264.2 42.4 264.1 42.5 263.9 42.5 263.8 42.6 263.7 42.7 263.6
  42.8 263.5 42.8 263.3 42.9 263.2 43.0 263.1 43.1 263.0 43.3 262.8 43.4 262.7
  43.5 262.5 43.6 262.4 43.8 262.2
   7  3 70  0.0
  72.5 321.4 72.2 321.3 71.9 321.1 71.6 321.1 71.4 321.0 71.1 320.9 70.8 320.7
  70.5 320.6 70.3 320.4 70.0 320.3 69.7 320.2 69.4 320.0 69.2 319.9 68.9 319.7
  68.6 319.6 68.3 319.4 67.9 319.2 67.6 319.3 67.3 319.3 67.0 319.4 66.7 319.5
  66.3 319.5 65.9 319.6 65.6 319.9 65.2 320.2 65.0 320.6 64.7 320.9 64.4 321.1
  64.2 321.3 63.9 321.5 63.6 321.5 63.3 321.6 63.0 321.6 62.8 321.6 62.5 321.5
  62.2 321.4 61.9 321.3 61.6 321.0 61.4 320.7 61.1 320.4 60.9 320.1 60.6 319.8
  60.2 319.5 59.7 319.2 59.3 318.6 58.9 318.1 58.6 317.5 58.2 317.0 57.9 316.5
  57.6 315.7 57.2 315.0 56.7 314.2 56.2 313.5 55.8 312.8 55.4 312.0 54.8 311.2
  54.2 310.4 53.6 309.7 53.0 308.9 52.4 308.0 51.9 307.2 51.3 306.3 50.7 305.4
  50.2 304.5 49.7 303.6 49.3 302.7 49.0 301.9 48.7 301.0 48.4 300.2 48.1 299.5
  47.9 298.7 47.7 298.1 47.6 297.5 47.4 297.0 47.2 296.4 47.1 295.8 47.0 295.3
  46.9 294.7 46.8 294.1 46.8 293.5 46.7 292.9 46.7 292.3 46.7 291.7 46.7 291.1
  46.7 290.6 46.8 290.0 46.8 289.5 46.9 288.9 47.0 288.4 47.1 287.9 47.1 287.4
  47.2 286.9 47.3 286.4 47.4 286.0 47.6 285.5 47.7 285.0 47.9 284.5 48.1 284.0
  48.3 283.5 48.5 283.0 48.6 282.6 48.8 282.1 49.0 281.7 49.1 281.3 49.4 280.9
  49.6 280.5 49.8 280.2 50.0 279.8 50.2 279.3 50.3 278.9 50.5 278.4 50.7 278.0
  50.9 277.7 51.1 277.3 51.3 277.0 51.5 276.7 51.8 276.4 52.0 276.1 52.2 275.9
  52.4 275.6 52.6 275.3 52.8 275.0 53.0 274.8 53.2 274.5 53.4 274.3 53.6 274.0
  53.8 273.8 54.0 273.5 54.2 273.1 54.4 272.7 54.5 272.3 54.7 271.9 54.8 271.5
  54.9 271.2 55.0 270.8 55.2 270.5 55.3 270.1 55.4 269.8 55.6 269.5 55.7 269.1
  55.9 268.8 56.1 268.5 56.2 268.2 56.4 267.9 56.5 267.6 56.6 267.2 56.7 266.9
  56.8 266.6 57.0 266.3 57.1 266.0 57.2 265.7 57.3 265.4 57.5 265.1 57.6 264.8
  57.7 264.6 57.9 264.3 58.0 264.0 58.2 263.8 58.2 263.6 58.2 263.3 58.3 263.1
  58.3 262.8 58.3 262.6 58.4 262.3 58.4 262.1 58.4 261.9 58.5 261.7 58.5 261.5
  58.6 261.2 58.6 261.0 58.7 260.9 58.7 260.7 58.8 260.6 58.8 260.4 58.9 260.4
  58.9 260.3 59.0 260.3 59.1 260.3 59.1 260.3 59.2 260.3 59.3 260.4 59.4 260.5
  59.5 260.6 59.6 260.7 59.7 260.7 59.8 260.8 60.0 260.8 60.1 260.8 60.2 260.7
  60.3 260.7 60.5 260.6 60.6 260.6 60.8 260.5 60.9 260.4 61.1 260.3 61.3 260.2
  61.5 260.2 61.7 260.1 62.0 260.0 62.0 259.8 62.1 259.7 62.2 259.6 62.3 259.4
  62.4 259.2 62.5 259.1 62.7 258.9 62.8 258.7 63.0 258.6 63.1 258.4 63.3 258.3
  63.5 258.1 63.6 258.0 63.8 257.9 64.0 257.8 64.2 257.7 64.4 257.6 64.6 257.6
  64.8 257.5 65.0 257.4 65.2 257.4 65.4 257.4 65.6 257.4 65.8 257.4 66.0 257.5
  66.2 257.6 66.4 257.5 66.6 257.5 66.9 257.5 67.1 257.5 67.3 257.5 67.6 257.5
  67.8 257.5 68.0 257.5 68.2 257.3 68.5 257.0 68.7 256.8 68.9 256.7 69.2 256.5
  69.4 256.3 69.6 256.2 69.8 256.0
   7  4 70  0.0
  72.5 321.4 72.4 321.5 72.3 321.5 72.2 321.6 72.1 321.6 72.0 321.5 71.9 321.7
  71.7 321.8 71.6 321.9 71.4 322.0 71.2 322.0 71.0 322.0 70.8 322.0 70.6 321.9
  70.3 321.9 70.1 321.8 69.8 321.8 69.6 322.0 69.3 322.3 69.1 322.5 68.8 322.7
  68.6 322.9 68.3 323.1 68.0 323.2 67.7 323.3 67.4 323.5 67.1 323.7 66.8 323.9
  66.5 324.0 66.3 324.1 66.0 324.2 65.7 324.3 65.4 324.5 65.2 324.6 64.9 324.7
  64.6 324.7 64.3 324.8 63.9 324.8 63.7 324.9 63.4 325.0 63.1 325.1 62.8 325.3
  62.5 325.4 62.3 325.5 62.0 325.6 61.8 325.8 61.6 325.7 61.4 325.6 61.1 325.6
  60.9 325.5 60.8 325.4 60.6 325.3 60.4 325.1 60.3 324.9 60.1 324.7 60.0 324.5
  60.0 324.2 59.9 323.8 59.5 323.4 59.1 322.9 58.8 322.5 58.4 322.0 58.0 321.6
  57.7 321.1 57.4 320.4 57.2 319.8 56.7 319.1 56.3 318.4 55.9 317.7 55.6 316.9
  55.2 316.0 54.7 315.1 54.2 314.3 53.7 313.4 53.2 312.6 52.6 311.7 52.1 310.8
  51.5 310.0 50.9 309.1 50.3 308.2 49.8 307.3 49.3 306.4 48.8 305.5 48.3 304.6
  47.8 303.6 47.4 302.8 47.1 302.0 46.7 301.2 46.4 300.4 46.0 299.6 45.8 298.8
  45.6 298.2 45.4 297.6 45.2 297.1 45.0 296.5 44.9 295.9 44.8 295.4 44.7 294.9
  44.6 294.3 44.5 293.8 44.4 293.2 44.4 292.7 44.4 292.1 44.3 291.6 44.3 291.1
  44.3 290.6 44.3 290.1 44.3 289.7 44.3 289.2 44.3 288.8 44.4 288.4 44.4 288.0
  44.5 287.6 44.6 287.3 44.7 286.9 44.8 286.5 44.9 286.1 45.1 285.7 45.3 285.3
  45.5 284.9 45.7 284.5 45.9 284.1 46.2 283.8 46.3 283.3 46.5 282.9 46.6 282.4
  46.8 282.0 47.0 281.6 47.2 281.3 47.4 280.9 47.7 280.6 47.9 280.2 48.2 279.9
  48.4 279.6 48.5 279.2 48.7 278.9 48.9 278.6 49.1 278.3 49.2 278.1 49.4 277.8
  49.6 277.6 49.8 277.3 50.0 277.1 50.3 276.9 50.5 276.7 50.7 276.5 51.0 276.3
  51.2 276.2 51.4 276.0 51.6 275.8 51.8 275.6 52.0 275.5 52.2 275.3 52.3 275.0
  52.5 274.8 52.7 274.5 52.8 274.2 53.0 273.9 53.1 273.7 53.3 273.4 53.5 273.1
  53.6 272.8 53.8 272.5 54.1 272.2 54.3 271.9 54.5 271.6 54.6 271.3 54.8 271.0
  55.0 270.7 55.2 270.4 55.4 270.1 55.6 269.9 55.8 269.6 56.0 269.3 56.3 269.1
  56.5 268.9 56.8 268.7 57.1 268.4 57.3 268.2 57.6 268.1 57.9 267.9 58.1 267.7
  58.2 267.6 58.4 267.4 58.6 267.3 58.7 267.1 58.9 267.0 59.0 266.8 59.2 266.7
  59.4 266.6 59.5 266.4 59.7 266.3 59.9 266.2 60.1 266.0 60.3 266.0 60.5 265.9
  60.7 265.8 60.9 265.8 61.2 265.7 61.4 265.6 61.6 265.6 61.9 265.6 62.1 265.5
  62.4 265.5 62.7 265.5 63.0 265.5 63.3 265.5 63.6 265.4 64.0 265.4 64.3 265.3
  64.6 265.3 64.9 265.2 65.3 265.2 65.6 265.1 65.9 265.0 66.2 265.0 66.6 264.9
  66.9 264.9 67.2 264.9 67.6 264.8 67.9 264.8 68.2 264.7 68.5 264.6 68.9 264.4
  69.2 264.3 69.5 264.1 69.9 263.9 70.1 263.6 70.4 263.3 70.8 262.9 71.1 262.5
  71.4 262.1 71.7 261.7 72.0 261.2 72.3 260.7 72.6 260.1 73.0 259.5 73.2 258.8
  73.5 258.1 73.8 257.3 74.1 256.6
   7  5 70  0.0
  72.5 321.4 72.5 321.5 72.5 321.6 72.5 321.7 72.5 321.9 72.5 322.2 72.5 322.4
  72.5 322.7 72.5 323.1 72.6 323.5 72.6 323.9 72.6 324.4 72.7 324.9 72.8 325.5
  72.8 326.1 72.9 326.6 72.9 327.1 73.0 327.5 73.0 327.9 73.0 328.3 73.1 328.7
  73.1 329.0 73.2 329.3 73.2 329.5 73.2 329.7 73.2 329.9 73.3 330.0 73.3 330.1
  73.3 330.1 73.2 330.1 73.2 330.1 73.1 330.0 73.1 329.9 73.0 329.7 72.9 329.5
  72.8 329.3 72.7 329.1 72.6 328.8 72.5 328.5 72.3 328.2 72.2 327.9 72.0 327.6
  71.8 327.5 71.6 327.4 71.4 327.3 71.2 327.2 71.0 327.1 70.7 327.0 70.5 326.9
  70.2 326.7 70.0 326.6 69.8 326.6 69.5 326.5 69.3 326.4 69.1 326.3 68.9 326.1
  68.6 326.0 68.4 325.7 68.2 325.5 67.9 325.2 67.7 325.1 67.5 324.9 67.3 324.8
  67.0 324.7 66.8 324.6 66.6 324.5 66.4 324.4 66.3 324.3 66.1 324.2 66.0 324.1
  65.8 324.3 65.7 324.4 65.6 324.6 65.5 324.7 65.4 324.8 65.4 324.9 65.3 325.0
  65.2 325.0 65.2 325.0 65.1 325.0 65.1 325.0 65.1 324.9 65.1 324.9 65.0 324.7
  65.0 324.6 65.0 324.4 65.1 324.3 65.1 324.1 65.2 323.9 65.0 323.7 64.9 323.5
  64.8 323.3 64.8 323.0 64.7 322.8 64.7 322.6 64.7 322.3 64.7 322.1 64.7 321.8
  64.8 321.6 64.8 321.4 64.9 321.2 65.0 321.0 65.1 320.9 65.3 320.8 65.4 320.7
  65.6 320.6 65.8 320.6 65.9 320.5 66.1 320.5 66.3 320.8 66.5 321.0 66.7 321.4
  66.9 321.8 67.1 322.2 67.2 322.7 67.3 323.3 67.5 323.9 67.6 324.6 67.8 325.4
  67.9 326.2 68.1 327.1 68.2 327.7 68.4 328.3 68.5 328.9 68.7 329.4 68.8 329.8
  68.9 330.2 69.0 330.6 69.1 330.9 69.2 331.1 69.2 331.3 69.3 331.4 69.3 331.5
  69.3 331.5 69.3 331.5 69.4 331.4 69.4 331.4 69.5 331.3 69.5 331.1 69.6 331.0
  69.7 330.8 69.8 330.5 69.9 330.3 70.1 330.0 70.2 330.0 70.4 329.9 70.6 329.8
  70.7 329.7 70.9 329.6 71.1 329.4 71.3 329.2 71.5 329.1 71.7 328.9 71.9 328.7
  72.0 328.4 72.3 328.2 72.5 327.9 72.6 327.6 72.7 327.3 72.9 327.1 73.0 326.8
  73.2 326.5 73.3 326.3 73.5 326.0 73.7 325.8 73.8 325.6 74.0 325.4 74.2 325.1
  74.5 324.8 74.7 324.5 74.9 324.2 75.1 323.8 75.3 323.4 75.4 323.0 75.6 322.5
  75.7 322.0 75.8 321.5 75.9 320.9 75.9 320.3 76.0 319.6 76.0 318.9 76.0 318.1
  76.0 317.4 76.1 316.8 76.1 316.2 76.1 315.7 76.0 315.3 76.0 314.9 76.0 314.7
  76.0 314.4 76.0 314.5 76.0 314.7 75.9 314.9 75.9 315.3 75.9 315.6 75.9 315.8
  75.8 316.0 75.8 316.2 75.7 316.3 75.7 316.4 75.6 316.5 75.6 316.6 75.5 316.6
  75.4 316.6 75.3 316.5 75.2 316.5 75.1 316.4 75.0 316.4 74.9 316.5 74.7 316.5
  74.6 316.6 74.5 316.6 74.4 316.8 74.3 316.9 74.1 317.1 74.0 317.2 73.9 317.4
  73.8 317.2 73.7 317.1 73.5 316.9 73.4 316.8 73.3 316.7 73.1 316.6 73.0 316.5
  72.9 316.4 72.7 316.3 72.5 316.3 72.4 316.3 72.2 316.3 72.0 316.3 71.9 316.3
  71.7 316.1 71.6 316.0 71.4 315.9 71.3 315.8 71.2 315.7 71.1 315.7 71.0 315.7
  70.9 315.8 70.8 315.9 70.7 316.0
   7  6 70  0.0
  72.5 321.4 72.5 322.0 72.5 322.6 72.5 323.1 72.5 323.6 72.5 324.1 72.6 324.6
  72.7 325.0 72.7 325.4 72.8 325.8 72.8 326.2 72.8 326.5 72.9 326.8 72.9 327.0
  72.9 327.3 73.0 327.5 73.0 327.8 73.0 328.0 73.1 328.2 73.2 328.5 73.3 328.7
  73.4 328.9 73.4 329.1 73.5 329.4 73.6 329.6 73.6 329.8 73.7 330.1 73.7 330.4
  73.8 330.8 73.8 331.2 73.9 331.6 73.9 332.1 74.0 332.7 74.1 333.3 74.1 333.5
  74.2 333.8 74.3 334.1 74.4 334.5 74.4 334.8 74.5 335.0 74.6 335.3 74.6 335.5
  74.7 335.6 74.8 335.8 74.8 335.8 74.9 335.9 74.9 335.9 75.0 335.9 75.0 335.8
  75.1 335.7 75.1 335.6 75.1 335.5 75.1 335.3 75.1 335.1 75.1 334.9 75.0 334.7
  75.0 334.5 74.9 334.2 74.9 333.9 74.8 333.6 74.7 333.3 74.6 333.0 74.5 332.6
  74.4 332.3 74.3 331.9 74.2 331.6 74.0 331.3 73.9 331.0 73.7 330.6 73.6 330.3
  73.5 330.0 73.3 329.7 73.2 329.4 73.0 329.2 72.9 328.9 72.7 328.6 72.6 328.3
  72.4 328.0 72.3 327.7 72.1 327.4 71.9 327.2 71.7 326.8 71.5 326.4 71.4 326.0
  71.2 325.5 71.0 325.1 70.9 324.7 70.7 324.2 70.6 323.8 70.3 323.4 70.1 322.9
  69.9 322.5 69.6 322.2 69.4 321.9 69.2 321.6 69.0 321.3 68.8 321.1 68.6 320.8
  68.4 320.5 68.2 320.2 68.0 320.0 67.7 320.0 67.6 320.0 67.4 320.0 67.2 320.0
  66.9 320.0 66.7 320.0 66.4 319.9 66.1 319.9 65.7 319.8 65.4 319.8 65.2 319.8
  64.9 319.7 64.6 319.7 64.3 319.6 64.1 319.5 63.8 319.3 63.6 319.0 63.4 318.7
  63.2 318.4 63.0 318.0 62.8 317.7 62.6 317.3 62.4 317.0 62.3 316.7 62.2 316.4
  62.1 316.2 62.1 315.9 61.9 315.6 61.7 315.0 61.5 314.5 61.3 313.9 61.2 313.4
  61.1 312.9 61.0 312.3 60.9 311.8 60.5 311.3 60.2 310.8 59.9 310.3 59.7 309.6
  59.4 308.9 59.1 308.2 58.9 307.5 58.5 306.8 58.1 306.1 57.7 305.4 57.3 304.6
  57.0 303.7 56.6 302.9 56.2 302.0 55.8 301.2 55.4 300.2 55.1 299.2 54.8 298.2
  54.5 297.2 54.3 296.1 54.0 295.0 53.9 293.8 53.8 292.7 53.7 291.6 53.8 290.5
  53.8 289.4 53.9 288.3 53.9 287.3 54.1 286.3 54.3 285.1 54.5 283.9 54.8 282.8
  55.1 281.7 55.5 280.7 55.8 279.7 56.2 278.9 56.6 278.1 57.0 277.3 57.4 276.6
  57.8 275.9 58.1 275.2 58.5 274.7 58.9 274.1 59.3 273.6 59.6 273.0 60.0 272.4
  60.4 272.0 60.8 271.6 61.0 271.1 61.2 270.6 61.4 270.1 61.6 269.6 61.7 269.0
  61.9 268.3 62.0 267.7 62.1 267.2 62.1 266.6 62.1 266.1 62.1 265.6 62.2 265.0
  62.2 264.5 62.3 264.1 62.4 263.6 62.4 263.1 62.4 262.7 62.4 262.2 62.4 261.8
  62.4 261.4 62.3 260.9 62.3 260.5 62.3 260.0 62.3 259.5 62.2 259.0 62.1 258.5
  62.0 257.9 62.0 257.3 61.9 256.8 61.9 256.2 61.9 255.5 61.9 254.9 62.0 254.1
  62.0 253.4 62.0 252.6 62.1 251.9 62.1 251.2 62.1 250.5 62.1 249.9 62.1 249.3
  62.1 248.6 62.1 248.0 62.1 247.5 62.2 246.9 62.2 246.3 62.3 245.8 62.3 245.3
  62.3 244.7 62.4 244.2 62.4 243.6 62.4 243.1 62.5 242.6 62.6 242.0 62.7 241.5
  62.7 240.9 62.8 240.4 62.9 239.9
   7  7 70  0.0
  72.5 321.4 72.4 321.5 72.4 321.6 72.3 321.7 72.3 321.8 72.2 321.9 72.2 322.0
  72.1 322.2 72.1 322.3 72.0 322.5 72.0 322.7 71.9 322.9 71.9 323.0 71.8 323.2
  71.8 323.4 71.8 323.7 71.7 323.9 71.7 324.2 71.8 324.6 71.8 324.9 71.9 325.3
  72.0 325.8 72.0 326.3 72.1 326.8 72.2 327.3 72.3 327.9 72.3 328.5 72.5 329.0
  72.6 329.5 72.8 330.0 72.9 330.4 73.0 330.8 73.1 331.2 73.3 331.6 73.4 331.9
  73.5 332.3 73.7 332.6 73.8 332.8 74.0 333.1 74.1 333.4 74.2 333.5 74.4 333.6
  74.5 333.6 74.6 333.7 74.7 333.7 74.8 333.8 74.8 333.8 74.9 333.9 74.9 333.9
  75.0 334.0 75.0 334.0 75.1 334.1 75.1 334.3 75.2 334.4 75.2 334.6 75.3 334.8
  75.4 335.1 75.4 335.3 75.5 335.6 75.6 335.9 75.7 336.3 75.8 336.6 75.9 337.0
  76.0 337.2 76.1 337.5 76.2 337.3 76.3 337.1 76.4 336.9 76.5 336.6 76.5 336.4
  76.6 336.1 76.7 335.8 76.7 335.5 76.7 335.1 76.7 334.8 76.7 334.4 76.7 334.1
  76.7 333.7 76.7 333.4 76.6 333.1 76.5 332.7 76.5 332.4 76.4 332.1 76.3 331.8
  76.1 331.5 76.0 331.2 75.8 330.8 75.7 330.4 75.5 330.0 75.4 329.7 75.2 329.3
  75.1 328.9 74.9 328.6 74.8 328.2 74.6 327.9 74.4 327.5 74.2 327.2 73.9 326.8
  73.7 326.6 73.5 326.4 73.3 326.1 73.1 325.9 72.9 325.6 72.7 325.3 72.5 325.1
  72.4 324.8 72.2 324.5 72.0 324.2 71.8 323.8 71.6 323.4 71.4 323.0 71.2 322.6
  71.0 322.2 70.8 321.8 70.6 321.4 70.3 321.0 70.1 320.7 69.9 320.3 69.7 320.0
  69.4 319.7 69.2 319.5 68.9 319.2 68.6 318.9 68.3 318.7 68.0 318.5 67.8 318.3
  67.5 318.4 67.2 318.5 67.0 318.5 66.7 318.6 66.4 318.6 66.1 318.7 65.7 318.7
  65.4 318.8 65.1 318.8 64.8 318.9 64.5 318.8 64.2 318.8 63.9 318.8 63.7 318.5
  63.4 318.3 63.2 318.1 62.9 317.8 62.7 317.5 62.5 317.2 62.2 316.9 62.0 316.6
  61.9 316.4 61.7 315.9 61.4 315.4 61.2 315.0 60.9 314.5 60.7 314.0 60.4 313.6
  60.2 313.1 60.0 312.6 59.8 311.9 59.4 311.3 59.0 310.6 58.6 310.0 58.2 309.4
  57.8 308.8 57.4 308.1 57.1 307.4 56.6 306.7 56.2 306.0 55.7 305.2 55.3 304.4
  55.0 303.6 54.6 302.7 54.3 301.8 53.9 300.9 53.6 300.0 53.4 299.1 53.2 298.1
  53.0 297.1 52.8 296.1 52.6 295.1 52.5 294.0 52.4 293.0 52.3 291.8 52.4 290.6
  52.4 289.5 52.4 288.3 52.5 287.2 52.6 286.2 52.7 285.2 52.8 284.2 52.9 283.3
  53.1 282.4 53.3 281.6 53.5 280.9 53.7 280.2 54.0 279.5 54.2 278.7 54.5 277.9
  54.7 277.2 55.0 276.5 55.3 275.8 55.4 275.2 55.6 274.6 55.9 274.1 56.1 273.5
  56.4 272.9 56.7 272.3 57.0 271.7 57.2 271.1 57.4 270.5 57.6 270.0 57.8 269.4
  58.0 268.9 58.2 268.2 58.4 267.6 58.5 267.0 58.5 266.3 58.5 265.7 58.5 265.0
  58.5 264.3 58.6 263.7 58.5 263.1 58.5 262.6 58.5 262.2 58.5 261.7 58.5 261.3
  58.6 261.0 58.6 260.7 58.6 260.4 58.7 260.1 58.8 259.9 58.7 259.6 58.7 259.4
  58.7 259.1 58.8 258.8 58.8 258.5 58.8 258.1 58.9 257.6 58.9 257.2 59.0 256.7
  59.1 256.1 59.2 255.6 59.2 254.9
   7  8 70  0.0
  72.5 321.4 72.6 321.3 72.8 321.3 72.9 321.2 73.0 321.1 73.1 321.0 73.2 320.9
  73.3 320.8 73.4 320.7 73.5 320.6 73.5 320.5 73.6 320.4 73.6 320.3 73.7 320.2
  73.7 320.1 73.7 320.0 73.7 320.0 73.7 319.9 73.6 319.9 73.6 319.9 73.5 319.9
  73.4 319.9 73.3 320.0 73.2 320.0 73.2 320.1 73.2 320.2 73.1 320.3 73.1 320.4
  73.1 320.5 73.0 320.7 73.0 320.8 72.9 321.0 72.9 321.2 72.8 321.4 72.8 321.6
  72.7 321.8 72.7 322.0 72.6 322.2 72.6 322.5 72.6 322.8 72.5 323.1 72.5 323.5
  72.5 323.8 72.5 324.3 72.5 324.7 72.6 325.2 72.7 325.7 72.8 326.2 72.8 326.8
  72.9 327.4 73.0 328.0 73.1 328.5 73.2 329.1 73.4 329.6 73.5 330.0 73.6 330.5
  73.8 330.9 73.9 331.2 74.0 331.6 74.1 331.7 74.3 331.8 74.4 331.8 74.5 331.9
  74.6 331.9 74.7 331.9 74.8 332.0 74.8 332.0 74.9 332.0 75.0 332.1 75.1 332.1
  75.1 332.1 75.2 332.1 75.2 332.2 75.3 332.2 75.3 332.3 75.4 332.3 75.4 332.5
  75.5 332.6 75.5 332.8 75.6 333.0 75.7 333.2 75.7 333.5 75.8 333.8 75.9 334.1
  75.9 334.4 76.0 334.8 76.1 334.7 76.2 334.5 76.3 334.3 76.4 334.0 76.4 333.8
  76.5 333.5 76.6 333.3 76.6 333.0 76.7 332.6 76.7 332.3 76.7 332.0 76.7 331.6
  76.7 331.2 76.7 330.9 76.6 330.5 76.6 330.2 76.5 329.8 76.4 329.5 76.3 329.2
  76.2 328.9 76.1 328.6 76.0 328.3 75.8 327.9 75.7 327.5 75.5 327.1 75.3 326.8
  75.2 326.4 75.0 326.1 74.8 325.7 74.6 325.4 74.4 325.1 74.1 324.8 73.9 324.5
  73.7 324.3 73.5 324.1 73.3 323.9 73.0 323.8 72.7 323.6 72.4 323.4 72.2 323.2
  71.9 323.0 71.7 322.8 71.4 322.5 71.2 322.3 70.9 322.0 70.7 321.8 70.4 321.5
  70.2 321.2 69.9 320.9 69.7 320.7 69.4 320.5 69.2 320.2 68.9 320.0 68.7 319.8
  68.4 319.6 68.1 319.3 67.8 319.1 67.5 319.2 67.1 319.3 66.8 319.4 66.5 319.4
  66.2 319.5 65.8 319.5 65.5 319.8 65.1 320.0 64.8 320.1 64.5 320.3 64.3 320.4
  64.0 320.5 63.7 320.5 63.5 320.4 63.2 320.2 63.0 320.0 62.8 319.8 62.4 319.6
  61.9 319.4 61.5 319.1 61.1 318.8 60.7 318.5 60.4 318.2 60.0 317.8 59.7 317.4
  59.4 316.9 59.1 316.3 58.9 315.7 58.4 315.2 58.0 314.6 57.6 314.0 57.2 313.2
  56.8 312.5 56.4 311.7 55.8 311.0 55.3 310.2 54.7 309.5 54.1 308.8 53.5 308.1
  53.0 307.3 52.4 306.4 51.9 305.6 51.4 304.7 50.9 303.8 50.6 303.0 50.3 302.1
  50.0 301.3 49.7 300.5 49.4 299.8 49.3 299.1 49.1 298.4 48.9 297.8 48.8 297.1
  48.6 296.4 48.5 295.8 48.4 295.1 48.3 294.4 48.3 293.7 48.2 293.0 48.2 292.2
  48.2 291.5 48.3 290.8 48.3 290.0 48.3 289.3 48.4 288.6 48.5 288.0 48.5 287.4
  48.5 286.7 48.6 286.1 48.7 285.6 48.8 285.0 48.9 284.4 49.1 283.9 49.2 283.4
  49.3 282.8 49.4 282.4 49.5 281.9 49.7 281.4 49.9 281.0 50.0 280.6 50.2 280.1
  50.4 279.6 50.6 279.1 50.7 278.6 50.9 278.2 51.0 277.7 51.2 277.3 51.4 276.9
  51.6 276.5 51.8 276.2 52.0 275.9 52.2 275.5 52.4 275.1 52.6 274.8 52.8 274.4
  53.0 274.1 53.2 273.9 53.4 273.6
   7  9 70  0.0
  72.5 321.4 72.4 321.5 72.4 321.7 72.3 321.8 72.3 321.9 72.2 322.0 72.2 322.2
  72.2 322.3 72.1 322.4 72.1 322.5 72.1 322.7 72.1 322.8 72.1 322.9 72.1 323.0
  72.1 323.1 72.2 323.2 72.2 323.3 72.3 323.3 72.4 323.4 72.4 323.4 72.5 323.4
  72.6 323.4 72.8 323.4 72.9 323.4 73.0 323.3 73.2 323.3 73.3 323.2 73.4 323.2
  73.5 323.1 73.6 323.0 73.7 322.9 73.8 322.9 73.9 322.8 74.0 322.7 74.0 322.6
  74.1 322.6 74.1 322.5 74.2 322.4 74.2 322.4 74.2 322.3 74.3 322.3 74.3 322.3
  74.3 322.3 74.3 322.3 74.3 322.3 74.3 322.3 74.3 322.4 74.3 322.4 74.3 322.5
  74.2 322.5 74.2 322.6 74.2 322.7 74.2 322.8 74.1 322.9 74.1 323.0 74.1 323.1
  74.0 323.2 74.0 323.3 73.9 323.5 73.9 323.7 73.9 324.0 73.8 324.2 73.9 324.5
  73.9 324.8 74.0 325.1 74.1 325.5 74.1 325.8 74.2 326.1 74.3 326.4 74.4 326.7
  74.5 327.1 74.6 327.5 74.6 327.9 74.7 328.4 74.9 328.8 75.0 329.2 75.2 329.6
  75.3 329.9 75.4 330.2 75.6 330.5 75.7 330.7 75.8 330.9 75.9 331.1 76.0 331.2
  76.0 331.3 76.1 330.9 76.2 330.5 76.3 330.1 76.4 329.7 76.4 329.3 76.5 328.9
  76.5 328.5 76.6 328.2 76.6 327.8 76.6 327.4 76.6 327.0 76.6 326.6 76.6 326.2
  76.7 325.8 76.7 325.5 76.7 325.1 76.7 324.8 76.7 324.5 76.7 324.2 76.8 323.9
  76.8 323.6 76.8 323.3 76.8 323.0 76.8 322.7 76.9 322.5 76.9 322.2 76.9 321.9
  76.9 321.6 76.9 321.3 76.9 321.0 76.9 320.6 76.8 320.3 76.8 319.9 76.7 319.6
  76.6 319.2 76.5 318.9 76.4 318.5 76.3 318.2 76.2 318.0 76.1 317.7 75.9 317.5
  75.8 317.4 75.6 317.4 75.4 317.3 75.2 317.3 75.0 317.2 74.8 317.2 74.6 317.1
  74.3 317.1 74.1 317.0 73.8 317.0 73.5 316.8 73.2 316.7 73.0 316.6 72.7 316.5
  72.3 316.5 72.0 316.4 71.7 316.4 71.4 316.4 71.1 316.4 70.7 316.5 70.4 316.5
  70.1 316.5 69.8 316.5 69.5 316.6 69.2 316.6 68.9 316.7 68.6 316.7 68.2 316.8
  67.9 316.8 67.6 316.9 67.3 317.1 66.9 317.2 66.6 317.3 66.2 317.4 65.8 317.6
  65.5 317.9 65.1 318.2 64.7 318.5 64.4 318.8 64.0 319.1 63.6 319.4 63.2 319.7
  62.9 320.0 62.5 320.3 62.2 320.6 61.9 320.8 61.6 320.7 61.3 320.7 61.0 320.6
  60.6 320.5 60.3 320.4 59.9 320.3 59.5 319.9 59.0 319.4 58.4 319.0 57.8 318.5
  57.2 317.9 56.7 317.2 56.2 316.4 55.8 315.7 55.3 314.8 54.8 314.0 54.3 313.1
  53.8 312.2 53.3 311.3 52.7 310.4 52.1 309.5 51.5 308.7 50.9 307.7 50.5 306.8
  50.1 305.9 49.6 305.0 49.2 304.0 48.9 303.0 48.5 302.0 48.2 301.0 47.8 300.0
  47.5 299.1 47.2 298.2 46.9 297.3 46.7 296.5 46.4 295.6 46.2 294.8 46.0 294.1
  45.9 293.4 45.7 292.7 45.5 292.1 45.4 291.4 45.3 290.8 45.1 290.1 45.0 289.4
  44.9 288.7 44.8 288.0 44.8 287.3 44.7 286.5 44.7 285.8 44.7 285.2 44.6 284.5
  44.6 283.9 44.7 283.2 44.7 282.6 44.8 282.0 44.8 281.3 44.8 280.7 44.8 280.0
  44.8 279.3 44.9 278.7 44.9 278.0 45.0 277.3 45.0 276.6 45.1 275.9 45.2 275.2
  45.2 274.6 45.3 273.9 45.4 273.2
   7 10 70  0.0
  72.5 321.4 72.4 321.0 72.2 320.6 72.0 320.3 71.9 319.9 71.6 319.6 71.4 319.2
  71.1 318.9 70.9 318.6 70.6 318.2 70.3 317.9 70.0 317.6 69.7 317.2 69.4 316.8
  69.1 316.4 68.8 316.1 68.5 315.8 68.2 315.6 67.9 315.5 67.6 315.1 67.3 314.8
  67.0 314.6 66.7 314.3 66.4 314.1 66.1 313.9 65.7 313.7 65.5 313.2 65.2 312.7
  64.9 312.2 64.7 311.7 64.3 311.3 64.0 310.9 63.6 310.1 63.3 309.3 63.0 308.6
  62.8 307.8 62.4 307.1 62.0 306.4 61.6 305.8 61.3 304.9 61.0 304.1 60.7 303.4
  60.2 302.6 59.7 302.0 59.3 301.2 58.9 300.4 58.4 299.6 57.8 298.8 57.2 298.1
  56.7 297.3 56.2 296.5 55.7 295.7 55.2 294.9 54.8 294.1 54.4 293.2 54.1 292.4
  53.8 291.5 53.5 290.8 53.2 290.1 52.9 289.4 52.7 288.7 52.4 288.0 52.2 287.4
  51.9 286.7 51.6 286.1 51.4 285.5 51.2 285.0 51.0 284.4 50.8 283.8 50.7 283.2
  50.5 282.7 50.3 282.1 50.2 281.5 50.0 280.9 49.9 280.3 49.8 279.7 49.8 279.1
  49.8 278.5 49.8 278.0 49.8 277.4 49.8 276.9 49.8 276.5 49.8 276.0 49.9 275.6
  49.9 275.3 49.9 274.9 49.9 274.6 50.0 274.2 50.0 273.9 50.1 273.5 50.2 273.1
  50.2 272.7 50.3 272.3 50.4 271.9 50.5 271.5 50.6 271.1 50.8 270.8 50.9 270.4
  51.1 270.1 51.2 269.7 51.4 269.4 51.6 269.0 51.8 268.7 52.0 268.4 52.2 268.1
  52.4 267.7 52.6 267.4 52.8 267.1 53.1 266.7 53.3 266.4 53.5 266.1 53.8 265.8
  54.0 265.4 54.2 265.1 54.4 264.7 54.5 264.2 54.7 263.8 54.8 263.4 55.0 263.0
  55.1 262.6 55.2 262.2 55.4 261.8 55.6 261.4 55.7 261.0 55.9 260.5 56.0 260.1
  56.2 259.6 56.3 259.2 56.5 258.7 56.7 258.1 56.9 257.6 57.1 257.0 57.4 256.4
  57.6 255.8 57.7 255.2 57.9 254.6 58.1 254.0 58.2 253.5 58.4 253.0 58.5 252.6
  58.7 252.1 58.8 251.6 58.9 251.1 59.0 250.6 59.2 250.0 59.3 249.5 59.5 249.0
  59.6 248.5 59.7 247.9 59.8 247.4 59.9 246.9 60.0 246.4 60.1 245.8 60.2 245.5
  60.2 245.1 60.3 244.8 60.4 244.4 60.4 244.1 60.5 243.8 60.6 243.5 60.7 243.2
  60.8 242.9 60.9 242.6 61.0 242.3 61.1 242.1 61.2 241.8 61.3 241.5 61.4 241.2
  61.4 241.0 61.5 240.7 61.6 240.5 61.6 240.3 61.7 240.1 61.7 239.9 61.8 239.8
  61.8 239.6 61.9 239.5 61.9 239.4 62.0 239.3 62.0 239.2 62.1 239.1 62.1 239.0
  62.2 238.8 62.3 238.8 62.3 238.7 62.3 238.6 62.4 238.5 62.4 238.5 62.4 238.4
  62.4 238.4 62.4 238.3 62.4 238.3 62.4 238.3 62.4 238.3 62.3 238.3 62.3 238.4
  62.3 238.4 62.3 238.5 62.2 238.7 62.2 238.8 62.2 239.0 62.1 239.2 62.1 239.4
  62.0 239.7 62.0 240.0 62.0 240.3 61.9 240.5 61.8 240.7 61.7 241.0 61.6 241.3
  61.6 241.6 61.5 242.0 61.4 242.4 61.4 242.8 61.3 243.2 61.3 243.7 61.2 244.2
  61.1 244.8 61.0 245.3 60.9 245.9 60.9 246.4 60.8 246.9 60.7 247.5 60.6 248.0
  60.5 248.4 60.3 248.9 60.2 249.3 60.0 249.7 59.8 250.1 59.7 250.5 59.5 250.9
  59.3 251.3 59.2 251.7 59.0 252.0 58.9 252.4 58.7 252.7 58.5 253.0 58.4 253.4
  58.2 253.7 58.0 253.9 57.9 254.2
   7 11 70  0.0
  72.5 321.4 72.4 321.7 72.4 322.0 72.3 322.2 72.2 322.4 72.2 322.4 72.1 322.4
  72.1 322.4 72.0 322.2 71.9 322.0 71.9 321.8 71.8 321.4 71.7 321.1 71.7 320.6
  71.6 320.2 71.5 319.9 71.4 319.5 71.2 319.2 71.1 318.9 70.9 318.6 70.7 318.3
  70.5 318.1 70.2 317.9 70.0 317.7 69.7 317.5 69.4 317.3 69.2 317.1 68.9 316.8
  68.6 316.6 68.3 316.4 67.9 316.1 67.6 315.8 67.3 315.5 66.9 315.2 66.5 314.8
  66.1 314.5 65.6 314.2 65.2 313.7 64.8 313.3 64.5 312.9 64.1 312.5 63.7 312.0
  63.4 311.3 62.9 310.6 62.5 309.9 62.0 309.2 61.5 308.2 61.0 307.3 60.5 306.3
  59.8 305.3 59.3 304.2 58.7 303.2 58.2 302.1 57.7 301.0 57.3 300.0 56.9 298.9
  56.5 297.8 56.2 296.7 55.8 295.6 55.5 294.6 55.2 293.5 54.9 292.4 54.6 291.3
  54.5 290.1 54.3 289.0 54.1 287.8 54.1 286.6 54.2 285.4 54.2 284.3 54.2 283.2
  54.4 282.1 54.7 281.0 54.9 280.0 55.2 279.1 55.6 278.3 55.9 277.5 56.3 276.8
  56.6 276.3 57.0 275.8 57.4 275.3 57.7 274.8 58.1 274.4 58.5 274.2 58.9 274.0
  59.2 273.9 59.6 273.8 59.9 273.7 60.2 273.5 60.5 273.5 60.8 273.5 61.1 273.4
  61.3 273.3 61.5 273.2 61.8 273.1 62.0 272.9 62.1 272.8 62.3 272.6 62.5 272.4
  62.6 272.1 62.8 271.9 63.0 271.6 63.2 271.3 63.4 270.9 63.6 270.6 63.8 270.2
  64.0 269.8 64.1 269.4 64.3 268.9 64.5 268.3 64.6 267.8 64.8 267.2 64.9 266.6
  65.1 266.1 65.3 265.5 65.4 265.0 65.6 264.5 65.7 263.9 65.9 263.4 66.1 262.9
  66.3 262.4 66.5 262.0 66.6 261.6 66.8 261.1 67.0 260.6 67.2 260.1 67.5 259.5
  67.7 258.9 67.8 258.2 68.0 257.6 68.2 256.7 68.4 255.8 68.6 254.8 68.8 253.8
  69.0 252.7 69.1 251.6 69.3 250.6 69.4 249.5 69.6 248.5 69.8 247.6 69.9 246.6
  70.0 245.7 70.0 244.8 70.1 243.6 70.2 242.4 70.3 241.2 70.4 240.1 70.5 239.0
  70.6 237.9 70.7 236.7 70.9 235.6 71.0 234.4 71.2 233.3 71.3 232.1 71.5 230.9
  71.6 229.7 71.8 228.5 72.0 227.4 72.1 226.2 72.3 224.6 72.5 223.1 72.7 221.5
  72.8 220.1 73.0 218.6 73.1 217.3 73.2 216.0 73.3 214.7 73.4 213.5 73.5 212.3
  73.6 211.2 73.7 210.1 73.8 209.0 73.9 208.0 73.9 207.0 74.0 206.1 74.1 204.7
  74.2 203.4 74.2 202.2 74.3 201.0 74.4 199.9 74.4 198.8 74.5 197.8 74.5 196.9
  74.5 196.0 74.6 195.1 74.6 194.2 74.7 193.3 74.7 192.4 74.7 191.5 74.7 190.6
  74.7 189.7 74.7 188.9 74.7 188.0 74.7 187.2 74.7 186.4 74.7 185.6 74.7 184.9
  74.6 184.1 74.6 183.5 74.6 182.8 74.5 182.1 74.5 181.5 74.4 180.9 74.4 180.2
  74.3 179.6 74.3 179.0 74.2 178.4 74.2 177.8 74.1 177.2 74.1 176.6 74.1 176.0
  74.0 175.5 74.0 174.9 74.1 174.3 74.1 173.7 74.1 173.1 74.2 172.4 74.2 171.8
  74.3 171.1 74.3 170.4 74.3 169.7 74.3 168.9 74.3 168.1 74.3 167.3 74.3 166.4
  74.2 165.5 74.1 164.5 74.0 163.5 74.0 162.5 73.9 162.2 73.8 162.0 73.8 161.8
  73.7 161.5 73.7 161.3 73.7 161.1 73.6 160.9 73.6 160.8 73.6 160.6 73.6 160.5
  73.6 160.4 73.5 160.3 73.5 160.2
   7 12 70  0.0
  72.5 321.4 72.5 321.7 72.6 321.9 72.6 322.1 72.6 322.3 72.6 322.5 72.6 322.6
  72.6 322.7 72.5 322.7 72.5 322.8 72.4 322.7 72.3 322.7 72.2 322.6 72.0 322.4
  71.9 322.4 71.8 322.4 71.7 322.5 71.6 322.7 71.5 322.8 71.3 323.0 71.2 323.2
  71.1 323.4 71.1 323.6 71.0 323.8 70.9 324.1 70.8 324.4 70.8 324.6 70.8 324.7
  70.7 324.8 70.7 324.9 70.7 324.8 70.6 324.7 70.6 324.5 70.6 324.3 70.6 324.0
  70.4 323.6 70.3 323.2 70.2 322.7 70.1 322.3 69.9 321.8 69.8 321.6 69.6 321.3
  69.5 321.0 69.3 320.7 69.2 320.5 69.0 320.2 68.8 319.9 68.5 319.6 68.2 319.4
  67.9 319.1 67.6 318.8 67.3 318.6 67.0 318.3 66.6 318.0 66.3 317.7 66.0 317.4
  65.7 317.0 65.4 316.7 65.1 316.3 64.8 315.9 64.4 315.5 64.0 315.1 63.6 314.6
  63.3 314.0 62.9 313.5 62.6 312.8 62.3 312.2 62.0 311.5 61.5 310.6 61.0 309.7
  60.6 308.7 60.1 307.8 59.5 306.8 58.9 305.8 58.4 304.7 57.8 303.7 57.4 302.7
  57.0 301.7 56.6 300.7 56.2 299.7 55.8 298.6 55.5 297.7 55.1 296.7 54.8 295.8
  54.5 294.7 54.2 293.7 54.0 292.6 53.7 291.7 53.5 290.7 53.4 289.6 53.2 288.6
  53.0 287.5 53.0 286.4 53.0 285.3 53.0 284.2 52.9 283.1 53.1 282.1 53.3 281.0
  53.4 280.1 53.5 279.2 53.6 278.3 53.8 277.6 53.9 276.8 54.0 276.1 54.1 275.4
  54.2 274.8 54.4 274.2 54.6 273.7 54.7 273.1 54.9 272.6 55.1 272.0 55.2 271.5
  55.5 271.0 55.7 270.5 55.9 270.0 56.2 269.5 56.4 269.3 56.6 269.0 56.9 268.7
  57.1 268.4 57.3 268.1 57.5 267.8 57.7 267.5 57.9 267.2 58.1 266.8 58.3 266.7
  58.5 266.5 58.6 266.4 58.7 266.2 58.8 266.0 58.9 265.9 59.0 265.7 59.1 265.5
  59.1 265.3 59.2 265.1 59.2 264.9 59.2 264.6 59.3 264.2 59.3 263.9 59.4 263.5
  59.4 263.0 59.5 262.5 59.5 262.0 59.5 261.4 59.5 260.9 59.5 260.2 59.5 259.6
  59.5 259.0 59.5 258.5 59.5 257.9 59.5 257.3 59.5 256.8 59.4 256.2 59.4 255.7
  59.4 255.1 59.3 254.6 59.2 254.0 59.1 253.5 59.1 253.0 59.0 252.5 58.9 252.0
  58.9 251.5 58.8 251.0 58.8 250.5 58.7 250.0 58.7 249.6 58.6 249.1 58.5 248.7
  58.5 248.2 58.4 247.8 58.3 247.3 58.2 246.9 58.1 246.4 58.0 245.9 57.9 245.3
  57.8 244.8 57.7 244.2 57.6 243.6 57.4 243.0 57.3 242.5 57.1 241.9 57.0 241.3
  56.8 240.7 56.6 240.2 56.5 239.7 56.3 239.2 56.1 238.7 55.9 238.2 55.7 237.8
  55.5 237.4 55.2 237.1 55.0 236.7 54.7 236.4 54.5 236.1 54.2 235.8 53.8 235.5
  53.4 235.3 53.1 235.1 52.7 234.9 52.3 234.7 51.9 234.5 51.6 234.4 51.2 234.2
  50.9 234.0 50.5 233.9 50.1 233.8 49.7 233.7 49.4 233.5 49.0 233.3 48.6 233.1
  48.3 232.9 47.9 232.7 47.5 232.4 47.2 232.1 46.8 231.7 46.3 231.3 45.8 230.9
  45.3 230.5 44.8 230.0 44.3 229.6 43.8 229.1 43.4 228.8 42.9 228.4 42.5 228.0
  42.1 227.5 41.7 227.0 41.3 226.6 40.9 226.2 40.5 225.7 40.2 225.2 39.8 224.6
  39.5 224.1 39.2 223.6 38.8 223.0 38.4 222.5 38.1 221.9 37.7 221.2 37.4 220.7
  37.1 220.1 36.8 219.5 36.5 218.9
   7 13 70  0.0
  72.5 321.4 72.5 321.8 72.5 322.1 72.5 322.4 72.5 322.8 72.5 323.0 72.5 323.3
  72.5 323.6 72.5 323.8 72.5 324.0 72.6 324.2 72.6 324.3 72.7 324.5 72.8 324.6
  72.8 324.7 72.9 324.9 73.0 325.0 73.0 325.2 73.1 325.5 73.2 325.8 73.3 326.1
  73.3 326.4 73.4 326.8 73.5 327.2 73.6 327.6 73.7 328.1 73.8 328.5 73.9 328.9
  74.0 329.2 74.0 329.5 74.1 329.6 74.2 329.7 74.2 329.7 74.2 329.6 74.3 329.5
  74.3 329.3 74.3 329.1 74.3 328.8 74.3 328.6 74.2 328.3 74.2 328.2 74.2 328.0
  74.1 327.9 74.1 327.8 74.0 327.7 74.0 327.7 73.9 327.9 73.8 328.2 73.8 328.5
  73.7 328.8 73.7 329.1 73.6 329.3 73.6 329.5 73.5 329.6 73.5 329.6 73.4 329.6
  73.4 329.5 73.3 329.3 73.2 329.0 73.2 328.7 73.2 328.3 73.1 327.8 73.1 327.3
  73.0 326.8 73.0 326.3 72.9 325.8 72.9 325.3 72.8 324.8 72.8 324.3 72.7 323.8
  72.6 323.4 72.5 322.9 72.4 322.5 72.2 322.1 72.1 321.7 71.9 321.3 71.7 321.0
  71.6 320.6 71.4 320.2 71.2 319.9 70.9 319.5 70.6 319.2 70.3 318.8 70.0 318.5
  69.7 318.2 69.4 317.7 69.1 317.4 68.8 317.0 68.5 316.7 68.3 316.5 68.0 316.3
  67.7 316.0 67.4 315.6 67.1 315.3 66.8 315.1 66.5 314.8 66.2 314.6 65.9 314.4
  65.6 313.9 65.4 313.4 65.1 312.9 64.8 312.4 64.6 312.0 64.2 311.5 63.9 311.1
  63.6 310.4 63.3 309.6 63.0 308.9 62.8 308.1 62.5 307.4 62.2 306.7 61.8 306.1
  61.5 305.2 61.2 304.4 60.9 303.7 60.5 303.0 60.0 302.3 59.6 301.7 59.1 300.9
  58.7 300.1 58.3 299.4 57.7 298.7 57.2 297.9 56.7 297.2 56.2 296.4 55.8 295.6
  55.4 294.9 55.0 294.1 54.7 293.3 54.4 292.5 54.2 291.8 53.8 291.0 53.5 290.4
  53.2 289.8 53.0 289.1 52.7 288.5 52.5 287.9 52.2 287.3 52.0 286.8 51.7 286.3
  51.5 285.8 51.3 285.3 51.2 284.9 51.0 284.4 50.8 283.9 50.7 283.5 50.5 283.0
  50.4 282.5 50.3 282.1 50.2 281.6 50.2 281.1 50.1 280.7 50.1 280.2 50.1 279.8
  50.2 279.4 50.2 279.0 50.3 278.6 50.4 278.2 50.4 277.9 50.5 277.5 50.6 277.2
  50.7 276.8 50.8 276.5 50.8 276.2 50.9 275.9 51.0 275.5 51.1 275.2 51.2 274.9
  51.4 274.6 51.5 274.3 51.6 274.0 51.8 273.7 51.9 273.4 52.1 273.1 52.3 272.8
  52.4 272.4 52.6 272.1 52.8 271.7 53.0 271.4 53.2 271.1 53.5 270.8 53.8 270.4
  54.0 270.1 54.3 269.8 54.5 269.5 54.8 269.2 55.0 268.8 55.1 268.5 55.3 268.1
  55.4 267.7 55.6 267.3 55.7 266.9 55.9 266.5 56.0 266.1 56.1 265.7 56.3 265.3
  56.4 264.8 56.5 264.4 56.6 263.9 56.8 263.4 56.9 262.9 57.1 262.4 57.2 261.9
  57.4 261.3 57.5 260.7 57.6 260.0 57.8 259.4 57.9 258.8 58.1 258.3 58.3 257.8
  58.4 257.4 58.6 256.9 58.7 256.5 58.8 256.0 58.8 255.6 58.9 255.1 59.0 254.7
  59.1 254.2 59.2 253.8 59.3 253.3 59.3 252.9 59.4 252.4 59.4 252.0 59.5 251.5
  59.6 251.1 59.6 250.7 59.7 250.2 59.7 249.8 59.7 249.3 59.7 248.9 59.7 248.5
  59.7 248.1 59.7 247.7 59.8 247.3 59.9 246.9 59.9 246.6 60.0 246.3 60.1 246.0
  60.1 245.8 60.2 245.5 60.3 245.3
   7 14 70  0.0
  72.5 321.4 72.4 321.1 72.4 320.9 72.3 320.7 72.2 320.5 72.2 320.4 72.1 320.3
  72.0 320.2 72.0 320.2 71.9 320.4 71.8 320.7 71.8 321.0 71.7 321.3 71.7 321.7
  71.6 322.1 71.6 322.5 71.6 322.9 71.5 323.3 71.5 323.8 71.5 324.3 71.6 324.8
  71.6 325.3 71.6 325.9 71.7 326.5 71.7 327.1 71.8 327.8 71.8 328.5 71.9 329.3
  72.0 330.0 72.0 330.9 72.1 331.4 72.2 332.0 72.3 332.5 72.4 333.1 72.5 333.6
  72.7 334.2 72.8 334.8 72.9 335.4 73.1 336.0 73.2 336.7 73.3 337.5 73.4 338.4
  73.5 339.3 73.6 340.3 73.7 341.4 73.7 342.5 73.8 343.6 73.8 344.8 73.8 346.1
  73.8 347.3 73.8 348.5 73.7 349.7 73.7 350.9 73.6 352.0 73.5 353.1 73.4 354.1
  73.3 355.1 73.2 356.0 73.1 356.9 72.9 357.8 72.8 358.6 72.6 359.3 72.5   0.0
  72.3   0.2 72.1   0.4 71.9   0.6 71.7   0.9 71.5   1.1 71.3   1.3 71.2   1.6
  71.0   1.8 70.8   2.1 70.6   2.3 70.4   2.5 70.2   2.7 70.0   2.9 69.7   3.2
  69.5   3.4 69.3   3.6 69.0   3.8 68.7   3.9 68.4   4.1 68.0   4.2 67.6   4.4
  67.2   4.5 66.8   4.6 66.4   4.8 65.9   4.9 65.4   5.0 64.9   5.1 64.4   5.2
  63.9   5.3 63.3   5.4 62.8   5.4 62.2   5.5 61.6   5.6 61.0   5.6 60.4   5.6
  59.8   5.6 59.2   5.5 58.6   5.5 58.1   5.4 57.5   5.4 56.9   5.3 56.3   5.1
  55.8   5.0 55.2   4.8 54.7   4.6 54.1   4.5 53.6   4.3 53.1   4.0 52.6   3.8
  52.1   3.6 51.7   3.3 51.3   3.0 50.9   2.7 50.5   2.4 50.1   2.1 49.7   1.8
  49.3   1.3 49.0   0.9 48.6   0.5 48.3   0.0 47.9 359.6 47.6 358.8 47.2 358.1
  46.9 357.4 46.6 356.6 46.2 355.8 46.0 355.0 45.8 354.2 45.7 353.4 45.5 352.6
  45.3 351.8 45.3 350.9 45.2 350.1 45.2 349.3 45.1 348.5 45.1 347.7 45.1 346.9
  45.0 346.1 45.0 345.3 44.9 344.5 44.8 343.7 44.8 342.9 44.7 342.0 44.7 341.2
  44.7 340.4 44.6 339.6 44.7 338.8 44.8 338.0 44.9 337.3 44.9 336.5 44.9 335.7
  44.9 334.9 44.9 334.1 44.9 333.3 44.9 332.5 44.8 331.7 44.9 330.9 44.9 330.1
  45.0 329.2 45.0 328.4 45.0 327.5 45.1 326.6 45.2 325.7 45.3 324.8 45.4 323.9
  45.5 323.0 45.6 322.0 45.7 321.2 45.8 320.3 45.9 319.5 46.0 318.7 46.1 317.8
  46.2 316.9 46.3 316.0 46.2 315.1 46.1 314.1 46.0 313.2 46.0 312.2 45.9 311.3
  45.7 310.5 45.6 309.6 45.4 308.8 45.3 307.9 45.2 307.1 45.1 306.2 45.1 305.3
  45.0 304.4 45.0 303.5 44.9 302.6 44.9 301.6 44.8 300.6 44.7 299.6 44.5 298.6
  44.3 297.7 44.1 296.7 43.9 295.9 43.6 295.0 43.3 294.2 43.0 293.3 42.7 292.5
  42.3 291.6 42.0 290.7 41.7 289.7 41.4 288.9 41.1 288.0 40.8 287.1 40.5 286.2
  40.3 285.4 40.0 284.6 39.7 283.9 39.5 283.2 39.3 282.5 39.0 281.8 38.8 281.1
  38.5 280.3 38.3 279.6 38.2 278.9 38.1 278.1 37.9 277.4 37.8 276.7 37.7 275.9
  37.7 275.2 37.7 274.4 37.8 273.6 37.8 272.8 37.8 271.9 38.0 271.0 38.3 270.1
  38.6 269.2 38.9 268.4 39.1 267.5 39.6 266.7 40.0 266.0 40.5 265.2 41.0 264.5
  41.5 263.8 42.1 263.1 42.7 262.6
   7 15 70  0.0
  72.5 321.4 72.4 321.3 72.3 321.1 72.2 321.0 72.1 320.8 72.0 320.6 71.9 320.4
  71.9 320.3 71.8 320.2 71.7 320.0 71.6 319.9 71.4 319.7 71.3 319.4 71.1 319.2
  70.9 319.0 70.7 318.8 70.5 318.7 70.4 318.5 70.2 318.4 70.0 318.3 69.8 318.2
  69.7 318.3 69.5 318.5 69.4 318.6 69.3 318.8 69.1 318.9 69.0 319.1 68.9 319.3
  68.8 319.5 68.7 319.7 68.6 319.9 68.5 320.1 68.5 320.4 68.5 320.6 68.5 320.9
  68.5 321.2 68.5 321.5 68.5 321.8 68.6 322.1 68.6 322.4 68.7 322.8 68.7 323.1
  68.8 323.5 68.9 323.8 68.9 324.2 69.1 324.6 69.2 325.0 69.4 325.5 69.5 325.9
  69.7 326.4 69.8 327.0 69.9 327.6 70.1 328.3 70.3 328.9 70.5 329.5 70.7 330.2
  70.8 331.0 71.0 331.8 71.2 332.6 71.4 333.5 71.6 334.4 71.8 335.4 72.0 336.5
  72.2 337.6 72.3 338.4 72.5 339.3 72.7 340.2 72.8 341.2 72.9 342.3 73.0 343.4
  73.1 344.5 73.1 345.7 73.1 346.9 73.1 348.1 73.0 349.3 72.9 350.5 72.8 351.6
  72.8 352.6 72.7 353.6 72.5 354.6 72.4 355.6 72.3 356.4 72.2 357.3 72.0 358.1
  71.8 359.0 71.7 359.9 71.5   0.7 71.3   0.9 71.1   1.2 70.9   1.4 70.7   1.7
  70.5   1.9 70.3   2.2 70.1   2.4 69.9   2.6 69.6   2.9 69.4   3.1 69.2   3.4
  69.0   3.6 68.8   3.9 68.5   4.1 68.2   4.3 67.9   4.5 67.5   4.6 67.2   4.8
  66.8   4.9 66.4   5.0 66.0   5.2 65.6   5.3 65.1   5.4 64.7   5.5 64.2   5.6
  63.7   5.7 63.2   5.7 62.7   5.8 62.2   5.8 61.6   5.8 61.1   5.8 60.6   5.8
  60.0   5.8 59.5   5.8 58.9   5.7 58.4   5.6 57.8   5.5 57.3   5.3 56.8   5.1
  56.3   5.0 55.7   4.8 55.2   4.6 54.7   4.3 54.2   4.1 53.7   3.9 53.3   3.6
  52.8   3.3 52.4   3.0 52.0   2.8 51.6   2.4 51.2   2.1 50.8   1.7 50.4   1.4
  50.0   1.0 49.6   0.6 49.3   0.1 48.9 359.6 48.6 358.9 48.2 358.2 47.9 357.5
  47.6 356.7 47.2 355.9 47.0 355.2 46.8 354.4 46.7 353.6 46.5 352.8 46.3 352.0
  46.3 351.1 46.2 350.2 46.2 349.4 46.1 348.5 46.0 347.6 46.1 346.7 46.1 345.8
  46.1 344.9 46.0 344.1 46.0 343.2 46.0 342.3 46.1 341.5 46.1 340.6 46.0 339.7
  46.3 338.9 46.5 338.0 46.7 337.1 46.8 336.2 46.9 335.3 47.1 334.4 47.2 333.5
  47.3 332.6 47.3 331.7 47.5 330.7 47.6 329.7 47.7 328.7 47.8 327.7 48.0 326.7
  48.2 325.7 48.4 324.7 48.6 323.7 48.8 322.7 49.0 321.7 49.2 320.7 49.4 319.8
  49.6 318.8 49.8 317.9 50.0 317.0 50.2 316.1 50.4 315.4 50.6 314.6 50.7 313.9
  50.8 313.2 50.9 312.6 50.9 311.9 51.0 311.2 51.0 310.6 51.1 309.9 51.1 309.3
  51.1 308.7 51.2 308.0 51.2 307.4 51.3 306.8 51.3 306.3 51.4 305.8 51.4 305.3
  51.4 304.8 51.3 304.4 51.3 303.9 51.3 303.5 51.4 303.1 51.4 302.7 51.4 302.3
  51.5 301.9 51.5 301.5 51.4 301.1 51.4 300.7 51.3 300.3 51.2 299.9 51.2 299.5
  51.3 299.1 51.2 298.7 51.2 298.3 51.2 297.9 51.1 297.5 51.0 297.1 50.9 296.8
  50.7 296.4 50.6 296.1 50.4 295.9 50.3 295.6 50.2 295.4 50.1 295.2 50.0 295.0
  49.8 294.5 49.7 294.0 49.5 293.6
   7 16 70  0.0
  72.5 321.4 72.4 321.7 72.2 322.1 72.1 322.3 71.9 322.6 71.8 322.9 71.6 323.1
  71.4 323.3 71.2 323.5 71.0 323.6 70.8 323.7 70.6 323.7 70.4 323.7 70.1 323.6
  69.8 323.6 69.6 323.7 69.3 323.9 69.1 324.0 68.9 324.2 68.7 324.3 68.6 324.5
  68.3 324.6 68.1 324.7 67.9 324.9 67.7 325.0 67.5 325.2 67.3 325.4 67.0 325.5
  66.8 325.7 66.6 325.9 66.4 326.1 66.2 326.3 66.0 326.5 65.8 326.7 65.6 326.9
  65.5 327.3 65.3 327.6 65.2 328.0 65.1 328.3 65.1 328.7 65.1 329.0 65.2 329.4
  65.3 329.7 65.3 330.1 65.5 330.4 65.6 330.7 65.7 331.1 65.9 331.4 66.1 331.8
  66.3 332.3 66.5 332.8 66.8 333.3 67.0 333.8 67.3 334.3 67.5 334.9 67.7 335.4
  67.9 335.9 68.1 336.4 68.4 337.1 68.6 337.9 68.8 338.7 69.1 339.6 69.3 340.5
  69.5 341.4 69.7 342.5 69.9 343.6 70.0 344.8 70.2 346.0 70.3 347.4 70.5 348.8
  70.5 350.2 70.6 351.7 70.6 353.2 70.6 354.7 70.6 356.1 70.5 357.6 70.4 358.9
  70.3   0.2 70.3   0.6 70.2   1.0 70.1   1.5 70.0   1.9 69.9   2.3 69.8   2.6
  69.7   2.9 69.6   3.3 69.5   3.6 69.4   3.9 69.2   4.2 69.1   4.5 69.0   4.8
  68.8   5.1 68.6   5.3 68.5   5.6 68.3   5.9 68.1   6.1 67.9   6.4 67.7   6.5
  67.5   6.7 67.3   6.8 67.1   7.0 66.9   7.1 66.7   7.2 66.5   7.3 66.3   7.4
  66.1   7.6 65.9   7.7 65.7   7.7 65.4   7.7 65.2   7.6 65.0   7.6 64.8   7.6
  64.6   7.6 64.4   7.7 64.2   7.7 64.0   7.7 63.8   7.6 63.6   7.4 63.4   7.3
  63.2   7.2 63.0   7.1 62.8   7.0 62.6   6.8 62.3   6.7 62.1   6.7 61.8   6.6
  61.6   6.4 61.3   6.1 61.0   5.9 60.8   5.8 60.5   5.6 60.2   5.4 59.9   5.2
  59.6   4.9 59.4   4.6 59.1   4.3 58.7   4.0 58.4   3.7 58.1   3.4 57.7   3.2
  57.4   2.8 57.1   2.5 56.8   2.1 56.5   1.8 56.2   1.4 55.9   1.1 55.6   0.6
  55.3   0.2 55.0 359.8 54.7 359.1 54.5 358.4 54.3 357.7 54.0 357.0 53.8 356.2
  53.6 355.4 53.5 354.6 53.5 353.7 53.4 352.9 53.4 352.0 53.3 351.2 53.4 350.4
  53.4 349.6 53.5 348.9 53.5 348.1 53.5 347.4 53.7 346.7 53.8 346.0 54.0 345.3
  54.1 344.6 54.3 344.0 54.5 343.3 54.7 342.6 54.9 342.0 55.1 341.3 55.3 340.7
  55.5 340.0 55.7 339.4 56.0 338.8 56.3 338.2 56.6 337.6 56.9 337.1 57.3 336.5
  57.6 336.0 57.9 335.5 58.2 334.9 58.5 334.6 58.9 334.3 59.2 334.0 59.5 333.7
  59.8 333.5 60.1 333.3 60.4 333.3 60.7 333.3 61.0 333.3 61.2 333.4 61.5 333.5
  61.7 333.6 61.9 333.8 62.1 334.0 62.3 334.3 62.4 334.5 62.6 334.8 62.8 335.2
  62.9 335.5 63.0 335.9 63.1 336.3 63.2 336.7 63.4 336.9 63.5 337.0 63.6 337.1
  63.7 337.1 63.8 337.0 63.9 336.8 64.0 336.6 64.1 336.5 64.3 336.3 64.4 336.2
  64.5 336.0 64.7 335.9 64.8 335.7 64.9 335.6 65.1 335.4 65.3 335.2 65.5 335.1
  65.7 334.9 65.9 334.7 66.2 334.5 66.4 334.6 66.7 334.6 67.0 334.6 67.3 334.7
  67.6 334.7 67.9 334.7 68.1 334.8 68.4 335.1 68.7 335.4 68.9 335.7 69.1 336.0
  69.3 336.4 69.6 336.7 69.8 337.1
   7 17 70  0.0
  72.5 321.4 72.6 322.3 72.7 323.3 72.8 324.3 72.8 325.2 72.8 326.1 72.9 327.0
  72.9 327.8 72.8 328.6 72.8 329.3 72.7 330.0 72.5 330.5 72.4 331.0 72.3 331.4
  72.1 331.8 71.9 332.1 71.8 332.7 71.6 333.1 71.4 333.5 71.2 333.8 71.0 334.1
  70.8 334.2 70.6 334.3 70.3 334.4 70.1 334.4 69.8 334.3 69.5 334.1 69.3 333.9
  69.1 333.8 68.8 333.6 68.6 333.5 68.4 333.4 68.3 333.3 68.1 333.2 68.0 333.1
  67.9 332.9 67.8 332.7 67.7 332.6 67.6 332.4 67.6 332.3 67.5 332.1 67.4 332.0
  67.2 331.8 67.0 331.7 66.8 331.5 66.6 331.4 66.4 331.2 66.1 331.1 65.8 331.0
  65.5 330.7 65.2 330.6 65.0 330.5 64.7 330.4 64.5 330.4 64.3 330.4 64.1 330.5
  64.0 330.6 63.8 330.6 63.7 330.6 63.6 330.7 63.6 330.8 63.6 330.9 63.5 331.1
  63.6 331.2 63.6 331.3 63.6 331.4 63.7 331.5 63.8 331.6 63.9 331.6 64.0 331.7
  64.1 331.7 64.3 332.1 64.6 332.4 64.8 332.7 65.1 333.1 65.4 333.4 65.6 333.8
  65.9 334.1 66.1 334.4 66.3 334.9 66.6 335.4 66.8 335.9 67.1 336.4 67.3 336.9
  67.6 337.4 67.8 337.9 68.0 338.5 68.3 339.4 68.5 340.3 68.7 341.3 68.9 342.3
  69.1 343.4 69.3 344.6 69.4 345.9 69.6 347.2 69.7 348.5 69.7 349.9 69.7 351.3
  69.8 352.7 69.7 354.0 69.7 355.3 69.6 356.5 69.5 357.7 69.4 358.8 69.3 359.9
  69.1   1.0 69.0   1.3 68.9   1.7 68.8   2.0 68.6   2.3 68.5   2.7 68.4   3.0
  68.2   3.3 68.0   3.6 67.8   3.9 67.7   4.0 67.5   4.2 67.3   4.3 67.1   4.4
  67.0   4.6 66.8   4.7 66.6   4.9 66.4   5.0 66.2   5.2 65.9   5.3 65.7   5.3
  65.5   5.4 65.3   5.4 65.1   5.4 64.9   5.4 64.7   5.4 64.5   5.4 64.3   5.4
  64.1   5.4 63.9   5.4 63.7   5.3 63.5   5.2 63.3   5.1 63.1   5.0 62.8   4.9
  62.6   4.7 62.4   4.6 62.2   4.5 62.0   4.4 61.8   4.3 61.6   4.0 61.4   3.8
  61.1   3.5 60.8   3.3 60.4   3.0 60.1   2.8 59.7   2.6 59.4   2.2 59.1   1.9
  58.8   1.5 58.5   1.1 58.2   0.7 57.9   0.3 57.6 359.9 57.3 359.0 57.0 358.2
  56.7 357.3 56.4 356.4 56.1 355.5 55.9 354.7 55.6 353.7 55.4 352.8 55.2 351.8
  55.0 350.8 54.8 349.9 54.6 348.9 54.4 347.9 54.4 346.9 54.3 345.9 54.3 345.0
  54.3 344.0 54.3 343.0 54.4 342.1 54.6 341.2 54.7 340.3 54.9 339.4 55.1 338.6
  55.4 337.8 55.7 337.1 56.0 336.3 56.3 335.7 56.6 335.0 57.0 334.4 57.4 333.7
  57.7 333.1 58.1 332.5 58.4 332.1 58.8 331.7 59.2 331.3 59.5 330.9 59.8 330.5
  60.2 330.0 60.5 329.8 60.8 329.5 61.1 329.2 61.4 329.0 61.7 328.7 62.0 328.4
  62.3 328.4 62.6 328.5 62.9 328.5 63.1 328.5 63.4 328.5 63.6 328.5 63.9 328.5
  64.1 328.5 64.3 328.5 64.5 328.5 64.7 328.4 65.0 328.4 65.2 328.3 65.4 328.2
  65.6 328.0 65.8 327.9 65.9 327.8 66.1 327.8 66.2 327.7 66.3 327.6 66.4 327.6
  66.5 327.5 66.6 327.5 66.6 327.5 66.7 327.4 66.7 327.4 66.7 327.4 66.7 327.5
  66.8 327.5 66.8 327.6 66.8 327.7 66.8 327.9 66.9 328.1 67.0 328.3 67.1 328.5
  67.3 328.8 67.4 329.1 67.6 329.4
   7 18 70  0.0
  72.5 321.4 72.6 321.9 72.7 322.4 72.7 323.0 72.8 323.5 72.9 324.1 73.1 324.7
  73.2 325.3 73.3 325.9 73.5 326.6 73.6 327.3 73.7 328.0 73.9 328.8 74.1 329.6
  74.2 330.4 74.4 331.1 74.5 332.0 74.6 332.9 74.8 333.8 74.9 334.8 75.0 335.8
  75.1 336.8 75.1 337.8 75.2 338.8 75.2 339.8 75.3 340.8 75.3 341.7 75.3 342.4
  75.3 342.9 75.4 343.4 75.4 343.7 75.4 343.9 75.4 344.0 75.4 344.0 75.4 343.9
  75.3 343.7 75.3 343.5 75.3 343.2 75.3 342.9 75.2 342.5 75.2 342.2 75.2 341.8
  75.2 341.5 75.2 341.1 75.3 340.8 75.3 340.4 75.3 340.0 75.3 339.6 75.3 339.1
  75.3 338.7 75.4 338.3 75.4 337.9 75.4 337.5 75.5 337.1 75.5 336.8 75.5 336.4
  75.6 336.1 75.7 335.8 75.7 335.5 75.7 335.2 75.7 334.9 75.7 334.6 75.7 334.2
  75.8 333.9 75.8 333.5 75.9 333.1 76.0 332.7 76.1 332.3 76.3 331.9 76.3 331.5
  76.4 331.0 76.6 330.6 76.7 330.1 76.8 329.6 77.0 329.2 77.2 328.8 77.3 328.3
  77.5 327.9 77.6 327.5 77.7 327.1 77.9 326.8 78.0 326.4 78.2 326.0 78.3 325.6
  78.5 325.2 78.7 324.8 78.9 324.4 79.1 324.0 79.3 323.6 79.5 323.2 79.6 322.7
  79.8 322.3 80.0 321.9 80.1 321.4 80.4 320.6 80.6 319.8 80.8 319.0 81.0 318.2
  81.3 317.4 81.5 316.6 81.7 315.9 81.9 315.2 82.1 314.4 82.3 313.2 82.5 311.8
  82.7 310.5 82.9 309.1 83.1 307.7 83.3 306.3 83.5 304.9 83.7 303.4 83.8 301.9
  84.0 300.4 84.1 298.8 84.3 296.3 84.4 293.6 84.5 290.8 84.6 287.9 84.7 284.8
  84.8 281.6 84.9 278.3 84.9 274.9 84.9 271.4 84.9 267.7 84.8 264.0 84.8 260.3
  84.8 256.4 84.7 252.6 84.6 248.8 84.5 245.2 84.3 241.6 84.0 238.3 83.7 235.4
  83.4 233.2 83.1 231.2 82.7 229.4 82.3 227.8 81.9 226.3 81.5 225.5 81.1 224.7
  80.7 224.0 80.2 223.4 79.7 222.8 79.3 222.7 78.8 222.7 78.4 222.6 77.9 222.4
  77.4 222.5 77.0 222.5 76.6 222.4 76.1 222.2 75.7 221.9 75.3 221.8 74.9 221.6
  74.5 221.3 74.1 221.0 73.6 220.7 73.3 220.5 72.9 220.2 72.6 219.9 72.2 219.5
  71.9 219.1 71.6 218.8 71.3 218.5 71.0 218.1 70.7 217.8 70.3 217.4 70.0 217.0
  69.7 216.6 69.4 216.4 69.2 216.2 68.9 215.9 68.6 215.7 68.3 215.4 68.0 215.1
  67.7 214.8 67.4 214.6 67.2 214.4 66.9 214.2 66.7 214.0 66.4 213.7 66.2 213.5
  65.9 213.3 65.7 213.1 65.4 212.9 65.2 212.7 65.0 212.5 64.8 212.3 64.5 212.1
  64.3 211.9 64.0 211.7 63.6 211.6 63.3 211.5 62.9 211.4 62.6 211.3 62.3 211.2
  61.9 211.1 61.6 211.0 61.3 210.8 61.1 210.7 60.8 210.6 60.5 210.4 60.2 210.2
  59.9 210.1 59.7 209.9 59.4 209.7 59.2 209.5 58.9 209.3 58.7 209.1 58.5 208.9
  58.2 208.8 58.0 208.7 57.8 208.5 57.6 208.4 57.4 208.2 57.2 208.1 57.1 208.0
  56.7 207.8 56.4 207.7 56.1 207.6 55.9 207.5 55.7 207.3 55.5 207.0 55.4 206.7
  55.3 206.3 55.3 206.0 55.3 205.6 55.3 205.2 55.4 204.7 55.5 204.2 55.6 203.7
  55.5 203.2 55.5 202.7 55.4 202.1 55.4 201.6 55.4 201.0 55.5 200.4 55.5 199.8
  55.4 199.3 55.3 198.7 55.2 198.1
   7 19 70  0.0
  72.5 321.4 72.6 321.1 72.8 320.8 72.9 320.5 72.9 320.3 73.0 320.0 73.0 319.8
  73.0 319.7 73.0 319.5 73.0 319.4 72.9 319.3 72.8 319.2 72.7 319.2 72.6 319.2
  72.5 319.3 72.4 319.3 72.3 319.5 72.2 319.6 72.1 319.8 72.1 320.1 72.1 320.3
  72.1 320.7 72.2 321.0 72.2 321.4 72.3 321.9 72.4 322.4 72.5 322.9 72.6 323.5
  72.6 324.0 72.8 324.6 72.9 325.2 73.1 325.8 73.2 326.5 73.4 327.1 73.5 327.8
  73.6 328.6 73.8 329.4 74.0 330.2 74.1 331.1 74.3 331.9 74.4 332.8 74.6 333.7
  74.7 334.6 74.8 335.6 74.9 336.6 75.0 337.6 75.0 338.6 75.1 339.6 75.1 340.6
  75.2 341.5 75.2 342.3 75.2 343.0 75.2 343.5 75.2 343.9 75.2 344.2 75.3 344.3
  75.3 344.4 75.3 344.4 75.4 344.3 75.4 344.1 75.4 343.8 75.4 343.5 75.4 343.1
  75.4 342.8 75.4 342.4 75.4 342.1 75.4 341.7 75.4 341.3 75.5 341.0 75.5 340.6
  75.5 340.1 75.6 339.7 75.6 339.3 75.6 338.8 75.7 338.4 75.7 338.0 75.7 337.6
  75.8 337.2 75.8 336.8 75.9 336.5 76.0 336.2 76.0 335.8 76.1 335.4 76.1 334.9
  76.1 334.5 76.1 334.1 76.2 333.7 76.2 333.3 76.3 332.9 76.4 332.5 76.5 332.1
  76.6 331.6 76.7 331.2 76.8 330.8 76.9 330.3 77.0 329.9 77.2 329.4 77.3 328.9
  77.5 328.5 77.6 328.0 77.8 327.6 77.9 327.2 78.1 326.8 78.2 326.3 78.4 325.9
  78.6 325.5 78.7 325.1 78.9 324.7 79.1 324.3 79.3 323.9 79.5 323.5 79.6 323.1
  79.8 322.7 79.9 322.3 80.1 321.9 80.3 320.9 80.6 320.0 80.7 319.1 80.9 318.2
  81.2 317.4 81.4 316.6 81.6 315.8 81.8 315.1 82.0 314.3 82.3 313.0 82.5 311.7
  82.8 310.2 83.0 308.8 83.2 307.3 83.4 305.8 83.5 304.2 83.7 302.6 83.9 301.1
  84.0 299.5 84.2 297.0 84.4 294.3 84.5 291.4 84.7 288.5 84.8 285.4 84.9 282.2
  84.9 278.9 84.9 275.5 84.9 272.0 84.9 268.4 84.9 264.8 84.8 261.1 84.7 257.5
  84.6 253.8 84.5 250.3 84.3 246.9 84.1 243.6 83.8 240.5 83.6 238.1 83.3 235.8
  83.0 233.7 82.7 231.8 82.3 230.1 81.8 228.5 81.5 227.7 81.1 226.9 80.7 226.2
  80.2 225.5 79.8 224.8 79.4 224.7 78.9 224.6 78.5 224.5 78.1 224.4 77.6 224.2
  77.2 224.5 76.8 224.7 76.3 224.9 75.9 224.9 75.5 225.0 75.1 225.1 74.8 225.1
  74.4 225.0 74.0 224.9 73.6 224.7 73.3 224.6 73.0 224.5 72.6 224.4 72.3 224.2
  72.0 224.0 71.7 223.9 71.4 223.7 71.1 223.5 70.8 223.2 70.6 223.0 70.3 222.7
  70.0 222.4 69.8 222.1 69.5 221.9 69.3 221.8 69.1 221.7 68.9 221.5 68.7 221.3
  68.5 221.1 68.3 220.9 68.2 220.7 68.1 220.4 67.9 220.2 67.8 220.0 67.8 219.9
  67.6 219.7 67.4 219.6 67.3 219.4 67.2 219.3 67.0 219.1 66.9 218.8 66.8 218.6
  66.7 218.3 66.5 217.9 66.4 217.6 66.3 217.2 66.2 216.8 66.1 216.4 66.1 215.9
  65.8 215.4 65.6 215.2 65.4 215.0 65.2 214.8 65.0 214.5 64.8 214.3 64.6 214.0
  64.5 213.7 64.3 213.4 64.2 213.1 64.0 212.8 63.9 212.5 63.8 212.2 63.7 212.0
  63.4 211.7 63.2 211.5 63.0 211.2 62.7 210.9 62.5 210.7 62.2 210.4 62.0 210.1
  61.8 210.0 61.5 209.9 61.3 209.8
   7 20 70  0.0
  72.5 321.4 72.4 321.4 72.3 321.5 72.2 321.5 72.2 321.5 72.1 321.5 72.1 321.5
  72.2 321.5 72.2 321.5 72.3 321.5 72.4 321.4 72.5 321.4 72.7 321.3 72.8 321.3
  73.0 321.2 73.2 321.1 73.4 321.0 73.5 320.8 73.7 320.6 73.9 320.4 74.0 320.2
  74.2 319.9 74.3 319.5 74.5 319.1 74.6 318.7 74.7 318.2 74.8 317.7 74.9 317.3
  75.0 316.8 75.0 316.5 75.1 316.1 75.1 315.8 75.0 315.5 75.0 315.3 74.9 315.1
  74.8 315.0 74.6 314.9 74.5 314.9 74.3 314.8 74.2 314.9 74.1 314.9 73.9 315.0
  73.8 315.3 73.8 315.6 73.7 315.9 73.6 316.2 73.6 316.6 73.6 317.1 73.6 317.5
  73.6 318.1 73.7 318.6 73.7 319.1 73.7 319.7 73.7 320.2 73.8 320.7 73.8 321.3
  73.9 321.9 73.9 322.5 73.9 323.1 74.0 323.7 74.0 324.4 74.1 324.8 74.3 325.3
  74.4 325.9 74.5 326.5 74.6 327.2 74.6 327.9 74.7 328.7 74.8 329.5 74.8 330.4
  74.9 331.4 74.9 332.5 75.0 333.5 75.0 334.7 75.0 335.7 75.1 336.6 75.0 337.4
  75.0 338.1 75.0 338.7 75.0 339.1 74.9 339.5 74.8 339.8 74.8 339.9 74.7 340.0
  74.6 340.0 74.5 339.9 74.4 339.8 74.3 339.6 74.2 339.4 74.1 339.3 74.0 339.0
  73.9 339.0 73.8 338.9 73.7 338.8 73.7 338.6 73.6 338.4 73.5 338.1 73.5 337.9
  73.4 337.6 73.4 337.3 73.4 337.1 73.3 336.9 73.3 336.6 73.3 336.4 73.3 336.2
  73.4 336.0 73.3 335.8 73.3 335.5 73.3 335.3 73.2 335.1 73.2 334.8 73.2 334.6
  73.3 334.3 73.3 333.9 73.3 333.6 73.4 333.2 73.4 332.8 73.5 332.4 73.6 332.0
  73.6 331.5 73.7 331.0 73.7 330.6 73.8 330.1 73.9 329.6 74.0 329.2 74.1 328.7
  74.2 328.3 74.3 327.8 74.3 327.4 74.4 327.0 74.4 326.6 74.5 326.2 74.5 325.9
  74.6 325.5 74.7 325.1 74.8 324.7 74.8 324.4 74.9 324.0 74.9 323.6 74.9 323.2
  74.9 322.9 74.9 322.5 74.9 322.2 74.9 321.8 74.9 321.5 74.9 321.2 74.9 320.9
  74.8 320.6 74.8 320.3 74.8 320.1 74.7 319.9 74.6 319.8 74.5 319.6 74.3 319.5
  74.2 319.4 74.0 319.3 73.9 319.2 73.7 319.4 73.6 319.5 73.4 319.7 73.3 319.9
  73.2 320.1 73.1 320.3 73.1 320.5 73.0 320.8 73.0 321.1 72.9 321.4 72.9 321.7
  72.9 322.1 72.9 322.5 72.8 322.9 72.8 323.3 72.8 323.6 72.8 324.0 72.8 324.3
  72.8 324.6 72.9 324.8 72.9 325.1 73.0 325.3 73.0 325.5 73.1 325.7 73.1 325.8
  73.2 326.0 73.2 326.2 73.3 326.4 73.3 326.7 73.4 327.0 73.5 327.3 73.5 327.6
  73.6 328.0 73.7 328.4 73.8 328.9 73.9 329.4 74.0 329.9 74.1 330.3 74.2 330.6
  74.3 330.9 74.4 331.1 74.4 331.2 74.5 331.3 74.5 331.4 74.5 331.4 74.6 331.3
  74.6 331.1 74.6 330.9 74.6 330.6 74.6 330.4 74.5 330.2 74.5 330.0 74.5 329.8
  74.5 329.7 74.4 329.7 74.4 329.6 74.3 329.6 74.3 329.6 74.2 329.7 74.2 329.8
  74.1 329.9 74.0 330.0 74.0 330.1 73.9 330.2 73.8 330.3 73.8 330.4 73.7 330.4
  73.7 330.3 73.6 330.1 73.5 329.9 73.5 329.6 73.4 329.2 73.4 328.7 73.3 328.3
  73.3 327.8 73.2 327.3 73.2 326.8 73.1 326.3 73.1 325.8 73.0 325.3 72.9 324.8
  72.9 324.4 72.8 323.9 72.7 323.5
   7 21 70  0.0
  72.5 321.4 72.3 321.0 72.2 320.7 72.0 320.3 71.9 319.8 71.6 319.4 71.3 318.9
  71.0 318.4 70.7 317.9 70.4 317.4 70.1 316.9 69.8 316.3 69.5 315.8 69.1 315.3
  68.6 314.8 68.2 314.4 67.8 313.9 67.4 313.4 67.0 312.9 66.6 312.4 66.3 311.9
  65.8 311.3 65.3 310.6 64.9 309.9 64.5 309.2 64.1 308.4 63.7 307.7 63.2 307.0
  62.7 306.3 62.2 305.7 61.7 305.1 61.3 304.6 60.8 304.1 60.4 303.6 59.8 303.1
  59.3 302.7 58.8 302.1 58.3 301.6 57.7 301.0 57.2 300.5 56.7 300.1 56.2 299.6
  55.7 299.0 55.3 298.7 54.9 298.3 54.4 297.8 54.0 297.4 53.6 296.9 53.2 296.5
  52.7 296.0 52.3 295.5 52.0 295.0 51.7 294.5 51.4 294.0 51.1 293.5 50.8 292.9
  50.4 292.2 50.1 291.5 49.9 290.8 49.7 290.0 49.5 289.3 49.3 288.5 49.0 287.7
  48.9 286.9 48.7 286.1 48.6 285.3 48.4 284.5 48.2 283.6 48.3 282.7 48.3 281.8
  48.3 280.8 48.3 279.8 48.6 278.8 48.8 277.8 49.1 276.9 49.3 276.0 49.6 275.1
  50.0 274.2 50.3 273.3 50.6 272.5 50.9 271.8 51.3 271.1 51.8 270.3 52.3 269.5
  52.8 269.0 53.3 268.5 53.7 268.0 54.2 267.4 54.6 267.0 55.1 266.6 55.5 266.2
  55.8 265.7 56.2 265.2 56.6 264.9 57.0 264.6 57.3 264.3 57.7 264.0 58.0 263.7
  58.3 263.6 58.7 263.4 59.0 263.2 59.3 263.0 59.6 262.6 59.8 262.3 60.1 261.8
  60.3 261.7 60.6 261.5 60.8 261.3 61.1 261.1 61.3 260.8 61.5 260.5 61.7 260.2
  62.0 259.8 62.1 259.3 62.3 259.1 62.5 258.8 62.6 258.5 62.8 258.1 63.0 257.6
  63.2 257.1 63.3 256.5 63.5 255.8 63.7 255.1 63.8 254.5 64.0 254.0 64.1 253.4
  64.3 253.3 64.6 253.1 64.8 253.0 65.0 253.0 65.2 252.9 65.5 252.9 65.8 253.0
  66.0 253.0 66.3 253.4 66.6 253.7 66.9 254.0 67.3 254.3 67.6 254.7 67.9 255.0
  68.2 255.3 68.6 255.9 68.9 256.5 69.3 257.2 69.7 257.9 70.1 258.7 70.5 259.5
  70.8 260.4 71.2 261.4 71.5 262.4 71.7 263.5 72.0 264.6 72.2 265.8 72.4 266.6
  72.7 267.4 72.9 268.2 73.1 269.0 73.3 269.8 73.5 270.6 73.7 271.4 73.8 272.3
  74.0 273.2 74.1 274.2 74.2 274.9 74.4 275.7 74.5 276.6 74.6 277.5 74.6 278.4
  74.7 279.3 74.7 280.2 74.7 281.2 74.8 282.0 74.8 282.9 74.8 283.7 74.8 284.4
  74.9 285.1 74.9 285.8 74.9 286.5 74.9 287.2 75.0 287.8 75.0 288.4 75.0 289.0
  75.1 289.5 75.1 290.1 75.1 290.6 75.1 291.2 75.2 291.7 75.2 292.2 75.2 292.8
  75.2 293.3 75.2 293.7 75.2 294.2 75.2 294.7 75.2 295.1 75.2 295.6 75.3 296.0
  75.3 296.4 75.2 296.8 75.2 297.2 75.1 297.6 75.1 298.0 75.1 298.4 75.0 298.8
  75.0 299.1 74.9 299.5 74.9 299.8 74.9 300.1 74.8 300.4 74.7 300.6 74.7 300.9
  74.6 301.1 74.5 301.3 74.4 301.5 74.3 301.7 74.2 301.8 74.2 302.0 74.1 302.1
  74.0 302.3 73.9 302.0 73.9 301.8 73.9 301.7 73.9 301.6 73.9 301.6 73.9 301.6
  74.0 301.6 74.0 301.7 74.1 301.9 74.2 302.0 74.3 302.2 74.4 302.4 74.6 302.6
  74.7 302.8 74.8 303.0 75.0 303.2 75.1 303.4 75.2 303.6 75.4 303.8 75.5 304.0
  75.6 304.3 75.7 304.5 75.9 304.7
   7 22 70  0.0
  72.5 321.4 72.5 321.2 72.4 321.0 72.4 320.7 72.3 320.5 72.2 320.2 72.2 319.8
  72.0 319.5 71.8 319.4 71.6 319.3 71.4 319.2 71.2 319.1 71.0 318.9 70.8 318.8
  70.5 318.6 70.3 318.4 70.1 318.2 69.8 317.9 69.6 317.8 69.4 317.6 69.1 317.4
  68.9 317.1 68.7 316.8 68.5 316.4 68.2 316.0 68.0 315.6 67.6 315.2 67.2 314.8
  66.9 314.4 66.5 314.0 66.0 313.6 65.6 313.3 65.2 313.0 64.9 312.7 64.5 312.4
  64.1 312.1 63.7 311.8 63.2 311.7 62.8 311.6 62.3 311.4 61.9 311.1 61.4 311.0
  61.0 310.8 60.6 310.5 60.2 310.3 59.8 309.9 59.3 309.8 58.9 309.6 58.5 309.4
  58.0 309.2 57.6 309.0 57.1 308.9 56.7 308.8 56.2 308.7 55.8 308.5 55.4 308.4
  55.0 308.3 54.6 308.1 54.2 307.9 53.7 307.6 53.2 307.5 52.8 307.4 52.3 307.3
  51.8 307.1 51.3 307.0 50.9 306.9 50.5 306.8 50.1 306.7 49.7 306.5 49.4 306.3
  49.1 306.1 48.8 305.9 48.6 305.7 48.4 305.5 48.2 305.3 48.0 305.0 47.8 304.8
  47.6 304.5 47.4 304.2 47.2 303.8 46.9 303.5 46.6 303.1 46.3 302.7 46.1 302.3
  45.8 301.8 45.6 301.5 45.4 301.1 45.1 300.8 44.9 300.4 44.6 300.0 44.4 299.7
  44.1 299.3 43.8 298.9 43.5 298.7 43.1 298.4 42.8 298.2 42.5 297.9 42.2 297.7
  41.9 297.4 41.6 297.2 41.2 297.0 40.9 296.7 40.6 296.4 40.3 296.1 40.0 295.8
  39.8 295.4 39.5 295.0 39.3 294.6 39.0 294.2 38.8 293.7 38.5 293.2 38.2 292.8
  38.0 292.3 37.8 291.9 37.6 291.5 37.4 291.0 37.2 290.6 37.0 290.2 36.9 289.7
  36.7 289.3 36.5 288.8 36.3 288.3 36.1 287.7 36.1 287.2 36.0 286.7 35.9 286.4
  35.9 286.0 35.8 285.7 35.7 285.5 35.6 285.2 35.6 284.9 35.5 284.6 35.4 284.4
  35.4 284.1 35.3 283.9 35.3 283.7 35.2 283.4 35.2 283.2 35.1 283.0 35.1 282.8
  35.1 282.6 35.1 282.4 35.1 282.2 35.1 282.0 35.1 281.9 35.1 281.7 35.1 281.6
  35.1 281.4 35.2 281.3 35.2 281.1 35.2 280.9 35.2 280.8 35.2 280.6 35.3 280.4
  35.3 280.3 35.3 280.1 35.3 279.9 35.3 279.7 35.4 279.6 35.4 279.4 35.4 279.2
  35.4 279.1 35.4 278.9 35.4 278.8 35.5 278.6 35.5 278.5 35.5 278.4 35.5 278.2
  35.5 278.1 35.5 278.0 35.6 277.9 35.6 277.8 35.6 277.7 35.6 277.5 35.6 277.4
  35.6 277.3 35.6 277.1 35.7 277.0 35.7 276.9 35.7 276.7 35.7 276.6 35.7 276.5
  35.7 276.4 35.8 276.3 35.8 276.2 35.8 276.1 35.8 276.0 35.8 275.9 35.8 275.9
  35.7 275.9 35.7 275.8 35.6 275.8 35.5 275.8 35.5 275.8 35.4 275.8 35.4 275.8
  35.4 275.8 35.3 275.9 35.3 275.9 35.3 275.9 35.3 275.9 35.3 275.9 35.4 276.0
  35.4 276.0 35.4 276.0 35.5 276.0 35.5 276.1 35.6 276.1 35.7 276.1 35.7 276.2
  35.8 276.2 35.9 276.2 36.0 276.3 36.0 276.3 36.1 276.4 36.2 276.4 36.4 276.4
  36.5 276.5 36.6 276.5 36.7 276.6 36.8 276.6 37.0 276.6 37.1 276.7 37.2 276.7
  37.4 276.7 37.5 276.7 37.7 276.7 37.8 276.7 38.0 276.7 38.2 276.7 38.4 276.8
  38.6 276.8 38.8 276.9 39.0 276.9 39.2 276.9 39.5 277.0 39.8 277.0 40.1 277.0
  40.4 277.1 40.7 277.2 41.0 277.3
   7 23 70  0.0
  72.5 321.4 72.4 320.9 72.4 320.5 72.3 320.1 72.3 319.6 72.1 319.2 71.8 318.9
  71.6 318.7 71.4 318.6 71.1 318.5 70.9 318.4 70.6 318.3 70.3 318.3 70.0 318.2
  69.7 318.5 69.4 318.8 69.2 319.1 68.9 319.3 68.7 319.6 68.4 319.9 68.2 320.2
  68.1 320.6 68.1 320.9 68.0 321.2 68.0 321.6 68.0 322.0 67.9 322.6 67.9 323.3
  67.9 323.9 67.8 324.5 67.9 325.1 68.0 325.6 68.0 326.2 68.1 326.4 68.2 326.7
  68.2 326.9 68.3 327.1 68.4 327.2 68.4 327.4 68.5 327.5 68.6 327.6 68.7 327.7
  68.7 327.7 68.8 327.8 68.9 327.8 69.0 327.8 69.0 327.7 69.1 327.7 69.2 327.6
  69.3 327.5 69.3 327.3 69.4 327.2 69.4 327.0 69.5 326.8 69.5 326.6 69.6 326.4
  69.6 326.1 69.6 325.9 69.6 325.6 69.7 325.3 69.7 325.0 69.7 324.7 69.7 324.3
  69.7 324.0 69.6 323.6 69.4 323.3 69.3 322.9 69.2 322.5 69.1 322.2 68.9 321.8
  68.8 321.4 68.7 321.1 68.6 320.7 68.5 320.4 68.4 320.1 68.3 319.7 68.2 319.4
  68.0 319.1 67.9 318.8 67.8 318.3 67.8 317.9 67.7 317.5 67.7 317.0 67.7 316.7
  67.7 316.3 67.8 316.0 67.7 315.6 67.7 315.3 67.6 315.0 67.6 314.8 67.6 314.5
  67.6 314.3 67.6 314.1 67.6 313.8 67.6 313.6 67.7 313.4 67.8 313.2 67.9 313.1
  67.9 312.9 68.0 312.7 68.1 312.6 68.1 312.5 68.1 312.4 68.1 312.4 68.1 312.3
  68.1 312.3 68.1 312.3 68.1 312.3 68.0 312.4 68.0 312.4 67.9 312.4 67.8 312.3
  67.8 312.2 67.7 312.1 67.6 312.1 67.5 312.0 67.5 311.9 67.4 311.9 67.3 311.9
  67.2 311.8 67.1 311.8 67.0 311.8 66.9 311.8 66.8 311.8 66.7 311.8 66.6 311.9
  66.5 312.0 66.5 312.1 66.4 312.2 66.3 312.3 66.3 312.4 66.2 312.6 66.2 312.8
  66.2 313.0 66.2 313.2 66.2 313.3 66.3 313.4 66.3 313.6 66.4 313.7 66.5 313.7
  66.7 313.8 66.8 313.8 67.0 313.9 67.2 313.9 67.4 313.8 67.6 313.8 67.9 313.8
  68.1 313.8 68.3 314.1 68.5 314.3 68.7 314.6 68.9 314.9 69.1 315.2 69.2 315.5
  69.4 315.8 69.5 316.1 69.6 316.5 69.7 316.8 69.8 317.2 69.9 317.5 69.9 317.9
  70.0 318.3 70.0 318.7 70.0 319.1 70.0 319.5 70.0 319.9 70.0 320.4 69.8 320.8
  69.7 321.2 69.6 321.6 69.4 321.9 69.3 322.3 69.1 322.6 68.9 322.8 68.7 323.1
  68.5 323.3 68.3 323.6 68.0 323.7 67.8 323.9 67.6 324.1 67.3 324.2 67.1 324.3
  66.9 324.5 66.7 324.6 66.4 324.7 66.2 324.9 65.9 325.0 65.6 325.0 65.4 325.0
  65.1 325.0 64.8 325.0 64.5 325.0 64.1 325.0 63.8 325.1 63.5 324.9 63.1 324.8
  62.8 324.7 62.5 324.6 62.3 324.6 62.0 324.6 61.7 324.5 61.5 324.3 61.2 324.1
  61.0 324.0 60.7 323.9 60.4 323.8 60.1 323.7 59.8 323.7 59.5 323.2 59.2 322.7
  58.9 322.3 58.6 321.9 58.3 321.5 58.1 321.2 57.8 320.9 57.6 320.3 57.3 319.7
  57.0 319.1 56.7 318.7 56.3 318.2 56.0 317.8 55.6 317.2 55.3 316.6 54.9 316.0
  54.5 315.5 54.2 315.0 53.8 314.6 53.3 313.9 52.9 313.3 52.5 312.7 52.0 312.1
  51.5 311.6 51.2 311.0 50.7 310.4 50.3 309.9 49.9 309.3 49.4 308.8 48.9 308.2
  48.3 307.7 48.1 307.2 47.7 306.8
   7 24 70  0.0
  72.5 321.4 72.4 321.3 72.3 321.2 72.2 321.1 72.1 321.0 72.0 320.9 71.9 320.9
  71.8 320.9 71.7 320.9 71.7 320.9 71.6 320.9 71.5 320.9 71.4 320.9 71.3 321.0
  71.2 321.0 71.2 321.0 71.1 320.9 71.0 320.8 70.9 320.7 70.9 320.6 70.8 320.5
  70.7 320.3 70.6 320.1 70.6 319.9 70.4 319.7 70.2 319.5 70.0 319.3 69.8 319.3
  69.5 319.4 69.3 319.5 69.1 319.6 68.8 319.7 68.5 319.8 68.3 320.0 68.2 320.2
  68.1 320.4 68.0 320.6 67.9 321.3 67.8 322.0 67.7 322.7 67.6 323.3 67.5 324.0
  67.6 324.8 67.7 325.5 67.8 326.2 67.8 327.0 67.9 327.8 68.0 328.5 68.2 329.3
  68.3 329.8 68.5 330.2 68.7 330.7 68.9 331.1 69.0 331.5 69.2 331.9 69.4 332.3
  69.6 332.7 69.9 333.1 70.1 333.5 70.4 333.5 70.6 333.5 70.9 333.4 71.1 333.4
  71.3 333.4 71.5 333.4 71.7 333.4 71.9 333.4 72.0 333.4 72.2 333.2 72.3 332.9
  72.5 332.7 72.6 332.5 72.7 332.3 72.7 332.1 72.8 331.9 72.8 331.7 72.9 331.4
  72.9 331.1 72.9 330.9 72.9 330.5 72.9 330.2 72.9 329.8 72.9 329.4 73.0 329.0
  73.0 328.5 73.0 328.0 73.0 327.5 72.9 327.1 72.9 326.7 72.8 326.3 72.7 326.0
  72.7 325.8 72.6 325.5 72.6 325.4 72.6 325.2 72.5 325.1 72.5 325.1 72.4 325.1
  72.4 325.1 72.4 325.1 72.5 325.1 72.5 325.1 72.6 325.1 72.6 325.0 72.7 325.0
  72.8 325.0 72.9 324.9 73.1 324.9 73.2 324.8 73.4 324.7 73.5 324.6 73.7 324.5
  73.9 324.4 74.0 324.2 74.2 324.1 74.3 324.0 74.5 323.8 74.7 323.5 74.8 323.2
  75.0 322.9 75.1 322.4 75.2 322.0 75.4 321.5 75.5 321.0 75.6 320.6 75.6 320.2
  75.7 319.9 75.7 319.5 75.7 319.2 75.7 318.9 75.6 318.7 75.6 318.5 75.5 318.4
  75.4 318.3 75.3 318.2 75.2 318.2 75.1 318.2 75.0 318.3 75.0 318.4 74.9 318.6
  74.9 318.8 74.9 319.1 74.8 319.4 74.8 319.8 74.9 320.2 74.9 320.7 75.0 321.1
  75.1 321.6 75.1 322.1 75.2 322.6 75.2 323.0 75.3 323.5 75.3 324.0 75.3 324.5
  75.4 325.0 75.5 325.5 75.6 326.0 75.6 326.6 75.7 327.2 75.7 327.9 75.8 328.7
  75.8 329.5 75.9 330.4 75.9 331.4 75.9 332.4 76.0 333.5 76.1 333.8 76.2 334.0
  76.3 334.3 76.3 334.6 76.4 334.8 76.4 335.0 76.4 335.2 76.4 335.3 76.4 335.4
  76.4 335.4 76.3 335.4 76.3 335.3 76.2 335.2 76.2 335.1 76.1 335.0 75.9 334.8
  75.8 334.9 75.8 334.9 75.7 334.9 75.6 334.8 75.5 334.8 75.4 334.7 75.4 334.6
  75.3 334.4 75.2 334.2 75.2 334.0 75.2 333.8 75.1 333.6 75.1 333.4 75.0 333.1
  75.0 332.9 75.0 332.7 75.0 332.5 74.9 332.3 74.9 332.0 74.9 331.8 74.8 331.6
  74.8 331.4 74.7 331.2 74.6 331.0 74.6 330.7 74.5 330.5 74.5 330.2 74.5 329.9
  74.5 329.6 74.5 329.3 74.5 328.9 74.5 328.6 74.6 328.2 74.7 327.8 74.7 327.4
  74.7 327.0 74.7 326.6 74.7 326.2 74.8 325.8 74.8 325.4 74.9 325.0 74.9 324.7
  75.0 324.3 75.1 324.0 75.1 323.7 75.1 323.4 75.2 323.0 75.2 322.7 75.2 322.4
  75.2 322.1 75.2 321.8 75.2 321.5 75.3 321.3 75.3 321.0 75.3 320.7 75.3 320.4
  75.3 320.1 75.3 319.8 75.3 319.6
   7 25 70  0.0
  72.5 321.4 72.3 321.1 72.1 320.7 72.0 320.4 71.8 320.1 71.7 319.8 71.4 319.5
  71.2 319.2 71.0 318.9 70.7 318.6 70.5 318.4 70.2 318.1 70.0 317.8 69.7 317.6
  69.5 317.4 69.3 317.2 69.1 317.0 68.8 316.8 68.6 316.7 68.4 316.6 68.2 316.5
  68.0 316.4 67.8 316.4 67.6 316.3 67.5 316.3 67.3 316.3 67.1 316.3 67.0 316.3
  66.8 316.4 66.7 316.4 66.5 316.4 66.4 316.4 66.2 316.5 66.0 316.5 65.9 316.6
  65.7 316.8 65.6 317.0 65.4 317.2 65.3 317.5 65.1 317.8 65.0 318.1 64.9 318.4
  64.7 318.8 64.6 319.2 64.5 319.6 64.4 320.0 64.4 320.5 64.4 321.0 64.5 321.5
  64.5 322.1 64.5 322.7 64.5 323.3 64.5 324.0 64.7 324.7 64.9 325.5 65.0 326.3
  65.2 327.1 65.4 328.0 65.7 329.0 66.0 329.9 66.2 331.0 66.6 331.7 66.9 332.5
  67.3 333.2 67.7 334.0 68.0 334.9 68.4 335.3 68.8 335.8 69.1 336.3 69.5 336.8
  69.9 337.4 70.3 338.0 70.7 338.1 71.1 338.3 71.5 338.5 71.8 338.6 72.2 338.8
  72.5 338.7 72.9 338.5 73.2 338.3 73.5 338.1 73.7 337.8 74.0 337.5 74.2 337.2
  74.5 336.6 74.7 335.9 74.8 335.2 75.0 334.5 75.1 333.8 75.2 333.1 75.3 332.4
  75.4 331.8 75.4 331.2 75.4 330.6 75.4 330.1 75.4 329.6 75.4 329.1 75.4 328.6
  75.3 328.2 75.3 327.7 75.2 327.3 75.1 326.8 75.0 326.4 74.9 325.9 74.8 325.5
  74.7 325.0 74.6 324.6 74.5 324.1 74.4 323.7 74.2 323.3 74.0 322.9 73.8 322.4
  73.6 321.9 73.5 321.5 73.3 321.2 73.2 320.9 73.0 320.7 72.9 320.5 72.8 320.4
  72.6 320.4 72.5 320.4 72.4 320.5 72.3 320.5 72.2 320.6 72.2 320.6 72.1 320.6
  72.1 320.6 72.2 320.6 72.2 320.6 72.3 320.6 72.4 320.5 72.5 320.5 72.7 320.5
  72.9 320.4 73.0 320.3 73.2 320.2 73.4 320.1 73.6 319.9 73.7 319.7 73.8 319.5
  74.0 319.3 74.1 319.0 74.2 318.7 74.4 318.3 74.5 317.8 74.6 317.3 74.8 316.8
  74.8 316.4 74.9 316.0 74.9 315.6 74.9 315.3 74.9 315.0 74.8 314.7 74.8 314.5
  74.7 314.3 74.6 314.2 74.4 314.1 74.3 314.1 74.1 314.0 74.0 314.1 73.9 314.2
  73.8 314.4 73.7 314.7 73.6 314.9 73.5 315.3 73.4 315.6 73.4 316.0 73.4 316.4
  73.4 316.9 73.4 317.4 73.4 318.0 73.4 318.5 73.5 319.0 73.5 319.5 73.5 320.0
  73.5 320.6 73.6 321.1 73.6 321.7 73.7 322.3 73.7 322.9 73.8 323.5 73.8 324.2
  73.9 324.9 74.0 325.7 74.2 326.3 74.3 327.0 74.4 327.7 74.4 328.4 74.5 329.3
  74.6 330.2 74.7 331.1 74.7 332.1 74.7 333.2 74.8 334.3 74.8 335.3 74.8 336.2
  74.8 337.0 74.8 337.7 74.7 338.3 74.7 338.8 74.6 339.2 74.5 339.4 74.5 339.6
  74.3 339.7 74.2 339.7 74.1 339.6 74.0 339.5 73.8 339.6 73.7 339.7 73.6 339.7
  73.5 339.7 73.4 339.7 73.3 339.5 73.2 339.4 73.1 339.2 73.0 339.0 73.0 338.7
  72.9 338.4 72.8 338.1 72.7 337.9 72.7 337.6 72.6 337.4 72.6 337.1 72.6 336.9
  72.6 336.7 72.6 336.5 72.6 336.3 72.6 336.0 72.7 335.8 72.6 335.6 72.6 335.3
  72.6 335.1 72.6 334.8 72.6 334.5 72.7 334.1 72.7 333.7 72.8 333.3 72.8 332.9
  72.9 332.5 73.0 332.0 73.1 331.6
   7 26 70  0.0
  72.5 321.4 72.2 321.3 72.0 321.2 71.7 321.1 71.5 320.9 71.3 320.8 71.1 320.6
  70.8 320.5 70.6 320.3 70.4 320.1 70.2 319.9 69.9 319.7 69.7 319.4 69.4 319.1
  69.2 318.7 69.0 318.4 68.7 318.1 68.5 317.8 68.2 317.5 68.0 317.3 67.8 316.9
  67.5 316.5 67.3 316.2 67.2 315.9 66.9 315.5 66.7 315.2 66.4 314.9 66.2 314.6
  65.9 314.3 65.7 314.0 65.5 313.8 65.3 313.6 65.1 313.3 64.9 313.1 64.6 312.9
  64.4 312.7 64.2 312.5 64.0 312.3 63.9 312.1 63.7 312.0 63.5 311.9 63.4 311.8
  63.2 311.7 63.1 311.6 62.9 311.5 62.8 311.4 62.7 311.4 62.6 311.3 62.5 311.3
  62.4 311.3 62.3 311.3 62.3 311.3 62.2 311.3 62.1 311.4 62.0 311.4 61.9 311.6
  61.8 311.9 61.7 312.1 61.6 312.4 61.5 312.6 61.4 312.8 61.3 313.1 61.2 313.3
  61.1 313.5 61.0 313.8 60.9 314.0 60.8 314.3 60.7 314.6 60.6 314.9 60.5 315.2
  60.4 315.5 60.4 315.8 60.3 316.1 60.3 316.5 60.4 316.9 60.4 317.3 60.5 317.7
  60.5 318.1 60.5 318.5 60.6 319.0 60.6 319.5 60.6 320.0 60.7 320.5 60.8 321.1
  60.9 321.7 61.0 322.3 61.1 322.9 61.2 323.6 61.3 324.2 61.4 324.9 61.6 325.5
  61.8 326.2 62.0 326.8 62.2 327.7 62.4 328.5 62.6 329.3 62.9 330.2 63.1 331.1
  63.4 331.9 63.6 332.8 63.9 333.6 64.2 334.5 64.5 335.4 64.8 336.3 65.2 337.2
  65.7 338.1 66.1 339.0 66.5 339.8 67.0 340.7 67.5 341.5 68.0 342.4 68.5 343.2
  69.0 344.0 69.5 344.9 69.9 345.8 70.3 346.8 70.6 347.5 71.0 348.2 71.2 349.1
  71.5 350.0 71.7 350.9 71.9 352.0 72.1 353.0 72.2 353.6 72.4 354.3 72.6 354.9
  72.7 355.5 72.9 356.1 73.0 356.7 73.2 357.3 73.3 357.9 73.4 358.4 73.6 358.9
  73.8 359.4 74.0 359.9 74.1   0.3 74.3   0.3 74.5   0.2 74.7   0.2 74.9   0.2
  75.1   0.1 75.3   0.1 75.5   0.1 75.7   0.1 75.9   0.1 76.1   0.1 76.4   0.1
  76.6 360.0 76.9 359.7 77.2 359.5 77.4 359.3 77.7 359.2 78.0 359.0 78.2 358.9
  78.6 358.7 78.9 358.5 79.2 358.4 79.5 358.3 79.8 358.1 80.1 358.0 80.4 358.0
  80.7 358.1 81.0 358.1 81.2 358.3 81.5 358.4 81.7 358.7 81.9 358.9 82.0 359.3
  82.2   0.1 82.4   0.2 82.5   0.4 82.7   0.5 82.9   0.6 83.1   0.7 83.3   0.8
  83.5   0.9 83.7   1.1 83.9   1.2 84.1   1.3 84.4   1.5 84.6   1.7 84.9   1.9
  85.2   2.1 85.4   2.4 85.7   2.6 85.9   2.8 86.1   3.0 86.4   3.3 86.7   3.6
  87.0   3.8 87.2   4.0 87.4   4.3 87.6   4.5 87.7   4.8 87.9   5.0 88.0   5.3
  88.2   5.5 88.4   5.7 88.5   6.0 88.6   6.2 88.7   6.5 88.8   6.8 88.8   7.0
  88.9   7.3 88.9   7.6 88.9   7.8 88.9   8.1 88.9   8.4 88.9   8.6 88.9   8.9
  88.9   9.2 88.9   9.4 88.9   9.7 88.9   9.9 88.9  10.2 88.9  10.5 89.0  10.7
  89.0  11.0 89.0  11.2 89.0  11.4 89.1  11.7 89.1  11.9 89.1  12.2 89.1  12.4
  89.2  12.7 89.2  12.9 89.2  13.1 89.2  13.4 89.3  13.6 89.3  13.8 89.3  14.0
  89.4  14.3 89.4  14.5 89.5  14.8 89.5  15.0 89.6  15.2 89.6  15.5 89.6  15.7
  89.7  16.0 89.7  16.3 89.8  16.5
   7 27 70  0.0
  72.5 321.4 72.4 321.5 72.2 321.5 72.0 321.5 71.9 321.5 71.7 321.4 71.5 321.2
  71.4 321.1 71.2 320.9 70.9 320.7 70.7 320.5 70.5 320.3 70.2 320.1 70.0 319.9
  69.7 319.5 69.5 319.2 69.3 318.9 69.0 318.6 68.7 318.3 68.5 318.1 68.2 317.8
  67.9 317.6 67.6 317.2 67.3 316.8 67.0 316.4 66.7 316.0 66.4 315.6 66.1 315.2
  65.8 314.8 65.6 314.3 65.3 313.7 65.1 313.0 64.8 312.4 64.6 311.8 64.4 311.1
  64.2 310.4 64.0 309.7 63.8 308.9 63.6 308.0 63.4 307.2 63.3 306.4 63.2 305.6
  63.0 304.8 62.9 303.9 62.8 303.1 62.7 302.3 62.6 301.5 62.6 300.7 62.5 299.9
  62.5 299.1 62.4 298.2 62.4 297.3 62.3 296.4 62.2 295.5 62.2 294.6 62.1 293.7
  62.1 292.9 62.0 292.0 62.0 291.2 61.9 290.2 61.9 289.2 61.9 288.3 61.9 287.3
  61.9 286.3 61.9 285.3 61.9 284.3 61.9 283.3 61.9 282.3 61.9 281.3 61.9 280.3
  61.8 279.4 61.8 278.6 61.7 277.7 61.6 276.9 61.6 276.2 61.5 275.4 61.4 274.7
  61.4 274.0 61.3 273.3 61.2 272.6 61.1 272.0 61.1 271.3 61.0 270.6 61.0 269.9
  61.0 269.3 61.0 268.6 60.9 267.9 60.9 267.3 60.8 266.8 60.7 266.2 60.5 265.7
  60.4 265.2 60.2 264.8 60.0 264.4 59.9 263.9 59.7 263.2 59.6 262.4 59.4 261.7
  59.3 261.0 59.1 260.3 58.9 259.7 58.7 259.1 58.6 258.6 58.4 258.0 58.2 257.6
  58.0 257.1 57.9 256.7 57.7 256.1 57.5 255.5 57.4 254.9 57.2 254.4 57.1 253.8
  57.0 253.3 56.8 252.8 56.6 252.3 56.4 251.9 56.3 251.5 56.2 251.2 56.0 250.8
  55.8 250.5 55.7 250.2 55.5 250.0 55.3 249.8 55.1 249.5 55.0 249.2 54.8 248.9
  54.6 248.7 54.3 248.3 54.1 248.0 53.9 247.7 53.8 247.4 53.7 247.0 53.5 246.7
  53.4 246.3 53.2 246.0 53.1 245.6 52.9 245.2 52.7 244.8 52.5 244.4 52.3 243.9
  52.2 243.5 52.1 243.0 52.0 242.5 51.9 242.0 51.7 241.6 51.6 241.1 51.4 240.7
  51.3 240.3 51.1 239.8 51.0 239.4 50.9 239.0 50.8 238.6 50.7 238.2 50.5 237.9
  50.4 237.5 50.3 237.1 50.1 236.7 50.0 236.4 49.9 236.1 49.7 235.9 49.6 235.6
  49.5 235.4 49.3 235.1 49.2 234.8 49.0 234.5 48.9 234.2 48.7 233.9 48.6 233.5
  48.4 233.2 48.2 232.8 48.1 232.4 47.9 232.0 47.7 231.6 47.5 231.3 47.3 230.8
  47.2 230.4 47.0 229.9 46.8 229.4 46.6 228.8 46.4 228.2 46.2 227.5 45.8 226.8
  45.5 226.3 45.1 225.8 44.7 225.4 44.4 225.0 44.0 224.6 43.6 224.1 43.3 223.9
  43.0 223.7 42.6 223.5 42.3 223.3 42.0 223.1 41.7 222.9 41.4 222.7 41.1 222.4
  40.8 222.2 40.6 221.9 40.3 221.6 40.1 221.2 39.9 220.8 39.7 220.4 39.5 219.9
  39.4 219.4 39.4 218.8 39.4 218.3 39.3 217.8 39.3 217.3 39.3 216.8 39.2 216.2
  39.2 215.7 39.3 215.2 39.4 214.7 39.5 214.2 39.5 213.7 39.6 213.2 39.7 212.7
  39.7 212.1 39.8 211.6 39.9 211.0 40.1 210.4 40.3 209.7 40.5 209.0 40.7 208.3
  40.9 207.6 41.2 206.9 41.5 206.2 41.8 205.5 42.1 204.9 42.5 204.1 42.8 203.3
  43.1 202.6 43.3 201.8 43.6 201.0 43.9 200.3 44.1 199.5 44.3 198.8 44.5 198.0
  44.7 197.3 44.9 196.6 45.1 195.8
   7 28 70  0.0
  72.5 321.4 72.3 321.7 72.1 321.9 72.0 322.1 71.8 322.3 71.7 322.5 71.5 322.7
  71.4 322.8 71.3 322.9 71.1 322.9 71.0 322.9 70.9 322.8 70.8 322.8 70.6 322.6
  70.5 322.5 70.4 322.4 70.2 322.4 70.1 322.3 69.9 322.2 69.8 322.2 69.7 322.3
  69.5 322.2 69.4 322.2 69.3 322.1 69.1 322.0 69.0 321.9 68.8 321.7 68.6 321.5
  68.5 321.3 68.3 321.1 68.0 320.9 67.8 320.6 67.6 320.2 67.3 319.9 67.1 319.5
  66.9 319.0 66.7 318.6 66.4 318.2 66.1 317.8 65.8 317.4 65.5 316.9 65.2 316.5
  64.9 316.0 64.8 315.5 64.6 314.9 64.4 314.4 64.2 313.9 64.0 313.3 63.8 312.6
  63.6 311.9 63.5 311.1 63.4 310.3 63.3 309.5 63.2 308.6 63.1 307.8 63.0 306.9
  62.9 305.9 62.9 305.0 62.8 304.0 62.7 302.9 62.7 301.9 62.6 300.8 62.6 299.8
  62.5 298.8 62.5 297.7 62.5 296.7 62.5 295.7 62.5 294.6 62.5 293.6 62.5 292.6
  62.5 291.5 62.6 290.5 62.6 289.5 62.6 288.5 62.6 287.5 62.6 286.5 62.6 285.6
  62.6 284.7 62.6 283.9 62.6 283.1 62.6 282.4 62.7 281.6 62.7 280.9 62.7 280.2
  62.7 279.6 62.6 278.9 62.6 278.2 62.5 277.6 62.4 276.9 62.4 276.3 62.3 275.7
  62.2 275.1 62.2 274.5 62.1 274.0 62.0 273.4 62.0 272.9 61.9 272.3 61.8 271.8
  61.7 271.2 61.6 270.7 61.6 270.1 61.5 269.5 61.4 269.0 61.4 268.4 61.3 267.8
  61.2 267.3 61.1 266.7 61.1 266.2 61.0 265.6 61.0 265.1 60.9 264.6 60.8 264.1
  60.7 263.6 60.5 263.2 60.4 262.8 60.2 262.4 60.1 262.0 59.9 261.6 59.8 261.0
  59.6 260.3 59.5 259.6 59.3 258.9 59.2 258.3 59.0 257.7 58.9 257.1 58.7 256.5
  58.6 256.0 58.4 255.5 58.3 255.1 58.1 254.6 58.0 254.2 57.9 253.8 57.7 253.1
  57.6 252.5 57.5 251.9 57.4 251.3 57.3 250.7 57.1 250.2 57.0 249.6 56.8 249.1
  56.7 248.6 56.5 248.1 56.3 247.6 56.3 247.1 56.2 246.7 56.1 246.2 56.0 245.7
  55.9 245.2 55.8 244.7 55.7 244.2 55.5 243.7 55.5 243.2 55.5 242.6 55.4 242.1
  55.3 241.4 55.2 240.8 55.1 240.1 55.0 239.4 55.0 238.7 55.0 238.0 55.0 237.3
  55.0 236.6 55.0 235.9 55.1 235.2 55.2 234.5 55.3 233.9 55.4 233.2 55.5 232.6
  55.5 232.0 55.6 231.5 55.7 230.9 55.8 230.3 55.9 229.7 56.0 229.1 56.0 228.5
  56.1 227.8 56.2 227.2 56.4 226.6 56.5 226.0 56.6 225.5 56.7 225.0 56.8 224.5
  56.9 224.0 57.0 223.6 57.2 223.2 57.3 222.8 57.4 222.4 57.5 222.1 57.6 221.8
  57.7 221.4 57.8 221.1 57.8 220.8 57.9 220.5 57.9 220.2 57.9 219.9 58.0 219.6
  58.1 219.4 58.2 219.3 58.3 219.3 58.4 219.3 58.5 219.3 58.6 219.4 58.7 219.5
  58.8 219.6 58.9 219.7 58.9 219.9 59.0 220.1 58.9 220.3 58.8 220.5 58.6 220.7
  58.5 220.9 58.3 221.2 58.1 221.4 57.9 221.6 57.7 221.8 57.5 222.0 57.3 222.2
  57.0 222.4 56.7 222.6 56.4 222.7 56.1 222.9 55.8 223.1 55.4 223.2 55.1 223.2
  54.7 223.2 54.3 223.3 53.9 223.4 53.4 223.2 53.0 223.0 52.6 222.9 52.1 222.7
  51.7 222.5 51.3 222.1 50.9 221.7 50.4 221.3 50.0 220.8 49.6 220.3 49.2 219.8
  49.1 219.2 48.9 218.5 48.8 217.9
   7 29 70  0.0
  72.5 321.4 72.5 321.4 72.5 321.5 72.5 321.5 72.4 321.5 72.4 321.5 72.3 321.5
  72.2 321.4 72.1 321.4 71.9 321.3 71.8 321.4 71.6 321.4 71.4 321.4 71.1 321.5
  70.9 321.5 70.7 321.6 70.4 321.7 70.2 321.8 69.9 321.9 69.7 322.2 69.5 322.6
  69.3 322.9 69.1 323.3 68.9 323.6 68.7 324.0 68.5 324.4 68.2 324.7 68.0 325.1
  67.7 325.4 67.5 325.8 67.2 326.2 67.0 326.6 66.8 327.0 66.6 327.3 66.4 327.7
  66.1 328.0 65.9 328.4 65.6 328.6 65.4 328.8 65.2 328.9 64.9 329.0 64.7 329.1
  64.5 329.2 64.2 329.2 64.0 329.2 63.8 329.1 63.6 329.1 63.5 329.0 63.3 328.8
  63.1 328.7 63.0 328.6 62.9 328.5 62.7 328.4 62.6 328.3 62.5 328.2 62.4 328.2
  62.3 328.1 62.2 328.0 62.2 327.9 62.0 327.9 61.9 327.8 61.8 328.2 61.8 328.5
  61.7 328.9 61.7 329.3 61.7 329.6 61.7 330.0 61.7 330.3 61.7 330.7 61.7 331.0
  61.8 331.4 61.8 331.7 61.8 332.1 61.9 332.4 62.0 332.8 62.2 332.8 62.3 332.9
  62.4 333.0 62.6 333.1 62.7 333.3 62.8 333.4 63.0 333.5 63.1 333.7 63.2 333.9
  63.4 334.0 63.5 334.2 63.7 334.4 63.8 334.7 63.9 334.9 64.1 335.2 64.2 335.3
  64.4 335.5 64.5 335.6 64.7 335.9 64.8 336.1 65.0 336.4 65.2 336.7 65.3 337.1
  65.5 337.5 65.7 337.9 65.9 338.4 66.1 338.9 66.4 339.2 66.6 339.6 66.9 340.0
  67.2 340.4 67.5 340.9 67.8 341.3 68.1 341.8 68.4 342.2 68.8 342.5 69.1 342.8
  69.5 343.2 69.8 343.6 70.1 344.0 70.5 344.2 70.9 344.4 71.4 344.6 71.8 344.8
  72.2 345.0 72.7 345.1 73.1 345.2 73.6 345.4 74.0 345.6 74.5 345.6 75.0 345.7
  75.4 345.7 75.8 345.8 76.2 345.8 76.6 345.7 77.0 345.5 77.3 345.3 77.7 345.0
  78.0 344.7 78.4 344.2 78.7 343.7 79.0 343.1 79.3 342.5 79.5 341.8 79.7 341.1
  79.9 340.4 80.1 339.6 80.3 338.6 80.4 337.6 80.6 336.5 80.7 335.5 80.8 334.4
  81.0 333.3 81.1 332.2 81.2 331.0 81.3 329.7 81.5 328.3 81.6 326.9 81.6 325.4
  81.7 323.8 81.7 322.1 81.7 320.5 81.7 318.8 81.6 317.3 81.6 316.0 81.5 314.7
  81.4 313.6 81.4 312.6 81.3 311.6 81.2 310.8 81.1 310.0 81.1 309.3 81.0 308.7
  81.0 308.1 81.0 307.6 80.9 307.2 80.8 306.9 80.7 306.7 80.6 306.5 80.4 306.5
  80.3 306.6 80.1 306.7 80.0 306.9 79.8 306.8 79.7 306.8 79.5 306.8 79.3 306.8
  79.1 306.8 78.9 307.0 78.7 307.1 78.4 307.3 78.2 307.5 77.9 307.7 77.6 307.9
  77.4 308.0 77.1 308.3 76.8 308.5 76.5 308.8 76.2 309.2 75.9 309.5 75.6 309.6
  75.2 309.7 74.9 309.8 74.5 309.9 74.1 310.0 73.7 310.1 73.3 309.9 72.8 309.8
  72.4 309.7 71.9 309.6 71.4 309.2 70.9 309.0 70.4 308.8 69.9 308.7 69.4 308.3
  68.9 308.1 68.5 307.8 67.9 307.6 67.4 307.1 66.9 306.6 66.4 306.1 65.9 305.7
  65.4 304.8 64.9 304.1 64.3 303.4 63.8 302.8 63.3 302.1 62.7 301.6 62.2 301.0
  61.6 300.5 61.1 300.0 60.6 299.5 60.1 298.9 59.6 298.4 59.1 297.8 58.6 297.2
  58.1 296.5 57.6 295.9 57.3 295.3 56.9 294.7 56.6 294.1 56.3 293.4 56.0 292.7
  55.7 292.1 55.3 291.5 55.2 290.8
   7 30 70  0.0
  72.5 321.4 72.6 321.1 72.6 320.8 72.7 320.5 72.7 320.2 72.8 319.9 72.8 319.7
  72.7 319.5 72.7 319.2 72.7 319.0 72.6 318.9 72.6 318.7 72.5 318.6 72.4 318.4
  72.4 318.3 72.3 318.2 72.2 318.2 72.2 318.1 72.1 318.1 72.1 318.0 72.0 318.0
  72.0 318.0 72.0 318.1 71.9 318.1 71.9 318.2 71.9 318.3 71.9 318.5 71.9 318.6
  71.8 318.7 71.7 318.8 71.7 318.9 71.5 319.0 71.4 319.1 71.2 319.2 71.1 319.3
  70.9 319.4 70.6 319.5 70.4 319.6 70.1 319.7 69.9 319.9 69.6 320.1 69.4 320.4
  69.2 320.7 69.0 321.0 68.8 321.3 68.6 321.6 68.4 322.0 68.2 322.3 68.0 322.7
  67.8 323.0 67.7 323.4 67.5 323.8 67.4 324.2 67.2 324.6 66.9 325.0 66.7 325.4
  66.5 325.7 66.2 326.1 66.0 326.5 65.8 326.8 65.6 327.1 65.4 327.3 65.2 327.5
  65.0 327.6 64.8 327.8 64.6 327.8 64.3 327.9 64.1 327.9 63.9 327.9 63.7 327.8
  63.6 327.6 63.4 327.5 63.2 327.3 63.1 327.2 62.9 327.0 62.8 326.9 62.6 326.7
  62.5 326.6 62.4 326.4 62.2 326.3 62.1 326.1 62.0 326.0 61.9 326.1 61.8 326.3
  61.6 326.5 61.5 326.7 61.5 327.0 61.4 327.3 61.3 327.5 61.2 327.8 61.2 328.1
  61.2 328.4 61.2 328.7 61.3 328.9 61.3 329.2 61.3 329.5 61.4 329.8 61.4 330.0
  61.5 330.3 61.5 330.6 61.6 330.9 61.7 331.2 61.7 331.5 61.8 331.9 61.9 332.2
  62.1 332.6 62.2 332.7 62.4 332.9 62.6 333.0 62.7 333.2 62.9 333.3 63.1 333.5
  63.2 333.7 63.4 334.0 63.5 334.2 63.7 334.5 63.8 334.8 64.0 335.1 64.1 335.5
  64.3 335.8 64.5 336.1 64.7 336.4 64.9 336.8 65.1 337.2 65.3 337.7 65.5 338.1
  65.7 338.6 65.9 339.2 66.2 339.7 66.5 340.1 66.8 340.6 67.1 341.0 67.4 341.5
  67.7 342.0 68.0 342.5 68.4 342.8 68.7 343.2 69.1 343.6 69.4 343.9 69.8 344.3
  70.1 344.7 70.6 344.9 71.0 345.1 71.4 345.4 71.9 345.6 72.3 345.9 72.8 346.0
  73.2 346.2 73.7 346.4 74.1 346.7 74.6 346.8 75.0 346.9 75.4 347.0 75.8 347.1
  76.2 347.2 76.6 347.0 76.9 346.8 77.3 346.6 77.6 346.4 77.9 346.1 78.2 345.8
  78.5 345.3 78.8 344.7 79.1 344.1 79.3 343.4 79.5 342.8 79.7 342.0 79.8 341.3
  80.0 340.5 80.1 339.7 80.2 338.7 80.4 337.6 80.5 336.5 80.7 335.4 80.9 334.2
  81.0 333.0 81.2 331.6 81.3 330.2 81.5 328.7 81.6 327.1 81.6 325.4 81.7 323.6
  81.7 321.9 81.7 320.3 81.7 318.8 81.7 317.4 81.7 316.1 81.7 315.0 81.7 313.9
  81.7 312.9 81.7 312.0 81.7 311.1 81.7 310.4 81.7 309.7 81.7 309.1 81.7 308.7
  81.7 308.3 81.7 308.1 81.7 308.0 81.7 307.9 81.6 308.0 81.5 308.1 81.5 308.3
  81.4 308.6 81.4 308.9 81.3 309.3 81.2 309.7 81.1 310.1 81.0 310.4 81.0 310.8
  80.9 311.1 80.8 311.4 80.7 311.8 80.6 312.1 80.5 312.4 80.5 312.6 80.4 312.9
  80.3 313.2 80.2 313.5 80.2 313.7 80.1 314.0 80.0 314.3 79.9 314.6 79.8 314.9
  79.8 315.2 79.7 315.5 79.6 315.8 79.5 316.2 79.5 316.5 79.4 316.9 79.3 317.2
  79.3 317.4 79.2 317.6 79.2 317.8 79.2 318.0 79.1 318.1 79.1 318.2 79.1 318.3
  79.1 318.4 79.1 318.5 79.1 318.5
   7 31 70  0.0
  72.5 321.4 72.5 321.0 72.5 320.6 72.5 320.2 72.6 319.9 72.6 319.5 72.6 319.2
  72.6 318.9 72.6 318.6 72.7 318.3 72.7 318.1 72.8 317.9 72.8 317.7 72.9 317.5
  73.0 317.3 73.0 317.1 73.1 316.9 73.2 316.7 73.2 316.5 73.3 316.3 73.4 316.1
  73.4 315.8 73.5 315.6 73.5 315.4 73.6 315.2 73.6 314.9 73.7 314.7 73.7 314.5
  73.7 314.4 73.8 314.2 73.8 314.1 73.8 314.0 73.8 313.9 73.8 313.8 73.8 313.8
  73.8 313.8 73.8 313.8 73.7 313.8 73.7 313.8 73.7 313.8 73.7 313.9 73.7 313.9
  73.7 313.9 73.7 314.0 73.6 314.1 73.6 314.1 73.6 314.2 73.7 314.3 73.7 314.3
  73.7 314.4 73.7 314.5 73.7 314.6 73.6 314.7 73.6 314.8 73.5 314.9 73.5 315.0
  73.4 315.1 73.3 315.2 73.2 315.4 73.1 315.5 73.0 315.6 72.8 315.7 72.7 315.9
  72.5 316.0 72.4 316.2 72.2 316.4 72.0 316.6 71.8 316.8 71.7 317.1 71.5 317.4
  71.4 317.7 71.2 318.0 71.1 318.3 71.0 318.6 70.9 318.9 70.8 319.2 70.7 319.4
  70.6 319.7 70.6 319.9 70.5 320.0 70.3 320.1 70.2 320.2 70.0 320.3 69.8 320.3
  69.7 320.6 69.6 320.8 69.4 321.0 69.3 321.2 69.2 321.4 69.0 321.5 68.9 321.6
  68.7 321.6 68.6 321.6 68.5 321.6 68.3 321.6 68.2 321.5 68.0 321.4 67.9 321.2
  67.7 321.0 67.5 320.8 67.4 320.5 67.2 320.2 67.0 319.9 66.8 319.5 66.6 319.2
  66.4 318.8 66.2 318.4 66.0 318.1 65.7 317.6 65.4 317.1 65.2 316.7 64.9 316.2
  64.6 315.7 64.5 315.2 64.3 314.7 64.1 314.2 63.9 313.7 63.7 313.0 63.6 312.3
  63.4 311.6 63.3 310.8 63.2 310.0 63.2 309.1 63.1 308.3 63.0 307.4 63.0 306.5
  62.9 305.6 62.9 304.6 62.8 303.6 62.8 302.6 62.8 301.5 62.7 300.5 62.7 299.4
  62.6 298.4 62.6 297.3 62.6 296.2 62.6 295.2 62.6 294.1 62.6 293.1 62.7 292.1
  62.7 291.1 62.7 290.1 62.7 289.0 62.8 288.0 62.8 287.0 62.8 286.0 62.8 285.1
  62.8 284.2 62.8 283.4 62.9 282.6 62.9 281.8 62.9 281.1 62.9 280.3 62.9 279.7
  62.9 279.0 62.8 278.3 62.8 277.7 62.7 277.0 62.6 276.4 62.6 275.7 62.5 275.1
  62.4 274.5 62.3 273.9 62.3 273.4 62.2 272.9 62.1 272.3 62.1 271.9 62.0 271.4
  61.9 270.8 61.8 270.3 61.7 269.8 61.6 269.3 61.5 268.8 61.4 268.3 61.3 267.7
  61.2 267.2 61.1 266.7 61.0 266.2 61.0 265.6 60.9 265.1 60.8 264.6 60.8 264.1
  60.7 263.6 60.5 263.2 60.3 262.8 60.2 262.4 60.0 262.0 59.8 261.4 59.7 260.8
  59.5 260.1 59.4 259.5 59.2 258.9 59.1 258.2 58.9 257.5 58.8 256.9 58.6 256.3
  58.5 255.8 58.3 255.3 58.2 254.8 58.1 254.3 58.0 253.8 57.8 253.1 57.7 252.5
  57.6 251.8 57.5 251.1 57.4 250.4 57.3 249.8 57.2 249.1 57.1 248.5 57.0 247.8
  56.9 247.2 56.8 246.6 56.8 246.0 56.7 245.4 56.6 244.8 56.5 244.2 56.4 243.6
  56.4 242.9 56.5 242.3 56.5 241.6 56.4 240.8 56.4 240.1 56.4 239.3 56.5 238.5
  56.5 237.7 56.6 236.9 56.7 236.1 56.7 235.2 57.0 234.4 57.2 233.6 57.5 232.8
  57.7 232.0 58.1 231.2 58.5 230.5 58.9 229.8 59.3 229.1 59.7 228.4 60.0 227.6
  60.4 227.0 60.9 226.4 61.3 225.8
