  10  1 70  0.0
  72.5 321.4 72.9 321.7 73.3 321.9 73.6 322.2 74.0 322.4 74.4 322.6 74.9 322.7
  75.3 322.8 75.7 322.9 76.1 322.9 76.6 323.2 77.0 323.5 77.5 323.7 77.9 324.0
  78.3 324.2 78.7 325.4 79.0 326.7 79.3 328.0 79.5 329.5 79.6 331.0 79.8 332.5
  79.8 334.0 79.8 335.6 79.8 337.0 79.8 338.4 79.7 339.7 79.5 340.9 79.4 342.1
  79.1 343.1 78.9 344.1 78.6 344.9 78.2 345.6 77.7 346.1 77.3 346.6 76.9 347.0
  76.4 347.3 75.9 347.5 75.3 347.7 74.8 347.8 74.3 347.8 73.7 347.7 73.2 347.9
  72.7 347.9 72.2 347.9 71.6 347.9 71.1 347.9 70.6 347.9 70.1 347.8 69.6 347.8
  69.1 347.7 68.5 347.5 68.0 347.4 67.4 347.4 66.8 347.4 66.2 347.4 65.5 347.4
  64.9 347.6 64.2 347.8 63.4 348.1 62.7 348.2 61.9 348.4 61.2 348.4 60.5 348.4
  59.8 348.4 59.1 348.3 58.4 348.2 57.7 348.0 57.1 347.9 56.3 347.7 55.6 347.5
  54.8 347.3 54.1 347.1 53.3 346.8 52.5 346.5 51.8 346.2 51.1 345.8 50.5 345.4
  49.9 344.9 49.3 344.4 48.8 343.8 48.2 343.1 47.5 342.5 46.9 341.7 46.4 340.9
  45.9 340.0 45.2 339.3 44.7 338.5 44.2 337.7 43.7 336.8 43.4 336.1 43.0 335.4
  42.8 334.7 42.5 333.9 42.3 333.1 42.1 332.3 41.9 331.5 41.8 330.8 41.7 330.1
  41.7 329.4 41.6 328.7 41.6 328.0 41.6 327.2 41.6 326.5 41.6 325.8 41.7 325.0
  41.7 324.3 41.8 323.6 41.8 322.8 41.9 322.1 42.0 321.4 42.1 320.6 42.2 319.7
  42.3 318.8 42.5 317.8 42.6 316.9 42.8 315.9 43.0 315.0 43.2 314.0 43.5 313.1
  43.7 312.2 43.9 311.2 44.1 310.3 44.3 309.3 44.4 308.2 44.6 307.3 44.8 306.4
  45.0 305.5 45.2 304.6 45.4 303.8 45.7 303.0 45.9 302.2 46.1 301.3 46.3 300.5
  46.5 299.6 46.7 298.7 46.9 297.8 47.1 297.0 47.3 296.1 47.6 295.2 47.7 294.4
  47.9 293.5 48.1 292.6 48.2 291.8 48.2 291.0 48.2 290.2 48.2 289.4 48.2 288.6
  48.2 287.8 48.1 287.1 47.9 286.4 47.8 285.5 47.7 284.7 47.7 283.9 47.4 283.1
  47.1 282.3 46.9 281.6 46.6 280.8 46.4 280.2 46.1 279.5 45.6 278.9 45.2 278.2
  44.7 277.5 44.3 276.9 43.9 276.2 43.6 275.7 43.1 275.1 42.5 274.6 42.0 274.1
  41.5 273.7 41.0 273.4 40.5 273.1 40.0 272.8 39.5 272.5 39.1 272.2 38.6 271.9
  37.9 271.6 37.3 271.4 36.7 271.1 36.2 270.9 35.6 270.6 35.1 270.4 34.6 270.2
  34.2 269.9 33.7 269.7 33.4 269.5 33.0 269.4 32.7 269.2 32.4 269.1 32.2 268.9
  32.0 268.8 31.8 268.8 31.6 268.8 31.4 268.9 31.2 268.9 31.1 269.0 30.9 269.1
  30.8 269.1 30.7 269.2 30.5 269.3 30.4 269.4 30.3 269.5 30.2 269.6 30.1 269.8
  30.0 269.9 29.9 270.1 29.8 270.3 29.7 270.4 29.6 270.6 29.5 270.8 29.5 271.0
  29.4 271.2 29.3 271.5 29.2 271.7 29.1 271.9 29.1 272.2 29.0 272.4 29.0 272.7
  28.9 272.9 28.9 273.2 28.9 273.4 28.8 273.7 28.8 273.9 28.8 274.1 28.8 274.4
  28.8 274.6 28.7 274.9 28.7 275.1 28.7 275.4 28.7 275.6 28.7 275.9 28.7 276.1
  28.7 276.4 28.8 276.7 28.8 277.0 28.8 277.3 28.9 277.5 28.9 277.8 28.9 278.1
  28.9 278.4 29.0 278.7 29.0 278.9
  10  2 70  0.0
  72.5 321.4 72.7 321.3 72.9 321.2 73.1 321.1 73.3 320.9 73.5 320.8 73.8 320.7
  74.0 320.6 74.2 320.5 74.4 320.4 74.7 320.2 74.9 320.1 75.2 320.0 75.5 319.8
  75.7 319.7 76.0 319.7 76.2 319.6 76.5 319.8 76.8 320.1 77.1 320.3 77.4 320.7
  77.6 321.0 77.9 321.5 78.2 322.0 78.5 322.7 78.8 323.5 79.0 324.4 79.3 325.5
  79.6 326.7 79.8 328.1 80.0 329.7 80.3 332.0 80.5 334.8 80.7 338.0 80.8 341.6
  80.9 345.7 80.8 350.2 80.5 354.8 80.1 358.6 79.6   1.7 79.0   2.1 78.5   2.4
  77.8   2.7 77.3   2.8 76.7   2.9 76.0   3.0 75.4   3.1 74.7   3.1 74.1   3.1
  73.4   3.1 72.7   3.0 72.0   2.9 71.3   2.8 70.5   2.7 69.7   2.5 68.9   2.3
  68.1   2.1 67.2   1.9 66.3   1.6 65.4   1.4 64.4   1.1 63.5   0.9 62.6   0.5
  61.7   0.2 61.0 359.8 60.2 359.0 59.4 358.2 58.7 357.4 58.0 356.6 57.3 355.8
  56.6 355.1 55.8 354.5 55.1 353.9 54.3 353.4 53.5 352.9 52.9 352.3 52.2 351.7
  51.6 351.1 50.9 350.5 50.3 349.9 49.7 349.4 49.0 348.8 48.4 348.3 47.7 347.7
  47.1 347.1 46.5 346.5 45.9 345.9 45.3 345.2 44.8 344.6 44.3 343.8 43.9 343.1
  43.4 342.5 43.0 341.9 42.6 341.3 42.2 340.6 41.8 339.8 41.5 339.2 41.2 338.4
  40.9 337.7 40.6 337.0 40.3 336.2 40.0 335.4 39.9 334.7 39.7 334.0 39.6 333.3
  39.5 332.7 39.3 331.9 39.2 331.2 39.1 330.5 39.0 329.8 38.9 329.0 38.8 328.3
  38.7 327.6 38.6 326.8 38.6 326.1 38.6 325.4 38.6 324.7 38.6 324.0 38.6 323.3
  38.5 322.7 38.5 322.0 38.5 321.3 38.4 320.6 38.4 319.9 38.5 319.2 38.6 318.5
  38.7 317.8 38.8 317.1 38.9 316.5 39.0 315.8 39.2 315.1 39.4 314.5 39.6 313.9
  39.8 313.3 40.0 312.7 40.2 311.9 40.4 311.2 40.6 310.4 40.7 309.7 40.9 309.0
  41.0 308.4 41.2 307.7 41.4 307.0 41.5 306.4 41.7 305.7 41.9 305.1 42.0 304.4
  42.2 303.6 42.4 302.8 42.7 302.0 42.9 301.2 43.1 300.5 43.4 299.7 43.6 298.9
  43.8 298.2 44.0 297.4 44.2 296.7 44.4 295.8 44.5 294.9 44.6 294.0 44.8 293.1
  44.9 292.3 45.1 291.4 45.1 290.6 45.1 289.8 45.1 289.0 45.1 288.2 45.0 287.5
  44.8 286.7 44.6 285.9 44.3 285.1 44.1 284.3 44.0 283.5 43.6 283.0 43.3 282.5
  43.0 282.0 42.7 281.4 42.4 280.9 42.1 280.3 41.9 279.8 41.3 279.5 40.8 279.1
  40.4 278.8 40.0 278.4 39.6 278.2 39.2 278.0 38.9 277.8 38.6 277.5 38.3 277.3
  38.0 277.1 37.8 276.9 37.5 276.8 37.3 276.7 37.1 276.6 36.9 276.5 36.7 276.4
  36.5 276.3 36.3 276.2 36.1 276.1 35.9 276.0 35.8 276.1 35.6 276.1 35.4 276.2
  35.3 276.2 35.1 276.3 35.0 276.4 34.8 276.5 34.7 276.5 34.5 276.6 34.4 276.7
  34.3 276.8 34.1 276.8 34.0 276.9 33.8 277.1 33.7 277.3 33.6 277.4 33.4 277.6
  33.3 277.8 33.2 278.0 33.0 278.2 32.9 278.3 32.8 278.5 32.7 278.7 32.6 278.9
  32.5 279.0 32.4 279.2 32.3 279.4 32.2 279.5 32.1 279.7 32.0 279.9 31.9 280.0
  31.9 280.2 31.9 280.3 31.8 280.5 31.8 280.6 31.8 280.8 31.8 280.9 31.8 281.1
  31.8 281.3 31.7 281.4 31.7 281.6
  10  3 70  0.0
  72.5 321.4 72.7 321.6 72.8 321.8 73.0 322.0 73.2 322.2 73.3 322.3 73.5 322.5
  73.6 322.7 73.7 322.9 73.9 323.1 74.0 323.3 74.1 323.4 74.2 323.6 74.3 323.8
  74.5 324.0 74.6 324.1 74.7 324.3 74.9 324.5 75.1 324.6 75.2 324.7 75.4 324.8
  75.5 324.9 75.7 325.0 75.8 325.1 76.0 325.1 76.1 325.2 76.2 325.4 76.4 325.6
  76.6 325.8 76.7 326.1 76.9 326.3 77.0 326.6 77.2 326.9 77.4 327.3 77.6 327.6
  77.7 328.0 77.9 328.4 78.0 328.8 78.2 329.7 78.4 330.7 78.5 331.7 78.7 332.8
  78.8 334.1 78.9 335.3 79.0 336.7 79.1 338.2 79.1 339.7 79.2 341.3 79.2 343.0
  79.2 344.8 79.2 346.7 79.1 348.6 78.9 350.7 78.7 352.8 78.4 354.9 77.9 356.9
  77.4 357.8 76.9 358.5 76.3 359.3 75.6   0.0 74.9 359.9 74.3 359.5 73.6 359.1
  73.0 358.1 72.4 357.2 71.9 356.4 71.3 355.4 71.0 354.5 70.6 353.7 70.1 353.0
  69.7 352.4 69.3 351.6 69.1 350.9 68.8 350.2 68.5 349.6 68.2 349.1 67.9 348.6
  67.6 348.0 67.3 347.5 67.1 347.0 66.9 346.6 66.7 346.2 66.4 345.8 66.2 345.6
  65.9 345.4 65.7 344.8 65.4 344.2 65.1 343.8 64.9 343.4 64.8 343.0 64.5 342.7
  64.3 342.5 64.0 342.4 63.7 342.3 63.4 342.0 63.1 341.8 62.7 341.7 62.3 341.6
  61.9 341.5 61.6 341.1 61.1 340.8 60.7 340.4 60.3 340.1 59.8 339.8 59.5 339.2
  59.2 338.7 58.9 338.2 58.5 337.8 58.2 337.4 57.8 337.0 57.4 336.4 57.0 335.8
  56.9 335.3 56.8 334.7 56.6 334.2 56.5 333.7 56.3 333.2 56.1 332.8 55.8 332.4
  55.6 331.8 55.8 331.1 55.9 330.5 56.0 329.9 56.1 329.6 56.2 329.2 56.2 328.9
  56.2 328.6 56.2 328.2 56.1 327.9 56.3 327.5 56.5 327.2 56.6 326.8 56.7 326.5
  56.7 326.1 56.8 325.8 56.8 325.5 56.8 325.2 56.8 324.9 56.8 324.7 56.8 324.5
  56.8 324.3 56.8 324.1 56.7 324.0 56.7 324.0 57.0 323.9 57.3 323.9 57.6 323.9
  57.8 323.8 58.1 323.7 58.3 323.9 58.5 324.0 58.7 324.1 58.7 324.2 58.7 324.3
  58.7 324.4 58.8 324.4 58.8 324.5 58.8 324.5 58.9 324.5 59.0 324.6 59.1 324.7
  59.2 324.8 59.4 325.0 59.5 325.2 59.7 325.4 59.9 325.6 60.1 325.9 60.3 326.9
  60.6 328.0 60.8 329.3 61.0 330.6 61.2 331.9 61.3 333.2 61.3 334.5 61.2 335.8
  61.2 337.1 60.8 338.3 60.4 339.5 60.1 340.5 59.4 341.5 58.8 342.2 58.1 343.0
  57.4 343.6 56.7 343.8 56.0 343.9 55.3 343.6 54.5 343.3 53.8 343.0 53.1 342.3
  52.3 341.8 51.5 341.3 50.8 340.7 49.9 340.2 49.1 339.3 48.3 338.5 47.5 337.7
  46.8 336.5 46.1 335.2 45.7 334.0 45.2 332.6 44.8 331.2 44.5 329.8 44.2 328.5
  43.9 327.2 43.6 325.8 43.4 324.5 43.2 323.1 43.1 321.8 43.1 320.4 43.1 319.0
  43.2 317.7 43.2 316.4 43.2 315.1 43.2 313.9 43.2 312.6 43.2 311.4 43.1 310.2
  43.1 309.1 43.0 307.9 43.1 306.8 43.2 305.7 43.2 304.6 43.3 303.6 43.4 302.6
  43.5 301.6 43.6 300.7 43.7 299.8 43.7 298.9 43.7 298.0 43.6 297.2 43.6 296.4
  43.6 295.6 43.6 294.8 43.6 294.1 43.7 293.4 43.7 292.7 43.8 292.0 43.9 291.4
  43.9 290.8 43.9 290.2 43.9 289.6
  10  4 70  0.0
  72.5 321.4 72.4 321.8 72.4 322.2 72.4 322.7 72.3 323.1 72.3 323.6 72.2 324.1
  72.2 324.6 72.3 325.1 72.3 325.6 72.3 326.2 72.3 326.7 72.4 327.3 72.4 327.9
  72.4 328.4 72.6 329.0 72.7 329.5 72.9 329.9 73.0 330.4 73.2 330.8 73.4 331.2
  73.6 331.6 73.8 331.9 74.0 332.3 74.3 333.0 74.6 333.8 74.9 334.5 75.1 335.3
  75.4 336.1 75.6 337.0 75.8 337.9 76.1 338.8 76.3 339.8 76.5 340.9 76.7 342.0
  76.9 343.1 77.0 344.4 77.2 345.7 77.3 347.0 77.4 348.4 77.5 349.7 77.5 351.1
  77.6 352.5 77.5 353.8 77.5 355.1 77.4 356.4 77.3 357.5 77.2 358.6 77.0 359.6
  76.8   0.5 76.5   0.7 76.2   0.9 75.9   1.0 75.6   1.1 75.3   1.3 74.9   1.4
  74.6   1.5 74.2   1.6 73.8   1.6 73.5   1.7 73.1   1.8 72.7   1.9 72.4   2.0
  72.0   2.0 71.6   2.0 71.3   2.1 70.9   2.1 70.5   2.2 70.1   2.2 69.7   2.2
  69.4   2.2 69.0   2.2 68.6   2.3 68.3   2.3 67.9   2.3 67.5   2.2 67.1   2.2
  66.7   2.1 66.3   2.0 65.9   1.9 65.5   1.8 65.1   1.7 64.7   1.6 64.2   1.5
  63.8   1.4 63.3   1.3 62.9   1.1 62.4   0.9 61.9   0.7 61.4   0.4 60.9   0.1
  60.3 359.7 59.9 359.1 59.4 358.2 58.9 357.4 58.4 356.5 57.8 355.7 57.4 354.6
  57.0 353.5 56.7 352.3 56.3 351.1 56.1 349.9 55.9 348.6 55.7 347.2 55.6 345.8
  55.5 344.4 55.3 342.9 55.1 341.3 54.9 339.8 54.7 338.2 54.5 336.6 54.4 335.1
  54.3 333.6 54.3 332.2 54.2 330.7 54.2 329.3 54.2 328.0 54.3 326.6 54.3 325.3
  54.3 323.9 54.3 322.5 54.3 321.1 54.3 319.7 54.1 318.4 53.8 317.0 53.6 315.7
  53.1 314.5 52.7 313.2 52.4 311.9 52.0 310.7 51.6 309.4 51.2 308.2 50.8 306.9
  50.5 305.7 50.1 304.4 49.8 303.2 49.4 302.0 49.1 300.8 48.8 299.6 48.5 298.5
  48.2 297.3 47.9 296.3 47.6 295.2 47.3 294.2 47.1 293.3 46.8 292.4 46.5 291.5
  46.2 290.6 46.0 289.8 45.8 289.0 45.5 288.1 45.2 287.2 45.0 286.4 44.7 285.5
  44.5 284.6 44.2 283.8 43.9 282.9 43.7 282.1 43.4 281.2 43.1 280.4 42.8 279.6
  42.6 278.7 42.4 277.9 42.2 277.1 41.9 276.2 41.6 275.4 41.5 274.6 41.4 273.8
  41.2 273.0 41.1 272.3 40.9 271.6 40.9 270.9 40.9 270.2 40.8 269.6 40.7 269.0
  40.6 268.4 40.4 267.8 40.5 267.3 40.5 266.7 40.6 266.2 40.6 265.6 40.6 265.1
  40.6 264.6 40.6 264.2 40.5 263.7 40.7 263.3 40.9 262.9 41.1 262.5 41.2 262.1
  41.3 261.7 41.4 261.3 41.5 261.0 41.6 260.7 41.7 260.4 41.7 260.1 41.7 259.9
  42.0 259.6 42.2 259.4 42.5 259.1 42.8 258.9 43.0 258.7 43.3 258.5 43.6 258.3
  43.8 258.1 44.1 258.0 44.4 257.7 44.7 257.4 44.9 257.1 45.1 256.8 45.4 256.6
  45.6 256.4 45.8 256.2 45.9 256.0 46.2 255.8 46.4 255.5 46.7 255.3 46.9 255.0
  47.1 254.8 47.3 254.6 47.5 254.4 47.6 254.2 47.8 253.9 47.9 253.7 48.0 253.5
  48.1 253.3 48.2 252.9 48.2 252.5 48.3 252.1 48.3 251.7 48.4 251.3 48.5 250.9
  48.6 250.4 48.7 250.0 48.8 249.5 48.9 249.0 48.9 248.5 49.0 248.0 49.1 247.5
  49.3 247.0 49.5 246.5 49.7 246.0
  10  5 70  0.0
  72.5 321.4 72.7 321.3 72.8 321.3 73.0 321.3 73.1 321.2 73.2 321.2 73.3 321.3
  73.4 321.3 73.5 321.3 73.6 321.4 73.7 321.5 73.7 321.6 73.8 321.7 73.8 321.8
  73.9 322.0 73.9 322.2 73.9 322.4 73.9 322.6 73.9 322.9 73.9 323.2 73.9 323.5
  73.9 323.9 73.8 324.3 73.9 324.7 73.9 325.2 73.9 325.6 73.9 326.1 73.9 326.6
  74.0 327.2 74.0 327.7 74.0 328.3 74.1 328.8 74.3 329.3 74.4 329.8 74.5 330.3
  74.7 330.8 74.8 331.4 74.9 332.0 75.1 332.7 75.3 333.4 75.5 334.1 75.7 334.9
  75.9 335.7 76.1 336.6 76.3 337.4 76.6 338.4 76.8 339.5 77.0 340.8 77.1 342.1
  77.3 343.7 77.4 345.3 77.6 346.9 77.7 348.5 77.8 350.2 77.9 352.0 78.0 353.7
  78.0 355.5 78.1 356.6 78.1 357.8 78.1 359.0 78.1   0.3 78.1   0.5 78.1   0.8
  78.0   1.0 77.9   1.4 77.8   1.7 77.7   1.9 77.6   2.2 77.5   2.5 77.3   2.7
  77.1   2.9 76.9   3.1 76.7   3.3 76.5   3.5 76.2   3.7 75.9   3.8 75.6   3.9
  75.3   4.1 74.9   4.2 74.5   4.3 74.1   4.4 73.7   4.5 73.4   4.5 73.0   4.6
  72.6   4.7 72.2   4.8 71.9   4.9 71.5   4.9 71.1   5.0 70.7   5.0 70.3   5.0
  69.9   5.1 69.6   5.1 69.2   5.1 68.7   5.1 68.3   5.1 67.9   5.1 67.5   5.1
  67.0   5.1 66.6   5.1 66.1   5.0 65.6   4.9 65.2   4.8 64.7   4.7 64.2   4.6
  63.6   4.4 63.1   4.3 62.6   4.1 62.1   4.0 61.6   3.8 61.2   3.6 60.7   3.3
  60.3   3.0 59.8   2.7 59.3   2.3 58.8   2.0 58.3   1.6 57.8   1.2 57.3   0.7
  56.8   0.2 56.3 359.7 55.8 358.8 55.4 357.7 54.9 356.5 54.5 355.3 54.2 354.1
  53.9 352.9 53.6 351.7 53.4 350.6 53.3 349.4 53.1 348.3 52.9 347.1 52.8 345.9
  52.7 344.7 52.6 343.5 52.5 342.2 52.4 340.9 52.4 339.6 52.3 338.2 52.4 336.9
  52.4 335.6 52.4 334.3 52.4 333.1 52.4 331.8 52.3 330.6 52.3 329.4 52.3 328.2
  52.3 327.0 52.4 325.8 52.6 324.5 52.7 323.3 52.7 322.2 52.7 321.0 52.7 319.9
  52.5 318.8 52.3 317.6 52.1 316.5 51.9 315.4 51.6 314.3 51.4 313.1 51.2 312.0
  50.9 310.8 50.6 309.7 50.3 308.5 50.1 307.4 49.7 306.3 49.3 305.1 49.0 304.0
  48.6 302.8 48.2 301.6 47.8 300.4 47.4 299.4 47.1 298.3 46.7 297.3 46.4 296.4
  46.1 295.4 45.8 294.5 45.5 293.6 45.2 292.6 44.9 291.7 44.6 290.8 44.2 289.9
  43.9 288.9 43.6 288.2 43.4 287.4 43.0 286.6 42.7 285.9 42.5 285.1 42.2 284.3
  42.0 283.5 41.6 282.9 41.3 282.3 41.0 281.6 40.7 280.9 40.4 280.2 40.2 279.5
  39.9 278.8 39.6 278.2 39.4 277.7 39.1 277.2 38.9 276.7 38.7 276.2 38.4 275.7
  38.1 275.3 37.8 274.9 37.5 274.7 37.2 274.5 36.9 274.2 36.6 274.0 36.4 273.8
  36.1 273.6 35.9 273.4 35.7 273.4 35.5 273.4 35.4 273.4 35.2 273.4 35.0 273.4
  34.9 273.5 34.7 273.5 34.6 273.6 34.5 273.6 34.3 273.6 34.2 273.6 34.0 273.6
  33.9 273.6 33.8 273.8 33.7 274.0 33.6 274.1 33.4 274.3 33.3 274.4 33.2 274.6
  33.1 274.7 33.0 274.9 32.9 275.0 32.7 275.1 32.6 275.2 32.5 275.4 32.4 275.5
  32.3 275.6 32.1 275.7 32.0 275.8
  10  6 70  0.0
  72.5 321.4 72.4 321.2 72.4 321.0 72.3 320.7 72.3 320.5 72.3 320.3 72.3 320.1
  72.3 319.9 72.2 319.7 72.0 319.5 71.9 319.3 71.8 319.4 71.8 319.6 71.7 319.8
  71.7 319.9 71.6 320.1 71.7 320.3 71.8 320.5 71.9 320.7 72.0 320.9 72.2 320.8
  72.3 320.7 72.4 320.6 72.6 320.5 72.8 320.4 72.9 320.3 73.1 320.3 73.2 320.2
  73.3 320.2 73.4 320.1 73.5 320.1 73.6 320.1 73.7 320.1 73.8 320.2 73.9 320.2
  73.9 320.3 74.0 320.4 74.0 320.5 74.1 320.4 74.1 320.4 74.1 320.4 74.1 320.4
  74.1 320.4 74.1 320.5 74.1 320.6 74.0 320.7 74.0 320.9 74.0 321.1 73.9 321.5
  73.8 322.0 73.8 322.4 73.7 322.9 73.6 323.4 73.6 323.9 73.5 324.4 73.5 325.0
  73.6 325.5 73.6 326.1 73.6 326.7 73.6 327.3 73.6 327.9 73.7 328.5 73.8 329.1
  74.0 329.6 74.1 330.2 74.3 330.8 74.5 331.4 74.7 332.0 74.9 332.7 75.1 333.5
  75.4 334.2 75.6 335.1 75.8 335.9 76.1 336.8 76.3 337.9 76.5 339.1 76.8 340.3
  76.9 341.6 77.1 342.9 77.2 344.2 77.4 345.7 77.5 347.2 77.6 348.7 77.7 350.3
  77.8 351.9 77.9 353.6 77.9 355.3 78.0 356.9 78.0 358.5 77.9 360.0 77.9   1.4
  77.7   1.7 77.6   1.9 77.4   2.2 77.3   2.4 77.1   2.6 76.9   2.8 76.6   3.0
  76.3   3.1 76.0   3.3 75.7   3.4 75.4   3.6 75.1   3.7 74.7   3.8 74.4   3.9
  74.0   3.9 73.6   4.0 73.3   4.1 72.9   4.2 72.5   4.3 72.1   4.4 71.7   4.4
  71.4   4.4 71.0   4.5 70.6   4.5 70.2   4.5 69.8   4.6 69.4   4.6 69.0   4.6
  68.5   4.6 68.1   4.6 67.7   4.7 67.2   4.6 66.8   4.6 66.3   4.6 65.8   4.5
  65.4   4.4 64.9   4.3 64.4   4.1 63.9   4.0 63.4   3.9 62.9   3.7 62.5   3.5
  62.1   3.4 61.6   3.2 61.2   3.0 60.7   2.7 60.2   2.4 59.7   2.1 59.2   1.7
  58.7   1.3 58.2   0.9 57.6   0.5 57.1 360.0 56.6 359.1 56.1 358.1 55.7 357.1
  55.2 356.0 54.9 354.8 54.5 353.5 54.2 352.3 53.9 351.1 53.7 349.9 53.6 348.7
  53.4 347.5 53.3 346.3 53.2 345.1 53.1 343.8 52.9 342.5 52.8 341.2 52.7 339.8
  52.7 338.4 52.6 337.1 52.6 335.7 52.6 334.4 52.6 333.1 52.6 331.8 52.6 330.6
  52.5 329.3 52.5 328.0 52.5 326.8 52.6 325.5 52.7 324.3 52.8 323.0 52.8 321.8
  52.8 320.6 52.8 319.4 52.6 318.2 52.3 317.1 52.1 315.9 51.8 314.8 51.5 313.6
  51.2 312.4 51.0 311.2 50.7 310.0 50.4 308.9 50.1 307.7 49.8 306.5 49.4 305.4
  49.1 304.2 48.7 303.0 48.3 301.9 47.9 300.7 47.5 299.5 47.1 298.4 46.8 297.3
  46.4 296.3 46.1 295.3 45.8 294.3 45.4 293.4 45.1 292.5 44.8 291.5 44.5 290.6
  44.2 289.7 43.8 288.7 43.5 287.9 43.2 287.1 42.9 286.3 42.6 285.5 42.3 284.7
  42.0 283.9 41.7 283.2 41.3 282.5 41.0 281.8 40.7 281.1 40.5 280.4 40.2 279.6
  39.9 278.9 39.5 278.3 39.3 277.7 39.0 277.1 38.7 276.5 38.5 275.9 38.2 275.4
  37.9 274.9 37.6 274.5 37.3 274.2 37.0 274.0 36.7 273.7 36.4 273.4 36.1 273.2
  35.9 272.9 35.6 272.9 35.4 272.8 35.2 272.7 35.0 272.7 34.8 272.7 34.7 272.7
  34.5 272.6 34.4 272.7 34.2 272.7
  10  7 70  0.0
  72.5 321.4 72.3 321.1 72.1 320.9 71.9 320.6 71.8 320.2 71.6 319.8 71.3 319.5
  71.0 319.1 70.7 318.7 70.3 318.4 69.9 318.0 69.5 317.5 69.1 317.1 68.7 316.6
  68.3 316.2 67.9 315.8 67.4 315.3 66.9 314.8 66.4 314.3 65.9 313.8 65.5 313.3
  65.1 312.7 64.7 312.2 64.2 311.8 63.7 311.3 63.3 310.8 62.8 310.3 62.4 309.7
  61.9 309.2 61.5 308.6 61.0 308.1 60.6 307.5 60.0 307.0 59.4 306.5 58.9 306.0
  58.3 305.6 57.7 305.1 57.1 304.8 56.5 304.4 55.8 304.1 55.2 303.7 54.5 303.3
  53.8 302.9 53.1 302.5 52.3 302.1 51.6 301.7 50.9 301.4 50.1 301.1 49.4 300.8
  48.8 300.6 48.1 300.3 47.5 300.0 46.8 299.7 46.1 299.4 45.4 299.1 44.7 298.8
  44.1 298.5 43.5 298.1 42.9 297.7 42.4 297.3 41.9 296.9 41.5 296.5 41.1 296.0
  40.8 295.6 40.4 295.1 40.0 294.6 39.6 294.2 39.3 293.8 39.0 293.4 38.7 292.9
  38.4 292.4 38.2 291.8 37.8 291.3 37.5 290.9 37.2 290.4 36.9 290.0 36.7 289.6
  36.4 289.2 36.2 288.7 35.9 288.2 35.7 287.9 35.6 287.6 35.5 287.3 35.3 287.0
  35.2 286.7 35.1 286.4 35.0 286.1 34.9 285.7 34.8 285.4 34.7 285.1 34.6 284.8
  34.5 284.4 34.5 284.1 34.4 283.8 34.3 283.5 34.3 283.1 34.2 282.8 34.2 282.5
  34.1 282.2 34.1 281.8 34.0 281.5 34.0 281.2 33.9 280.9 33.9 280.7 33.8 280.4
  33.7 280.2 33.7 279.9 33.7 279.6 33.7 279.3 33.6 279.1 33.6 278.8 33.6 278.5
  33.6 278.3 33.6 278.1 33.6 277.9 33.6 277.7 33.7 277.5 33.7 277.4 33.8 277.2
  33.8 277.1 33.9 277.0 33.9 276.9 34.0 276.8 34.1 276.7 34.2 276.5 34.3 276.3
  34.4 276.1 34.5 275.9 34.7 275.8 34.8 275.6 34.9 275.4 35.1 275.2 35.2 275.0
  35.4 274.9 35.6 274.7 35.8 274.5 36.0 274.3 36.2 274.2 36.5 273.9 36.7 273.6
  37.0 273.3 37.3 272.9 37.6 272.6 37.9 272.3 38.2 272.0 38.3 271.6 38.5 271.2
  38.6 270.8 38.8 270.4 39.0 270.1 39.3 269.7 39.5 269.4 39.8 269.1 40.2 268.7
  40.6 268.4 41.0 268.0 41.4 267.6 41.7 267.3 41.9 266.9 42.2 266.6 42.5 266.3
  42.8 265.9 43.1 265.6 43.4 265.3 43.8 265.0 44.1 264.7 44.5 264.3 44.9 263.9
  45.2 263.6 45.4 263.2 45.7 262.8 46.0 262.5 46.3 262.1 46.6 261.7 47.0 261.3
  47.3 260.8 47.7 260.4 48.1 260.0 48.3 259.4 48.6 258.9 48.9 258.4 49.2 257.9
  49.6 257.3 49.9 256.8 50.2 256.4 50.6 255.7 50.9 255.1 51.2 254.5 51.5 253.9
  51.8 253.3 52.1 252.7 52.4 251.9 52.7 251.2 52.9 250.4 53.2 249.6 53.4 248.9
  53.6 248.2 53.9 247.5 54.0 246.8 54.1 246.1 54.2 245.1 54.3 244.2 54.5 243.2
  54.5 242.1 54.5 241.1 54.5 240.2 54.6 239.2 54.5 238.3 54.4 237.4 54.3 236.5
  54.2 235.6 54.0 234.8 53.8 234.3 53.5 233.8 53.3 233.3 53.1 232.8 52.8 232.3
  52.6 231.8 52.2 231.3 51.8 230.8 51.5 230.6 51.1 230.3 50.7 230.1 50.4 229.9
  50.0 229.7 49.7 229.5 49.3 229.5 49.0 229.4 48.7 229.4 48.4 229.3 48.1 229.3
  47.8 229.2 47.6 229.2 47.3 229.1 47.1 229.0 46.9 228.9 46.7 228.8 46.5 228.8
  46.3 228.7 46.2 228.6 46.0 228.5
  10  8 70  0.0
  72.5 321.4 72.6 321.6 72.7 321.7 72.7 321.8 72.8 321.8 72.9 321.9 72.9 321.9
  73.0 321.8 73.0 321.8 73.1 321.6 73.1 321.5 73.2 321.3 73.2 321.1 73.2 320.9
  73.3 320.7 73.3 320.4 73.2 320.2 73.2 319.9 73.2 319.7 73.1 319.5 73.0 319.3
  72.9 319.0 72.7 318.8 72.5 318.6 72.3 318.4 72.1 318.3 71.8 318.1 71.6 317.8
  71.3 317.5 71.0 317.2 70.7 317.0 70.4 316.7 70.0 316.5 69.6 316.2 69.2 315.8
  68.8 315.3 68.2 315.0 67.7 314.6 67.2 314.0 66.7 313.5 66.2 313.0 65.7 312.5
  65.2 311.9 64.7 311.4 64.2 310.8 63.7 310.4 63.2 309.8 62.7 309.2 62.2 308.7
  61.7 308.3 61.3 307.8 60.7 307.3 60.2 306.8 59.6 306.3 59.0 305.8 58.4 305.4
  57.8 305.0 57.2 304.6 56.6 304.3 55.9 304.0 55.3 303.7 54.6 303.3 53.9 303.0
  53.1 302.6 52.4 302.2 51.6 301.9 50.9 301.5 50.2 301.2 49.4 300.9 48.7 300.6
  48.0 300.3 47.4 300.0 46.8 299.7 46.0 299.4 45.3 299.1 44.7 298.9 44.0 298.6
  43.4 298.3 42.8 297.9 42.3 297.6 41.8 297.2 41.4 296.8 41.0 296.4 40.6 296.0
  40.2 295.5 39.8 295.0 39.4 294.6 39.1 294.3 38.8 293.8 38.6 293.4 38.3 292.9
  38.1 292.4 37.9 291.8 37.6 291.5 37.3 291.1 37.0 290.7 36.7 290.3 36.4 289.8
  36.1 289.4 35.9 288.9 35.7 288.6 35.5 288.3 35.3 288.0 35.1 287.7 35.0 287.4
  34.9 287.0 34.8 286.7 34.7 286.4 34.6 286.0 34.5 285.7 34.4 285.4 34.3 285.0
  34.2 284.7 34.1 284.3 34.0 284.0 34.0 283.7 33.9 283.4 33.9 283.2 33.8 283.0
  33.8 282.7 33.7 282.5 33.7 282.3 33.7 282.1 33.6 281.8 33.6 281.6 33.5 281.4
  33.5 281.1 33.4 280.9 33.4 280.6 33.3 280.3 33.3 280.1 33.2 279.8 33.2 279.5
  33.1 279.2 33.1 279.0 33.1 278.7 33.1 278.5 33.1 278.3 33.1 278.1 33.1 277.9
  33.2 277.7 33.2 277.5 33.2 277.4 33.3 277.3 33.3 277.2 33.4 277.1 33.5 277.0
  33.5 276.8 33.6 276.7 33.7 276.6 33.8 276.5 34.0 276.4 34.1 276.3 34.2 276.1
  34.4 275.9 34.5 275.7 34.7 275.5 34.9 275.3 35.0 275.1 35.2 275.0 35.4 274.8
  35.6 274.6 35.9 274.4 36.1 274.3 36.4 273.9 36.6 273.6 36.9 273.2 37.2 272.9
  37.6 272.5 37.9 272.2 38.3 271.9 38.4 271.4 38.6 271.0 38.8 270.6 39.0 270.2
  39.2 269.9 39.5 269.5 39.8 269.2 40.2 268.8 40.6 268.4 41.0 268.0 41.5 267.6
  41.7 267.3 42.0 266.9 42.3 266.6 42.5 266.2 42.8 265.9 43.2 265.6 43.5 265.2
  43.8 264.9 44.2 264.6 44.6 264.2 45.0 263.8 45.2 263.4 45.5 263.0 45.8 262.7
  46.1 262.3 46.4 261.9 46.7 261.4 47.1 261.0 47.4 260.6 47.8 260.1 48.2 259.7
  48.5 259.2 48.7 258.6 49.1 258.1 49.4 257.6 49.7 257.0 50.1 256.5 50.4 255.9
  50.7 255.3 50.9 254.7 51.2 254.1 51.5 253.4 51.8 252.9 52.2 252.3 52.5 251.5
  52.8 250.7 53.0 249.9 53.2 249.2 53.5 248.5 53.7 247.8 53.8 247.1 53.9 246.4
  54.0 245.7 54.2 244.7 54.3 243.7 54.3 242.7 54.3 241.7 54.3 240.7 54.3 239.7
  54.3 238.8 54.2 237.9 54.1 237.0 54.0 236.1 53.9 235.6 53.6 235.1 53.4 234.6
  53.2 234.1 52.9 233.6 52.7 233.1
  10  9 70  0.0
  72.5 321.4 72.6 322.1 72.7 322.7 72.8 323.4 72.9 324.0 73.0 324.6 73.1 325.2
  73.1 325.8 73.2 326.3 73.3 326.8 73.4 327.3 73.5 327.7 73.6 328.1 73.7 328.5
  73.7 328.9 73.8 329.2 73.8 329.5 73.9 329.8 73.9 330.1 74.0 330.4 74.0 330.6
  74.0 330.8 74.0 331.0 74.1 331.2 74.1 331.3 74.1 331.5 74.1 331.6 74.1 331.7
  74.1 331.8 74.0 331.8 74.0 331.8 74.0 331.8 74.0 331.7 73.9 331.5 73.9 331.3
  73.8 331.1 73.7 330.9 73.7 330.6 73.6 330.3 73.6 330.0 73.5 329.7 73.5 329.4
  73.4 329.1 73.4 328.8 73.4 328.5 73.3 328.1 73.3 327.8 73.2 327.5 73.2 327.2
  73.1 326.8 73.0 326.5 72.9 326.1 72.8 325.7 72.8 325.4 72.7 325.0 72.6 324.6
  72.5 324.1 72.5 323.7 72.3 323.2 72.1 322.8 71.8 322.3 71.6 321.7 71.4 321.2
  71.3 320.7 71.1 320.3 70.9 319.9 70.6 319.5 70.2 319.2 69.9 318.8 69.6 318.4
  69.3 318.0 69.0 317.7 68.7 317.3 68.5 317.0 68.2 316.7 68.0 316.5 67.7 316.2
  67.5 315.9 67.2 315.7 66.9 315.5 66.6 315.3 66.3 315.2 66.1 315.1 65.8 315.0
  65.6 314.7 65.4 314.3 65.2 314.0 65.1 313.7 64.9 313.4 64.8 313.1 64.8 312.9
  64.7 312.6 64.7 312.3 64.7 312.1 64.8 311.8 64.6 311.5 64.4 311.3 64.3 311.0
  64.2 310.8 64.1 310.6 64.1 310.4 64.1 310.3 64.2 310.1 64.2 310.0 64.4 309.8
  64.5 309.7 64.7 309.6 64.9 309.5 65.2 309.5 65.5 309.4 65.7 309.4 66.0 309.3
  66.3 309.2 66.5 309.2 66.8 309.2 67.1 309.2 67.3 309.1 67.6 309.1 67.8 309.0
  68.0 309.0 68.2 308.9 68.4 308.8 68.6 308.7 68.8 308.7 69.0 308.6 69.1 308.5
  69.2 308.5 69.3 308.4 69.4 308.3 69.5 308.3 69.6 308.3 69.7 308.2 69.8 308.2
  69.8 308.2 69.9 308.2 70.0 308.2 70.1 308.3 70.2 308.3 70.3 308.3 70.4 308.3
  70.5 308.3 70.6 308.3 70.7 308.3 70.8 308.2 71.0 308.1 71.1 308.0 71.2 307.9
  71.3 307.7 71.4 307.6 71.5 307.4 71.5 307.2 71.6 307.0 71.6 306.8 71.6 306.5
  71.6 306.3 71.7 306.0 71.7 305.7 71.7 305.4 71.6 305.0 71.6 304.7 71.6 304.2
  71.6 303.8 71.6 303.3 71.5 302.8 71.5 302.3 71.5 301.8 71.4 301.2 71.4 300.6
  71.3 300.0 71.2 299.3 71.2 298.7 71.1 298.0 71.0 297.4 70.9 296.7 70.9 296.0
  70.8 295.3 70.7 294.6 70.7 293.9 70.6 293.2 70.5 292.4 70.4 291.6 70.4 290.8
  70.3 290.0 70.2 289.2 70.2 288.5 70.1 287.7 70.1 286.9 70.0 286.1 70.0 285.3
  69.9 284.4 69.9 283.4 69.8 282.4 69.7 281.5 69.7 280.5 69.6 279.5 69.5 278.5
  69.5 277.5 69.4 276.4 69.3 275.4 69.2 274.3 69.1 273.3 69.0 272.2 68.9 271.1
  68.8 270.0 68.8 268.9 68.7 267.7 68.7 266.5 68.6 265.2 68.6 263.9 68.5 262.5
  68.5 261.1 68.4 259.6 68.4 258.1 68.3 256.6 68.3 255.1 68.3 253.5 68.3 251.9
  68.4 250.4 68.4 248.8 68.4 247.1 68.4 245.4 68.4 243.7 68.4 242.0 68.3 240.3
  68.3 238.6 68.3 236.9 68.2 235.3 68.2 233.7 68.2 232.2 68.2 230.7 68.2 229.3
  68.2 227.9 68.2 226.5 68.2 225.2 68.2 223.8 68.2 222.5 68.2 221.2 68.2 220.0
  68.2 218.8 68.2 217.7 68.2 216.6
  10 10 70  0.0
  72.5 321.4 72.6 321.7 72.6 321.9 72.7 322.1 72.7 322.3 72.7 322.5 72.6 322.7
  72.6 322.8 72.5 323.0 72.4 323.1 72.3 323.2 72.1 323.3 72.0 323.3 71.8 323.2
  71.6 323.2 71.5 323.3 71.4 323.4 71.3 323.7 71.2 324.0 71.2 324.4 71.2 324.9
  71.3 325.5 71.4 326.2 71.5 327.0 71.6 327.9 71.7 329.0 71.7 330.1 71.8 331.1
  71.9 332.0 71.9 332.9 71.9 333.8 71.9 334.5 71.9 335.1 72.0 335.7 72.0 336.1
  72.0 336.5 72.0 336.8 72.0 337.1 72.0 337.3 72.0 337.5 72.0 337.7 72.0 337.9
  72.0 338.0 72.0 338.0 71.9 337.9 71.9 337.8 71.9 337.7 71.8 337.6 71.8 337.4
  71.7 337.2 71.6 336.9 71.6 336.7 71.5 336.4 71.4 336.1 71.4 335.8 71.3 335.4
  71.2 335.0 71.1 334.6 71.0 334.2 70.9 333.8 70.8 333.3 70.7 332.8 70.6 332.3
  70.6 331.8 70.5 331.3 70.4 330.9 70.4 330.4 70.3 330.0 70.3 329.5 70.3 329.1
  70.2 328.7 70.2 328.2 70.2 327.8 70.1 327.3 70.0 326.9 69.9 326.5 69.9 325.8
  69.8 325.2 69.7 324.5 69.7 323.9 69.5 323.3 69.2 322.8 69.0 322.2 68.7 321.7
  68.5 321.2 68.3 320.7 68.0 320.2 67.8 319.7 67.4 319.2 67.1 318.6 66.7 318.1
  66.4 317.6 66.0 317.2 65.7 316.7 65.4 316.2 65.1 315.7 64.7 315.2 64.3 314.7
  63.9 314.2 63.6 313.7 63.2 313.1 62.9 312.5 62.6 311.9 62.2 311.3 61.7 310.7
  61.4 310.0 61.0 309.4 60.6 308.8 60.2 308.2 59.8 307.6 59.2 307.0 58.7 306.5
  58.1 306.0 57.5 305.5 56.9 305.0 56.4 304.6 55.8 304.1 55.2 303.6 54.5 303.1
  53.7 302.7 53.0 302.3 52.3 301.9 51.6 301.5 50.9 301.2 50.2 300.9 49.6 300.5
  49.0 300.2 48.4 299.9 47.6 299.6 46.9 299.3 46.2 299.0 45.5 298.7 44.8 298.4
  44.2 298.0 43.6 297.6 43.1 297.2 42.6 296.7 42.2 296.3 41.8 295.8 41.3 295.4
  40.8 294.9 40.4 294.5 40.0 294.0 39.7 293.4 39.3 293.0 39.0 292.5 38.8 292.0
  38.4 291.5 38.1 290.9 37.7 290.4 37.5 290.0 37.2 289.6 36.9 289.2 36.7 288.8
  36.5 288.4 36.3 288.0 36.1 287.6 36.0 287.1 35.9 286.7 35.8 286.4 35.7 286.1
  35.5 285.8 35.4 285.5 35.3 285.2 35.2 284.9 35.1 284.6 35.0 284.2 34.9 283.9
  34.8 283.6 34.8 283.3 34.7 283.0 34.7 282.7 34.6 282.4 34.5 282.0 34.5 281.7
  34.4 281.4 34.3 281.1 34.3 280.7 34.2 280.4 34.1 280.0 34.1 279.6 34.1 279.2
  34.1 278.9 34.1 278.5 34.1 278.2 34.1 277.9 34.1 277.6 34.1 277.3 34.2 277.1
  34.2 276.8 34.2 276.6 34.3 276.4 34.4 276.2 34.4 276.0 34.5 275.9 34.6 275.7
  34.7 275.5 34.7 275.3 34.9 275.1 35.0 274.9 35.1 274.7 35.2 274.6 35.3 274.4
  35.5 274.2 35.7 274.1 35.8 273.9 36.0 273.8 36.2 273.5 36.5 273.2 36.7 273.0
  36.9 272.7 37.2 272.4 37.5 272.1 37.8 271.8 37.9 271.5 37.9 271.3 38.0 271.0
  38.1 270.6 38.3 270.3 38.4 270.0 38.6 269.7 38.8 269.4 39.0 269.1 39.2 268.8
  39.5 268.5 39.8 268.2 40.2 268.0 40.3 267.6 40.5 267.3 40.7 266.9 40.9 266.6
  41.1 266.3 41.3 266.0 41.5 265.7 41.8 265.5 42.0 265.2 42.3 264.9 42.5 264.6
  42.8 264.3 43.1 264.0 43.3 263.7
  10 11 70  0.0
  72.5 321.4 72.7 321.2 72.9 320.9 73.0 320.8 73.2 320.6 73.5 320.6 73.7 320.5
  73.9 320.5 74.1 320.6 74.4 320.2 74.7 319.8 75.0 319.5 75.2 319.3 75.5 319.0
  75.7 318.9 75.9 318.7 76.1 318.5 76.3 317.6 76.4 316.8 76.5 316.0 76.5 315.2
  76.5 314.4 76.5 313.7 76.5 313.0 76.5 312.4 76.4 311.9 76.3 311.4 76.3 310.9
  76.2 310.4 76.0 310.0 75.9 309.7 75.8 309.6 75.7 309.7 75.6 309.7 75.4 309.9
  75.2 310.1 75.1 310.3 74.9 310.6 74.7 310.9 74.5 311.2 74.3 311.4 74.1 311.6
  73.9 311.9 73.7 312.4 73.6 312.9 73.5 313.4 73.4 313.9 73.3 314.3 73.2 314.8
  73.1 315.3 73.1 315.8 73.0 316.2 73.1 316.6 73.1 316.9 73.2 317.2 73.3 317.5
  73.3 317.8 73.4 318.1 73.5 318.3 73.5 318.5 73.6 318.6 73.7 318.8 73.8 318.9
  73.8 319.1 73.9 319.2 74.0 319.4 74.1 319.5 74.2 319.6 74.3 319.6 74.4 319.7
  74.5 319.8 74.5 319.9 74.6 320.1 74.7 320.2 74.8 320.4 74.9 320.5 74.9 320.5
  75.0 320.6 75.0 320.6 75.1 320.6 75.1 320.6 75.2 320.5 75.2 320.4 75.2 320.2
  75.3 320.0 75.3 319.8 75.3 319.6 75.3 319.3 75.3 319.1 75.3 318.8 75.2 318.5
  75.2 318.2 75.1 317.9 75.0 317.6 74.8 317.3 74.7 317.0 74.5 316.6 74.3 316.3
  74.1 316.0 73.9 315.7 73.6 315.5 73.3 315.4 73.0 315.2 72.6 315.0 72.3 314.8
  71.8 314.6 71.4 314.4 71.0 314.2 70.5 314.0 70.0 313.8 69.5 313.5 69.0 313.1
  68.5 312.8 68.0 312.5 67.5 312.0 67.0 311.5 66.5 311.1 66.0 310.7 65.5 310.2
  65.0 309.7 64.5 309.2 64.0 308.8 63.6 308.4 63.1 307.9 62.6 307.5 62.1 307.0
  61.6 306.5 61.0 306.0 60.5 305.5 60.0 305.1 59.4 304.6 58.9 304.2 58.3 303.8
  57.6 303.5 56.9 303.2 56.3 302.8 55.6 302.5 54.9 302.1 54.1 301.7 53.4 301.4
  52.7 301.0 51.9 300.6 51.2 300.3 50.5 300.0 49.8 299.7 49.1 299.4 48.4 299.1
  47.6 298.8 46.9 298.5 46.2 298.2 45.5 297.8 44.8 297.5 44.2 297.1 43.6 296.7
  43.0 296.2 42.5 295.7 41.9 295.2 41.4 294.6 40.9 294.0 40.5 293.4 40.1 292.7
  39.7 292.0 39.4 291.4 39.0 290.8 38.6 290.2 38.2 289.5 37.9 288.7 37.5 288.2
  37.2 287.7 37.0 287.1 36.7 286.5 36.5 285.9 36.3 285.2 36.1 284.6 35.9 283.9
  35.8 283.5 35.7 283.1 35.6 282.6 35.5 282.2 35.5 281.8 35.4 281.3 35.3 280.9
  35.2 280.5 35.2 280.1 35.1 279.7 35.1 279.2 35.1 278.8 35.2 278.4 35.2 278.0
  35.2 277.6 35.2 277.2 35.2 276.8 35.2 276.4 35.1 276.0 35.3 275.6 35.4 275.2
  35.5 274.8 35.6 274.4 35.8 274.1 35.9 273.7 36.0 273.3 36.1 272.9 36.1 272.4
  36.2 271.9 36.4 271.3 36.5 270.8 36.7 270.4 36.8 269.9 37.0 269.5 37.1 269.1
  37.2 268.7 37.3 268.3 37.5 268.0 37.6 267.6 37.8 267.3 38.0 267.0 38.1 266.7
  38.3 266.4 38.4 266.2 38.6 266.0 38.7 265.8 38.9 265.6 39.0 265.4 39.1 265.2
  39.2 265.1 39.2 264.9 39.3 264.8 39.3 264.7 39.3 264.6 39.4 264.5 39.4 264.4
  39.4 264.3 39.4 264.2 39.4 264.2 39.4 264.1 39.4 264.1 39.4 264.0 39.4 264.0
  39.5 264.0 39.5 263.9 39.4 263.9
  10 12 70  0.0
  72.5 321.4 72.4 320.6 72.2 319.8 72.0 319.0 71.9 318.3 71.7 318.1 71.6 318.0
  71.5 317.8 71.4 317.7 71.3 317.6 71.2 317.5 71.2 317.3 71.2 317.3 71.1 317.2
  71.2 317.1 71.2 317.1 71.2 317.1 71.3 317.1 71.4 317.1 71.5 317.2 71.6 317.3
  71.7 317.4 71.9 317.5 72.0 317.7 72.2 317.3 72.4 316.8 72.6 316.5 72.8 316.1
  73.0 315.8 73.2 315.5 73.4 315.2 73.5 315.0 73.7 314.8 73.9 314.7 74.1 314.6
  74.3 314.1 74.5 313.7 74.7 313.2 74.9 312.8 75.1 312.4 75.2 312.0 75.2 311.5
  75.2 311.1 75.2 310.6 75.2 310.1 75.2 309.5 75.2 309.0 75.2 308.5 75.2 307.9
  75.1 307.4 75.1 306.9 75.0 306.5 75.0 306.1 74.9 305.8 74.8 305.6 74.7 305.4
  74.6 305.4 74.5 305.4 74.4 305.5 74.3 305.7 74.1 305.9 74.0 306.3 73.8 306.9
  73.7 307.5 73.5 308.1 73.3 308.6 73.1 309.2 73.0 309.7 72.8 310.3 72.6 310.8
  72.4 311.3 72.3 311.9 72.1 312.4 72.0 312.9 71.9 313.3 71.9 313.8 71.9 314.2
  71.9 314.5 71.9 314.9 71.9 315.3 71.9 315.6 72.0 315.9 72.0 316.2 72.2 316.3
  72.3 316.3 72.5 316.4 72.6 316.4 72.7 316.4 72.8 316.5 73.0 316.5 73.1 316.5
  73.2 316.6 73.3 316.6 73.4 316.7 73.5 316.8 73.7 316.8 73.8 316.9 73.9 317.0
  74.0 317.0 74.1 317.0 74.2 317.0 74.3 317.0 74.4 316.9 74.4 316.8 74.5 316.7
  74.6 316.6 74.6 316.4 74.7 316.2 74.8 316.0 74.8 315.7 74.8 315.5 74.8 315.2
  74.8 314.9 74.7 314.7 74.7 314.4 74.6 314.1 74.5 313.8 74.3 313.6 74.2 313.3
  74.0 313.1 73.8 313.0 73.5 313.0 73.3 313.0 73.0 312.9 72.7 312.9 72.4 312.8
  72.0 312.8 71.7 312.7 71.3 312.6 70.8 312.5 70.4 312.4 69.9 312.3 69.4 312.0
  68.9 311.7 68.3 311.4 67.7 311.1 67.2 310.6 66.6 310.1 66.1 309.7 65.5 309.2
  65.0 308.7 64.5 308.2 64.0 307.7 63.5 307.3 63.0 306.8 62.5 306.4 61.9 305.9
  61.4 305.5 60.9 305.1 60.4 304.6 59.8 304.2 59.3 303.9 58.7 303.5 58.0 303.1
  57.4 302.8 56.7 302.5 56.1 302.3 55.4 302.0 54.7 301.7 54.0 301.4 53.3 301.1
  52.5 300.7 51.8 300.4 51.0 300.1 50.3 299.7 49.6 299.4 48.9 299.1 48.2 298.8
  47.5 298.5 46.8 298.2 46.1 297.9 45.4 297.6 44.7 297.2 44.1 296.9 43.4 296.5
  42.9 296.0 42.3 295.5 41.8 295.0 41.3 294.5 40.8 293.9 40.4 293.2 40.0 292.5
  39.6 291.9 39.2 291.3 38.8 290.6 38.4 290.0 38.1 289.2 37.7 288.5 37.4 287.9
  37.1 287.3 36.9 286.7 36.6 286.0 36.4 285.4 36.2 284.7 36.0 283.9 35.8 283.5
  35.7 283.0 35.6 282.5 35.5 282.1 35.4 281.6 35.3 281.1 35.2 280.6 35.1 280.2
  35.1 279.7 35.1 279.2 35.1 278.7 35.1 278.3 35.2 277.8 35.2 277.3 35.2 276.8
  35.2 276.3 35.2 275.9 35.3 275.4 35.5 275.0 35.6 274.5 35.8 274.1 35.9 273.7
  36.0 273.3 36.2 272.7 36.3 272.0 36.4 271.4 36.6 270.8 36.8 270.3 37.0 269.7
  37.2 269.2 37.5 268.8 37.7 268.3 37.9 267.9 38.1 267.5 38.3 266.9 38.6 266.4
  38.8 265.9 39.1 265.5 39.4 265.1 39.6 264.7 39.9 264.4 40.2 264.1 40.4 263.7
  40.8 263.2 41.1 262.8 41.5 262.5
  10 13 70  0.0
  72.5 321.4 72.2 320.5 71.9 319.5 71.6 318.9 71.2 318.3 70.8 317.7 70.4 317.1
  70.0 316.6 69.6 316.0 69.1 315.6 68.5 315.2 68.0 314.8 67.5 314.6 67.0 314.5
  66.6 314.3 66.1 314.2 65.8 314.1 65.4 314.1 65.2 314.2 65.0 314.3 64.8 314.4
  64.6 314.5 64.5 314.6 64.4 314.7 64.3 314.9 64.3 315.0 64.2 315.2 64.3 315.5
  64.3 315.9 64.4 316.3 64.5 316.8 64.7 317.4 64.8 318.1 65.0 318.9 65.2 319.7
  65.3 320.6 65.5 321.6 65.6 322.7 65.8 323.8 65.9 324.9 66.0 325.9 66.1 326.8
  66.2 327.8 66.2 328.7 66.1 329.5 66.0 330.3 65.8 330.9 65.7 331.4 65.5 332.0
  65.4 332.4 65.0 332.9 64.7 333.2 64.3 333.5 63.9 333.8 63.6 333.8 63.2 333.8
  62.8 333.7 62.4 333.7 61.9 333.6 61.5 333.1 61.1 332.6 60.6 332.0 60.2 331.5
  60.0 330.8 59.7 329.8 59.4 328.8 59.2 327.7 59.0 326.7 58.8 325.7 58.7 324.6
  58.5 323.5 58.4 322.4 58.3 321.2 58.2 320.1 58.1 318.9 58.1 317.7 58.2 316.6
  58.3 315.4 58.4 314.1 58.6 312.9 58.7 311.6 58.9 310.3 59.0 309.0 59.1 307.6
  59.1 306.1 59.1 304.5 59.2 303.0 59.1 301.4 59.1 299.7 59.1 298.0 59.0 296.3
  58.9 294.6 58.8 292.9 58.6 291.2 58.4 289.5 58.2 287.8 58.0 286.1 57.8 284.5
  57.6 283.0 57.3 281.5 57.1 280.1 56.8 278.8 56.5 277.5 56.2 276.2 55.9 275.0
  55.6 274.1 55.4 273.2 55.1 272.3 54.9 271.4 54.7 270.6 54.6 269.8 54.4 269.0
  54.2 268.2 54.0 267.4 53.9 266.7 53.8 266.1 53.6 265.5 53.5 264.9 53.3 264.3
  53.2 263.7 53.1 263.1 53.0 262.5 52.9 262.0 52.8 261.4 52.8 260.9 52.7 260.3
  52.7 259.8 52.8 259.3 52.9 258.8 53.1 258.3 53.3 257.8 53.5 257.3 53.7 256.8
  53.9 256.2 54.1 255.7 54.3 255.3 54.5 254.9 54.7 254.6 55.0 254.2 55.2 253.9
  55.5 253.6 55.7 253.2 56.0 252.9 56.2 252.6 56.5 252.4 56.7 252.2 57.0 252.0
  57.2 251.8 57.3 251.6 57.5 251.3 57.6 251.1 57.8 250.9 57.9 250.6 58.0 250.4
  58.2 250.1 58.3 249.9 58.4 249.6 58.5 249.4 58.6 249.1 58.7 248.9 58.8 248.6
  58.9 248.3 58.9 248.0 59.0 247.7 59.2 247.4 59.3 247.1 59.4 246.7 59.6 246.4
  59.7 246.0 59.8 245.7 59.9 245.3 60.0 245.0 60.2 244.8 60.3 244.6 60.4 244.4
  60.5 244.2 60.6 244.0 60.8 243.8 60.9 243.6 61.1 243.4 61.3 243.2 61.4 243.1
  61.6 242.9 61.7 242.8 61.8 242.6 62.0 242.5 62.1 242.3 62.2 242.3 62.3 242.2
  62.4 242.2 62.5 242.1 62.6 242.1 62.7 242.0 62.8 242.0 62.9 242.0 63.0 241.9
  63.0 241.9 63.0 241.8 63.1 241.7 63.1 241.7 63.0 241.6 63.0 241.5 63.0 241.4
  62.9 241.3 62.9 241.2 62.8 241.1 62.7 240.9 62.7 240.8 62.6 240.6 62.6 240.4
  62.5 240.1 62.5 239.8 62.5 239.5 62.5 239.2 62.4 238.9 62.4 238.5 62.3 238.1
  62.3 237.7 62.3 237.4 62.2 237.0 62.2 236.6 62.2 236.3 62.2 235.9 62.1 235.6
  62.1 235.2 62.1 234.9 62.1 234.5 62.1 234.2 62.1 233.8 62.1 233.5 62.1 233.1
  62.1 232.7 62.0 232.4 62.0 232.0 61.9 231.6 61.8 231.0 61.6 230.4 61.5 229.7
  61.3 229.1 61.1 228.5 61.0 227.8
  10 14 70  0.0
  72.5 321.4 72.1 320.9 71.6 320.3 71.3 320.3 70.9 320.2 70.5 320.1 70.1 319.9
  69.6 319.8 69.2 320.0 68.8 320.1 68.5 320.2 68.1 320.2 67.8 320.1 67.5 320.4
  67.2 320.7 66.9 321.0 66.6 321.3 66.3 321.5 66.1 321.8 65.8 322.0 65.6 322.6
  65.4 323.2 65.2 323.8 65.0 324.4 64.8 324.9 64.6 325.4 64.4 325.9 64.2 326.4
  64.1 326.9 63.9 327.4 63.7 328.4 63.6 329.4 63.4 330.4 63.2 331.4 63.0 332.3
  62.8 333.3 62.6 334.2 62.3 335.1 62.1 335.8 61.8 336.6 61.4 337.4 61.0 338.0
  60.5 338.6 60.0 339.1 59.5 339.6 59.0 340.0 58.5 340.4 58.0 340.7 57.5 341.1
  57.1 341.4 56.6 341.7 56.1 341.9 55.5 342.1 55.0 342.3 54.5 342.4 53.9 342.5
  53.4 342.5 52.8 342.6 52.3 342.6 51.8 342.7 51.2 342.6 50.7 342.5 50.2 342.4
  49.8 342.2 49.3 342.0 48.9 341.8 48.6 341.6 48.2 341.4 47.9 341.1 47.6 340.9
  47.4 340.7 47.2 340.5 47.0 340.3 46.8 340.0 46.7 339.8 46.1 339.6 45.6 339.3
  45.1 339.2 44.7 339.0 44.3 338.9 43.9 338.7 43.6 338.6 43.3 338.5 43.1 338.4
  43.0 338.3 42.8 338.2 42.7 338.1 42.6 338.0 42.6 337.8 42.5 337.7 42.5 337.6
  42.5 337.4 42.4 337.3 42.5 337.1 42.5 337.0 42.5 336.9 42.6 336.7 42.6 336.6
  42.7 336.4 42.8 336.2 42.8 336.1 42.8 335.9 42.5 335.7 42.3 335.5 42.0 335.3
  41.8 335.1 41.6 334.9 41.4 334.7 41.2 334.5 41.0 334.3 40.9 334.0 40.7 333.8
  40.6 333.5 40.5 333.3 40.5 333.0 40.4 332.8 40.4 332.5 40.3 332.3 40.3 332.0
  40.0 331.7 39.7 331.5 39.4 331.3 39.1 331.1 38.9 330.9 38.7 330.7 38.5 330.6
  38.3 330.4 38.2 330.2 38.0 330.0 37.9 329.8 37.8 329.8 37.7 329.7 37.6 329.7
  37.6 329.7 37.5 329.7 37.5 329.7 37.4 329.7 37.4 329.7 37.3 329.8 37.3 329.8
  37.3 329.8 37.3 329.9 37.3 329.9 37.3 330.0 37.3 330.0 37.3 330.1 37.3 330.1
  37.3 330.2 37.3 330.3 37.3 330.4 37.2 330.5 37.2 330.6 37.2 330.7 37.2 330.8
  37.2 331.0 37.2 331.1 37.1 331.3 37.1 331.4 37.1 331.6 37.1 331.7 37.1 331.9
  37.1 332.0 37.1 332.1 37.3 332.1 37.4 332.2 37.6 332.3 37.8 332.3 38.0 332.3
  38.2 332.3 38.5 332.2 38.7 332.1 39.0 332.1 39.2 332.0 39.5 332.0 39.6 331.9
  39.8 331.9 39.9 331.8 40.0 331.8 40.2 331.6 40.3 331.4 40.5 331.2 40.7 331.0
  40.9 330.8 41.0 330.6 41.2 330.4 41.4 330.3 41.6 330.1 41.8 329.9 42.0 329.8
  42.3 329.6 42.5 329.4 42.7 329.2 43.0 329.0 43.3 328.8 43.6 328.7 43.9 328.6
  44.2 328.4 44.5 328.1 44.9 327.8 45.1 327.6 45.3 327.3 45.6 327.1 45.9 326.8
  46.3 326.6 46.7 326.1 47.1 325.7 47.6 325.3 48.1 324.9 48.6 324.3 49.2 323.8
  49.6 323.3 50.1 322.8 50.7 322.2 51.2 321.5 51.8 320.9 52.5 320.2 53.1 319.4
  53.6 318.6 54.1 317.7 54.6 316.9 55.1 316.0 55.4 315.1 55.7 314.3 56.0 313.5
  56.3 312.7 56.7 311.8 56.8 310.9 56.9 310.0 57.0 309.2 57.1 308.3 57.3 307.5
  57.1 306.8 57.0 306.1 56.9 305.4 56.8 304.7 56.8 304.1 56.7 303.5 56.4 303.0
  56.1 302.5 55.8 302.1 55.5 301.7
  10 15 70  0.0
  72.5 321.4 72.3 321.1 72.1 320.8 71.9 320.5 71.6 320.5 71.4 320.4 71.1 320.2
  70.8 320.0 70.5 319.8 70.1 319.5 69.7 319.1 69.4 319.2 69.0 319.3 68.6 319.3
  68.2 319.3 67.8 319.4 67.5 320.3 67.2 321.2 66.9 322.2 66.6 323.3 66.3 324.5
  66.0 325.8 65.7 327.1 65.5 328.8 65.1 330.5 64.6 332.2 64.0 333.7 63.4 335.0
  62.8 336.2 62.0 337.2 61.1 338.0 60.3 338.8 59.4 339.6 58.6 340.1 57.6 340.5
  56.6 340.5 55.6 340.6 54.6 340.3 53.6 340.1 52.6 339.7 51.7 339.5 50.8 339.1
  50.0 338.8 49.2 338.3 48.4 337.7 47.7 337.1 46.9 336.1 46.2 335.1 46.0 334.0
  45.7 332.7 45.5 331.5 45.5 330.4 45.6 329.4 45.7 328.4 45.7 327.6 46.1 326.8
  46.4 326.1 46.7 325.6 47.1 325.0 47.4 324.5 47.6 324.0 47.9 323.6 48.5 323.2
  49.0 322.8 49.6 322.5 50.1 322.1 50.6 321.9 51.2 321.7 51.7 321.4 52.1 321.2
  52.6 321.3 53.0 321.3 53.5 321.5 53.9 321.6 54.2 321.7 54.6 322.1 54.9 322.5
  55.3 322.9 55.6 323.2 55.9 323.5 56.2 323.8 56.5 324.1 56.5 324.3 56.4 324.5
  56.4 324.7 56.4 324.7 56.3 324.8 56.3 324.8 56.2 324.8 56.1 324.8 56.0 324.8
  55.9 324.7 55.8 324.4 55.7 324.1 55.5 323.8 55.7 323.4 56.0 323.0 56.2 322.5
  56.4 322.2 56.6 321.9 56.7 321.4 56.9 320.9 57.0 320.3 57.2 319.6 57.6 318.9
  57.9 318.0 58.3 317.0 58.6 316.2 58.9 315.3 59.4 314.3 59.9 313.3 60.4 312.2
  60.9 311.6 61.6 310.8 62.2 310.1 62.8 309.6 63.3 309.0 63.8 308.4 64.3 307.6
  64.9 307.1 65.4 306.4 65.9 305.7 66.3 304.9 66.7 304.3 67.0 303.7 67.4 302.9
  67.7 302.2 67.9 301.3 68.1 300.4 68.3 299.9 68.6 299.5 68.8 299.0 69.1 298.6
  69.3 298.1 69.5 297.7 69.6 297.4 69.7 297.1 69.8 296.9 69.8 296.8 69.8 296.8
  69.8 296.8 69.7 296.9 69.6 297.1 69.4 297.3 69.2 297.6 69.0 298.0 68.7 298.3
  68.4 298.5 68.1 298.7 67.8 298.9 67.4 298.4 67.0 297.9 66.6 297.5 66.2 297.0
  65.8 296.6 65.4 295.7 64.7 294.8 63.9 294.0 63.3 292.7 62.7 291.5 62.0 290.3
  61.5 289.1 61.0 287.8 60.4 286.6 59.8 285.4 59.4 284.3 58.9 283.2 58.3 282.1
  57.8 281.2 57.3 280.1 56.8 279.0 56.3 278.0 55.7 277.0 55.2 276.0 54.8 274.9
  54.4 274.0 53.9 273.1 53.4 272.1 53.0 271.1 52.6 270.1 52.2 269.2 51.8 268.3
  51.3 267.3 51.1 266.5 50.8 265.7 50.5 265.0 50.2 264.3 49.9 263.7 49.8 262.9
  49.8 262.2 49.8 261.4 49.7 260.7 49.6 260.0 49.9 259.2 50.2 258.6 50.5 258.2
  50.7 257.9 50.9 257.7 51.1 257.5 51.2 257.3 51.3 257.2 51.3 257.1 51.4 257.0
  51.3 257.0 51.3 257.0 51.2 257.1 51.1 257.1 50.9 257.1 50.8 257.0 50.7 256.9
  50.5 256.8 50.4 256.6 50.2 256.4 50.0 256.2 49.8 255.9 49.7 255.6 49.6 255.2
  49.4 254.9 49.2 254.5 49.0 254.1 48.8 253.7 48.6 253.2 48.4 252.8 48.3 252.3
  48.1 251.7 47.9 251.2 47.8 250.6 47.7 249.9 47.5 249.3 47.3 248.6 47.2 247.8
  47.1 247.1 47.0 246.3 46.9 245.6 46.8 244.8 46.7 244.0 46.6 243.2 46.6 242.4
  46.6 241.6 46.5 240.7 46.5 239.9
  10 16 70  0.0
  72.5 321.4 72.4 321.5 72.3 321.6 72.1 321.6 72.0 321.5 71.9 321.4 71.8 321.5
  71.6 321.6 71.5 321.6 71.3 321.5 71.2 321.5 71.0 321.4 70.8 321.2 70.6 321.1
  70.4 321.0 70.2 320.9 69.9 320.8 69.7 321.1 69.5 321.4 69.3 321.7 69.0 322.0
  68.8 322.3 68.6 322.6 68.4 322.9 68.1 323.3 67.9 323.6 67.7 324.1 67.4 324.6
  67.1 325.1 66.8 325.6 66.5 326.2 66.2 326.8 65.8 327.4 65.5 328.4 65.0 329.4
  64.6 330.4 64.1 331.5 63.6 332.7 63.0 333.8 62.4 334.9 61.8 336.0 61.1 336.6
  60.3 337.2 59.4 337.7 58.5 337.8 57.6 337.9 56.7 337.7 55.9 337.4 55.1 337.0
  54.3 336.6 53.6 336.2 52.9 335.6 52.5 335.1 52.0 334.6 51.5 334.0 51.0 333.4
  50.5 332.8 49.9 332.3 49.3 331.6 49.2 330.8 49.2 330.1 49.1 329.4 49.0 328.7
  49.0 328.0 49.4 327.2 49.8 326.5 50.3 325.7 50.7 325.2 51.1 324.7 51.6 324.1
  51.9 323.5 52.6 322.8 53.4 322.5 54.1 322.3 54.7 322.7 55.3 323.2 55.9 323.7
  56.4 324.2 56.5 325.3 56.6 326.3 56.7 327.4 56.8 328.5 56.6 329.6 56.4 330.6
  56.2 331.6 56.0 332.5 55.5 333.2 55.0 333.9 54.5 334.5 53.9 335.1 53.4 335.5
  52.8 335.9 52.2 336.3 51.4 336.6 50.6 336.8 49.8 337.0 49.0 337.0 48.2 337.1
  47.3 337.1 46.5 337.1 45.6 337.0 44.7 336.8 43.9 336.6 43.1 336.3 42.3 336.0
  41.7 335.6 41.0 335.1 40.4 334.5 39.8 334.0 39.1 333.3 38.5 332.6 37.9 331.9
  37.5 331.1 37.1 330.3 36.7 329.6 36.3 328.9 35.9 328.2 35.4 327.4 35.3 326.6
  35.1 325.8 35.0 325.0 34.7 324.2 34.5 323.4 34.7 322.6 34.8 321.9 35.0 321.2
  35.0 320.5 35.1 319.9 35.3 319.2 35.5 318.6 35.6 318.0 35.7 317.4 35.7 316.8
  35.8 316.1 35.8 315.5 36.0 314.8 36.3 314.1 36.6 313.3 37.0 312.6 37.3 311.9
  37.7 311.2 38.2 310.6 38.8 310.1 39.3 309.7 40.0 309.3 40.6 308.8 41.3 308.6
  42.0 308.3 42.8 308.3 43.6 308.3 44.4 308.2 45.2 308.5 45.9 308.7 46.7 308.9
  47.4 309.4 48.1 309.8 48.8 310.3 49.4 310.9 50.0 311.5 50.5 312.1 50.9 312.7
  51.3 313.2 51.6 313.9 51.9 314.5 52.2 315.2 52.5 315.5 52.7 315.9 53.0 316.2
  53.0 316.6 52.9 316.9 52.9 317.1 52.8 317.2 52.8 317.3 52.7 317.3 52.6 317.3
  52.5 317.2 52.4 317.0 52.3 316.8 52.2 316.6 52.0 316.3 51.8 315.9 52.0 315.7
  52.1 315.3 52.3 314.9 52.3 314.6 52.4 314.3 52.4 314.0 52.4 313.7 52.4 313.4
  52.3 313.2 52.2 313.0 52.1 312.8 51.9 312.6 51.7 312.6 51.4 312.5 51.1 312.5
  50.7 312.4 50.3 312.4 49.9 312.3 49.4 312.0 48.8 311.8 48.6 311.5 48.3 311.2
  47.9 310.9 47.6 310.4 47.2 309.8 46.8 309.3 46.4 308.8 46.0 308.3 45.6 307.7
  45.5 307.2 45.5 306.7 45.4 306.2 45.3 305.7 45.2 305.3 45.1 304.9 44.9 304.5
  44.7 304.2 44.6 303.9 44.8 303.5 45.0 303.2 45.2 302.9 45.3 302.6 45.5 302.3
  45.6 302.1 45.7 301.8 45.8 301.5 45.8 301.2 45.9 300.9 45.9 300.6 45.8 300.3
  45.8 300.0 45.7 299.7 45.7 299.4 45.8 299.1 45.7 298.8 45.7 298.6 45.6 298.3
  45.4 298.0 45.2 297.8 45.0 297.5
  10 17 70  0.0
  72.5 321.4 72.3 321.4 72.0 321.4 71.8 321.3 71.5 321.3 71.3 321.3 71.0 321.3
  70.7 321.3 70.4 321.3 70.1 321.2 69.7 321.2 69.4 321.3 69.1 321.4 68.7 321.4
  68.4 321.5 68.0 321.6 67.7 321.7 67.4 322.0 67.1 322.2 66.8 322.4 66.6 322.7
  66.3 322.8 66.0 323.0 65.7 322.9 65.4 322.8 65.2 322.6 64.9 322.5 64.7 322.5
  64.4 322.5 64.2 322.5 63.9 322.7 63.7 322.5 63.6 322.4 63.4 322.4 63.2 322.4
  63.0 322.5 62.9 322.6 62.7 322.8 62.6 323.1 62.4 323.3 62.2 323.5 62.1 323.7
  62.0 323.8 61.8 323.8 61.7 323.8 61.6 323.8 61.5 323.8 61.3 323.8 61.2 323.8
  61.1 323.9 61.0 324.0 60.9 324.1 60.6 324.3 60.3 324.6 60.0 324.8 59.7 325.1
  59.4 325.0 59.1 324.8 58.9 324.5 58.6 324.3 58.3 324.0 58.3 323.6 58.3 323.3
  58.3 323.0 58.3 322.6 58.3 322.2 58.4 321.8 58.5 321.4 58.6 321.0 58.8 320.5
  58.9 320.0 59.1 319.5 59.4 319.0 59.6 318.4 59.9 317.9 60.2 317.4 60.5 317.6
  60.7 317.8 61.0 318.0 61.2 318.2 61.4 318.5 61.6 318.9 61.8 319.3 62.0 319.8
  62.1 320.4 62.2 321.3 62.2 322.2 62.3 323.2 62.3 324.3 62.2 325.5 62.2 326.6
  62.1 327.8 62.0 328.9 61.8 330.3 61.5 331.6 61.3 332.9 60.8 334.1 60.4 335.2
  59.9 336.2 59.3 337.4 58.7 338.4 58.1 339.4 57.4 340.2 56.7 341.0 55.9 341.6
  55.1 342.1 54.3 342.5 53.4 342.8 52.5 343.0 51.5 343.1 50.6 343.2 49.6 343.2
  48.7 343.1 47.8 342.9 46.9 342.7 46.0 342.4 45.1 342.2 44.2 341.9 43.3 341.6
  42.5 341.3 41.6 340.9 40.8 340.4 40.1 339.9 39.3 339.4 38.6 338.7 37.8 338.0
  37.2 337.3 36.5 336.5 35.9 335.7 35.4 334.9 34.8 334.0 34.3 333.1 33.8 332.2
  33.2 331.3 32.9 330.4 32.6 329.5 32.3 328.5 32.0 327.6 31.9 326.7 31.9 325.9
  31.8 325.0 31.7 324.2 31.6 323.3 31.8 322.4 32.0 321.6 32.1 320.8 32.2 320.0
  32.5 319.2 32.7 318.4 33.0 317.8 33.2 317.1 33.4 316.6 33.5 316.0 33.7 315.5
  33.9 315.0 34.2 314.5 34.5 313.9 34.7 313.4 35.0 312.8 35.2 312.2 35.5 311.7
  35.8 311.2 36.1 310.6 36.5 310.1 36.9 309.6 37.3 309.2 37.7 308.7 38.2 308.3
  38.7 308.0 39.3 307.7 39.8 307.4 40.4 307.1 40.9 306.9 41.5 306.7 42.1 306.5
  42.7 306.5 43.3 306.4 43.9 306.4 44.5 306.4 45.0 306.5 45.6 306.7 46.1 306.8
  46.7 307.1 47.2 307.4 47.7 307.7 48.3 307.9 48.8 308.3 49.4 308.6 50.0 309.0
  50.5 309.4 51.0 309.9 51.5 310.4 51.9 310.9 52.4 311.4 52.8 311.7 53.2 312.0
  53.4 312.3 53.7 312.5 53.9 312.6 54.1 312.7 54.4 312.4 54.7 312.2 54.9 312.0
  55.4 311.7 55.9 311.3 56.4 311.0 56.9 310.6 57.4 310.1 57.9 309.7 58.4 309.3
  58.8 308.9 59.2 308.5 59.6 308.1 59.9 307.7 60.3 307.4 60.7 307.1 61.1 306.9
  61.5 306.7 61.8 306.5 62.1 306.2 62.3 306.0 62.5 305.7 62.7 305.4 62.9 305.1
  63.0 304.8 63.1 304.5 63.1 304.2 63.2 303.8 63.2 303.5 63.3 303.1 63.3 302.7
  63.3 302.2 63.3 301.7 63.2 301.2 63.1 300.7 63.1 300.2 62.9 299.6 62.9 299.0
  62.9 298.4 62.9 297.8 62.8 297.2
  10 18 70  0.0
  72.5 321.4 72.8 321.7 73.0 322.0 73.2 322.3 73.4 322.5 73.6 322.7 73.8 322.8
  73.9 322.9 74.1 322.9 74.3 322.7 74.4 322.5 74.5 322.3 74.7 322.0 74.8 321.7
  74.9 321.4 74.9 321.2 75.0 320.9 75.0 320.7 75.0 320.5 75.0 320.3 74.9 320.1
  74.8 319.9 74.7 319.8 74.6 319.7 74.4 319.6 74.3 319.6 74.1 319.5 73.9 319.4
  73.7 319.4 73.5 319.4 73.3 319.4 73.1 319.4 72.9 319.3 72.6 319.3 72.3 319.2
  72.0 319.2 71.7 319.1 71.4 319.1 71.1 319.1 70.8 319.1 70.5 319.2 70.3 319.3
  70.1 319.4 69.9 319.5 69.7 319.7 69.5 320.0 69.4 320.3 69.2 320.5 68.9 320.8
  68.7 321.1 68.5 321.4 68.3 321.7 68.1 322.0 67.8 322.2 67.6 322.5 67.4 322.9
  67.2 323.2 67.0 323.6 66.8 324.1 66.5 324.5 66.3 325.0 66.0 325.5 65.8 326.0
  65.5 326.4 65.3 326.8 65.0 327.2 64.7 327.6 64.4 327.9 64.2 328.3 63.8 328.6
  63.5 328.7 63.2 328.8 62.8 328.9 62.5 329.0 62.2 329.2 61.8 329.5 61.5 329.6
  61.1 329.7 60.7 329.9 60.2 330.2 59.8 330.5 59.4 330.4 59.0 330.2 58.6 330.1
  58.2 330.0 57.8 329.9 57.5 329.0 57.2 328.2 56.8 327.3 56.7 326.5 56.6 325.6
  56.5 324.8 56.5 323.9 56.6 323.0 56.8 322.2 56.9 321.3 57.2 320.4 57.4 319.4
  57.6 318.6 57.9 317.8 58.2 317.0 58.5 316.7 58.8 316.3 59.1 316.0 59.4 315.7
  59.6 315.4 59.9 315.2 60.1 315.0 60.3 315.2 60.5 315.4 60.7 315.6 60.9 315.8
  61.0 316.1 61.2 316.4 61.3 316.7 61.5 317.0 61.6 317.5 61.7 317.9 61.7 318.5
  61.8 319.1 61.8 319.8 61.8 320.7 61.8 321.6 61.8 322.6 61.8 323.7 61.8 324.8
  61.7 326.0 61.6 327.3 61.5 328.6 61.3 329.8 61.1 331.1 60.9 332.3 60.6 333.4
  60.3 334.6 59.9 335.5 59.6 336.4 59.1 337.2 58.6 337.9 58.0 338.5 57.4 339.1
  56.9 339.6 56.3 340.0 55.6 340.4 55.1 340.6 54.6 340.9 54.1 341.2 53.6 341.4
  53.1 341.5 52.5 341.6 52.0 341.6 51.4 341.6 50.9 341.5 50.3 341.4 49.8 341.4
  49.2 341.2 48.7 341.1 48.2 340.9 47.7 340.7 47.3 340.6 46.8 340.5 46.4 340.3
  46.0 340.2 45.6 340.0 45.3 339.9 44.6 339.8 44.0 339.7 43.4 339.6 42.8 339.5
  42.2 339.3 41.7 339.2 41.3 339.1 40.9 338.9 40.5 338.8 40.2 338.6 39.9 338.5
  39.7 338.3 39.5 338.2 39.4 338.1 39.3 337.9 39.2 337.8 39.2 337.7 39.2 337.7
  39.2 337.6 39.2 337.5 39.3 337.4 39.4 337.4 39.4 337.3 39.5 337.2 39.7 337.1
  39.8 337.0 39.9 337.0 40.1 336.9 40.3 336.7 40.4 336.6 40.6 336.4 40.8 336.3
  40.9 336.1 41.1 336.0 40.9 335.8 40.7 335.6 40.5 335.5 40.4 335.3 40.2 335.1
  40.1 334.9 40.0 334.7 39.9 334.5 39.8 334.4 39.7 334.3 39.7 334.1 39.6 334.0
  39.6 333.8 39.6 333.7 39.6 333.5 39.6 333.3 39.6 333.2 39.6 333.0 39.6 332.8
  39.7 332.7 39.7 332.5 39.8 332.4 39.9 332.2 39.9 332.1 40.0 331.9 39.8 331.7
  39.6 331.6 39.5 331.5 39.3 331.4 39.2 331.3 39.1 331.1 39.0 331.1 38.9 331.0
  38.8 330.9 38.8 330.8 38.7 330.7 38.7 330.6 38.6 330.6 38.6 330.5 38.6 330.5
  38.6 330.5 38.5 330.4 38.5 330.4
  10 19 70  0.0
  72.5 321.4 72.8 321.2 73.1 321.0 73.4 320.9 73.6 320.7 73.9 320.6 74.2 320.5
  74.4 320.1 74.7 319.7 74.9 319.2 75.1 318.8 75.2 318.4 75.4 318.0 75.5 317.6
  75.6 317.2 75.8 316.8 75.9 316.4 76.0 316.1 76.1 315.1 76.2 314.2 76.3 313.3
  76.3 312.4 76.4 311.5 76.4 310.6 76.4 309.7 76.4 308.8 76.5 307.8 76.4 306.9
  76.4 305.9 76.4 304.9 76.4 304.0 76.3 303.0 76.2 302.0 76.2 301.1 76.1 300.1
  76.1 299.1 75.9 298.2 75.9 297.5 75.8 296.8 75.7 296.1 75.6 295.3 75.5 294.6
  75.4 293.9 75.4 293.1 75.3 292.2 75.3 291.4 75.2 290.5 75.1 289.5 75.1 288.5
  75.1 287.4 75.0 286.4 75.0 285.2 74.9 284.1 74.9 283.0 74.8 281.9 74.7 280.7
  74.6 279.6 74.4 278.5 74.2 277.4 73.9 276.4 73.7 275.6 73.5 274.8 73.3 274.1
  73.0 273.4 72.8 272.7 72.6 272.1 72.4 271.5 72.1 270.9 71.9 270.4 71.7 270.2
  71.6 270.0 71.4 269.9 71.3 269.8 71.1 269.8 71.0 269.7 70.9 269.6 70.8 269.6
  70.8 269.5 70.7 269.4 70.6 269.3 70.6 269.2 70.5 269.0 70.5 268.9 70.4 268.8
  70.4 268.6 70.4 268.5 70.4 268.3 70.4 268.1 70.3 267.9 70.4 267.6 70.5 267.4
  70.5 267.1 70.6 266.8 70.6 266.4 70.6 266.1 70.7 265.7 70.7 265.4 70.7 265.0
  70.7 264.6 70.7 264.2 70.7 263.8 70.7 263.4 70.7 263.0 70.7 262.6 70.7 262.2
  70.7 261.9 70.6 261.5 70.5 261.2 70.5 260.9 70.3 260.6 70.2 260.3 70.1 260.0
  70.0 259.7 70.0 259.4 69.9 259.1 69.8 258.6 69.7 258.2 69.6 257.8 69.5 257.3
  69.3 256.8 69.1 256.4 68.9 255.9 68.9 255.4 68.9 254.8 68.8 254.3 68.8 253.7
  68.7 253.2 68.7 252.6 68.6 252.0 68.6 251.4 68.6 250.8 68.7 250.1 68.7 249.4
  68.7 248.7 68.7 248.0 68.7 247.3 68.7 246.5 68.8 245.8 68.8 245.0 68.8 244.3
  68.7 243.5 68.7 242.8 68.7 242.0 68.7 241.3 68.7 240.5 68.6 239.8 68.6 239.1
  68.6 238.3 68.6 237.6 68.6 236.8 68.6 236.1 68.5 235.3 68.5 234.5 68.4 233.8
  68.4 233.0 68.3 232.3 68.2 231.6 68.1 230.9 68.0 230.2 67.9 229.6 67.8 228.6
  67.7 227.7 67.6 226.7 67.5 225.8 67.3 224.8 67.2 223.9 67.1 222.9 66.9 222.0
  66.8 221.0 66.7 220.1 66.5 219.2 66.4 218.3 66.3 217.5 66.2 216.7 66.1 216.0
  66.0 215.2 65.9 214.0 65.8 212.9 65.7 211.8 65.6 210.6 65.5 209.5 65.3 208.4
  65.2 207.3 65.1 206.2 65.0 205.2 64.9 204.2 64.8 203.2 64.7 202.1 64.6 201.1
  64.5 200.1 64.5 199.1 64.4 198.1 64.4 197.1 64.4 196.1 64.3 195.1 64.3 194.2
  64.3 193.3 64.3 192.4 64.4 191.5 64.4 190.7 64.5 189.9 64.5 189.0 64.6 188.2
  64.7 187.4 64.8 186.6 64.9 185.8 65.0 185.1 65.1 184.3 65.2 183.7 65.2 183.0
  65.3 182.4 65.4 181.8 65.5 181.2 65.5 180.7 65.6 180.1 65.7 179.5 65.8 178.9
  65.8 178.3 65.9 177.7 66.0 177.2 66.1 176.6 66.2 176.1 66.3 175.7 66.3 175.2
  66.4 174.7 66.5 174.3 66.7 173.8 66.8 173.4 66.9 172.9 67.0 172.4 67.1 172.0
  67.2 171.6 67.3 171.3 67.5 170.9 67.6 170.6 67.7 170.3 67.8 170.1 67.9 169.9
  68.0 169.7 68.1 169.6 68.3 169.5
  10 20 70  0.0
  72.5 321.4 72.1 320.6 71.8 319.8 71.3 319.2 70.8 318.7 70.3 318.2 69.8 317.8
  69.4 317.4 68.9 317.1 68.4 316.8 67.9 316.6 67.5 316.2 67.1 315.9 66.4 315.7
  65.8 315.4 65.2 315.1 64.6 314.7 64.0 314.4 63.5 314.1 63.0 313.6 62.6 313.2
  62.2 312.8 61.7 312.4 61.4 312.1 61.0 311.8 60.5 311.5 59.9 311.2 59.4 311.1
  58.9 311.0 58.4 310.8 57.9 310.6 57.4 310.3 56.9 310.1 56.5 309.8 56.1 309.5
  55.7 309.1 55.4 308.7 55.1 308.2 54.7 307.8 54.4 307.4 54.1 307.1 53.7 306.8
  53.3 306.5 52.8 306.3 52.4 306.1 51.9 306.0 51.3 306.0 50.7 306.0 50.0 306.0
  49.3 306.0 48.6 305.9 47.8 305.8 47.1 305.6 46.4 305.3 45.7 305.1 45.0 304.9
  44.4 304.7 43.7 304.6 43.1 304.5 42.4 304.4 41.7 304.4 41.0 304.4 40.2 304.4
  39.5 304.4 38.7 304.4 38.0 304.3 37.3 304.3 36.6 304.3 35.9 304.3 35.2 304.3
  34.6 304.3 33.9 304.3 33.3 304.1 32.6 303.9 31.8 303.8 31.1 303.5 30.5 303.2
  30.0 302.9 29.5 302.6 29.0 302.2 28.6 301.9 28.2 301.6 27.9 301.3 27.5 301.0
  27.2 300.7 26.9 300.4 26.6 300.1 26.3 299.8 26.0 299.4 25.6 299.1 25.3 298.7
  25.0 298.3 24.7 297.8 24.5 297.3 24.2 296.8 24.0 296.2 23.8 295.8 23.5 295.3
  23.3 294.8 23.0 294.3 22.8 293.8 22.6 293.3 22.4 292.7 22.2 292.1 22.1 291.5
  22.1 290.9 22.1 290.3 22.1 289.8 22.2 289.3 22.3 288.8 22.4 288.4 22.4 288.0
  22.5 287.6 22.6 287.3 22.7 286.9 22.8 286.7 23.0 286.4 23.1 286.2 23.3 285.9
  23.5 285.8 23.7 285.6 23.9 285.4 24.1 285.3 24.4 285.3 24.6 285.3 24.8 285.2
  25.0 285.2 25.2 285.2 25.4 285.2 25.6 285.3 25.8 285.3 26.0 285.3 26.1 285.3
  26.3 285.5 26.4 285.7 26.6 285.9 26.7 286.0 26.8 286.2 27.0 286.4 27.1 286.6
  27.3 286.8 27.4 287.0 27.6 287.2 27.7 287.3 27.9 287.5 28.0 287.7 28.2 288.0
  28.5 288.3 28.8 288.6 29.0 288.9 29.3 289.2 29.6 289.5 29.8 289.7 30.0 290.0
  30.3 290.3 30.5 290.6 30.7 291.0 30.9 291.3 31.1 291.6 31.3 291.9 31.5 292.2
  31.6 292.6 31.7 292.9 31.9 293.2 32.0 293.5 32.1 293.9 32.2 294.2 32.4 294.6
  32.5 295.0 32.6 295.4 32.8 295.8 32.9 296.2 33.0 296.5 33.1 296.9 33.1 297.2
  33.2 297.5 33.2 297.8 33.3 298.1 33.3 298.4 33.4 298.7 33.4 298.9 33.4 299.2
  33.5 299.5 33.5 299.7 33.5 300.0 33.5 300.3 33.4 300.7 33.3 301.0 33.2 301.3
  33.1 301.6 33.0 302.0 32.9 302.3 32.8 302.7 32.7 303.0 32.6 303.4 32.4 303.7
  32.3 304.0 32.2 304.3 32.1 304.6 32.1 304.9 32.0 305.2 32.0 305.5 31.9 305.8
  31.9 306.0 31.9 306.2 31.8 306.5 31.8 306.7 31.8 306.9 31.8 307.0 31.8 307.2
  31.8 307.4 31.8 307.5 31.7 307.6 31.7 307.7 31.8 307.8 31.8 307.8 31.8 307.9
  31.8 307.9 31.8 307.9 31.8 307.9 31.8 307.9 31.8 307.8 31.7 307.8 31.7 307.7
  31.7 307.6 31.6 307.5 31.6 307.4 31.5 307.3 31.4 307.2 31.4 307.0 31.3 306.9
  31.2 306.7 31.1 306.6 30.9 306.5 30.8 306.4 30.7 306.3 30.6 306.1 30.4 306.0
  30.3 306.0 30.1 305.9 29.9 305.8
  10 21 70  0.0
  72.5 321.4 72.3 320.5 72.1 319.7 71.8 318.9 71.5 317.9 71.2 317.0 70.8 316.2
  70.5 315.4 70.0 314.8 69.5 313.9 69.0 313.1 68.4 312.4 67.8 311.7 67.1 310.9
  66.3 310.1 65.5 309.5 64.7 308.8 63.9 308.2 63.1 307.6 62.3 307.1 61.5 306.5
  60.7 306.0 60.0 305.5 59.2 305.0 58.5 304.5 57.8 304.0 57.1 303.6 56.6 303.2
  56.2 302.8 55.7 302.5 55.3 302.1 54.9 301.7 54.4 301.3 53.9 300.9 53.4 300.4
  53.0 299.8 52.9 299.2 52.7 298.6 52.6 298.0 52.5 297.5 52.3 297.0 52.1 296.5
  51.9 296.2 51.6 295.6 51.8 295.0 51.9 294.5 52.0 293.9 52.2 293.7 52.3 293.5
  52.3 293.3 52.4 293.2 52.4 293.1 52.4 293.1 52.4 293.1 52.4 293.3 52.3 293.4
  52.2 293.7 52.1 294.0 52.0 294.3 51.8 294.7 51.6 295.1 51.4 295.6 51.2 296.2
  50.5 296.7 49.9 297.2 49.3 297.5 48.6 297.8 48.0 298.1 47.4 298.3 46.8 298.3
  46.1 298.2 45.5 298.2 44.9 297.8 44.2 297.5 43.5 297.2 42.8 296.7 42.0 296.3
  41.3 295.9 41.0 295.2 40.6 294.5 40.3 293.9 40.0 293.2 39.7 292.5 39.5 291.6
  39.4 290.7 39.3 289.8 39.2 289.0 39.1 288.3 39.0 287.5 39.3 286.8 39.6 286.1
  39.8 285.5 39.9 284.8 40.0 284.2 40.1 283.5 40.4 283.0 40.8 282.4 41.1 281.9
  41.4 281.4 41.7 280.8 41.9 280.3 42.2 279.8 42.6 279.3 43.1 278.9 43.5 278.4
  43.9 277.9 44.3 277.5 44.7 277.1 45.1 276.7 45.5 276.2 45.8 275.8 46.2 275.4
  46.7 275.0 47.1 274.6 47.5 274.2 47.9 273.8 48.3 273.4 48.6 273.0 49.0 272.7
  49.3 272.4 49.6 272.1 49.9 271.8 50.3 271.5 50.6 271.1 51.0 270.8 51.3 270.4
  51.7 269.9 52.0 269.5 52.3 269.1 52.6 268.6 52.9 268.2 53.2 267.8 53.6 267.3
  54.0 266.9 54.4 266.4 54.8 265.9 55.2 265.4 55.5 264.9 55.8 264.5 56.2 264.1
  56.5 263.5 56.8 263.0 57.1 262.5 57.4 262.0 57.7 261.5 58.0 261.0 58.2 260.6
  58.5 260.0 58.8 259.4 59.1 258.8 59.3 258.2 59.6 257.6 59.8 257.0 60.0 256.4
  60.2 255.6 60.5 254.8 60.7 254.0 60.9 253.2 61.1 252.4 61.3 251.5 61.5 250.6
  61.8 249.8 62.0 248.9 62.3 247.9 62.5 246.8 62.8 245.8 63.1 244.7 63.4 243.6
  63.7 242.6 64.0 241.5 64.3 240.4 64.6 239.3 64.8 238.2 65.1 237.1 65.3 236.0
  65.5 234.9 65.6 233.8 65.7 232.6 65.9 231.5 65.9 230.4 66.0 229.3 66.1 228.2
  66.2 227.2 66.2 226.3 66.2 225.3 66.2 224.4 66.3 223.5 66.3 222.6 66.3 221.7
  66.3 220.8 66.3 220.0 66.3 219.1 66.2 218.3 66.2 217.4 66.2 216.6 66.2 215.9
  66.2 215.1 66.1 214.4 66.0 213.7 66.0 213.0 66.0 212.3 65.9 211.3 65.9 210.2
  65.9 209.1 65.9 208.1 65.9 207.0 65.9 205.9 65.9 204.9 65.8 204.0 65.8 203.1
  65.8 202.3 65.8 201.5 65.8 200.7 65.8 200.1 65.7 199.4 65.8 198.8 65.9 198.3
  65.9 197.8 66.0 197.3 66.0 196.8 66.1 196.6 66.1 196.5 66.1 196.4 66.1 196.2
  66.1 196.1 66.1 196.0 66.1 195.8 66.2 195.7 66.2 195.6 66.2 195.4 66.3 195.2
  66.3 195.0 66.4 194.7 66.4 194.4 66.5 194.0 66.5 193.6 66.6 193.1 66.7 192.7
  66.8 192.1 66.8 191.6 67.0 191.0
  10 22 70  0.0
  72.5 321.4 72.2 321.5 71.9 321.5 71.6 321.3 71.3 321.2 71.0 320.9 70.7 320.7
  70.3 320.4 69.9 320.1 69.6 319.8 69.2 319.5 68.7 319.1 68.2 318.8 67.7 318.4
  67.1 318.2 66.6 317.9 65.9 317.5 65.3 317.2 64.7 316.9 64.0 316.5 63.3 316.2
  62.6 315.8 61.9 315.5 61.2 315.3 60.6 315.1 59.8 314.9 59.2 314.8 58.5 314.8
  57.8 314.7 57.2 314.6 56.5 314.5 55.8 314.4 55.2 314.3 54.5 314.3 53.7 314.2
  53.0 314.3 52.3 314.4 51.5 314.6 50.8 314.6 50.1 314.7 49.4 314.8 48.7 314.8
  48.0 314.8 47.4 314.8 46.8 314.8 46.2 314.8 45.7 314.8 45.3 314.8 44.8 314.8
  44.4 314.9 44.1 314.9 43.8 315.0 43.5 315.1 43.3 315.2 43.0 315.3 42.8 315.4
  42.6 315.6 42.4 315.8 42.3 316.1 42.3 316.4 42.3 316.7 42.3 317.0 42.3 317.4
  42.3 317.7 42.3 318.1 42.3 318.5 42.2 318.8 42.2 319.2 42.2 319.6 42.2 320.0
  42.1 320.4 42.1 320.8 42.1 321.3 42.1 321.7 42.1 322.2 42.1 322.7 42.2 323.1
  42.2 323.7 42.2 324.2 42.2 324.7 42.2 325.3 42.3 325.9 42.3 326.5 42.3 327.1
  42.4 327.7 42.4 328.3 42.4 328.9 42.4 329.6 42.4 330.2 42.4 330.9 42.4 331.5
  42.4 332.2 42.4 332.9 42.4 333.5 42.4 334.2 42.5 334.9 42.5 335.5 42.6 336.2
  42.6 336.9 42.7 337.5 42.7 338.2 42.7 338.8 42.7 339.4 42.6 340.0 42.6 340.5
  42.5 341.0 42.4 341.5 42.3 342.0 42.2 342.5 42.0 343.0 41.9 343.4 41.7 343.9
  41.5 344.3 41.4 344.7 41.2 345.1 41.0 345.5 40.8 345.8 40.6 346.2 40.4 346.4
  40.1 346.7 39.8 347.0 39.5 347.1 39.2 347.2 38.8 347.3 38.5 347.4 38.1 347.5
  37.7 347.7 37.4 347.7 37.0 347.7 36.6 347.7 36.1 347.7 35.7 347.8 35.2 347.7
  34.8 347.7 34.3 347.7 33.8 347.7 33.4 347.5 33.0 347.4 32.5 347.3 32.1 347.2
  31.7 347.0 31.3 346.8 30.9 346.5 30.5 346.2 30.1 345.9 29.7 345.6 29.4 345.2
  29.1 344.7 28.7 344.3 28.5 343.8 28.2 343.4 28.0 342.9 27.7 342.4 27.5 341.9
  27.2 341.5 27.0 341.0 26.8 340.5 26.6 340.0 26.4 339.6 26.3 339.1 26.3 338.7
  26.2 338.3 26.2 337.9 26.2 337.6 26.2 337.2 26.1 336.9 26.1 336.5 26.1 336.2
  26.1 335.9 26.2 335.6 26.3 335.3 26.4 335.0 26.5 334.8 26.5 334.5 26.6 334.2
  26.6 333.9 26.7 333.6 26.7 333.4 26.7 333.1 26.7 332.8 26.7 332.6 26.7 332.3
  26.7 332.1 26.6 331.8 26.8 331.6 26.9 331.3 27.0 331.1 27.1 330.8 27.2 330.6
  27.3 330.3 27.4 330.0 27.5 329.7 27.5 329.5 27.5 329.2 27.6 328.8 27.6 328.5
  27.5 328.2 27.5 327.8 27.6 327.4 27.6 327.0 27.7 326.6 27.7 326.2 27.7 325.8
  27.8 325.4 27.8 325.0 27.8 324.6 27.7 324.2 27.7 323.9 27.8 323.6 27.9 323.3
  28.0 323.0 28.1 322.9 28.2 322.8 28.3 322.6 28.4 322.5 28.4 322.4 28.5 322.3
  28.5 322.2 28.6 322.1 28.6 322.0 28.6 321.9 28.7 321.8 28.7 321.7 28.7 321.6
  28.7 321.6 28.8 321.5 28.8 321.4 28.8 321.4 28.8 321.4 28.9 321.3 28.9 321.3
  28.9 321.2 29.0 321.2 29.1 321.1 29.1 321.1 29.2 321.0 29.3 321.0 29.4 320.9
  29.5 320.8 29.7 320.8 29.8 320.7
  10 23 70  0.0
  72.5 321.4 72.4 322.2 72.2 322.9 72.1 323.5 71.9 324.1 71.7 324.4 71.5 324.7
  71.3 325.0 71.1 325.2 70.8 325.4 70.6 325.6 70.3 325.7 70.0 325.7 69.7 325.6
  69.4 325.6 69.1 325.5 68.7 325.3 68.3 325.2 67.8 325.1 67.3 324.9 66.7 324.7
  66.1 324.5 65.5 324.3 64.8 324.0 63.9 323.8 63.4 323.2 62.7 322.6 62.1 322.1
  61.3 321.7 60.6 321.0 59.9 320.3 59.2 319.5 58.6 318.8 58.0 318.1 57.4 317.5
  56.7 316.8 56.0 316.1 55.3 315.4 54.9 314.6 54.5 313.9 54.0 313.3 53.6 312.6
  53.2 311.9 53.0 311.3 52.9 310.6 52.7 310.0 52.5 309.3 52.4 308.7 52.2 308.2
  52.1 307.6 52.1 307.1 52.1 306.6 52.2 306.1 52.1 305.7 52.1 305.3 52.0 304.9
  51.9 304.5 51.8 304.1 51.7 303.7 51.9 303.4 52.1 303.1 52.2 302.9 52.3 302.6
  52.4 302.4 52.5 302.1 52.5 301.9 52.5 301.7 52.4 301.4 52.3 301.2 52.2 301.0
  52.1 300.7 51.9 300.5 51.8 300.4 51.6 300.3 51.3 300.1 51.1 299.8 51.2 299.5
  51.2 299.2 51.2 298.8 51.2 298.3 51.2 297.8 51.2 297.2 51.1 296.6 51.0 296.0
  51.2 295.3 51.4 294.7 51.6 294.0 51.8 293.4 52.0 292.8 52.1 292.2 52.3 291.7
  52.7 291.3 53.1 290.9 53.5 290.5 53.9 290.2 54.2 289.8 54.6 289.7 54.9 289.6
  55.1 289.4 55.4 289.3 55.5 289.2 55.7 289.0 55.7 288.9 55.8 288.7 55.8 288.5
  55.8 288.3 55.8 288.0 55.7 287.7 55.7 287.4 55.6 287.1 55.5 286.7 55.4 286.3
  55.3 285.7 55.2 285.1 55.1 284.4 54.9 283.6 54.8 282.7 54.7 281.7 54.5 280.6
  54.4 279.4 54.4 278.0 54.3 276.5 54.3 275.0 54.4 273.5 54.5 272.0 54.5 270.5
  54.7 269.1 54.9 267.8 55.2 266.5 55.5 265.2 55.7 264.0 55.9 262.8 56.2 261.7
  56.4 260.1 56.6 258.6 56.9 257.2 57.2 255.9 57.5 254.6 57.8 253.4 58.0 252.2
  58.3 250.9 58.6 249.6 58.9 248.4 59.1 247.1 59.4 245.9 59.7 244.7 59.9 243.6
  60.0 242.4 60.2 241.3 60.2 240.3 60.3 239.3 60.3 238.3 60.3 237.4 60.2 236.5
  60.2 235.7 60.2 234.9 60.2 234.1 60.2 233.4 60.2 232.6 60.1 231.8 60.0 231.1
  59.9 230.3 59.8 229.4 59.6 228.5 59.4 227.7 59.2 226.9 58.9 226.1 58.5 225.5
  58.1 224.8 57.6 224.2 57.1 223.5 56.8 222.7 56.4 222.0 55.9 221.3 55.5 220.5
  55.1 219.7 54.8 219.0 54.4 218.3 54.1 217.6 53.7 217.0 53.3 216.4 52.9 215.8
  52.6 215.3 52.3 214.8 52.0 214.3 51.7 213.8 51.3 213.2 51.0 212.6 50.6 212.0
  50.4 211.4 50.3 210.7 50.1 210.1 49.9 209.5 49.7 208.8 49.5 208.1 49.2 207.4
  49.3 206.8 49.3 206.1 49.4 205.5 49.4 204.9 49.3 204.3 49.3 203.7 49.4 203.1
  49.6 202.5 49.7 201.9 49.7 201.3 49.8 200.8 49.8 200.2 49.8 199.6 49.9 199.1
  50.1 198.5 50.2 197.9 50.3 197.3 50.3 196.8 50.4 196.2 50.4 195.7 50.5 195.2
  50.7 194.7 50.8 194.2 51.0 193.6 51.1 193.1 51.2 192.5 51.3 191.9 51.6 191.3
  51.8 190.6 52.1 189.9 52.3 189.3 52.6 188.6 52.8 187.9 53.1 187.2 53.4 186.5
  53.6 185.8 53.9 185.1 54.1 184.4 54.3 183.8 54.7 183.2 55.1 182.7 55.4 182.2
  55.8 181.7 56.2 181.3 56.6 181.0
  10 24 70  0.0
  72.5 321.4 72.5 322.1 72.5 322.7 72.4 323.3 72.4 323.9 72.3 324.4 72.3 325.0
  72.3 325.5 72.3 326.0 72.2 326.4 72.2 326.9 72.2 327.3 72.1 327.8 72.1 328.2
  72.1 328.6 72.1 329.0 72.0 329.5 72.0 329.9 71.9 330.2 71.8 330.6 71.7 330.9
  71.5 331.1 71.4 331.4 71.2 331.6 70.9 331.8 70.7 332.0 70.4 332.1 70.1 332.2
  69.7 332.3 69.4 332.0 69.0 331.7 68.6 331.5 68.2 331.2 67.8 330.9 67.4 330.4
  66.9 330.0 66.4 329.5 65.8 329.1 65.2 328.5 64.5 328.0 63.9 327.4 63.3 326.7
  62.6 326.1 61.8 325.4 61.1 324.6 60.3 323.8 59.7 323.0 59.2 322.1 58.6 321.1
  58.1 320.2 57.5 319.3 57.1 318.4 56.7 317.5 56.3 316.6 55.9 315.8 55.6 314.9
  55.3 314.1 55.0 313.2 54.7 312.4 54.4 311.5 54.2 310.7 54.0 309.8 53.8 309.0
  53.6 308.2 53.5 307.4 53.5 306.6 53.4 305.8 53.4 305.0 53.4 304.2 53.5 303.4
  53.6 302.6 53.7 301.8 53.7 300.9 53.8 300.0 53.9 299.1 54.1 298.1 54.2 297.3
  54.3 296.4 54.4 295.5 54.6 294.6 54.8 293.6 54.9 292.6 55.0 291.5 55.1 290.4
  55.2 289.2 55.3 288.0 55.4 286.7 55.4 285.4 55.6 284.1 55.7 282.8 55.8 281.6
  56.0 280.3 56.1 279.1 56.2 277.9 56.3 276.7 56.4 275.5 56.4 274.4 56.5 273.2
  56.5 272.1 56.6 271.1 56.6 270.1 56.7 269.1 56.7 268.2 56.8 267.3 56.8 266.5
  56.8 265.6 56.8 264.8 56.8 264.1 56.7 263.3 56.6 262.6 56.4 261.9 56.3 261.3
  56.1 260.7 56.0 260.1 55.9 259.4 55.7 258.8 55.4 258.1 55.2 257.5 54.9 257.0
  54.7 256.4 54.4 255.9 54.1 255.3 53.8 254.8 53.5 254.2 53.2 253.6 53.0 253.0
  52.7 252.5 52.4 251.9 52.1 251.3 51.8 250.8 51.5 250.2 51.2 249.6 50.9 249.0
  50.6 248.5 50.3 247.9 50.0 247.3 49.8 246.8 49.5 246.2 49.3 245.7 49.0 245.2
  48.8 244.7 48.6 244.2 48.5 243.7 48.2 243.2 47.9 242.8 47.6 242.4 47.4 242.1
  47.2 241.8 47.0 241.5 46.7 241.1 46.5 240.8 46.4 240.5 46.2 240.2 46.0 239.9
  45.7 239.6 45.4 239.5 45.1 239.3 44.8 239.1 44.6 238.9 44.3 238.7 44.1 238.6
  43.8 238.4 43.6 238.3 43.4 238.3 43.1 238.2 42.9 238.1 42.7 238.1 42.5 238.0
  42.3 238.0 42.1 238.0 41.9 237.9 41.7 238.0 41.5 238.1 41.3 238.1 41.1 238.2
  40.9 238.3 40.7 238.4 40.6 238.5 40.4 238.6 40.3 238.7 40.1 238.8 40.0 238.9
  39.8 239.1 39.7 239.3 39.5 239.5 39.4 239.7 39.3 239.9 39.1 240.1 39.0 240.3
  39.0 240.5 38.9 240.8 38.8 241.0 38.7 241.2 38.7 241.5 38.6 241.8 38.5 242.0
  38.4 242.3 38.3 242.5 38.3 242.8 38.2 243.0 38.1 243.3 38.0 243.5 37.9 243.7
  37.8 243.9 37.7 244.2 37.8 244.4 37.8 244.6 37.9 244.8 38.0 245.0 38.0 245.2
  38.1 245.4 38.1 245.6 38.2 245.8 38.2 246.0 38.3 246.2 38.3 246.3 38.4 246.4
  38.4 246.6 38.5 246.7 38.5 246.7 38.6 246.8 38.6 246.9 38.7 246.9 38.8 247.0
  38.8 247.0 38.9 247.0 38.9 247.0 39.0 247.0 39.0 247.0 39.1 247.0 39.2 247.0
  39.2 247.0 39.3 246.9 39.3 246.9 39.4 246.9 39.5 246.9 39.5 246.9 39.6 246.8
  39.7 246.8 39.7 246.8 39.8 246.8
  10 25 70  0.0
  72.5 321.4 72.8 321.0 73.1 320.7 73.3 320.4 73.6 320.2 73.8 320.1 74.0 320.0
  74.1 319.9 74.3 319.5 74.4 319.3 74.6 319.1 74.6 319.0 74.7 319.1 74.8 319.3
  74.8 319.4 74.9 319.6 74.9 319.9 75.0 320.1 75.1 320.4 75.1 320.7 75.2 321.1
  75.3 321.4 75.4 321.8 75.5 322.2 75.5 322.5 75.6 322.9 75.7 323.4 75.8 323.8
  75.8 324.2 75.9 324.7 76.0 325.1 76.1 325.5 76.2 325.9 76.3 326.4 76.4 326.8
  76.5 327.3 76.5 327.9 76.6 328.5 76.7 329.0 76.8 329.6 76.9 330.2 76.9 330.8
  77.0 331.4 77.0 332.0 77.1 332.6 77.1 333.2 77.1 333.7 77.1 334.3 77.1 334.8
  77.1 335.3 77.0 335.7 76.9 336.0 76.9 336.3 76.8 336.6 76.6 336.7 76.5 336.9
  76.4 337.0 76.2 337.0 76.0 337.0 75.8 337.0 75.6 336.9 75.4 336.7 75.2 336.6
  74.9 336.4 74.7 336.1 74.5 335.9 74.3 335.5 74.0 335.2 73.8 334.9 73.5 334.2
  73.3 333.6 73.1 333.0 72.8 332.3 72.6 331.7 72.3 331.0 72.0 330.4 71.7 329.6
  71.4 328.7 71.2 327.9 70.9 327.2 70.6 326.4 70.3 325.6 70.0 324.8 69.7 324.0
  69.5 323.3 69.1 322.6 68.7 321.9 68.3 321.2 67.8 320.5 67.4 319.9 66.9 319.2
  66.3 318.6 65.6 317.9 65.0 317.3 64.4 316.7 63.7 316.1 63.1 315.7 62.3 315.2
  61.6 314.8 60.9 314.5 60.2 314.3 59.5 314.0 58.8 313.9 58.1 313.7 57.4 313.6
  56.7 313.5 56.0 313.4 55.3 313.3 54.5 313.3 53.8 313.4 53.0 313.5 52.2 313.7
  51.4 313.8 50.7 313.9 50.0 313.9 49.3 313.9 48.6 313.9 47.9 313.9 47.3 313.9
  46.7 313.9 46.1 313.9 45.6 314.0 45.2 313.9 44.8 313.9 44.4 313.9 44.1 313.9
  43.8 313.9 43.6 314.0 43.3 314.1 43.1 314.2 42.9 314.4 42.7 314.6 42.5 314.8
  42.4 315.1 42.2 315.4 42.1 315.6 41.9 315.9 41.8 316.1 41.8 316.4 41.8 316.7
  41.8 317.0 41.8 317.2 41.8 317.5 41.7 317.9 41.7 318.2 41.7 318.5 41.7 318.9
  41.7 319.3 41.7 319.7 41.7 320.1 41.7 320.6 41.8 321.0 41.9 321.5 42.0 322.0
  42.0 322.5 42.1 323.0 42.2 323.5 42.3 324.0 42.4 324.6 42.4 325.1 42.5 325.7
  42.6 326.3 42.6 327.0 42.7 327.6 42.7 328.3 42.8 329.0 42.8 329.7 42.8 330.4
  42.8 331.1 42.9 331.9 42.9 332.6 43.0 333.3 43.0 334.1 43.1 334.8 43.1 335.5
  43.2 336.2 43.2 337.0 43.2 337.7 43.1 338.4 43.1 339.0 43.0 339.6 42.9 340.2
  42.8 340.8 42.6 341.3 42.5 341.8 42.3 342.3 42.1 342.8 41.9 343.2 41.7 343.7
  41.5 344.1 41.3 344.5 41.1 344.9 40.8 345.2 40.6 345.5 40.3 345.8 40.0 346.1
  39.7 346.4 39.4 346.6 39.1 346.7 38.8 346.9 38.5 347.1 38.1 347.3 37.7 347.4
  37.4 347.5 37.0 347.5 36.6 347.6 36.1 347.6 35.7 347.7 35.3 347.7 34.9 347.6
  34.4 347.6 34.0 347.6 33.6 347.5 33.1 347.4 32.7 347.2 32.3 347.1 31.9 347.0
  31.4 346.7 31.0 346.5 30.7 346.2 30.3 345.9 29.9 345.6 29.6 345.2 29.3 344.8
  29.1 344.4 28.8 344.0 28.6 343.6 28.4 343.1 28.1 342.7 27.9 342.2 27.7 341.8
  27.5 341.4 27.3 341.0 27.1 340.6 26.9 340.2 26.7 339.8 26.7 339.5 26.7 339.2
  26.7 338.9 26.7 338.6 26.7 338.3
  10 26 70  0.0
  72.5 321.4 73.0 321.5 73.4 321.6 73.8 321.8 74.3 321.9 74.7 321.5 75.2 321.1
  75.7 320.6 76.1 320.2 76.7 319.3 77.2 318.3 77.6 317.2 78.1 316.1 78.7 314.6
  79.1 312.8 79.5 310.9 79.9 308.7 80.2 306.2 80.5 303.5 80.8 300.6 81.1 297.5
  81.3 294.2 81.5 290.8 81.7 287.2 81.8 283.5 82.0 279.6 82.1 275.8 82.2 272.2
  82.2 268.7 82.1 265.5 82.0 262.6 81.9 259.9 81.7 257.2 81.5 254.6 81.3 252.2
  81.1 249.9 81.0 247.7 80.8 245.6 80.5 243.8 80.3 242.3 80.0 241.1 79.7 239.7
  79.5 238.5 79.2 237.5 78.9 236.6 78.5 235.8 78.2 235.1 77.8 234.6 77.5 233.9
  77.1 233.2 76.7 232.7 76.4 232.4 76.0 232.2 75.6 232.1 75.2 232.0 74.9 232.1
  74.5 232.2 74.1 232.5 73.7 232.8 73.3 232.8 73.0 232.8 72.6 232.9 72.3 232.9
  71.9 233.0 71.5 232.9 71.2 232.9 70.8 232.9 70.4 232.9 70.0 233.0 69.6 233.1
  69.3 233.2 68.9 233.4 68.5 233.6 68.1 233.8 67.7 234.0 67.4 234.0 67.0 234.0
  66.6 233.9 66.2 233.8 65.8 233.6 65.4 233.5 65.0 233.5 64.6 233.4 64.2 233.4
  63.8 233.3 63.4 233.3 63.0 233.2 62.6 233.1 62.2 232.9 61.8 232.7 61.5 232.4
  61.2 232.1 60.9 231.8 60.6 231.6 60.3 231.3 59.9 231.1 59.6 231.1 59.3 231.1
  59.0 231.0 58.7 231.0 58.4 230.9 58.1 230.8 57.8 230.7 57.5 230.7 57.2 230.7
  56.9 230.7 56.5 230.6 56.1 230.6 55.7 230.6 55.3 230.9 54.9 231.2 54.5 231.4
  54.1 231.6 53.7 231.7 53.3 231.8 52.8 231.9 52.4 231.9 52.0 231.8 51.6 231.6
  51.2 231.4 50.8 231.1 50.5 230.8 50.1 230.4 49.8 230.1 49.5 229.6 49.2 229.1
  49.0 228.7 48.7 228.2 48.6 227.7 48.4 227.2 48.3 226.7 48.3 226.2 48.3 225.6
  48.4 224.9 48.5 224.3 48.5 223.6 48.6 222.9 48.7 222.2 48.9 221.4 49.0 220.6
  49.2 219.8 49.3 218.9 49.5 218.1 49.7 217.2 49.8 216.3 50.0 215.3 50.2 214.3
  50.3 213.2 50.5 212.1 50.8 211.0 51.0 209.8 51.2 208.7 51.5 207.5 51.7 206.3
  52.0 205.1 52.2 204.0 52.4 203.0 52.7 202.0 52.9 201.1 53.2 200.2 53.5 199.4
  53.8 198.5 54.1 197.7 54.4 197.0 54.6 196.4 54.9 195.6 55.0 194.9 55.1 194.1
  55.2 193.3 55.3 192.4 55.3 191.5 55.5 190.6 55.6 189.8 55.7 188.9 55.8 188.1
  55.9 187.3 56.0 186.5 56.0 185.7 56.1 185.1 56.1 184.5 56.2 183.9 56.2 183.2
  56.2 182.6 56.2 182.0 56.2 181.4 56.2 180.8 56.1 180.3 56.1 179.8 56.0 179.3
  55.9 178.6 55.7 178.0 55.6 177.4 55.5 176.7 55.3 176.0 55.2 175.4 55.1 174.7
  55.0 174.0 54.9 173.3 54.8 172.7 54.7 172.0 54.7 171.4 54.6 170.7 54.5 170.1
  54.3 169.5 54.2 169.0 54.1 168.4 54.0 167.9 53.9 167.3 53.8 166.7 53.7 166.1
  53.6 165.6 53.5 165.1 53.4 164.6 53.3 164.1 53.2 163.6 53.1 163.1 52.9 162.7
  52.8 162.3 52.7 161.8 52.5 161.4 52.4 160.9 52.2 160.4 52.1 159.9 52.0 159.4
  51.9 158.9 51.8 158.4 51.6 158.0 51.5 157.5 51.3 157.1 51.2 156.7 51.0 156.3
  50.8 155.8 50.6 155.4 50.4 154.9 50.1 154.5 49.9 154.0 49.7 153.4 49.4 152.9
  49.2 152.3 49.0 151.7 48.8 151.2
  10 27 70  0.0
  72.5 321.4 72.9 321.0 73.2 320.6 73.6 320.2 73.9 319.7 74.2 319.1 74.5 318.2
  74.9 317.1 75.2 316.0 75.4 314.8 75.6 313.6 75.9 312.3 76.1 310.9 76.3 309.2
  76.4 307.5 76.5 305.8 76.6 304.1 76.7 302.3 76.7 300.5 76.7 298.7 76.6 296.9
  76.6 295.1 76.5 293.2 76.3 291.4 76.2 289.6 76.0 287.8 75.8 286.1 75.6 284.5
  75.4 282.9 75.1 281.4 74.8 280.0 74.5 278.7 74.1 277.4 73.7 276.3 73.3 275.2
  72.9 274.2 72.4 273.3 71.8 272.5 71.3 271.9 70.8 271.2 70.3 270.6 69.7 270.1
  69.2 269.7 68.6 269.4 68.1 269.1 67.5 268.8 66.9 268.7 66.4 268.7 65.8 268.6
  65.2 268.7 64.6 268.8 64.0 268.8 63.5 268.9 62.9 268.9 62.4 269.0 61.9 269.1
  61.4 269.1 61.0 269.1 60.6 269.2 60.1 269.3 59.7 269.4 59.3 269.5 58.9 269.6
  58.5 269.6 58.1 269.7 57.7 269.7 57.3 269.6 57.0 269.6 56.6 269.6 56.3 269.6
  55.9 269.5 55.6 269.5 55.3 269.5 55.0 269.4 54.7 269.4 54.4 269.4 54.2 269.4
  53.9 269.4 53.7 269.3 53.5 269.3 53.4 269.3 53.2 269.3 53.0 269.3 52.9 269.3
  52.8 269.3 52.6 269.4 52.5 269.4 52.4 269.4 52.3 269.4 52.2 269.4 52.0 269.4
  51.9 269.4 51.8 269.3 51.7 269.3 51.5 269.2 51.4 269.2 51.3 269.1 51.2 269.0
  51.0 268.9 50.9 268.8 50.7 268.8 50.6 268.7 50.4 268.6 50.3 268.5 50.1 268.4
  50.0 268.2 49.8 268.1 49.7 267.9 49.5 267.6 49.3 267.4 49.0 267.2 48.8 267.0
  48.7 266.8 48.5 266.6 48.3 266.4 48.1 266.2 48.0 266.0 47.9 265.7 47.7 265.5
  47.6 265.2 47.5 265.0 47.5 264.7 47.4 264.4 47.3 264.2 47.2 263.9 47.0 263.7
  46.8 263.4 46.5 263.1 46.3 262.9 46.1 262.6 45.9 262.3 45.7 262.0 45.6 261.7
  45.4 261.4 45.2 261.1 45.0 260.8 44.9 260.5 44.7 260.2 44.6 259.9 44.5 259.5
  44.3 259.2 44.2 258.9 44.1 258.5 44.0 258.2 43.9 257.8 43.9 257.5 43.8 257.1
  43.8 256.8 43.8 256.4 43.8 256.1 43.8 255.7 43.7 255.3 43.6 255.0 43.6 254.6
  43.5 254.2 43.5 253.8 43.5 253.4 43.5 253.1 43.5 252.7 43.5 252.3 43.5 251.9
  43.4 251.5 43.3 251.1 43.2 250.7 43.2 250.3 43.1 249.9 43.0 249.6 43.0 249.2
  43.0 248.8 42.9 248.4 42.9 248.0 42.9 247.7 42.7 247.3 42.6 246.9 42.5 246.5
  42.4 246.1 42.2 245.8 42.1 245.4 42.0 245.0 41.9 244.6 41.8 244.3 41.7 244.0
  41.6 243.7 41.5 243.4 41.4 243.1 41.2 242.8 41.1 242.5 41.0 242.2 40.8 241.9
  40.7 241.5 40.5 241.2 40.4 240.9 40.2 240.6 40.1 240.2 39.9 239.9 39.8 239.7
  39.7 239.4 39.6 239.2 39.4 239.0 39.3 238.7 39.1 238.5 39.0 238.2 38.8 237.9
  38.6 237.6 38.4 237.3 38.3 237.0 38.1 236.6 37.9 236.3 37.8 236.0 37.7 235.8
  37.6 235.6 37.5 235.3 37.4 235.0 37.3 234.8 37.2 234.5 37.1 234.2 37.0 233.9
  36.9 233.6 36.9 233.2 36.8 232.9 36.8 232.6 36.7 232.2 36.7 231.8 36.6 231.5
  36.5 231.1 36.5 230.6 36.4 230.2 36.4 229.7 36.4 229.2 36.4 228.6 36.4 228.0
  36.4 227.4 36.2 226.7 36.0 226.0 35.8 225.2 35.7 224.7 35.5 224.0 35.4 223.4
  35.1 222.7 34.9 222.0 34.7 221.3
  10 28 70  0.0
  72.5 321.4 72.7 321.0 72.9 320.7 73.1 320.3 73.3 320.0 73.4 319.6 73.6 319.3
  73.8 319.0 73.9 318.6 74.1 318.3 74.3 317.6 74.4 316.9 74.6 316.2 74.7 315.4
  74.8 314.6 75.0 313.8 75.2 313.0 75.3 312.1 75.5 311.1 75.6 310.1 75.8 309.1
  75.9 308.0 76.0 306.8 76.1 305.2 76.2 303.5 76.3 301.8 76.3 300.1 76.4 298.3
  76.4 296.6 76.4 294.8 76.3 293.0 76.3 291.3 76.3 289.5 76.2 287.8 76.1 286.2
  76.1 284.5 75.9 283.0 75.8 281.4 75.7 279.9 75.5 278.4 75.4 276.9 75.2 275.4
  75.1 273.9 74.9 272.5 74.6 271.1 74.4 269.8 74.1 268.5 73.8 267.3 73.5 266.1
  73.2 265.1 72.9 264.0 72.6 263.1 72.3 262.2 71.9 261.4 71.6 260.7 71.3 260.0
  70.9 259.5 70.7 258.9 70.4 258.5 70.1 258.0 69.8 257.6 69.5 257.6 69.2 257.6
  68.9 257.6 68.6 257.6 68.3 257.7 67.9 257.8 67.6 258.0 67.2 258.2 66.8 258.5
  66.4 258.8 66.0 259.0 65.6 259.3 65.1 259.6 64.7 259.9 64.3 260.2 63.7 260.4
  63.1 260.4 62.6 260.5 62.1 260.5 61.5 260.6 61.0 260.6 60.5 260.7 60.0 260.8
  59.5 260.9 59.0 261.0 58.5 261.1 58.0 261.2 57.5 261.2 57.1 261.1 56.6 261.0
  56.1 260.9 55.7 260.8 55.2 260.6 54.8 260.3 54.3 260.1 53.9 259.9 53.5 259.6
  53.0 259.3 52.6 259.0 52.2 258.7 51.8 258.5 51.4 258.1 51.0 257.8 50.6 257.4
  50.3 257.1 50.0 256.8 49.6 256.4 49.3 256.0 49.0 255.6 48.7 255.2 48.4 254.8
  48.2 254.4 47.9 254.0 47.7 253.6 47.5 253.2 47.3 252.8 47.2 252.4 47.0 252.1
  46.8 251.7 46.8 251.3 46.7 251.0 46.6 250.6 46.5 250.2 46.4 249.8 46.3 249.4
  46.2 249.0 46.1 248.6 45.9 248.2 45.8 247.8 45.6 247.4 45.5 247.0 45.3 246.6
  45.1 246.1 44.9 245.7 44.7 245.2 44.6 244.8 44.4 244.3 44.2 243.7 43.9 243.2
  43.6 242.6 43.3 242.0 43.0 241.4 42.7 240.7 42.4 240.0 41.9 239.2 41.4 238.5
  40.9 237.8 40.5 237.1 40.1 236.3 39.8 235.5 39.4 234.8 39.0 234.1 38.7 233.3
  38.4 232.5 38.1 231.6 38.0 230.7 37.8 229.8 37.7 228.9 37.6 228.0 37.8 227.0
  38.0 226.0 38.1 225.0 38.2 223.9 38.4 222.7 38.5 221.5 38.6 220.2 38.7 218.9
  39.0 217.5 39.2 216.1 39.5 214.8 40.0 213.5 40.5 212.3 40.9 211.2 41.4 210.1
  41.9 209.0 42.3 208.0 42.7 206.8 43.0 205.6 43.3 204.4 43.6 203.1 43.7 201.8
  43.9 200.6 44.1 199.5 44.1 198.2 44.2 197.0 44.2 195.8 44.2 194.6 44.2 193.4
  44.1 192.3 44.1 191.1 44.0 189.9 43.8 188.9 43.7 187.9 43.6 186.9 43.4 186.0
  43.2 185.1 43.0 184.2 42.8 183.3 42.4 182.4 42.0 181.5 41.7 180.7 41.3 179.9
  40.9 179.1 40.4 178.4 40.0 177.6 39.6 176.8 39.2 176.3 38.7 175.8 38.4 175.3
  38.0 174.8 37.6 174.3 37.2 174.0 36.8 173.7 36.4 173.4 36.0 173.1 35.5 172.9
  35.1 172.8 34.7 172.6 34.2 172.4 33.8 172.3 33.4 172.2 33.0 172.1 32.6 172.0
  32.3 171.9 32.0 171.9 31.7 171.9 31.4 171.9 31.2 172.0 30.8 172.1 30.5 172.3
  30.1 172.4 29.7 172.5 29.4 172.7 29.0 172.9 28.7 173.1 28.3 173.4 27.9 173.6
  27.5 173.9 27.2 174.2 26.8 174.6
  10 29 70  0.0
  72.5 321.4 72.7 320.0 72.9 318.7 73.0 317.3 73.1 315.9 73.2 314.6 73.2 313.3
  73.3 312.0 73.4 310.7 73.4 309.5 73.5 308.2 73.6 306.9 73.6 305.5 73.6 304.0
  73.6 302.5 73.7 301.0 73.7 299.5 73.8 298.0 73.9 296.3 74.0 294.7 74.0 292.9
  74.1 291.0 74.0 289.1 73.9 287.2 73.8 285.0 73.6 282.7 73.4 280.3 73.2 277.9
  72.9 275.7 72.5 273.5 72.1 271.6 71.6 269.9 71.2 268.3 70.7 266.9 70.2 265.7
  69.7 264.5 69.2 263.6 68.7 262.7 68.3 261.8 67.8 261.1 67.3 260.7 66.9 260.4
  66.4 260.1 66.0 259.9 65.6 260.0 65.3 260.1 64.9 260.3 64.5 260.5 64.1 260.8
  63.7 261.0 63.3 261.7 62.9 262.4 62.5 263.0 62.1 263.6 61.7 264.1 61.2 264.9
  60.7 265.5 60.2 266.1 59.6 266.7 59.0 267.2 58.5 267.8 57.8 268.3 57.3 268.8
  56.7 269.2 56.1 269.6 55.5 270.0 55.0 270.2 54.4 270.5 53.9 270.7 53.3 270.8
  52.8 270.9 52.2 271.0 51.7 271.0 51.1 271.1 50.6 271.1 50.0 271.1 49.5 271.1
  49.0 271.1 48.4 271.0 47.9 270.9 47.5 270.8 47.0 270.6 46.6 270.5 46.1 270.3
  45.7 270.1 45.3 270.1 44.9 270.0 44.5 269.9 44.1 269.7 43.8 269.6 43.4 269.6
  43.1 269.6 42.7 269.5 42.4 269.5 42.1 269.5 41.8 269.4 41.5 269.5 41.2 269.6
  40.9 269.7 40.6 269.8 40.3 269.9 40.1 269.9 39.8 270.0 39.5 270.2 39.2 270.5
  38.9 270.7 38.5 270.9 38.2 271.2 37.9 271.4 37.5 271.6 37.1 271.8 36.7 272.0
  36.3 272.2 35.9 272.3 35.5 272.2 35.1 272.1 34.8 272.1 34.5 272.0 34.0 271.9
  33.4 271.7 32.9 271.5 32.4 271.3 32.0 271.1 31.6 270.8 31.2 270.5 30.9 270.1
  30.6 269.8 30.4 269.5 30.1 269.2 30.0 268.9 29.8 268.6 29.7 268.3 29.6 268.0
  29.5 267.8 29.3 267.6 29.0 267.3 28.8 267.1 28.6 266.9 28.5 266.7 28.3 266.4
  28.2 266.2 28.1 265.9 28.1 265.7 28.0 265.5 28.0 265.2 28.0 265.0 28.0 264.7
  28.0 264.5 28.0 264.2 28.1 264.0 28.0 263.7 27.9 263.5 27.9 263.3 27.8 263.1
  27.8 262.9 27.8 262.7 27.7 262.5 27.7 262.3 27.7 262.1 27.7 261.9 27.7 261.6
  27.7 261.4 27.7 261.2 27.7 260.9 27.7 260.7 27.8 260.4 27.8 260.2 27.8 259.9
  27.7 259.6 27.6 259.4 27.5 259.1 27.4 258.9 27.2 258.7 27.1 258.4 27.1 258.2
  27.0 258.0 26.9 257.9 26.8 257.7 26.7 257.5 26.7 257.4 26.6 257.2 26.6 257.1
  26.5 256.9 26.5 256.8 26.4 256.6 26.4 256.4 26.3 256.3 26.2 256.1 26.1 255.9
  26.1 255.6 26.1 255.4 26.0 255.2 26.0 254.9 25.9 254.7 25.9 254.6 25.9 254.4
  25.8 254.2 25.7 253.9 25.7 253.7 25.6 253.5 25.6 253.2 25.5 253.0 25.4 252.7
  25.4 252.4 25.3 252.1 25.2 251.8 25.1 251.4 25.0 251.1 24.9 250.8 24.8 250.5
  24.6 250.1 24.5 249.8 24.3 249.6 24.1 249.3 24.0 249.0 23.7 248.9 23.5 248.8
  23.3 248.7 23.0 248.7 22.8 248.6 22.6 248.5 22.3 248.3 22.1 248.2 21.9 248.1
  21.6 248.1 21.4 248.1 21.2 248.0 21.0 248.0 20.9 247.9 20.7 247.8 20.6 247.7
  20.5 247.7 20.3 247.7 20.2 247.6 20.0 247.6 19.9 247.6-99.9 -99.9-99.9 -99.9
 -99.9 -99.9-99.9 -99.9-99.9 -99.9
  10 30 70  0.0
  72.5 321.4 72.6 321.3 72.8 321.2 72.9 321.2 73.1 321.2 73.3 321.2 73.5 321.3
  73.7 321.4 73.9 321.5 74.1 321.7 74.4 321.6 74.7 321.5 75.0 321.5 75.3 321.5
  75.6 321.4 75.8 321.1 76.1 320.7 76.4 320.2 76.7 319.5 76.9 318.8 77.1 318.1
  77.3 317.3 77.5 316.5 77.7 315.6 77.8 314.8 78.0 313.9 78.2 313.5 78.4 313.0
  78.5 312.3 78.6 311.5 78.7 310.6 78.8 309.5 78.8 308.3 78.9 307.0 78.9 305.6
  78.8 304.1 78.8 302.5 78.7 300.9 78.6 299.3 78.6 297.9 78.5 296.5 78.5 295.1
  78.4 293.9 78.4 292.6 78.3 291.4 78.1 290.3 78.0 289.2 77.8 287.4 77.6 285.7
  77.3 284.0 77.1 282.4 76.8 280.9 76.6 279.4 76.3 278.0 76.0 276.7 75.8 275.4
  75.5 273.6 75.3 271.9 75.0 270.5 74.6 269.3 74.3 268.3 73.9 267.4 73.5 266.4
  73.1 265.4 72.7 264.4 72.3 263.5 71.9 262.6 71.5 261.9 71.1 261.2 70.7 260.6
  70.3 260.0 69.9 259.5 69.5 259.4 69.0 259.2 68.6 259.1 68.2 258.9 67.8 258.7
  67.5 258.7 67.1 258.6 66.8 258.6 66.5 258.6 66.2 258.6 65.8 258.5 65.5 258.9
  65.3 259.2 65.0 259.6 64.7 259.8 64.4 260.1 64.1 260.3 63.7 260.4 63.4 260.8
  63.1 261.1 62.7 261.4 62.4 261.7 62.0 261.9 61.6 262.0 61.3 262.4 60.9 262.7
  60.6 262.9 60.2 263.0 59.8 263.1 59.4 263.2 58.9 263.3 58.5 263.4 58.1 263.4
  57.6 263.3 57.2 263.4 56.8 263.6 56.3 263.6 55.8 263.7 55.4 264.0 54.9 264.2
  54.6 264.4 54.2 264.6 53.8 264.7 53.5 264.8 53.2 265.0 52.8 265.1 52.5 265.3
  52.2 265.4 51.9 265.5 51.6 265.7 51.3 265.8 51.0 265.9 50.7 266.0 50.4 266.0
  50.1 266.0 49.8 266.0 49.5 266.0 49.2 265.9 49.0 265.9 48.7 265.9 48.5 265.8
  48.2 265.8 48.0 265.7 47.8 265.7 47.6 265.6 47.3 265.6 47.1 265.6 46.9 265.5
  46.6 265.4 46.4 265.4 46.1 265.3 45.9 265.2 45.7 265.2 45.4 265.1 45.2 265.1
  45.0 265.1 44.7 265.0 44.5 265.0 44.3 264.9 44.0 264.9 43.8 264.8 43.5 264.8
  43.2 264.7 42.9 264.7 42.6 264.6 42.3 264.6 42.0 264.5 41.7 264.4 41.4 264.2
  41.1 264.1 40.8 263.9 40.5 263.7 40.3 263.5 40.1 263.3 39.8 263.0 39.5 262.8
  39.2 262.5 38.9 262.2 38.6 262.0 38.3 261.7 38.0 261.4 37.7 261.1 37.4 260.7
  37.1 260.3 36.9 260.0 36.8 259.6 36.6 259.3 36.5 258.9 36.5 258.6 36.4 258.2
  36.3 257.9 36.2 257.5 36.2 257.1 36.1 256.7 36.1 256.3 36.1 255.9 36.1 255.5
  36.1 255.0 36.1 254.6 36.1 254.1 36.2 253.6 36.2 253.1 36.2 252.6 36.3 252.1
  36.3 251.5 36.3 251.0 36.2 250.5 36.2 250.0 36.2 249.6 36.1 249.1 36.1 248.7
  36.0 248.3 36.0 247.9 35.9 247.4 35.8 247.0 35.7 246.6 35.6 246.2 35.5 245.8
  35.3 245.3 35.2 244.9 35.1 244.5 34.9 244.1 34.8 243.6 34.8 243.2 34.8 242.8
  34.7 242.4 34.7 241.9 34.7 241.5 34.6 241.1 34.5 240.7 34.4 240.3 34.4 239.8
  34.3 239.4 34.2 239.0 34.2 238.5 34.1 238.0 34.1 237.5 34.0 236.9 34.0 236.3
  33.9 235.9 33.9 235.4 34.0 235.0 34.0 234.5 34.0 234.1 34.0 233.5 34.0 232.9
  34.0 232.2 34.0 231.6 34.2 230.9
  10 31 70  0.0
  72.5 321.4 72.5 321.6 72.5 321.8 72.5 321.9 72.5 322.0 72.5 322.1 72.5 322.2
  72.6 322.2 72.6 322.2 72.7 322.2 72.7 322.2 72.8 322.1 72.9 322.0 73.0 321.9
  73.0 321.8 73.1 321.7 73.2 321.6 73.3 321.4 73.4 321.3 73.5 321.2 73.6 321.1
  73.8 321.0 73.9 320.9 74.0 320.7 74.1 320.6 74.2 320.3 74.4 319.9 74.5 319.6
  74.6 319.4 74.8 319.1 74.9 318.9 75.1 318.7 75.3 318.5 75.5 318.3 75.7 318.2
  75.9 318.1 76.2 318.0 76.5 317.5 76.7 317.0 77.0 316.4 77.2 315.7 77.4 315.1
  77.6 314.4 77.8 313.6 77.9 312.9 78.1 312.1 78.3 311.6 78.5 311.2 78.7 310.9
  78.9 310.6 79.0 310.2 79.2 309.7 79.3 309.0 79.4 308.2 79.5 307.2 79.6 306.1
  79.6 304.9 79.7 303.6 79.7 302.1 79.7 300.6 79.7 299.0 79.7 297.4 79.7 295.8
  79.7 294.4 79.7 293.0 79.7 291.6 79.7 290.3 79.7 289.0 79.6 287.8 79.5 286.7
  79.4 285.6 79.2 284.6 79.0 283.7 78.7 282.8 78.4 282.0 78.2 281.2 78.0 280.3
  77.8 278.7 77.6 277.1 77.5 275.7 77.3 274.3 77.1 273.1 77.0 271.9 76.8 270.8
  76.6 269.8 76.4 268.8 76.2 267.9 75.9 266.8 75.7 265.8 75.4 264.7 75.2 263.6
  74.9 262.5 74.7 261.4 74.4 260.3 74.1 259.1 73.8 258.0 73.5 257.2 73.2 256.5
  72.9 255.8 72.6 255.1 72.2 254.4 71.8 253.7 71.5 253.3 71.2 252.8 70.9 252.4
  70.5 251.8 70.2 251.3 69.9 250.7 69.6 250.5 69.3 250.2 68.9 249.9 68.6 249.6
  68.3 249.3 68.0 249.0 67.7 248.6 67.5 248.5 67.2 248.3 67.0 248.2 66.8 248.0
  66.6 247.7 66.4 247.4 66.2 247.1 66.0 246.8 65.9 246.5 65.7 246.4 65.6 246.3
  65.5 246.2 65.3 246.2 65.2 246.0 65.1 245.9 65.1 245.8 65.0 245.7 64.9 245.6
  64.9 245.5 64.8 245.3 64.8 245.3 64.7 245.2 64.6 245.1 64.6 245.1 64.5 245.1
  64.4 245.2 64.3 245.2 64.2 245.3 64.1 245.4 64.0 245.5 64.0 245.6 63.9 245.6
  63.8 245.6 63.7 245.7 63.6 245.7 63.5 245.8 63.3 245.8 63.2 245.9 63.1 246.0
  63.0 246.1 62.8 246.2 62.7 246.3 62.5 246.4 62.4 246.6 62.2 246.7 62.0 246.9
  61.9 247.1 61.7 247.3 61.5 247.4 61.4 247.6 61.2 247.8 61.0 248.1 60.8 248.3
  60.5 248.6 60.3 248.8 60.0 249.1 59.8 249.3 59.5 249.4 59.2 249.5 59.0 249.6
  58.7 249.6 58.4 249.6 58.1 249.6 57.8 249.6 57.6 249.4 57.3 249.2 57.0 249.1
  56.7 248.9 56.4 248.7 56.2 248.5 55.9 248.3 55.7 248.0 55.6 247.7 55.5 247.3
  55.4 246.9 55.4 246.5 55.3 246.0 55.3 245.6 55.3 245.1 55.3 244.7 55.3 244.3
  55.3 243.9 55.2 243.5 55.2 243.2 55.1 242.9 55.1 242.6 55.1 242.3 55.1 242.0
  55.1 241.8 55.1 241.5 55.1 241.3 55.2 241.1 55.2 240.9 55.2 240.7 55.2 240.5
  55.1 240.3 55.1 240.1 55.1 239.9 54.8 239.8 54.6 239.7 54.3 239.5 54.0 239.4
  53.7 239.3 53.4 239.3 53.1 239.3 52.7 239.3 52.3 239.3 51.9 239.2 51.5 239.2
  51.0 239.2 50.6 239.1 50.1 239.0 49.6 238.9 49.0 238.6 48.5 238.3 48.0 238.0
  47.5 237.4 47.1 236.8 46.7 236.2 46.3 235.6 45.8 234.9 45.4 234.2 45.1 233.4
  44.8 232.5 44.6 231.7 44.2 230.9
