   8  1 67  0.0
  72.5 321.4 72.8 319.9 73.0 318.5 73.2 317.1 73.5 315.7 73.6 314.4 73.7 313.1
  73.9 311.8 73.9 310.5 74.0 309.3 74.0 308.1 74.0 306.7 74.0 305.4 74.0 304.0
  74.0 302.7 73.9 301.5 73.9 300.5 73.9 299.4 73.8 298.3 73.7 297.3 73.6 296.3
  73.6 295.3 73.5 294.3 73.4 293.3 73.2 292.3 73.1 291.4 73.0 290.4 72.9 289.4
  72.8 288.5 72.7 287.5 72.6 286.6 72.5 285.6 72.4 284.7 72.3 283.7 72.2 282.8
  72.1 281.8 72.0 280.8 71.9 279.9 71.8 279.7 71.7 279.6 71.6 279.5 71.5 279.3
  71.4 279.2 71.3 279.0 71.2 278.9 71.1 278.7 71.0 278.6 70.9 278.4 70.8 278.2
  70.7 278.0 70.5 277.8 70.4 277.7 70.3 277.5 70.2 277.4 70.1 277.2 69.9 277.1
  69.8 277.6 69.7 278.1 69.6 278.7 69.5 279.3 69.4 280.0 69.3 280.7 69.1 281.3
  69.0 282.0 68.9 282.7 68.8 283.4 68.7 284.2 68.6 284.9 68.5 285.6 68.4 286.3
  68.3 287.0 68.2 287.7 68.1 288.3 68.0 289.0 67.9 290.0 67.7 290.9 67.6 291.7
  67.4 292.5 67.3 293.3 67.2 294.1 67.1 294.8 67.0 295.5 66.9 296.1 66.8 296.7
  66.8 297.3 66.8 297.9 66.8 298.4 66.8 298.8 66.9 299.3 66.9 299.7 66.9 300.0
  67.1 300.3 67.3 300.6 67.5 300.9 67.7 301.2 67.9 301.4 68.1 301.7 68.3 302.0
  68.6 302.3 68.9 302.6 69.1 302.9 69.4 303.1 69.7 303.3 69.9 303.5 70.2 303.7
  70.5 303.8 70.9 303.8 71.2 303.8 71.5 303.7 71.8 303.6 72.0 303.4 72.4 302.8
  72.7 302.1 73.0 301.4 73.3 300.5 73.6 299.6 73.8 298.6 74.0 297.4 74.2 296.2
  74.4 294.7 74.5 293.0 74.6 291.2 74.6 289.4 74.6 287.5 74.4 285.6 74.3 283.7
  74.0 281.8 73.7 280.3 73.4 278.9 72.9 277.5 72.4 276.2 71.8 275.0 71.2 274.2
  70.6 273.4 70.0 272.5 69.4 272.0 68.6 271.4 67.8 270.8 67.0 270.5 66.1 270.2
  65.2 269.8 64.4 269.6 63.5 269.3 62.6 269.1 61.8 268.9 61.0 268.5 60.4 268.1
  59.8 267.7 59.1 267.2 58.5 266.7 57.9 266.2 57.4 265.6 56.9 265.0 56.6 264.5
  56.2 263.9 55.8 263.3 55.4 262.7 55.1 262.3 54.7 261.7 54.4 261.2 54.2 260.6
  53.9 260.0 53.7 259.3 53.5 258.5 53.3 257.7 53.2 256.7 53.1 255.7 53.0 254.6
  53.0 253.4 52.9 252.2 52.8 250.8 52.8 249.5 52.7 248.2 52.7 246.9 52.7 245.6
  52.6 244.3 52.6 243.1 52.7 241.9 52.7 240.7 52.7 239.6 52.8 238.5 52.8 237.5
  52.9 236.5 53.0 235.6 53.2 234.7 53.4 233.9 53.6 233.1 53.8 232.3 54.1 231.6
  54.4 230.6 54.7 229.6 55.0 228.6 55.4 227.5 55.7 226.5 56.1 225.6 56.5 224.3
  56.9 223.1 57.3 221.9 57.7 220.8 58.2 219.8 58.7 218.5 59.2 217.1 59.7 215.8
  60.3 214.4 60.9 212.7 61.5 211.0 62.0 209.1 62.5 207.2 62.8 205.2 63.1 203.1
  63.4 201.0 63.5 199.0 63.7 197.0 63.8 195.1 63.9 193.2 64.0 191.4 64.2 189.7
  64.3 188.0 64.5 186.4 64.7 184.8 64.9 183.1 65.1 181.5 65.3 179.8 65.6 178.1
  65.9 176.3 66.2 174.5 66.5 172.5 66.9 170.6 67.4 168.6 67.9 166.6 68.3 164.8
  68.8 163.0 69.2 161.3 69.6 159.5 70.0 157.8 70.3 156.1 70.7 154.3 71.0 152.6
  71.3 150.9 71.5 149.1 71.8 147.5
   8  2 67  0.0
  72.5 321.4 72.8 320.9 73.1 320.4 73.5 319.8 73.7 319.2 74.0 318.6 74.2 317.9
  74.5 316.9 74.7 315.9 74.9 314.8 75.1 313.7 75.3 312.5 75.5 311.3 75.7 310.1
  75.9 308.8 76.1 307.6 76.3 306.2 76.5 304.8 76.7 303.4 76.9 302.0 77.0 300.5
  77.2 299.1 77.4 297.6 77.6 296.1 77.7 294.5 77.8 293.0 77.9 291.4 78.0 290.0
  78.0 288.5 78.1 286.8 78.1 285.2 78.1 283.7 78.1 282.2 78.1 280.8 78.2 279.4
  78.2 278.0 78.2 276.7 78.2 275.4 78.2 274.1 78.2 272.8 78.2 271.5 78.2 270.2
  78.2 268.9 78.2 267.6 78.2 266.3 78.2 265.0 78.2 263.6 78.1 262.3 78.0 261.0
  78.0 259.6 77.9 258.2 77.8 256.8 77.7 255.5 77.7 254.3 77.6 253.1 77.6 251.9
  77.5 250.8 77.4 249.8 77.4 248.8 77.3 247.8 77.3 246.8 77.2 246.0 77.1 245.1
  77.0 244.2 76.9 243.4 76.8 242.5 76.8 241.6 76.7 240.6 76.6 239.6 76.5 238.6
  76.4 237.5 76.4 236.4 76.3 235.3 76.2 234.1 76.2 232.9 76.1 231.8 76.1 230.7
  76.0 229.6 76.0 228.6 76.0 228.0 75.9 227.4 75.9 226.8 75.9 226.1 75.9 225.5
  75.9 224.8 75.9 224.1 75.8 223.4 75.9 222.7 76.0 221.9 76.0 221.1 76.1 220.3
  76.2 219.5 76.4 218.6 76.6 217.8 76.8 216.9 77.0 216.0 77.2 215.1 77.4 214.2
  77.6 213.2 77.9 212.1 78.1 211.0 78.4 209.5 78.7 208.0 78.9 206.3 79.2 204.6
  79.4 202.8 79.7 200.9 79.9 198.9 80.1 196.9 80.4 194.9 80.7 193.0 81.0 191.2
  81.2 189.4 81.5 187.7 81.8 186.1 82.1 184.6 82.4 182.5 82.7 180.3 83.0 178.0
  83.2 175.7 83.4 173.3 83.6 170.8 83.8 168.4 83.9 166.1 84.1 163.8 84.3 161.0
  84.5 158.0 84.7 155.0 84.9 151.8 85.1 148.5 85.3 144.9 85.5 140.8 85.7 136.2
  85.8 131.0 85.9 125.3 85.9 119.3 85.9 113.0 85.9 106.7 85.9 100.4 85.8  94.4
  85.6  89.0 85.5  84.1 85.3  79.7 85.0  79.4 84.8  79.1 84.5  78.7 84.2  78.5
  83.9  78.2 83.6  77.9 83.4  77.6 83.1  77.3 82.8  77.1 82.5  76.9 82.2  76.6
  81.9  76.5 81.6  76.3 81.3  76.1 81.0  75.9 80.7  75.8 80.4  75.6 80.1  75.5
  79.8  75.3 79.6  75.2 79.4  75.0 79.1  74.9 78.9  74.7 78.6  74.6 78.3  74.6
  78.1  74.5 77.8  74.4 77.6  74.3 77.4  74.2 77.2  74.1 77.0  74.0 76.9  73.9
  76.7  73.8 76.6  73.7 76.5  73.6 76.4  73.5 76.3  73.4 76.3  73.3 76.2  73.2
  76.2  73.1 76.1  73.0 76.1  72.9 76.1  72.8 76.0  72.7 76.0  72.6 76.0  72.5
  76.0  72.4 76.0  72.4 76.0  72.3 76.1  72.2 76.1  72.1 76.1  72.0 76.1  71.9
  76.1  71.8 76.2  71.8 76.2  71.7 76.3  71.7 76.4  71.6 76.5  71.6 76.6  71.5
  76.8  71.5 76.9  71.5 77.1  71.5 77.3  71.5 77.5  71.4 77.6  71.3 77.8  71.3
  77.9  71.2 78.1  71.0 78.2  70.9 78.4  70.7 78.5  70.5 78.6  70.3 78.7  70.0
  78.7  69.8 78.8  69.6 78.9  69.4 78.9  69.2 79.0  69.1 79.0  68.9 79.0  68.8
  79.0  68.7 79.1  68.6 79.1  68.5 79.1  68.5 79.0  68.4 79.0  68.4 79.0  68.4
  79.0  68.4 79.0  68.3 79.1  68.3 79.1  68.3 79.2  68.3 79.3  68.3 79.4  68.2
  79.4  68.2 79.6  68.2 79.7  68.2
   8  3 67  0.0
  72.5 321.4 72.9 320.5 73.3 319.6 73.6 318.6 73.8 317.7 74.1 316.7 74.5 315.8
  74.7 314.9 75.0 313.9 75.3 313.0 75.6 312.0 75.8 311.0 76.1 310.0 76.4 309.0
  76.7 308.0 76.9 307.0 77.1 306.0 77.3 305.1 77.5 304.1 77.6 303.2 77.8 302.3
  77.9 301.4 78.0 300.6 78.1 299.8 78.2 298.9 78.2 297.9 78.3 297.0 78.3 296.0
  78.3 295.0 78.4 293.9 78.4 292.9 78.5 291.9 78.5 290.8 78.5 289.7 78.5 288.6
  78.6 287.5 78.6 286.4 78.6 285.3 78.6 284.2 78.6 283.0 78.6 281.8 78.6 280.6
  78.5 279.4 78.3 278.3 78.1 277.1 77.9 276.0 77.7 275.4 77.5 274.8 77.3 274.2
  77.0 273.6 76.7 273.0 76.5 272.4 76.2 271.8 75.9 271.2 75.7 270.8 75.5 270.3
  75.3 269.8 75.1 269.3 74.9 268.7 74.7 268.1 74.6 267.5 74.3 266.9 74.1 266.2
  73.8 265.6 73.6 265.2 73.4 264.7 73.2 264.2 73.0 263.6 72.8 263.1 72.6 262.4
  72.4 261.8 72.2 261.0 72.0 260.3 71.9 259.5 71.7 258.7 71.5 258.0 71.3 257.3
  71.2 256.5 71.0 255.8 70.7 255.1 70.5 254.4 70.2 253.8 69.9 253.1 69.7 252.4
  69.5 251.6 69.2 250.8 68.9 250.1 68.6 249.4 68.3 248.7 68.1 247.9 67.8 247.2
  67.5 246.5 67.3 245.7 67.1 244.8 66.9 244.0 66.7 243.1 66.5 242.2 66.4 241.3
  66.2 240.4 66.0 239.4 65.8 238.4 65.6 237.6 65.4 236.7 65.2 235.9 65.0 235.1
  64.8 234.3 64.6 233.5 64.5 232.8 64.3 232.0 64.1 231.3 64.0 230.5 63.9 230.1
  63.8 229.8 63.7 229.4 63.5 229.1 63.4 228.8 63.2 228.5 63.1 228.2 62.9 227.9
  62.8 227.7 62.7 227.4 62.6 227.2 62.5 227.0 62.3 226.8 62.2 226.6 62.1 226.4
  62.0 226.2 61.8 226.4 61.7 226.6 61.5 226.8 61.4 226.9 61.2 227.1 61.0 227.2
  60.8 227.3 60.6 227.3 60.3 227.4 60.0 227.4 59.7 227.4 59.4 227.4 59.1 227.4
  58.7 227.4 58.2 227.3 57.7 227.2 57.1 226.9 56.5 226.6 55.9 226.3 55.3 225.7
  54.7 225.1 54.1 224.4 53.5 223.7 53.1 222.9 52.7 222.0 52.4 221.0 52.0 220.0
  51.7 218.9 51.6 217.8 51.6 216.7 51.5 215.4 51.6 214.1 51.6 212.8 51.6 211.4
  51.8 210.1 51.9 208.7 52.1 207.4 52.5 205.8 52.9 204.3 53.3 202.8 53.9 201.4
  54.6 200.1 55.3 198.6 55.9 197.2 56.5 195.9 56.9 194.6 57.3 193.3 57.7 192.0
  58.1 190.7 58.4 189.6 58.8 188.4 59.2 187.2 59.5 186.1 59.9 185.1 60.4 184.0
  60.9 183.3 61.2 182.6 61.5 181.9 61.9 181.3 62.3 180.8 62.7 180.4 63.2 180.0
  63.5 179.7 63.9 179.3 64.3 179.0 64.7 178.8 65.1 178.5 65.5 178.3 65.9 178.1
  66.2 178.0 66.5 177.9 66.7 177.8 67.0 177.7 67.2 177.7 67.3 177.8 67.5 177.9
  67.6 178.0 67.7 178.3 67.8 178.6 67.9 178.9 67.9 179.2 68.0 179.6 68.1 179.2
  68.1 178.7 68.2 178.3 68.3 177.9 68.4 177.5 68.4 177.1 68.5 176.7 68.6 176.3
  68.7 175.9 68.7 175.4 68.8 175.0 68.8 174.5 68.9 174.0 69.0 173.4 69.1 172.9
  69.2 172.3 69.3 171.6 69.4 171.0 69.6 170.4 69.7 169.7 69.9 169.0 70.1 168.3
  70.2 167.3 70.4 166.3 70.5 165.2 70.6 164.1 70.7 162.9 70.7 161.8 70.7 160.6
  70.7 159.4 70.7 158.1 70.6 156.9
   8  4 67  0.0
  72.5 321.4 72.7 320.3 72.9 319.3 72.9 318.2 72.9 317.1 73.0 316.1 73.0 315.1
  72.9 314.1 72.8 313.2 72.7 312.4 72.7 311.6 72.5 310.8 72.3 310.1 72.1 309.3
  71.9 308.7 71.7 308.3 71.5 308.0 71.3 307.7 71.1 307.4 70.9 307.2 70.6 307.1
  70.3 306.9 70.1 306.8 69.8 306.8 69.5 307.0 69.2 307.3 68.9 307.5 68.6 307.7
  68.3 307.8 68.0 308.0 67.6 308.1 67.4 308.3 67.1 308.4 66.9 308.5 66.6 308.5
  66.3 308.6 66.1 308.6 65.8 308.7 65.5 308.8 65.2 308.9 64.8 308.9 64.5 309.1
  64.0 309.2 63.6 309.3 63.1 309.0 62.6 308.7 62.0 308.4 61.4 308.2 60.8 307.4
  60.1 306.5 59.4 305.9 58.8 304.9 58.1 304.1 57.3 303.4 56.7 302.5 56.1 301.7
  55.5 300.9 54.9 300.0 54.3 299.1 53.7 298.2 53.2 297.2 52.6 296.2 52.1 295.2
  51.6 294.2 51.1 293.2 50.7 292.2 50.3 291.2 50.1 290.1 49.8 289.1 49.6 288.1
  49.4 287.1 49.4 286.0 49.4 285.0 49.4 283.9 49.5 282.8 49.7 281.7 49.8 280.6
  50.0 279.6 50.3 278.6 50.6 277.5 50.9 276.5 51.2 275.6 51.6 274.7 52.0 273.8
  52.4 273.0 52.8 272.4 53.3 271.8 53.9 271.3 54.4 270.7 55.0 270.3 55.6 269.9
  56.1 269.5 56.7 269.2 57.3 268.9 57.9 268.5 58.4 268.1 59.0 267.9 59.5 267.8
  60.0 267.6 60.6 267.6 61.0 267.7 61.5 267.7 61.9 267.7 62.3 267.8 62.7 267.9
  63.1 268.1 63.4 268.2 63.7 268.4 64.0 268.6 64.3 268.8 64.6 269.1 64.8 269.4
  65.0 269.8 65.2 270.1 65.4 270.5 65.5 270.9 65.7 271.4 65.8 271.9 65.9 272.4
  65.9 272.9 65.9 273.5 65.9 274.1 66.0 274.8 66.0 275.6 66.0 276.4 65.9 277.4
  65.9 278.3 65.9 279.3 65.8 280.3 65.7 281.4 65.6 282.5 65.5 283.5 65.3 284.6
  65.1 285.6 64.9 286.5 64.7 287.5 64.4 288.3 64.2 289.2 63.9 289.9 63.6 290.5
  63.3 291.0 62.9 291.4 62.5 291.9 62.1 292.3 61.8 292.7 61.4 292.8 61.1 292.9
  60.7 293.0 60.3 293.2 59.9 293.3 59.5 293.2 59.1 293.0 58.6 292.9 58.2 292.7
  57.7 292.5 57.3 292.1 56.8 291.6 56.3 291.0 55.8 290.5 55.3 289.8 54.9 289.1
  54.4 288.4 54.0 287.8 53.6 287.1 53.2 286.2 52.8 285.2 52.4 284.2 52.0 283.1
  51.8 282.0 51.6 280.7 51.3 279.4 51.2 278.0 51.1 276.7 51.0 275.3 51.1 273.9
  51.1 272.5 51.2 271.1 51.4 269.7 51.6 268.3 51.8 266.9 52.1 265.5 52.4 264.0
  52.8 262.7 53.2 261.4 53.6 260.2 54.1 259.0 54.5 257.9 55.0 256.9 55.5 255.8
  56.0 254.8 56.4 253.8 57.0 252.8 57.6 251.7 58.1 250.7 58.7 249.6 59.2 248.5
  59.8 247.4 60.4 246.2 60.9 245.1 61.5 243.8 61.9 242.6 62.4 241.4 62.9 240.1
  63.4 238.7 63.8 237.3 64.2 235.9 64.6 234.6 64.9 233.2 65.3 231.9 65.6 230.6
  66.0 229.3 66.3 228.0 66.7 226.6 67.0 225.3 67.4 223.9 67.6 222.4 67.9 221.0
  68.2 219.4 68.4 217.8 68.6 216.2 68.8 214.6 68.9 213.0 69.1 211.5 69.2 209.9
  69.3 208.4 69.5 206.8 69.6 205.4 69.7 203.9 69.7 202.5 69.7 201.2 69.8 200.0
  69.8 198.8 69.8 197.6 69.8 196.6 69.8 195.5 69.9 194.5 69.9 193.5 69.9 192.5
  70.0 191.5 70.1 190.4 70.3 189.3
   8  5 67  0.0
  72.5 321.4 72.8 320.9 73.1 320.3 73.4 319.7 73.6 319.2 73.7 318.6 73.9 318.0
  74.0 317.4 74.1 316.9 74.3 316.8 74.4 316.8 74.6 316.8 74.7 316.7 74.9 316.7
  75.0 316.6 75.2 316.5 75.3 316.3 75.5 316.1 75.6 315.8 75.7 315.5 75.8 315.2
  75.9 314.8 76.0 314.4 76.1 314.0 76.2 313.7 76.3 313.4 76.4 313.1 76.5 312.8
  76.6 312.5 76.7 312.2 76.8 312.0 76.9 311.7 77.0 311.4 77.1 311.2 77.2 310.9
  77.3 310.7 77.4 310.5 77.5 310.3 77.6 310.0 77.7 309.7 77.9 309.4 78.0 309.0
  78.1 308.6 78.3 308.5 78.4 308.4 78.5 308.3 78.7 308.1 78.8 307.9 78.9 307.6
  79.0 307.4 79.1 307.1 79.2 306.7 79.3 306.4 79.5 305.9 79.6 305.5 79.8 305.0
  80.0 304.4 80.1 303.8 80.3 303.4 80.5 302.9 80.6 302.3 80.8 301.7 81.0 301.0
  81.1 300.2 81.3 299.3 81.4 298.4 81.5 297.3 81.6 296.2 81.7 295.1 81.7 293.9
  81.8 292.6 81.8 291.3 81.9 290.0 81.9 288.7 81.9 287.3 82.0 285.9 82.0 284.4
  82.0 282.9 82.0 280.9 82.1 278.9 82.0 276.8 81.9 275.3 81.9 273.8 81.8 272.4
  81.7 271.0 81.6 269.6 81.4 268.2 81.3 266.9 81.2 265.6 81.0 264.4 80.9 263.2
  80.7 262.0 80.6 260.9 80.4 259.9 80.2 258.9 80.0 258.0 79.8 257.1 79.6 257.1
  79.5 257.1 79.3 257.0 79.1 256.9 79.0 256.7 78.8 256.6 78.6 256.4 78.5 256.2
  78.3 255.9 78.1 255.7 78.0 255.4 77.9 255.1 77.8 255.0 77.6 254.7 77.5 254.4
  77.4 254.1 77.3 253.6 77.1 253.2 77.0 252.6 76.8 252.1 76.7 251.5 76.5 250.8
  76.4 250.2 76.2 249.5 76.0 248.7 75.9 248.0 75.7 247.6 75.6 247.1 75.4 246.7
  75.2 246.3 75.0 246.0 74.9 245.6 74.7 245.3 74.4 245.0 74.2 244.7 74.0 244.4
  73.8 244.3 73.5 244.1 73.3 243.9 73.1 243.7 72.9 243.5 72.7 243.2 72.5 243.0
  72.3 242.7 72.0 242.3 71.8 242.0 71.6 241.5 71.3 241.1 71.1 240.6 70.9 240.1
  70.7 239.6 70.4 239.0 70.2 238.4 69.9 237.8 69.6 236.9 69.4 236.0 69.1 235.1
  68.9 234.2 68.7 233.3 68.5 232.3 68.3 231.4 68.1 230.5 68.0 229.6 67.8 228.6
  67.7 227.6 67.6 226.6 67.5 225.6 67.4 224.6 67.3 223.5 67.3 222.5 67.3 221.5
  67.3 220.4 67.3 219.3 67.4 218.3 67.5 217.2 67.6 216.1 67.6 215.1 67.7 214.0
  67.8 212.9 67.9 211.8 68.0 210.6 68.1 209.4 68.2 208.2 68.2 207.0 68.3 205.8
  68.3 204.6 68.4 203.4 68.4 202.2 68.5 200.9 68.5 199.7 68.6 198.4 68.7 197.1
  68.7 195.8 68.8 194.4 68.9 193.0 68.9 191.6 69.0 190.2 69.1 188.7 69.1 187.3
  69.1 185.8 69.2 184.4 69.2 182.9 69.1 181.4 69.1 180.0 69.0 178.5 68.9 177.1
  68.9 175.6 68.8 174.1 68.7 172.6 68.5 171.2 68.4 169.7 68.3 168.2 68.2 166.6
  68.1 165.1 68.0 163.5 67.9 162.1 67.8 160.7 67.6 159.3 67.5 158.0 67.3 156.6
  67.2 155.2 67.0 153.9 66.8 152.6 66.6 151.4 66.4 150.3 66.1 149.2 65.9 148.1
  65.7 147.0 65.6 145.7 65.4 144.5 65.3 143.2 65.3 141.8 65.3 140.4 65.3 139.0
  65.3 137.8 65.4 136.6 65.5 135.4 65.8 134.4 66.0 133.3 66.2 132.3 66.4 131.5
  66.6 130.7 66.9 129.8 67.1 128.9
   8  6 67  0.0
  72.5 321.4 72.8 321.7 73.2 322.1 73.5 322.3 73.8 322.6 74.1 322.9 74.4 323.4
  74.7 324.0 75.0 324.5 75.3 325.0 75.6 325.5 75.9 326.0 76.1 326.5 76.3 327.0
  76.6 327.6 76.9 328.2 77.2 328.9 77.4 329.5 77.7 330.2 78.0 331.0 78.3 331.5
  78.6 332.1 79.0 332.6 79.3 333.3 79.6 333.9 79.8 334.6 80.1 335.4 80.4 335.4
  80.6 335.4 80.9 335.5 81.1 335.6 81.3 335.7 81.5 335.8 81.7 336.0 81.8 336.2
  81.9 336.4 82.1 336.7 82.2 335.8 82.4 334.7 82.5 333.6 82.7 332.2 82.9 330.7
  83.1 328.9 83.3 327.0 83.4 324.8 83.6 322.3 83.7 319.6 83.9 316.5 84.0 313.1
  84.1 309.4 84.2 305.0 84.2 300.5 84.2 296.1 84.2 291.7 84.1 287.4 83.9 283.2
  83.7 280.1 83.5 276.9 83.3 273.9 83.1 270.9 82.8 267.9 82.4 265.1 82.1 262.3
  81.7 259.6 81.3 257.5 80.9 255.4 80.5 253.4 80.0 251.5 79.5 249.7 79.1 248.1
  78.7 246.4 78.2 244.8 77.7 243.2 77.2 241.7 76.7 240.3 76.3 239.0 75.8 237.7
  75.4 236.7 75.0 235.7 74.6 234.7 74.1 233.8 73.7 232.9 73.4 232.2 73.0 231.5
  72.6 230.8 72.2 230.1 71.9 229.5 71.6 228.6 71.3 227.7 71.0 226.7 70.7 225.6
  70.5 224.5 70.2 223.3 69.9 222.1 69.7 220.9 69.4 219.7 69.1 218.5 68.7 217.3
  68.3 216.1 68.0 215.0 67.7 214.2 67.3 213.3 67.0 212.5 66.7 211.7 66.4 210.9
  66.0 210.1 65.7 209.3 65.3 208.8 64.9 208.4 64.5 207.9 64.3 207.5 64.0 207.0
  63.8 206.5 63.5 206.1 63.2 205.7 62.9 205.3 62.6 204.9 62.3 204.5 61.9 204.2
  61.5 203.8 61.2 203.5 60.9 203.2 60.6 202.9 60.2 202.5 59.8 202.2 59.4 201.5
  59.0 200.9 58.5 200.3 58.0 199.7 57.6 199.2 57.2 198.3 56.8 197.4 56.3 196.5
  55.7 195.7 55.5 194.5 55.3 193.4 55.0 192.3 54.7 191.2 54.5 190.1 54.3 189.1
  54.0 188.0 53.7 187.0 53.6 185.8 53.4 184.6 53.2 183.4 53.4 182.2 53.5 181.0
  53.5 179.9 53.7 178.8 53.8 177.8 53.9 176.9 54.0 176.0 54.1 175.5 54.4 175.0
  54.6 174.6 54.9 174.2 55.1 173.8 55.3 173.5 55.4 173.2 55.5 172.9 55.5 172.6
  55.5 172.4 55.4 172.2 55.2 172.0 55.0 171.9 55.1 171.8 55.2 171.8 55.3 171.8
  55.3 171.9 55.4 172.0 54.9 172.1 54.5 172.0 54.0 172.0 53.9 171.6 53.7 171.2
  53.6 170.8 53.4 170.4 53.1 170.0 52.8 169.6 52.4 169.2 52.0 168.8 51.5 168.5
  51.0 168.0 50.6 167.5 50.1 167.0 49.6 166.5 49.0 165.8 48.4 165.1 47.8 164.5
  47.2 163.6 46.8 162.6 46.4 161.8 45.8 160.9 45.3 160.0 45.1 159.1 45.0 158.3
  44.8 157.5 44.7 156.8 44.5 156.1 44.3 155.5 44.4 154.9 44.4 154.3 44.4 153.8
  44.4 153.3 44.4 152.8 44.3 152.4 44.2 151.9 44.2 151.5 44.2 151.0 44.1 150.5
  44.0 150.1 44.0 149.6 43.9 148.9 43.8 148.2 43.7 147.5 43.7 146.8 43.7 146.0
  43.7 145.2 43.7 144.4 43.7 143.6 43.7 142.8 43.7 142.0 43.6 141.2 43.5 140.4
  43.5 139.6 43.5 138.7 43.6 137.9 43.6 137.0 43.7 136.1 43.7 135.2 44.0 134.3
  44.2 133.4 44.5 132.7 44.7 132.0 45.2 131.3 45.7 130.6 46.2 130.0 46.7 129.5
  47.2 129.1 47.7 128.6 48.3 128.1
   8  7 67  0.0
  72.5 321.4 72.8 321.3 73.1 321.1 73.3 321.0 73.6 320.8 73.9 320.6 74.2 320.5
  74.6 320.6 74.9 320.7 75.2 320.8 75.5 320.9 75.8 321.1 76.1 321.3 76.4 322.0
  76.7 322.8 77.0 323.6 77.3 324.4 77.6 325.3 77.9 326.3 78.2 327.3 78.6 328.4
  78.9 329.5 79.3 330.7 79.6 331.9 80.0 333.3 80.3 334.7 80.7 335.9 81.0 337.1
  81.2 338.5 81.4 339.9 81.5 341.5 81.6 343.1 81.7 344.7 81.7 346.4 81.7 348.0
  81.6 349.7 81.5 351.3 81.4 352.7 81.3 354.0 81.2 355.2 81.1 356.3 80.9 357.3
  80.8 358.1 80.6 358.8 80.5 359.5 80.3 360.0 80.2   0.4 80.0   0.5 79.8   0.5
  79.6   0.7 79.4   0.8 79.2   0.9 79.0   1.1 78.7   1.2 78.4   1.3 78.0   1.4
  77.6   1.5 77.2   1.7 76.8   1.9 76.3   2.0 75.7   2.1 75.2   2.3 74.6   2.4
  73.9   2.5 73.3   2.5 72.6   2.4 72.0   2.4 71.3   2.2 70.6   2.1 69.9   1.9
  69.3   1.7 68.7   1.4 68.0   1.2 67.4   0.9 66.8   0.8 66.2   0.8 65.6   0.7
  65.0   0.8 64.4   0.8 63.8   0.9 63.2   1.0 62.6   1.0 61.9   1.1 61.3   1.1
  60.6   1.1 59.9   1.2 59.2   1.1 58.6   1.1 57.9   1.1 57.2   1.0 56.6   1.0
  55.9   0.9 55.3   0.8 54.7   0.7 54.0   0.6 53.4   0.6 52.8   0.3 52.2   0.1
  51.6 359.9 51.2 359.3 50.7 358.7 50.3 358.2 49.8 357.6 49.3 356.9 48.8 356.2
  48.3 355.4 48.0 354.7 47.6 353.6 47.3 352.5 46.9 351.3 46.7 350.0 46.6 348.9
  46.4 347.8 46.5 346.7 46.7 345.7 46.8 344.8 46.9 343.9 47.3 343.1 47.7 342.3
  48.0 341.6 48.3 340.8 48.6 340.2 48.9 339.6 49.1 339.0 49.3 338.4 49.5 337.8
  49.7 337.3 49.9 336.7 50.1 336.1 50.2 335.8 50.4 335.4 50.6 335.1 50.8 334.7
  51.0 334.3 51.2 333.9 51.4 333.4 51.6 332.9 51.8 332.3 52.1 331.6 52.5 331.2
  52.9 330.8 53.3 330.3 53.7 329.7 54.1 329.1 54.4 329.0 54.7 328.9 55.1 328.7
  55.4 328.4 55.7 328.1 56.0 327.7 56.3 327.7 56.6 327.6 56.9 327.5 57.2 327.3
  57.5 327.0 57.8 326.7 58.1 326.4 58.3 326.5 58.6 326.7 58.9 326.9 59.2 327.1
  59.4 327.3 59.7 327.5 60.0 327.6 60.3 327.8 60.6 328.5 60.8 329.3 61.0 330.0
  61.3 330.8 61.5 331.6 61.7 332.4 61.9 333.2 62.0 334.0 62.2 334.9 62.5 335.9
  62.7 336.9 62.8 337.7 63.0 338.5 63.2 339.3 63.4 339.9 63.7 340.5 63.8 341.0
  63.9 341.4 64.1 341.8 64.2 342.1 64.4 342.4 64.6 342.6 64.8 342.8 65.0 342.9
  65.2 342.9 65.5 342.9 65.7 342.9 66.0 342.8 66.3 343.0 66.7 343.1 67.1 343.3
  67.5 343.4 67.9 343.5 68.3 343.5 68.8 344.1 69.3 344.6 69.8 345.2 70.2 345.7
  70.7 346.7 71.2 347.8 71.7 348.9 72.1 350.0 72.5 351.1 72.8 352.3 73.1 353.5
  73.3 354.6 73.6 355.8 73.9 356.9 73.9 357.9 74.0 358.9 74.1 359.9 74.1   1.1
  74.0   1.4 73.9   1.6 73.8   1.8 73.7   2.0 73.5   2.2 73.4   2.4 73.3   2.6
  73.2   2.7 73.1   2.9 72.9   3.1 72.8   3.2 72.7   3.4 72.6   3.5 72.5   3.7
  72.3   3.8 72.2   3.9 72.0   4.0 71.8   4.1 71.5   4.1 71.2   4.2 70.8   4.2
  70.5   4.2 70.0   4.2 69.5   4.2
   8  8 67  0.0
  72.5 321.4 72.6 321.2 72.7 321.1 72.8 320.8 72.9 320.6 73.0 320.3 73.2 320.0
  73.3 319.7 73.3 319.3 73.3 318.9 73.3 318.5 73.3 318.1 73.3 317.7 73.3 317.2
  73.3 316.8 73.4 316.4 73.4 316.0 73.4 315.6 73.4 315.3 73.4 315.1 73.4 314.8
  73.4 314.6 73.5 314.4 73.6 314.2 73.7 314.0 73.8 313.8 73.9 313.7 74.1 313.5
  74.2 313.4 74.4 313.3 74.6 313.3 74.8 313.2 75.0 313.2 75.2 313.1 75.4 313.1
  75.6 313.1 75.9 313.1 76.1 313.1 76.4 313.3 76.7 313.6 76.9 313.9 77.2 314.2
  77.4 314.6 77.6 315.0 77.9 315.4 78.1 315.9 78.4 316.0 78.6 316.0 79.0 316.0
  79.2 315.9 79.5 315.8 79.7 315.8 79.8 315.7 80.0 315.7 80.2 315.1 80.3 314.5
  80.5 313.8 80.6 313.2 80.7 312.5 80.8 311.8 80.8 311.1 80.8 310.3 80.9 309.5
  80.9 308.6 80.9 307.5 80.9 306.4 80.8 305.1 80.8 303.7 80.7 302.1 80.6 300.5
  80.5 298.9 80.3 297.2 80.1 295.5 79.9 293.8 79.7 292.9 79.6 292.1 79.5 291.3
  79.3 290.6 79.1 290.0 79.0 289.3 78.9 288.8 78.8 288.2 78.7 287.7 78.6 287.3
  78.5 286.9 78.4 286.5 78.4 286.1 78.3 285.6 78.3 285.2 78.2 284.7 78.2 284.1
  78.2 283.5 78.2 282.9 78.1 282.2 78.1 281.5 78.1 280.8 78.2 280.0 78.2 279.1
  78.2 278.2 78.2 277.4 78.2 276.5 78.2 275.7 78.2 274.8 78.2 273.9 78.2 273.0
  78.2 272.1 78.3 271.2 78.2 270.3 78.2 269.4 78.2 268.4 78.2 267.5 78.1 266.4
  78.1 265.4 78.0 264.3 78.0 263.2 77.9 262.1 77.8 261.5 77.7 260.8 77.6 260.0
  77.6 259.2 77.5 258.4 77.4 257.4 77.3 256.5 77.2 255.5 77.0 254.5 76.9 253.4
  76.8 252.3 76.7 251.2 76.6 250.1 76.5 248.9 76.4 247.7 76.1 246.5 75.9 245.3
  75.7 244.6 75.6 243.9 75.3 243.3 75.1 242.6 74.9 242.1 74.7 241.5 74.5 241.0
  74.3 240.6 74.1 240.1 73.9 239.7 73.7 239.3 73.6 238.9 73.4 238.4 73.3 238.0
  73.2 237.5 73.1 237.0 73.1 236.5 73.1 236.0 73.1 235.5 73.0 234.9 72.9 234.4
  72.9 233.8 72.9 233.2 72.9 232.6 72.9 232.0 72.7 231.3 72.6 230.5 72.6 229.6
  72.5 228.7 72.5 227.6 72.3 226.5 72.1 225.4 72.0 224.2 71.9 223.1 71.6 222.1
  71.3 221.0 71.1 219.8 70.7 218.7 70.3 217.6 70.0 216.5 69.7 215.3 69.3 214.3
  69.0 213.2 68.6 212.2 68.3 211.1 68.0 210.0 67.6 209.0 67.3 208.0 67.0 206.9
  66.6 205.9 66.3 204.9 66.0 203.8 65.7 203.0 65.4 202.1 65.2 201.3 64.9 200.4
  64.7 199.5 64.5 198.6 64.3 197.6 64.1 196.7 63.9 195.7 63.7 195.0 63.5 194.3
  63.3 193.7 63.1 193.0 62.9 192.4 62.7 191.7 62.5 191.1 62.4 190.4 62.3 189.6
  62.2 188.8 62.1 188.0 62.1 187.1 62.1 186.2 62.0 185.2 62.0 184.3 61.9 183.6
  61.9 182.9 61.8 182.2 61.7 181.5 61.7 180.8 61.6 180.2 61.5 179.5 61.4 178.9
  61.3 178.3 61.2 177.7 61.1 177.1 61.0 176.5 60.9 176.0 60.9 175.4 60.8 174.9
  60.7 174.3 60.7 173.8 60.7 173.2 60.6 172.6 60.6 172.1 60.6 171.5 60.6 170.9
  60.6 170.3 60.7 169.8 60.7 169.3 60.6 168.8 60.6 168.3 60.6 167.9 60.6 167.5
  60.6 167.1 60.7 166.7 60.7 166.4
   8  9 67  0.0
  72.5 321.4 72.3 322.1 72.2 322.8 72.0 323.5 71.9 324.2 71.9 324.4 71.8 324.6
  71.8 324.8 71.8 325.0 71.8 325.3 71.8 325.6 71.8 325.9 71.9 326.3 71.9 326.6
  71.9 327.0 72.0 327.2 72.0 327.4 72.1 327.9 72.2 328.4 72.4 328.7 72.6 329.0
  72.8 329.2 73.1 329.4 73.3 329.5 73.6 329.5 73.9 329.4 74.1 329.3 74.4 329.0
  74.7 328.8 75.0 328.5 75.3 328.1 75.6 327.7 75.9 327.2 76.1 326.7 76.4 326.2
  76.7 325.7 76.9 325.2 77.2 324.7 77.5 324.2 77.8 323.7 78.0 323.4 78.2 323.0
  78.4 322.9 78.6 322.8 78.9 322.8 79.1 322.7 79.3 322.8 79.5 322.9 79.6 323.0
  79.8 323.2 80.0 323.5 80.1 323.8 80.2 323.9 80.4 324.1 80.6 324.4 80.7 324.8
  80.9 325.3 81.0 326.0 81.1 326.8 81.2 327.9 81.2 329.1 81.3 330.5 81.3 332.0
  81.4 333.5 81.5 335.1 81.6 336.9 81.7 338.7 81.8 340.7 81.8 342.8 81.9 345.1
  82.0 347.6 82.0 350.4 82.1 352.1 82.0 353.7 82.0 355.3 82.0 356.8 81.8 359.5
  81.7   1.9 81.5   2.2 81.3   2.4 81.1   2.7 80.9   2.9 80.6   3.1 80.3   3.3
  80.0   3.5 79.7   3.6 79.4   3.9 79.1   4.1 78.7   4.3 78.3   4.5 77.9   4.7
  77.5   4.9 77.0   5.1 76.5   5.2 75.9   5.4 75.4   5.6 74.8   5.8 74.2   6.0
  73.5   6.1 72.8   6.3 72.0   6.5 71.2   6.6 70.3   6.7 69.5   6.8 68.7   6.9
  67.9   6.9 67.2   7.0 66.5   7.0 65.9   7.0 65.3   7.1 64.7   7.1 64.1   7.1
  63.6   7.1 63.0   7.1 62.5   7.1 61.9   7.1 61.4   7.1 60.9   7.1 60.3   7.1
  59.8   7.1 59.2   7.1 58.6   7.1 58.1   7.0 57.4   7.0 56.8   6.9 56.2   6.7
  55.5   6.6 54.8   6.3 54.1   6.1 53.4   5.9 52.7   5.5 52.1   5.1 51.4   4.7
  50.7   4.1 50.1   3.6 49.7   3.0 49.2   2.3 48.8   1.6 48.3   0.9 47.9   0.3
  47.5 359.5 47.2 358.5 46.8 357.4 46.5 356.4 46.2 355.4 46.0 354.5 45.8 353.5
  45.6 352.4 45.5 351.3 45.4 350.2 45.3 349.0 45.2 347.8 45.3 346.7 45.3 345.6
  45.4 344.5 45.5 343.4 45.9 342.4 46.4 341.3 46.9 340.5 47.3 339.7 47.8 338.9
  48.2 338.2 48.6 337.6 49.0 337.1 49.4 336.5 49.8 336.0 50.0 335.4 50.1 334.9
  50.3 334.6 50.5 334.3 50.7 334.0 50.9 333.7 51.1 333.4 51.3 333.1 51.5 332.7
  51.7 332.4 51.9 332.1 52.1 331.7 52.5 331.4 52.9 331.1 53.3 330.8 53.7 330.5
  54.1 330.1 54.5 330.0 54.8 329.9 55.2 329.8 55.5 329.7 55.8 329.6 56.1 329.5
  56.3 329.7 56.6 330.0 56.8 330.3 57.0 330.6 57.2 331.0 57.4 331.3 57.6 331.6
  57.8 331.9 58.0 332.2 58.4 332.6 58.8 333.0 59.2 333.4 59.5 333.9 59.9 334.3
  60.3 334.8 60.6 335.6 61.0 336.6 61.4 337.5 61.7 338.5 62.0 339.5 62.3 340.6
  62.5 341.7 62.7 342.8 62.9 343.9 63.0 344.9 63.1 345.8 63.1 346.6 63.1 347.3
  63.0 347.8 63.0 348.3 62.8 348.6 62.6 348.8 62.3 348.9 62.0 349.0 61.7 349.0
  61.3 348.9 60.9 348.7 60.4 348.5 59.9 348.3 59.4 347.9 58.9 347.5 58.4 347.2
  57.8 346.8 57.2 346.2 56.5 345.6 55.9 345.0 55.3 344.0 54.6 343.1 54.1 342.1
  53.5 341.2 53.0 340.0 52.7 338.7
   8 10 67  0.0
  72.5 321.4 72.3 321.8 72.2 322.3 72.0 322.7 71.9 323.0 71.8 323.0 71.7 323.0
  71.6 323.0 71.5 322.9 71.4 323.0 71.3 323.0 71.2 323.0 71.1 323.0 71.1 323.1
  71.0 323.1 70.9 323.2 70.8 323.2 70.7 323.3 70.6 323.4 70.5 323.4 70.3 323.5
  70.2 323.6 70.0 323.6 69.8 323.7 69.6 323.4 69.4 323.1 69.2 322.8 69.0 322.5
  68.9 322.2 68.7 321.9 68.5 321.6 68.4 321.3 68.3 321.0 68.1 320.7 68.0 320.4
  67.9 320.1 67.8 319.4 67.7 318.7 67.5 318.1 67.3 317.5 67.1 317.0 66.9 316.5
  66.7 316.1 66.5 315.7 66.1 315.4 65.8 315.0 65.4 314.7 65.1 314.4 64.8 314.2
  64.4 313.9 64.1 313.7 63.8 313.5 63.5 313.1 63.2 312.7 62.9 312.3 62.6 311.9
  62.2 311.5 61.8 311.0 61.5 310.2 61.2 309.3 60.9 308.4 60.7 307.5 60.4 306.6
  60.1 305.7 59.8 304.8 59.5 303.7 59.2 302.5 58.9 301.3 58.6 300.2 58.3 299.0
  58.0 297.9 57.7 296.9 57.4 295.4 57.2 293.9 57.0 292.5 56.8 291.0 56.7 289.5
  56.5 288.1 56.3 286.6 56.1 285.3 55.9 284.0 55.8 282.6 55.7 281.3 55.6 280.1
  55.4 278.8 55.4 277.6 55.3 276.4 55.3 275.3 55.3 274.1 55.4 273.0 55.4 271.8
  55.5 270.7 55.6 269.5 55.7 268.4 55.8 267.3 56.0 266.1 56.2 265.3 56.4 264.4
  56.7 263.5 57.0 262.7 57.3 261.8 57.6 260.9 57.9 259.9 58.3 259.0 58.6 258.3
  59.0 257.5 59.4 256.8 59.7 256.0 60.1 255.2 60.5 254.6 60.9 254.0 61.3 253.4
  61.7 252.7 62.1 252.0 62.6 251.5 63.0 251.0 63.5 250.5 63.9 249.9 64.3 249.2
  64.8 248.8 65.2 248.4 65.6 247.9 66.0 247.4 66.4 247.0 66.8 246.5 67.2 245.9
  67.5 245.2 67.8 244.5 68.1 243.7 68.5 243.0 68.8 242.2 69.2 241.4 69.5 240.6
  69.8 239.7 70.1 238.7 70.4 237.9 70.6 236.9 70.9 235.9 71.1 234.9 71.3 233.8
  71.5 232.6 71.7 231.3 71.8 229.9 72.0 228.4 72.1 226.8 72.3 225.1 72.4 223.4
  72.5 221.6 72.6 219.7 72.6 217.8 72.7 215.8 72.7 213.8 72.7 211.8 72.7 209.7
  72.6 207.7 72.5 205.7 72.4 203.8 72.3 201.8 72.2 199.9 72.0 198.0 71.8 196.4
  71.6 194.9 71.4 193.4 71.2 192.0 71.0 190.5 70.8 189.0 70.6 187.5 70.5 185.9
  70.4 184.4 70.4 182.8 70.3 181.2 70.3 179.7 70.3 178.1 70.3 176.6 70.3 175.0
  70.3 173.5 70.3 171.9 70.4 170.3 70.4 168.7 70.5 167.1 70.6 165.4 70.8 163.6
  70.8 161.8 70.9 160.1 71.0 158.4 71.0 156.7 71.1 155.2 71.2 153.7 71.4 152.3
  71.5 151.0 71.8 149.7 72.1 148.6 72.4 147.6 72.8 146.6 73.2 145.6 73.5 144.6
  73.8 143.5 74.1 142.3 74.5 140.9 74.8 139.4 75.0 137.7 75.3 135.9 75.5 133.9
  75.7 131.8 75.7 129.5 75.7 127.0 75.6 124.3 75.5 121.7 75.3 119.1 75.1 116.5
  74.9 113.8 74.8 111.2 74.6 108.5 74.5 105.7 74.4 102.8 74.2  99.8 74.3  96.6
  74.3  93.2 74.3  90.0 74.4  86.8 74.5  83.6 74.5  80.4 74.6  77.2 74.6  76.3
  74.5  75.5 74.5  74.7 74.4  73.8 74.2  73.0 74.0  72.1 73.8  71.3 73.7  70.4
  73.6  69.5 73.5  68.7 73.4  67.9 73.3  67.0 73.1  66.2 72.9  65.5 72.7  64.7
  72.5  63.9 72.1  63.2 71.7  62.4
   8 11 67  0.0
  72.5 321.4 72.2 321.0 71.9 320.7 71.6 319.9 71.3 319.2 70.9 318.5 70.6 317.9
  70.3 317.3 69.9 316.7 69.6 316.3 69.3 315.8 69.0 315.4 68.7 315.1 68.5 314.7
  68.2 314.4 68.0 314.1 67.7 314.0 67.5 313.8 67.4 313.7 67.2 313.6 67.0 313.5
  66.9 313.4 66.8 313.3 66.6 313.3 66.6 313.2 66.5 313.1 66.4 313.1 66.3 313.0
  66.2 313.0 66.1 312.9 65.9 312.9 65.8 312.8 65.7 312.7 65.6 312.5 65.4 312.4
  65.3 312.2 65.2 312.0 65.1 311.7 65.1 311.4 65.0 311.2 65.0 310.8 64.9 310.5
  64.9 310.2 64.8 309.8 64.8 309.4 64.7 309.0 64.6 308.6 64.6 308.1 64.5 307.6
  64.6 307.0 64.6 306.5 64.6 305.9 64.5 305.3 64.5 304.7 64.4 304.1 64.2 303.5
  64.2 302.9 64.1 302.3 64.0 301.7 63.9 300.8 63.8 299.8 63.8 298.8 63.8 297.9
  63.7 296.9 63.6 295.9 63.6 294.9 63.6 294.0 63.6 293.0 63.6 292.0 63.5 291.1
  63.5 290.1 63.6 289.1 63.6 288.1 63.6 287.1 63.7 286.1 63.8 285.1 63.8 284.2
  63.9 283.3 63.9 282.5 64.0 281.7 64.1 281.2 64.2 280.7 64.2 280.2 64.3 279.8
  64.4 279.5 64.5 279.1 64.6 278.8 64.7 278.4 64.8 278.1 64.9 277.7 65.0 277.4
  65.1 277.1 65.3 276.7 65.4 276.3 65.5 276.0 65.7 275.6 65.8 275.2 66.0 274.8
  66.1 274.4 66.3 274.3 66.5 274.2 66.7 274.0 66.9 273.9 67.1 273.8 67.3 273.6
  67.4 273.5 67.6 273.4 67.8 273.3 68.0 273.2 68.2 273.4 68.4 273.6 68.6 273.8
  68.7 274.1 68.9 274.4 69.0 274.7 69.1 275.0 69.2 275.4 69.3 275.8 69.3 276.3
  69.3 276.7 69.3 277.3 69.3 277.9 69.2 278.5 69.2 279.1 69.1 279.8 69.1 280.5
  68.9 281.2 68.8 281.9 68.6 282.6 68.4 283.3 68.3 283.9 68.1 284.6 67.8 285.2
  67.6 285.7 67.3 286.1 67.1 286.4 66.8 286.8 66.6 287.1 66.3 287.3 66.1 287.5
  65.8 287.7 65.6 287.5 65.3 287.4 65.1 287.2 64.8 287.0 64.5 286.8 64.2 286.5
  63.8 286.3 63.5 285.9 63.1 285.5 62.7 285.1 62.3 284.7 61.9 284.2 61.5 283.6
  61.1 282.9 60.8 282.2 60.4 281.5 60.0 280.8 59.6 280.1 59.3 279.3 59.2 278.6
  59.1 277.8 59.0 277.0 58.9 276.2 58.9 275.4 59.0 274.6 59.1 273.8 59.2 273.0
  59.3 272.2 59.4 271.3 59.8 270.5 60.1 269.7 60.4 268.9 60.7 268.0 61.0 267.2
  61.5 266.3 61.9 265.5 62.3 264.6 62.7 263.8 63.2 262.9 63.7 262.1 64.2 261.2
  64.8 260.8 65.3 260.3 65.8 259.8 66.3 259.2 66.8 259.1 67.3 259.0 67.8 258.8
  68.3 258.6 68.7 259.0 69.2 259.5 69.6 260.0 70.0 260.5 70.3 261.1 70.5 261.9
  70.8 262.8 71.0 263.7 71.3 264.6 71.4 265.6 71.5 266.5 71.6 267.4 71.7 268.3
  71.6 269.1 71.6 269.9 71.5 270.6 71.4 271.2 71.4 271.7 71.3 272.2 71.2 272.5
  71.1 272.8 71.0 273.0 70.9 273.2 70.8 273.3 70.7 273.3 70.6 273.3 70.6 273.3
  70.5 273.2 70.5 273.1 70.4 272.9 70.3 272.8 70.2 272.7 70.1 272.5 70.0 272.4
  69.9 272.2 69.7 271.9 69.5 271.6 69.3 271.3 69.0 271.0 68.7 270.6 68.5 270.3
  68.2 270.0 68.0 269.6 67.8 269.0 67.6 268.4 67.4 267.7 67.2 267.1 67.0 266.4
  66.8 265.7 66.6 265.0 66.4 264.2
   8 12 67  0.0
  72.5 321.4 72.2 320.0 71.8 318.7 71.5 317.6 71.2 316.6 70.8 315.6 70.4 314.8
  70.0 314.0 69.6 313.4 69.2 312.9 68.9 312.5 68.4 312.1 68.0 311.7 67.7 311.3
  67.3 311.0 67.0 310.7 66.7 310.4 66.4 310.1 66.1 309.8 65.7 309.5 65.4 309.3
  65.1 309.0 64.7 308.7 64.4 308.5 64.0 308.3 63.6 308.0 63.2 307.8 63.0 307.5
  62.8 307.3 62.6 307.0 62.4 306.8 62.2 306.6 61.9 306.4 61.7 305.9 61.4 305.5
  61.1 305.0 60.7 304.6 60.3 304.3 60.0 303.9 59.7 303.1 59.5 302.3 59.2 301.4
  59.0 300.6 58.7 299.8 58.7 299.0 58.6 298.1 58.5 297.3 58.4 296.4 58.2 295.6
  58.3 294.8 58.3 294.0 58.2 293.2 58.1 292.5 58.0 291.8 58.1 291.2 58.1 290.6
  58.1 289.9 58.0 289.4 57.9 288.8 57.7 288.0 57.8 287.2 57.9 286.5 57.9 285.7
  57.9 284.9 57.9 284.1 57.9 283.3 58.1 282.5 58.3 281.8 58.4 281.1 58.6 280.3
  58.7 279.6 58.9 278.9 59.2 278.1 59.4 277.4 59.6 276.8 59.9 276.1 60.1 275.5
  60.4 275.0 60.7 274.5 60.9 274.0 61.2 273.5 61.4 273.0 61.7 272.6 61.9 272.1
  62.0 271.7 62.3 271.3 62.6 270.9 62.9 270.5 63.2 270.1 63.4 269.8 63.7 269.4
  63.9 269.0 64.2 268.6 64.4 268.2 64.6 267.8 65.0 267.4 65.3 267.0 65.6 266.6
  65.9 266.2 66.3 265.8 66.6 265.5 66.9 265.2 67.3 265.0 67.6 264.7 67.9 264.5
  68.2 264.3 68.5 264.2 68.8 264.0 69.1 263.9 69.5 263.8 69.8 263.8 70.1 263.7
  70.5 263.5 70.8 263.3 71.0 263.2 71.3 263.1 71.5 263.0 71.8 262.9 72.0 262.9
  72.1 262.8 72.3 262.8 72.5 262.9 72.6 262.9 72.8 263.1 72.9 263.2 73.0 263.4
  73.2 263.7 73.3 264.0 73.4 264.3 73.5 264.7 73.6 265.1 73.6 265.6 73.7 266.1
  73.8 266.6 73.9 267.1 73.9 267.7 73.9 268.3 73.9 268.9 73.8 269.6 73.8 270.3
  73.7 271.1 73.6 271.9 73.5 272.8 73.3 273.8 73.1 274.8 73.0 276.0 72.8 277.1
  72.6 278.2 72.4 279.2 72.2 280.2 72.0 281.2 71.8 282.2 71.7 283.1 71.5 284.0
  71.4 284.9 71.2 285.7 71.1 286.4 70.9 287.0 70.8 287.6 70.6 288.2 70.5 288.8
  70.3 289.4 70.1 290.0 70.0 290.6 69.8 290.8 69.6 291.1 69.5 291.3 69.3 291.5
  69.1 291.7 69.0 291.9 68.8 292.0 68.5 292.2 68.3 292.4 68.0 292.6 67.8 292.7
  67.5 292.4 67.3 292.1 67.1 291.8 66.9 291.5 66.8 291.3 66.6 291.0 66.4 290.8
  66.2 290.6 66.1 290.4 65.9 290.3 65.8 289.7 65.7 289.1 65.6 288.6 65.5 288.0
  65.5 287.5 65.3 286.9 65.2 286.4 65.0 285.9 64.8 285.5 64.7 285.0 64.6 284.6
  64.4 284.2 64.3 283.9 64.2 283.5 64.0 283.2 63.9 282.9 63.8 282.2 63.7 281.5
  63.6 280.8 63.5 280.0 63.5 279.3 63.3 278.6 63.2 277.8 63.1 277.1 62.9 276.3
  62.8 275.5 62.7 274.7 62.7 273.8 62.6 272.9 62.5 272.0 62.4 271.1 62.4 270.1
  62.4 269.1 62.4 268.0 62.4 267.0 62.5 265.9 62.6 264.8 62.6 263.7 62.9 262.5
  63.1 261.5 63.3 260.4 63.5 259.4 63.8 258.4 64.2 257.4 64.5 256.5 64.8 255.6
  65.3 254.7 65.7 253.9 66.1 253.1 66.5 252.6 66.8 252.1 67.1 251.5 67.4 250.9
  67.7 250.2 68.0 249.4 68.2 248.6
   8 13 67  0.0
  72.5 321.4 72.4 320.4 72.2 319.4 72.0 318.3 71.7 317.7 71.4 317.1 71.2 316.5
  70.9 315.8 70.4 315.2 69.9 314.5 69.5 314.4 69.1 314.2 68.7 314.0 68.3 313.7
  67.9 313.5 67.5 313.7 67.2 313.9 66.9 314.1 66.7 314.3 66.4 314.6 66.2 314.8
  65.9 315.1 65.8 315.5 65.6 316.1 65.4 316.6 65.2 317.1 64.9 317.6 64.7 318.1
  64.4 318.5 64.1 318.8 63.8 319.0 63.5 318.9 63.2 318.8 62.8 318.6 62.4 318.3
  62.0 318.0 61.5 317.5 61.0 317.0 60.4 316.4 59.9 315.8 59.5 315.0 59.0 314.2
  58.6 313.2 58.1 312.3 57.6 311.3 57.3 310.1 56.9 308.9 56.4 307.6 56.1 306.4
  55.8 305.2 55.4 303.9 55.3 302.7 55.1 301.5 55.0 300.3 54.8 299.2 54.8 298.1
  54.8 297.0 54.8 296.1 54.7 295.1 54.8 294.3 54.9 293.4 55.0 292.7 55.0 291.9
  55.3 291.2 55.6 290.5 55.9 289.8 56.2 289.1 56.5 288.5 56.9 287.9 57.3 287.3
  57.8 286.7 58.3 286.1 58.9 285.6 59.5 285.2 60.0 284.7 60.6 284.4 61.1 284.0
  61.5 283.7 62.0 283.3 62.6 283.0 63.1 282.8 63.5 282.5 63.9 282.3 64.2 282.0
  64.5 281.8 64.8 281.6 65.1 281.4 65.4 281.2 65.6 280.9 65.9 280.7 66.1 280.4
  66.3 280.1 66.5 279.7 66.9 279.4 67.2 279.1 67.5 278.7 67.8 278.4 68.1 278.0
  68.4 277.7 68.6 277.4 68.9 277.0 69.1 276.7 69.2 276.2 69.4 275.8 69.6 275.3
  69.7 274.9 69.9 274.3 70.0 273.8 70.2 273.3 70.4 272.8 70.5 272.3 70.6 271.8
  70.8 271.2 71.0 270.7 71.1 270.1 71.3 269.6 71.5 269.0 71.7 268.5 71.9 267.9
  72.1 267.3 72.4 266.8 72.8 266.2 73.0 265.5 73.3 264.8 73.5 264.0 73.7 263.2
  73.9 262.3 74.1 261.4 74.3 260.0 74.5 258.6 74.6 256.9 74.8 255.1 74.8 253.1
  74.9 250.9 75.0 248.6 75.1 246.2 75.3 243.8 75.4 241.3 75.6 238.9 75.8 236.4
  76.1 233.9 76.4 231.3 76.8 228.5 77.1 225.5 77.3 222.3 77.4 218.8 77.5 215.4
  77.5 212.0 77.6 208.7 77.6 205.4 77.6 202.2 77.7 199.0 77.8 195.8 77.9 192.7
  78.0 189.7 78.1 186.1 78.1 182.5 78.1 179.2 78.1 176.0 78.0 172.8 78.0 169.8
  77.9 167.8 77.8 165.8 77.7 163.9 77.7 162.0 77.6 160.2 77.5 158.4 77.4 156.7
  77.3 155.1 77.2 153.5 77.1 152.2 77.0 151.0 76.9 149.9 76.8 148.8 76.7 147.8
  76.6 146.9 76.5 145.9 76.4 145.1 76.2 144.2 76.1 143.4 75.9 142.7 75.7 142.4
  75.5 142.2 75.3 142.0 75.1 141.8 74.8 141.6 74.5 141.5 74.1 141.3 73.7 141.2
  73.3 141.6 72.9 142.0 72.5 142.5 72.1 143.0 71.6 143.6 71.2 144.4 70.7 145.0
  70.3 145.6 69.9 146.1 69.5 146.4 69.1 146.7 68.7 146.9 68.4 147.0 68.1 147.1
  67.7 147.1 67.4 147.0 67.1 146.9 66.8 146.8 66.5 146.7 66.1 146.6 65.8 146.6
  65.4 146.4 65.0 146.3 64.6 146.1 64.1 145.9 63.6 145.7 63.0 145.3 62.4 144.9
  61.7 144.4 61.0 143.9 60.4 143.4 59.7 142.9 59.0 142.5 58.3 142.1 57.6 141.8
  57.0 141.4 56.4 141.1 55.8 140.8 55.2 140.3 54.7 139.9 54.3 139.5 53.9 139.1
  53.5 138.5 53.1 137.9 52.8 137.3 52.5 136.7 52.2 136.1 51.9 135.5 51.7 134.7
  51.5 133.9 51.3 133.1 51.1 132.4
   8 14 67  0.0
  72.5 321.4 72.2 320.4 71.9 319.4 71.5 318.8 71.1 318.3 70.8 317.7 70.4 317.2
  70.1 316.6 69.8 316.1 69.5 316.0 69.1 315.8 68.7 315.7 68.3 315.6 67.9 315.5
  67.6 315.8 67.3 316.1 67.1 316.5 67.0 316.9 66.8 317.4 66.7 318.0 66.6 318.7
  66.5 319.4 66.4 320.3 66.4 321.2 66.4 322.2 66.4 323.3 66.4 324.4 66.4 325.5
  66.4 326.7 66.3 327.9 66.2 329.1 66.0 330.2 65.7 331.2 65.4 332.8 65.0 334.2
  64.5 335.4 64.0 336.4 63.5 337.3 63.0 338.0 62.6 338.6 62.1 339.0 61.6 339.4
  61.2 339.5 60.8 339.4 60.4 339.4 60.1 339.3 59.8 339.2 59.6 338.9 59.4 338.5
  59.3 338.1 59.2 337.7 59.1 337.4 59.0 337.1 59.0 336.9 59.0 336.8 59.0 336.7
  59.1 336.6 59.1 336.6 59.2 336.7 59.3 336.8 59.4 337.0 59.6 337.3 59.7 337.6
  59.8 337.9 60.0 338.2 60.1 338.4 60.2 338.6 60.4 338.7 60.5 338.8 60.7 339.0
  60.8 339.1 61.0 339.1 61.1 339.2 61.3 339.2 61.5 339.3 61.6 339.4 61.6 339.5
  61.7 339.6 61.7 339.7 61.7 339.9 61.6 340.1 61.4 340.3 61.2 340.5 60.9 340.7
  60.7 341.0 60.4 341.2 60.1 341.5 59.8 341.6 59.5 341.5 59.2 341.3 59.0 341.1
  58.7 340.8 58.4 340.6 58.2 340.3 57.9 340.1 57.7 339.6 57.4 339.2 57.0 338.8
  56.7 338.4 56.5 338.0 56.3 337.5 56.1 337.1 56.0 336.6 55.8 336.3 55.7 335.9
  55.6 335.6 55.5 335.2 55.4 334.9 55.3 334.5 55.3 334.2 55.2 333.7 55.2 333.3
  55.2 332.8 55.2 332.2 55.2 331.6 55.1 330.9 55.1 330.1 55.0 329.3 55.0 328.5
  54.9 327.6 54.8 326.6 54.5 325.7 54.4 324.7 54.2 323.6 54.1 322.6 53.9 321.5
  53.8 320.5 53.7 319.4 53.7 318.3 53.7 317.2 53.8 316.2 53.8 315.1 53.8 314.1
  53.7 313.1 53.7 312.1 53.6 311.1 53.5 310.2 53.3 309.3 53.1 308.4 53.0 307.5
  52.7 306.6 52.5 305.7 52.2 304.8 51.9 303.9 51.6 303.2 51.4 302.6 51.1 301.9
  50.8 301.2 50.5 300.5 50.2 299.8 50.0 299.1 49.9 298.4 49.7 297.9 49.6 297.3
  49.4 296.8 49.2 296.3 49.0 295.8 48.9 295.3 48.8 294.8 48.7 294.4 48.6 293.9
  48.5 293.4 48.4 293.0 48.3 292.6 48.2 292.2 48.1 291.9 48.2 291.6 48.2 291.3
  48.2 291.0 48.3 290.8 48.3 290.6 48.3 290.3 48.3 290.0 48.2 289.7 48.2 289.3
  48.1 289.0 48.0 288.6 47.9 288.3 47.7 288.0 47.6 287.6 47.5 287.2 47.4 286.8
  47.3 286.4 47.2 286.0 47.1 285.6 47.0 285.2 46.9 284.7 46.8 284.3 46.7 284.0
  46.7 283.6 46.7 283.2 46.7 282.9 46.7 282.6 46.8 282.3 46.8 282.0 46.8 281.6
  46.9 281.3 46.9 281.0 47.0 280.6 47.0 280.3 47.1 279.9 47.3 279.6 47.5 279.3
  47.6 278.9 47.8 278.6 48.1 278.2 48.3 277.8 48.6 277.4 48.9 276.9 49.2 276.5
  49.5 276.1 49.8 275.7 50.1 275.4 50.4 274.9 50.7 274.5 51.1 274.2 51.5 273.8
  51.9 273.5 52.3 273.2 52.8 272.7 53.2 272.3 53.6 271.9 53.9 271.6 54.3 271.2
  54.7 270.6 55.1 270.0 55.5 269.4 55.9 268.9 56.3 268.4 56.8 267.6 57.2 266.9
  57.6 266.2 58.0 265.6 58.4 264.9 58.8 264.1 59.3 263.4 59.7 262.6 60.2 261.9
  60.6 261.1 61.1 260.4 61.7 259.6
   8 15 67  0.0
  72.5 321.4 72.2 321.0 72.0 320.5 71.7 320.2 71.4 319.8 71.1 319.5 70.8 319.1
  70.5 318.7 70.1 318.3 69.8 317.9 69.5 317.6 69.2 317.4 68.9 317.2 68.6 317.0
  68.4 316.7 68.1 316.5 67.9 316.3 67.7 316.3 67.6 316.4 67.5 316.5 67.4 316.6
  67.3 316.8 67.2 317.0 67.2 317.2 67.1 317.5 67.1 317.8 67.1 318.2 67.1 318.7
  67.0 319.3 67.0 319.9 67.0 320.7 67.1 321.5 67.2 322.5 67.2 323.5 67.3 324.6
  67.4 325.8 67.5 327.0 67.6 328.3 67.6 329.7 67.7 331.0 67.7 332.3 67.6 333.6
  67.5 334.8 67.4 335.8 67.3 336.8 67.1 337.7 66.8 338.5 66.6 339.3 66.3 339.9
  66.0 340.5 65.7 341.0 65.4 341.9 65.1 342.8 64.7 343.5 64.4 344.2 64.3 344.8
  64.2 345.4 64.1 345.9 64.1 346.4 64.1 346.8 64.1 347.2 64.1 347.6 64.2 347.9
  64.2 348.2 64.4 348.4 64.6 348.6 64.8 348.7 65.0 348.8 65.1 348.9 65.3 348.9
  65.5 348.9 65.6 348.9 65.8 348.8 65.9 348.7 66.0 348.6 66.2 347.9 66.2 347.3
  66.3 346.6 66.3 346.0 66.4 345.3 66.4 344.6 66.4 343.9 66.3 343.2 66.2 342.5
  66.1 341.9 65.9 341.2 65.8 340.9 65.7 340.7 65.5 340.5 65.4 340.4 65.3 340.3
  65.2 340.2 65.1 340.2 65.0 340.2 65.0 340.2 64.9 340.3 64.8 340.5 64.7 340.7
  64.6 340.9 64.5 341.1 64.4 341.4 64.3 341.6 64.1 341.8 64.0 342.1 63.8 342.4
  63.6 342.7 63.3 343.1 63.1 343.4 62.8 343.8 62.5 344.2 62.3 344.5 62.0 344.8
  61.8 345.0 61.6 345.1 61.4 345.2 61.2 345.3 61.0 345.3 60.9 345.3 60.7 345.2
  60.6 345.1 60.5 345.0 60.4 344.8 60.3 344.7 60.2 344.5 60.2 344.2 60.1 343.9
  59.9 343.7 59.7 343.5 59.6 343.3 59.5 343.1 59.4 342.9 59.3 342.8 59.2 342.6
  59.2 342.4 59.2 342.3 59.2 342.1 59.1 341.9 59.1 341.7 59.1 341.5 59.1 341.3
  59.1 341.1 59.2 340.9 59.2 340.7 59.2 340.4 59.2 340.1 59.3 339.9 59.2 339.6
  59.2 339.3 59.2 339.0 59.3 338.7 59.3 338.5 59.3 338.2 59.3 337.9 59.3 337.6
  59.4 337.3 59.4 337.0 59.4 336.7 59.5 336.5 59.5 336.2 59.6 335.8 59.6 335.4
  59.7 335.0 59.8 334.6 59.9 334.2 59.9 333.7 60.0 333.2 60.1 332.5 60.3 331.8
  60.3 331.1 60.3 330.4 60.4 329.7 60.4 329.1 60.4 328.5 60.5 327.9 60.5 327.4
  60.5 326.9 60.5 326.4 60.5 325.9 60.5 325.4 60.5 325.0 60.5 324.5 60.5 324.0
  60.5 323.5 60.5 323.1 60.5 322.6 60.4 322.1 60.3 321.7 60.3 321.3 60.2 320.9
  60.0 320.6 59.9 320.4 59.8 320.0 59.6 319.7 59.3 319.4 59.1 319.1 58.9 318.8
  58.7 318.4 58.5 318.0 58.3 317.6 58.1 317.1 58.0 316.7 57.9 315.9 57.6 315.0
  57.3 314.2 57.0 313.4 56.7 312.6 56.4 311.9 56.1 311.1 55.8 310.3 55.5 309.3
  55.2 308.4 54.9 307.4 54.7 306.4 54.4 305.4 54.1 304.4 53.8 303.5 53.6 302.4
  53.2 301.3 52.9 300.2 52.5 299.2 52.2 298.2 51.8 297.3 51.4 296.2 51.0 295.1
  50.7 294.1 50.3 293.0 49.9 292.0 49.5 290.9 49.3 289.8 49.0 288.7 48.7 287.7
  48.7 286.8 48.6 285.9 48.4 285.1 48.2 284.4 48.0 283.6 48.1 283.0 48.2 282.3
  48.2 281.7 48.2 281.1 48.3 280.5
   8 16 67  0.0
  72.5 321.4 72.4 320.7 72.2 319.9 71.9 319.2 71.6 318.6 71.4 318.1 71.0 317.5
  70.7 317.0 70.4 316.4 70.0 315.8 69.6 315.3 69.2 314.7 68.8 314.1 68.4 313.4
  68.0 312.8 67.7 312.2 67.4 311.4 67.1 310.6 66.8 309.8 66.5 308.9 66.3 308.1
  66.1 307.2 65.8 306.2 65.6 304.7 65.4 303.1 65.2 301.4 65.0 299.8 64.7 298.2
  64.3 296.6 64.0 295.2 63.6 293.3 63.3 291.5 63.0 289.7 62.7 287.9 62.5 286.2
  62.4 284.5 62.3 282.7 62.3 281.0 62.3 279.2 62.2 277.5 62.2 275.7 62.2 274.0
  62.3 272.2 62.4 270.5 62.6 268.7 62.8 266.9 63.0 265.1 63.2 263.2 63.4 261.3
  63.5 259.4 63.6 257.4 63.7 255.4 63.9 253.4 64.1 251.4 64.4 249.5 64.6 247.5
  64.9 245.5 65.1 243.5 65.3 241.4 65.5 239.2 65.7 236.9 65.8 234.4 65.9 231.7
  66.0 229.0 66.2 225.8 66.4 222.6 66.5 219.5 66.6 216.4 66.7 213.4 66.7 210.5
  66.7 207.8 66.6 205.3 66.5 202.9 66.4 200.8 66.2 198.9 66.1 197.2 66.0 195.6
  66.0 194.1 65.9 192.5 65.9 190.9 65.9 189.5 65.9 188.1 65.9 187.0 66.0 185.9
  66.1 185.1 66.1 184.4 66.1 183.6 66.2 182.7 66.2 181.6 66.2 180.4 66.2 179.1
  66.3 177.7 66.4 176.1 66.5 174.5 66.7 172.8 67.0 171.1 67.5 169.3 68.2 167.6
  69.1 166.8 69.9 166.1 70.8 165.6 71.7 166.2 72.6 166.8 73.4 168.3 74.1 170.0
  74.9 171.8 75.6 173.6 76.3 175.5 77.0 176.7 77.9 177.7 78.7 179.0 79.7 180.1
  80.6 181.6 81.7 183.4 82.6 185.6 83.6 188.5 84.5 192.2 85.5 196.5 86.2 202.2
  87.2 209.8 87.8 221.3 88.2 238.4 88.4 263.2 88.4 286.8 88.0 301.3 87.5 310.4
  87.1 316.6 86.7 320.9 86.1 324.0 85.6 326.3 85.2 327.4 84.8 328.4 84.5 329.4
  84.1 330.2 83.7 331.0 83.5 331.9 83.2 332.7 83.0 333.5 82.8 334.2 82.6 334.9
  82.5 335.5 82.3 336.1 82.2 336.6 82.1 337.1 82.0 337.6 81.9 338.0 81.9 339.0
  81.8 340.0 81.7 340.8 81.6 341.6 81.6 342.3 81.5 342.9 81.4 343.4 81.3 343.8
  81.2 344.2 81.1 344.4 80.9 344.6 80.8 344.7 80.6 344.7 80.5 344.6 80.4 344.4
  80.3 344.1 80.2 343.7 80.1 343.2 80.0 342.6 79.9 342.6 79.9 342.4 79.9 342.2
  79.8 341.9 79.8 341.5 79.8 341.1 79.9 340.5 79.9 339.8 80.0 339.1 80.1 338.2
  80.2 336.5 80.3 334.7 80.5 332.8 80.6 330.7 80.8 328.3 80.9 325.7 81.1 322.8
  81.1 320.0 81.1 317.4 81.0 315.0 80.9 312.8 80.8 310.9 80.6 309.1 80.4 307.6
  80.1 306.2 79.8 305.0 79.6 304.3 79.4 303.5 79.0 302.9 78.7 302.3 78.4 301.8
  78.0 301.4 77.7 301.1 77.4 301.2 77.1 301.3 76.8 301.4 76.5 301.4 76.2 301.5
  75.8 301.5 75.6 301.5 75.3 301.6 75.0 301.6 74.7 301.6 74.3 301.7 74.0 301.7
  73.7 301.7 73.4 301.9 73.1 302.1 72.8 302.3 72.5 302.4 72.1 302.6 71.8 302.7
  71.5 302.9 71.2 303.2 70.9 303.3 70.6 303.4 70.2 303.5 69.9 303.6 69.6 303.7
  69.3 303.8 68.9 303.8 68.6 303.9 68.3 303.8 67.9 303.8 67.6 303.8 67.2 303.7
  66.9 303.6 66.5 303.4 66.2 303.3 65.8 303.0 65.4 302.9 65.1 302.8 64.7 302.6
  64.4 302.3 64.0 302.1 63.7 301.7
   8 17 67  0.0
  72.5 321.4 72.2 321.1 72.0 320.8 71.8 320.5 71.5 320.0 71.3 319.5 71.0 319.0
  70.7 318.6 70.4 318.1 70.0 317.8 69.7 317.4 69.3 316.9 68.9 316.4 68.6 316.0
  68.0 315.6 67.5 315.2 67.0 314.7 66.5 314.2 66.1 313.8 65.6 313.3 65.2 312.7
  64.9 312.0 64.4 311.3 64.0 310.6 63.6 309.6 63.2 308.5 62.8 307.4 62.3 306.3
  61.9 305.2 61.5 303.9 61.0 302.7 60.5 301.3 60.0 299.9 59.4 298.5 58.9 297.2
  58.3 296.0 57.9 294.6 57.6 293.5 57.3 292.3 57.0 291.0 57.0 289.7 56.9 288.3
  56.8 286.8 56.7 285.3 56.6 283.8 56.6 282.2 56.5 280.7 56.5 279.1 56.6 277.6
  56.7 276.0 56.9 274.5 57.1 272.9 57.4 271.4 57.7 270.0 58.0 268.6 58.2 267.3
  58.6 265.5 58.9 263.9 59.2 262.3 59.5 260.7 59.8 259.0 60.1 257.4 60.4 255.2
  60.7 253.1 61.0 251.1 61.4 249.2 61.7 247.3 62.0 245.5 62.3 243.2 62.7 241.0
  63.0 238.7 63.2 236.4 63.5 234.2 63.7 232.1 63.9 230.0 64.1 227.9 64.2 225.4
  64.4 222.9 64.5 220.4 64.7 217.9 64.8 215.4 64.8 213.0 64.8 210.6 64.7 208.4
  64.6 206.2 64.4 204.1 64.2 202.1 63.9 200.2 63.6 198.4 63.3 196.7 63.0 195.0
  62.7 193.4 62.4 191.9 62.2 190.4 61.9 189.0 61.7 187.8 61.6 186.6 61.4 185.5
  61.3 184.5 61.0 183.6 60.9 182.8 60.7 182.0 60.4 181.3 60.2 180.7 59.9 180.0
  59.6 179.5 59.4 179.1 59.1 178.6 58.8 178.2 58.5 177.8 58.1 177.5 57.7 177.3
  57.3 177.2 56.9 177.3 56.4 177.4 55.9 177.5 55.4 177.8 54.9 178.2 54.3 178.6
  53.8 179.1 53.2 179.3 52.6 179.6 52.0 179.8 51.3 179.7 50.6 179.5 49.8 179.5
  49.1 179.2 48.3 178.9 47.5 178.7 46.8 178.3 46.1 178.0 45.3 177.6 44.6 177.1
  44.0 176.6 43.4 175.8 43.1 175.0 42.7 174.1 42.5 173.2 42.2 172.2 41.9 171.1
  41.9 170.1 41.9 169.0 41.9 167.9 41.9 166.9 42.0 165.8 42.0 164.7 42.0 163.5
  42.1 162.4 42.2 161.4 42.3 160.4 42.4 159.4 42.6 158.5 42.8 157.6 43.1 156.8
  43.4 155.9 43.7 155.1 44.0 154.3 44.4 153.7 44.7 153.0 45.1 152.4 45.4 151.6
  45.8 150.8 46.1 150.0 46.5 149.2 46.8 148.4 47.2 147.6 47.5 146.7 47.8 145.9
  48.1 145.0 48.5 144.3 48.9 143.5 49.1 142.8 49.3 142.0 49.5 141.2 49.7 140.4
  49.9 139.6 50.0 138.8 50.0 138.0 50.1 137.2 50.2 136.4 50.3 135.7 50.2 134.9
  50.2 134.2 50.2 133.3 50.2 132.5 50.2 131.6 50.0 130.7 49.8 129.8 49.7 128.8
  49.6 127.8 49.2 126.7 48.8 125.5 48.5 124.3 48.1 123.1 47.4 121.9 46.7 120.6
  46.2 119.2 45.8 117.9 45.4 116.7 45.0 115.5 44.8 114.3 44.6 113.2 44.4 112.0
  44.3 110.8 44.3 109.5 44.2 108.2 44.1 106.9 44.2 105.5 44.3 104.2 44.4 102.9
  44.4 101.6 44.5 100.4 44.5  99.2 44.5  98.0 44.5  96.9 44.5  95.8 44.6  94.7
  44.7  93.7 44.8  92.6 44.9  91.6 45.0  90.5 45.2  89.5 45.3  88.5 45.4  87.5
  45.6  86.5 45.8  85.6 46.0  84.7 46.3  83.8 46.7  82.9 47.1  82.1 47.5  81.3
  47.9  80.6 48.3  79.8 48.8  79.3 49.3  78.7 49.8  78.1 50.4  77.5 51.0  76.9
  51.7  76.2 52.5  75.5 53.2  74.9
   8 18 67  0.0
  72.5 321.4 72.1 322.1 71.7 322.6 71.4 323.1 71.0 323.5 70.6 323.7 70.2 323.9
  69.9 324.0 69.6 324.1 69.3 324.1 69.1 324.1 68.9 324.1 68.7 324.0 68.5 324.0
  68.1 323.8 67.8 323.7 67.5 323.4 67.3 323.1 67.0 322.7 66.8 322.4 66.6 322.0
  66.5 321.6 66.4 321.1 66.3 320.7 66.3 320.1 66.2 319.5 66.1 318.9 66.0 318.3
  65.8 317.8 65.7 317.2 65.5 316.6 65.3 316.0 65.0 315.4 64.7 314.8 64.4 314.1
  64.0 313.4 63.8 312.6 63.5 311.4 63.2 310.2 62.8 308.8 62.5 307.5 62.0 306.1
  61.5 304.6 61.1 303.1 60.6 301.5 60.1 299.9 59.7 298.2 59.4 296.6 59.1 294.8
  59.0 292.9 58.8 291.0 58.7 289.0 58.6 286.9 58.6 284.8 58.6 282.7 58.6 280.4
  58.7 278.1 58.9 275.9 59.0 273.6 59.2 271.4 59.4 269.3 59.5 267.2 59.7 265.1
  59.9 263.0 60.2 260.9 60.4 258.5 60.8 256.1 61.2 253.8 61.7 251.5 62.1 249.3
  62.5 246.8 62.8 244.4 63.2 241.9 63.6 239.5 64.0 237.2 64.5 234.6 64.8 232.0
  65.2 229.5 65.4 226.9 65.5 224.4 65.7 221.9 65.7 219.5 65.7 217.1 65.7 215.0
  65.6 212.9 65.5 211.0 65.4 209.1 65.3 207.3 65.1 205.7 65.0 204.1 64.8 202.5
  64.6 201.1 64.3 199.8 64.0 198.6 63.7 197.6 63.4 196.4 63.0 195.4 62.7 194.4
  62.4 193.4 62.0 192.4 61.6 191.5 61.3 190.4 61.0 189.3 60.7 188.2 60.4 187.2
  60.1 186.2 59.9 185.2 59.6 184.2 59.4 183.1 59.3 182.1 59.1 181.1 58.9 180.1
  58.8 179.3 58.6 178.5 58.4 177.8 58.2 177.2 58.0 176.7 57.7 176.2 57.5 175.7
  57.3 175.3 57.1 175.0 56.9 174.7 56.7 174.4 56.5 174.2 56.2 174.0 55.9 173.9
  55.5 173.4 55.2 173.0 54.8 172.7 54.3 172.4 53.9 172.1 53.4 171.5 53.3 171.0
  53.2 170.5 53.1 170.0 53.0 169.7 52.9 169.3 52.8 169.0 52.8 168.8 52.7 168.6
  52.6 168.4 52.5 168.2 52.5 168.1 52.4 168.0 52.4 167.9 52.4 167.9 52.5 167.9
  52.6 167.9 52.6 168.0 52.5 168.2 52.3 168.4 52.0 168.7 51.8 169.0 51.5 168.9
  51.2 168.8 50.9 168.7 50.5 168.6 50.1 168.5 49.7 168.5 49.3 168.1 48.9 167.7
  49.0 167.3 49.1 166.9 49.1 166.5 49.1 166.2 49.0 165.8 49.0 165.5 48.8 165.1
  48.7 164.8 48.5 164.4 48.3 164.1 48.1 163.7 48.2 163.3 48.4 163.0 48.5 162.6
  48.6 162.2 48.7 161.9 48.7 161.5 48.8 161.2 48.8 160.9 48.9 160.6 48.9 160.2
  48.8 159.9 49.2 159.5 49.5 159.1 49.7 158.7 50.0 158.3 50.2 157.8 50.3 157.8
  50.5 157.8 50.6 157.9 50.7 158.0 50.8 158.2 50.8 158.4 50.9 158.6 50.9 158.8
  50.9 159.0 50.8 159.2 50.8 159.5 50.7 159.7 50.6 160.0 50.5 160.2 49.8 160.4
  49.0 160.0 48.2 159.7 47.9 159.3 47.5 158.5 47.1 157.7 46.7 157.0 46.3 156.3
  45.8 155.6 45.9 154.5 45.9 153.5 45.9 152.4 45.9 151.3 46.3 150.3 46.7 149.7
  47.1 149.0 47.4 148.4 47.7 147.7 48.1 147.1 48.4 146.8 48.7 146.5 49.0 146.2
  49.2 145.9 49.4 145.5 49.6 145.2 49.7 144.8 49.8 144.4 49.8 144.0 49.9 143.6
  50.0 143.2 50.0 142.7 50.1 142.3 50.2 141.9 50.2 141.4 50.3 140.9 50.3 140.4
  50.3 139.9 50.3 139.4 50.2 138.8
   8 19 67  0.0
  72.5 321.4 72.3 322.5 72.1 323.6 71.9 324.5 71.7 325.3 71.4 326.0 71.2 326.7
  70.9 327.3 70.7 327.9 70.4 328.5 70.1 329.0 69.9 329.5 69.6 329.8 69.3 330.0
  69.1 330.3 68.8 330.5 68.4 330.7 68.1 330.9 67.8 331.0 67.4 330.8 67.1 330.5
  66.7 330.3 66.3 330.0 65.9 329.7 65.5 329.0 65.1 328.2 64.7 327.5 64.4 326.8
  64.0 326.1 63.7 325.4 63.5 324.4 63.2 323.3 62.9 322.3 62.6 321.2 62.3 320.1
  62.0 319.1 61.5 318.0 61.1 316.5 60.7 315.0 60.3 313.5 60.0 312.0 59.7 310.4
  59.4 308.8 59.2 307.2 58.9 305.6 58.6 303.9 58.3 302.2 58.0 300.5 57.7 298.6
  57.6 296.7 57.4 294.6 57.2 292.4 56.9 290.2 56.8 287.9 56.9 285.7 57.0 283.4
  57.3 281.3 57.6 279.2 57.9 277.2 58.2 275.2 58.4 273.0 58.6 270.8 58.6 268.6
  58.7 266.4 58.8 264.2 59.0 262.2 59.3 260.2 59.6 258.3 59.9 256.5 60.3 254.7
  60.6 253.0 60.9 251.2 61.1 249.4 61.3 247.6 61.6 245.9 61.8 244.3 62.1 242.8
  62.5 241.2 62.9 239.7 63.3 238.2 63.7 236.6 64.1 235.1 64.4 233.5 64.8 231.8
  65.0 230.0 65.3 228.2 65.5 226.4 65.7 224.6 65.9 222.8 66.0 221.0 66.1 219.3
  66.1 218.0 66.0 216.7 66.0 215.4 66.0 214.1 65.9 212.5 65.8 210.8 65.7 209.3
  65.6 207.7 65.5 206.3 65.3 204.9 65.2 203.5 65.0 202.2 64.8 200.9 64.7 199.7
  64.5 198.5 64.3 197.4 64.1 196.2 63.9 195.1 63.7 193.9 63.5 192.7 63.3 191.5
  63.1 190.5 62.9 189.5 62.7 188.6 62.4 187.7 62.2 186.9 62.0 186.2 61.8 185.2
  61.6 184.3 61.4 183.4 61.2 182.6 61.0 181.8 60.8 181.0 60.6 180.3 60.4 179.5
  60.3 178.8 60.2 178.1 60.0 177.4 59.9 176.6 59.8 175.8 59.7 174.9 59.6 174.1
  59.5 173.3 59.4 172.6 59.3 172.0 59.2 171.5 59.1 171.1 59.0 170.7 58.9 170.5
  58.8 170.2 58.7 170.1 58.7 170.0 58.6 169.9 58.6 169.9 58.5 170.0 58.5 170.1
  58.5 170.1 58.5 170.2 58.5 170.3 58.4 170.5 58.4 170.6 58.4 170.7 58.4 170.9
  58.4 171.1 58.4 171.3 58.4 171.5 58.5 171.7 58.4 171.9 58.4 172.1 58.1 172.4
  57.8 172.5 57.5 173.0 57.2 173.5 56.8 174.0 56.4 174.5 56.0 175.0 55.6 175.6
  55.2 176.4 54.7 177.3 54.2 178.0 53.6 178.6 53.0 178.9 52.3 179.1 51.6 179.2
  50.8 179.1 50.0 179.1 49.2 179.0 48.4 178.9 47.6 178.7 46.8 178.5 46.0 178.2
  45.3 178.0 44.6 177.5 43.9 177.0 43.4 176.3 42.8 175.6 42.5 174.8 42.2 173.9
  41.9 173.0 41.6 172.1 41.3 171.2 41.3 170.3 41.3 169.3 41.2 168.3 41.1 167.4
  41.1 166.4 41.1 165.5 41.0 164.6 40.9 163.6 41.0 162.7 41.0 161.8 41.1 161.0
  41.2 160.1 41.2 159.3 41.5 158.5 41.7 157.6 42.0 156.8 42.2 155.9 42.5 155.0
  42.9 154.0 43.2 153.1 43.6 152.1 43.9 151.1 44.2 150.2 44.6 149.1 44.9 148.1
  45.2 147.0 45.5 146.1 45.8 145.1 46.1 144.2 46.5 143.4 46.7 142.6 46.9 141.8
  47.1 141.0 47.3 140.2 47.6 139.4 47.7 138.6 47.7 137.8 47.8 137.0 47.9 136.2
  48.0 135.5 48.1 134.7 48.2 134.0 48.3 133.2 48.4 132.5 48.5 131.6 48.5 130.8
  48.5 129.9 48.5 128.9 48.6 127.9
   8 20 67  0.0
  72.5 321.4 72.3 322.2 72.2 323.0 72.0 323.7 71.8 324.4 71.6 324.6 71.4 324.7
  71.2 324.8 70.9 324.9 70.7 324.9 70.5 324.9 70.3 324.8 70.1 324.7 69.9 324.6
  69.7 323.9 69.5 323.3 69.2 322.8 69.0 322.4 68.7 322.1 68.5 321.8 68.3 321.6
  68.1 321.4 67.9 321.4 67.7 320.6 67.5 319.9 67.4 319.2 67.2 318.6 66.9 318.1
  66.7 317.6 66.5 317.1 66.3 316.7 66.0 316.4 65.7 316.1 65.5 315.1 65.2 314.2
  64.9 313.4 64.6 312.7 64.2 312.0 63.9 311.3 63.5 309.6 63.2 307.9 62.8 306.4
  62.3 304.8 61.8 303.3 61.3 301.3 60.8 299.3 60.2 297.6 59.6 295.9 59.0 293.9
  58.4 292.0 57.8 290.2 57.4 288.1 57.1 285.9 57.0 283.9 57.1 281.8 57.1 279.9
  57.2 278.1 57.3 276.4 57.3 274.8 57.5 273.4 57.7 272.2 57.9 271.0 58.3 269.9
  58.8 269.2 59.3 268.5 59.7 267.8 60.2 267.1 60.8 266.4 61.3 265.8 61.9 265.1
  62.4 264.5 63.1 264.0 63.7 263.5 64.4 263.0 65.1 262.5 65.8 262.0 66.5 261.6
  67.3 261.4 68.0 261.4 68.8 261.6 69.6 261.8 70.3 262.2 71.1 262.8 71.8 263.5
  72.5 264.2 73.3 265.2 74.0 266.3 74.6 267.6 75.2 268.9 75.7 270.3 76.1 271.9
  76.5 272.9 76.9 274.0 77.2 275.2 77.6 276.6 77.8 278.0 78.1 279.5 78.3 280.1
  78.5 280.9 78.6 281.6 78.7 282.4 78.8 283.2 78.9 284.1 79.0 284.9 79.1 285.8
  79.1 286.6 79.2 287.5 79.3 288.3 79.3 289.1 79.4 289.9 79.4 290.6 79.4 291.4
  79.5 292.2 79.5 292.9 79.4 293.7 79.4 294.4 79.4 295.1 79.4 295.8 79.3 296.4
  79.3 297.0 79.2 297.6 79.1 298.2 79.0 298.8 78.9 299.4 78.8 300.1 78.7 300.7
  78.5 301.4 78.3 302.1 78.1 302.8 77.9 303.5 77.6 303.6 77.4 303.8 77.1 304.0
  76.8 304.1 76.4 304.3 76.1 304.5 75.7 304.7 75.3 304.4 74.9 304.1 74.4 303.8
  74.1 303.6 73.7 303.3 73.3 302.5 73.0 301.6 72.6 300.8 72.2 299.9 71.9 299.2
  71.7 298.3 71.4 297.5 71.2 296.7 71.0 296.0 70.8 295.3 70.7 294.6 70.6 294.0
  70.5 293.3 70.5 292.6 70.4 292.0 70.3 291.3 70.2 290.7 70.2 290.0 70.2 289.4
  70.2 288.7 70.3 288.1 70.5 287.4 70.5 286.7 70.6 286.0 70.8 285.3 71.0 284.6
  71.2 283.8 71.4 282.9 71.6 282.1 71.8 281.2 72.1 280.3 72.4 279.7 72.5 279.1
  72.7 278.5 72.9 277.9 73.1 277.2 73.3 276.4 73.5 275.7 73.7 274.8 73.9 273.8
  74.0 272.8 74.2 272.0 74.3 271.1 74.4 270.1 74.5 269.0 74.6 267.8 74.6 266.5
  74.5 265.1 74.5 263.6 74.3 262.0 74.2 260.4 74.0 258.6 73.8 256.9 73.5 254.7
  73.2 252.5 73.0 250.4 72.6 248.4 72.3 246.4 72.0 244.5 71.7 242.6 71.4 240.7
  71.1 238.8 70.8 236.9 70.4 235.1 70.0 233.3 69.6 231.6 69.2 230.2 68.8 228.7
  68.4 227.3 68.0 225.9 67.6 224.5 67.3 223.3 66.9 222.1 66.6 220.9 66.2 219.8
  65.8 218.6 65.5 217.7 65.3 216.8 65.0 215.9 64.8 215.0 64.6 214.0 64.5 213.0
  64.3 212.0 64.2 210.9 64.0 209.8 63.9 208.7 63.8 208.0 63.6 207.2 63.5 206.5
  63.4 205.7 63.3 204.9 63.3 204.1 63.2 203.3 63.2 202.4 63.2 201.6 63.2 200.7
  63.2 199.8 63.2 199.0 63.2 198.1
   8 21 67  0.0
  72.5 321.4 72.5 321.8 72.6 322.1 72.6 322.5 72.6 322.8 72.6 323.2 72.6 323.6
  72.6 323.9 72.5 324.3 72.3 324.6 72.1 325.0 71.8 325.3 71.6 325.4 71.3 325.4
  71.0 325.4 70.7 325.5 70.4 325.6 70.0 325.7 69.7 325.8 69.3 325.2 68.9 324.7
  68.5 324.2 68.1 323.8 67.8 323.3 67.4 322.2 67.0 321.1 66.6 320.1 66.2 319.2
  65.8 318.4 65.4 317.1 65.0 315.8 64.7 314.7 64.3 313.7 63.8 312.8 63.3 311.6
  62.9 310.4 62.4 309.3 61.8 308.4 61.3 307.0 60.9 305.6 60.5 304.3 60.0 303.0
  59.7 301.8 59.3 300.3 58.9 298.9 58.7 297.5 58.5 296.1 58.2 294.8 58.1 293.5
  58.1 292.2 57.9 291.0 58.1 289.4 58.2 288.2 58.2 286.9 58.5 285.7 58.8 284.5
  59.1 283.4 59.6 282.3 60.1 281.2 60.7 280.6 61.3 280.0 62.0 279.5 62.6 278.8
  63.2 278.5 63.8 278.2 64.3 277.8 64.9 277.9 65.4 278.0 65.9 278.1 66.4 278.3
  66.9 278.9 67.4 279.5 67.9 280.3 68.2 281.1 68.6 282.0 68.8 282.9 69.1 283.8
  69.4 284.7 69.5 285.6 69.6 286.4 69.7 287.3 69.8 288.1 69.8 288.8 69.7 289.6
  69.7 290.3 69.6 291.0 69.5 291.7 69.4 292.3 69.2 292.9 69.0 293.4 68.8 293.8
  68.5 294.2 68.2 294.5 67.8 294.7 67.5 294.5 67.1 294.2 66.7 293.9 66.2 293.5
  65.8 293.1 65.4 292.3 65.0 291.4 64.9 290.6 64.7 289.7 64.6 288.7 64.4 287.8
  64.5 286.8 64.7 285.8 64.8 284.7 65.0 283.7 65.3 282.5 65.6 281.4 65.8 280.2
  66.1 278.9 66.4 278.3 66.8 277.6 67.1 277.0 67.5 276.4 67.9 275.9 68.4 275.4
  68.9 275.4 69.4 275.4 69.9 275.4 70.3 275.4 70.8 276.0 71.2 276.7 71.6 277.5
  71.9 278.3 72.1 279.1 72.3 280.7 72.4 282.2 72.4 283.8 72.4 285.3 72.3 286.8
  72.2 288.2 71.9 289.4 71.6 290.3 71.3 291.0 71.0 291.7 70.7 292.3 70.3 292.9
  69.9 293.3 69.5 293.2 69.2 293.1 68.8 293.0 68.4 292.9 68.1 292.8 67.7 292.7
  67.4 291.8 67.0 290.9 66.6 290.1 66.2 289.4 65.9 288.7 65.5 287.3 65.3 286.0
  65.1 284.7 64.9 283.4 64.8 282.0 64.7 280.6 64.6 279.1 64.5 277.7 64.4 276.2
  64.4 274.7 64.4 273.3 64.5 271.8 64.6 270.2 64.7 268.7 64.8 267.0 65.0 265.3
  65.1 263.4 65.1 261.5 65.2 259.6 65.3 257.6 65.4 255.6 65.6 253.6 65.7 251.6
  65.9 249.6 66.1 247.6 66.3 245.6 66.4 243.5 66.6 241.3 66.6 238.8 66.7 236.0
  66.7 233.1 66.7 230.1 66.9 226.9 67.0 223.7 67.2 220.5 67.3 217.3 67.4 214.2
  67.5 211.2 67.5 208.4 67.5 205.7 67.4 203.2 67.4 201.0 67.4 199.0 67.4 197.2
  67.4 195.5 67.5 194.0 67.6 192.6 67.7 191.3 67.8 190.1 68.0 189.0 68.1 188.0
  68.3 187.2 68.6 186.5 68.8 185.9 68.9 185.2 69.1 184.5 69.2 183.6 69.3 182.8
  69.4 181.8 69.5 180.8 69.5 179.7 69.8 178.6 70.1 177.4 70.4 177.1 70.8 176.9
  71.1 176.7 71.5 176.5 71.9 176.6 72.3 176.7 72.7 177.8 73.2 179.0 73.7 180.1
  74.1 181.3 74.6 182.5 75.1 183.7 75.8 184.7 76.4 185.7 77.3 186.4 78.2 187.2
  79.2 188.4 80.2 190.0 81.3 192.3 82.2 195.3 83.2 199.3 84.0 204.2 84.6 209.9
  85.2 216.5 85.7 224.1 86.1 232.7
   8 22 67  0.0
  72.5 321.4 72.6 323.2 72.8 325.0 72.7 326.6 72.6 328.0 72.4 329.2 72.2 330.2
  71.9 330.9 71.7 331.2 71.5 331.2 71.2 331.1 71.0 330.9 70.7 330.5 70.4 330.0
  70.1 329.6 69.7 329.3 69.4 328.7 69.0 328.2 68.5 327.8 68.2 327.3 67.9 326.9
  67.5 326.3 67.2 325.7 66.8 325.0 66.3 324.4 65.9 323.7 65.6 322.7 65.3 321.8
  64.9 321.0 64.6 320.1 64.2 319.3 64.0 318.5 63.8 317.7 63.6 316.6 63.3 315.4
  63.2 314.3 63.1 313.2 62.9 312.1 62.8 311.1 62.8 310.1 62.8 309.0 62.7 308.1
  62.7 307.1 62.8 306.2 62.8 305.3 62.8 304.5 62.8 303.7 62.9 303.0 63.0 302.3
  63.1 301.7 63.2 301.1 63.2 300.6 63.3 300.1 63.3 299.6 63.5 299.1 63.7 298.7
  63.9 298.2 64.1 297.8 64.3 297.8 64.5 297.9 64.8 298.0 65.0 298.0 65.2 298.1
  65.4 298.1 65.5 298.1 65.7 298.1 65.9 298.1 66.0 298.0 66.2 298.4 66.3 298.7
  66.5 299.0 66.6 299.3 66.7 299.6 66.9 299.8 67.0 300.1 66.9 300.3 66.9 300.6
  66.8 300.9 66.7 301.2 66.6 301.6 66.5 301.9 66.4 302.3 66.3 302.6 66.2 303.0
  66.0 303.3 65.8 303.7 65.7 303.5 65.5 303.3 65.3 303.0 65.1 302.6 64.8 302.2
  64.5 301.7 64.3 301.2 63.9 300.6 63.6 299.2 63.3 297.9 62.9 296.7 62.5 295.6
  62.1 294.6 61.7 293.7 61.3 292.1 60.9 290.7 60.6 289.2 60.4 287.9 60.2 286.5
  60.1 285.1 59.9 283.8 59.9 281.9 59.8 280.2 59.7 278.5 59.8 277.0 59.9 275.5
  60.3 274.2 60.7 273.1 61.0 272.1 61.4 271.1 61.9 270.0 62.4 269.0 62.9 268.2
  63.5 267.4 64.1 266.6 64.8 266.0 65.5 265.4 66.2 264.8 67.0 264.6 67.7 264.4
  68.4 264.3 69.2 264.6 69.9 264.9 70.6 265.3 71.4 266.0 72.1 266.8 72.9 268.0
  73.6 269.4 74.1 270.9 74.7 272.5 75.1 274.3 75.5 276.2 75.8 278.3 76.1 280.5
  76.2 282.0 76.3 283.4 76.5 284.9 76.5 286.4 76.5 287.9 76.5 289.3 76.5 290.7
  76.4 292.1 76.2 293.3 76.0 294.5 75.8 296.1 75.6 297.4 75.3 298.6 75.0 299.6
  74.8 300.5 74.4 301.2 74.1 301.9 73.7 302.5 73.4 302.8 73.0 303.0 72.6 303.3
  72.2 303.5 71.8 303.8 71.5 303.7 71.1 303.6 70.7 303.6 70.4 303.7 70.0 303.8
  69.7 303.9 69.4 303.5 69.2 303.1 68.9 302.7 68.5 302.3 68.2 301.9 67.8 301.5
  67.5 300.6 67.2 299.8 66.8 299.0 66.4 298.3 66.0 297.6 65.6 296.9 65.2 296.0
  64.8 295.0 64.6 294.0 64.3 293.0 64.0 291.9 63.8 290.8 63.6 289.1 63.4 287.5
  63.2 285.8 63.0 284.1 62.8 282.5 62.6 281.0 62.5 279.5 62.5 278.0 62.6 276.5
  62.6 275.0 62.6 273.4 62.7 271.7 62.8 270.0 62.8 268.3 62.9 266.6 63.0 264.9
  63.0 263.3 63.1 261.7 63.2 260.2 63.3 258.6 63.4 257.2 63.6 255.7 63.7 254.2
  63.9 252.8 64.1 251.4 64.3 250.1 64.5 248.8 64.7 247.5 64.9 246.1 65.0 244.7
  65.1 243.2 65.2 241.6 65.2 240.0 65.3 238.3 65.4 236.6 65.5 234.7 65.6 232.8
  65.6 230.7 65.8 228.6 65.8 226.4 65.9 224.1 65.9 221.8 65.9 219.3 65.9 216.8
  65.9 214.1 66.0 211.5 66.0 208.8 66.0 206.2 66.0 203.6 65.9 201.1 65.8 198.7
  65.7 196.3 65.6 193.9 65.4 191.5
   8 23 67  0.0
  72.5 321.4 72.5 323.0 72.6 324.6 72.4 326.1 72.3 327.6 72.1 329.0 71.8 330.4
  71.5 331.5 71.2 332.7 70.7 333.9 70.3 335.2 69.8 336.5 69.1 337.7 68.5 338.9
  67.7 340.0 66.8 340.3 65.8 340.6 64.8 339.9 64.0 339.2 63.1 337.7 62.3 336.3
  61.5 334.7 61.0 332.9 60.5 331.1 60.2 329.3 59.9 327.4 59.8 325.8 59.6 324.2
  59.4 322.6 59.4 321.1 59.4 319.5 59.7 317.9 60.1 316.3 60.5 314.9 61.0 313.4
  61.6 311.9 62.1 310.4 62.6 309.3 63.1 308.2 63.5 307.1 63.9 306.0 64.3 305.0
  64.7 304.5 65.1 303.9 65.5 303.4 65.9 303.0 66.3 302.6 66.8 302.3 67.2 302.2
  67.7 302.0 68.2 301.9 68.7 301.8 69.1 301.7 69.6 301.6 70.0 301.5 70.4 301.5
  70.9 301.4 71.3 301.4 71.7 301.4 72.1 301.4 72.5 301.5 72.9 301.6 73.3 301.7
  73.7 301.9 74.1 302.2 74.4 302.4 74.8 302.7 75.1 303.1 75.4 303.6 75.7 304.2
  76.0 304.8 76.2 305.5 76.5 306.0 76.8 306.4 77.0 307.0 77.2 307.5 77.4 308.2
  77.5 308.8 77.6 309.5 77.7 310.2 77.7 310.9 77.8 311.6 77.8 312.4 77.7 313.2
  77.6 314.0 77.5 314.7 77.4 315.5 77.3 316.2 77.2 316.9 77.0 317.6 76.9 318.2
  76.8 318.8 76.7 319.3 76.6 319.8 76.5 320.3 76.4 320.7 76.3 321.1 76.2 321.4
  76.0 321.7 75.9 322.0 75.8 322.9 75.6 323.7 75.4 324.4 75.3 325.0 75.1 325.5
  74.9 325.9 74.6 326.2 74.4 326.5 74.1 326.7 73.8 326.9 73.6 327.5 73.3 328.0
  73.0 328.4 72.8 328.8 72.5 329.2 72.3 329.4 72.0 329.7 71.7 330.0 71.4 330.3
  71.1 330.5 70.8 330.7 70.4 330.9 70.1 331.1 69.7 331.1 69.5 331.0 69.2 330.9
  68.9 330.8 68.7 330.6 68.4 330.4 68.2 330.2 68.0 329.9 67.9 329.7 67.7 329.4
  67.6 329.1 67.5 328.8 67.4 328.5 67.3 328.2 67.1 327.9 67.0 327.6 66.9 327.3
  66.7 326.9 66.7 326.6 66.6 326.2 66.5 325.9 66.5 325.5 66.5 325.0 66.4 324.6
  66.4 324.2 66.4 323.8 66.3 323.3 66.2 322.9 66.1 322.5 66.0 322.1 65.9 321.7
  65.8 321.4 65.7 321.0 65.5 320.7 65.4 320.4 65.3 320.1 65.1 319.8 64.9 319.5
  64.7 319.2 64.5 318.8 64.3 318.4 64.2 318.0 64.0 317.6 63.9 317.0 63.7 316.2
  63.6 315.5 63.4 314.6 63.2 313.8 63.0 312.9 62.9 312.1 62.8 311.1 62.5 310.2
  62.4 309.2 62.2 308.2 62.1 307.1 61.8 305.9 61.6 304.7 61.4 303.4 60.8 302.2
  60.2 300.8 59.8 299.5 59.2 298.3 58.7 297.1 58.3 295.8 57.9 294.5 57.6 293.5
  57.3 292.4 57.0 291.3 56.7 290.2 56.4 289.1 56.0 288.0 55.7 286.8 55.4 286.1
  55.2 285.2 55.0 284.4 54.7 283.4 54.6 282.5 54.5 281.5 54.3 280.6 54.2 279.6
  54.1 278.6 53.9 277.6 53.8 277.0 53.7 276.3 53.5 275.7 53.4 275.0 53.3 274.3
  53.2 273.7 53.1 273.0 53.0 272.3 52.9 271.7 52.9 271.0 52.9 270.3 52.9 269.6
  52.9 268.9 52.9 268.2 52.9 267.4 52.9 266.7 52.9 266.0 53.0 265.3 53.0 264.5
  53.0 263.8 53.0 263.1 53.1 262.3 53.1 261.6 53.1 260.8 53.1 260.0 53.1 259.3
  53.1 258.5 53.2 257.7 53.2 257.0 53.2 256.2 53.3 255.5 53.3 254.7 53.3 254.0
  53.3 253.3 53.3 252.5 53.3 251.8
   8 24 67  0.0
  72.5 321.4 72.4 321.5 72.3 321.7 72.2 322.0 72.2 322.3 72.1 322.6 72.0 323.0
  71.9 322.3 71.8 321.7 71.7 321.2 71.7 320.7 71.6 320.2 71.5 319.7 71.6 319.2
  71.7 318.9 71.8 318.6 71.8 318.5 71.9 318.5 72.0 318.6 72.2 319.7 72.3 321.0
  72.3 322.3 72.3 323.7 72.3 325.2 72.2 326.8 72.1 328.4 71.9 330.0 71.6 331.0
  71.4 331.9 71.1 332.9 70.6 334.0 70.2 335.1 69.7 336.3 69.0 337.0 68.4 337.9
  67.7 338.9 67.1 339.2 66.4 339.7 65.8 340.1 64.9 339.4 64.1 338.8 63.3 338.1
  62.6 336.6 61.8 335.1 61.4 333.3 60.9 331.5 60.6 329.7 60.4 327.9 60.3 326.0
  60.1 324.2 60.0 322.4 60.0 320.8 60.0 319.3 60.3 317.7 60.6 316.2 60.9 314.6
  61.4 313.1 61.9 311.6 62.4 310.1 62.9 308.9 63.4 307.7 63.7 306.6 64.1 305.5
  64.5 304.8 64.9 304.2 65.3 303.6 65.7 303.0 66.0 302.5 66.5 302.2 66.9 301.9
  67.3 301.6 67.8 301.4 68.2 301.2 68.7 301.1 69.2 300.9 69.6 300.7 70.1 300.6
  70.5 300.3 71.0 300.1 71.4 300.0 71.8 299.8 72.2 299.7 72.6 299.6 73.0 299.5
  73.4 299.5 73.8 299.5 74.2 299.5 74.6 299.5 74.9 299.6 75.3 299.7 75.6 299.9
  75.9 300.2 76.2 300.5 76.5 300.6 76.7 300.8 77.0 301.1 77.3 301.3 77.5 301.7
  77.8 302.0 78.0 302.5 78.2 302.9 78.4 302.9 78.5 302.8 78.7 302.8 78.8 302.8
  78.9 302.9 79.0 303.0 79.1 303.1 79.2 303.3 79.2 303.5 79.3 303.6 79.3 303.7
  79.4 303.7 79.4 303.7 79.5 303.7 79.5 303.5 79.5 303.3 79.5 303.1 79.6 302.8
  79.6 302.4 79.6 302.0 79.6 301.5 79.6 301.1 79.6 300.7 79.6 300.4 79.5 300.2
  79.5 300.1 79.5 300.0 79.4 300.0 79.3 300.1 79.2 300.2 79.1 300.5 79.0 300.7
  78.9 301.1 78.8 301.4 78.6 301.6 78.5 301.8 78.4 301.9 78.3 301.9 78.2 301.9
  78.1 301.8 78.0 301.7 77.9 301.5 77.8 301.9 77.8 302.2 77.7 302.5 77.6 302.8
  77.5 303.1 77.5 303.3 77.4 303.5 77.3 303.7 77.2 303.8 77.1 303.9 77.0 304.0
  76.9 304.1 76.8 304.1 76.7 304.1 76.5 304.0 76.4 304.0 76.2 304.1 76.0 304.3
  75.9 304.5 75.7 304.9 75.5 305.3 75.3 305.8 75.1 306.3 74.9 306.8 74.7 307.3
  74.5 307.9 74.2 308.4 73.9 308.9 73.6 309.1 73.3 309.3 73.0 309.5 72.6 309.7
  72.2 309.9 71.8 310.1 71.3 310.1 70.8 310.1 70.3 310.1 69.7 310.2 69.0 310.0
  68.4 309.8 67.8 309.6 67.1 309.0 66.5 308.4 65.9 307.9 65.3 306.9 64.6 305.9
  64.0 304.9 63.4 303.5 62.8 302.1 62.2 300.7 61.6 299.3 61.2 297.6 60.7 295.9
  60.4 294.1 60.1 292.2 59.7 290.3 59.6 288.4 59.4 286.3 59.4 284.1 59.5 281.8
  59.7 279.4 59.9 276.9 60.1 274.6 60.3 272.2 60.6 269.9 60.8 267.5 61.0 265.0
  61.3 262.5 61.7 260.0 62.0 257.6 62.4 255.2 62.8 252.6 63.2 250.0 63.6 247.4
  64.0 244.8 64.3 242.2 64.8 239.6 65.2 237.0 65.6 234.3 66.0 231.6 66.2 228.9
  66.5 226.3 66.7 223.6 66.8 221.1 66.9 218.6 67.0 216.1 67.0 213.8 67.1 211.6
  67.1 209.6 67.0 207.8 67.0 206.1 67.0 204.5 66.9 203.0 66.9 201.7 66.8 200.4
  66.7 199.3 66.6 198.4 66.4 197.5
   8 25 67  0.0
  72.5 321.4 72.3 319.0 72.2 316.8 72.1 314.9 72.1 313.2 72.0 311.7 72.1 310.3
  72.2 309.1 72.3 307.9 72.5 306.9 72.7 306.0 73.0 305.2 73.2 304.5 73.4 303.9
  73.7 303.3 74.0 302.9 74.3 302.4 74.6 302.7 74.9 303.1 75.2 303.6 75.4 304.2
  75.7 304.9 75.9 305.9 76.0 306.9 76.2 308.8 76.3 310.8 76.4 313.0 76.5 315.4
  76.5 318.1 76.5 320.9 76.4 323.8 76.3 326.8 76.1 329.7 75.7 332.6 75.2 334.7
  74.7 336.8 74.0 338.9 73.3 340.8 72.5 341.6 71.7 342.3 71.0 342.3 70.2 342.3
  69.4 342.4 68.6 341.9 67.8 341.4 67.1 340.3 66.4 339.1 65.8 338.0 65.4 336.5
  64.9 334.9 64.6 333.4 64.2 332.0 63.9 330.7 63.7 329.2 63.6 327.7 63.5 326.2
  63.5 324.7 63.5 323.2 63.7 321.7 63.8 320.3 64.0 318.9 64.3 318.0 64.5 317.1
  64.8 316.2 65.1 315.3 65.4 314.4 65.7 313.5 66.1 312.5 66.5 312.3 67.0 312.0
  67.5 311.8 68.0 311.5 68.7 311.9 69.3 312.3 69.8 312.8 70.3 313.2 70.8 313.9
  71.2 314.6 71.6 315.3 71.9 315.9 72.2 316.6 72.4 317.3 72.6 318.0 72.8 318.6
  73.0 319.1 73.1 319.5 73.2 319.9 73.4 320.3 73.5 320.7 73.5 321.1 73.6 321.5
  73.7 321.9 73.8 322.3 73.9 322.6 74.0 323.0 74.1 323.3 74.2 324.1 74.1 324.9
  74.1 325.6 74.0 326.3 73.9 326.6 73.8 326.9 73.7 327.1 73.6 327.4 73.4 327.7
  73.2 328.0 73.0 328.2 72.7 328.5 72.4 328.8 72.0 329.0 71.6 328.9 71.3 328.8
  70.9 328.7 70.5 328.6 70.1 328.6 69.7 328.6 69.2 327.8 68.8 327.2 68.4 326.5
  68.0 326.0 67.5 324.6 67.0 323.4 66.6 322.3 66.2 321.2 65.7 320.2 65.3 318.8
  64.8 317.5 64.4 316.3 63.8 315.2 63.4 313.8 62.8 312.5 62.2 311.3 61.7 310.2
  61.1 308.7 60.6 307.4 60.1 306.0 59.7 304.7 59.2 303.1 58.9 301.6 58.5 300.2
  58.1 298.8 57.9 297.4 57.6 295.8 57.6 294.3 57.5 292.7 57.4 291.2 57.5 289.7
  57.6 288.2 57.6 286.7 57.9 285.3 58.1 283.9 58.5 282.9 59.0 281.8 59.4 280.8
  60.0 279.8 60.5 278.8 61.2 278.2 61.8 277.5 62.5 276.8 63.1 276.4 63.7 275.9
  64.2 275.4 64.8 275.3 65.4 275.2 65.9 275.1 66.4 275.0 67.0 275.3 67.5 275.7
  68.0 276.2 68.5 276.7 68.9 277.3 69.3 278.0 69.7 278.8 70.0 279.6 70.3 280.4
  70.5 281.3 70.7 282.2 70.8 283.2 71.0 284.2 71.0 285.2 71.1 286.3 71.1 287.3
  71.1 288.3 71.0 289.2 70.9 290.2 70.8 291.1 70.6 292.1 70.3 292.9 70.0 293.7
  69.7 294.5 69.3 294.7 68.9 294.8 68.5 294.8 68.0 294.8 67.5 294.4 67.1 294.0
  66.6 293.6 66.2 293.1 65.8 292.7 65.5 291.8 65.3 290.9 65.2 289.9 65.0 288.9
  64.9 288.0 65.1 287.0 65.2 286.0 65.4 284.9 65.5 283.8 65.8 282.6 66.1 281.4
  66.3 280.7 66.6 280.0 67.0 279.3 67.4 278.7 67.7 278.1 68.2 277.5 68.6 277.5
  69.1 277.5 69.5 277.5 69.9 277.6 70.3 277.7 70.7 278.4 71.0 279.2 71.3 280.1
  71.4 281.0 71.5 281.9 71.5 282.9 71.5 284.0 71.5 285.0 71.4 286.1 71.2 287.0
  71.0 288.0 70.8 288.8 70.5 289.6 70.2 290.3 69.8 290.9 69.4 291.0 69.1 291.0
  68.7 291.1 68.3 291.1 67.9 291.0
   8 26 67  0.0
  72.5 321.4 72.3 320.4 72.1 319.3 71.9 318.2 71.8 317.6 71.8 317.0 71.7 316.3
  71.6 315.5 71.6 314.7 71.6 313.8 71.6 312.9 71.7 312.0 71.8 311.0 71.9 310.0
  72.1 309.0 72.2 307.4 72.4 305.9 72.6 304.4 72.8 303.1 73.1 301.8 73.4 300.5
  73.6 299.3 73.9 298.1 74.2 296.9 74.5 296.1 74.8 295.4 75.1 294.8 75.4 294.3
  75.8 293.8 76.1 293.4 76.5 293.9 76.8 294.5 77.2 295.1 77.5 295.8 77.8 296.5
  78.2 297.4 78.6 299.3 79.0 301.4 79.3 303.8 79.7 306.3 79.9 309.0 80.1 311.8
  80.2 315.3 80.3 318.8 80.3 322.3 80.1 325.5 80.0 328.6 79.8 332.2 79.6 335.8
  79.3 339.3 79.0 342.4 78.6 345.0 78.1 347.2 77.5 349.1 76.9 350.8 76.2 352.3
  75.5 353.6 74.8 354.3 74.0 354.9 73.2 354.9 72.4 355.0 71.6 355.2 70.8 355.0
  69.9 354.7 69.2 354.2 68.3 353.7 67.5 353.3 66.7 352.5 65.9 351.8 65.1 350.8
  64.3 349.9 63.4 348.9 62.7 347.9 62.0 346.8 61.3 345.9 60.7 344.9 60.1 343.8
  59.6 342.6 59.1 341.5 58.7 340.4 58.2 339.3 57.9 338.1 57.6 337.1 57.3 336.1
  57.0 335.1 56.9 334.0 56.8 332.9 56.7 331.7 56.6 330.5 56.5 329.2 56.4 328.0
  56.3 326.7 56.2 325.4 56.0 324.1 55.9 322.9 55.8 321.7 55.8 320.5 55.7 319.3
  55.9 318.1 56.1 316.8 56.3 315.5 56.7 314.2 57.1 312.9 57.5 311.6 57.7 310.3
  58.0 309.2 58.4 307.8 58.5 306.6 58.6 305.4 58.6 304.3 58.7 303.2 58.7 302.1
  58.7 301.1 58.6 300.1 58.6 299.1 58.5 298.2 58.4 297.3 58.3 296.5 58.2 295.7
  58.0 295.0 57.7 294.1 57.5 293.3 57.2 292.5 57.0 291.8 56.6 291.2 56.3 290.7
  55.9 290.2 55.5 289.5 55.1 288.9 54.7 288.3 54.3 287.7 53.9 287.2 53.5 286.3
  53.2 285.4 52.8 284.4 52.5 283.5 52.4 282.5 52.2 281.5 52.1 280.5 52.0 279.5
  52.1 278.3 52.1 277.3 52.2 276.2 52.3 275.0 52.6 273.8 52.9 272.6 53.2 271.3
  53.6 270.0 54.1 268.7 54.6 267.5 55.2 266.2 55.8 264.9 56.4 263.7 57.1 262.6
  57.9 261.6 58.7 260.5 59.5 259.7 60.2 258.9 60.9 258.5 61.6 258.0 62.4 257.4
  63.1 257.2 63.9 256.8 64.6 256.4 65.3 256.2 66.1 255.9 66.8 255.5 67.4 255.1
  68.1 254.6 68.7 253.9 69.3 253.2 69.9 252.5 70.4 251.7 70.9 250.7 71.3 249.6
  71.7 248.5 72.1 247.3 72.5 246.2 72.9 245.0 73.2 243.8 73.6 242.6 73.9 241.2
  74.2 239.8 74.4 238.4 74.7 237.0 74.9 235.6 75.1 234.1 75.2 232.5 75.4 230.9
  75.4 229.2 75.5 227.5 75.5 225.8 75.5 224.2 75.5 222.5 75.5 220.9 75.4 219.4
  75.3 217.9 75.2 216.5 75.2 215.2 75.0 213.9 74.9 212.7 74.8 211.6 74.6 210.6
  74.4 209.7 74.2 208.8 74.1 208.1 73.9 207.4 73.7 206.6 73.5 205.9 73.2 205.3
  72.9 204.8 72.6 204.3 72.3 203.9 71.9 203.6 71.5 203.3 71.0 203.0 70.5 202.9
  69.9 202.7 69.4 202.4 68.9 202.1 68.4 201.8 67.8 201.5 67.3 201.1 66.8 200.7
  66.3 200.3 65.8 200.0 65.3 199.7 64.8 199.5 64.3 199.3 63.8 199.2 63.3 199.0
  62.7 198.9 62.1 198.7 61.4 198.5 60.8 198.3 60.1 198.1 59.3 197.8 58.6 197.4
  57.8 197.0 57.1 196.3 56.3 195.5
   8 27 67  0.0
  72.5 321.4 72.6 322.6 72.6 323.8 72.7 324.8 72.5 325.6 72.3 326.3 72.1 326.8
  71.9 327.2 71.7 328.0 71.3 328.8 70.9 329.6 70.6 330.3 70.2 331.0 69.9 331.7
  69.6 333.3 69.1 334.9 68.6 336.3 67.9 337.7 67.2 339.3 66.6 340.9 65.7 342.2
  64.8 343.3 63.8 344.2 62.8 344.8 61.7 345.3 60.5 345.3 59.4 345.3 58.3 344.7
  57.3 344.2 56.3 343.2 55.3 342.2 54.3 340.9 53.3 339.7 52.4 338.3 51.5 336.9
  50.8 335.5 50.3 333.9 49.8 332.3 49.3 330.8 49.0 329.3 48.7 327.8 48.8 326.4
  48.8 324.9 48.7 323.5 49.0 322.0 49.2 320.5 49.4 319.0 49.9 317.6 50.3 316.1
  50.8 315.0 51.4 313.9 52.0 312.8 52.6 311.9 53.3 311.0 53.9 310.1 54.6 309.1
  55.2 308.2 55.8 307.3 56.5 306.4 57.3 305.6 58.0 304.7 58.8 303.8 59.5 302.9
  60.2 302.0 60.9 301.2 61.6 300.4 62.2 299.7 62.9 299.1 63.6 298.5 64.2 298.0
  64.9 297.4 65.6 296.8 66.3 296.2 66.9 295.4 67.5 294.6 68.0 293.8 68.5 293.0
  69.0 292.2 69.5 291.4 69.9 290.5 70.3 289.7 70.8 289.1 71.2 288.5 71.7 287.9
  72.0 287.3 72.4 287.3 72.8 287.3 73.1 287.2 73.5 287.1 73.8 287.0 74.1 286.9
  74.5 287.1 74.8 287.4 75.2 287.6 75.5 287.7 75.8 287.8 76.1 287.9 76.4 288.5
  76.8 289.1 77.1 289.8 77.4 290.5 77.7 291.3 78.0 292.1 78.4 293.1 78.7 294.1
  79.0 295.2 79.3 296.3 79.6 297.5 79.9 298.8 80.1 300.0 80.4 300.9 80.7 301.7
  81.0 302.5 81.3 303.3 81.5 304.1 81.8 304.9 82.0 305.6 82.2 306.3 82.5 306.3
  82.8 306.2 83.0 306.2 83.3 306.1 83.5 306.1 83.7 306.1 83.8 306.2 84.0 306.3
  84.1 306.5 84.3 306.1 84.4 305.6 84.5 305.0 84.6 304.4 84.7 303.7 84.8 303.0
  84.8 302.2 84.8 301.3 84.9 300.4 84.9 299.5 84.9 298.5 84.9 297.5 84.9 296.4
  84.9 295.4 84.9 294.3 84.8 293.1 84.8 292.0 84.7 290.9 84.7 289.7 84.6 288.5
  84.5 287.2 84.4 285.9 84.3 284.5 84.2 283.2 84.0 281.8 83.8 281.1 83.7 280.3
  83.5 279.6 83.3 278.7 83.1 277.9 82.8 277.1 82.5 276.2 82.3 275.1 82.0 274.0
  81.8 272.8 81.6 271.4 81.4 269.9 81.2 268.3 81.0 266.7 80.7 265.0 80.5 263.3
  80.2 261.6 79.8 259.9 79.5 257.8 79.3 255.7 79.0 253.6 78.8 251.5 78.5 249.4
  78.3 247.2 78.1 245.0 77.9 242.9 77.6 240.4 77.4 238.0 77.1 235.8 76.7 233.8
  76.4 231.9 75.9 230.0 75.6 228.0 75.2 226.0 74.8 224.2 74.5 222.5 74.0 220.8
  73.6 219.3 73.1 217.6 72.7 216.1 72.2 214.6 71.6 213.2 71.1 211.9 70.4 210.6
  69.8 209.4 69.1 208.5 68.5 207.6 67.8 206.9 67.2 206.2 66.5 205.6 65.8 205.1
  65.1 204.5 64.5 204.0 63.9 203.4 63.3 203.0 62.7 202.5 62.1 202.1 61.5 201.7
  60.9 201.4 60.2 201.1 59.6 200.9 59.0 200.6 58.4 200.3 57.8 199.9 57.4 199.5
  56.9 199.0 56.5 198.5 56.1 198.0 55.6 197.4 55.2 196.9 54.7 196.3 54.2 195.6
  53.9 195.0 53.7 194.4 53.4 193.7 53.0 193.1 52.7 192.4 52.4 191.8 52.3 191.1
  52.1 190.4 51.9 189.7 51.6 188.8 51.2 187.8 51.2 186.8 51.1 185.9 51.0 184.9
  50.8 183.9 51.1 182.9 51.4 182.0
   8 28 67  0.0
  72.5 321.4 72.3 321.3 72.2 321.3 72.0 321.3 71.8 321.1 71.7 320.9 71.5 320.8
  71.3 320.7 71.2 320.6 71.0 320.6 70.8 320.6 70.7 320.7 70.5 320.8 70.4 320.9
  70.3 321.1 70.2 321.5 70.2 321.9 70.1 322.4 70.1 323.1 70.1 323.9 70.2 324.7
  70.0 325.7 69.9 326.8 69.8 327.6 69.7 328.5 69.4 329.4 69.1 330.3 68.7 331.3
  68.4 332.3 67.9 333.3 67.4 334.2 66.8 335.2 66.3 336.3 65.6 337.5 64.9 338.3
  64.2 339.3 63.5 340.2 62.7 340.5 61.8 340.7 60.9 340.2 60.0 339.7 59.2 338.7
  58.3 337.7 57.4 336.8 56.5 335.3 56.0 333.8 55.4 331.9 55.4 330.0 55.3 328.0
  55.6 325.9 55.9 324.0 56.3 322.3 56.7 321.2 57.2 320.1 57.8 319.1 58.3 318.0
  58.8 317.5 59.3 317.0 59.8 316.4 60.3 315.7 60.7 315.4 61.0 315.1 61.4 314.7
  61.7 314.4 62.0 314.0 62.3 313.6 62.5 313.4 62.8 313.3 63.0 313.1 63.1 313.0
  63.3 312.8 63.4 312.6 63.5 312.5 63.6 312.3 63.7 312.0 63.7 311.8 63.8 311.6
  64.0 311.4 64.1 311.2 64.2 311.2 64.4 311.1 64.5 311.1 64.6 311.0 64.8 310.9
  64.9 310.9 65.1 310.8 65.2 310.7 65.3 310.6 65.3 310.6 65.4 310.5 65.4 310.5
  65.5 310.5 65.5 310.5 65.5 310.5 65.5 310.6 65.5 310.6 65.5 310.7 65.4 310.8
  65.4 310.8 65.4 310.8 65.3 310.7 65.2 310.6 65.1 310.4 65.0 310.2 64.9 309.9
  64.8 309.6 64.6 309.3 64.5 308.9 64.3 308.6 64.0 308.2 63.8 307.8 63.7 307.4
  63.7 306.9 63.7 306.3 63.7 305.7 63.6 305.0 63.6 304.3 63.7 303.6 63.9 302.8
  64.3 301.9 64.6 301.5 65.0 301.1 65.3 300.7 65.7 300.3 66.0 299.8 66.5 299.7
  67.0 299.5 67.4 299.4 67.8 299.1 68.2 298.8 68.6 298.9 68.9 298.9 69.3 299.0
  69.6 298.9 69.9 298.9 70.2 298.8 70.5 299.0 70.8 299.2 71.0 299.3 71.3 299.5
  71.6 299.6 71.8 299.7 72.0 299.8 72.3 300.4 72.5 300.9 72.7 301.5 73.0 302.0
  73.2 302.5 73.4 302.9 73.6 303.2 73.8 303.4 74.0 303.6 74.2 303.7 74.4 304.4
  74.6 305.0 74.7 305.5 74.9 306.0 75.0 306.5 75.1 307.0 75.3 307.5 75.4 307.9
  75.6 308.3 75.8 308.7 75.9 309.1 76.1 309.5 76.3 310.2 76.5 310.8 76.7 311.5
  76.9 312.1 77.0 312.8 77.2 313.5 77.3 314.3 77.5 315.2 77.6 316.1 77.6 317.1
  77.7 318.0 77.7 319.0 77.7 320.0 77.7 321.0 77.6 321.9 77.5 322.8 77.4 323.7
  77.3 324.6 77.1 325.4 77.0 326.1 76.8 326.8 76.7 327.4 76.5 328.0 76.4 328.5
  76.1 329.0 75.9 329.4 75.7 330.0 75.5 330.6 75.3 331.1 75.1 331.7 74.9 332.2
  74.6 332.7 74.4 333.3 74.1 333.8 73.9 334.4 73.7 334.9 73.4 335.4 73.2 335.9
  73.0 336.5 72.9 337.0 72.7 337.7 72.5 338.3 72.3 338.9 72.2 339.5 72.0 340.1
  71.8 340.4 71.6 340.8 71.4 341.1 71.1 341.5 70.9 341.9 70.6 342.4 70.3 342.8
  70.0 343.3 69.7 343.6 69.5 343.7 69.2 343.7 68.9 343.7 68.6 343.6 68.3 343.5
  68.0 343.4 67.7 343.1 67.4 342.7 67.1 342.3 66.9 342.0 66.6 341.7 66.3 341.4
  66.1 341.1 65.9 340.8 65.6 340.2 65.5 339.7 65.3 339.1 65.1 338.6 64.9 338.1
  64.7 337.5 64.5 337.0 64.4 336.4
   8 29 67  0.0
  72.5 321.4 72.2 320.8 71.9 320.2 71.7 319.7 71.4 319.3 71.2 318.9 71.0 318.5
  70.7 318.2 70.5 317.9 70.3 317.6 70.0 317.4 69.8 317.2 69.5 317.1 69.3 317.0
  69.1 316.9 68.8 316.8 68.6 316.7 68.4 316.6 68.2 316.4 67.9 316.2 67.7 315.9
  67.5 315.5 67.3 315.2 67.1 314.8 66.9 314.5 66.7 314.2 66.5 313.8 66.3 313.5
  66.1 313.3 66.0 313.0 65.8 312.5 65.6 312.0 65.5 311.5 65.3 311.1 65.1 310.7
  64.9 310.3 64.7 310.0 64.5 309.7 64.3 309.4 64.1 309.1 64.0 308.9 63.9 308.6
  63.8 307.7 63.7 306.8 63.5 305.9 63.4 305.1 63.3 304.2 63.1 303.3 62.9 302.4
  62.6 301.6 62.2 300.8 61.9 300.0 61.6 298.6 61.1 297.3 60.5 296.1 60.0 295.0
  59.4 293.4 58.7 291.9 58.3 290.3 57.8 288.8 57.4 286.8 57.0 284.9 56.7 282.9
  56.4 280.9 56.2 279.0 56.0 277.0 55.9 275.2 55.9 273.3 56.0 271.6 56.2 270.0
  56.4 268.4 56.6 267.0 56.9 265.7 57.2 264.3 57.4 263.1 57.8 262.0 58.2 260.9
  58.6 259.9 59.0 258.9 59.5 258.0 60.0 257.1 60.4 256.1 60.9 255.2 61.3 254.2
  61.8 253.2 62.2 252.2 62.7 251.3 63.2 250.4 63.7 249.5 64.2 248.6 64.7 247.8
  65.2 247.0 65.6 246.1 66.1 245.3 66.6 244.5 67.0 243.7 67.5 242.9 68.0 242.1
  68.4 241.2 68.9 240.4 69.4 239.6 69.9 238.8 70.3 237.9 70.8 237.2 71.3 236.6
  71.8 236.0 72.2 235.3 72.7 235.0 73.2 234.7 73.7 234.4 74.1 234.1 74.6 234.2
  75.0 234.4 75.3 234.5 75.6 234.7 75.9 234.9 76.1 235.1 76.4 235.9 76.6 236.8
  76.8 237.8 77.0 238.9 77.1 240.1 77.2 241.4 77.2 242.8 77.3 244.4 77.3 246.0
  77.3 247.8 77.2 249.6 77.1 251.5 77.0 253.3 76.9 255.1 76.7 256.8 76.5 258.5
  76.2 260.1 75.9 261.5 75.7 262.2 75.4 262.9 75.1 263.4 74.9 263.9 74.6 264.3
  74.4 264.6 74.2 264.9 74.0 265.0 73.8 264.7 73.6 264.4 73.4 264.1 73.2 263.8
  73.0 263.5 72.8 263.2 72.5 262.8 72.3 262.4 72.0 262.1 71.8 261.7 71.5 261.0
  71.3 260.3 71.0 259.6 70.7 258.9 70.4 258.3 70.0 257.6 69.7 257.1 69.3 256.3
  69.0 255.6 68.7 254.9 68.3 254.2 67.9 253.6 67.6 252.8 67.2 252.1 66.9 251.3
  66.6 250.6 66.3 249.8 66.0 249.1 65.7 248.2 65.4 247.5 65.1 246.7 64.7 246.0
  64.4 245.4 64.1 244.8 63.7 244.2 63.3 243.6 63.0 243.0 62.7 242.5 62.3 242.0
  61.9 241.5 61.6 240.9 61.3 240.3 60.9 239.7 60.6 239.1 60.3 238.6 59.9 238.1
  59.6 237.5 59.3 237.0 58.9 236.5 58.6 236.0 58.2 235.5 57.8 235.0 57.5 234.5
  57.1 233.9 56.8 233.3 56.4 232.8 56.0 232.2 55.6 231.6 55.2 231.1 54.8 230.5
  54.4 229.9 53.9 229.3 53.5 228.7 53.0 228.1 52.6 227.5 52.1 226.8 51.6 226.2
  51.1 225.4 50.6 224.6 50.2 223.8 49.8 223.0 49.5 222.1 49.2 221.1 48.9 220.1
  48.6 219.0 48.5 217.8 48.4 216.6 48.3 215.4 48.4 214.0 48.5 212.6 48.6 211.2
  48.8 209.8 49.0 208.4 49.3 207.1 49.4 205.8 49.6 204.5 49.8 203.3 49.9 202.2
  49.9 201.1 50.0 200.0 50.0 199.0 49.9 198.0 49.8 197.1 49.7 196.2 49.7 195.3
  49.5 194.5 49.4 193.7 49.3 193.0
   8 30 67  0.0
  72.5 321.4 72.4 320.9 72.3 320.5 72.2 320.1 72.1 319.7 72.2 319.3 72.2 318.9
  72.3 318.6 72.4 318.2 72.4 317.9 72.5 317.6 72.6 317.4 72.6 317.1 72.7 316.9
  72.7 316.7 72.7 316.4 72.7 316.1 72.7 315.7 72.7 315.3 72.7 314.9 72.7 314.5
  72.6 314.1 72.5 313.6 72.4 313.2 72.3 312.7 72.1 312.2 71.9 311.8 71.9 311.5
  71.8 311.2 71.7 311.0 71.7 310.8 71.6 310.7 71.5 310.6 71.3 310.5 71.2 310.5
  71.1 310.5 70.9 310.6 70.7 310.6 70.6 310.7 70.4 310.8 70.3 310.8 70.2 310.9
  70.1 310.9 70.0 310.9 70.0 310.9 69.9 311.0 69.9 311.0 69.9 311.0 70.0 311.0
  70.0 310.9 70.0 310.9 70.1 310.9 70.1 310.9 70.2 310.9 70.2 310.9 70.2 310.9
  70.2 310.9 70.2 310.9 70.2 311.0 70.2 311.0 70.2 311.0 70.2 311.0 70.2 311.1
  70.2 311.3 70.3 311.5 70.4 311.8 70.5 312.2 70.6 312.7 70.7 313.2 70.9 313.8
  71.1 314.6 71.4 315.5 71.6 316.5 71.8 317.7 72.0 318.8 72.3 319.6 72.4 320.3
  72.4 320.8 72.4 321.1 72.4 321.4 72.4 321.4 72.3 321.3 72.3 321.0 72.2 320.6
  72.1 320.0 72.1 319.1 72.1 318.3 72.1 317.4 72.1 316.5 72.1 315.6 72.1 314.7
  72.1 313.8 72.1 312.9 72.1 312.1 72.1 311.2 72.1 310.4 72.1 309.6 72.0 308.9
  72.0 308.0 72.1 307.2 72.1 306.3 72.2 305.4 72.3 304.4 72.4 303.5 72.6 302.5
  72.8 301.5 73.1 300.4 73.3 299.3 73.6 298.1 73.8 297.0 74.1 295.8 74.3 294.8
  74.6 294.0 74.9 293.2 75.2 292.4 75.5 291.7 75.8 291.1 76.1 290.6 76.4 290.8
  76.8 291.0 77.2 291.3 77.5 291.7 77.9 292.1 78.4 292.6 78.9 293.8 79.4 295.2
  79.8 296.8 80.2 298.5 80.7 301.3 81.2 304.5 81.6 308.3 81.9 312.8 82.0 317.7
  82.1 323.3 82.1 328.7 81.9 333.6 81.7 338.3 81.3 342.3 80.9 345.8 80.4 348.7
  79.8 351.1 79.3 353.3 78.7 355.1 78.1 356.7 77.4 358.0 76.7 359.1 76.0 359.9
  75.2   0.6 74.6   0.6 73.9   0.6 73.3   0.4 72.6   0.2 72.0   0.1 71.4 359.9
  70.7 359.2 69.9 358.7 69.2 358.1 68.5 357.5 67.8 357.0 67.1 356.4 66.5 355.7
  65.7 355.1 65.0 354.3 64.4 353.5 63.7 352.7 63.0 351.9 62.3 351.1 61.7 350.3
  61.0 349.6 60.4 348.8 59.9 348.0 59.3 347.3 58.9 346.5 58.4 345.6 57.9 344.7
  57.5 344.0 57.1 343.2 56.8 342.4 56.4 341.6 56.0 340.8 55.7 340.0 55.4 339.4
  55.2 338.7 55.0 338.0 54.8 337.3 54.5 336.5 54.3 335.7 54.1 334.8 53.9 334.0
  53.7 333.3 53.4 332.6 53.2 331.8 53.0 331.1 52.9 330.3 52.7 329.4 52.6 328.5
  52.5 327.4 52.5 326.3 52.5 325.0 52.4 323.7 52.4 322.3 52.4 320.9 52.4 319.5
  52.5 318.1 52.6 316.8 52.7 315.5 52.8 314.4 52.9 313.3 53.1 312.3 53.2 311.3
  53.3 310.4 53.3 309.5 53.5 308.6 53.6 307.8 53.6 307.0 53.7 306.2 53.8 305.4
  53.9 304.7 54.0 303.9 54.0 303.1 53.9 302.4 53.9 301.6 53.9 300.8 53.9 300.0
  53.9 299.3 53.9 298.5 53.8 297.7 53.8 296.8 53.8 296.0 53.5 295.2 53.3 294.3
  53.1 293.5 53.0 292.6 52.8 291.8 52.5 290.9 52.2 290.1 51.9 289.3 51.7 288.3
  51.5 287.3 51.3 286.3 51.1 285.2
   8 31 67  0.0
  72.5 321.4 72.4 321.6 72.2 321.7 72.1 321.8 72.0 321.9 71.9 322.1 71.8 322.2
  71.7 322.4 71.5 322.5 71.4 322.5 71.3 322.5 71.2 322.5 71.1 322.4 71.0 322.3
  70.9 322.1 70.9 322.0 70.8 321.8 70.7 321.6 70.7 321.5 70.6 321.3 70.6 321.1
  70.5 320.8 70.5 320.6 70.5 320.4 70.4 320.1 70.4 319.8 70.5 319.6 70.6 319.3
  70.8 319.1 70.8 318.8 70.9 318.6 71.0 318.4 71.1 318.2 71.2 318.0 71.3 317.9
  71.4 317.7 71.4 317.6 71.5 317.5 71.6 317.4 71.6 317.3 71.6 317.1 71.6 316.9
  71.5 316.6 71.4 316.3 71.3 316.0 71.2 315.7 71.1 315.3 70.9 315.0 70.8 314.6
  70.6 314.2 70.4 313.8 70.2 313.5 70.0 313.2 69.8 312.9 69.5 312.7 69.3 312.5
  69.1 312.3 68.8 312.3 68.5 312.3 68.2 312.3 67.9 312.4 67.6 312.3 67.3 312.2
  67.0 312.0 66.7 311.9 66.4 311.8 66.1 311.6 65.8 311.5 65.5 310.9 65.2 310.3
  65.0 309.8 64.8 309.2 64.5 308.7 64.3 308.3 64.1 307.8 63.9 307.4 63.6 306.5
  63.4 305.7 63.1 304.9 62.9 304.2 62.6 303.5 62.3 302.9 62.0 302.3 61.6 301.0
  61.3 299.7 60.9 298.5 60.4 297.3 60.0 296.2 59.5 295.1 59.2 293.2 58.8 291.3
  58.6 289.5 58.4 287.8 58.4 286.1 58.3 284.4 58.3 282.7 58.5 281.0 58.7 279.3
  59.0 277.5 59.3 275.8 59.6 274.0 60.0 272.3 60.3 270.7 60.9 269.3 61.4 267.9
  61.9 266.5 62.5 265.0 63.0 263.9 63.5 262.6 64.0 261.3 64.5 260.5 65.0 259.8
  65.5 259.0 66.1 258.2 66.7 258.0 67.3 257.7 67.9 257.4 68.4 257.1 69.0 257.2
  69.6 257.2 70.1 257.3 70.7 257.5 71.1 257.8 71.5 258.1 71.8 258.5 72.1 259.0
  72.4 259.9 72.6 261.0 72.8 262.1 72.9 263.3 73.0 264.5 73.0 265.8 73.0 267.1
  73.0 268.4 72.8 269.6 72.7 270.6 72.5 271.5 72.4 272.2 72.1 272.9 71.9 273.4
  71.7 273.1 71.5 272.7 71.3 272.2 71.1 271.7 71.0 271.1 70.8 270.5 70.7 269.9
  70.5 269.3 70.3 268.8 70.2 268.4 70.0 268.0 69.9 267.6 69.8 266.6 69.7 265.6
  69.6 264.6 69.5 263.7 69.4 262.7 69.3 261.7 69.3 260.7 69.2 259.6 69.3 258.5
  69.3 257.4 69.4 256.2 69.4 255.0 69.6 253.7 69.8 252.4 69.9 251.0 70.1 249.6
  70.3 248.7 70.5 247.7 70.7 246.7 70.9 245.6 71.1 244.4 71.2 243.2 71.5 241.9
  71.7 240.6 71.9 239.3 72.2 237.9 72.5 237.1 72.8 236.1 73.0 235.1 73.3 234.1
  73.5 233.0 73.8 231.8 74.1 230.7 74.4 230.3 74.6 229.9 74.9 229.4 75.1 228.7
  75.2 228.0 75.4 227.2 75.6 226.2 75.7 225.2 75.9 224.0 76.0 222.8 76.2 222.3
  76.3 221.8 76.4 221.3 76.4 220.8 76.4 220.3 76.4 219.8 76.4 219.3 76.4 218.9
  76.3 218.4 76.2 218.0 76.2 217.6 76.1 217.2 76.0 216.8 75.9 215.9 75.8 215.1
  75.7 214.2 75.6 213.4 75.4 212.6 75.3 211.8 75.2 211.0 75.1 210.2 74.9 209.5
  74.8 208.8 74.7 208.0 74.5 207.3 74.4 206.5 74.2 205.7 74.1 204.9 73.9 204.1
  73.8 203.0 73.6 201.8 73.4 200.7 73.2 199.6 73.1 198.5 72.9 197.4 72.7 196.2
  72.5 195.1 72.3 193.8 72.1 192.5 71.9 191.2 71.7 189.7 71.6 188.3 71.4 186.7
  71.2 185.1 71.0 183.5 70.8 181.7
