  12  1 60  0.0
  72.5 321.4 72.4 320.3 72.3 319.2 72.1 318.2 71.9 317.1 71.8 316.3 71.6 315.4
  71.4 314.6 71.3 313.7 71.0 312.7 70.8 311.8 70.5 310.8 70.2 309.7 69.8 308.7
  69.5 308.0 69.2 307.3 68.8 306.6 68.5 305.9 68.1 305.3 67.7 304.6 67.4 304.2
  67.0 303.8 66.7 303.4 66.3 303.0 66.0 302.6 65.7 302.5 65.3 302.5 65.0 302.5
  64.7 302.5 64.5 302.5 64.2 302.6 64.0 302.7 63.8 302.9 63.6 303.0 63.4 303.3
  63.3 303.5 63.1 303.8 63.0 304.1 62.9 304.5 62.9 304.8 62.9 305.2 62.9 305.7
  62.9 306.1 62.9 306.6 62.9 307.2 62.9 307.7 62.9 308.3 63.0 308.9 63.0 309.6
  63.1 310.3 63.2 311.1 63.3 312.0 63.3 313.0 63.4 314.1 63.5 315.3 63.5 316.6
  63.4 318.0 63.3 319.5 63.2 320.9 62.9 322.4 62.6 323.7 62.1 324.9 61.6 326.0
  61.1 326.9 60.5 327.6 59.8 328.2 59.0 328.5 58.2 328.7 57.2 328.8 56.2 328.7
  54.9 328.6 53.7 327.9 52.4 326.5 51.0 325.1 49.8 323.4 49.0 321.8 48.2 320.1
  47.4 318.3 46.7 316.6 46.0 314.8 45.5 313.1 44.9 311.5 44.8 309.8 44.6 308.0
  44.6 306.1 44.8 304.0 45.2 301.8 45.6 299.8 46.1 298.0 46.5 295.8 46.9 293.7
  47.2 291.5 47.6 289.4 47.9 287.4 48.1 285.4 48.3 283.0 48.6 280.6 48.9 278.3
  49.2 276.2 49.4 274.1 49.6 272.1 49.8 270.1 49.8 268.2 49.9 266.4 49.9 264.6
  49.8 262.8 49.6 261.0 49.3 259.1 49.0 257.3 48.7 255.5 48.4 253.7 48.1 252.0
  47.7 250.3 47.3 248.9 46.8 247.5 46.3 246.2 45.7 245.0 45.1 243.9 44.3 242.8
  43.5 241.8 42.7 240.8 41.8 239.7 40.8 238.6 39.8 237.5 38.7 236.3 37.8 234.9
  36.9 233.6 36.1 232.1 35.4 230.4 34.9 228.5 34.5 226.5 34.5 224.5 34.4 222.7
  34.6 221.0 34.7 219.3 34.9 217.6 35.1 216.0 35.4 214.3 35.8 212.6 36.1 211.0
  36.8 209.5 37.5 208.2 38.3 206.9 39.3 205.9 40.3 205.0 41.5 204.3 42.6 203.6
  43.6 203.0 44.7 202.2 45.7 201.6 46.8 200.9 47.9 200.3 49.1 199.8 50.2 199.5
  51.5 199.3 52.6 199.2 53.8 199.0 54.9 198.9 56.0 198.7 56.9 198.5 57.7 198.2
  58.5 198.0 59.2 197.8 59.9 197.7 60.5 197.7 61.1 197.8 61.7 197.9 62.3 198.2
  62.9 198.4 63.4 198.7 64.0 199.1 64.5 199.5 65.0 199.8 65.5 200.2 65.9 200.6
  66.2 201.0 66.6 201.3 67.0 201.5 67.3 201.8 67.7 202.1 68.0 202.5 68.4 202.4
  68.7 202.3 69.0 202.3 69.3 202.4 69.6 202.5 69.9 202.6 70.3 202.8 70.6 202.6
  70.9 202.4 71.2 202.3 71.6 202.2 71.9 202.3 72.2 202.4 72.6 201.7 73.0 201.0
  73.3 200.3 73.7 199.6 74.0 198.9 74.3 198.2 74.7 196.9 75.1 195.7 75.4 194.5
  75.7 193.3 76.1 192.1 76.6 190.6 76.9 189.2 77.2 187.7 77.4 186.3 77.6 184.9
  77.8 183.5 77.9 182.2 78.0 180.8 78.2 179.3 78.3 177.7 78.4 176.1 78.4 174.4
  78.5 172.7 78.6 171.0 78.6 169.3 78.6 167.6 78.6 166.1 78.6 164.6 78.5 163.1
  78.4 161.9 78.3 160.7 78.2 159.6 78.1 158.7 77.9 157.8 77.7 157.3 77.6 156.9
  77.4 156.6 77.3 156.3 77.2 156.1 77.0 155.9 76.9 155.8 76.8 155.8 76.7 155.7
  76.7 155.7 76.6 155.8 76.6 155.8
  12  2 60  0.0
  72.5 321.4 72.4 320.3 72.2 319.2 72.1 318.2 71.9 317.3 71.8 316.7 71.7 316.2
  71.5 315.8 71.4 315.4 71.3 315.1 71.2 315.0 71.1 314.8 71.0 314.8 70.8 314.8
  70.7 314.8 70.5 314.7 70.3 314.6 70.1 314.5 70.0 314.3 69.8 314.3 69.6 314.3
  69.4 314.3 69.2 314.2 69.0 314.2 68.7 314.1 68.5 313.9 68.3 313.8 68.0 313.6
  67.8 313.3 67.6 313.3 67.3 313.2 67.1 313.1 66.9 312.9 66.7 312.7 66.5 312.5
  66.3 312.3 66.1 312.0 65.7 311.7 65.4 311.5 65.2 311.3 64.9 311.1 64.6 310.9
  64.3 310.6 64.0 310.4 63.7 310.3 63.5 310.2 63.2 310.1 63.0 310.0 62.7 309.9
  62.5 309.9 62.3 309.9 62.1 310.0 62.0 310.1 61.9 310.2 61.8 310.3 61.8 310.6
  61.8 310.9 61.8 311.4 61.9 311.9 62.0 312.7 62.2 313.5 62.5 314.5 62.8 315.5
  63.0 316.7 63.2 317.8 63.4 319.1 63.6 320.4 63.7 321.8 63.7 323.2 63.8 324.6
  63.7 326.0 63.6 327.3 63.4 328.5 63.1 329.6 62.7 330.5 62.3 331.3 61.8 331.9
  61.3 332.4 60.8 332.7 60.2 332.9 59.5 333.1 58.8 333.0 58.0 333.0 57.1 332.9
  56.2 332.7 55.2 332.5 54.3 331.9 52.9 331.3 51.6 330.1 50.5 328.6 49.4 327.1
  48.5 325.3 47.7 323.3 47.2 321.4 46.7 319.4 46.3 317.2 45.9 314.9 45.5 312.9
  45.1 310.9 44.8 308.7 44.6 306.4 44.5 304.0 44.8 301.4 45.1 299.0 45.5 296.7
  45.9 294.6 46.3 292.7 46.7 290.3 47.1 288.1 47.5 286.0 47.7 284.1 47.9 282.2
  48.1 280.5 48.4 278.3 48.5 276.3 48.7 274.5 48.9 272.7 49.1 270.9 49.1 269.1
  49.2 267.3 49.1 265.6 49.0 263.9 48.7 262.2 48.4 260.4 48.2 258.6 47.9 256.8
  47.7 255.4 47.3 254.0 47.0 252.7 46.6 251.3 46.1 250.0 45.7 248.8 45.2 247.7
  44.6 246.6 44.0 245.6 43.3 244.6 42.6 243.7 41.7 242.7 40.8 241.9 39.9 241.0
  39.0 240.1 38.1 239.1 37.2 238.1 36.3 237.1 35.4 235.9 35.0 234.8 34.6 233.5
  34.2 232.1 33.8 230.5 33.5 229.0 33.3 227.4 33.2 225.8 33.2 224.2 33.1 222.5
  33.2 220.8 33.4 219.2 33.5 217.7 33.6 216.1 33.7 214.6 33.9 213.2 34.2 211.9
  34.7 210.5 35.3 209.1 35.9 207.7 36.6 206.3 37.5 205.2 38.4 204.1 39.4 203.2
  40.3 202.4 41.3 201.8 42.4 201.2 43.4 200.5 44.5 199.8 45.4 199.1 46.3 198.4
  47.3 197.9 48.4 197.4 49.6 197.1 50.8 196.9 52.0 196.6 53.3 196.2 54.5 195.8
  55.3 195.2 56.1 194.7 56.9 194.2 57.7 193.6 58.3 193.1 59.0 192.7 59.7 192.3
  60.4 192.1 61.0 192.0 61.6 191.9 62.1 191.9 62.7 191.9 63.2 192.0 63.7 192.0
  64.2 192.2 64.8 192.4 65.3 192.6 65.8 193.0 66.3 193.4 66.8 193.5 67.2 193.7
  67.7 194.0 68.1 194.3 68.5 194.0 68.9 193.7 69.3 193.5 69.7 193.3 70.0 193.1
  70.3 193.1 70.6 192.5 70.9 192.0 71.2 191.6 71.5 191.3 71.7 191.0 71.9 190.7
  72.1 190.6 72.3 190.0 72.5 189.4 72.6 188.8 72.8 188.2 73.0 187.7 73.1 187.3
  73.1 186.9 73.2 186.5 73.3 186.2 73.3 185.9 73.4 185.6 73.4 185.5 73.4 185.2
  73.5 185.0 73.5 184.6 73.6 184.3 73.7 183.9 73.7 183.4 73.7 182.9 73.8 182.3
  73.8 181.7 73.9 181.0 73.9 180.3
  12  3 60  0.0
  72.5 321.4 72.6 320.8 72.7 320.1 72.7 319.5 72.9 318.7 73.0 317.9 73.1 317.1
  73.2 316.2 73.2 315.3 73.3 314.4 73.4 313.5 73.4 312.5 73.5 311.6 73.5 310.6
  73.6 309.7 73.7 308.7 73.8 307.8 73.9 306.8 74.1 305.9 74.2 304.7 74.4 303.5
  74.6 302.2 74.8 300.8 75.0 299.4 75.2 297.9 75.4 296.4 75.5 294.8 75.7 293.2
  75.9 291.6 76.0 290.1 76.0 288.6 76.1 287.2 76.2 285.9 76.2 284.7 76.2 283.5
  76.1 282.4 76.1 281.3 76.0 280.3 76.0 279.3 75.9 277.8 75.8 276.3 75.7 274.8
  75.6 273.2 75.5 271.6 75.3 269.9 75.2 268.3 75.0 266.6 74.8 265.0 74.6 263.4
  74.3 261.8 73.9 260.4 73.6 258.5 73.2 256.6 72.9 254.8 72.4 253.2 71.9 251.6
  71.5 249.8 71.0 248.1 70.5 246.3 70.0 244.6 69.6 242.9 69.2 241.0 68.8 239.1
  68.4 237.3 67.9 235.5 67.4 233.8 67.0 232.1 66.5 230.4 66.0 228.8 65.5 227.3
  65.1 225.8 64.7 224.3 64.3 222.9 63.8 221.5 63.4 220.5 63.0 219.5 62.7 218.6
  62.4 217.7 62.1 216.7 61.8 215.8 61.7 215.1 61.6 214.4 61.5 213.6 61.4 212.8
  61.3 211.9 61.2 211.0 61.2 210.1 61.1 209.1 61.0 208.2 60.9 207.1 60.9 206.1
  60.9 204.9 60.8 203.7 60.8 202.5 60.8 201.2 60.8 199.8 60.8 198.4 60.8 197.0
  60.8 195.5 60.9 194.0 60.9 192.4 61.0 190.8 61.0 189.2 61.0 187.6 60.9 186.1
  60.8 184.6 60.7 183.3 60.4 182.0 60.1 180.8 59.7 179.8 59.2 178.6 58.7 177.5
  58.1 176.4 57.6 175.3 56.9 173.8 56.3 172.4 55.7 170.9 54.9 169.1 54.1 167.3
  53.0 165.7 51.7 164.1 50.5 162.5 49.3 161.0 48.1 159.3 47.3 157.6 46.4 155.7
  45.6 153.9 44.8 152.1 44.0 150.4 43.4 148.8 42.8 147.1 42.5 145.4 42.2 143.7
  42.2 142.0 42.2 140.2 42.2 138.4 42.3 136.8 42.3 135.2 42.5 133.7 42.8 132.3
  43.1 130.9 43.5 129.6 43.9 128.3 44.3 127.1 44.7 125.6 45.1 124.1 45.4 122.7
  45.8 121.3 46.1 119.9 46.6 118.7 47.0 117.5 47.5 116.3 48.0 115.2 48.6 114.2
  49.1 113.1 49.7 112.1 50.3 111.1 50.7 110.1 51.2 109.1 51.7 108.1 52.2 107.1
  52.6 106.1 53.0 105.2 53.5 104.2 53.9 103.2 54.2 102.2 54.6 101.1 54.9 100.1
  55.3  99.0 55.6  98.0 55.9  97.0 56.2  95.9 56.4  94.8 56.6  93.7 56.8  92.6
  57.0  91.5 57.1  90.3 57.1  89.1 57.2  87.9 57.1  86.7 57.1  85.4 57.0  84.2
  57.0  83.1 56.9  82.0 56.9  80.9 56.9  79.9 56.9  79.4 56.8  78.9 56.8  78.3
  56.8  77.8 56.8  77.3 56.7  76.8 56.7  76.3 56.7  75.8 56.7  75.3 56.8  74.8
  56.8  74.3 56.9  73.8 57.0  73.3 57.1  72.8 57.2  72.2 57.3  71.7 57.3  71.2
  57.4  70.6 57.4  70.0 57.5  69.5 57.5  68.9 57.6  68.3 57.7  67.8 57.7  67.3
  57.8  66.8 57.9  66.3 57.9  65.8 58.0  65.3 58.0  64.8 58.1  64.2 58.2  63.6
  58.1  63.0 58.1  62.4 58.0  61.8 58.0  61.3 58.0  60.9 58.0  60.5 58.0  60.1
  58.0  59.7 57.8  59.4 57.7  59.0 57.6  58.6 57.5  58.3 57.4  57.9 57.3  57.6
  57.2  57.3 57.1  56.9 57.0  56.6 57.0  56.3 56.9  55.9 56.7  55.6 56.6  55.3
  56.4  55.0 56.3  54.7 56.2  54.4
  12  4 60  0.0
  72.5 321.4 72.5 320.1 72.5 318.9 72.5 317.7 72.4 316.5 72.4 315.4 72.3 314.3
  72.2 313.3 72.2 312.3 72.1 311.3 72.0 310.4 71.9 309.5 71.9 308.7 71.9 307.9
  71.8 307.1 71.8 306.3 71.8 305.6 71.8 304.8 71.9 304.1 71.9 303.5 71.9 302.8
  71.9 302.1 71.9 301.4 71.9 300.6 72.0 299.9 72.0 299.1 72.0 298.3 72.0 297.5
  72.1 296.4 72.2 295.2 72.2 293.9 72.3 292.6 72.4 291.3 72.3 290.0 72.3 288.8
  72.2 287.6 72.1 286.5 71.9 285.5 71.8 285.1 71.7 284.7 71.7 284.2 71.6 283.8
  71.5 283.3 71.4 282.9 71.3 282.4 71.2 281.8 71.2 281.3 71.1 280.7 71.1 280.1
  71.1 279.5 71.1 278.8 71.1 278.1 71.1 277.3 71.0 276.4 71.0 275.5 70.9 274.5
  70.9 273.5 70.8 272.4 70.7 271.2 70.5 270.0 70.3 268.8 70.1 267.5 69.8 266.2
  69.5 264.9 69.3 263.5 68.9 262.1 68.6 260.6 68.4 259.1 68.1 257.6 67.7 256.0
  67.4 254.3 67.1 252.6 66.8 250.9 66.3 249.2 65.9 247.5 65.5 245.8 65.2 244.0
  64.8 242.3 64.5 240.6 64.2 238.9 63.9 237.1 63.7 235.6 63.4 234.2 63.1 232.8
  62.8 231.4 62.4 230.1 62.1 228.7 61.7 227.4 61.4 226.3 61.1 225.2 60.8 224.2
  60.5 223.2 60.2 222.2 59.8 221.3 59.5 220.9 59.1 220.5 58.6 220.2 58.1 220.0
  57.9 219.8 57.8 220.0 57.7 220.2 57.3 220.5 56.9 220.8 56.5 221.1 56.1 221.4
  55.7 221.7 55.3 222.2 55.0 222.8 54.6 223.3 54.2 223.7 53.7 224.2 53.0 224.5
  52.1 224.8 51.2 225.1 50.2 225.2 49.1 225.3 48.1 225.0 47.0 224.7 46.0 224.0
  45.0 223.1 44.5 222.2 44.1 221.2 43.6 220.1 43.1 219.1 43.4 218.0 43.7 216.8
  43.9 215.6 44.8 214.3 45.7 213.2 46.5 212.2 47.3 211.4 48.4 210.6 49.4 210.3
  50.3 210.0 51.1 210.1 51.8 210.2 52.4 210.3 52.9 210.7 53.4 211.2 53.8 211.8
  54.2 212.5 54.3 213.2 54.3 214.1 54.4 215.1 54.5 216.1 54.2 217.3 53.9 218.3
  53.6 219.2 53.2 220.1 52.6 220.9 51.8 221.6 51.1 222.0 50.2 222.4 49.3 222.7
  48.3 222.6 47.1 222.5 46.0 221.9 44.7 221.0 43.6 220.1 42.6 218.8 41.6 217.4
  40.7 215.7 40.0 214.0 39.3 212.1 38.7 210.0 38.3 207.8 38.4 205.4 38.3 203.1
  39.0 201.0 39.6 199.1 40.6 197.5 41.6 196.1 42.6 194.8 43.5 193.6 44.3 192.4
  45.0 191.2 45.8 190.0 46.5 188.7 47.2 187.5 47.9 186.2 48.6 184.9 49.3 183.5
  49.8 182.2 50.3 180.7 50.8 179.1 51.2 177.4 51.6 175.8 51.9 174.0 52.3 172.3
  52.7 170.4 52.9 168.4 53.0 166.3 52.9 164.3 52.8 162.5 52.5 160.7 52.2 159.1
  51.9 157.5 51.5 156.1 51.2 154.6 50.9 153.2 50.6 151.7 50.2 150.2 49.9 148.7
  49.5 147.5 49.0 146.4 48.6 145.3 48.1 144.1 47.7 142.9 47.0 141.8 46.4 140.6
  45.9 139.4 45.2 138.3 44.6 137.1 44.0 135.9 43.5 134.7 43.0 133.5 42.5 132.3
  42.0 131.1 41.7 130.1 41.3 129.1 41.0 128.1 40.6 127.2 40.5 126.3 40.3 125.3
  40.1 124.4 39.8 123.5 39.8 122.7 39.7 121.9 39.7 121.1 39.6 120.3 39.5 119.6
  39.5 118.8 39.5 118.0 39.5 117.3 39.5 116.6 39.5 115.9 39.3 115.2 39.2 114.4
  39.0 113.7 38.8 113.0 38.6 112.3
  12  5 60  0.0
  72.5 321.4 72.4 320.4 72.2 319.3 71.9 318.2 71.7 317.0 71.5 315.6 71.2 314.3
  70.9 312.9 70.6 311.4 70.3 310.0 69.9 308.6 69.6 307.2 69.3 305.7 69.0 304.2
  68.7 302.8 68.4 301.4 68.1 300.0 67.8 298.6 67.6 297.1 67.4 295.5 67.3 293.9
  67.1 292.2 67.1 290.3 67.0 288.4 66.9 286.4 66.7 284.4 66.6 282.5 66.4 280.7
  66.3 279.0 66.2 277.3 66.1 275.6 66.0 273.9 65.9 272.2 65.9 270.4 65.7 268.6
  65.6 266.8 65.5 265.1 65.4 263.4 65.3 261.7 65.3 260.0 65.3 258.3 65.3 256.6
  65.2 254.9 65.3 253.2 65.3 251.4 65.3 249.6 65.4 247.8 65.4 246.1 65.4 244.4
  65.5 242.7 65.5 241.1 65.5 239.5 65.4 237.9 65.3 236.4 65.3 234.9 65.2 233.4
  65.2 231.9 65.2 230.4 65.2 229.0 65.2 227.5 65.2 226.0 65.3 224.4 65.3 222.9
  65.2 221.5 65.1 220.2 65.0 219.0 64.9 217.9 64.8 216.9 64.7 215.9 64.6 214.9
  64.6 214.0 64.5 213.1 64.4 212.3 64.3 211.5 64.2 210.7 64.1 210.0 64.0 209.2
  63.8 208.6 63.7 207.9 63.6 207.2 63.5 206.5 63.3 205.8 63.2 205.1 63.1 204.3
  63.0 203.4 62.7 202.6 62.3 201.8 62.0 201.2 61.6 200.6 61.3 200.0 60.9 199.4
  60.4 198.8 59.9 198.1 59.5 197.2 59.1 196.1 58.7 195.0 58.1 193.8 57.5 192.5
  56.9 191.1 56.3 189.7 55.6 188.4 54.9 187.0 54.2 185.6 53.5 184.2 52.9 182.7
  52.3 181.1 51.8 179.6 51.3 178.0 50.7 176.5 50.1 175.1 49.6 173.7 49.1 172.3
  48.5 171.0 48.1 169.5 47.6 168.1 47.1 166.5 46.7 164.9 46.3 163.3 46.1 161.6
  45.8 159.9 45.7 158.2 45.6 156.7 45.5 155.2 45.5 153.8 45.5 152.5 45.4 151.3
  45.5 150.1 45.5 149.0 45.5 147.9 45.6 146.9 45.8 145.9 45.9 145.0 46.1 144.1
  46.4 143.2 46.7 142.2 47.0 141.2 47.3 140.2 47.6 139.2 47.9 138.2 48.2 137.2
  48.5 136.1 48.7 135.0 48.9 133.9 49.1 132.8 49.3 131.7 49.4 130.5 49.6 129.4
  49.7 128.3 49.9 127.1 50.0 126.0 50.2 124.6 50.4 123.3 50.6 122.1 50.7 120.8
  50.9 119.5 51.2 118.2 51.4 116.8 51.7 115.6 52.0 114.3 52.3 113.1 52.7 112.0
  53.0 110.8 53.3 109.7 53.6 108.5 53.9 107.4 54.2 106.2 54.4 105.0 54.7 103.8
  55.0 102.5 55.2 101.2 55.4  99.9 55.6  98.6 55.8  97.3 56.1  96.0 56.3  94.5
  56.6  93.1 56.8  91.8 57.0  90.5 57.2  89.1 57.4  87.8 57.5  86.5 57.6  85.3
  57.8  84.0 57.9  82.8 58.0  81.6 58.2  80.3 58.3  79.1 58.6  78.4 58.8  77.8
  59.0  77.1 59.3  76.5 59.5  75.9 60.0  75.2 60.4  74.6 60.9  73.9 61.3  73.2
  61.7  72.5 62.1  71.8 62.6  71.1 63.0  70.4 63.4  69.7 63.8  69.0 64.2  68.3
  64.5  67.6 65.0  67.0 65.5  66.3 65.9  65.6 66.3  64.9 66.7  64.3 67.1  63.6
  67.5  63.0 67.9  62.3 68.3  61.6 68.7  61.1 69.0  60.5 69.3  60.0 69.7  59.4
  70.0  58.9 70.3  58.5 70.7  58.2 71.0  57.9 71.3  57.5 71.6  57.2 71.9  56.8
  72.2  56.5 72.6  56.1 72.9  55.8 73.4  55.5 73.9  55.1 74.3  54.7 74.8  54.5
  75.3  54.2 75.7  53.9 76.0  53.7 76.4  53.5 76.8  53.4 77.1  53.2 77.4  53.1
  77.6  52.9 77.9  52.7 78.1  52.6
  12  6 60  0.0
  72.5 321.4 72.1 320.6 71.7 319.9 71.3 319.0 70.8 318.3 70.3 317.6 69.7 317.0
  69.2 316.1 68.7 315.2 68.2 314.4 67.7 313.6 67.2 312.2 66.7 310.9 66.2 309.5
  65.8 308.1 65.4 306.3 64.9 304.6 64.6 302.7 64.3 300.9 64.0 299.0 63.8 296.9
  63.6 294.6 63.4 292.3 63.2 289.9 63.1 287.5 63.2 284.9 63.3 282.5 63.5 280.1
  63.7 277.7 63.9 275.3 64.1 272.9 64.3 270.7 64.7 268.3 65.1 265.9 65.4 263.4
  65.7 260.8 66.1 258.2 66.4 256.2 66.8 254.2 67.2 252.3 67.5 250.4 67.9 248.6
  68.2 246.8 68.5 245.8 68.9 244.8 69.2 243.8 69.5 242.9 69.8 241.9 70.1 240.9
  70.5 240.7 70.8 240.4 71.2 240.2 71.5 239.9 71.9 239.7 72.2 239.4 72.6 239.6
  73.0 239.9 73.4 240.1 73.9 240.4 74.3 240.6 74.8 241.4 75.2 242.2 75.7 243.0
  76.1 243.9 76.7 245.0 77.1 246.1 77.6 247.4 78.0 248.8 78.5 249.8 78.9 250.9
  79.3 252.0 79.7 253.3 80.1 254.6 80.6 255.1 81.0 255.8 81.4 256.4 81.7 257.0
  82.0 257.6 82.4 257.8 82.8 258.1 83.2 258.4 83.5 258.8 83.8 259.3 84.2 259.8
  84.6 260.0 85.0 260.4 85.4 260.8 85.7 261.2 86.0 261.8 86.5 260.4 86.9 258.7
  87.3 256.6 87.6 254.0 87.9 250.9 88.1 247.0 88.3 242.2 88.6 235.9 88.8 227.9
  88.9 218.0 88.9 206.2 88.9 193.3 88.8 180.4 88.6 168.3 88.3 157.9 88.0 149.8
  87.6 144.0 87.3 139.9 86.9 137.1 86.4 135.1 85.7 133.8 85.2 133.3 84.6 132.9
  83.9 132.7 83.3 131.8 82.6 130.9 81.8 130.0 81.1 128.8 80.4 127.6 79.7 126.3
  79.0 125.3 78.4 124.2 77.8 123.0 77.3 122.3 76.9 121.6 76.5 121.1 76.2 120.7
  75.8 120.4 75.6 120.6 75.4 120.9 75.2 121.3 75.0 121.9 74.8 122.5 74.7 123.1
  74.5 123.9 74.4 124.7 74.2 125.4 74.0 126.2 73.8 126.9 73.6 127.9 73.5 128.8
  73.2 129.8 72.9 130.7 72.6 131.6 72.4 132.6 72.0 133.5 71.7 134.4 71.3 135.3
  71.0 136.2 70.6 137.1 70.2 138.0 69.8 138.9 69.4 139.6 68.9 140.3 68.5 140.9
  68.0 141.6 67.6 142.2 67.1 142.8 66.7 143.3 66.3 143.8 65.8 144.3 65.4 144.6
  65.0 145.0 64.6 145.4 64.1 145.7 63.7 146.1 63.2 146.5 62.8 147.0 62.4 147.5
  62.0 148.1 61.6 148.6 61.2 149.1 60.9 149.6 60.7 150.0 60.5 150.3 60.3 150.6
  60.2 150.8 60.0 150.9 60.0 150.9 59.9 150.5 59.8 150.0 59.8 149.5 59.8 148.8
  59.8 148.2 59.7 147.5 59.7 146.8 59.7 146.2 59.7 145.5 59.7 144.8 59.7 144.1
  59.7 143.4 59.7 142.7 59.8 142.0 59.8 141.3 59.8 140.5 59.8 139.8 59.9 139.1
  60.0 138.3 60.1 137.6 60.2 137.0 60.3 136.4 60.4 135.8 60.7 135.2 60.9 134.7
  61.2 134.1 61.4 133.6 61.7 133.2 61.9 132.7 62.2 132.3 62.5 132.1 62.8 131.9
  63.2 131.7 63.7 131.5 64.1 131.3 64.5 131.2 64.9 131.1 65.4 130.9 65.8 130.7
  66.2 130.4 66.6 130.3 67.0 130.2 67.4 130.1 67.8 129.9 68.1 129.8 68.5 130.1
  68.9 130.4 69.2 130.6 69.5 130.8 69.8 131.0 70.1 131.1 70.4 131.6 70.7 132.1
  71.0 132.6 71.3 133.1 71.7 133.6 72.0 134.2 72.3 134.8 72.7 135.6 73.0 136.5
  73.3 137.5 73.7 138.6 74.0 139.7
  12  7 60  0.0
  72.5 321.4 72.2 321.2 71.9 320.9 71.5 320.7 71.2 320.4 70.7 320.1 70.3 319.8
  69.8 319.6 69.3 319.4 68.9 319.2 68.3 319.1 67.8 319.0 67.3 319.0 66.8 319.1
  66.3 319.1 65.8 318.9 65.3 318.3 64.8 317.5 64.3 316.7 63.8 315.7 63.5 314.2
  63.2 312.5 62.9 310.7 62.7 308.9 62.6 307.0 62.5 305.1 62.4 303.1 62.4 301.1
  62.3 299.0 62.3 297.0 62.3 294.9 62.4 292.9 62.5 290.9 62.8 288.8 63.0 286.7
  63.4 284.5 63.8 282.3 64.2 280.0 64.6 278.0 64.9 276.1 65.3 274.1 65.6 272.1
  66.0 270.1 66.5 268.7 67.0 267.2 67.5 265.6 68.0 263.9 68.4 262.1 68.9 261.1
  69.4 260.1 69.8 259.0 70.2 257.9 70.7 257.7 71.1 257.6 71.6 257.4 72.0 257.3
  72.6 257.9 73.1 258.4 73.5 259.1 74.0 259.8 74.6 260.9 75.0 262.2 75.5 263.6
  75.9 264.9 76.3 266.2 76.7 267.7 77.1 269.1 77.5 270.7 77.9 272.2 78.2 273.9
  78.5 275.6 78.9 277.4 79.2 279.3 79.5 281.3 79.7 283.2 79.9 284.9 80.1 286.5
  80.3 287.7 80.5 288.8 80.7 289.8 80.9 290.7 81.1 291.5 81.2 292.2 81.4 292.7
  81.5 293.1 81.7 293.4 81.8 293.7 82.0 294.0 82.2 294.1 82.5 294.3 82.7 294.5
  83.0 294.8 83.2 295.2 83.5 295.6 83.7 296.1 84.0 296.7 84.2 297.4 84.6 297.9
  84.9 298.5 85.2 299.3 85.5 300.3 85.8 301.6 86.1 303.0 86.5 304.2 86.9 305.9
  87.2 308.1 87.5 311.1 87.8 315.1 88.0 320.2 88.1 326.7 88.4 334.7 88.6 344.7
  88.7 356.8 88.8  10.5 88.8  10.9 88.8  11.2 88.9  11.6 88.9  11.9 88.9  12.3
  89.0  12.7 89.0  13.1 89.1  13.5 89.2  14.0 89.2  14.4 89.3  14.8 89.3  15.2
  89.4  15.6 89.4  16.0 89.4  16.3 89.4  16.7 89.4  17.1 89.4  17.5 89.4  17.8
  89.4  18.2 89.4  18.5 89.5  18.9 89.5  19.3 89.6  19.7 89.6  20.0 89.7  20.4
  89.7  20.8 89.7  21.2 89.8  21.6 89.9  22.0 89.9  22.4 90.0  22.9 90.0 203.3
  89.6 180.1 89.1 170.3 88.7 163.5 88.3 158.3 88.0 154.4 87.7 151.2 87.5 148.5
  87.2 146.2 87.0 144.2 86.7 142.3 86.5 140.6 86.2 139.0 85.8 137.7 85.6 136.4
  85.3 135.3 85.0 134.4 84.7 133.6 84.3 132.9 83.9 132.4 83.6 132.0 83.3 131.7
  82.9 131.5 82.6 131.3 82.2 131.0 81.8 130.5 81.5 130.2 81.2 129.8 80.9 129.4
  80.6 128.8 80.3 128.2 80.0 127.5 79.8 126.7 79.6 126.8 79.4 126.8 79.2 126.8
  79.0 126.7 78.8 126.7 78.7 126.6 78.6 126.5 78.4 126.5 78.3 126.4 78.2 126.3
  78.1 126.2 78.0 126.1 77.9 127.2 77.8 128.3 77.8 129.5 77.7 130.6 77.7 131.7
  77.7 132.6 77.7 133.5 77.7 134.4 77.8 135.2 77.9 135.9 78.0 136.6 78.2 136.5
  78.4 136.5 78.6 136.4 78.9 136.3 79.1 136.2 79.3 136.1 79.5 136.1 79.6 136.1
  79.7 136.1 79.9 136.2 79.9 136.2 80.0 136.3 80.1 135.5 80.1 134.6 80.1 133.7
  80.1 132.7 80.1 131.7 80.1 130.6 80.1 129.4 80.2 128.2 80.2 126.9 80.2 125.5
  80.3 124.0 80.3 122.4 80.3 120.8 80.3 119.1 80.3 117.3 80.3 115.5 80.2 113.8
  80.1 112.2 80.0 110.7 79.9 109.3 79.8 108.8 79.7 108.3 79.5 108.0 79.4 107.7
  79.2 107.5 79.1 107.4 78.9 107.4
  12  8 60  0.0
  72.5 321.4 71.8 320.9 71.2 320.9 70.5 320.8 69.9 320.8 69.3 321.2 68.7 321.6
  68.1 322.0 67.6 322.4 67.2 323.2 66.8 323.9 66.4 324.7 66.0 325.5 65.5 326.1
  65.1 326.6 64.8 327.1 64.4 327.6 64.1 328.0 63.8 328.3 63.4 328.4 63.1 328.5
  62.8 328.6 62.6 328.7 62.3 328.7 62.1 328.7 61.9 328.7 61.7 328.4 61.5 328.0
  61.3 327.4 61.0 326.9 60.7 326.2 60.4 325.4 60.1 324.5 59.8 323.6 59.6 321.9
  59.5 320.1 59.3 318.2 59.2 316.1 59.2 313.9 59.3 311.6 59.4 309.4 59.6 307.1
  59.7 304.9 59.9 302.6 60.0 300.4 60.1 298.2 60.3 296.0 60.4 293.8 60.6 291.6
  60.9 289.4 61.1 287.1 61.3 284.8 61.6 282.5 61.9 280.3 62.1 278.2 62.4 276.1
  62.6 274.0 62.8 271.9 63.1 269.9 63.3 267.9 63.5 265.9 63.8 264.0 63.9 262.1
  64.1 260.4 64.4 258.7 64.6 257.0 64.8 255.3 64.9 253.5 64.9 251.8 65.0 250.2
  65.0 248.6 65.0 247.1 65.0 245.6 65.0 244.2 65.0 242.9 65.1 241.7 65.1 240.5
  65.2 239.3 65.3 238.2 65.3 237.0 65.4 235.9 65.5 234.8 65.5 233.7 65.6 232.6
  65.6 231.6 65.6 230.5 65.5 229.5 65.5 228.4 65.5 227.3 65.5 226.3 65.5 225.3
  65.5 224.3 65.5 223.3 65.6 222.4 65.7 221.4 65.8 220.5 65.8 219.6 65.9 218.6
  65.9 217.7 66.0 216.9 66.1 216.3 66.1 215.8 66.2 215.2 66.3 214.7 66.4 214.2
  66.5 213.7 66.6 213.2 66.7 212.7 66.8 212.2 66.9 211.8 67.1 211.3 67.3 210.9
  67.5 210.4 67.7 209.9 67.9 209.5 68.1 209.0 68.3 208.9 68.5 208.8 68.7 208.6
  68.9 208.5 69.1 208.3 69.3 208.1 69.5 207.8 69.8 207.6 70.0 207.3 70.3 207.2
  70.6 207.1 70.8 206.9 71.1 206.7 71.4 206.4 71.7 206.1 72.0 205.8 72.4 205.7
  72.8 205.6 73.2 205.4 73.6 205.2 74.0 205.0 74.4 204.7 74.8 204.7 75.3 204.8
  75.7 204.8 76.1 204.8 76.6 205.1 77.0 205.4 77.4 205.7 77.9 206.1 78.2 206.5
  78.7 207.3 79.1 208.2 79.4 209.2 79.7 210.4 80.1 211.7 80.4 213.2 80.7 214.9
  81.0 216.8 81.3 218.9 81.5 221.2 81.7 223.8 81.9 226.5 82.0 229.2 82.1 231.5
  82.2 233.7 82.2 236.0 82.2 238.1 82.2 240.2 82.1 242.1 82.0 243.9 81.9 245.6
  81.8 247.1 81.6 248.3 81.5 249.4 81.3 250.2 81.1 250.9 80.9 251.4 80.7 251.8
  80.4 252.1 80.2 252.2 79.9 252.3 79.6 251.9 79.3 251.5 79.0 251.1 78.6 250.6
  78.2 250.2 77.8 249.7 77.5 248.7 77.2 247.6 76.8 246.6 76.4 245.6 75.9 244.7
  75.4 243.2 74.9 241.8 74.3 240.5 73.7 239.3 73.1 237.9 72.4 236.5 71.8 235.2
  71.2 233.8 70.5 232.4 69.9 231.1 69.2 229.7 68.6 228.4 67.9 227.2 67.2 226.1
  66.5 224.9 65.9 223.8 65.3 222.9 64.8 222.0 64.3 221.0 63.8 220.0 63.3 219.3
  62.9 218.6 62.5 217.9 62.1 217.2 61.6 216.5 61.2 216.4 60.8 216.3 60.5 216.2
  60.1 216.2 59.7 216.2 59.3 216.7 59.0 217.1 58.7 217.5 58.4 217.9 58.1 218.2
  57.8 218.5 57.5 219.4 57.2 220.3 56.9 221.1 56.4 221.8 56.0 222.4 55.5 222.9
  55.1 223.7 54.5 224.3 53.9 224.9 53.2 225.5 52.5 225.9 51.7 226.3 50.8 226.5
  49.8 226.6 48.7 226.5 47.5 226.4
  12  9 60  0.0
  72.5 321.4 72.1 319.6 71.7 318.0 71.2 317.0 70.7 316.0 70.2 315.1 69.6 314.2
  69.1 313.6 68.6 312.9 68.0 312.3 67.5 311.7 66.9 311.0 66.2 310.2 65.5 309.5
  64.9 308.7 64.2 307.9 63.6 307.2 63.0 306.2 62.5 305.3 61.9 304.3 61.4 303.1
  60.9 302.0 60.3 300.9 59.8 299.8 59.3 298.7 58.8 297.6 58.3 296.5 57.8 295.6
  57.4 294.6 57.0 293.6 56.6 292.6 56.2 291.7 55.9 290.8 55.6 289.8 55.3 288.8
  55.0 287.8 54.9 286.9 54.7 286.0 54.5 285.0 54.3 284.1 54.1 283.1 54.1 282.2
  54.0 281.2 54.0 280.1 54.0 279.1 54.1 278.0 54.2 276.8 54.3 275.7 54.4 274.5
  54.6 273.3 54.8 272.1 54.9 271.0 55.1 269.9 55.3 268.9 55.5 267.9 55.6 267.0
  55.8 266.0 55.9 265.1 56.1 264.2 56.2 263.3 56.5 262.4 56.8 261.5 57.1 260.6
  57.3 259.8 57.8 259.0 58.2 258.3 58.6 257.4 59.0 256.5 59.3 255.6 59.8 254.7
  60.3 253.7 60.7 252.6 61.1 251.4 61.6 250.2 62.1 249.0 62.5 247.9 62.9 246.7
  63.3 245.6 63.6 244.3 63.9 243.1 64.1 241.8 64.4 240.8 64.6 239.7 64.8 238.6
  65.0 237.5 65.2 236.3 65.3 235.1 65.4 233.9 65.5 232.6 65.6 231.3 65.6 230.0
  65.7 228.6 65.7 227.2 65.7 225.9 65.6 224.5 65.6 223.1 65.5 221.8 65.5 220.5
  65.4 219.2 65.4 218.0 65.4 216.8 65.4 215.6 65.4 214.5 65.4 213.3 65.4 212.1
  65.4 211.0 65.4 209.8 65.5 208.6 65.5 207.3 65.7 206.1 65.8 205.0 66.0 203.9
  66.2 203.1 66.4 202.4 66.6 201.7 66.8 201.0 67.1 200.3 67.3 199.6 67.5 199.0
  67.7 198.3 67.9 197.7 68.1 197.1 68.3 196.7 68.6 196.3 68.8 195.8 68.9 195.4
  69.0 194.9 69.1 194.5 69.3 194.0 69.4 193.5 69.5 193.0 69.7 192.5 69.8 192.0
  69.9 191.5 69.9 191.0 70.0 190.5 70.1 190.2 70.3 190.0 70.4 189.8 70.5 189.6
  70.7 189.3 70.9 189.1 71.1 188.9 71.3 188.8 71.5 188.6 71.8 188.4 72.0 188.2
  72.3 188.3 72.6 188.3 72.8 188.2 73.1 188.2 73.3 188.0 73.5 187.9 73.6 187.7
  73.7 187.4 73.8 187.1 73.9 186.8 74.0 186.5 74.2 186.2 74.3 185.9 74.4 185.7
  74.6 185.4 74.7 185.2 74.9 185.0 75.1 184.8 75.3 184.6 75.5 184.4 75.7 184.2
  75.9 184.0 76.1 183.8 76.3 183.6 76.5 183.4 76.7 183.3 77.0 183.1 77.3 183.0
  77.5 182.9 77.8 182.8 78.1 182.8 78.5 182.8 78.8 182.8 79.1 182.9 79.5 183.1
  79.8 183.2 80.1 183.2 80.4 183.2 80.7 183.1 81.0 183.0 81.3 182.7 81.6 182.4
  81.8 182.0 82.0 181.5 82.3 180.8 82.5 179.9 82.6 178.9 82.8 177.8 82.9 176.7
  83.1 175.5 83.1 174.4 83.2 173.2 83.3 171.9 83.3 170.7 83.4 169.5 83.4 168.2
  83.5 167.0 83.5 165.9 83.5 164.8 83.5 163.6 83.5 162.5 83.5 161.4 83.4 160.4
  83.4 159.3 83.3 158.4 83.2 157.4 83.1 156.5 83.0 155.7 82.8 154.9 82.6 154.2
  82.5 153.5 82.3 152.7 82.2 151.8 82.0 150.7 81.8 149.6 81.7 148.4 81.6 147.1
  81.4 145.7 81.3 144.3 81.1 142.8 80.9 141.3 80.7 139.8 80.4 138.3 80.2 136.9
  79.9 135.6 79.7 135.5 79.5 135.5 79.4 135.5 79.2 135.4 79.0 135.4 78.9 135.4
  78.7 135.3 78.6 135.3 78.5 135.2
  12 10 60  0.0
  72.5 321.4 72.0 319.9 71.6 318.5 71.3 317.8 70.9 317.1 70.5 316.3 70.1 315.6
  69.6 314.8 69.2 314.4 68.7 314.0 68.2 313.5 67.7 313.0 67.2 312.7 66.7 312.4
  66.1 312.1 65.5 311.7 64.9 311.6 64.3 311.3 63.7 311.1 63.1 311.0 62.5 310.9
  61.9 310.7 61.4 310.5 60.8 310.3 60.2 309.9 59.5 309.5 58.9 309.3 58.2 309.0
  57.5 308.7 56.8 308.6 56.1 308.4 55.4 308.2 54.6 307.8 53.8 307.4 53.0 306.7
  52.2 306.1 51.3 305.4 50.4 304.7 49.4 304.0 48.6 303.3 47.8 302.5 47.0 301.6
  46.2 300.7 45.4 299.9 44.8 298.8 44.2 297.8 43.7 296.7 43.2 295.4 42.8 294.1
  42.4 292.7 42.0 291.3 41.8 289.9 41.6 288.2 41.4 286.5 41.4 284.7 41.4 283.0
  41.4 281.2 41.4 279.4 41.5 277.6 41.6 275.8 41.7 274.0 41.9 272.2 42.0 270.5
  42.2 268.8 42.4 267.2 42.7 265.7 43.1 264.2 43.4 262.9 43.7 261.7 44.1 260.7
  44.4 259.8 44.7 259.0 45.1 258.3 45.5 257.7 45.9 257.3 46.4 256.9 46.8 256.3
  47.3 255.8 47.9 255.4 48.5 255.1 49.1 254.3 49.8 253.6 50.5 253.0 51.3 252.1
  52.1 251.3 53.0 250.4 53.8 249.5 54.7 248.7 55.5 247.7 56.3 246.8 57.0 245.6
  57.6 244.4 58.3 243.2 58.7 241.9 59.1 240.5 59.5 239.0 59.7 237.6 60.0 236.0
  60.2 234.5 60.3 232.9 60.3 231.4 60.3 230.0 60.2 228.5 60.2 227.1 59.9 225.8
  59.7 224.5 59.4 223.2 58.9 222.0 58.3 220.9 57.7 219.8 56.9 218.6 56.2 217.3
  55.4 216.2 54.7 215.0 53.8 213.9 53.0 212.9 52.0 211.9 51.1 210.9 50.1 209.9
  49.0 208.9 47.9 207.9 46.9 207.0 45.9 206.1 44.8 205.2 43.6 204.4 42.6 203.4
  41.9 202.3 41.2 201.3 40.6 200.3 40.0 199.3 39.8 198.4 39.6 197.7 39.4 197.1
  39.2 196.5 39.0 195.9 39.0 195.0 38.8 194.1 38.7 192.9 38.5 191.6 38.4 190.2
  38.3 188.6 38.2 187.1 38.4 185.4 38.7 183.7 39.3 182.0 39.9 180.1 40.4 178.4
  40.9 176.8 41.4 175.1 41.6 173.5 41.8 171.9 41.9 170.2 42.0 168.5 42.1 166.6
  42.1 164.6 42.2 162.7 42.1 160.8 42.0 159.0 41.7 157.3 41.4 155.8 41.1 154.2
  40.8 152.7 40.6 151.1 40.2 149.5 39.9 148.0 39.5 146.6 39.1 145.3 38.7 144.1
  38.2 143.0 37.9 142.0 37.6 140.8 37.2 139.7 36.9 138.6 36.6 137.6 36.3 136.6
  36.0 135.7 35.9 134.7 35.8 133.7 35.6 132.8 35.5 131.9 35.5 131.1 35.4 130.4
  35.4 129.6 35.4 128.9 35.3 128.2 35.3 127.5 35.3 126.8 35.4 126.1 35.5 125.4
  35.5 124.7 35.6 124.1 35.7 123.4 35.9 122.7 36.2 122.1 36.4 121.6 36.6 121.1
  36.8 120.7 37.0 120.2 37.1 119.8 37.3 119.5 37.6 119.1 37.8 118.8 38.1 118.4
  38.4 118.1 38.7 117.8 39.1 117.6 39.5 117.3 39.9 117.0 40.3 116.6 40.7 115.8
  41.1 115.1 41.4 114.3 41.7 113.6 42.1 112.8 42.5 111.8 42.7 110.8 42.8 109.9
  43.0 109.0 43.2 108.1 43.5 107.3 43.7 106.5 43.9 105.7 44.1 105.0 44.4 104.2
  44.6 103.4 44.8 102.7 45.1 102.0 45.3 101.4 45.6 100.7 45.9 100.1 46.2  99.4
  46.4  98.7 46.7  98.1 47.1  97.5 47.4  96.9 47.7  96.4 48.1  95.9 48.4  95.3
  48.6  94.8 48.9  94.2 49.2  93.7
  12 11 60  0.0
  72.5 321.4 71.8 320.8 71.1 320.5 70.4 320.2 69.8 320.0 69.4 320.2 68.7 320.4
  68.1 320.7 67.4 321.0 66.7 321.7 65.9 322.4 65.1 323.2 64.2 323.9 63.2 324.6
  62.0 324.7 60.7 324.6 59.4 324.5 58.0 324.1 56.6 323.8 55.4 323.3 54.2 322.4
  52.9 321.5 51.7 320.1 50.6 318.5 49.6 316.9 48.6 315.2 47.7 313.5 46.7 311.7
  45.7 309.9 44.7 307.9 43.9 305.8 43.1 303.5 42.5 301.2 41.8 299.0 41.7 296.7
  41.6 294.7 41.8 292.8 42.1 291.3 42.7 290.0 43.2 288.7 43.8 287.5 44.4 286.3
  45.1 285.1 45.7 283.9 46.4 282.8 47.2 281.9 48.0 281.1 49.0 280.1 50.0 279.3
  50.9 278.5 51.8 277.4 52.8 276.4 53.7 275.1 54.5 273.9 55.4 272.6 56.3 271.4
  57.1 270.0 57.8 268.5 58.4 267.0 59.0 265.3 59.6 263.6 60.2 261.9 60.9 260.2
  61.5 258.6 62.2 257.0 62.9 255.6 63.7 254.1 64.4 252.7 65.2 251.2 65.8 249.6
  66.4 248.0 67.0 246.3 67.6 244.5 68.1 242.5 68.6 240.7 69.1 238.7 69.5 236.7
  69.8 234.5 70.2 232.4 70.6 230.3 71.0 228.1 71.4 225.9 71.8 223.8 72.1 221.6
  72.4 219.4 72.7 217.3 73.0 215.1 73.2 213.0 73.4 210.8 73.6 208.7 73.9 206.6
  74.1 204.4 74.3 202.1 74.5 199.8 74.5 197.5 74.5 195.2 74.5 193.1 74.5 191.0
  74.5 189.3 74.4 187.7 74.4 186.2 74.4 184.9 74.4 183.6 74.4 182.3 74.4 181.1
  74.5 179.8 74.6 178.6 74.7 177.3 74.8 175.9 74.9 174.5 75.0 173.0 75.1 171.6
  75.1 170.3 75.1 168.9 75.1 167.7 75.1 166.5 75.0 165.3 75.0 164.2 74.9 163.1
  74.8 162.1 74.7 161.2 74.6 160.3 74.5 159.4 74.4 158.7 74.3 158.0 74.2 157.3
  74.0 156.7 73.9 156.1 73.8 155.8 73.7 155.4 73.6 155.1 73.5 154.7 73.4 154.4
  73.3 154.1 73.2 153.8 73.1 153.6 73.0 153.3 72.8 153.0 72.6 152.8 72.5 152.5
  72.3 152.3 72.1 152.1 71.8 152.0 71.7 152.0 71.4 152.1 71.2 152.3 71.0 152.4
  70.8 152.6 70.6 152.8 70.4 153.0 70.3 153.3 70.1 153.6 70.0 153.9 69.9 154.4
  69.8 154.9 69.7 155.4 69.6 156.0 69.5 156.5 69.4 157.1 69.2 157.8 69.1 158.4
  69.0 159.0 68.9 159.6 68.8 160.2 68.5 160.8 68.3 161.3 68.0 161.8 67.8 162.3
  67.5 162.8 67.2 163.4 67.0 163.9 66.7 164.4 66.3 164.9 65.9 165.4 65.6 166.0
  65.2 166.6 64.9 167.2 64.5 167.7 64.2 168.3 63.8 168.8 63.4 169.5 63.1 170.2
  62.7 170.8 62.4 171.3 62.0 171.8 61.7 172.2 61.3 172.8 60.9 173.4 60.5 173.9
  60.0 174.3 59.6 174.7 59.2 175.5 58.7 176.2 58.2 177.0 57.6 177.6 57.1 178.1
  56.4 178.5 55.8 178.9 55.1 178.8 54.4 178.7 53.7 178.5 52.9 177.9 52.1 177.3
  51.1 176.7 50.1 175.8 49.3 174.9 48.4 173.6 47.6 172.3 46.8 170.6 46.2 168.8
  45.5 167.1 44.9 165.1 44.2 163.1 43.8 161.1 43.3 159.0 43.1 156.9 42.9 154.8
  43.1 152.7 43.2 150.8 43.3 148.9 43.3 147.1 43.4 145.4 43.4 143.6 43.6 142.0
  43.7 140.3 43.9 138.7 44.1 137.1 44.4 135.5 44.8 134.0 45.2 132.4 45.5 130.9
  45.9 129.3 46.3 127.8 46.7 126.1 47.1 124.4 47.5 122.8 47.9 121.1 48.3 119.5
  48.8 117.8 49.3 116.2 49.9 114.7
  12 12 60  0.0
  72.5 321.4 71.9 321.7 71.4 322.2 70.9 322.6 70.4 323.0 70.0 323.4 69.6 324.1
  69.0 324.9 68.5 325.6 68.0 326.4 67.5 327.2 67.0 328.2 66.4 329.1 65.8 330.2
  65.3 330.7 64.7 331.2 64.0 331.7 63.3 332.0 62.5 331.9 61.7 331.8 60.9 331.4
  60.1 331.0 59.2 330.7 58.3 329.7 57.4 328.9 56.6 327.6 55.7 326.4 54.9 324.9
  53.9 323.5 53.1 321.8 52.2 320.1 51.2 318.4 50.6 316.5 49.9 314.7 49.6 312.7
  49.3 310.7 49.0 308.7 48.7 306.8 48.3 305.0 47.8 303.3 47.5 301.2 47.1 299.1
  46.9 297.1 46.7 295.1 46.7 293.1 46.7 291.1 46.9 289.3 47.2 287.5 47.6 285.7
  48.0 283.9 48.5 282.1 49.0 280.5 49.5 278.8 50.1 277.2 50.8 275.5 51.5 273.8
  52.1 271.9 52.9 270.2 53.6 268.4 54.4 266.5 55.3 265.0 56.1 263.5 57.2 262.5
  58.2 261.3 59.3 260.4 60.3 259.2 61.4 258.3 62.3 257.2 63.3 256.3 64.1 255.4
  65.1 254.7 65.9 254.0 66.7 253.2 67.5 252.6 68.3 251.8 69.0 251.2 69.7 250.5
  70.3 249.6 71.0 248.8 71.6 247.9 72.1 246.8 72.7 245.9 73.2 244.9 73.7 243.8
  74.1 242.5 74.6 241.1 75.1 239.6 75.5 237.9 75.9 236.2 76.3 234.3 76.7 232.3
  77.1 230.1 77.5 227.8 77.9 225.3 78.2 222.7 78.6 220.2 79.0 217.5 79.3 214.7
  79.6 211.8 79.8 208.8 80.0 205.7 80.2 202.6 80.3 199.6 80.4 196.5 80.5 193.3
  80.5 190.1 80.5 186.9 80.5 183.7 80.5 180.5 80.4 177.3 80.3 174.2 80.2 171.2
  80.1 168.2 80.0 165.2 79.9 162.5 79.8 159.9 79.7 157.3 79.5 154.8 79.4 152.3
  79.2 149.8 79.1 147.3 78.9 144.8 78.8 142.4 78.6 139.9 78.5 137.5 78.3 135.2
  78.2 132.8 78.0 130.5 77.9 128.3 77.8 126.1 77.6 123.8 77.5 121.6 77.4 119.3
  77.4 116.9 77.3 114.6 77.3 112.1 77.3 109.5 77.3 106.8 77.2 104.0 77.2 101.1
  77.1  98.1 77.0  95.1 76.8  92.0 76.6  88.9 76.4  85.8 76.1  82.8 75.9  79.8
  75.8  79.0 75.7  78.2 75.7  77.4 75.7  76.6 75.8  75.8 75.9  74.9 76.0  74.0
  76.3  73.2 76.6  72.4 76.9  71.6 77.3  70.8 77.6  70.0 77.8  69.1 78.0  68.3
  78.2  67.8 78.3  67.3 78.3  66.8 78.3  66.2 78.2  65.7 78.1  65.1 77.9  64.5
  77.8  63.6 77.6  62.6 77.5  61.7 77.4  60.8 77.4  60.0 77.4  59.1 77.4  58.4
  77.5  57.6 77.6  56.9 77.7  56.2 77.8  55.5 77.9  54.9 78.0  54.3 78.2  53.9
  78.3  53.4 78.5  53.0 78.7  52.5 78.9  52.1 79.0  51.6 79.3  51.2 79.5  50.7
  79.8  50.3 80.0  49.9 80.4  49.7 80.8  49.5 81.1  49.4 81.4  49.2 81.7  49.1
  81.9  48.9 82.1  48.7 82.3  48.7 82.5  48.7 82.6  48.7 82.8  48.7 82.9  48.6
  83.0  48.6 83.1  48.5 83.1  48.4 83.2  48.3 83.3  48.3 83.4  48.2 83.4  48.2
  83.5  48.2 83.6  48.1 83.7  48.1 83.8  48.1 83.9  48.1 84.1  48.2 84.2  48.5
  84.4  48.9 84.5  49.3 84.6  49.7 84.7  50.0 84.7  50.4 84.8  50.7 84.8  51.0
  84.8  51.3 84.8  51.5 84.7  51.8 84.7  52.0 84.6  52.2 84.5  52.4 84.3  52.6
  84.2  52.9 84.1  53.1 84.0  53.4 83.9  53.5 83.8  53.7 83.7  53.9 83.6  54.1
  83.5  54.3 83.4  54.6 83.2  54.8
  12 13 60  0.0
  72.5 321.4 72.3 320.0 72.1 318.9 72.0 317.9 71.8 317.1 71.7 316.5 71.5 316.0
  71.3 315.6 71.1 315.2 70.9 314.9 70.7 314.7 70.5 314.5 70.2 314.4 70.0 314.4
  69.8 314.4 69.6 314.6 69.4 314.9 69.2 315.1 69.0 315.4 68.8 315.7 68.7 316.1
  68.4 316.4 68.1 316.8 67.9 317.2 67.7 317.8 67.5 318.3 67.3 318.9 67.1 319.6
  66.9 320.3 66.6 321.1 66.2 321.8 65.9 322.6 65.6 323.1 65.3 323.6 65.0 324.1
  64.5 324.6 64.0 325.2 63.6 325.8 63.1 325.7 62.6 325.6 62.1 325.6 61.5 325.6
  60.9 325.1 60.2 324.7 59.5 324.3 58.8 323.2 58.3 322.2 57.7 321.4 57.1 320.2
  56.4 319.0 55.9 318.0 55.3 316.6 54.7 315.4 54.4 314.2 54.0 313.2 53.7 312.2
  53.4 310.6 53.2 309.2 53.0 308.0 52.8 306.8 52.5 305.7 52.2 304.6 52.0 303.7
  51.7 302.4 51.4 301.2 51.1 300.1 50.8 299.1 50.6 298.2 50.4 297.3 50.2 296.5
  50.1 295.8 50.2 295.1 50.3 294.4 50.5 293.7 50.6 292.9 50.8 292.1 51.0 291.2
  51.3 290.2 51.6 289.2 51.8 288.0 52.1 286.8 52.4 285.8 52.7 284.6 53.0 283.4
  53.4 281.9 53.7 280.4 54.1 278.7 54.6 277.3 55.2 275.9 55.9 274.4 56.5 272.7
  57.2 271.3 58.0 269.8 58.9 268.6 59.6 267.2 60.5 265.5 61.3 264.5 62.1 263.3
  63.0 262.7 63.8 261.9 64.5 261.0 65.2 260.3 65.9 259.5 66.7 258.6 67.5 258.0
  68.3 257.3 69.0 257.0 69.7 256.7 70.3 256.3 70.9 255.9 71.4 255.3 71.9 254.6
  72.3 253.8 72.8 253.0 73.2 252.0 73.5 250.9 73.9 249.8 74.2 248.5 74.6 247.3
  75.0 246.0 75.3 244.7 75.6 243.2 75.9 241.7 76.1 240.1 76.4 238.7 76.7 237.3
  76.9 235.9 77.2 234.5 77.5 233.0 77.7 231.5 78.1 230.0 78.4 228.6 78.7 227.0
  79.0 225.4 79.3 223.6 79.5 221.8 79.6 219.9 79.7 218.0 79.8 216.0 79.8 214.1
  79.9 212.2 79.9 210.3 79.9 208.4 79.9 206.5 80.0 204.5 80.0 202.4 80.1 200.9
  80.2 199.4 80.2 197.8 80.2 196.3 80.3 194.8 80.3 193.3 80.3 191.9 80.3 190.5
  80.2 189.2 80.2 187.9 80.1 186.7 80.1 185.5 80.0 184.4 79.9 183.1 79.8 181.8
  79.8 180.5 79.7 179.1 79.6 177.8 79.4 176.5 79.3 175.1 79.2 173.8 79.0 172.5
  78.8 171.3 78.6 170.1 78.4 168.9 78.2 167.7 77.8 166.7 77.5 166.2 77.2 165.9
  76.8 165.8 76.5 165.8 76.1 166.0 75.7 166.4 75.3 166.9 75.0 167.7 74.6 168.5
  74.3 169.3 74.0 170.0 73.7 170.5 73.5 170.7 73.3 170.9 73.1 171.1 72.9 171.3
  72.7 171.4 72.5 171.5 72.3 171.6 72.1 171.7 71.8 171.7 71.6 172.2 71.4 172.7
  71.2 173.1 71.0 173.5 70.7 173.9 70.5 174.3 70.2 174.6 69.9 174.9 69.6 175.5
  69.3 176.1 68.9 176.7 68.6 177.2 68.2 177.6 67.9 178.0 67.5 178.6 67.2 179.2
  66.8 179.7 66.4 180.1 66.1 180.4 65.7 180.7 65.3 181.3 65.0 181.9 64.6 182.3
  64.2 182.7 63.8 183.0 63.3 183.8 62.9 184.4 62.5 185.0 62.0 185.4 61.5 186.1
  61.0 186.7 60.4 187.1 59.8 187.5 59.2 188.0 58.5 188.5 57.9 188.8 57.2 188.9
  56.5 188.9 55.9 188.9 55.3 188.6 54.6 188.3 54.0 188.0 53.4 187.7 52.6 187.2
  51.8 186.7 51.0 185.7 50.2 184.6
  12 14 60  0.0
  72.5 321.4 72.0 320.8 71.6 320.2 71.2 320.5 70.9 320.7 70.5 320.8 70.2 320.9
  69.9 320.9 69.6 321.8 69.4 322.7 69.1 323.7 68.9 324.5 68.6 325.4 68.2 326.1
  67.8 326.8 67.5 328.1 66.9 329.2 66.4 330.3 65.8 331.1 65.3 332.1 64.5 332.9
  63.6 333.5 62.7 334.2 61.7 334.8 60.8 335.4 59.7 336.0 58.7 336.2 57.4 336.2
  56.1 335.8 55.1 335.4 54.2 334.6 53.2 333.8 52.2 332.7 51.2 331.6 50.2 330.3
  49.0 328.9 47.8 327.1 46.9 325.0 46.0 322.8 45.7 320.4 45.4 318.1 45.0 315.9
  44.6 313.7 44.2 311.5 43.8 309.3 43.4 307.1 43.3 304.8 43.2 302.4 43.3 299.9
  43.4 297.5 43.6 295.2 43.6 293.0 43.7 290.8 43.8 288.7 43.9 286.7 43.9 284.7
  44.1 282.8 44.2 280.9 44.4 279.0 44.6 277.2 44.8 275.4 45.2 273.8 45.6 272.3
  46.1 271.0 46.7 269.6 47.5 268.3 48.3 267.2 49.1 266.1 49.9 265.0 50.7 263.9
  51.3 262.9 51.9 261.9 52.4 260.9 53.0 260.2 53.7 259.4 54.3 258.7 55.0 258.2
  55.8 257.7 56.6 257.1 57.4 256.7 58.3 256.2 59.2 255.5 60.0 254.8 60.7 254.1
  61.5 253.3 62.2 252.4 63.0 251.8 63.6 251.2 64.2 250.6 64.9 249.9 65.5 249.2
  66.1 248.5 66.7 247.6 67.2 246.7 67.7 245.7 68.2 244.7 68.7 243.8 69.0 242.9
  69.4 241.9 69.7 241.0 70.1 240.0 70.3 239.3 70.6 238.6 70.9 238.0 71.2 237.3
  71.4 236.7 71.7 236.1 72.0 235.5 72.4 234.8 72.7 234.0 73.0 233.3 73.3 232.5
  73.7 231.7 73.9 231.0 74.2 230.2 74.5 229.0 74.8 227.9 75.0 226.8 75.2 225.9
  75.5 224.9 75.7 224.1 76.0 223.4 76.3 221.9 76.6 220.3 76.9 218.7 77.2 217.0
  77.5 215.3 77.8 213.5 78.0 211.6 78.3 208.2 78.5 204.5 78.6 200.9 78.6 197.4
  78.7 193.7 78.6 190.3 78.6 187.0 78.6 183.8 78.6 180.7 78.6 177.7 78.6 174.7
  78.6 171.8 78.6 169.0 78.7 166.2 78.7 163.5 78.7 160.8 78.8 158.3 78.8 155.7
  78.7 153.1 78.7 150.5 78.6 148.0 78.5 145.6 78.3 143.3 78.2 141.1 78.0 139.0
  77.8 137.4 77.7 135.9 77.6 134.3 77.5 132.8 77.4 131.2 77.3 129.6 77.2 128.0
  77.0 126.3 76.9 124.5 76.8 122.8 76.7 120.9 76.5 119.1 76.4 117.2 76.3 115.3
  76.3 113.3 76.3 111.2 76.2 109.1 76.2 106.9 76.2 104.7 76.2 102.5 76.2 100.3
  76.2  98.1 76.1  95.9 76.1  93.9 76.0  91.9 76.0  90.0 75.9  88.3 75.9  86.7
  75.8  85.0 75.8  83.2 75.7  81.3 75.5  79.3 75.4  78.8 75.2  78.3 75.0  77.7
  74.8  77.1 74.6  76.4 74.3  75.8 74.1  75.1 73.8  74.4 73.6  73.7 73.4  72.9
  73.3  72.2 73.2  71.4 73.0  70.7 72.9  69.9 72.9  69.2 72.8  68.4 72.8  67.7
  72.7  67.0 72.7  66.3 72.6  65.5 72.6  64.8 72.5  64.1 72.4  63.4 72.3  62.7
  72.2  62.0 72.0  61.2 71.9  60.5 71.7  59.8 71.6  59.1 71.5  58.3 71.3  57.5
  71.2  56.8 71.1  56.0 71.0  55.3 70.9  54.6 70.8  53.9 70.7  53.3 70.6  52.6
  70.6  52.0 70.5  51.5 70.4  50.9 70.3  50.4 70.3  50.0 70.2  49.5 70.1  49.0
  70.0  48.6 69.9  48.1 69.9  47.6 69.8  47.0 69.6  46.5 69.5  45.9 69.4  45.4
  69.2  44.8 69.1  44.2 68.9  43.6
  12 15 60  0.0
  72.5 321.4 72.1 321.4 71.7 321.4 71.3 321.4 71.0 321.4 70.7 321.4 70.4 321.3
  70.0 321.2 69.7 321.1 69.4 321.0 69.1 321.0 68.9 321.0 68.6 321.0 68.3 321.0
  68.0 321.2 67.7 321.4 67.5 321.9 67.2 322.5 67.0 323.3 66.8 324.2 66.4 325.1
  66.1 326.2 65.7 327.5 65.4 328.2 64.8 329.0 64.2 329.8 63.7 330.8 63.1 330.7
  62.6 330.8 62.1 330.9 61.7 331.2 61.3 330.7 61.0 330.4 60.7 330.1 60.4 329.9
  60.2 329.8 60.0 329.8 59.9 330.0 59.7 328.7 59.5 327.5 59.5 326.2 59.5 325.0
  59.5 323.7 59.8 322.5 60.0 321.3 60.3 321.4 60.6 321.4 60.8 321.6 61.0 321.8
  61.1 322.1 61.2 322.4 61.2 322.8 61.1 323.2 61.0 323.5 60.8 323.9 60.5 324.3
  59.8 324.6 59.0 324.6 58.0 324.7 56.9 324.8 55.7 324.8 54.3 324.3 52.9 323.8
  52.2 322.5 51.4 321.1 50.6 319.3 50.1 317.5 49.5 315.8 49.1 313.8 48.5 312.0
  47.8 310.3 47.4 308.3 46.9 306.3 46.7 304.5 46.4 302.6 46.5 300.8 46.6 299.1
  46.8 297.5 47.0 296.0 47.2 294.4 47.4 292.9 47.7 291.3 48.0 289.8 48.4 288.7
  48.7 287.5 49.1 286.3 49.5 285.0 49.8 283.6 50.2 282.1 50.6 281.0 51.1 279.9
  51.7 278.7 52.4 277.5 53.1 276.6 53.8 275.7 54.7 274.7 55.6 274.1 56.4 273.4
  57.3 273.1 58.0 272.7 58.8 272.6 59.5 272.6 60.2 272.4 61.0 272.6 61.7 272.7
  62.4 272.8 63.0 273.2 63.7 273.5 64.3 274.0 64.8 274.6 65.4 275.3 66.0 275.9
  66.5 276.6 66.9 277.2 67.3 277.8 67.7 278.3 68.1 278.9 68.5 279.4 69.0 280.0
  69.4 280.6 69.6 281.2 69.8 281.9 70.0 282.6 70.2 283.1 70.4 283.7 70.6 284.3
  70.6 284.9 70.6 285.6 70.6 286.3 70.6 287.0 70.6 287.7 70.5 288.4 70.3 289.1
  70.0 289.8 69.7 290.6 69.4 291.3 69.2 291.9 68.9 292.4 68.5 292.9 68.1 293.3
  67.7 293.7 67.4 294.0 67.0 294.3 66.7 294.5 66.3 294.7 66.0 294.8 65.7 294.7
  65.3 294.6 65.0 294.4 64.7 294.2 64.4 294.0 64.1 293.8 63.8 293.6 63.6 293.4
  63.4 293.1 63.1 292.8 62.9 292.6 62.7 292.3 62.5 292.0 62.3 291.7 62.3 291.3
  62.2 291.0 62.2 290.5 62.1 290.1 62.0 289.7 61.9 289.2 61.8 288.6 61.7 288.0
  61.6 287.4 61.8 286.8 61.9 286.2 62.1 285.6 62.2 285.3 62.4 284.9 62.5 284.5
  62.7 284.1 62.8 283.7 63.2 283.4 63.5 283.0 63.8 282.6 64.1 282.2 64.4 282.1
  64.8 282.0 65.1 281.8 65.4 281.7 65.7 281.5 66.0 281.3 66.4 281.4 66.7 281.5
  67.1 281.6 67.4 281.7 67.7 281.7 68.1 281.8 68.5 282.3 68.8 282.7 69.2 283.0
  69.6 283.3 70.0 283.5 70.5 284.1 70.9 284.6 71.2 285.1 71.6 285.6 72.0 286.0
  72.4 286.4 72.8 287.1 73.2 287.8 73.6 288.6 74.0 289.3 74.4 290.3 74.8 291.4
  75.2 292.5 75.6 293.6 75.9 294.8 76.3 296.1 76.6 297.2 77.0 298.5 77.4 299.7
  77.7 301.1 78.0 302.5 78.3 303.1 78.6 303.8 78.9 304.5 79.1 305.2 79.3 305.9
  79.5 306.6 79.6 307.3 79.8 308.0 79.9 308.7 79.9 309.3 80.0 309.9 80.0 310.5
  80.1 310.8 80.2 311.3 80.3 311.8 80.4 312.4 80.4 313.1 80.5 313.9 80.6 314.7
  80.7 315.7 80.8 316.7 81.0 317.7
  12 16 60  0.0
  72.5 321.4 72.2 320.4 71.9 319.4 71.7 318.0 71.4 316.7 71.2 315.3 71.0 313.9
  70.8 312.5 70.7 311.1 70.5 309.7 70.4 308.2 70.3 306.8 70.2 305.3 70.1 303.7
  70.0 302.2 69.9 301.1 69.9 299.9 69.9 298.8 69.9 297.6 70.0 296.4 70.0 295.2
  70.1 294.1 70.2 293.0 70.3 291.9 70.5 290.8 70.6 289.8 70.8 288.7 71.0 287.5
  71.2 286.3 71.4 285.1 71.6 283.8 71.9 282.4 72.1 281.0 72.4 279.7 72.7 278.3
  73.0 277.0 73.3 275.7 73.7 274.3 74.1 273.1 74.5 272.4 75.0 271.6 75.5 270.9
  76.0 270.2 76.5 269.5 77.0 269.0 77.5 268.4 78.0 267.8 78.6 266.9 79.2 265.9
  79.7 264.7 80.2 263.5 80.7 262.0 81.2 260.4 81.7 258.6 82.1 256.6 82.6 254.9
  83.1 253.0 83.5 250.7 83.8 248.2 84.1 245.4 84.5 243.2 84.8 240.8 85.0 238.0
  85.2 234.8 85.3 231.2 85.3 227.2 85.3 222.9 85.2 218.5 85.0 214.3 84.8 210.3
  84.5 206.5 84.0 203.1 83.5 200.0 83.0 197.0 82.5 194.4 82.0 192.0 81.5 190.0
  81.0 188.2 80.5 186.4 80.0 184.6 79.5 182.9 79.2 181.4 78.8 179.7 78.5 178.1
  78.2 176.4 78.0 174.6 77.8 173.1 77.6 171.5 77.5 169.7 77.3 167.8 77.2 165.7
  77.2 163.4 77.1 161.0 77.0 158.2 76.9 155.3 76.8 152.2 76.7 148.8 76.6 145.4
  76.4 142.1 76.3 138.8 76.1 135.5 75.9 132.3 75.7 129.4 75.5 126.5 75.3 123.8
  75.2 121.2 75.0 118.7 74.9 116.3 74.7 113.9 74.7 111.6 74.7 109.3 74.7 107.1
  74.7 105.1 74.7 103.1 74.7 101.2 74.7  99.3 74.9  97.6 75.0  95.9 75.1  94.3
  75.3  92.8 75.4  91.4 75.5  90.0 75.6  88.6 75.8  87.3 75.9  85.9 76.1  84.5
  76.3  82.5 76.5  80.4 76.7  78.3 76.9  77.8 77.2  77.3 77.4  76.9 77.6  76.4
  77.8  76.0 78.0  75.6 78.2  75.1 78.4  74.6 78.5  74.1 78.7  73.6 78.9  73.1
  79.0  72.6 79.1  72.1 79.3  71.6 79.4  71.1 79.5  70.7 79.7  70.2 79.8  69.8
  79.9  69.4 80.0  69.0 80.1  68.6 80.1  68.1 80.2  67.6 80.3  67.1 80.4  66.6
  80.5  66.1 80.6  65.6 80.6  65.1 80.7  64.6 80.7  64.2 80.7  63.7 80.8  63.2
  80.8  62.7 80.9  62.2 80.9  61.7 80.9  61.2 81.0  60.7 81.0  60.2 81.0  59.7
  81.1  59.2 81.1  58.7 81.2  58.2 81.2  57.8 81.3  57.3 81.3  56.9 81.4  56.5
  81.4  56.1 81.5  55.7 81.6  55.3 81.7  54.9 81.8  54.6 81.9  54.2 82.1  53.9
  82.2  53.6 82.3  53.3 82.5  52.9 82.6  52.6 82.7  52.4 82.7  52.1 82.8  51.9
  82.9  51.6 83.0  51.4 83.1  51.3 83.2  51.1 83.2  50.9 83.3  50.8 83.3  50.7
  83.4  50.5 83.4  50.4 83.5  50.3 83.5  50.2 83.5  50.1 83.6  50.0 83.6  49.9
  83.6  49.8 83.6  49.7 83.7  49.7 83.7  49.6 83.7  49.5 83.7  49.4 83.7  49.4
  83.6  49.3 83.6  49.2 83.5  49.1 83.5  49.0 83.4  48.9 83.3  48.8 83.2  48.7
  83.1  48.6 83.0  48.5 82.8  48.4 82.6  48.2 82.5  48.1 82.3  47.9 82.1  47.7
  81.9  47.5 81.7  47.2 81.5  46.9 81.3  46.5 81.1  46.1 80.8  45.8 80.6  45.4
  80.4  45.0 80.2  44.7 80.0  44.4 79.9  44.0 79.8  43.7 79.8  43.3 79.7  43.0
  79.8  42.6 79.8  42.2 79.8  41.9
  12 17 60  0.0
  72.5 321.4 72.5 320.6 72.4 319.8 72.4 319.1 72.4 318.3 72.4 317.6 72.4 316.9
  72.3 316.2 72.2 315.5 72.3 314.9 72.4 314.2 72.4 313.5 72.4 312.8 72.4 312.0
  72.5 311.2 72.5 310.4 72.6 309.4 72.7 308.4 72.7 307.3 72.8 306.1 73.0 304.9
  73.1 303.7 73.4 302.4 73.6 301.0 73.8 299.7 74.1 298.3 74.4 297.7 74.7 297.1
  74.9 296.4 75.1 295.8 75.4 295.2 75.6 294.6 75.9 294.0 76.1 293.4 76.4 293.5
  76.6 293.5 76.8 293.7 77.0 293.8 77.2 294.0 77.4 294.0 77.5 294.0 77.7 293.9
  77.8 293.8 77.9 293.6 78.1 293.3 78.2 293.7 78.4 294.0 78.5 294.3 78.6 294.5
  78.8 294.7 78.9 294.9 79.0 295.2 79.1 295.5 79.2 295.8 79.3 296.1 79.3 296.5
  79.3 296.9 79.3 297.3 79.3 297.7 79.2 298.1 79.2 298.6 79.1 299.0 79.1 299.4
  79.1 299.6 79.1 299.8 79.1 299.9 79.2 299.9 79.2 299.8 79.3 299.7 79.3 299.5
  79.4 299.2 79.6 298.8 79.7 298.4 79.9 297.9 80.0 297.4 80.2 298.3 80.4 299.1
  80.6 299.9 80.8 300.7 80.8 301.5 80.9 302.3 80.9 303.0 81.0 303.8 81.0 304.5
  81.0 305.2 81.0 305.9 81.0 306.6 81.0 307.4 80.9 308.2 80.9 309.0 80.8 309.8
  80.6 310.6 80.5 311.4 80.4 312.2 80.1 313.1 79.9 313.9 79.7 314.3 79.5 314.8
  79.2 315.2 79.0 315.6 78.7 316.0 78.4 316.2 78.1 316.5 77.7 316.6 77.4 316.6
  77.0 316.5 76.7 316.4 76.3 316.3 75.9 316.2 75.4 316.3 75.0 316.4 74.6 316.5
  74.1 316.5 73.6 316.6 73.1 316.7 72.7 316.8 72.2 316.8 71.7 316.9 71.3 317.1
  70.9 317.3 70.5 317.5 70.2 317.8 69.8 318.0 69.5 318.6 69.3 319.1 69.0 319.7
  68.8 320.2 68.4 320.9 68.0 321.5 67.7 322.1 67.4 323.0 67.1 323.9 66.7 324.9
  66.3 325.8 65.7 326.7 65.2 327.2 64.7 327.7 64.1 328.1 63.4 328.4 62.6 328.4
  61.7 328.4 60.9 328.0 60.0 327.7 59.3 327.4 58.5 326.6 57.7 325.8 56.9 324.6
  56.0 323.4 55.2 322.0 54.3 320.6 53.4 319.3 52.7 317.6 52.0 315.9 51.6 314.0
  51.3 312.1 51.0 310.3 50.8 308.6 50.6 307.0 50.3 305.5 49.9 304.1 49.4 302.5
  49.1 300.8 48.8 299.3 48.5 297.7 48.3 296.2 48.1 294.7 48.2 293.3 48.4 291.8
  48.6 290.4 48.9 289.0 49.3 287.5 49.6 286.0 50.0 284.5 50.4 283.1 51.0 281.7
  51.5 280.1 51.9 278.5 52.5 276.7 53.0 275.1 53.6 273.3 54.2 271.5 54.9 270.0
  55.7 268.5 56.4 267.0 57.3 265.7 58.3 264.3 59.2 263.2 60.2 261.8 61.3 260.8
  62.3 259.7 63.2 259.0 64.1 258.1 65.0 257.7 65.8 257.1 66.6 256.5 67.4 256.0
  68.1 255.4 68.9 255.1 69.6 254.6 70.3 254.1 70.9 253.5 71.5 252.9 72.0 252.2
  72.6 251.4 73.1 250.6 73.6 249.6 74.0 248.6 74.4 247.4 74.8 246.2 75.2 244.8
  75.6 243.4 76.0 241.9 76.3 240.2 76.7 238.5 77.0 236.6 77.4 234.7 77.7 232.6
  78.0 230.5 78.2 228.3 78.6 226.2 78.9 224.1 79.2 221.8 79.6 219.4 79.8 216.8
  80.1 214.1 80.3 211.5 80.5 208.7 80.7 205.7 80.8 202.7 80.9 199.6 80.9 196.4
  81.0 193.2 81.0 190.1 81.0 186.9 81.0 183.7 80.9 180.5 80.9 177.2 80.8 174.0
  80.7 170.8 80.6 167.5 80.4 164.3
  12 18 60  0.0
  72.5 321.4 72.9 320.8 73.3 320.1 73.7 319.4 74.0 318.7 74.3 317.9 74.6 317.5
  74.8 317.2 75.1 316.8 75.3 316.4 75.6 316.0 75.8 315.5 76.0 315.1 76.2 314.6
  76.4 314.7 76.6 314.8 76.8 314.9 77.0 315.0 77.2 315.1 77.4 315.2 77.6 315.2
  77.7 315.3 77.9 315.3 78.1 315.4 78.3 315.7 78.5 316.0 78.6 316.3 78.7 316.6
  78.8 317.0 78.9 317.5 79.0 317.9 79.1 318.4 79.1 319.0 79.2 319.6 79.2 320.2
  79.2 320.8 79.2 321.5 79.1 322.2 79.1 322.9 79.0 323.5 78.9 324.1 78.8 324.6
  78.6 325.1 78.4 325.5 78.2 325.9 78.0 326.2 77.7 326.0 77.5 325.9 77.2 325.7
  76.9 325.5 76.5 325.4 76.2 325.2 75.8 325.1 75.4 324.5 75.1 324.0 74.7 323.5
  74.4 323.0 74.0 322.5 73.6 321.4 73.3 320.4 72.9 319.3 72.6 318.2 72.2 317.3
  71.9 316.4 71.5 315.4 71.3 314.4 71.0 313.6 70.8 312.8 70.6 312.1 70.3 311.4
  70.2 310.9 70.1 310.4 70.0 310.0 69.9 309.6 69.8 309.2 69.8 308.8 69.7 308.4
  69.7 307.9 69.7 307.4 69.8 307.0 69.8 306.4 69.8 305.9 69.9 305.3 69.9 304.7
  70.0 304.0 70.0 303.3 70.1 302.4 70.2 301.6 70.3 300.7 70.3 299.8 70.5 298.9
  70.6 298.0 70.6 297.1 70.7 296.2 70.8 295.3 70.9 294.4 70.9 293.6 71.0 292.8
  71.1 292.0 71.2 291.3 71.2 290.5 71.2 289.6 71.3 288.8 71.4 287.9 71.5 287.0
  71.6 286.0 71.7 285.0 71.8 283.8 71.9 282.6 72.1 281.3 72.2 279.7 72.4 278.1
  72.6 276.5 72.9 275.1 73.1 273.6 73.4 272.2 73.7 270.8 74.0 269.4 74.2 268.0
  74.5 266.4 74.8 264.9 75.1 263.2 75.4 261.7 75.7 260.1 76.0 258.6 76.3 257.1
  76.7 255.5 77.1 253.9 77.4 252.2 77.7 250.4 78.0 248.6 78.3 246.2 78.5 243.7
  78.6 240.9 78.7 238.1 78.7 235.2 78.7 232.3 78.7 229.3 78.7 226.2 78.6 223.1
  78.4 220.1 78.2 217.2 78.0 214.2 77.8 212.1 77.6 210.1 77.3 208.1 77.1 206.2
  76.9 204.4 76.6 202.7 76.4 201.0 76.2 199.4 76.0 197.9 75.8 196.5 75.7 195.9
  75.6 195.3 75.5 194.8 75.4 194.4 75.3 194.0 75.2 193.7 75.1 193.4 75.0 193.2
  75.0 193.1 74.9 193.0 74.8 192.9 74.7 192.9 74.6 193.0 74.6 193.0 74.5 193.2
  74.5 193.3 74.4 193.6 74.4 193.8 74.3 194.0 74.2 194.3 74.1 194.5 74.0 194.8
  73.9 195.1 73.9 195.9 73.7 196.7 73.6 197.6 73.4 198.4 73.3 199.4 73.1 200.3
  72.8 201.1 72.6 201.8 72.3 202.5 72.0 203.0 71.7 203.5 71.4 204.2 71.1 204.8
  70.7 205.4 70.3 205.9 69.9 206.3 69.6 206.8 69.2 207.3 68.8 207.7 68.3 208.0
  67.9 208.3 67.6 209.1 67.2 209.8 66.8 210.5 66.4 211.1 65.9 211.7 65.5 212.9
  65.1 214.1 64.7 215.1 64.2 216.1 63.7 216.8 63.1 217.9 62.5 218.7 61.9 219.3
  61.2 220.3 60.5 221.0 59.8 221.6 59.1 222.2 58.3 222.8 57.4 223.2 56.4 223.7
  55.4 224.1 54.6 224.5 53.7 224.8 52.7 225.0 51.7 225.2 50.7 225.2 49.5 225.2
  48.3 224.9 47.1 224.7 45.9 224.1 44.8 223.3 43.3 222.4 42.0 221.4 40.8 220.2
  39.7 218.9 38.8 217.7 38.0 216.4 37.2 215.3 36.6 214.2 35.9 213.0 35.4 212.1
  34.8 211.1 34.4 210.1 34.1 209.1
  12 19 60  0.0
  72.5 321.4 72.6 319.3 72.4 317.4 72.3 315.6 72.1 314.0 71.9 312.5 71.8 311.3
  71.5 310.1 71.3 309.1 71.1 308.3 71.0 307.4 70.7 306.7 70.5 306.0 70.3 305.4
  70.1 304.8 69.9 304.1 69.7 303.4 69.5 302.7 69.3 302.0 69.1 301.3 68.8 300.5
  68.6 299.8 68.3 298.9 68.0 298.1 67.7 297.7 67.4 297.3 67.0 296.9 66.6 296.5
  66.2 296.0 65.8 295.6 65.3 295.4 64.8 295.2 64.3 294.8 63.7 294.4 63.1 293.9
  62.4 293.3 61.6 292.7 60.7 292.2 59.8 291.7 58.8 291.6 57.7 291.6 56.6 291.7
  55.5 291.7 54.4 291.8 53.2 291.8 52.0 291.7 50.8 291.6 49.6 291.4 48.3 291.1
  47.0 290.8 45.9 290.4 44.8 290.1 43.8 289.7 42.8 289.4 41.9 289.0 41.1 288.6
  40.3 288.0 39.6 287.5 38.8 286.8 38.0 286.1 37.2 285.2 36.4 284.2 35.7 283.1
  35.1 281.9 34.6 280.6 34.1 279.3 33.7 278.0 33.4 276.8 33.1 275.7 33.4 274.6
  33.6 273.6 33.8 272.6 34.0 271.6 34.4 270.3 34.6 269.0 34.8 267.7 35.2 266.5
  35.6 265.4 36.0 264.4 36.4 263.6 36.9 262.7 37.4 261.8 37.9 261.0 38.3 260.1
  38.6 258.8 39.0 257.5 39.4 256.3 39.8 255.2 40.2 254.2 40.7 253.2 41.1 252.2
  41.6 251.3 42.1 250.4 42.7 249.4 43.2 248.5 43.8 247.6 44.3 246.7 44.9 245.9
  45.6 245.1 46.2 244.4 46.9 243.6 47.4 242.7 47.9 241.9 48.5 241.1 49.1 240.3
  49.7 239.4 50.2 238.6 50.8 237.9 51.5 237.2 52.1 236.4 52.8 235.8 53.3 235.0
  53.7 234.3 54.2 233.5 54.7 232.9 55.2 232.2 55.7 231.4 56.2 230.7 56.9 230.0
  57.5 229.2 58.1 228.4 58.8 227.7 59.2 226.9 59.5 226.1 59.8 225.4 60.1 224.6
  60.4 223.8 60.5 223.1 60.7 222.3 60.8 221.6 61.0 220.8 61.1 220.0 61.1 219.2
  61.1 218.4 61.1 217.6 61.1 216.9 61.1 216.1 61.1 215.3 60.9 214.6 60.6 214.0
  60.4 213.4 60.2 212.8 60.0 212.3 59.9 211.8 59.6 211.1 59.4 210.4 59.1 209.7
  58.9 209.1 58.7 208.6 58.5 208.0 58.4 207.5 58.1 207.0 57.8 206.5 57.6 205.8
  57.5 205.0 57.4 204.3 57.4 203.5 57.3 202.7 57.2 201.8 57.1 201.0 57.0 200.2
  57.0 199.4 56.8 198.6 56.6 197.9 56.5 197.1 56.5 196.3 56.5 195.5 56.3 194.6
  56.2 193.6 56.2 192.5 56.1 191.4 55.8 190.3 55.5 189.3 55.3 188.4 55.0 187.5
  54.5 186.7 54.1 185.9 53.7 185.1 53.4 184.4 53.2 183.8 53.0 183.0 52.9 182.3
  52.8 181.5 52.7 180.6 52.6 179.7 52.5 178.8 52.4 177.7 52.4 176.6 52.5 175.4
  52.5 174.2 52.5 172.8 52.6 171.4 52.6 169.9 52.5 168.5 52.5 167.2 52.2 166.0
  51.9 164.9 51.7 164.1 51.5 163.1 51.3 162.2 51.1 161.3 51.0 160.3 50.9 159.3
  50.6 158.2 50.4 157.1 50.1 156.1 49.9 155.0 49.5 154.0 49.3 153.1 49.0 152.1
  48.8 151.2 48.6 150.3 48.4 149.4 48.3 148.6 48.2 147.7 48.1 146.9 48.0 146.1
  48.0 145.3 47.9 144.5 47.9 143.7 47.9 143.0 47.8 142.2 47.7 141.5 47.6 140.8
  47.5 140.1 47.4 139.4 47.2 138.7 46.9 138.0 46.6 137.4 46.2 136.8 45.9 136.2
  45.6 135.3 45.1 134.5 44.7 133.8 44.2 133.0 43.8 132.3 43.3 131.4 42.8 130.5
  42.3 129.6 41.8 128.6 41.3 127.3
  12 20 60  0.0
  72.5 321.4 72.1 321.0 71.7 320.5 71.4 320.0 71.1 319.5 70.7 318.9 70.4 318.3
  70.0 317.6 69.6 316.7 69.2 315.8 68.8 314.9 68.4 314.0 68.0 313.2 67.5 312.3
  67.0 311.4 66.5 310.6 65.7 309.8 65.0 309.0 64.1 308.4 63.0 307.8 61.9 307.4
  60.7 306.9 59.4 306.5 58.2 305.9 56.8 305.3 55.4 304.3 54.0 302.9 52.8 301.7
  51.6 300.5 50.4 299.1 49.5 297.8 48.5 296.4 47.6 294.9 47.0 293.4 46.4 291.8
  46.0 290.3 45.6 288.7 45.2 287.3 45.0 285.8 44.8 284.4 44.5 282.9 44.5 281.5
  44.4 280.1 44.4 278.6 44.5 277.2 44.5 275.8 44.8 274.3 45.1 272.9 45.3 271.4
  45.8 270.0 46.3 268.6 46.8 267.2 47.4 265.9 48.0 264.6 48.7 263.5 49.3 262.4
  49.9 261.2 50.4 260.0 51.0 258.9 51.6 257.8 52.2 256.7 52.8 255.7 53.4 254.7
  54.0 253.7 54.6 252.9 55.1 252.0 55.7 251.0 56.3 250.0 56.8 249.1 57.3 248.0
  57.8 246.9 58.3 245.7 58.9 244.7 59.4 243.5 59.9 242.3 60.3 241.1 60.8 239.9
  61.3 238.8 61.8 237.6 62.2 236.4 62.6 235.1 63.1 233.9 63.6 232.6 64.1 231.2
  64.6 229.8 65.1 228.3 65.5 226.8 65.9 225.2 66.3 223.6 66.7 222.0 67.0 220.3
  67.3 218.7 67.6 217.0 67.9 215.4 68.0 213.8 68.2 212.1 68.3 210.5 68.4 208.8
  68.4 207.1 68.3 205.5 68.2 204.0 68.1 202.6 67.9 201.2 67.8 200.3 67.7 199.5
  67.5 198.8 67.3 198.3 67.1 197.8 66.9 197.5 66.7 197.2 66.5 196.9 66.3 196.7
  66.1 196.4 65.8 196.1 65.5 196.0 65.3 195.9 65.0 195.7 64.7 195.6 64.3 195.4
  63.9 195.2 63.5 195.3 63.1 195.4 62.7 195.5 62.2 195.6 61.8 195.6 61.4 195.7
  60.9 195.7 60.5 195.7 60.0 195.7 59.5 195.6 59.1 195.3 58.7 195.0 58.2 194.7
  57.8 194.3 57.3 193.8 56.9 193.3 56.5 192.8 56.1 192.3 55.8 191.7 55.4 190.9
  55.0 190.1 54.6 189.2 54.3 188.3 54.0 187.2 53.5 186.2 52.9 184.8 52.5 183.5
  51.7 182.2 51.0 181.0 50.4 179.8 49.9 178.7 49.4 177.3 49.1 175.9 48.7 174.5
  48.4 173.1 48.2 171.9 47.7 170.7 47.2 169.4 46.8 168.1 46.5 166.7 46.1 165.3
  45.8 163.9 45.3 162.2 44.8 160.5 44.3 158.9 43.6 157.3 42.9 155.5 42.0 153.6
  41.1 151.8 40.5 149.7 39.8 147.6 39.3 145.4 38.8 143.2 38.4 141.1 37.9 139.0
  37.5 137.0 37.1 135.1 36.8 133.3 36.5 131.4 36.3 129.6 36.1 127.8 36.1 126.0
  36.0 124.2 35.9 122.4 36.2 120.8 36.6 119.2 37.3 117.8 38.0 116.4 38.6 115.1
  39.1 113.8 39.6 112.4 40.2 111.1 40.6 109.8 41.1 108.5 41.6 107.2 42.1 105.8
  42.6 104.5 43.1 103.2 43.7 101.8 44.2 100.4 44.7  99.0 45.3  97.6 45.9  96.2
  46.4  94.8 47.1  93.6 47.7  92.3 48.3  91.2 49.0  90.2 49.6  89.1 50.2  88.1
  50.8  87.1 51.4  86.1 52.0  85.0 52.5  83.8 53.1  82.6 53.7  81.4 54.2  80.1
  54.7  79.0 55.3  78.3 55.8  77.6 56.4  76.9 57.1  76.3 57.7  75.6 58.3  74.9
  58.9  74.2 59.6  73.4 60.2  72.5 60.9  71.7 61.6  70.8 62.3  69.8 63.1  69.2
  63.7  68.6 64.3  67.9 64.9  67.7 65.4  67.5 65.9  67.2 66.4  66.9 66.9  66.7
  67.3  66.6 67.8  66.4 68.2  66.2
  12 21 60  0.0
  72.5 321.4 72.3 321.8 72.2 322.0 72.1 322.2 71.9 322.3 71.8 322.3 71.7 322.3
  71.6 322.3 71.5 322.1 71.3 321.8 71.2 321.5 71.0 321.2 70.9 320.7 70.7 320.2
  70.6 319.7 70.3 319.3 70.1 318.9 69.8 318.5 69.5 318.1 69.2 317.6 68.8 317.1
  68.5 316.6 68.1 316.2 67.6 315.7 67.2 315.0 66.7 314.2 66.1 313.5 65.6 312.7
  65.0 311.6 64.5 310.6 63.9 309.7 63.3 308.5 62.7 307.3 62.0 306.4 61.3 305.2
  60.6 304.2 59.8 303.3 59.0 302.3 58.1 301.5 57.1 300.8 56.1 299.9 55.2 299.1
  54.2 297.9 53.2 296.7 52.3 295.4 51.5 294.0 50.8 292.6 50.0 291.2 49.4 289.8
  48.8 288.4 48.3 287.1 47.9 285.7 47.5 284.3 47.2 282.9 47.0 281.5 46.9 280.1
  46.8 278.8 46.7 277.4 46.6 276.1 46.6 274.7 46.7 273.2 46.8 271.7 47.2 270.3
  47.6 268.8 48.0 267.4 48.6 266.2 49.2 265.0 49.8 263.7 50.3 262.5 50.9 261.5
  51.4 260.4 51.9 259.3 52.4 258.2 52.9 257.4 53.4 256.5 53.9 255.6 54.4 254.7
  54.9 254.0 55.4 253.2 55.8 252.4 56.3 251.5 56.7 250.8 57.2 250.0 57.6 249.1
  58.0 248.1 58.4 247.3 58.9 246.5 59.3 245.6 59.8 244.6 60.2 243.6 60.6 242.8
  61.1 241.9 61.6 241.0 62.0 240.0 62.6 239.1 63.1 238.2 63.6 237.1 64.1 236.0
  64.8 235.1 65.4 234.1 66.0 233.0 66.6 232.0 67.3 230.9 67.9 229.6 68.4 228.3
  69.0 227.3 69.5 226.2 70.0 225.0 70.5 224.2 71.0 223.4 71.4 222.4 71.8 221.4
  72.2 220.2 72.6 219.1 72.9 217.8 73.2 216.4 73.4 214.9 73.6 213.3 73.7 211.7
  73.8 210.0 73.9 208.3 74.0 206.7 74.0 205.1 74.0 203.5 74.1 202.2 74.1 200.9
  74.2 199.6 74.3 198.4 74.3 197.2 74.4 195.9 74.5 194.7 74.6 193.5 74.7 192.3
  74.8 191.0 74.9 189.8 75.0 188.6 75.2 187.4 75.3 186.3 75.4 185.2 75.6 184.2
  75.7 183.3 75.8 182.4 76.0 181.5 76.1 180.7 76.2 179.7 76.4 178.7 76.5 177.8
  76.5 176.9 76.6 176.0 76.6 175.1 76.6 174.3 76.6 173.5 76.6 172.8 76.6 172.1
  76.6 171.5 76.5 171.0 76.5 170.5 76.4 170.1 76.4 169.7 76.3 169.2 76.2 168.8
  76.1 168.3 76.0 167.8 76.0 167.3 75.9 167.1 75.8 167.0 75.7 166.8 75.6 166.6
  75.5 166.4 75.4 166.3 75.2 166.0 75.1 165.7 75.0 165.3 74.8 164.8 74.7 164.3
  74.5 163.7 74.4 163.0 74.3 162.3 74.2 161.4 74.1 160.4 74.0 159.4 74.0 158.2
  73.9 157.3 73.9 156.2 73.9 155.1 73.8 153.8 73.8 152.4 73.9 150.9 73.9 149.2
  73.9 147.3 73.8 145.3 73.8 143.1 73.6 140.8 73.5 138.4 73.2 136.1 73.0 133.9
  72.7 131.7 72.4 129.7 72.1 127.7 71.7 125.9 71.5 124.2 71.2 122.6 71.0 121.0
  70.8 119.4 70.7 117.9 70.7 116.3 70.6 114.8 70.6 113.4 70.5 111.9 70.6 110.5
  70.6 109.2 70.6 107.9 70.8 106.6 70.9 105.4 71.0 104.2 71.2 103.0 71.4 101.8
  71.6 100.7 71.8  99.5 72.2  98.3 72.5  96.5 72.8  94.6 73.2  92.7 73.6  90.8
  74.0  88.7 74.5  86.2 75.0  83.6 75.5  80.8 76.0  78.0 76.7  77.2 77.2  76.4
  77.7  75.6 78.2  74.9 78.8  74.1 79.3  73.3 79.7  72.5 80.1  71.8 80.5  70.9
  80.9  70.0 81.2  69.2 81.5  68.3
  12 22 60  0.0
  72.5 321.4 72.8 321.2 73.1 321.1 73.3 320.8 73.6 320.6 73.8 320.3 74.1 320.0
  74.4 319.5 74.7 318.9 74.9 318.3 75.2 317.7 75.5 317.0 75.8 316.3 76.1 315.6
  76.3 314.3 76.6 313.2 76.9 312.1 77.1 311.1 77.4 310.1 77.7 309.2 77.9 308.3
  78.2 307.5 78.5 306.7 78.8 305.9 79.1 305.1 79.4 304.4 79.7 303.6 80.0 302.9
  80.3 302.2 80.8 302.3 81.2 302.6 81.7 303.1 82.1 303.8 82.8 305.1 83.4 306.9
  84.0 309.2 84.5 312.1 85.1 317.1 85.5 323.1 85.7 329.7 85.9 336.3 85.9 342.3
  85.9 347.5 85.9 352.1 85.7 356.2 85.5 359.9 85.3   3.3 85.1   3.6 84.9   3.8
  84.7   4.1 84.5   4.4 84.2   4.7 84.0   4.9 83.8   4.9 83.6   4.9 83.4   4.8
  83.3   4.8 83.1   4.8 83.0   4.7 82.8   4.7 82.6   4.7 82.5   4.6 82.3   4.6
  82.2   4.6 82.1   4.5 81.9   4.5 81.8   4.2 81.7   3.8 81.6   3.5 81.6   3.2
  81.5   2.8 81.4   2.5 81.3   2.2 81.3   1.8 81.2   1.5 81.1   1.2 81.0   0.9
  80.9   0.6 80.9   0.3 80.8   0.0 80.7 359.8 80.6 358.3 80.6 356.9 80.5 355.6
  80.5 354.4 80.4 353.2 80.4 352.1 80.4 351.1 80.4 350.2 80.4 349.4 80.4 348.7
  80.5 348.0 80.6 347.4 80.7 347.0 80.7 346.6 80.9 346.3 81.0 346.1 81.1 346.0
  81.3 345.9 81.4 346.0 81.5 346.1 81.7 346.4 81.8 346.7 81.9 347.1 82.0 347.6
  82.1 348.2 82.2 349.2 82.2 350.3 82.3 351.6 82.3 353.0 82.3 354.4 82.3 355.7
  82.3 357.0 82.2 358.1 82.2 359.2 82.1   0.2 82.0   0.3 81.9   0.5 81.8   0.5
  81.7   0.5 81.6   0.5 81.5   0.4 81.3   0.4 81.2   0.4 81.0   0.3 80.8   0.3
  80.5   0.2 80.2   0.1 79.9   0.1 79.6 359.9 79.3 359.3 78.9 358.6 78.5 358.0
  78.0 357.5 77.5 357.0 77.1 356.3 76.6 355.6 76.2 354.8 75.8 354.1 75.4 353.3
  75.0 352.4 74.6 351.5 74.2 350.6 73.7 349.7 73.3 348.7 72.9 347.7 72.4 346.7
  72.0 345.8 71.6 344.9 71.2 343.8 70.8 342.8 70.4 341.8 70.0 340.8 69.6 339.6
  69.2 338.6 68.9 337.5 68.5 336.4 68.1 335.4 67.8 334.4 67.4 333.4 67.1 332.5
  66.8 331.6 66.6 330.7 66.3 329.8 66.0 329.0 65.8 328.1 65.5 326.9 65.3 325.7
  65.0 324.5 64.7 323.2 64.4 322.1 64.0 321.2 63.7 320.3 63.3 319.0 62.9 317.9
  62.6 316.9 62.2 316.0 61.9 315.2 61.7 314.0 61.4 313.0 61.1 312.0 60.9 311.2
  60.8 310.4 60.8 309.7 60.8 309.0 60.8 308.4 60.8 307.8 61.0 307.2 61.2 306.7
  61.3 306.1 61.5 305.6 61.7 305.0 61.9 304.4 62.1 303.8 62.4 303.7 62.7 303.4
  62.9 303.2 63.2 303.0 63.5 302.7 63.7 302.4 64.0 302.1 64.3 302.1 64.5 302.1
  64.8 302.0 65.0 302.0 65.2 301.9 65.4 301.8 65.6 301.8 65.8 301.6 66.0 301.5
  66.1 301.4 66.3 301.4 66.4 301.4 66.5 301.4 66.7 301.3 66.8 301.2 66.9 301.1
  67.0 300.9 67.1 300.7 67.2 300.5 67.2 300.3 67.3 300.1 67.4 299.9 67.7 299.7
  67.9 299.4 68.2 299.2 68.4 299.0 68.7 298.9 68.9 298.7 69.1 298.5 69.3 298.3
  69.5 298.1 69.7 297.9 69.9 297.7 70.0 297.5 70.2 297.2 70.4 297.0 70.6 296.7
  70.8 296.5 71.0 296.2 71.3 295.8
  12 23 60  0.0
  72.5 321.4 72.7 321.0 72.9 320.7 73.1 320.3 73.3 319.9 73.5 319.4 73.7 319.0
  73.9 318.5 74.1 318.1 74.3 317.5 74.5 317.0 74.7 316.4 74.9 315.7 75.0 315.1
  75.2 314.5 75.4 313.9 75.6 313.4 75.8 313.0 76.0 312.5 76.3 312.1 76.6 311.8
  76.9 311.4 77.2 311.1 77.6 310.8 78.0 310.4 78.4 310.1 78.9 309.7 79.3 309.3
  79.8 308.7 80.3 308.1 80.8 308.1 81.3 308.1 81.8 308.0 82.2 307.9 82.6 308.8
  83.0 309.8 83.4 311.0 83.7 312.5 83.9 314.2 84.1 316.0 84.4 317.7 84.6 319.6
  84.9 321.6 85.1 323.6 85.2 325.7 85.4 327.8 85.5 329.9 85.6 331.8 85.7 333.5
  85.8 335.1 85.8 337.0 85.9 339.4 85.9 342.0 85.9 345.0 85.9 348.1 85.8 351.2
  85.7 354.4 85.6 357.5 85.4   0.5 85.2   0.8 84.9   1.0 84.6   1.3 84.3   1.6
  84.0   1.8 83.8   1.8 83.5   1.8 83.3   1.8 83.1   1.8 82.9   1.8 82.7   1.8
  82.6   1.7 82.4   1.7 82.3   1.6 82.2   1.6 82.1   1.5 82.0   1.5 81.9   1.4
  81.9   1.1 81.8   0.8 81.7   0.5 81.7   0.1 81.6 359.8 81.5 357.7 81.4 355.5
  81.4 353.4 81.3 351.2 81.2 349.1 81.2 346.9 81.1 344.7 81.1 342.5 81.1 340.2
  81.1 337.9 81.2 335.5 81.3 332.9 81.5 330.1 81.7 327.1 81.9 323.8 82.2 320.1
  82.6 318.1 83.0 316.1 83.4 314.0 83.9 312.0 84.5 309.9 85.3 310.8 85.9 311.9
  86.5 313.3 87.3 319.4 87.8 328.1 88.1 339.6 88.3 354.2 88.5   8.1 88.5   8.4
  88.5   8.6 88.6   8.8 88.7   9.0 88.7   9.2 88.9   9.3 89.0   9.4 89.2   9.5
  89.4   9.6 89.7   9.6 90.0   9.7 89.6 189.7 89.2 117.6 88.7 111.2 88.4 107.0
  88.0 104.2 87.7 102.5 87.5 101.5 87.4 101.2 87.2 101.5 86.9 102.3 86.7 103.5
  86.5 105.0 86.2 106.3 86.0 107.4 85.8 108.2 85.6 108.9 85.5 109.6 85.3 110.1
  85.1 110.6 85.0 111.1 84.8 111.4 84.7 111.8 84.5 112.1 84.4 112.4 84.2 112.6
  84.1 112.9 84.0 113.1 83.9 113.3 83.9 113.8 83.8 114.3 83.8 114.8 83.8 115.3
  83.8 115.8 83.8 116.4 83.8 116.9 83.8 117.6 83.8 118.2 83.8 118.8 83.8 119.5
  83.8 120.1 83.7 120.7 83.7 121.2 83.6 121.7 83.5 122.1 83.5 122.5 83.4 122.8
  83.3 123.0 83.2 123.2 83.0 123.4 82.9 123.6 82.7 123.8 82.6 124.1 82.3 124.4
  82.1 124.7 81.8 125.0 81.6 124.8 81.3 124.6 81.0 124.4 80.7 124.2 80.3 124.0
  79.9 123.8 79.6 122.7 79.4 121.6 79.1 120.6 78.8 119.5 78.6 118.5 78.4 117.5
  78.2 116.4 78.0 115.4 77.9 114.3 77.8 112.9 77.6 111.4 77.5 110.0 77.4 108.7
  77.3 107.4 77.3 106.1 77.3 104.9 77.3 103.7 77.3 102.5 77.4 101.2 77.5 100.0
  77.6  98.7 77.8  97.3 78.0  95.9 78.3  94.3 78.6  92.7 78.8  91.0 79.1  89.3
  79.4  87.3 79.6  85.3 79.9  83.0 80.1  80.4 80.3  77.9 80.5  77.4 80.7  76.9
  80.9  76.5 81.1  76.0 81.3  75.5 81.5  75.0 81.8  74.5 82.0  74.0 82.4  73.6
  82.8  73.2 83.1  72.7 83.5  72.3 83.9  71.9 84.2  71.4 84.7  71.1 85.1  70.7
  85.5  70.4 85.8  70.0 86.2  69.7 86.7  69.5 87.2  69.3 87.6  69.1 87.9  68.9
  88.2  68.7 88.6  68.6 88.9  68.4
  12 24 60  0.0
  72.5 321.4 72.4 320.6 72.3 319.9 72.2 319.1 72.2 318.4 72.1 317.7 72.1 317.0
  72.0 316.2 72.0 315.6 72.1 314.9 72.1 314.2 72.1 313.5 72.2 312.9 72.3 312.2
  72.4 311.6 72.5 311.1 72.6 310.6 72.6 310.2 72.7 309.8 72.8 309.4 72.9 309.1
  73.0 308.9 73.1 308.7 73.3 308.5 73.4 308.3 73.6 308.1 73.8 308.0 73.8 307.8
  73.9 307.7 73.9 307.5 74.0 307.3 74.0 307.0 74.1 306.8 74.1 306.5 74.2 306.3
  74.2 306.0 74.2 305.8 74.3 305.6 74.3 305.4 74.4 305.2 74.4 305.1 74.5 304.9
  74.6 304.8 74.7 304.7 74.7 304.7 74.9 304.6 75.0 304.6 75.1 304.6 75.2 304.6
  75.4 304.6 75.5 304.6 75.7 304.6 75.9 304.5 76.1 304.3 76.3 304.1 76.5 303.8
  76.7 303.5 76.9 303.1 77.1 302.7 77.3 302.2 77.6 301.6 77.8 301.0 78.1 300.4
  78.4 299.5 78.6 298.6 78.8 297.8 79.1 296.9 79.3 296.1 79.6 295.3 79.9 294.6
  80.2 293.8 80.5 293.1 80.9 292.5 81.3 291.8 81.7 291.2 82.1 290.7 82.7 290.3
  83.3 290.0 83.9 289.9 84.4 290.0 85.2 290.4 85.9 291.4 86.5 293.0 87.4 297.9
  88.0 307.2 88.6 327.0 88.8 357.8 88.7  24.1 88.5  24.5 88.2  24.9 87.9  25.3
  87.7  25.7 87.4  26.1 87.1  26.5 86.8  26.8 86.4  27.2 85.9  27.6 85.6  27.8
  85.3  28.0 85.0  28.2 84.6  28.3 84.1  28.5 83.6  28.7 83.3  28.7 82.9  28.6
  82.5  28.6 82.1  28.6 81.6  28.5 81.3  28.4 80.9  28.2 80.5  28.0 80.2  27.7
  79.9  27.5 79.6  27.2 79.3  26.8 79.0  26.5 78.7  26.1 78.4  25.7 78.1  25.3
  77.8  24.9 77.5  24.6 77.2  24.3 77.0  24.0 76.7  23.7 76.5  23.4 76.4  23.2
  76.2  22.9 76.0  22.7 75.9  22.6 75.8  22.5 75.6  22.4 75.5  22.4 75.5  22.4
  75.4  22.4 75.3  22.4 75.2  22.4 75.2  22.4 75.1  22.5 75.1  22.5 75.0  22.5
  75.0  22.6 75.0  22.7 74.9  22.7 74.9  22.8 74.9  22.9 74.9  23.0 74.9  23.0
  74.8  23.1 74.7  23.1 74.6  23.1 74.5  23.1 74.3  23.1 74.2  23.1 73.9  23.0
  73.7  22.8 73.5  22.5 73.2  22.3 72.9  22.0 72.6  21.8 72.3  21.5 72.0  21.2
  71.7  20.7 71.4  20.3 71.0  19.8 70.7  19.3 70.4  18.8 70.1  18.3 69.7  17.8
  69.4  17.3 69.1  16.7 68.8  16.1 68.4  15.6 68.1  15.1 67.6  14.6 67.2  14.0
  66.8  13.3 66.4  12.7 65.9  12.1 65.5  11.3 65.1  10.4 64.7   9.6 64.3   8.7
  64.0   7.9 63.7   7.0 63.5   6.1 63.2   5.2 63.0   4.4 62.7   3.6 62.5   2.8
  62.3   2.1 62.1   1.4 61.8   0.8 61.5   0.2 61.3 359.6 61.0 358.6 60.8 357.5
  60.6 356.3 60.4 355.2 60.3 354.0 60.1 352.8 60.0 351.5 59.9 350.1 59.8 348.7
  59.7 347.2 59.5 345.6 59.4 344.0 59.2 342.2 59.0 340.4 58.8 338.5 58.6 336.6
  58.3 334.6 58.0 332.6 57.7 330.3 57.3 328.2 57.0 326.2 56.4 324.3 55.8 322.6
  55.0 321.2 54.1 319.8 53.0 318.5 51.8 317.3 50.6 316.3 49.3 315.3 47.7 314.2
  46.1 313.1 44.5 312.0 43.0 310.8 41.6 309.6 40.3 308.2 39.2 306.6 38.0 305.2
  36.9 303.7 35.8 302.5 34.7 301.5 33.6 300.3 32.5 299.1 31.8 297.7 31.0 296.2
  30.2 294.6 29.9 292.7 29.6 290.8
  12 25 60  0.0
  72.5 321.4 72.4 320.7 72.2 320.0 72.1 319.2 72.0 318.3 71.9 318.0 71.8 317.7
  71.7 317.3 71.6 316.9 71.5 316.5 71.4 316.1 71.3 315.7 71.2 315.2 71.2 314.7
  71.1 314.2 71.0 313.8 70.8 313.4 70.7 313.0 70.6 312.7 70.4 312.3 70.3 311.9
  70.1 311.6 69.9 311.3 69.8 311.3 69.7 311.4 69.5 311.4 69.4 311.4 69.2 311.3
  69.1 311.2 68.9 311.1 68.7 310.9 68.5 310.8 68.3 310.6 68.1 310.4 67.8 310.2
  67.5 310.1 67.2 310.0 66.8 309.9 66.4 309.7 66.0 309.5 65.7 309.2 65.3 308.8
  64.9 308.4 64.5 307.9 64.1 307.4 63.7 306.9 63.3 306.3 62.8 305.8 62.3 305.2
  61.7 304.6 61.1 304.2 60.4 303.8 59.7 303.4 59.0 303.0 58.2 302.5 57.4 302.1
  56.7 301.4 56.0 300.7 55.2 299.7 54.4 298.9 53.3 298.1 52.1 297.5 50.7 296.9
  49.2 296.3 47.8 295.5 46.3 294.5 44.8 293.6 43.3 292.4 42.0 291.1 40.7 289.8
  39.4 288.6 38.2 287.4 36.8 286.2 35.6 284.8 34.5 283.1 33.6 281.2 32.7 279.4
  32.1 277.4 31.5 275.5 31.3 273.8 31.0 272.1 30.7 270.5 30.9 268.9 31.1 267.5
  31.9 266.1 32.7 264.8 33.5 263.4 34.3 262.1 35.2 260.9 36.1 259.9 37.0 258.9
  38.0 258.1 39.1 257.1 40.1 256.2 41.2 255.3 42.3 254.4 43.4 253.4 44.5 252.5
  45.7 251.4 46.7 250.4 47.8 249.3 48.8 248.3 49.8 247.2 50.6 246.1 51.5 244.8
  52.3 243.6 53.0 242.2 53.7 240.7 54.4 239.2 54.9 237.8 55.3 236.3 55.6 234.9
  55.7 233.5 55.8 232.2 55.9 231.0 55.8 229.8 55.7 228.6 55.6 227.5 55.4 226.4
  55.1 225.3 54.9 224.2 54.6 223.2 54.3 222.2 54.0 221.2 53.7 220.4 53.4 219.6
  53.1 218.8 52.8 218.0 52.5 217.2 52.3 216.5 52.0 215.6 51.7 214.8 51.4 214.3
  51.0 213.9 50.6 213.5 50.3 213.2 49.9 213.0 49.5 213.0 49.1 213.0 48.8 213.0
  48.5 213.0 48.2 213.0 47.9 212.9 47.7 212.6 47.6 212.3 47.4 211.9 47.3 211.6
  47.1 211.3 46.9 211.0 46.8 210.8 46.6 210.5 46.5 210.3 46.4 210.1 46.4 209.8
  46.3 209.6 46.3 209.3 46.4 209.1 46.4 208.8 46.5 208.5 46.5 208.3 46.6 208.1
  46.6 208.0 46.6 207.9 46.8 207.9 47.0 207.9 47.2 208.0 47.4 208.1 47.4 208.2
  47.3 208.4 47.3 208.7 47.3 208.9 47.2 209.1 47.1 209.2 47.0 209.3 46.9 209.3
  46.8 209.3 46.6 209.2 46.4 209.0 46.2 208.8 46.0 208.6 45.8 208.3 45.6 207.6
  45.4 207.0 45.2 206.3 45.0 205.6 44.8 204.9 44.5 204.1 44.3 203.3 44.1 202.5
  43.9 201.7 43.6 200.7 43.4 199.6 43.3 198.5 43.1 197.4 42.9 196.2 42.7 194.9
  42.6 193.6 42.4 192.2 42.2 190.7 42.1 189.1 42.0 187.5 41.9 185.7 41.9 183.9
  42.0 182.0 42.0 180.1 42.1 178.1 42.2 176.1 42.3 174.1 42.5 172.0 42.8 169.9
  43.0 167.9 43.2 165.8 43.4 163.8 43.5 161.8 43.6 159.9 43.7 158.1 43.8 156.4
  43.9 154.6 43.8 153.0 43.8 151.4 43.7 149.7 43.6 148.1 43.5 146.4 43.5 144.7
  43.5 143.0 43.5 141.3 43.5 139.6 43.3 137.9 43.2 136.3 43.1 134.7 42.9 133.1
  42.7 131.4 42.5 129.8 42.4 128.2 42.3 126.7 42.2 125.1 42.2 123.5 42.3 121.9
  42.3 120.2 42.5 118.6 42.6 116.9
  12 26 60  0.0
  72.5 321.4 72.4 322.1 72.3 322.8 72.2 323.4 72.0 324.0 71.9 324.6 71.8 325.1
  71.7 325.6 71.6 326.1 71.5 326.6 71.3 327.0 71.2 327.4 71.1 327.8 71.0 328.2
  71.0 328.5 71.0 328.8 70.9 329.0 70.9 329.1 70.9 329.2 70.9 329.2 70.9 329.2
  70.9 329.0 70.9 328.9 70.9 328.6 70.9 328.3 70.9 327.9 70.8 327.5 70.8 327.0
  70.7 326.4 70.7 325.8 70.7 325.1 70.6 324.4 70.6 323.6 70.5 322.8 70.3 322.0
  70.2 321.1 70.0 320.3 69.9 319.5 69.7 319.6 69.6 319.6 69.4 319.7 69.2 319.6
  69.0 319.6 68.8 319.5 68.6 319.4 68.4 319.2 68.1 319.0 67.9 318.8 67.6 318.9
  67.3 319.0 67.0 318.9 66.7 318.8 66.3 318.6 66.0 318.3 65.6 317.8 65.2 317.3
  64.8 316.7 64.3 316.0 63.8 315.4 63.2 314.6 62.5 313.9 61.7 313.2 60.8 312.5
  59.9 311.8 59.0 310.9 57.9 310.0 56.8 309.0 55.6 308.1 54.4 307.1 52.8 306.2
  51.2 304.9 49.5 303.2 47.9 301.0 46.3 298.9 44.8 296.8 43.3 295.0 42.1 293.3
  40.7 291.6 39.6 289.8 38.5 288.0 37.5 286.0 36.5 284.0 35.9 281.8 35.2 279.7
  34.9 277.4 34.7 275.2 34.7 273.1 34.6 271.0 34.9 269.0 35.3 267.1 35.9 265.3
  36.5 263.6 37.3 262.1 38.2 260.6 39.1 259.3 40.2 258.0 41.3 257.0 42.5 255.9
  43.7 255.1 44.9 254.3 46.0 253.5 47.2 252.8 48.4 252.1 49.6 251.4 50.7 250.6
  51.8 249.9 52.9 249.1 54.0 248.5 55.0 247.7 55.9 247.2 56.6 246.6 57.4 246.1
  58.1 245.5 58.7 245.1 59.4 244.7 60.0 244.3 60.6 244.2 61.2 244.0 61.8 243.9
  62.2 243.7 62.7 243.8 63.1 243.8 63.6 243.9 64.0 243.9 64.4 244.0 65.0 244.2
  65.6 244.5 66.2 244.7 66.9 245.0 67.5 245.4 68.2 245.7 68.9 246.1 69.7 246.4
  70.4 246.8 71.3 247.1 72.1 247.3 73.0 247.4 73.9 247.6 74.8 247.7 75.7 247.8
  76.7 247.8 77.7 247.9 78.6 248.0 79.6 247.7 80.5 247.4 81.6 246.7 82.5 245.8
  83.5 243.7 84.3 240.9 85.3 234.7 85.9 226.2 86.2 215.3 86.5 201.3 86.4 187.1
  86.2 174.1 85.9 162.8 85.6 155.6 85.2 149.2 84.8 143.8 84.4 139.2 83.9 135.2
  83.5 133.5 83.1 131.9 82.7 130.4 82.2 128.9 81.8 127.4 81.5 127.1 81.1 126.7
  80.8 126.3 80.5 125.8 80.2 125.4 79.9 124.9 79.7 125.2 79.5 125.5 79.4 125.7
  79.2 126.0 79.1 126.2 79.0 126.4 78.9 126.5 78.8 126.7 78.8 126.8 78.7 127.0
  78.7 127.0 78.6 127.0 78.6 127.0 78.6 126.9 78.5 126.8 78.5 126.6 78.5 126.4
  78.5 126.1 78.5 125.7 78.5 125.3 78.5 124.9 78.6 124.4 78.6 123.9 78.6 123.3
  78.6 122.8 78.6 122.4 78.5 121.9 78.5 121.4 78.4 121.0 78.3 120.5 78.3 120.1
  78.2 119.7 78.1 119.3 78.0 119.0 77.9 118.6 77.9 118.4 77.8 118.1 77.8 117.8
  77.7 117.6 77.7 117.4 77.7 117.2 77.7 117.0 77.7 116.9 77.7 116.7 77.7 116.6
  77.7 116.5 77.7 116.3 77.8 116.0 77.8 115.6 77.9 115.1 78.0 114.5 78.1 114.2
  78.2 113.9 78.3 113.6 78.4 113.1 78.5 112.6 78.6 112.0 78.7 111.4 78.8 110.8
  78.9 110.2 79.0 109.7 79.1 109.1 79.2 108.7 79.2 108.2 79.3 107.8 79.4 107.4
  79.4 107.1 79.5 106.8 79.5 106.5
  12 27 60  0.0
  72.5 321.4 72.3 321.3 72.2 321.2 72.0 321.2 71.8 321.1 71.6 321.1 71.5 321.1
  71.3 321.2 71.1 321.2 70.9 321.3 70.7 321.4 70.6 321.5 70.4 321.6 70.2 321.8
  70.0 321.9 69.9 322.1 69.7 322.1 69.6 322.2 69.5 322.2 69.3 322.3 69.2 322.4
  69.1 322.5 69.0 322.7 69.0 322.9 68.9 323.1 68.8 323.3 68.7 323.5 68.6 323.8
  68.5 324.2 68.4 324.6 68.3 325.0 68.1 325.4 68.0 325.9 67.8 326.3 67.7 326.8
  67.6 327.3 67.4 327.8 67.3 328.4 67.2 328.9 67.0 329.5 66.9 330.0 66.8 330.5
  66.7 331.1 66.5 331.6 66.4 332.1 66.3 332.6 66.1 333.0 66.0 333.5 65.8 333.7
  65.7 334.0 65.6 334.2 65.4 334.4 65.3 334.6 65.1 334.7 64.9 334.9 64.8 335.1
  64.6 335.2 64.4 335.3 64.3 335.5 64.1 335.6 63.9 335.7 63.7 335.3 63.5 334.8
  63.3 334.3 63.0 333.7 62.7 333.0 62.4 332.3 62.0 331.5 61.5 330.2 61.0 328.9
  60.4 327.6 59.7 326.2 58.9 324.2 58.1 322.1 57.1 320.3 56.1 318.0 55.0 315.9
  54.0 313.6 52.9 311.1 51.7 308.7 50.5 306.1 49.2 303.7 48.0 301.2 46.8 299.1
  45.7 296.9 44.7 294.7 43.6 292.7 42.4 290.9 41.3 289.2 40.1 287.4 38.9 285.7
  37.9 283.7 37.1 281.3 36.3 279.1 35.8 276.8 35.3 274.5 35.0 272.3 34.6 270.1
  35.0 267.9 35.9 265.8 36.9 263.9 38.0 262.2 39.1 260.8 40.3 259.5 41.5 258.5
  42.9 257.6 44.2 256.8 45.7 256.2 47.1 255.6 48.5 255.1 49.9 254.7 51.2 254.3
  52.5 254.0 53.7 253.7 54.9 253.5 56.0 253.3 57.0 253.1 58.0 252.9 59.1 252.7
  60.0 252.6 61.0 252.3 61.9 252.0 62.7 251.8 63.3 251.4 63.9 250.9 64.4 250.6
  65.0 250.0 65.6 249.6 66.2 249.2 66.8 248.7 67.4 248.3 68.0 248.0 68.7 247.4
  69.2 246.8 69.7 246.3 70.3 245.8 70.9 244.9 71.5 244.0 72.2 243.3 72.8 242.2
  73.5 241.3 74.2 240.4 74.9 238.7 75.5 237.0 76.1 235.1 76.6 232.4 77.1 229.7
  77.4 226.9 77.7 224.3 78.0 221.7 78.2 219.3 78.3 216.0 78.4 212.8 78.5 209.7
  78.4 206.7 78.3 203.9 78.1 201.3 77.9 198.8 77.6 197.3 77.3 195.9 77.0 194.6
  76.6 193.4 76.2 192.4 75.9 191.4 75.5 191.0 75.0 190.7 74.7 190.4 74.3 190.0
  73.9 189.7 73.6 189.6 73.3 189.5 73.0 189.5 72.7 189.4 72.4 189.4 72.1 189.4
  71.8 189.4 71.5 189.7 71.2 190.1 70.9 190.5 70.6 190.8 70.3 191.2 70.0 191.6
  69.7 191.9 69.4 192.5 69.2 193.0 69.0 193.6 68.7 194.1 68.5 194.5 68.2 195.0
  68.0 195.4 67.7 196.1 67.6 196.7 67.5 197.3 67.4 197.9 67.3 198.4 67.1 199.0
  66.9 199.5 66.6 200.0 66.6 200.5 66.5 201.0 66.3 201.4 66.2 201.9 66.0 202.3
  65.8 202.7 65.6 203.2 65.4 203.7 65.1 204.3 65.0 204.8 65.0 205.3 64.9 205.8
  64.8 206.2 64.6 206.7 64.5 207.1 64.2 207.4 64.0 207.8 63.7 208.0 63.6 208.3
  63.4 208.5 63.3 208.7 63.1 208.9 62.9 209.1 62.7 209.3 62.5 209.5 62.2 209.7
  62.0 209.9 61.7 210.4 61.4 210.9 61.1 211.4 60.7 211.9 60.3 212.4 60.2 212.8
  60.0 213.1 59.8 213.7 59.5 214.2 59.3 214.6 59.0 214.9 58.7 215.2 58.4 215.4
  58.0 215.6 57.6 216.1 57.5 216.5
  12 28 60  0.0
  72.5 321.4 72.5 320.7 72.5 320.0 72.4 319.3 72.4 318.7 72.3 318.0 72.2 317.4
  72.1 316.9 72.0 316.3 71.9 315.8 71.7 315.6 71.5 315.3 71.2 315.1 71.0 314.9
  70.7 314.7 70.5 314.5 70.2 314.4 69.9 314.3 69.7 314.4 69.5 314.6 69.2 314.7
  69.0 314.9 68.8 315.0 68.5 315.1 68.3 315.2 68.0 315.3 67.8 315.3 67.6 315.4
  67.4 315.4 67.1 315.4 66.9 315.4 66.6 315.3 66.4 315.2 66.1 315.1 65.9 315.0
  65.6 314.9 65.4 314.8 65.1 314.7 64.9 314.6 64.6 314.4 64.4 314.3 64.2 314.2
  64.0 314.0 63.9 313.9 63.7 313.8 63.6 313.7 63.5 313.5 63.4 313.3 63.3 313.1
  63.2 312.8 63.2 312.6 63.1 312.3 63.1 312.0 63.0 311.7 63.0 311.3 63.0 311.0
  63.0 310.6 63.0 310.2 63.0 309.8 63.1 309.3 63.1 308.8 63.2 308.3 63.3 307.8
  63.3 307.4 63.4 307.0 63.4 306.6 63.4 306.3 63.4 306.1 63.4 305.9 63.4 305.7
  63.3 305.6 63.3 305.5 63.2 305.4 63.1 305.4 63.1 305.4 63.0 305.5 63.0 305.5
  63.0 305.6 62.9 305.7 62.9 305.8 62.9 305.9 62.9 306.1 62.9 306.2 62.9 306.4
  62.9 306.6 63.0 306.8 63.0 307.0 63.0 307.2 63.0 307.4 63.0 307.7 63.0 307.9
  63.1 308.2 62.9 308.5 62.8 308.8 62.6 309.2 62.5 309.5 62.3 309.8 62.1 310.2
  61.9 310.5 61.6 310.5 61.2 310.4 60.7 310.4 60.1 310.3 59.4 310.2 58.6 309.5
  57.6 308.9 56.5 307.7 55.6 306.7 54.6 305.3 53.4 304.1 52.2 302.5 51.0 301.1
  49.8 299.2 48.9 296.9 47.8 294.9 47.0 292.9 46.1 291.1 45.4 289.5 44.7 288.0
  43.9 286.7 43.2 285.3 42.5 284.0 41.8 282.7 41.2 281.1 40.6 279.5 40.0 278.0
  39.5 276.5 39.1 274.7 38.9 272.9 38.8 271.1 39.2 269.4 39.5 267.6 40.3 266.0
  41.2 264.6 42.0 263.2 43.2 262.2 44.4 261.3 45.6 260.6 46.8 259.9 48.1 259.4
  49.4 258.9 50.7 258.4 52.0 258.1 53.2 257.8 54.4 257.7 55.6 257.8 56.8 257.8
  58.0 258.1 59.2 258.4 60.3 258.9 61.4 259.4 62.4 259.9 63.4 260.4 64.4 260.9
  65.3 261.2 66.2 261.5 67.1 261.7 68.0 261.9 68.8 262.2 69.6 262.2 70.3 262.3
  71.1 262.3 71.7 262.3 72.4 262.4 73.1 262.4 73.7 262.5 74.3 262.7 75.0 262.6
  75.6 262.5 76.2 262.6 76.8 262.1 77.5 261.7 78.1 261.5 78.8 260.5 79.5 259.5
  80.1 258.5 80.9 256.7 81.6 254.7 82.2 252.6 83.0 249.6 83.7 246.1 84.4 242.3
  85.1 235.9 85.6 228.1 85.9 218.8 86.1 209.0 86.1 197.8 85.8 187.8 85.5 180.5
  85.2 174.7 84.8 170.0 84.3 166.3 83.7 163.4 83.2 162.4 82.7 161.5 82.2 160.5
  81.6 159.5 81.2 159.2 80.7 158.8 80.2 158.4 79.7 157.9 79.3 158.0 78.9 158.1
  78.4 158.2 77.9 158.3 77.5 159.0 77.0 159.7 76.6 160.4 76.1 161.2 75.6 161.9
  75.2 162.9 74.8 164.0 74.3 165.0 73.8 166.1 73.4 167.3 72.9 168.4 72.3 169.6
  71.7 170.7 71.1 171.8 70.5 172.9 69.9 173.9 69.2 175.0 68.6 176.1 67.8 177.1
  67.2 178.3 66.5 179.5 65.9 180.8 65.2 182.0 64.5 183.1 63.7 184.3 62.9 185.1
  62.1 186.0 61.4 186.9 60.7 187.8 60.1 188.7 59.4 189.6 58.7 190.4 58.1 191.3
  57.4 192.1 56.7 192.8 56.1 193.5
  12 29 60  0.0
  72.5 321.4 72.4 320.8 72.3 320.2 72.2 319.6 72.2 319.0 72.1 318.4 72.1 317.8
  72.1 317.3 72.0 316.7 72.0 316.1 72.0 315.8 71.9 315.4 71.9 315.1 71.8 314.7
  71.8 314.4 71.7 314.1 71.7 313.7 71.6 313.4 71.5 313.1 71.5 312.8 71.4 312.5
  71.4 312.1 71.3 311.8 71.2 311.5 71.0 311.2 70.8 310.9 70.5 310.6 70.3 310.3
  70.0 310.1 69.7 309.9 69.5 310.0 69.2 310.1 68.9 310.2 68.6 310.3 68.3 310.4
  68.0 310.5 67.7 310.7 67.5 311.0 67.2 311.4 66.9 311.7 66.7 312.0 66.4 312.3
  66.2 312.5 66.1 312.8 65.9 313.0 65.7 313.3 65.5 313.6 65.3 313.9 65.1 314.2
  64.9 314.4 64.7 314.6 64.5 314.8 64.3 314.9 64.1 315.0 63.9 315.1 63.7 315.4
  63.4 315.6 63.2 315.9 63.0 316.0 62.8 316.2 62.6 316.3 62.5 316.3 62.3 316.4
  62.2 316.4 62.1 316.4 62.0 316.3 61.9 316.2 61.8 316.0 61.7 315.9 61.6 315.7
  61.5 315.4 61.4 315.2 61.4 315.0 61.4 314.7 61.3 314.4 61.3 314.0 61.3 313.7
  61.4 313.3 61.4 312.9 61.4 312.5 61.4 312.1 61.5 311.6 61.6 311.0 61.6 310.5
  61.8 309.9 61.9 309.2 62.0 308.5 62.1 307.8 62.1 307.5 62.2 307.2 62.2 306.9
  62.3 306.6 62.3 306.5 62.3 306.3 62.3 306.2 62.3 306.2 62.3 306.1 62.3 306.2
  62.3 306.2 62.3 306.3 62.3 306.4 62.3 306.5 62.3 306.6 62.3 306.7 62.3 306.9
  62.3 307.0 62.3 307.2 62.3 307.4 62.3 307.6 62.3 307.7 62.3 307.9 62.4 308.2
  62.3 308.4 62.2 308.6 62.0 308.9 61.9 309.2 61.8 309.2 61.6 309.2 61.4 309.3
  61.2 309.4 61.0 309.5 60.7 309.6 60.4 309.7 60.0 309.8 59.4 309.0 58.8 308.4
  58.0 307.9 57.5 307.5 56.9 306.2 56.1 305.2 55.2 304.3 54.2 303.1 53.3 301.9
  52.4 300.5 51.4 299.1 50.7 297.3 49.9 295.8 49.3 293.8 48.8 292.1 48.1 290.6
  47.6 289.2 47.2 287.9 46.7 286.7 46.2 285.6 45.7 284.6 45.1 283.6 44.6 282.6
  44.1 281.6 43.6 280.7 43.2 279.5 42.8 278.4 42.4 277.3 42.0 276.2 41.6 274.8
  41.5 273.4 41.5 272.1 41.4 270.7 41.7 269.3 42.0 267.9 42.8 266.5 43.6 265.5
  44.4 264.5 45.2 263.8 46.4 263.1 47.5 262.5 48.6 261.9 49.6 261.4 50.7 260.9
  51.7 260.5 52.7 260.2 53.7 260.0 54.6 259.9 55.8 259.9 57.0 259.9 58.1 260.1
  59.0 260.7 60.0 261.2 60.9 261.8 61.9 262.5 62.8 263.3 63.8 264.0 64.6 264.9
  65.5 265.5 66.3 266.2 67.1 266.8 67.8 267.4 68.5 268.1 69.1 268.7 69.6 269.4
  70.1 270.2 70.6 271.0 71.1 271.9 71.6 273.0 71.9 274.1 72.2 275.3 72.6 276.4
  72.8 277.5 73.0 278.6 73.2 279.6 73.5 280.6 73.6 281.4 73.8 282.2 74.0 282.9
  74.2 283.5 74.4 284.0 74.7 284.5 74.9 284.9 75.1 285.3 75.3 285.6 75.5 285.9
  75.7 286.2 75.9 286.4 76.1 286.7 76.4 287.1 76.7 287.6 77.0 288.0 77.2 288.5
  77.4 288.9 77.6 289.3 77.8 289.6 78.0 289.9 78.3 290.8 78.6 291.6 78.9 292.2
  79.1 292.8 79.4 293.3 79.7 293.7 80.0 294.0 80.4 294.7 80.8 295.3 81.2 295.7
  81.7 295.8 82.1 295.6 82.7 295.8 83.4 295.7 84.0 295.3 84.6 294.6 85.5 295.8
  86.2 297.1 87.3 302.9 88.0 312.9
  12 30 60  0.0
  72.5 321.4 72.2 321.5 71.9 321.6 71.7 322.2 71.4 322.8 71.3 323.4 71.1 324.0
  71.0 324.6 70.9 325.2 70.8 325.8 70.7 326.4 70.7 327.0 70.7 327.7 70.7 328.3
  70.7 328.9 70.6 329.4 70.6 329.7 70.5 330.0 70.5 330.2 70.4 330.3 70.3 330.2
  70.2 330.0 70.1 329.8 69.9 329.4 69.8 329.3 69.7 329.1 69.5 329.0 69.4 328.8
  69.3 328.6 69.2 328.5 69.2 328.4 69.1 328.2 69.1 328.1 69.1 327.9 69.1 327.8
  69.1 327.6 69.2 327.5 69.2 327.4 69.3 327.2 69.4 327.1 69.4 327.1 69.5 327.1
  69.5 327.1 69.6 327.1 69.6 327.2 69.7 327.3 69.7 327.4 69.8 327.6 69.8 327.8
  69.9 328.1 69.9 328.3 70.0 328.6 70.0 328.9 70.0 329.2 70.1 329.0 70.1 328.8
  70.1 328.5 70.1 328.2 70.2 327.9 70.1 327.6 70.1 327.2 70.0 326.8 70.0 326.5
  69.9 326.7 69.9 326.9 69.8 327.1 69.7 327.3 69.7 327.5 69.6 327.6 69.5 327.8
  69.4 327.9 69.3 328.1 69.3 328.2 69.2 328.3 69.2 328.5 69.1 328.6 69.1 328.7
  69.0 328.8 68.9 328.9 68.8 329.0 68.8 329.2 68.7 329.3 68.6 329.4 68.5 329.5
  68.4 329.6 68.3 329.7 68.2 329.8 68.1 329.9 68.0 330.1 67.9 330.2 67.8 330.4
  67.7 330.6 67.5 330.8 67.4 331.1 67.3 331.3 67.1 331.7 67.0 332.0 66.8 332.3
  66.7 332.7 66.6 333.1 66.4 333.5 66.3 333.9 66.2 334.3 66.0 334.7 65.9 335.0
  65.7 335.1 65.5 335.2 65.4 335.2 65.1 335.2 64.9 335.1 64.7 335.0 64.4 335.0
  64.2 335.0 63.9 335.0 63.7 334.7 63.4 334.4 63.1 334.1 62.8 333.8 62.5 333.6
  62.2 333.4 61.8 333.3 61.4 332.5 61.1 331.8 60.7 331.1 60.4 330.4 60.0 329.8
  59.7 329.1 59.3 327.3 58.9 325.6 58.6 323.8 58.1 322.1 57.7 320.4 57.1 318.1
  56.5 316.0 55.8 314.1 55.1 312.1 54.3 310.2 53.6 308.5 52.8 306.6 52.1 304.8
  51.3 303.2 50.5 301.3 49.5 299.6 48.6 297.8 47.4 296.3 46.0 294.8 45.0 293.4
  43.9 291.8 43.1 290.0 42.3 288.3 41.3 286.6 40.6 284.7 39.8 282.8 39.3 280.7
  38.7 278.6 38.7 276.6 38.7 274.8 39.5 272.9 40.2 271.1 41.2 269.7 42.2 268.3
  43.2 267.3 44.3 266.4 45.4 265.7 46.5 265.0 47.5 264.6 48.5 264.1 49.5 263.9
  50.5 263.7 51.4 263.5 52.2 263.3 53.1 263.3 53.8 263.3 54.6 263.3 55.4 263.5
  56.2 263.7 57.0 264.0 57.7 264.3 58.4 264.7 59.1 265.0 59.8 265.4 60.4 265.8
  61.1 266.0 61.7 266.3 62.3 266.5 62.9 266.5 63.5 266.6 64.1 266.7 64.7 266.5
  65.2 266.5 65.8 266.4 66.4 266.4 67.0 266.1 67.6 265.9 68.2 265.7 68.8 265.1
  69.3 264.6 69.9 264.2 70.4 263.7 71.0 263.1 71.5 262.5 72.0 261.9 72.6 261.2
  73.1 260.4 73.7 259.6 74.2 258.6 74.9 257.3 75.5 256.0 76.1 254.6 76.8 252.9
  77.5 251.2 78.1 249.3 78.8 247.2 79.5 244.7 80.0 241.7 80.6 237.6 81.1 232.7
  81.4 226.9 81.6 220.8 81.7 214.4 81.7 208.2 81.7 202.3 81.5 197.0 81.2 192.4
  80.9 188.4 80.5 185.0 80.0 182.2 79.5 180.4 78.9 178.9 78.2 177.7 77.5 176.8
  76.8 176.2 76.1 175.7 75.3 175.2 74.6 175.0 73.9 174.8 73.2 174.9 72.6 175.0
  72.0 175.1 71.4 175.5 70.9 175.8
  12 31 60  0.0
  72.5 321.4 72.3 321.8 72.0 322.1 71.8 322.3 71.6 322.7 71.3 323.1 71.1 323.4
  70.8 323.7 70.6 324.0 70.3 324.2 70.1 324.5 69.9 324.7 69.6 325.3 69.4 325.9
  69.2 326.6 69.1 327.4 68.9 328.2 68.7 329.1 68.6 330.2 68.4 331.2 68.3 332.3
  68.1 333.5 68.0 334.7 67.8 336.1 67.6 337.5 67.3 338.9 67.0 340.2 66.7 341.4
  66.4 342.5 66.1 343.5 65.8 344.4 65.5 345.0 65.1 345.4 64.7 345.7 64.3 345.9
  64.0 346.0 63.6 345.6 63.3 345.1 63.0 344.7 62.6 344.4 62.3 344.1 62.1 343.9
  61.8 343.7 61.5 343.3 61.3 343.0 61.2 342.7 61.1 342.5 61.0 342.3 60.9 342.2
  60.9 342.2 60.9 342.1 61.0 342.0 61.0 341.9 61.0 341.8 61.1 341.7 61.2 341.6
  61.2 341.4 61.3 341.3 61.4 341.1 61.6 340.9 61.7 340.7 61.8 340.5 61.9 340.3
  62.1 340.1 62.2 340.1 62.4 340.1 62.5 340.2 62.7 340.3 62.9 340.4 63.0 340.6
  63.2 340.9 63.4 341.2 63.5 341.5 63.7 341.9 63.9 342.3 64.1 342.8 64.3 343.5
  64.5 344.2 64.6 344.9 64.7 345.6 64.8 346.3 64.9 347.0 65.1 347.7 65.3 348.3
  65.3 348.9 65.4 349.5 65.5 350.0 65.5 350.5 65.6 351.1 65.7 351.6 65.7 352.0
  65.6 352.5 65.4 353.0 65.2 353.5 65.1 354.0 64.9 354.4 64.6 354.9 64.4 355.3
  64.1 355.8 63.9 356.2 63.4 356.5 62.9 356.7 62.3 357.0 61.7 357.2 61.0 357.0
  60.2 356.8 59.3 356.7 58.4 355.7 57.9 354.7 57.4 353.6 56.9 352.5 56.3 351.4
  56.0 350.3 55.6 348.9 55.1 347.4 54.8 346.0 54.4 344.7 54.0 343.3 53.8 341.6
  53.6 339.8 53.8 338.1 54.0 336.4 54.1 334.7 54.2 333.6 54.2 332.4 54.1 331.2
  53.9 330.0 53.6 328.5 53.3 326.9 53.0 325.4 52.7 323.9 52.6 322.4 52.5 320.9
  52.4 319.4 52.3 317.9 52.1 316.4 51.8 314.9 51.6 313.2 51.3 311.5 51.1 310.0
  50.9 308.4 50.7 307.0 50.7 305.6 50.7 304.2 50.7 302.9 51.0 301.7 51.3 300.5
  51.5 299.4 51.8 298.3 52.0 297.3 52.2 296.3 52.3 295.8 52.5 295.3 52.7 294.9
  52.9 294.5 53.1 294.1 53.3 293.8 53.4 293.5 53.6 293.2 53.7 292.9 53.9 292.6
  53.9 292.3 54.0 292.1 54.1 291.9 54.3 291.8 54.5 291.6 54.7 291.5 54.8 291.4
  55.0 291.3 55.2 291.2 55.4 291.1 55.6 291.0 55.9 290.9 56.1 290.8 56.4 290.9
  56.7 290.9 57.0 291.0 57.4 291.1 57.7 291.2 58.0 291.3 58.4 291.5 58.8 291.8
  59.2 292.1 59.3 292.4 59.4 292.9 59.4 293.4 59.4 293.9 59.3 294.6 59.2 295.3
  59.1 296.0 58.5 296.9 57.9 297.7 57.1 298.2 56.3 298.8 55.4 299.2 54.4 298.9
  53.4 298.6 52.2 297.8 51.0 297.1 49.6 296.1 48.1 294.9 46.6 294.0 45.0 292.8
  43.4 291.5 42.3 289.7 41.0 288.0 40.1 286.2 39.0 284.6 37.9 282.9 37.3 281.0
  36.5 279.3 36.3 277.5 36.0 275.7 36.2 273.8 36.3 272.0 36.5 270.4 37.1 268.8
  37.8 267.2 38.6 265.6 39.3 264.3 40.1 263.0 41.1 261.9 42.0 260.9 43.0 260.1
  44.0 259.3 45.2 258.5 46.3 257.6 47.4 256.7 48.3 255.7 49.5 254.8 50.6 254.0
  51.8 253.1 52.9 252.3 54.0 251.6 55.0 250.9 55.9 250.4 56.8 249.8 57.6 249.3
  58.4 248.8 59.1 248.4 59.8 248.1
