   7  1 88  0.0
  72.5 321.4 72.5 320.8 72.5 320.3 72.5 319.7 72.5 319.2 72.4 318.7 72.4 318.1
  72.3 317.6 72.3 317.1 72.2 316.6 72.1 316.0 72.1 315.5 71.9 315.0 71.8 314.6
  71.6 314.3 71.5 314.0 71.4 313.7 71.3 313.4 71.2 313.1 71.1 312.8 71.1 312.5
  71.0 312.2 71.0 311.9 70.9 311.7 70.8 311.4 70.7 311.2 70.6 310.9 70.6 310.7
  70.5 310.5 70.5 310.2 70.5 310.0 70.5 309.8 70.6 309.5 70.6 309.3 70.7 309.1
  70.7 308.8 70.8 308.6 70.9 308.4 71.0 308.2 71.1 308.0 71.2 307.9 71.3 307.8
  71.4 307.7 71.5 307.7 71.6 307.7 71.7 307.8 71.8 307.9 72.0 308.0 72.1 308.2
  72.2 308.1 72.3 307.9 72.4 307.7 72.6 307.5 72.7 307.2 72.9 307.0 73.1 306.8
  73.3 306.5 73.5 306.2 73.7 306.0 73.9 305.7 74.1 305.4 74.3 304.8 74.6 304.1
  74.8 303.5 75.0 302.8 75.2 302.0 75.3 301.3 75.5 300.5 75.6 299.6 75.7 298.8
  75.8 297.9 75.9 296.9 76.0 296.0 76.1 295.0 76.2 293.7 76.4 292.3 76.5 290.9
  76.6 289.4 76.6 287.8 76.7 286.2 76.7 284.5 76.8 282.7 76.8 280.9 76.7 279.0
  76.8 277.0 76.7 274.9 76.7 272.8 76.7 270.6 76.7 268.4 76.6 266.3 76.5 264.1
  76.5 261.9 76.4 259.7 76.3 257.5 76.2 255.3 76.0 253.1 75.9 250.9 75.7 249.1
  75.6 247.3 75.5 245.6 75.3 243.9 75.2 242.2 75.0 240.5 74.9 238.7 74.7 237.0
  74.5 235.3 74.3 233.5 74.1 231.8 73.9 230.1 73.7 228.9 73.5 227.6 73.3 226.4
  73.1 225.1 72.9 223.8 72.7 222.5 72.6 221.1 72.4 219.7 72.2 218.3 72.0 216.8
  71.8 215.7 71.6 214.5 71.3 213.2 71.1 211.9 70.8 210.5 70.5 209.1 70.3 207.6
  70.0 206.1 69.7 204.9 69.4 203.5 69.1 202.2 68.8 200.8 68.5 199.3 68.2 197.9
  67.8 196.5 67.5 195.3 67.1 194.1 66.8 192.9 66.5 191.6 66.2 190.4 65.9 189.1
  65.6 188.0 65.3 187.0 65.0 185.9 64.8 184.8 64.5 183.8 64.2 182.8 63.9 181.8
  63.7 181.0 63.4 180.4 63.2 179.7 63.0 179.1 62.8 178.5 62.6 178.0 62.4 177.4
  62.2 176.9 61.9 176.5 61.7 176.1 61.5 175.8 61.4 175.5 61.3 175.2 61.2 174.9
  61.1 174.6 61.1 174.3 61.0 174.0 60.9 173.7 60.8 173.5 60.8 173.2 60.7 173.0
  60.7 172.8 60.6 172.5 60.6 172.3 60.6 172.1 60.6 171.9 60.5 171.6 60.5 171.4
  60.6 171.2 60.6 170.9 60.6 170.7 60.6 170.5 60.7 170.3 60.7 170.0 60.8 169.8
  60.8 169.6 60.9 169.4 61.0 169.2 61.0 169.1 61.1 168.9 61.2 168.8 61.3 168.6
  61.5 168.5 61.6 168.4 61.7 168.3 61.9 168.3 62.0 168.2 62.2 168.1 62.4 167.9
  62.4 167.8 62.5 167.7 62.6 167.6 62.7 167.5 62.8 167.4 62.9 167.2 63.0 167.1
  63.1 167.1 63.2 167.0 63.3 166.9 63.4 166.8 63.5 166.8 63.7 166.7 63.8 166.7
  63.9 166.7 64.0 166.8 64.1 166.8 64.2 166.7 64.3 166.6 64.5 166.5 64.6 166.5
  64.7 166.5 64.8 166.5 65.0 166.5 65.1 166.5 65.2 166.5 65.4 166.6 65.5 166.7
  65.7 166.7 65.9 166.8 66.0 166.9 66.2 166.7 66.4 166.5 66.7 166.3 66.9 166.1
  67.1 166.0 67.3 165.9 67.4 165.9 67.6 165.9 67.8 165.9 68.0 166.0 68.2 166.1
  68.4 165.9 68.5 165.8 68.7 165.8
   7  2 88  0.0
  72.5 321.4 72.7 321.3 72.9 321.1 73.1 320.9 73.3 320.7 73.5 320.4 73.6 320.1
  73.8 319.8 73.9 319.4 73.9 319.1 74.0 318.7 74.1 318.2 74.1 317.7 74.2 317.2
  74.3 316.8 74.3 316.3 74.4 315.9 74.3 315.5 74.3 315.1 74.3 314.7 74.2 314.3
  74.2 314.0 74.1 313.6 74.0 313.3 74.0 313.0 73.9 312.6 73.8 312.2 73.8 311.8
  73.6 311.4 73.5 311.0 73.3 310.5 73.2 310.1 73.0 309.7 72.8 309.3 72.7 308.9
  72.5 308.5 72.3 308.0 72.1 307.6 71.8 307.2 71.6 306.7 71.5 306.3 71.3 305.9
  71.1 305.5 70.9 305.0 70.8 304.6 70.7 304.2 70.5 303.8 70.4 303.3 70.3 302.9
  70.2 302.4 70.1 301.9 70.1 301.4 70.0 300.8 70.0 300.3 70.0 299.6 70.0 299.0
  69.9 298.3 69.9 297.7 69.9 297.0 69.9 296.3 69.9 295.6 69.8 294.9 69.8 294.3
  69.8 293.7 69.8 293.1 69.8 292.5 69.8 292.0 69.8 291.5 69.8 291.0 69.8 290.6
  69.9 290.2 69.9 289.9 69.9 289.6 70.0 289.3 70.0 289.1 70.1 288.7 70.2 288.4
  70.2 288.0 70.3 287.7 70.4 287.4 70.4 287.1 70.5 286.9 70.5 286.7 70.6 286.5
  70.6 286.4 70.7 286.3 70.8 286.1 70.9 286.0 71.0 285.8 71.1 285.7 71.2 285.5
  71.2 285.3 71.3 285.1 71.5 284.9 71.6 284.6 71.7 284.4 71.8 284.1 71.9 283.8
  72.0 283.5 72.1 283.2 72.2 282.6 72.2 282.0 72.3 281.4 72.4 280.8 72.4 280.1
  72.5 279.4 72.6 278.7 72.6 278.0 72.7 277.2 72.8 276.5 72.8 275.7 72.9 274.9
  72.9 274.1 72.9 273.3 73.0 272.4 73.0 271.6 73.0 270.8 73.0 269.9 73.0 269.0
  73.0 268.2 73.1 267.2 73.0 266.3 73.0 265.4 73.0 264.4 73.0 263.5 73.0 262.5
  73.0 261.6 72.9 260.6 72.9 259.6 72.8 258.6 72.8 257.7 72.7 256.7 72.7 255.7
  72.6 254.7 72.5 253.7 72.4 252.7 72.4 251.8 72.3 250.8 72.2 249.9 72.1 249.0
  72.0 248.2 71.9 247.3 71.8 246.8 71.7 246.3 71.6 245.9 71.5 245.4 71.3 245.0
  71.2 244.6 71.2 244.2 71.1 243.9 71.0 243.6 70.8 243.3 70.7 243.0 70.7 242.7
  70.6 242.5 70.5 242.3 70.4 242.1 70.3 241.9 70.3 241.7 70.2 241.6 70.2 241.4
  70.1 241.3 70.1 241.2 70.0 241.1 70.0 241.0 70.0 241.1 69.9 241.2 69.9 241.3
  69.9 241.4 69.8 241.5 69.8 241.7 69.8 241.8 69.7 242.0 69.7 242.2 69.7 242.5
  69.6 242.7 69.6 243.0 69.5 243.2 69.4 243.5 69.4 243.8 69.3 244.1 69.2 244.4
  69.2 244.7 69.1 245.1 69.1 245.4 69.0 245.6 68.9 245.9 68.8 246.2 68.7 246.4
  68.6 246.7 68.5 246.9 68.3 247.1 68.2 247.3 68.0 247.5 67.9 247.6 67.7 247.7
  67.5 247.8 67.4 247.9 67.2 247.9 67.0 247.9 66.8 248.0 66.6 248.0 66.4 247.9
  66.2 247.9 66.0 247.8 65.8 247.8 65.6 247.8 65.4 247.7 65.2 247.7 65.0 247.6
  64.8 247.5 64.6 247.3 64.4 247.2 64.2 247.0 64.0 246.9 63.8 246.7 63.5 246.6
  63.3 246.5 63.1 246.4 62.9 246.2 62.7 246.1 62.6 245.9 62.4 245.8 62.3 245.6
  62.1 245.4 62.0 245.2 61.9 245.0 61.8 244.8 61.7 244.7 61.6 244.5 61.6 244.3
  61.6 244.2 61.5 244.0 61.5 243.8 61.4 243.7 61.4 243.5 61.3 243.3 61.3 243.1
  61.3 243.0 61.3 242.8 61.3 242.6
   7  3 88  0.0
  72.5 321.4 72.6 321.5 72.6 321.7 72.7 321.8 72.8 322.0 72.9 322.2 73.0 322.4
  73.0 322.6 73.1 322.9 73.2 323.2 73.3 323.5 73.4 323.8 73.4 324.1 73.7 324.5
  73.9 324.8 74.1 325.1 74.4 325.0 74.7 324.9 75.0 324.8 75.3 324.6 75.6 324.4
  75.9 324.2 76.2 323.9 76.5 323.7 76.8 323.5 77.1 323.3 77.4 323.0 77.7 322.6
  78.0 322.2 78.4 322.2 78.8 322.1 79.2 322.0 79.6 321.7 80.0 321.4 80.4 320.9
  80.9 321.0 81.5 321.0 81.9 321.0 82.4 320.9 83.0 321.3 83.5 321.7 84.0 322.1
  84.4 322.5 85.0 323.3 85.5 324.3 85.9 325.5 86.3 326.9 86.9 328.8 87.4 331.2
  87.8 334.7 88.1 339.9 88.5 348.3 88.8   1.9 89.1   2.3 89.3   2.6 89.5   3.0
  89.6   3.3 89.7   3.7 89.8   4.1 89.8   4.5 89.8   4.8 89.8   5.2 89.8   5.6
  89.8   6.0 89.7   6.3 89.7   6.7 89.7   7.0 89.6   7.3 89.6   7.7 89.6   8.0
  89.5   8.3 89.5   8.6 89.4   8.9 89.4   9.1 89.4   9.4 89.4   9.7 89.4   9.9
  89.4  10.1 89.4  10.3 89.4  10.4 89.5  10.6 89.5  10.7 89.5  10.8 89.5  10.9
  89.6  10.9 89.6  11.0 89.6  11.0 89.6  11.0 89.6  11.0 89.6  11.0 89.6  11.0
  89.6  10.9 89.6  10.8 89.6  10.8 89.6  10.7 89.6  10.5 89.6  10.4 89.6  10.3
  89.6  10.1 89.7   9.9 89.7   9.7 89.7   9.5 89.8   9.3 89.8   9.1 89.9   8.9
  89.9   8.6 90.0   8.4 90.0 188.1 89.3 155.6 89.1 139.9 89.0 132.1 88.8 128.3
  88.6 126.5 88.5 125.7 88.2 125.5 88.0 125.7 87.7 126.0 87.5 126.5 87.2 127.1
  86.9 127.7 86.5 128.3 86.1 128.9 85.6 129.2 85.3 126.3 85.0 123.6 84.6 121.2
  84.2 119.0 83.8 116.9 83.5 113.4 83.1 110.2 82.8 107.2 82.4 104.5 82.0 102.1
  81.6  98.9 81.4  96.0 81.1  93.2 80.8  90.6 80.6  88.1 80.3  85.7 80.0  83.3
  79.7  81.0 79.4  78.2 79.1  77.7 78.8  77.2 78.4  76.7 77.9  76.1 77.6  75.4
  77.3  74.8 77.0  74.1 76.7  73.5 76.4  72.8 76.2  72.2 76.1  71.5 75.9  70.9
  75.8  70.4 75.7  69.9 75.6  69.4 75.5  68.9 75.5  68.4 75.5  68.0 75.4  67.6
  75.3  67.1 75.3  66.7 75.3  66.3 75.2  66.0 75.2  65.6 75.2  65.2 75.2  64.9
  75.2  64.6 75.3  64.3 75.3  64.0 75.2  63.7 75.2  63.4 75.2  63.1 75.1  62.8
  75.1  62.5 75.1  62.2 75.1  61.9 75.2  61.7 75.2  61.4 75.2  61.2 75.3  60.9
  75.3  60.7 75.3  60.5 75.3  60.2 75.3  60.0 75.3  59.8 75.3  59.5 75.3  59.3
  75.2  59.1 75.2  58.8 75.1  58.6 75.1  58.3 75.0  58.1 74.9  57.8 74.9  57.6
  74.8  57.4 74.7  57.2 74.6  56.9 74.5  56.7 74.4  56.5 74.3  56.4 74.2  56.2
  74.1  56.0 74.0  55.8 73.8  55.8 73.7  55.7 73.6  55.7 73.5  55.7 73.4  55.7
  73.4  55.7 73.3  55.7 73.2  55.8 73.1  55.8 73.1  55.9 73.0  55.9 73.0  56.0
  73.0  56.1 73.0  56.2 73.0  56.3 73.0  56.5 73.0  56.6 73.1  56.7 73.1  56.8
  73.2  56.9 73.2  57.0 73.2  57.2 73.3  57.3 73.4  57.4 73.4  57.5 73.5  57.7
  73.6  57.8 73.6  58.0 73.7  58.1 73.8  58.2 73.9  58.4 74.0  58.5 74.1  58.6
  74.2  58.6 74.4  58.7 74.5  58.7
   7  4 88  0.0
  72.5 321.4 72.4 321.2 72.3 321.0 72.2 320.8 72.1 320.7 72.1 320.6 72.0 320.4
  71.9 320.4 71.9 320.4 71.9 320.5 71.8 320.6 71.8 320.7 71.8 320.8 71.7 320.9
  71.7 321.0 71.7 321.1 71.7 321.3 71.7 321.4 71.7 321.6 71.8 321.8 71.8 322.0
  71.8 322.2 71.9 322.4 71.9 322.6 72.0 322.8 72.0 323.1 72.1 323.2 72.2 323.3
  72.2 323.5 72.3 323.7 72.4 323.9 72.5 324.1 72.7 324.3 72.8 324.6 73.0 324.8
  73.2 325.1 73.4 325.4 73.7 325.8 73.9 326.0 74.1 326.3 74.4 326.2 74.7 326.1
  75.0 326.0 75.3 325.8 75.6 325.6 75.9 325.3 76.2 325.0 76.6 324.8 77.0 324.6
  77.3 324.4 77.7 324.1 78.1 323.8 78.4 323.8 78.8 323.8 79.2 323.7 79.6 323.5
  80.0 323.2 80.4 322.8 80.9 323.0 81.4 323.2 81.9 323.3 82.4 323.4 83.0 324.0
  83.5 324.5 84.0 325.1 84.4 325.7 85.0 326.9 85.5 328.3 85.9 330.1 86.3 332.2
  86.9 334.8 87.4 338.3 87.7 343.1 88.1 349.7 88.4 359.6 88.7  14.1 88.8  14.5
  89.0  14.9 89.1  15.3 89.2  15.7 89.3  16.1 89.3  16.5 89.4  16.9 89.4  17.3
  89.3  17.7 89.3  18.1 89.3  18.5 89.3  19.0 89.3  19.4 89.2  19.8 89.2  20.1
  89.2  20.5 89.2  20.9 89.1  21.3 89.1  21.6 89.1  22.0 89.1  22.4 89.1  22.7
  89.1  23.0 89.1  23.4 89.1  23.6 89.1  23.9 89.1  24.2 89.1  24.4 89.1  24.6
  89.1  24.8 89.2  25.0 89.2  25.2 89.2  25.3 89.2  25.4 89.3  25.5 89.3  25.6
  89.3  25.7 89.3  25.8 89.4  25.8 89.4  25.9 89.4  25.9 89.4  25.9 89.5  25.9
  89.5  25.9 89.5  25.8 89.5  25.8 89.6  25.7 89.6  25.7 89.6  25.6 89.7  25.5
  89.7  25.4 89.8  25.3 89.8  25.2 89.8  25.1 89.9  24.9 89.9  24.8 90.0  24.6
  90.0 204.4 89.3 171.4 89.0 154.4 88.7 145.0 88.5 139.6 88.2 136.4 87.9 134.5
  87.6 133.3 87.4 132.7 87.1 132.3 86.7 132.3 86.3 132.4 85.8 132.6 85.5 129.4
  85.2 126.6 84.8 124.0 84.4 121.6 84.1 119.4 83.6 117.3 83.3 113.9 82.9 110.8
  82.6 107.9 82.2 105.2 81.7 102.8 81.3  99.7 81.1  96.8 80.8  94.0 80.5  91.5
  80.2  89.0 79.9  86.7 79.7  83.7 79.4  80.8 79.1  78.1 78.8  77.6 78.4  77.1
  78.0  76.5 77.6  75.9 77.3  75.2 76.9  74.5 76.7  73.9 76.4  73.2 76.2  72.6
  75.9  71.9 75.8  71.3 75.6  70.8 75.5  70.3 75.4  69.8 75.4  69.3 75.3  68.8
  75.3  68.3 75.3  67.9 75.2  67.4 75.2  67.0 75.1  66.6 75.1  66.2 75.1  65.8
  75.1  65.5 75.1  65.1 75.1  64.8 75.1  64.4 75.1  64.1 75.2  63.8 75.1  63.5
  75.1  63.2 75.1  62.9 75.1  62.6 75.0  62.3 75.0  62.1 75.1  61.8 75.1  61.5
  75.1  61.3 75.1  61.0 75.2  60.8 75.2  60.6 75.2  60.3 75.3  60.1 75.3  59.8
  75.2  59.6 75.2  59.4 75.2  59.1 75.1  58.9 75.1  58.7 75.0  58.4 75.0  58.2
  74.9  57.9 74.9  57.7 74.8  57.4 74.7  57.2 74.6  57.0 74.5  56.8 74.4  56.6
  74.4  56.4 74.3  56.2 74.2  56.0 74.0  55.8 73.9  55.6 73.8  55.6 73.7  55.5
  73.6  55.5 73.5  55.5 73.4  55.5 73.3  55.5 73.2  55.5 73.2  55.5 73.1  55.6
  73.0  55.6 73.0  55.7 72.9  55.8
   7  5 88  0.0
  72.5 321.4 72.3 320.6 72.1 319.9 71.8 319.2 71.5 318.6 71.1 318.0 70.8 317.5
  70.4 317.0 70.0 316.5 69.7 316.0 69.3 315.5 68.8 315.0 68.3 314.6 67.8 314.2
  67.3 313.7 66.8 313.4 66.3 313.1 65.8 312.8 65.3 312.5 64.8 312.1 64.4 311.8
  63.8 311.5 63.2 311.1 62.7 310.7 62.2 310.3 61.6 309.9 61.1 309.5 60.6 309.3
  60.1 309.0 59.6 308.8 59.0 308.7 58.5 308.6 58.0 308.5 57.5 308.4 57.0 308.2
  56.4 308.1 55.9 308.0 55.3 307.8 54.7 307.6 54.1 307.4 53.5 307.2 52.9 307.0
  52.2 306.9 51.6 306.7 51.0 306.5 50.3 306.4 49.7 306.3 49.0 306.1 48.3 305.9
  47.7 305.8 47.0 305.5 46.4 305.2 45.7 304.9 45.1 304.6 44.4 304.3 43.7 303.9
  43.0 303.5 42.2 303.0 41.4 302.6 40.6 302.0 39.8 301.5 39.0 300.9 38.3 300.4
  37.6 299.8 36.9 299.2 36.3 298.6 35.6 298.0 35.1 297.4 34.5 296.8 34.0 296.2
  33.5 295.5 33.1 294.8 32.8 294.1 32.4 293.4 32.0 292.7 31.7 291.9 31.5 291.3
  31.3 290.8 31.0 290.2 30.8 289.7 30.6 289.1 30.4 288.6 30.1 288.0 29.9 287.5
  29.8 287.0 29.7 286.6 29.6 286.1 29.5 285.7 29.4 285.3 29.4 284.9 29.3 284.5
  29.2 284.1 29.1 283.7 29.1 283.4 29.1 283.1 29.1 282.8 29.1 282.5 29.1 282.2
  29.1 281.9 29.1 281.7 29.1 281.4 29.1 281.2 29.2 281.0 29.2 280.8 29.2 280.6
  29.2 280.5 29.3 280.3 29.3 280.2 29.4 280.1 29.5 280.0 29.5 280.0 29.6 279.9
  29.6 279.8 29.6 279.7 29.6 279.6 29.6 279.6 29.6 279.5 29.7 279.4 29.7 279.3
  29.8 279.3 29.8 279.2 29.8 279.1 29.9 279.1 30.0 279.0 30.0 278.9 30.1 278.9
  30.1 278.8 30.2 278.8 30.3 278.7 30.4 278.7 30.5 278.6 30.5 278.6 30.6 278.6
  30.7 278.6 30.9 278.6 31.0 278.5 31.1 278.5 31.2 278.4 31.4 278.4 31.5 278.3
  31.7 278.2 31.8 278.1 32.0 278.0 32.2 277.9 32.4 277.9 32.6 277.8 32.8 277.7
  33.0 277.7 33.2 277.6 33.4 277.5 33.5 277.3 33.7 277.2 33.9 277.1 34.1 276.9
  34.2 276.8 34.4 276.6 34.5 276.4 34.7 276.3 34.8 276.1 35.0 276.0 35.3 275.8
  35.5 275.6 35.8 275.5 36.0 275.3 36.3 275.1 36.6 275.0 36.9 274.8 37.1 274.7
  37.4 274.5 37.7 274.4 37.9 274.3 38.2 274.1 38.5 274.0 38.8 273.8 39.1 273.7
  39.4 273.6 39.7 273.5 40.0 273.3 40.3 273.3 40.7 273.3 41.0 273.2 41.3 273.2
  41.6 273.2 41.9 273.2 42.2 273.1 42.5 273.0 42.9 273.0 43.2 272.9 43.6 272.8
  43.9 272.7 44.3 272.6 44.6 272.5 45.0 272.5 45.3 272.4 45.7 272.3 46.1 272.2
  46.5 272.1 46.9 272.1 47.3 272.0 47.7 271.9 48.1 271.9 48.5 271.8 49.0 271.7
  49.4 271.6 49.8 271.5 50.2 271.5 50.6 271.3 51.0 271.2 51.4 271.0 51.8 270.9
  52.2 270.8 52.6 270.6 53.0 270.5 53.3 270.4 53.7 270.3 54.0 270.2 54.4 270.1
  54.7 269.9 55.0 269.8 55.3 269.8 55.5 269.7 55.8 269.7 56.0 269.7 56.2 269.6
  56.5 269.6 56.7 269.6 56.9 269.6 57.0 269.7 57.2 269.8 57.4 269.9 57.5 270.0
  57.6 270.2 57.7 270.3 57.7 270.5 57.8 270.6 57.8 270.8 57.8 270.9 57.8 271.1
  57.8 271.2 57.8 271.3 57.7 271.4
   7  6 88  0.0
  72.5 321.4 72.5 321.0 72.6 320.5 72.6 320.1 72.6 319.6 72.4 319.2 72.3 318.7
  72.1 318.3 71.9 317.9 71.7 317.6 71.5 317.4 71.3 317.0 71.0 316.7 70.7 316.3
  70.4 315.9 70.0 315.6 69.6 315.0 69.2 314.5 68.7 314.0 68.3 313.5 67.8 313.1
  67.3 312.6 66.8 312.1 66.2 311.7 65.6 311.4 65.0 310.9 64.3 310.4 63.7 310.0
  63.1 309.4 62.5 308.9 61.9 308.5 61.2 308.1 60.6 307.9 60.1 307.7 59.5 307.5
  59.0 307.4 58.4 307.3 57.8 307.3 57.3 306.9 56.8 306.6 56.2 306.3 55.7 306.0
  55.1 305.6 54.6 305.3 54.0 305.1 53.4 304.9 52.8 304.6 52.1 304.5 51.5 304.4
  50.8 304.2 50.1 304.0 49.4 303.8 49.1 303.5 48.7 303.2 48.4 303.0 48.0 302.8
  47.6 302.4 47.1 302.1 46.6 301.8 46.0 301.7 45.4 301.5 44.8 301.2 44.1 300.9
  43.5 300.6 42.8 300.1 42.1 299.6 41.8 299.1 41.5 298.4 41.1 297.8 40.7 297.1
  40.2 296.5 39.8 295.9 39.8 295.1 39.8 294.2 39.8 293.3 39.8 292.5 39.7 291.7
  40.0 290.9 40.3 290.4 40.6 289.9 41.0 289.4 41.3 289.0 41.6 288.5 41.9 288.1
  42.2 287.7 42.8 287.5 43.4 287.4 44.0 287.3 44.5 287.2 45.1 287.4 45.6 287.6
  46.0 287.8 46.5 288.2 46.7 288.7 46.8 289.1 46.9 289.6 47.0 290.1 47.1 290.7
  47.2 291.2 47.3 291.7 47.3 292.2 47.1 292.7 46.9 293.1 46.6 293.6 46.3 293.9
  45.9 294.3 45.6 294.5 45.2 294.6 44.8 294.8 44.4 294.9 43.9 295.0 43.4 294.8
  42.9 294.5 42.5 294.2 42.0 294.0 41.5 293.5 41.0 292.9 40.6 292.4 40.1 292.0
  39.8 291.5 39.5 290.8 39.2 290.2 38.9 289.5 38.6 288.8 38.4 288.1 38.2 287.4
  38.2 286.6 38.2 285.9 38.2 285.1 38.2 284.3 38.2 283.5 38.4 282.6 38.5 281.8
  38.7 280.9 38.9 280.1 39.1 279.4 39.4 278.7 39.8 278.0 40.1 277.4 40.5 277.0
  40.9 276.5 41.3 276.1 41.8 275.7 42.1 275.3 42.5 275.0 42.8 274.6 43.2 274.3
  43.6 274.0 44.1 273.7 44.5 273.5 45.0 273.3 45.5 273.1 46.1 272.9 46.6 272.9
  47.2 272.9 47.9 272.9 48.5 272.8 49.2 273.0 49.9 273.1 50.5 273.2 51.1 273.5
  51.7 273.8 52.3 274.0 52.9 274.4 53.4 274.8 53.9 275.3 54.4 275.7 54.9 276.1
  55.4 276.6 55.9 277.2 56.3 277.8 56.7 278.3 57.1 279.0 57.5 279.7 57.9 280.5
  58.1 281.4 58.4 281.9 58.7 282.5 59.0 283.1 59.3 283.8 59.6 284.4 59.8 285.2
  60.0 285.9 60.1 286.7 60.3 287.4 60.5 288.0 60.6 288.7 60.7 289.4 60.7 290.1
  60.8 290.7 60.9 291.4 61.0 292.1 61.0 292.8 61.1 293.5 61.1 294.1 61.1 294.7
  61.1 295.3 61.0 295.8 60.9 296.3 60.9 296.8 60.9 297.3 60.8 297.7 60.8 298.0
  60.7 298.4 60.6 298.7 60.5 299.0 60.4 299.2 60.2 299.4 60.1 299.6 59.9 299.7
  59.7 300.0 59.6 300.3 59.4 300.5 59.3 300.7 59.2 300.8 59.0 300.8 58.9 300.9
  58.7 300.8 58.6 300.8 58.4 300.7 58.3 300.5 58.2 300.4 58.1 300.1 58.0 299.9
  57.8 299.8 57.6 299.7 57.4 299.5 57.3 299.3 57.1 299.0 57.0 298.7 56.9 298.4
  56.7 298.1 56.7 297.7 56.6 297.3 56.5 296.9 56.5 296.5 56.4 296.1 56.4 295.7
  56.4 295.3 56.4 294.8 56.5 294.4
   7  7 88  0.0
  72.5 321.4 72.2 320.8 72.0 320.3 71.8 320.0 71.6 319.7 71.3 319.5 71.0 319.3
  70.7 319.1 70.4 318.9 70.1 318.8 69.9 318.6 69.6 318.6 69.4 318.6 69.1 318.6
  68.9 318.6 68.7 318.6 68.5 318.6 68.3 318.6 68.2 318.7 68.1 318.7 67.9 318.8
  67.9 318.6 67.8 318.5 67.7 318.3 67.7 318.1 67.7 318.0 67.7 317.7 67.6 317.5
  67.6 317.2 67.5 316.8 67.4 316.4 67.3 315.9 67.1 315.4 67.0 314.8 66.8 314.2
  66.6 313.5 66.4 312.8 66.2 311.9 65.9 311.1 65.6 310.4 65.3 309.7 65.0 309.0
  64.6 308.3 64.2 307.6 63.9 307.0 63.5 306.2 63.2 305.4 62.8 304.5 62.4 303.6
  62.4 302.7 62.3 301.8 62.1 301.0 62.0 300.3 61.8 299.5 61.8 298.8 61.9 298.2
  61.9 297.6 61.9 297.1 61.9 296.6 61.9 296.1 61.9 295.7 62.1 295.3 62.2 295.0
  62.3 294.7 62.3 294.4 62.4 294.1 62.4 293.8 62.4 293.5 62.3 293.2 62.2 292.8
  62.1 292.4 62.0 292.1 61.9 291.7 61.9 291.3 61.8 290.9 61.7 290.4 61.6 290.0
  61.5 289.5 61.4 289.0 61.2 288.5 61.1 287.9 61.1 287.3 61.1 286.7 61.0 286.0
  61.0 285.4 61.0 284.7 60.9 283.9 60.9 283.2 61.0 282.5 61.0 281.7 61.1 281.0
  61.1 280.3 61.1 279.6 61.3 278.9 61.5 278.3 61.8 277.7 62.0 277.1 62.2 276.5
  62.5 276.1 62.8 275.8 63.1 275.5 63.4 275.1 63.7 274.8 64.1 274.5 64.4 274.5
  64.8 274.6 65.2 274.6 65.5 274.7 65.8 274.8 66.1 274.9 66.4 275.3 66.7 275.8
  67.0 276.3 67.1 276.8 67.3 277.3 67.5 277.9 67.7 278.4 67.8 278.9 68.0 279.5
  68.1 280.0 68.1 280.7 68.1 281.4 68.1 282.1 68.0 282.7 68.0 283.3 68.0 283.9
  67.9 284.2 67.8 284.6 67.6 284.9 67.5 285.2 67.3 285.5 67.2 285.7 67.0 285.9
  66.8 286.1 66.7 286.2 66.5 286.3 66.4 286.4 66.2 286.3 66.1 286.3 66.0 286.1
  65.9 285.7 65.8 285.3 65.7 284.8 65.6 284.3 65.5 283.7 65.5 283.1 65.5 282.4
  65.5 281.7 65.5 281.0 65.5 280.2 65.6 279.5 65.7 278.7 65.8 277.9 65.8 277.1
  65.9 276.4 66.0 275.6 66.1 274.8 66.1 274.0 66.2 273.2 66.2 272.3 66.3 271.5
  66.4 270.6 66.4 269.8 66.5 268.9 66.6 268.1 66.7 267.3 66.8 266.5 66.9 265.8
  67.0 265.1 67.1 264.4 67.2 263.7 67.3 263.1 67.3 262.5 67.4 261.9 67.4 261.4
  67.5 260.9 67.5 260.4 67.5 260.0 67.5 259.6 67.5 259.2 67.5 258.8 67.4 258.5
  67.4 258.2 67.3 257.8 67.3 257.4 67.2 257.1 67.2 256.7 67.1 256.3 67.0 255.8
  67.0 255.4 66.9 255.0 66.9 254.5 66.8 254.1 66.7 253.6 66.6 253.1 66.6 252.7
  66.5 252.2 66.4 251.7 66.3 251.3 66.3 250.8 66.2 250.3 66.1 249.8 66.0 249.3
  66.0 248.8 65.9 248.5 65.8 248.2 65.7 247.9 65.7 247.7 65.6 247.4 65.5 247.2
  65.4 246.9 65.3 246.6 65.2 246.4 65.1 246.2 65.0 245.9 64.9 245.7 64.7 245.4
  64.6 245.1 64.4 244.9 64.3 244.7 64.1 244.4 63.9 244.2 63.7 244.1 63.5 243.9
  63.4 243.8 63.3 243.7 63.2 243.6 63.0 243.5 62.9 243.4 62.7 243.3 62.6 243.2
  62.4 243.1 62.2 243.0 62.1 242.9 61.9 242.7 61.7 242.5 61.5 242.3 61.4 242.1
  61.2 241.9 61.0 241.6 60.9 241.4
   7  8 88  0.0
  72.5 321.4 72.5 321.6 72.4 321.8 72.4 322.0 72.3 322.0 72.3 322.1 72.2 322.0
  72.2 321.9 72.1 321.8 72.0 321.6 72.0 321.3 71.9 321.3 71.8 321.2 71.7 321.1
  71.6 321.0 71.5 320.8 71.4 320.7 71.2 320.5 71.1 320.3 70.9 320.1 70.7 319.9
  70.4 319.6 70.1 319.4 69.8 319.1 69.4 319.0 69.1 318.8 68.8 318.6 68.5 318.5
  68.1 318.4 67.8 318.3 67.5 318.2 67.2 318.1 67.0 318.1 66.7 318.0 66.5 317.9
  66.3 317.8 66.1 317.7 65.9 317.5 65.8 317.2 65.7 316.9 65.6 316.6 65.5 316.3
  65.4 315.9 65.2 315.6 65.0 315.2 64.8 314.8 64.7 314.5 64.5 314.1 64.4 313.7
  64.4 313.3 64.3 312.9 64.2 312.5 64.2 312.1 64.1 311.6 63.8 311.1 63.6 310.6
  63.4 310.1 63.2 309.6 63.0 309.1 62.8 308.5 62.7 307.9 62.4 307.3 62.2 306.7
  62.0 306.0 61.7 305.4 61.5 304.7 61.2 303.9 61.0 303.1 60.7 302.3 60.5 301.5
  60.4 300.5 60.2 299.6 60.2 298.6 60.2 297.5 60.3 296.6 60.3 295.6 60.3 294.8
  60.3 294.0 60.3 293.2 60.3 292.5 60.4 291.9 60.4 291.2 60.4 290.6 60.5 290.0
  60.6 289.4 60.7 288.8 60.8 288.2 60.9 287.6 61.0 287.1 61.0 286.5 61.1 285.9
  61.1 285.4 61.2 284.8 61.2 284.3 61.3 283.7 61.4 283.2 61.4 282.6 61.5 282.1
  61.6 281.5 61.7 280.9 61.8 280.4 61.9 279.8 62.0 279.2 62.1 278.6 62.2 278.1
  62.4 277.5 62.5 277.0 62.7 276.5 62.9 276.0 63.2 275.5 63.4 275.1 63.7 274.7
  63.9 274.3 64.2 273.9 64.6 273.8 64.9 273.6 65.2 273.5 65.5 273.4 65.8 273.3
  66.2 273.3 66.5 273.5 66.8 273.8 67.1 274.0 67.4 274.3 67.6 274.7 67.9 275.1
  68.1 275.5 68.3 276.1 68.5 276.7 68.6 277.4 68.8 278.2 68.9 279.0 69.0 279.8
  69.0 280.8 69.1 281.7 69.1 282.6 69.2 283.6 69.2 284.5 69.1 285.4 69.1 286.3
  69.0 287.1 68.9 287.9 68.8 288.7 68.7 289.5 68.6 290.2 68.4 290.8 68.3 291.5
  68.1 292.0 67.9 292.5 67.8 292.9 67.7 293.2 67.5 293.5 67.3 293.8 67.2 294.1
  67.0 294.3 66.9 294.5 66.7 294.7 66.5 294.8 66.4 294.9 66.3 295.0 66.1 295.0
  66.0 295.0 65.9 295.0 65.8 294.8 65.8 294.6 65.7 294.3 65.7 294.1 65.7 293.8
  65.7 293.4 65.7 293.0 65.7 292.6 65.7 292.2 65.7 291.8 65.7 291.3 65.8 290.8
  65.8 290.3 65.8 289.7 65.9 289.1 66.0 288.5 66.0 287.8 66.1 287.2 66.3 286.4
  66.4 285.7 66.5 284.9 66.6 284.1 66.7 283.2 66.8 282.4 66.8 281.4 66.9 280.5
  67.0 279.5 67.0 278.5 67.0 277.4 67.0 276.4 67.0 275.4 67.1 274.3 67.1 273.4
  67.1 272.5 67.1 271.6 67.1 270.7 67.1 269.9 67.1 269.1 67.1 268.3 67.1 267.6
  67.1 266.9 67.0 266.2 66.9 265.5 66.9 264.9 66.8 264.3 66.7 263.6 66.6 263.0
  66.6 262.4 66.5 261.8 66.4 261.2 66.3 260.5 66.3 259.9 66.1 259.3 66.0 258.6
  65.9 258.0 65.8 257.7 65.7 257.5 65.6 257.2 65.6 256.9 65.5 256.5 65.4 256.2
  65.3 255.8 65.2 255.4 65.1 255.0 65.1 254.6 65.0 254.2 64.9 253.8 64.8 253.3
  64.7 253.0 64.6 252.6 64.4 252.2 64.3 251.9 64.2 251.6 64.0 251.3 63.8 251.1
  63.6 250.9 63.5 250.7 63.3 250.5
   7  9 88  0.0
  72.5 321.4 72.4 321.4 72.3 321.5 72.2 321.6 72.1 321.7 72.0 321.8 71.9 322.0
  71.8 322.2 71.7 322.4 71.6 322.6 71.5 322.9 71.4 323.1 71.3 323.4 71.2 323.6
  71.1 323.9 71.0 324.1 70.9 324.3 70.9 324.5 70.8 324.7 70.8 324.9 70.7 325.0
  70.7 325.2 70.6 325.3 70.6 325.4 70.5 325.5 70.5 325.7 70.5 325.7 70.4 325.8
  70.4 325.8 70.4 325.8 70.3 325.8 70.3 325.7 70.2 325.6 70.2 325.5 70.1 325.4
  70.1 325.2 70.1 325.0 70.0 324.8 69.9 324.6 69.9 324.6 69.8 324.5 69.7 324.5
  69.6 324.4 69.5 324.3 69.4 324.3 69.3 324.1 69.2 324.0 69.1 323.9 68.8 323.8
  68.6 323.6 68.4 323.5 68.2 323.3 68.0 323.2 67.9 323.1 67.7 323.1 67.6 323.1
  67.4 323.1 67.3 323.1 67.2 323.1 67.1 323.1 67.0 323.1 66.9 323.1 66.8 323.2
  66.7 323.1 66.7 323.1 66.6 323.1 66.5 323.0 66.5 322.9 66.4 322.8 66.3 322.7
  66.3 322.6 66.2 322.5 66.1 322.3 66.1 322.2 66.0 322.0 65.9 321.8 65.9 321.4
  65.8 321.1 65.7 320.7 65.6 320.4 65.5 320.0 65.4 319.7 65.3 319.3 65.2 318.9
  65.1 318.5 65.0 318.0 64.9 317.6 64.8 317.1 64.6 316.7 64.4 316.2 64.1 315.7
  63.8 315.2 63.4 314.8 63.1 314.4 62.6 313.9 62.2 313.4 61.8 312.8 61.3 312.3
  60.9 311.9 60.4 311.4 59.9 311.0 59.5 310.6 59.0 310.2 58.4 309.9 57.8 309.6
  57.2 309.2 56.6 308.8 55.9 308.4 55.3 307.8 54.9 307.3 54.5 306.7 54.0 306.2
  53.6 305.8 53.1 305.3 52.6 304.8 52.1 304.5 51.6 304.1 51.1 303.8 50.9 303.4
  50.6 303.1 50.4 302.8 50.1 302.6 49.8 302.4 49.5 302.0 49.2 301.6 48.9 301.3
  48.5 301.0 48.1 300.8 47.7 300.6 47.2 300.3 46.7 300.1 46.2 299.9 46.0 299.8
  45.8 299.5 45.6 299.2 45.4 298.9 45.2 298.6 45.0 298.3 44.7 298.1 44.4 297.9
  44.0 297.7 43.7 297.5 43.3 297.2 42.8 296.9 42.3 296.6 41.8 296.4 41.2 295.9
  41.2 295.3 41.2 294.8 41.1 294.2 40.9 293.7 40.8 293.2 40.6 292.6 40.4 292.1
  40.1 291.6 40.4 291.1 40.7 290.5 41.0 290.1 41.2 289.6 41.4 289.1 41.6 288.7
  41.8 288.2 42.0 287.8 42.5 287.4 43.1 287.3 43.6 287.2 44.2 287.1 44.7 287.4
  45.2 287.7 45.6 288.1 45.7 288.5 45.8 288.8 45.8 289.2 45.8 289.5 45.8 289.9
  45.8 290.2 45.7 290.5 45.7 290.9 45.6 291.2 45.6 291.5 45.5 291.8 45.3 292.1
  44.9 292.4 44.5 292.6 44.1 292.8 43.6 293.0 43.1 292.8 42.7 292.5 42.2 292.3
  41.7 292.1 41.2 291.6 40.9 291.1 40.6 290.7 40.3 290.2 40.0 289.8 39.7 289.1
  39.4 288.4 39.1 287.7 39.2 286.9 39.2 286.2 39.2 285.4 39.1 284.6 39.1 283.8
  39.3 282.9 39.5 282.1 39.8 281.2 40.0 280.4 40.2 279.7 40.6 279.1 41.0 278.5
  41.5 278.0 41.9 277.5 42.4 277.0 42.9 276.6 43.4 276.3 44.0 275.9 44.4 275.5
  44.9 275.3 45.4 275.0 45.9 274.8 46.4 274.6 47.0 274.5 47.6 274.4 48.2 274.4
  48.8 274.6 49.4 274.8 50.1 274.9 50.7 275.3 51.4 275.7 52.0 276.2 52.6 276.6
  53.2 277.2 53.7 277.8 54.2 278.4 54.7 279.1 55.2 279.7 55.6 280.5 55.9 281.2
  56.1 282.0 56.4 282.6 56.7 283.3
   7 10 88  0.0
  72.5 321.4 72.5 321.4 72.4 321.4 72.4 321.3 72.4 321.3 72.3 321.2 72.3 321.2
  72.2 321.1 72.2 320.9 72.1 320.8 72.1 320.7 72.0 320.5 72.0 320.4 71.9 320.4
  71.9 320.5 71.8 320.5 71.7 320.6 71.6 320.7 71.5 320.8 71.4 320.9 71.3 321.0
  71.2 321.1 71.1 321.2 71.0 321.3 70.9 321.4 70.7 321.5 70.6 321.7 70.5 321.8
  70.3 321.9 70.2 322.1 70.0 322.3 69.9 322.5 69.8 322.7 69.6 323.0 69.5 323.3
  69.4 323.5 69.2 323.7 69.1 324.0 69.0 324.2 68.9 324.4 68.7 324.5 68.6 324.6
  68.5 324.7 68.4 324.8 68.3 324.9 68.2 324.9 68.1 324.9 68.0 324.9 67.9 324.9
  67.8 324.9 67.7 324.8 67.7 324.8 67.6 324.8 67.5 324.7 67.4 324.7 67.3 324.7
  67.2 324.7 67.1 324.7 67.0 324.6 66.9 324.6 66.8 324.6 66.7 324.6 66.6 324.6
  66.5 324.6 66.4 324.6 66.3 324.6 66.2 324.6 66.1 324.6 66.0 324.6 65.9 324.5
  65.8 324.5 65.7 324.4 65.6 324.3 65.5 324.2 65.4 324.1 65.3 324.1 65.3 324.0
  65.1 323.9 65.0 323.8 64.9 323.7 64.8 323.5 64.7 323.4 64.7 323.3 64.6 323.2
  64.6 323.0 64.6 322.9 64.6 322.7 64.5 322.5 64.5 322.3 64.5 322.1 64.5 321.8
  64.5 321.6 64.5 321.3 64.4 321.0 64.4 320.7 64.4 320.4 64.4 320.1 64.4 319.7
  64.4 319.3 64.4 319.0 64.4 318.6 64.4 318.2 64.4 317.8 64.4 317.4 64.4 317.0
  64.4 316.6 64.3 316.1 64.3 315.6 64.2 315.1 64.1 314.6 64.0 314.0 63.8 313.6
  63.7 313.1 63.4 312.6 63.2 312.1 62.9 311.5 62.5 311.0 62.2 310.3 61.8 309.7
  61.4 309.0 61.0 308.3 60.6 307.5 60.3 306.8 60.0 306.1 59.7 305.4 59.3 304.8
  59.0 304.3 58.6 303.7 58.5 303.2 58.4 302.8 58.2 302.3 58.1 301.9 58.0 301.6
  57.8 300.9 57.7 300.2 57.5 299.6 57.7 299.1 57.8 298.6 57.9 298.2 57.9 297.9
  58.0 297.6 58.0 297.4 58.0 297.2 57.9 297.1 57.9 297.1 57.8 297.2 57.7 297.2
  57.6 297.3 57.5 297.4 57.4 297.5 57.3 297.6 57.1 297.7 57.0 297.8 56.8 297.9
  56.7 298.0 56.5 298.1 56.3 298.3 56.1 298.4 55.9 298.5 55.7 298.6 55.5 298.7
  55.3 298.8 55.0 298.9 54.8 299.1 54.6 299.3 54.3 299.4 54.1 299.6 53.8 299.8
  53.6 299.9 53.3 300.1 52.8 300.2 52.3 300.3 51.8 300.4 51.4 300.4 50.9 300.5
  50.4 300.6 49.9 300.7 49.4 300.7 48.9 300.8 48.4 300.8 47.8 300.9 47.2 300.9
  46.6 300.9 45.9 300.8 45.3 300.6 44.7 300.3 44.0 300.0 43.4 299.8 42.7 299.3
  42.0 298.9 41.3 298.5 40.6 298.0 39.9 297.5 39.2 297.0 38.5 296.4 37.8 295.8
  37.3 295.1 36.9 294.4 36.4 293.7 36.0 292.9 35.6 292.2 35.2 291.5 35.0 290.8
  34.7 290.0 34.4 289.3 34.1 288.6 33.8 287.9 33.7 287.3 33.7 286.7 33.6 286.1
  33.5 285.5 33.5 284.8 33.4 284.2 33.4 283.6 33.4 282.9 33.5 282.3 33.5 281.8
  33.5 281.2 33.6 280.6 33.6 280.1 33.6 279.6 33.7 279.1 33.8 278.7 33.9 278.2
  34.0 277.8 34.0 277.3 34.1 276.8 34.1 276.3 34.2 275.8 34.3 275.3 34.3 274.8
  34.4 274.4 34.5 274.0 34.5 273.6 34.6 273.2 34.7 272.9 34.7 272.5 34.8 272.2
  34.8 271.9 34.8 271.7 34.8 271.4
   7 11 88  0.0
  72.5 321.4 72.5 321.4 72.5 321.3 72.5 321.3 72.5 321.3 72.5 321.3 72.5 321.2
  72.5 321.2 72.5 321.1 72.5 321.1 72.5 321.1 72.5 321.0 72.5 321.0 72.5 320.9
  72.5 320.9 72.4 320.8 72.4 320.8 72.4 320.7 72.4 320.7 72.4 320.7 72.3 320.6
  72.3 320.6 72.3 320.6 72.3 320.5 72.3 320.5 72.2 320.5 72.2 320.5 72.2 320.4
  72.1 320.4 72.1 320.3 72.1 320.2 72.0 320.1 72.0 320.0 71.9 320.1 71.8 320.2
  71.8 320.3 71.7 320.4 71.6 320.4 71.6 320.5 71.5 320.5 71.4 320.6 71.3 320.7
  71.2 320.8 71.1 320.9 71.0 320.9 70.9 321.0 70.8 321.2 70.6 321.3 70.5 321.4
  70.3 321.5 70.2 321.6 70.0 321.8 69.9 321.9 69.8 322.2 69.6 322.5 69.5 322.7
  69.3 323.0 69.2 323.3 69.1 323.5 68.9 323.7 68.8 324.0 68.6 324.2 68.5 324.4
  68.4 324.6 68.3 324.7 68.1 324.8 68.0 324.9 67.9 325.0 67.8 325.1 67.7 325.1
  67.6 325.1 67.5 325.1 67.4 325.1 67.3 325.0 67.2 325.0 67.1 325.0 67.0 324.9
  66.9 324.9 66.8 324.9 66.7 324.8 66.6 324.8 66.5 324.8 66.4 324.8 66.2 324.8
  66.1 324.8 66.0 324.8 65.9 324.8 65.8 324.8 65.7 324.7 65.6 324.7 65.5 324.7
  65.4 324.6 65.3 324.6 65.2 324.5 65.1 324.4 65.0 324.4 64.9 324.3 64.8 324.2
  64.7 324.1 64.6 324.0 64.5 324.0 64.4 323.9 64.2 323.8 64.1 323.7 64.1 323.6
  64.0 323.4 64.0 323.1 63.9 322.8 63.9 322.4 63.9 322.0 63.9 321.7 63.9 321.3
  63.9 320.9 63.9 320.5 63.9 320.1 63.9 319.7 63.9 319.3 63.9 318.9 63.9 318.5
  63.9 318.1 63.9 317.7 64.0 317.3 64.0 316.8 64.0 316.4 64.0 316.0 64.0 315.6
  63.9 315.1 63.8 314.7 63.8 314.3 63.7 313.9 63.7 313.5 63.6 313.1 63.6 312.6
  63.5 312.2 63.4 311.7 63.2 311.2 63.0 310.6 62.7 310.1 62.5 309.4 62.2 308.8
  61.8 308.1 61.5 307.4 61.2 306.6 61.0 305.8 60.7 304.9 60.4 303.9 60.4 303.0
  60.3 302.2 60.2 301.4 60.0 300.7 59.9 300.1 59.8 299.4 59.8 298.7 59.9 298.0
  60.0 297.3 60.2 296.9 60.3 296.6 60.4 296.3 60.5 295.9 60.6 295.6 60.8 295.3
  60.9 294.9 61.0 294.6 61.0 294.2 61.1 293.9 61.1 293.5 61.1 293.2 61.0 292.8
  60.9 292.5 60.9 292.1 60.8 291.8 60.7 291.4 60.7 291.0 60.6 290.6 60.5 290.1
  60.5 289.7 60.4 289.2 60.3 288.7 60.2 288.1 60.1 287.5 60.0 286.9 60.0 286.3
  60.0 285.6 60.0 285.0 59.9 284.4 59.9 283.7 59.9 283.1 59.9 282.4 59.9 281.7
  59.9 281.0 59.9 280.3 59.9 279.6 60.1 278.9 60.3 278.3 60.4 277.7 60.6 277.1
  60.8 276.5 61.0 276.0 61.3 275.4 61.6 274.9 61.9 274.3 62.2 273.8 62.5 273.5
  62.9 273.2 63.2 272.9 63.6 272.6 63.9 272.3 64.3 272.0 64.6 271.9 65.0 271.9
  65.3 271.8 65.7 271.7 66.0 271.7 66.4 271.9 66.8 272.1 67.1 272.3 67.4 272.5
  67.6 272.8 67.9 273.0 68.2 273.2 68.5 273.6 68.7 274.1 69.0 274.5 69.3 275.0
  69.6 275.5 69.9 276.0 70.2 276.4 70.4 277.1 70.6 277.8 70.9 278.5 71.1 279.2
  71.4 279.8 71.6 280.3 71.6 280.8 71.7 281.2 71.7 281.6 71.7 281.9 71.8 282.1
  71.8 282.2 71.9 282.4 71.9 282.4
   7 12 88  0.0
  72.5 321.4 72.5 321.5 72.5 321.5 72.5 321.6 72.6 321.6 72.6 321.7 72.6 321.8
  72.6 321.8 72.7 321.9 72.7 322.0 72.7 322.1 72.8 322.2 72.8 322.2 72.8 322.3
  72.9 322.4 72.9 322.5 72.9 322.6 72.9 322.6 73.0 322.7 73.0 322.7 73.0 322.7
  73.0 322.8 73.0 322.8 73.1 322.8 73.1 322.8 73.1 322.7 73.1 322.7 73.1 322.7
  73.1 322.7 73.1 322.7 73.1 322.6 73.1 322.6 73.1 322.6 73.1 322.6 73.0 322.5
  73.0 322.5 73.0 322.5 73.0 322.4 73.0 322.4 72.9 322.4 72.9 322.4 72.9 322.3
  72.9 322.3 72.8 322.3 72.8 322.3 72.8 322.3 72.7 322.3 72.7 322.3 72.7 322.3
  72.6 322.3 72.6 322.3 72.6 322.3 72.5 322.3 72.5 322.2 72.5 322.1 72.4 322.0
  72.4 321.9 72.3 321.8 72.3 321.7 72.2 321.5 72.2 321.4 72.1 321.2 72.0 321.0
  72.0 320.9 71.9 320.9 71.8 321.0 71.7 321.1 71.6 321.2 71.5 321.2 71.4 321.3
  71.3 321.4 71.2 321.5 71.1 321.7 71.0 321.8 70.8 321.9 70.7 322.0 70.6 322.2
  70.4 322.3 70.3 322.5 70.2 322.7 70.0 322.9 69.9 323.1 69.8 323.3 69.6 323.6
  69.5 323.8 69.4 324.1 69.3 324.3 69.2 324.4 69.1 324.6 69.0 324.7 68.9 324.8
  68.8 324.9 68.7 325.0 68.6 325.0 68.5 325.0 68.4 325.0 68.3 325.0 68.3 324.9
  68.2 324.9 68.1 324.9 68.0 324.8 67.9 324.8 67.8 324.8 67.7 324.8 67.6 324.7
  67.5 324.7 67.4 324.7 67.4 324.7 67.3 324.7 67.2 324.7 67.1 324.7 67.0 324.7
  66.9 324.7 66.8 324.7 66.7 324.7 66.6 324.7 66.5 324.6 66.4 324.6 66.3 324.6
  66.2 324.6 66.1 324.5 66.0 324.5 65.9 324.4 65.8 324.3 65.8 324.2 65.7 324.1
  65.6 324.0 65.5 323.9 65.4 323.8 65.4 323.7 65.3 323.5 65.2 323.4 65.2 323.3
  65.1 323.1 65.1 323.0 65.1 322.8 65.0 322.6 65.0 322.4 65.0 322.1 65.0 321.9
  64.9 321.6 64.9 321.3 64.9 321.0 64.8 320.7 64.8 320.4 64.8 320.0 64.7 319.7
  64.7 319.3 64.8 318.9 64.8 318.5 64.7 318.2 64.7 317.8 64.7 317.3 64.6 316.9
  64.6 316.4 64.5 316.0 64.4 315.5 64.4 314.9 64.2 314.4 64.1 313.8 63.8 313.2
  63.6 312.8 63.4 312.2 63.1 311.7 62.7 311.1 62.3 310.5 61.9 309.8 61.5 309.2
  61.1 308.5 60.7 307.7 60.4 307.0 60.1 306.3 59.8 305.6 59.4 305.0 59.1 304.5
  58.7 303.9 58.6 303.5 58.4 303.0 58.3 302.6 58.2 302.2 58.0 301.9 57.9 301.5
  57.7 300.9 57.6 300.4 57.4 299.8 57.5 299.4 57.6 299.0 57.7 298.6 57.7 298.4
  57.7 298.2 57.7 298.1 57.7 298.0 57.6 298.0 57.6 298.1 57.5 298.2 57.4 298.3
  57.3 298.4 57.2 298.5 57.1 298.6 56.9 298.7 56.8 298.8 56.6 298.9 56.5 299.0
  56.3 299.1 56.1 299.2 55.9 299.3 55.7 299.4 55.5 299.4 55.2 299.5 55.0 299.6
  54.8 299.7 54.6 299.8 54.3 300.0 54.1 300.1 53.6 300.3 53.1 300.4 52.6 300.5
  52.0 300.6 51.5 300.7 51.0 300.7 50.5 300.7 49.9 300.7 49.4 300.7 48.9 300.7
  48.3 300.7 47.8 300.8 47.2 300.7 46.5 300.7 45.9 300.7 45.2 300.5 44.5 300.2
  43.7 300.0 43.0 299.6 42.3 299.2 41.6 298.8 40.9 298.2 40.2 297.7 39.5 297.2
  38.8 296.6 38.1 296.0 37.4 295.4
   7 13 88  0.0
  72.5 321.4 72.3 321.3 72.2 321.1 72.1 321.0 71.9 320.9 71.8 320.7 71.7 320.5
  71.6 320.3 71.4 320.1 71.3 319.9 71.2 319.7 71.1 319.5 71.0 319.4 70.9 319.1
  70.8 319.0 70.8 318.8 70.7 318.6 70.6 318.5 70.6 318.4 70.5 318.2 70.5 318.2
  70.4 318.1 70.4 318.0 70.4 318.0 70.3 318.0 70.3 318.0 70.3 318.0 70.3 318.0
  70.3 318.1 70.3 318.2 70.3 318.3 70.3 318.4 70.2 318.5 70.2 318.7 70.2 318.9
  70.2 319.1 70.2 319.3 70.2 319.5 70.2 319.8 70.2 320.0 70.2 320.2 70.3 320.5
  70.3 320.7 70.4 320.9 70.4 321.2 70.4 321.4 70.4 321.6 70.5 321.8 70.5 322.1
  70.5 322.3 70.5 322.5 70.5 322.7 70.5 322.9 70.5 323.2 70.5 323.4 70.5 323.6
  70.5 323.9 70.5 324.2 70.6 324.4 70.7 324.7 70.8 325.0 70.8 325.3 70.9 325.6
  70.9 326.0 71.0 326.3 71.0 326.7 71.1 327.0 71.2 327.4 71.2 327.8 71.3 328.2
  71.4 328.6 71.5 329.1 71.6 329.5 71.7 330.0 71.8 330.5 71.9 331.0 72.0 331.4
  72.1 331.9 72.1 331.9 72.2 332.0 72.3 332.0 72.4 332.0 72.4 332.0 72.5 331.9
  72.6 331.9 72.6 331.8 72.7 331.7 72.7 331.6 72.7 331.5 72.8 331.4 72.8 331.3
  72.8 331.2 72.8 331.1 72.8 331.0 72.8 330.9 72.8 330.8 72.8 330.6 72.8 330.5
  72.8 330.4 72.8 330.4 72.8 330.4 72.8 330.4 72.8 330.4 72.8 330.4 72.8 330.5
  72.7 330.6 72.7 330.8 72.7 330.9 72.7 331.1 72.6 331.3 72.6 331.6 72.6 331.8
  72.6 332.0 72.5 332.2 72.5 332.4 72.4 332.5 72.3 332.7 72.2 332.9 72.2 333.0
  72.1 333.2 72.0 333.3 71.9 333.2 71.8 333.1 71.7 332.9 71.6 332.8 71.5 332.6
  71.4 332.4 71.3 332.2 71.3 331.9 71.2 331.7 71.2 331.4 71.2 331.1 71.1 330.8
  71.1 330.5 71.0 330.2 71.0 329.9 70.9 329.6 70.9 329.3 70.8 329.0 70.7 328.7
  70.6 328.4 70.5 328.1 70.4 327.8 70.3 327.4 70.1 327.1 70.0 326.8 69.8 326.7
  69.7 326.6 69.5 326.5 69.4 326.4 69.3 326.4 69.2 326.3 69.1 326.3 69.0 326.3
  68.9 326.2 68.8 326.2 68.8 326.3 68.7 326.3 68.6 326.3 68.5 326.3 68.5 326.2
  68.4 326.2 68.3 326.2 68.2 326.1 68.0 326.0 67.9 325.9 67.8 325.8 67.7 325.6
  67.5 325.4 67.4 325.2 67.2 325.0 67.1 324.8 66.9 324.5 66.7 324.3 66.6 324.0
  66.4 323.7 66.3 323.4 66.2 323.0 66.0 322.6 65.9 322.3 65.7 321.9 65.6 321.6
  65.4 321.2 65.3 320.9 65.1 320.5 64.9 320.1 64.7 319.7 64.4 319.3 64.1 318.9
  63.8 318.4 63.4 318.1 63.0 317.7 62.6 317.3 62.2 316.8 61.7 316.4 61.3 316.1
  60.9 315.7 60.4 315.4 59.9 315.0 59.4 314.7 58.8 314.4 58.2 314.2 57.5 313.9
  56.8 313.6 56.1 313.4 55.3 313.1 54.6 312.8 53.9 312.4 53.3 312.0 52.7 311.7
  52.0 311.4 51.3 311.0 50.6 310.7 49.9 310.4 49.2 310.0 48.4 309.6 47.7 309.3
  46.9 308.7 46.2 308.2 45.5 307.7 44.9 307.2 44.3 306.6 43.6 306.1 43.0 305.6
  42.4 305.1 41.7 304.6 41.1 304.0 40.5 303.4 40.0 302.8 39.5 302.2 39.0 301.5
  38.5 300.9 38.0 300.2 37.5 299.6 37.3 299.0 37.0 298.4 36.7 297.7 36.4 297.0
  36.1 296.3 35.8 295.5 35.7 294.9
   7 14 88  0.0
  72.5 321.4 72.5 321.0 72.6 320.5 72.6 320.1 72.6 319.7 72.6 319.4 72.6 319.1
  72.6 318.8 72.5 318.5 72.5 318.3 72.4 318.1 72.4 318.0 72.3 317.8 72.2 317.7
  72.1 317.7 72.0 317.6 71.9 317.3 71.8 317.0 71.6 316.7 71.5 316.5 71.4 316.2
  71.3 315.9 71.2 315.6 71.1 315.3 71.0 315.1 70.9 314.8 70.8 314.6 70.7 314.3
  70.6 314.0 70.5 313.8 70.4 313.5 70.3 313.3 70.3 313.0 70.2 312.7 70.1 312.5
  70.1 312.2 70.0 311.9 70.0 311.6 70.0 311.4 70.0 311.1 70.0 310.9 69.9 310.8
  69.9 310.6 69.9 310.5 69.8 310.4 69.8 310.3 69.7 310.2 69.7 310.1 69.6 310.1
  69.5 310.1 69.4 310.1 69.4 310.2 69.3 310.2 69.2 310.3 69.1 310.5 69.0 310.6
  69.0 310.8 68.9 311.0 68.8 311.2 68.7 311.5 68.6 311.8 68.5 312.1 68.4 312.3
  68.3 312.6 68.2 312.9 68.1 313.3 68.0 313.6 67.9 313.9 67.7 314.2 67.6 314.6
  67.5 315.0 67.3 315.3 67.2 315.7 67.0 316.1 67.0 316.5 67.0 316.8 67.0 317.2
  66.9 317.7 66.9 318.1 66.9 318.5 66.9 318.9 66.9 319.4 66.8 319.8 66.8 320.2
  66.9 320.7 67.0 321.1 67.1 321.6 67.2 322.1 67.3 322.6 67.4 323.1 67.4 323.6
  67.5 324.2 67.7 324.7 67.8 325.3 68.0 325.9 68.1 326.6 68.3 327.1 68.5 327.8
  68.6 328.4 68.8 329.0 69.0 329.6 69.2 330.2 69.3 330.8 69.5 331.3 69.6 331.9
  69.7 332.4 69.9 332.9 70.0 333.3 70.2 333.5 70.3 333.8 70.4 334.0 70.5 334.2
  70.6 334.4 70.7 334.6 70.8 334.8 70.9 335.0 71.0 335.2 71.0 335.3 71.1 335.5
  71.1 335.7 71.2 335.9 71.2 336.0 71.2 336.2 71.2 336.3 71.2 336.4 71.2 336.6
  71.2 336.7 71.1 336.8 71.1 336.9 71.0 337.0 71.0 337.1 70.9 337.2 70.8 337.3
  70.7 337.4 70.6 337.4 70.5 337.5 70.4 337.5 70.3 337.5 70.2 337.5 70.1 337.5
  69.9 337.4 69.8 337.3 69.7 337.2 69.6 337.1 69.5 336.9 69.3 336.7 69.2 336.5
  69.1 336.3 69.0 336.2 68.9 336.0 68.8 335.8 68.7 335.6 68.6 335.5 68.5 335.3
  68.4 335.2 68.3 335.0 68.2 334.9 68.1 334.7 68.0 334.6 67.9 334.5 67.8 334.5
  67.7 334.4 67.6 334.4 67.5 334.3 67.4 334.3 67.4 334.3 67.3 334.3 67.2 334.3
  67.1 334.3 67.0 334.3 66.9 334.3 66.8 334.3 66.7 334.3 66.6 334.4 66.5 334.4
  66.4 334.4 66.3 334.4 66.1 334.5 66.0 334.5 65.9 334.5 65.8 334.5 65.6 334.4
  65.5 334.3 65.4 334.2 65.3 334.0 65.1 333.8 65.0 333.7 64.9 333.4 64.8 333.2
  64.6 333.0 64.5 332.7 64.4 332.4 64.2 332.1 64.1 331.8 63.9 331.5 63.7 331.1
  63.5 330.8 63.3 330.4 63.2 330.1 63.0 329.7 62.9 329.4 62.7 329.0 62.6 328.6
  62.4 328.2 62.3 327.8 62.1 327.4 61.9 327.1 61.7 326.8 61.5 326.5 61.3 326.2
  61.2 325.9 61.0 325.6 60.9 325.3 60.8 325.0 60.7 324.7 60.6 324.4 60.6 324.1
  60.5 323.8 60.3 323.4 60.1 323.1 59.8 322.8 59.6 322.5 59.5 322.2 59.3 321.8
  59.2 321.5 59.0 321.2 58.9 320.8 58.8 320.5 58.7 320.2 58.7 319.8 58.2 319.5
  57.8 319.1 57.4 318.8 57.1 318.5 56.7 318.2 56.4 317.8 56.1 317.5 55.8 317.2
  55.6 316.9 55.4 316.6 55.2 316.3
   7 15 88  0.0
  72.5 321.4 72.6 320.9 72.6 320.3 72.7 319.8 72.7 319.2 72.6 318.7 72.6 318.2
  72.6 317.7 72.6 317.2 72.6 316.7 72.6 316.3 72.6 315.8 72.5 315.4 72.4 314.9
  72.3 314.5 72.2 314.1 72.1 313.8 72.1 313.4 72.0 313.0 71.9 312.8 71.9 312.6
  71.8 312.4 71.7 312.2 71.7 312.0 71.7 311.8 71.6 311.6 71.5 311.5 71.4 311.3
  71.3 311.1 71.3 310.9 71.2 310.7 71.1 310.5 71.0 310.4 71.0 310.2 70.9 310.0
  70.8 309.8 70.8 309.6 70.7 309.4 70.7 309.2 70.6 309.0 70.5 308.8 70.5 308.7
  70.4 308.5 70.3 308.3 70.3 308.2 70.2 308.0 70.1 307.8 70.1 307.7 70.1 307.5
  70.0 307.4 70.0 307.2 70.0 307.0 70.0 306.8 70.0 306.6 70.0 306.4 70.0 306.2
  70.0 306.0 70.0 305.8 70.0 305.6 70.0 305.5 70.0 305.3 70.0 305.2 70.0 305.0
  70.0 304.7 70.0 304.5 70.0 304.4 70.0 304.2 70.0 304.1 70.0 303.9 70.0 303.9
  70.0 303.8 70.0 303.8 70.0 303.7 70.0 303.7 70.0 303.7 70.0 303.7 70.0 303.7
  70.0 303.9 70.0 304.1 69.9 304.3 69.8 304.6 69.8 304.8 69.7 305.2 69.7 305.5
  69.6 305.9 69.5 306.3 69.5 306.7 69.4 307.1 69.3 307.5 69.2 307.9 69.1 308.4
  69.0 308.8 68.8 309.2 68.7 309.6 68.5 310.0 68.4 310.4 68.2 310.8 68.0 311.2
  67.8 311.6 67.6 311.9 67.4 312.3 67.3 312.6 67.1 313.0 67.0 313.3 66.8 313.7
  66.6 314.0 66.5 314.3 66.3 314.6 66.2 315.0 66.0 315.3 65.8 315.5 65.7 315.8
  65.5 316.1 65.5 316.3 65.5 316.6 65.5 316.9 65.5 317.2 65.5 317.5 65.4 317.8
  65.4 318.1 65.4 318.4 65.3 318.8 65.3 319.1 65.3 319.5 65.2 319.9 65.1 320.3
  65.2 320.7 65.2 321.1 65.3 321.6 65.3 322.0 65.3 322.5 65.3 323.0 65.2 323.5
  65.2 324.1 65.2 324.6 65.3 325.1 65.3 325.7 65.3 326.2 65.3 326.7 65.3 327.2
  65.3 327.6 65.3 328.1 65.3 328.5 65.3 328.9 65.3 329.3 65.3 329.6 65.3 330.0
  65.3 330.3 65.2 330.5 65.2 330.8 65.1 331.0 65.0 331.2 64.9 331.4 64.8 331.6
  64.7 331.8 64.6 331.9 64.5 332.0 64.3 332.1 64.3 332.1 64.2 332.2 64.1 332.2
  64.0 332.3 64.0 332.3 63.9 332.2 63.8 332.2 63.8 332.1 63.7 332.1 63.6 332.0
  63.5 331.9 63.4 331.8 63.3 331.6 63.2 331.5 63.1 331.4 63.0 331.3 62.9 331.2
  62.8 331.0 62.7 330.9 62.6 330.8 62.5 330.6 62.4 330.5 62.4 330.4 62.3 330.2
  62.2 330.1 62.2 329.9 62.1 329.8 62.1 329.6 62.0 329.5 62.0 329.3 62.0 329.2
  62.0 328.9 62.0 328.7 61.9 328.5 61.9 328.3 62.0 328.0 62.0 327.8 61.9 327.6
  61.8 327.3 61.8 327.1 61.7 326.9 61.7 326.6 61.7 326.4 61.6 326.2 61.6 326.0
  61.6 325.7 61.5 325.5 61.5 325.3 61.5 325.1 61.4 324.8 61.4 324.5 61.3 324.2
  61.3 323.9 61.3 323.6 61.3 323.3 61.3 322.9 61.2 322.5 61.2 322.1 61.2 321.7
  61.2 321.2 61.1 320.7 61.1 320.2 61.0 319.8 61.1 319.3 61.1 318.8 61.1 318.4
  61.1 318.0 61.1 317.6 61.1 317.2 61.1 316.9 61.1 316.5 61.1 316.2 61.0 315.9
  61.0 315.6 60.9 315.3 60.8 314.9 60.7 314.6 60.5 314.2 60.3 313.8 60.0 313.4
  59.7 312.9 59.4 312.4 59.1 311.8
   7 16 88  0.0
  72.5 321.4 72.5 321.0 72.4 320.6 72.4 320.2 72.3 319.8 72.2 319.4 72.0 319.1
  71.9 318.7 71.7 318.5 71.5 318.2 71.3 318.0 71.1 317.8 70.9 317.6 70.7 317.5
  70.5 317.3 70.3 317.1 70.1 317.0 69.9 316.8 69.8 316.7 69.6 316.6 69.5 316.5
  69.3 316.4 69.2 316.3 69.0 316.2 68.9 316.1 68.7 316.0 68.6 315.9 68.3 315.8
  68.1 315.7 67.8 315.6 67.6 315.6 67.4 315.5 67.1 315.5 66.9 315.5 66.7 315.4
  66.4 315.4 66.2 315.3 65.9 315.3 65.7 315.4 65.4 315.6 65.2 315.8 65.0 316.0
  64.8 316.2 64.6 316.4 64.4 316.6 64.2 316.7 64.0 316.9 63.8 317.1 63.6 317.3
  63.4 317.6 63.3 317.8 63.1 318.0 62.9 318.2 62.7 318.4 62.5 318.6 62.4 318.8
  62.2 319.0 62.0 319.1 61.8 319.2 61.7 319.2 61.5 319.2 61.3 319.2 61.1 319.2
  60.9 319.2 60.7 319.2 60.5 319.2 60.3 319.2 60.1 319.2 59.9 319.2 59.7 318.9
  59.5 318.7 59.3 318.4 59.0 318.2 58.8 318.0 58.7 317.8 58.5 317.6 58.3 317.3
  58.2 317.1 58.0 316.8 57.9 316.6 57.8 316.1 57.7 315.6 57.4 315.1 57.1 314.6
  56.9 314.2 56.6 313.8 56.3 313.3 56.1 312.9 55.9 312.5 55.8 311.9 55.5 311.3
  55.3 310.7 55.1 310.1 54.9 309.5 54.7 308.9 54.6 308.3 54.4 307.7 54.1 307.2
  53.7 306.6 53.4 306.0 53.2 305.5 52.9 304.9 52.7 304.3 52.5 303.7 52.2 303.1
  52.0 302.5 51.8 301.9 51.6 301.3 51.4 300.9 51.3 300.4 51.1 300.0 50.9 299.5
  50.8 299.0 50.6 298.5 50.5 298.0 50.4 297.5 50.3 296.9 50.2 296.4 50.2 295.9
  50.1 295.3 50.0 294.8 50.0 294.3 50.0 293.7 50.0 293.4 50.0 293.0 50.0 292.7
  50.0 292.3 50.0 291.7 50.0 291.1 50.0 290.5 50.0 289.9 50.0 289.4 50.1 288.8
  50.1 288.2 50.2 287.7 50.2 287.1 50.2 286.6 50.2 286.0 50.2 285.5 50.3 284.9
  50.3 284.4 50.3 283.8 50.3 283.3 50.3 282.8 50.3 282.3 50.4 281.8 50.4 281.3
  50.4 280.7 50.4 280.2 50.5 279.6 50.5 279.1 50.5 278.5 50.5 278.0 50.5 277.4
  50.5 276.9 50.5 276.3 50.6 275.8 50.5 275.2 50.5 274.6 50.5 274.1 50.5 273.4
  50.5 272.8 50.5 272.2 50.5 271.5 50.5 270.9 50.5 270.2 50.5 269.5 50.4 268.8
  50.4 268.0 50.5 267.3 50.4 266.6 50.4 265.8 50.4 265.0 50.3 264.2 50.3 263.4
  50.2 262.5 50.2 261.6 50.1 260.8 50.0 259.9 50.0 259.0 50.0 258.1 49.9 257.5
  49.9 256.8 49.9 256.1 49.8 255.5 49.9 254.8 49.9 254.2 49.9 253.5 49.9 252.9
  50.0 252.3 50.0 251.7 50.1 250.8 50.2 249.9 50.3 249.1 50.5 248.3 50.6 247.5
  50.8 246.8 50.9 246.0 51.1 245.4 51.3 244.7 51.6 244.2 51.8 243.6 52.0 243.1
  52.2 242.5 52.4 241.9 52.6 241.3 52.9 240.8 53.2 240.3 53.5 239.8 53.7 239.3
  53.9 238.8 54.1 238.4 54.4 238.0 54.6 237.6 54.9 237.3 55.2 236.9 55.5 236.6
  55.8 236.3 56.1 236.0 56.3 235.8 56.4 235.6 56.5 235.4 56.6 235.3 56.7 235.1
  56.8 235.0 56.9 234.9 57.0 234.7 57.2 234.6 57.3 234.5 57.4 234.5 57.5 234.4
  57.6 234.2 57.6 234.1 57.7 234.0 57.8 233.8 57.8 233.7 57.9 233.5 57.9 233.3
  57.9 233.1 57.9 232.9 57.9 232.6
   7 17 88  0.0
  72.5 321.4 72.3 321.2 72.2 321.1 72.0 320.9 71.9 320.7 71.8 320.6 71.7 320.5
  71.6 320.3 71.5 320.2 71.4 320.1 71.3 320.0 71.2 319.8 71.0 319.7 70.9 319.6
  70.7 319.4 70.6 319.2 70.5 319.0 70.3 318.8 70.2 318.6 70.1 318.4 70.0 318.1
  69.9 317.8 69.8 317.6 69.8 317.4 69.7 317.2 69.7 317.0 69.6 316.8 69.5 316.6
  69.4 316.3 69.3 316.1 69.2 315.9 69.0 315.8 68.8 315.6 68.6 315.4 68.4 315.2
  68.2 315.1 68.0 314.9 67.8 314.7 67.6 314.4 67.4 314.2 67.2 314.0 67.0 313.8
  66.8 313.7 66.6 313.5 66.4 313.4 66.2 313.3 66.0 313.2 65.8 313.2 65.6 313.2
  65.4 313.2 65.3 313.2 65.1 313.2 64.9 313.2 64.8 313.2 64.6 313.3 64.5 313.3
  64.4 313.4 64.2 313.5 64.1 313.6 63.9 313.6 63.8 313.8 63.6 313.9 63.5 314.1
  63.3 314.3 63.2 314.4 63.1 314.6 62.9 314.8 62.8 315.0 62.6 315.2 62.5 315.4
  62.3 315.6 62.2 315.8 62.0 316.0 61.8 316.3 61.7 316.3 61.5 316.4 61.4 316.5
  61.2 316.6 61.0 316.6 60.9 316.7 60.7 316.8 60.5 316.9 60.3 316.9 60.1 317.0
  59.9 317.1 59.7 316.8 59.4 316.5 59.2 316.3 59.0 316.0 58.8 315.8 58.6 315.6
  58.4 315.4 58.2 315.1 58.0 314.9 57.8 314.7 57.6 314.1 57.5 313.6 57.3 313.0
  57.1 312.4 56.9 311.9 56.7 311.4 56.4 310.9 56.2 310.4 55.9 309.9 55.6 309.3
  55.3 308.6 54.9 308.0 54.7 307.3 54.4 306.6 54.2 306.0 53.9 305.3 53.6 304.6
  53.3 303.8 53.1 303.1 52.9 302.4 52.7 301.7 52.5 301.1 52.2 300.5 51.9 300.0
  51.8 299.1 51.7 298.3 51.5 297.4 51.4 296.6 51.2 295.8 51.1 295.0 51.0 294.3
  50.9 293.7 50.8 293.0 50.6 292.4 50.5 291.7 50.3 291.1 50.2 290.5 50.0 289.9
  49.8 289.4 49.7 288.6 49.5 287.9 49.4 287.2 49.2 286.6 49.1 286.0 49.0 285.4
  48.8 284.9 48.7 284.4 48.5 284.0 48.4 283.5 48.3 283.1 48.1 282.7 48.0 282.3
  47.9 281.9 47.8 281.3 47.7 280.8 47.6 280.2 47.5 279.7 47.3 279.2 47.2 278.6
  47.0 278.1 46.8 277.6 46.7 277.0 46.5 276.5 46.3 275.9 46.2 275.4 46.1 274.8
  45.9 274.3 45.8 273.8 45.7 273.4 45.6 273.0 45.5 272.6 45.4 272.2 45.3 271.8
  45.2 271.5 45.1 271.3 45.0 271.0 44.9 270.7 44.8 270.5 44.7 270.2 44.5 270.0
  44.4 269.7 44.3 269.5 44.2 269.3 44.1 269.1 44.0 268.9 43.9 268.7 43.8 268.4
  43.7 268.2 43.6 267.9 43.5 267.7 43.5 267.5 43.4 267.3 43.4 267.1 43.3 267.0
  43.2 266.8 43.2 266.7 43.1 266.5 43.0 266.4 42.9 266.3 42.9 266.2 42.8 266.1
  42.7 265.9 42.6 265.8 42.6 265.7 42.5 265.6 42.4 265.5 42.4 265.3 42.3 265.2
  42.2 265.1 42.2 264.9 42.1 264.8 42.1 264.7 42.0 264.5 42.0 264.4 41.9 264.4
  41.8 264.4 41.7 264.4 41.6 264.4 41.5 264.4 41.4 264.4 41.3 264.4 41.2 264.4
  41.1 264.5 41.0 264.5 40.8 264.5 40.7 264.5 40.6 264.5 40.4 264.5 40.3 264.5
  40.2 264.5 40.0 264.5 39.9 264.5 39.8 264.6 39.6 264.6 39.5 264.6 39.4 264.7
  39.2 264.7 39.1 264.7 39.0 264.7 38.8 264.8 38.7 264.8 38.6 264.8 38.5 264.8
  38.3 264.8 38.2 264.8 38.1 264.8
   7 18 88  0.0
  72.5 321.4 72.4 321.2 72.3 321.0 72.2 320.8 72.1 320.6 72.0 320.3 71.9 320.4
  71.8 320.5 71.7 320.6 71.6 320.7 71.5 320.7 71.4 320.8 71.3 320.8 71.2 320.7
  71.1 320.7 71.0 320.6 70.9 320.6 70.8 320.5 70.7 320.5 70.5 320.4 70.4 320.3
  70.3 320.2 70.2 320.1 70.0 320.0 69.8 319.9 69.5 319.8 69.3 319.8 69.0 319.7
  68.8 319.7 68.6 319.6 68.4 319.6 68.2 319.5 68.0 319.5 67.8 319.6 67.6 319.6
  67.5 319.7 67.4 319.8 67.3 319.9 67.2 320.0 67.1 320.1 67.3 320.2 67.4 320.3
  67.6 320.5 67.7 320.6 67.9 320.8 68.0 321.0 68.2 321.0 68.3 320.9 68.5 320.8
  68.6 320.7 68.7 320.7 68.8 320.6 68.9 320.5 69.0 320.4 69.0 320.3 69.0 320.2
  69.1 320.2 69.1 320.1 69.0 320.0 68.9 319.9 68.7 319.8 68.5 319.8 68.4 319.7
  68.2 319.6 68.0 319.5 67.9 319.4 67.7 319.7 67.6 320.0 67.5 320.2 67.5 320.5
  67.5 320.8 67.4 321.0 67.4 321.3 67.4 321.5 67.3 321.7 67.2 321.8 67.2 322.0
  67.1 322.0 67.1 322.1 67.0 322.1 66.9 322.1 66.8 322.0 66.7 321.9 66.6 321.8
  66.5 321.6 66.4 321.4 66.3 321.2 66.2 321.0 66.0 320.8 65.9 320.6 65.8 320.7
  65.7 320.9 65.6 321.1 65.5 321.2 65.4 321.3 65.3 321.4 65.1 321.4 65.0 321.5
  64.9 321.5 64.7 321.5 64.6 321.5 64.4 321.5 64.3 321.5 64.1 321.4 64.0 321.4
  63.9 321.3 63.7 321.4 63.6 321.5 63.5 321.5 63.3 321.5 63.2 321.6 63.1 321.6
  63.0 321.6 62.9 321.5 62.8 321.5 62.7 321.5 62.6 321.4 62.6 321.3 62.5 321.3
  62.4 321.2 62.4 321.1 62.3 321.0 62.3 320.9 62.2 320.8 62.2 320.7 62.2 320.5
  62.3 320.4 62.3 320.3 62.3 320.1 62.4 320.0 62.4 319.8 62.4 319.6 62.3 319.5
  62.3 319.3 62.4 319.1 62.4 319.0 62.4 318.9 62.5 318.8 62.5 318.7 62.6 318.7
  62.6 318.6 62.7 318.6 62.8 318.6 62.9 318.6 63.1 318.6 63.2 318.6 63.3 318.7
  63.4 318.8 63.5 318.9 63.6 319.0 63.8 319.1 63.9 319.3 64.0 319.5 64.1 319.7
  64.2 320.0 64.3 320.3 64.5 320.7 64.7 321.1 64.9 321.5 65.1 321.9 65.3 322.4
  65.5 322.8 65.6 323.3 65.8 323.9 66.0 324.4 66.2 325.0 66.4 325.6 66.6 326.3
  66.8 327.0 67.1 327.8 67.3 328.6 67.5 329.3 67.6 330.1 67.8 330.9 68.0 331.6
  68.2 332.3 68.3 333.1 68.5 333.8 68.6 334.5 68.7 335.3 68.8 336.0 68.8 336.8
  68.8 337.5 68.8 338.3 68.9 339.0 68.9 339.8 68.9 340.5 68.9 341.2 68.8 341.9
  68.7 342.6 68.7 343.2 68.6 343.9 68.5 344.5 68.4 345.1 68.3 345.7 68.1 346.2
  68.0 346.7 67.9 347.2 67.8 347.7 67.7 348.2 67.6 348.7 67.4 349.2 67.3 349.7
  67.2 350.1 67.1 350.5 66.9 350.9 66.8 351.3 66.7 351.8 66.6 352.2 66.5 352.6
  66.3 353.0 66.1 353.4 65.9 353.8 65.8 354.2 65.6 354.5 65.5 354.9 65.4 355.2
  65.2 355.6 65.1 355.9 65.0 356.3 64.8 356.6 64.6 356.9 64.5 357.2 64.3 357.5
  64.1 357.8 64.0 358.1 63.8 358.4 63.7 358.7 63.5 358.9 63.4 359.2 63.3 359.4
  63.1 359.7 63.0 359.9 62.9   0.1 62.7   0.2 62.5   0.3 62.2   0.4 62.0   0.5
  61.8   0.5 61.6   0.6 61.4   0.7
   7 19 88  0.0
  72.5 321.4 72.3 321.9 72.1 322.3 71.9 322.7 71.8 323.4 71.6 324.0 71.4 324.6
  71.4 325.2 71.3 325.8 71.3 326.4 71.2 327.1 71.2 327.7 71.1 328.4 71.1 329.0
  71.1 329.6 71.1 330.2 71.0 330.8 71.0 331.3 71.0 331.9 71.0 332.4 71.1 332.9
  71.1 333.3 71.1 333.7 71.1 334.1 71.1 334.4 71.2 334.6 71.2 334.9 71.3 335.2
  71.3 335.4 71.4 335.7 71.4 335.9 71.5 336.1 71.5 336.4 71.5 336.6 71.5 336.8
  71.5 337.0 71.5 337.3 71.5 337.5 71.6 337.7 71.6 338.0 71.6 338.2 71.7 338.5
  71.7 338.8 71.7 339.1 71.8 339.5 71.9 339.8 71.9 340.2 71.9 340.6 71.9 341.0
  71.9 341.4 71.9 341.9 71.9 342.3 71.9 342.6 71.9 343.0 71.9 343.3 71.9 343.7
  71.9 344.0 71.8 344.3 71.7 344.6 71.6 344.8 71.5 345.0 71.3 345.3 71.2 345.4
  71.0 345.4 70.8 345.4 70.7 345.4 70.5 345.2 70.3 345.1 70.1 344.8 69.8 344.6
  69.6 344.6 69.4 344.6 69.1 344.6 68.9 344.5 68.6 344.4 68.4 344.2 68.1 344.1
  67.9 343.9 67.6 343.9 67.4 343.9 67.1 343.8 66.8 343.8 66.5 343.7 66.3 343.6
  66.0 343.5 65.7 343.4 65.4 343.3 65.1 343.3 64.8 343.2 64.5 343.1 64.3 343.0
  64.0 342.9 63.7 342.8 63.5 342.7 63.3 342.6 63.1 342.5 62.8 342.4 62.7 342.4
  62.5 342.3 62.3 342.2 62.1 342.1 62.0 341.9 61.9 341.8 61.8 341.5 61.7 341.2
  61.6 340.9 61.6 340.6 61.5 340.3 61.5 340.0 61.5 339.7 61.4 339.5 61.2 339.2
  61.1 338.9 61.0 338.7 60.9 338.4 60.9 338.2 60.8 338.0 60.8 337.8 60.8 337.5
  60.9 337.3 60.9 337.1 61.0 336.9 61.1 336.6 61.1 336.4 61.2 336.2 61.3 336.0
  61.4 335.7 61.4 335.5 61.5 335.3 61.5 335.0 61.6 334.8 61.7 334.5 61.8 334.3
  61.9 334.1 62.0 333.8 62.1 333.6 62.3 333.4 62.4 333.3 62.6 333.1 62.7 332.9
  62.9 332.8 63.1 332.7 63.3 332.6 63.5 332.4 63.7 332.3 63.9 332.3 64.1 332.2
  64.3 332.2 64.5 332.3 64.7 332.3 64.9 332.4 65.1 332.5 65.3 332.7 65.6 332.8
  65.8 332.9 66.0 333.1 66.2 333.3 66.4 333.5 66.6 333.7 66.9 333.9 67.1 334.2
  67.3 334.5 67.5 334.8 67.8 335.1 68.0 335.4 68.2 335.8 68.4 336.2 68.7 336.6
  68.9 337.0 69.1 337.4 69.4 337.8 69.6 338.2 69.9 338.7 70.1 339.2 70.3 339.5
  70.6 339.9 70.8 340.3 71.0 340.8 71.3 341.2 71.5 341.7 71.6 342.3 71.8 342.9
  72.0 343.5 72.2 343.8 72.4 344.1 72.5 344.4 72.5 344.7 72.6 345.0 72.7 345.2
  72.8 345.5 72.8 345.8 72.8 346.0 72.9 346.2 72.9 346.5 72.9 346.7 72.9 346.9
  72.9 347.1 72.9 347.3 72.9 347.5 72.9 347.7 72.9 347.9 72.9 348.1 72.9 348.3
  72.8 348.5 72.8 348.7 72.7 348.9 72.6 349.1 72.6 349.3 72.5 349.4 72.4 349.6
  72.4 349.8 72.3 349.9 72.2 350.1 72.2 350.3 72.1 350.4 72.0 350.6 71.9 351.0
  71.8 351.3 71.8 351.7 71.7 352.1 71.6 352.4 71.5 352.7 71.3 353.0 71.2 353.4
  71.1 353.7 71.0 353.9 70.8 354.2 70.7 354.5 70.5 354.7 70.3 355.0 70.2 355.2
  70.0 355.4 69.9 355.7 69.7 356.0 69.6 356.3 69.4 356.6 69.3 356.9 69.1 357.3
  68.9 357.6 68.8 358.0 68.6 358.3
   7 20 88  0.0
  72.5 321.4 72.5 321.6 72.4 321.9 72.4 322.1 72.4 322.4 72.3 322.6 72.3 322.9
  72.2 323.2 72.1 323.5 72.1 323.8 72.0 324.2 72.0 324.7 72.1 325.0 72.1 325.4
  72.1 325.7 72.2 326.1 72.2 326.5 72.2 326.9 72.2 327.3 72.1 327.7 72.1 328.1
  72.2 328.5 72.2 328.9 72.3 329.3 72.3 329.7 72.3 330.1 72.4 330.5 72.4 330.8
  72.4 331.1 72.4 331.4 72.4 331.6 72.4 331.8 72.4 331.9 72.4 332.1 72.5 332.1
  72.5 332.2 72.6 332.2 72.6 332.3 72.6 332.2 72.7 332.2 72.7 332.1 72.8 332.0
  72.8 331.8 72.8 331.6 72.8 331.4 72.8 331.2 72.9 331.0 72.9 330.7 72.9 330.4
  73.0 330.1 73.0 329.8 73.1 329.5 73.1 329.2 73.2 328.9 73.2 328.6 73.3 328.3
  73.3 328.0 73.4 327.7 73.3 327.4 73.3 327.1 73.3 326.7 73.3 326.4 73.3 326.1
  73.2 325.8 73.2 325.5 73.2 325.2 73.1 324.9 73.1 324.6 73.0 324.4 73.0 324.2
  73.0 323.9 72.8 323.7 72.6 323.6 72.5 323.4 72.3 323.2 72.2 323.1 72.0 322.9
  71.9 322.7 71.8 322.6 71.7 322.5 71.6 322.4 71.5 322.3 71.5 322.2 71.4 322.1
  71.4 322.0 71.3 321.9 71.3 321.8 71.2 321.7 71.2 321.5 71.2 321.3 71.1 321.1
  71.1 320.9 71.1 320.7 71.1 320.4 71.1 320.2 71.0 319.9 70.9 319.6 70.9 319.2
  70.8 318.9 70.7 318.6 70.5 318.3 70.4 318.0 70.3 317.7 70.1 317.5 70.0 317.2
  69.8 317.1 69.7 316.9 69.5 316.8 69.3 316.7 69.1 316.5 68.9 316.4 68.8 316.3
  68.6 316.2 68.4 316.1 68.3 316.0 68.0 315.9 67.8 315.8 67.5 315.7 67.3 315.7
  67.1 315.6 66.9 315.6 66.6 315.6 66.4 315.6 66.2 315.6 65.9 315.6 65.7 315.8
  65.5 316.0 65.3 316.2 65.2 316.4 65.1 316.6 65.0 316.9 64.9 317.1 64.7 317.3
  64.6 317.6 64.4 317.8 64.2 318.0 64.1 318.2 63.9 318.4 63.7 318.7 63.6 319.0
  63.4 319.4 63.2 319.7 63.1 320.0 62.9 320.3 62.7 320.6 62.5 320.8 62.3 321.1
  62.1 321.3 61.9 321.5 61.7 321.6 61.5 321.7 61.4 321.8 61.2 321.9 61.0 321.9
  60.9 321.9 60.7 321.9 60.5 321.8 60.4 321.8 60.2 321.7 60.0 321.6 59.8 321.5
  59.7 321.2 59.5 320.9 59.3 320.6 59.2 320.4 59.0 320.1 58.8 319.9 58.6 319.6
  58.4 319.4 58.2 319.2 58.0 319.0 57.8 318.8 57.7 318.2 57.5 317.7 57.4 317.2
  57.3 316.7 57.1 316.2 57.0 315.7 56.8 315.2 56.5 314.8 56.2 314.3 55.9 313.9
  55.7 313.3 55.5 312.7 55.3 312.1 55.2 311.5 54.9 310.9 54.7 310.3 54.5 309.7
  54.3 309.1 54.1 308.5 54.0 307.9 53.6 307.4 53.2 306.9 52.9 306.3 52.6 305.8
  52.3 305.2 52.0 304.7 51.8 304.1 51.6 303.5 51.4 303.0 51.2 302.4 51.0 301.9
  50.8 301.4 50.6 300.9 50.4 300.5 50.3 300.0 50.1 299.6 50.0 299.1 49.8 298.7
  49.7 298.4 49.6 298.0 49.5 297.6 49.5 297.3 49.4 296.9 49.4 296.6 49.4 296.3
  49.4 296.1 49.4 295.8 49.4 295.4 49.4 295.1 49.4 294.7 49.4 294.4 49.4 293.9
  49.4 293.5 49.5 293.1 49.5 292.7 49.6 292.2 49.6 291.8 49.7 291.3 49.7 290.8
  49.8 290.4 49.8 289.9 49.9 289.5 50.0 289.0 50.0 288.6 50.1 287.9 50.2 287.3
  50.2 286.7 50.3 286.2 50.3 285.6
   7 21 88  0.0
  72.5 321.4 72.4 321.8 72.3 322.2 72.2 322.6 72.2 322.9 72.1 323.3 72.1 323.7
  72.0 324.0 72.1 324.4 72.1 324.7 72.2 325.1 72.3 325.5 72.4 325.8 72.5 326.2
  72.6 326.5 72.6 326.9 72.7 327.2 72.8 327.5 72.9 327.9 73.0 328.2 73.2 328.5
  73.3 328.8 73.5 329.1 73.7 329.4 73.9 329.7 74.0 330.0 74.2 330.0 74.4 330.0
  74.6 330.0 74.8 330.1 74.9 330.1 75.1 330.2 75.2 330.2 75.4 330.3 75.5 330.4
  75.6 330.5 75.7 330.6 75.8 330.8 75.9 330.9 76.0 331.0 76.1 330.6 76.2 330.2
  76.3 329.8 76.3 329.3 76.4 328.8 76.4 328.2 76.5 327.6 76.5 327.0 76.4 326.3
  76.4 325.6 76.4 325.0 76.4 324.3 76.4 323.6 76.3 323.0 76.2 322.3 76.2 321.6
  76.1 321.0 76.1 320.3 76.0 319.7 75.9 319.0 75.7 318.8 75.6 318.6 75.4 318.4
  75.3 318.2 75.1 317.9 75.0 317.6 74.8 317.3 74.7 317.0 74.5 316.7 74.3 316.4
  74.1 316.1 73.9 315.7 73.7 315.6 73.4 315.5 73.2 315.3 73.0 315.1 72.7 314.9
  72.4 314.7 72.1 314.5 71.8 314.3 71.6 314.4 71.3 314.5 71.0 314.6 70.7 314.7
  70.5 314.7 70.1 314.8 69.8 314.8 69.5 315.1 69.2 315.3 68.9 315.6 68.6 315.7
  68.2 315.9 67.9 316.0 67.6 316.3 67.4 316.6 67.1 316.8 66.8 317.0 66.5 317.2
  66.2 317.3 66.0 317.5 65.7 317.8 65.5 318.1 65.3 318.4 65.1 318.6 64.9 318.8
  64.7 318.9 64.6 319.1 64.4 319.1 64.3 319.2 64.2 319.2 64.1 319.3 64.0 319.3
  64.0 319.4 64.0 319.4 64.0 319.5 64.1 319.5 64.1 319.5 64.2 319.6 64.4 319.7
  64.5 319.7 64.7 319.8 64.9 319.9 65.1 320.0 65.3 320.1 65.6 320.3 65.9 320.5
  66.2 320.8 66.4 321.1 66.7 321.5 66.9 321.9 67.0 322.4 67.2 322.9 67.3 323.5
  67.4 324.2 67.4 324.9 67.5 325.6 67.5 326.2 67.5 326.8 67.5 327.4 67.5 327.9
  67.5 328.4 67.4 328.8 67.3 329.1 67.2 329.4 67.1 329.5 67.0 329.6 66.9 329.7
  66.8 329.7 66.6 329.6 66.5 329.5 66.3 329.4 66.2 329.3 66.1 329.1 65.9 328.9
  65.8 329.0 65.6 329.1 65.5 329.2 65.3 329.2 65.2 329.2 65.1 329.1 64.9 329.1
  64.8 329.0 64.7 328.9 64.6 328.7 64.5 328.6 64.4 328.4 64.3 328.2 64.3 328.0
  64.2 327.7 64.0 327.5 63.9 327.2 63.8 327.3 63.7 327.3 63.6 327.4 63.5 327.4
  63.4 327.3 63.3 327.3 63.2 327.3 63.1 327.2 63.1 327.1 63.0 327.0 62.9 326.9
  62.9 326.8 62.9 326.7 62.8 326.6 62.8 326.5 62.8 326.4 62.8 326.3 62.8 326.1
  62.8 326.0 62.9 325.9 62.9 325.7 62.9 325.6 63.0 325.5 63.1 325.3 63.2 325.2
  63.2 325.0 63.3 324.9 63.4 324.8 63.6 324.6 63.7 324.5 63.8 324.4 64.0 324.2
  64.1 324.1 64.3 324.1 64.4 324.0 64.5 324.0 64.7 324.0 64.8 324.0 64.9 324.0
  65.1 324.0 65.2 324.1 65.4 324.2 65.6 324.4 65.8 324.5 66.0 324.7 66.2 325.0
  66.4 325.2 66.6 325.5 66.8 325.8 67.0 326.2 67.2 326.6 67.4 327.0 67.6 327.4
  67.8 327.9 67.9 328.4 68.1 329.0 68.3 329.5 68.5 330.1 68.7 330.7 68.8 331.3
  69.0 332.0 69.2 332.6 69.4 333.4 69.6 334.1 69.7 334.8 69.9 335.6 70.1 336.4
  70.2 336.9 70.4 337.5 70.6 338.0
   7 22 88  0.0
  72.5 321.4 72.4 321.7 72.4 322.0 72.3 322.3 72.3 322.7 72.2 323.0 72.1 323.4
  72.0 323.9 72.0 324.3 72.0 325.0 72.0 325.7 72.0 326.5 71.9 327.3 71.9 328.2
  71.9 329.1 72.0 330.1 72.0 331.0 72.0 331.5 72.1 331.9 72.1 332.3 72.3 332.8
  72.4 333.2 72.5 333.6 72.7 334.0 72.8 334.5 72.9 334.9 73.0 335.4 73.1 335.8
  73.2 336.3 73.3 336.8 73.5 337.3 73.6 337.8 73.7 338.3 73.8 338.8 73.9 339.3
  74.0 339.8 74.2 340.0 74.3 340.3 74.3 340.6 74.4 341.0 74.5 341.3 74.6 341.6
  74.7 342.0 74.7 342.4 74.8 342.8 74.9 343.2 75.0 343.7 75.1 344.2 75.0 344.7
  75.0 345.3 75.0 345.8 75.0 346.4 75.0 346.9 74.9 347.5 74.9 348.1 74.8 348.7
  74.7 349.3 74.6 349.9 74.5 350.5 74.3 351.1 74.2 351.7 74.1 352.3 73.8 352.8
  73.6 353.3 73.4 353.9 73.2 354.4 73.0 354.9 72.8 355.4 72.6 355.9 72.3 356.4
  72.1 356.9 71.8 357.3 71.5 357.8 71.2 358.3 70.9 358.8 70.6 359.3 70.4 359.8
  70.1   0.2 69.8   0.4 69.5   0.5 69.2   0.8 68.9   1.0 68.6   1.2 68.3   1.4
  68.0   1.7 67.7   1.9 67.4   2.1 67.2   2.3 66.9   2.5 66.6   2.8 66.4   3.0
  66.2   3.3 65.9   3.5 65.7   3.8 65.5   4.0 65.3   4.3 65.0   4.6 64.8   4.8
  64.5   5.1 64.3   5.4 64.0   5.7 63.8   6.0 63.6   6.2 63.4   6.4 63.2   6.6
  63.0   6.8 62.9   7.1 62.7   7.3 62.6   7.5 62.5   7.8 62.4   8.1 62.2   8.3
  62.0   8.5 61.9   8.8 61.7   9.0 61.6   9.2 61.5   9.4 61.4   9.7 61.3   9.9
  61.2  10.1 61.1  10.4 61.1  10.6 61.0  10.9 61.0  11.1 60.9  11.4 60.9  11.6
  60.8  11.9 60.8  12.2 60.7  12.4 60.6  12.7 60.5  12.9 60.4  13.2 60.3  13.5
  60.2  13.7 60.2  14.0 60.1  14.2 59.9  14.5 59.8  14.8 59.7  15.0 59.6  15.3
  59.4  15.5 59.3  15.7 59.1  16.0 58.9  16.2 58.7  16.4 58.5  16.6 58.2  16.9
  58.0  17.1 57.7  17.2 57.4  17.3 57.1  17.4 56.7  17.6 56.4  17.6 56.0  17.7
  55.7  17.8 55.3  17.8 54.9  17.7 54.6  17.6 54.2  17.6 53.9  17.5 53.5  17.3
  53.2  17.2 52.9  17.0 52.6  16.8 52.3  16.5 52.0  16.3 51.7  16.0 51.5  15.7
  51.3  15.3 51.1  14.9 51.0  14.5 50.8  14.2 50.6  13.8 50.4  13.4 50.1  13.0
  49.9  12.6 49.7  12.2 49.5  11.8 49.4  11.3 49.2  10.9 49.1  10.4 49.0   9.9
  48.9   9.5 48.7   9.0 48.5   8.4 48.3   7.9 48.2   7.3 48.0   6.8 47.8   6.2
  47.6   5.6 47.4   5.0 47.1   4.4 46.9   3.7 46.8   2.9 46.8   2.2 46.7   1.4
  46.6   0.7 46.5 359.9 46.6 358.7 46.7 357.6 46.7 356.4 46.7 355.1 46.9 353.8
  47.1 352.6 47.2 351.3 47.7 350.0 48.1 348.9 48.5 347.9 49.0 346.8 49.5 345.8
  50.0 344.8 50.5 343.8 50.9 342.8 51.4 341.8 51.9 340.8 52.4 339.9 52.9 339.2
  53.4 338.5 53.9 337.8 54.4 337.1 54.9 336.6 55.4 336.2 55.8 335.7 56.1 335.2
  56.5 334.9 56.9 334.6 57.3 334.3 57.7 334.0 58.0 333.8 58.4 333.8 58.7 333.8
  59.0 333.8 59.2 333.8 59.4 333.9 59.6 333.9 59.8 333.9 59.9 334.0 60.0 334.0
  60.1 334.1 60.3 334.3 60.3 334.4
   7 23 88  0.0
  72.5 321.4 72.5 322.0 72.6 322.7 72.6 323.3 72.6 324.0 72.7 324.7 72.8 325.4
  72.9 326.1 73.0 326.9 73.1 327.6 73.2 328.4 73.4 329.2 73.6 330.0 73.7 330.9
  73.9 331.7 74.1 332.6 74.2 333.1 74.4 333.7 74.6 334.2 74.8 334.8 75.0 335.4
  75.2 336.0 75.3 336.6 75.5 337.3 75.7 338.0 75.8 338.8 76.0 339.5 76.1 340.3
  76.2 340.7 76.3 341.2 76.4 341.6 76.5 342.0 76.5 342.4 76.6 342.8 76.6 343.2
  76.7 343.5 76.7 343.9 76.8 344.2 76.8 344.6 76.9 344.9 76.9 345.2 76.9 345.6
  77.0 345.9 77.0 346.2 77.0 346.6 77.1 346.9 77.1 347.2 77.1 347.5 77.2 347.8
  77.2 348.1 77.2 348.3 77.3 348.6 77.3 348.9 77.3 349.2 77.3 349.4 77.3 349.7
  77.3 349.9 77.3 350.2 77.3 350.4 77.3 350.6 77.3 350.9 77.3 351.1 77.3 351.3
  77.3 351.5 77.3 351.8 77.3 352.1 77.2 352.3 77.1 352.6 77.1 352.9 77.0 353.2
  76.9 353.6 76.8 353.9 76.7 354.2 76.6 354.6 76.5 354.9 76.4 355.2 76.3 355.4
  76.2 355.7 76.0 355.9 75.9 356.1 75.7 356.4 75.6 356.7 75.4 357.0 75.2 357.3
  74.9 357.5 74.7 357.8 74.4 358.0 74.2 358.1 73.9 358.2 73.6 358.5 73.4 358.8
  73.1 359.1 72.9 359.4 72.6 359.7 72.3 360.0 72.0   0.3 71.7   0.4 71.4   0.5
  71.1   0.6 70.8   0.8 70.5   0.9 70.2   1.0 69.8   1.2 69.6   1.3 69.3   1.5
  69.0   1.7 68.7   2.0 68.4   2.2 68.1   2.4 67.8   2.7 67.5   2.9 67.2   3.1
  67.0   3.3 66.7   3.5 66.5   3.8 66.3   4.0 66.0   4.3 65.7   4.5 65.5   4.7
  65.2   5.0 64.9   5.3 64.7   5.6 64.4   5.8 64.2   6.1 63.9   6.4 63.7   6.6
  63.5   6.8 63.3   7.0 63.1   7.2 62.9   7.4 62.8   7.7 62.6   7.9 62.5   8.2
  62.3   8.4 62.1   8.7 62.0   8.9 61.8   9.2 61.7   9.4 61.6   9.6 61.4   9.8
  61.3  10.1 61.2  10.3 61.1  10.5 61.1  10.8 61.0  11.0 60.9  11.3 60.9  11.5
  60.8  11.8 60.8  12.0 60.7  12.3 60.6  12.6 60.5  12.8 60.4  13.1 60.3  13.4
  60.3  13.6 60.2  13.9 60.1  14.1 60.0  14.4 59.9  14.6 59.8  14.9 59.7  15.1
  59.6  15.4 59.4  15.6 59.3  15.9 59.1  16.1 58.9  16.3 58.7  16.5 58.5  16.8
  58.3  17.0 58.1  17.2 57.8  17.4 57.5  17.5 57.2  17.7 56.9  17.8 56.6  17.9
  56.3  18.0 55.9  18.1 55.6  18.1 55.3  18.0 54.9  18.0 54.6  17.9 54.2  17.9
  53.9  17.8 53.5  17.6 53.2  17.5 52.9  17.3 52.6  17.1 52.3  16.9 52.0  16.7
  51.7  16.4 51.4  16.1 51.1  15.8 51.0  15.4 50.8  15.0 50.6  14.6 50.4  14.3
  50.3  13.9 50.1  13.5 49.8  13.1 49.6  12.7 49.4  12.3 49.2  11.9 49.1  11.4
  49.0  11.0 48.9  10.5 48.7  10.1 48.6   9.6 48.5   9.1 48.3   8.5 48.1   8.0
  47.9   7.4 47.8   6.9 47.6   6.4 47.4   5.9 47.2   5.3 46.9   4.6 46.7   3.9
  46.7   3.2 46.6   2.4 46.5   1.7 46.4   0.9 46.3   0.1 46.2 359.3 46.3 358.2
  46.4 357.0 46.4 355.8 46.5 354.5 46.7 353.2 46.8 351.9 47.2 350.6 47.6 349.4
  47.9 348.3 48.3 347.2 48.8 346.2 49.2 345.2 49.7 344.1 50.1 343.1 50.6 342.1
  51.0 341.1 51.5 340.2 52.1 339.2
   7 24 88  0.0
  72.5 321.4 72.5 321.8 72.5 322.1 72.5 322.5 72.5 323.0 72.5 323.4 72.5 323.8
  72.5 324.3 72.5 324.8 72.6 325.3 72.6 325.8 72.7 326.3 72.8 326.9 72.8 327.4
  72.9 328.0 72.9 328.6 73.1 329.1 73.2 329.7 73.4 330.3 73.5 331.0 73.7 331.6
  73.9 332.3 74.0 332.9 74.2 333.4 74.4 333.8 74.6 334.3 74.7 334.9 74.9 335.4
  75.1 336.0 75.2 336.6 75.3 337.2 75.4 337.8 75.6 338.5 75.7 339.2 75.8 340.0
  75.9 340.8 75.9 341.6 76.0 342.5 76.0 343.5 76.0 344.4 76.1 344.9 76.1 345.5
  76.1 346.0 76.2 346.7 76.2 347.3 76.3 348.0 76.3 348.7 76.3 349.5 76.3 350.3
  76.3 351.1 76.4 352.0 76.4 352.7 76.4 353.5 76.4 354.2 76.4 354.9 76.4 355.6
  76.4 356.2 76.4 356.9 76.3 357.4 76.3 358.0 76.3 358.5 76.3 359.0 76.3 359.5
  76.3 360.0 76.3   0.4 76.3   0.5 76.3   0.6 76.3   0.7 76.3   0.8 76.3   0.9
  76.3   1.0 76.3   1.0 76.3   1.1 76.3   1.2 76.3   1.3 76.3   1.3 76.4   1.4
  76.4   1.4 76.4   1.5 76.3   1.5 76.3   1.6 76.3   1.6 76.3   1.6 76.3   1.7
  76.3   1.7 76.2   1.7 76.2   1.7 76.2   1.8 76.1   1.8 76.0   1.8 75.9   1.8
  75.9   1.8 75.8   1.7 75.7   1.7 75.5   1.7 75.4   1.7 75.2   1.6 75.1   1.6
  74.9   1.6 74.7   1.6 74.4   1.6 74.2   1.5 73.9   1.5 73.7   1.5 73.4   1.5
  73.1   1.5 72.8   1.5 72.5   1.5 72.1   1.5 71.7   1.5 71.3   1.5 71.0   1.5
  70.6   1.5 70.2   1.5 69.8   1.6 69.4   1.6 69.1   1.7 68.7   1.7 68.3   1.8
  67.9   1.9 67.6   1.9 67.2   2.0 66.8   2.0 66.5   2.1 66.1   2.2 65.7   2.3
  65.4   2.4 65.1   2.5 64.8   2.6 64.5   2.7 64.2   2.8 63.9   2.9 63.6   3.0
  63.3   3.1 63.0   3.2 62.7   3.3 62.5   3.4 62.2   3.6 61.9   3.7 61.7   3.8
  61.4   3.9 61.2   4.0 60.9   4.1 60.6   4.1 60.4   4.2 60.1   4.2 59.9   4.3
  59.7   4.3 59.5   4.2 59.3   4.2 59.2   4.2 59.1   4.2 59.0   4.2 58.9   4.2
  58.8   4.3 58.8   4.3 58.8   4.4 58.7   4.5 58.7   4.5 58.7   4.6 58.7   4.7
  58.7   4.8 58.7   4.9 58.7   5.0 58.7   5.2 58.7   5.3 58.7   5.5 58.7   5.6
  58.7   5.8 58.7   6.0 58.7   6.2 58.7   6.4 58.7   6.6 58.7   6.8 58.8   7.0
  58.8   7.3 58.8   7.6 58.8   7.8 58.8   8.1 58.8   8.4 58.8   8.7 58.7   9.0
  58.7   9.3 58.6   9.7 58.5  10.0 58.5  10.3 58.4  10.6 58.3  11.0 58.2  11.3
  58.1  11.6 58.0  11.9 57.8  12.2 57.6  12.4 57.3  12.6 57.1  12.8 56.8  13.0
  56.4  13.2 56.1  13.3 55.8  13.5 55.4  13.4 55.1  13.4 54.7  13.3 54.4  13.2
  54.1  13.1 53.7  13.0 53.4  12.7 53.1  12.5 52.8  12.2 52.6  11.9 52.5  11.7
  52.4  11.4 52.3  11.1 52.3  10.7 52.2  10.4 52.1  10.1 52.0   9.8 52.0   9.5
  51.9   9.1 51.8   8.7 51.7   8.4 51.6   8.0 51.6   7.6 51.7   7.2 51.7   6.8
  51.8   6.4 51.8   6.0 51.8   5.5 51.9   5.1 51.9   4.7 51.9   4.2 51.9   3.8
  52.0   3.3 52.2   3.1 52.3   2.9 52.4   2.7 52.5   2.6 52.6   2.4 52.6   2.3
  52.7   2.2 52.8   2.1 52.8   2.1
   7 25 88  0.0
  72.5 321.4 72.5 321.8 72.6 322.1 72.6 322.4 72.6 322.8 72.7 323.1 72.7 323.4
  72.8 323.7 72.8 324.0 72.8 324.3 72.9 324.5 73.0 324.7 73.1 325.0 73.2 325.1
  73.3 325.4 73.4 325.6 73.5 325.8 73.6 326.1 73.7 326.3 73.8 326.6 73.9 326.9
  74.0 327.2 74.0 327.5 74.1 327.6 74.2 327.8 74.3 327.9 74.4 328.1 74.5 328.2
  74.6 328.4 74.7 328.5 74.9 328.7 75.0 328.8 75.1 329.0 75.3 329.1 75.4 329.3
  75.5 329.4 75.7 329.6 75.8 329.7 75.9 329.9 76.1 330.1 76.2 329.8 76.4 329.6
  76.5 329.4 76.6 329.1 76.7 328.9 76.9 328.7 77.0 328.5 77.1 328.3 77.2 328.1
  77.3 327.9 77.4 327.7 77.4 327.4 77.5 327.2 77.6 326.9 77.6 326.6 77.7 326.3
  77.7 326.0 77.7 325.7 77.7 325.3 77.8 324.9 77.8 324.5 77.8 324.1 77.8 323.7
  77.7 323.3 77.7 322.9 77.7 322.5 77.6 322.0 77.5 321.6 77.5 321.2 77.4 320.8
  77.3 320.4 77.3 320.0 77.1 319.6 77.0 319.2 76.8 318.9 76.7 318.5 76.5 318.2
  76.3 317.9 76.2 317.7 76.0 317.4 75.8 317.6 75.7 317.8 75.5 318.0 75.4 318.3
  75.2 318.5 75.0 318.7 74.9 318.9 74.7 319.1 74.5 319.4 74.4 319.6 74.2 319.8
  74.1 320.0 73.9 320.2 73.8 320.6 73.7 321.1 73.6 321.5 73.5 322.0 73.4 322.4
  73.4 322.8 73.3 323.2 73.2 323.6 73.1 324.0 73.1 324.4 73.1 324.7 73.2 325.1
  73.2 325.5 73.3 325.9 73.3 326.3 73.4 326.7 73.5 327.0 73.6 327.4 73.7 327.8
  73.8 328.1 73.9 328.5 74.1 328.9 74.3 328.9 74.5 328.9 74.6 328.9 74.8 328.9
  75.0 328.9 75.1 328.9 75.3 328.8 75.4 328.8 75.5 328.8 75.7 328.7 75.8 328.7
  75.9 328.7 76.0 328.7 76.1 328.4 76.2 328.1 76.3 327.8 76.4 327.4 76.4 327.1
  76.4 326.7 76.4 326.4 76.4 326.0 76.4 325.5 76.4 325.1 76.4 324.6 76.4 324.0
  76.4 323.5 76.4 322.9 76.3 322.4 76.2 321.8 76.1 321.2 76.0 320.6 75.9 320.0
  75.7 320.1 75.7 320.2 75.6 320.2 75.5 320.2 75.4 320.2 75.3 320.1 75.2 320.0
  75.0 319.8 74.9 319.7 74.7 319.5 74.5 319.3 74.3 319.0 74.2 318.8 74.0 318.5
  73.8 318.6 73.6 318.7 73.4 318.7 73.2 318.7 73.0 318.6 72.8 318.5 72.6 318.4
  72.4 318.2 72.2 318.1 72.0 317.9 71.8 317.7 71.6 317.8 71.5 318.0 71.3 318.2
  71.1 318.3 70.9 318.4 70.7 318.4 70.5 318.5 70.3 318.5 70.1 318.5 69.8 318.5
  69.6 318.7 69.4 318.9 69.2 319.1 68.9 319.2 68.7 319.3 68.5 319.4 68.2 319.4
  67.9 319.5 67.7 319.7 67.4 319.8 67.1 320.0 67.0 320.1 67.0 320.3 66.9 320.4
  66.9 320.5 66.9 320.6 66.9 320.7 66.9 320.9 66.9 321.0 67.0 321.1 67.0 321.2
  67.1 321.3 67.2 321.5 67.3 321.6 67.4 321.7 67.5 321.9 67.7 322.1 67.8 322.3
  67.9 322.6 68.0 322.9 68.2 323.0 68.3 323.1 68.4 323.2 68.6 323.3 68.7 323.4
  68.8 323.5 68.9 323.7 69.0 323.9 69.1 324.0 69.2 324.2 69.3 324.5 69.4 324.7
  69.4 325.0 69.5 325.2 69.5 325.5 69.5 325.8 69.5 326.1 69.5 326.4 69.6 326.7
  69.6 326.9 69.6 327.0 69.6 327.1 69.6 327.2 69.6 327.1 69.6 327.0 69.6 326.9
  69.7 326.6 69.7 326.4 69.7 326.1
   7 26 88  0.0
  72.5 321.4 72.5 321.5 72.5 321.6 72.5 321.7 72.4 321.9 72.4 322.0 72.3 322.2
  72.3 322.5 72.2 322.7 72.1 323.0 72.0 323.3 71.9 323.8 71.8 324.2 71.7 324.7
  71.7 325.2 71.7 325.7 71.7 326.3 71.7 326.9 71.7 327.5 71.7 328.1 71.8 328.8
  71.8 329.5 71.9 330.2 72.0 330.9 72.0 331.6 72.1 332.2 72.2 332.8 72.3 333.3
  72.4 333.9 72.4 334.4 72.5 334.9 72.6 335.4 72.8 335.9 72.9 336.4 72.9 336.9
  73.0 337.3 73.1 337.7 73.2 338.1 73.3 338.5 73.4 338.9 73.4 339.3 73.5 339.6
  73.6 340.0 73.7 340.3 73.7 340.6 73.8 340.9 73.8 341.2 73.9 341.5 73.9 341.7
  74.0 342.0 74.0 342.2 74.1 342.5 74.1 342.9 74.2 343.2 74.3 343.5 74.4 343.8
  74.4 344.2 74.4 344.5 74.5 344.9 74.5 345.2 74.5 345.6 74.6 345.9 74.6 346.3
  74.6 346.8 74.6 347.2 74.7 347.7 74.7 348.2 74.7 348.8 74.7 349.3 74.6 349.9
  74.6 350.5 74.6 351.2 74.5 351.8 74.5 352.5 74.5 353.2 74.4 353.8 74.3 354.5
  74.3 355.2 74.2 355.9 74.2 356.6 74.1 357.3 74.1 358.0 74.1 358.7 74.1 359.5
  74.1   0.2 74.1   0.5 74.0   0.7 74.0   0.9 74.0   1.1 73.9   1.3 73.9   1.5
  73.9   1.8 73.8   2.0 73.7   2.2 73.7   2.4 73.6   2.7 73.5   2.9 73.4   3.1
  73.3   3.4 73.2   3.6 73.1   3.8 73.0   4.0 72.9   4.3 72.8   4.5 72.6   4.7
  72.5   4.9 72.4   5.0 72.2   5.2 72.0   5.4 71.9   5.6 71.7   5.7 71.6   5.9
  71.4   6.0 71.2   6.1 71.1   6.3 70.9   6.4 70.7   6.6 70.6   6.7 70.4   6.8
  70.2   6.9 70.0   7.1 69.8   7.2 69.6   7.3 69.4   7.4 69.2   7.6 69.0   7.7
  68.8   7.8 68.6   7.9 68.3   8.0 68.0   8.1 67.8   8.2 67.5   8.3 67.2   8.5
  66.9   8.7 66.6   8.9 66.3   9.0 66.0   9.2 65.7   9.3 65.4   9.5 65.1   9.7
  64.8   9.9 64.6  10.1 64.3  10.3 64.0  10.5 63.8  10.6 63.6  10.9 63.4  11.1
  63.2  11.3 63.0  11.6 62.8  11.8 62.6  12.1 62.5  12.4 62.4  12.6 62.3  12.9
  62.2  13.2 62.1  13.5 62.0  13.8 62.0  14.1 61.9  14.5 61.9  14.8 61.8  15.2
  61.8  15.5 61.7  15.9 61.7  16.2 61.6  16.6 61.5  16.9 61.3  17.2 61.2  17.6
  61.1  17.9 61.0  18.2 60.9  18.6 60.8  18.9 60.7  19.2 60.6  19.6 60.4  19.9
  60.3  20.2 60.1  20.6 59.9  20.9 59.7  21.1 59.5  21.4 59.3  21.7 59.1  22.0
  58.9  22.2 58.7  22.5 58.5  22.8 58.3  23.1 58.1  23.4 58.0  23.7 57.8  23.9
  57.6  24.1 57.4  24.3 57.1  24.5 56.9  24.7 56.6  24.9 56.4  25.1 56.1  25.4
  55.9  25.6 55.6  25.7 55.4  25.8 55.1  25.9 54.9  26.0 54.6  26.2 54.3  26.3
  54.0  26.5 53.7  26.5 53.4  26.5 53.1  26.5 52.8  26.5 52.5  26.5 52.2  26.5
  51.8  26.5 51.6  26.5 51.3  26.4 51.0  26.3 50.7  26.3 50.4  26.2 50.1  26.2
  49.7  26.1 49.5  26.1 49.2  26.0 48.9  25.9 48.6  25.8 48.3  25.7 48.0  25.5
  47.7  25.4 47.4  25.2 47.2  25.1 46.9  24.9 46.7  24.7 46.5  24.5 46.2  24.3
  46.0  24.1 45.8  23.8 45.5  23.6 45.3  23.4 45.0  23.2 44.7  23.0 44.4  22.7
  44.2  22.5 43.9  22.2 43.7  22.0
   7 27 88  0.0
  72.5 321.4 72.6 321.5 72.7 321.7 72.7 321.9 72.8 322.0 72.8 322.2 72.8 322.4
  72.9 322.5 72.9 322.7 72.9 322.9 72.9 323.1 72.8 323.3 72.8 323.5 72.8 323.7
  72.7 323.9 72.7 324.1 72.8 324.3 72.8 324.5 72.9 324.7 72.9 324.9 73.0 325.1
  73.0 325.3 73.1 325.4 73.1 325.6 73.2 325.8 73.2 325.9 73.2 326.1 73.3 326.3
  73.3 326.6 73.3 326.9 73.3 327.2 73.3 327.5 73.2 327.9 73.2 328.4 73.2 328.8
  73.2 329.3 73.2 329.8 73.2 330.3 73.3 330.9 73.3 331.4 73.3 332.0 73.4 332.6
  73.4 333.2 73.5 333.8 73.6 334.5 73.6 335.2 73.7 335.9 73.7 336.6 73.8 337.3
  73.8 338.0 73.8 338.7 73.9 339.3 73.9 340.0 74.0 340.6 74.0 341.2 74.0 341.6
  74.1 342.0 74.1 342.4 74.1 342.9 74.2 343.3 74.2 343.7 74.2 344.1 74.2 344.4
  74.1 344.8 74.1 345.2 74.0 345.6 74.0 345.9 73.9 346.2 73.9 346.6 73.9 346.9
  73.9 347.2 73.8 347.5 73.8 347.7 73.8 348.0 73.8 348.3 73.8 348.6 73.8 348.9
  73.8 349.3 73.8 349.7 73.8 350.1 73.8 350.5 73.8 350.9 73.8 351.4 73.8 351.8
  73.9 352.3 73.9 352.8 73.9 353.3 73.9 353.9 73.9 354.4 73.9 354.9 73.9 355.4
  73.9 356.0 73.9 356.5 73.9 357.0 73.9 357.5 74.0 358.0 74.0 358.5 74.0 358.9
  74.0 359.4 74.0 359.9 74.0   0.4 74.0   0.5 74.1   0.7 74.1   0.9 74.1   1.1
  74.1   1.3 74.1   1.5 74.1   1.7 74.1   1.9 74.1   2.1 74.1   2.3 74.0   2.5
  74.0   2.7 74.0   3.0 73.9   3.2 73.9   3.4 73.8   3.6 73.8   3.8 73.7   4.0
  73.6   4.3 73.5   4.5 73.4   4.7 73.3   4.9 73.2   5.1 73.1   5.4 72.9   5.6
  72.8   5.7 72.7   5.9 72.5   6.1 72.4   6.3 72.3   6.5 72.1   6.6 71.9   6.8
  71.8   6.9 71.6   7.1 71.5   7.2 71.3   7.3 71.1   7.5 71.0   7.6 70.8   7.7
  70.6   7.9 70.4   8.0 70.3   8.1 70.1   8.2 69.8   8.3 69.6   8.4 69.4   8.6
  69.2   8.7 68.9   8.8 68.7   8.9 68.4   9.0 68.1   9.1 67.9   9.2 67.6   9.3
  67.3   9.5 67.0   9.6 66.7   9.8 66.4  10.0 66.1  10.1 65.8  10.3 65.5  10.5
  65.3  10.7 65.0  10.9 64.7  11.1 64.4  11.3 64.1  11.5 63.9  11.7 63.7  11.9
  63.4  12.1 63.2  12.4 63.1  12.7 62.9  12.9 62.7  13.2 62.6  13.5 62.4  13.8
  62.3  14.1 62.2  14.4 62.1  14.7 62.0  15.1 62.0  15.4 61.9  15.8 61.9  16.2
  61.8  16.6 61.7  17.0 61.5  17.4 61.4  17.8 61.3  18.1 61.2  18.5 61.1  18.9
  61.0  19.3 60.9  19.6 60.8  20.0 60.6  20.4 60.5  20.8 60.3  21.1 60.1  21.5
  59.9  21.9 59.7  22.2 59.6  22.5 59.4  22.8 59.2  23.1 59.0  23.4 58.9  23.7
  58.7  24.0 58.4  24.3 58.2  24.6 58.0  24.9 57.7  25.1 57.5  25.4 57.3  25.6
  57.0  25.8 56.8  26.0 56.6  26.3 56.4  26.5 56.1  26.7 55.9  27.0 55.7  27.1
  55.5  27.2 55.2  27.3 55.0  27.4 54.8  27.5 54.5  27.6 54.3  27.7 54.0  27.9
  53.7  28.0 53.5  28.0 53.2  28.0 52.9  28.0 52.6  28.0 52.3  28.1 52.0  28.1
  51.7  28.1 51.4  28.0 51.2  28.0 50.9  27.9 50.6  27.8 50.3  27.8 50.0  27.7
  49.7  27.6 49.4  27.5 49.1  27.5
   7 28 88  0.0
  72.5 321.4 72.4 321.7 72.4 322.0 72.3 322.4 72.3 322.7 72.2 323.1 72.2 323.5
  72.2 323.9 72.2 324.3 72.3 324.8 72.4 325.3 72.5 325.8 72.7 326.3 72.8 326.9
  72.9 327.5 73.1 328.1 73.3 328.6 73.5 329.2 73.8 329.7 74.0 330.3 74.2 330.8
  74.4 331.2 74.7 331.6 74.9 332.1 75.1 332.5 75.4 333.0 75.6 333.4 75.8 333.9
  76.0 334.4 76.2 334.9 76.3 335.2 76.5 335.5 76.6 335.8 76.7 336.1 76.8 336.3
  77.0 336.5 77.1 336.6 77.2 336.7 77.2 336.8 77.3 336.9 77.4 337.0 77.5 337.1
  77.5 337.1 77.6 337.2 77.6 337.2 77.7 337.2 77.7 337.2 77.7 337.2 77.8 337.1
  77.8 337.1 77.8 337.1 77.8 337.0 77.9 337.0 77.9 337.0 77.9 337.1 77.9 337.1
  77.9 337.2 77.9 337.3 77.9 337.4 77.9 337.6 77.9 337.7 77.9 337.9 77.9 338.1
  77.8 338.2 77.8 338.4 77.8 338.6 77.8 338.8 77.8 339.0 77.8 339.2 77.9 339.4
  77.9 339.6 77.9 339.9 77.9 340.1 77.9 340.3 77.9 340.5 77.9 340.7 77.9 340.9
  77.9 341.1 77.9 341.2 77.8 341.4 77.8 341.5 77.8 341.7 77.8 341.8 77.8 341.9
  77.7 342.0 77.7 342.1 77.7 342.2 77.6 342.3 77.6 342.4 77.6 342.5 77.6 342.6
  77.6 342.7 77.6 342.8 77.6 342.9 77.6 343.0 77.6 343.2 77.6 343.3 77.7 343.4
  77.7 343.5 77.7 343.6 77.7 343.8 77.8 343.9 77.8 344.0 77.8 344.0 77.9 344.1
  77.9 344.2 77.9 344.3 77.9 344.4 78.0 344.4 78.0 344.5 78.0 344.6 78.1 344.0
  78.1 343.5 78.1 343.1 78.1 342.6 78.1 342.1 78.2 341.7 78.2 341.2 78.2 340.8
  78.1 340.4 78.1 340.0 78.1 339.6 78.1 339.2 78.1 338.8 78.1 338.4 78.1 338.0
  78.1 337.6 78.1 337.2 78.1 336.8 78.1 336.3 78.0 335.9 78.0 335.4 78.0 334.9
  78.0 334.4 78.0 333.9 78.0 333.8 78.0 333.7 78.0 333.5 77.9 333.4 77.9 333.2
  77.9 333.1 77.9 332.9 77.9 332.7 77.9 332.5 77.9 332.4 77.9 332.1 77.9 331.9
  77.9 331.7 77.9 331.4 77.9 331.1 77.9 330.9 77.9 330.6 77.8 330.3 77.8 330.0
  77.8 329.7 77.8 329.4 77.8 329.1 77.8 328.9 77.8 328.6 77.7 328.3 77.7 328.1
  77.7 327.8 77.7 327.6 77.6 327.4 77.6 327.2 77.6 327.1 77.6 326.9 77.5 326.8
  77.5 326.7 77.5 326.6 77.5 326.5 77.5 326.4 77.5 326.2 77.5 326.1 77.5 326.0
  77.5 325.8 77.6 325.6 77.6 325.4 77.6 325.2 77.7 325.0 77.7 324.7 77.8 324.5
  77.8 324.2 77.9 323.9 77.9 323.6 77.9 323.3 77.9 323.0 77.9 322.6 77.9 322.3
  77.9 321.9 77.9 321.5 77.9 321.1 77.9 320.7 77.9 320.3 77.9 319.8 77.8 319.4
  77.8 319.0 77.7 318.6 77.6 318.2 77.5 317.8 77.4 317.4 77.3 317.0 77.1 316.7
  77.0 316.3 76.8 316.0 76.7 315.7 76.4 315.4 76.1 315.2 75.9 314.9 75.6 315.2
  75.3 315.5 75.1 315.8 74.8 316.1 74.5 316.4 74.3 316.7 74.0 317.0 73.7 317.3
  73.5 317.9 73.2 318.4 72.9 318.9 72.7 319.3 72.4 319.7 72.2 320.1 72.0 320.4
  71.9 320.7 71.7 321.4 71.6 322.0 71.5 322.6 71.3 323.3 71.2 323.9 71.1 324.4
  71.0 325.0 71.0 325.5 71.0 326.0 70.9 326.5 70.9 326.9 70.9 327.3 70.8 327.7
  70.8 328.1 70.8 328.5 70.8 328.8
   7 29 88  0.0
  72.5 321.4 72.5 321.6 72.6 321.8 72.6 322.0 72.6 322.2 72.6 322.4 72.6 322.6
  72.6 322.8 72.6 322.9 72.6 323.1 72.6 323.2 72.5 323.3 72.5 323.5 72.4 323.6
  72.4 323.7 72.3 323.8 72.3 324.0 72.2 324.2 72.2 324.4 72.3 324.6 72.3 324.8
  72.4 325.0 72.4 325.3 72.4 325.5 72.5 325.8 72.5 326.1 72.5 326.5 72.6 326.8
  72.6 327.2 72.7 327.6 72.8 328.0 72.9 328.5 73.1 329.0 73.3 329.5 73.5 330.1
  73.7 330.7 73.9 331.4 74.1 332.1 74.4 332.7 74.6 333.2 74.8 333.8 75.1 334.4
  75.3 335.0 75.5 335.7 75.7 336.3 75.9 337.0 76.1 337.7 76.4 338.5 76.6 339.3
  76.8 340.1 76.9 341.0 77.1 341.8 77.2 342.7 77.4 343.5 77.5 344.4 77.6 345.2
  77.8 346.0 77.9 346.8 78.0 347.5 78.1 348.3 78.3 348.8 78.4 349.4 78.5 349.9
  78.7 350.3 78.8 350.7 78.9 351.1 79.0 351.5 79.1 351.7 79.2 352.0 79.3 352.2
  79.4 352.3 79.6 352.4 79.7 352.4 79.8 352.3 79.9 352.2 80.0 352.1 80.1 351.9
  80.2 351.6 80.3 351.1 80.4 350.7 80.6 350.2 80.7 349.6 80.8 349.0 80.9 348.4
  81.1 347.7 81.2 347.0 81.3 346.4 81.4 345.7 81.5 345.1 81.6 344.4 81.7 343.8
  81.7 343.2 81.8 342.6 81.9 342.0 81.9 341.4 82.0 340.8 82.1 340.2 82.1 340.2
  82.2 340.2 82.3 340.2 82.3 340.1 82.4 340.0 82.4 339.9 82.5 339.8 82.5 339.7
  82.6 339.5 82.6 339.3 82.7 339.1 82.7 338.9 82.7 338.6 82.7 338.3 82.8 337.9
  82.8 337.4 82.8 336.9 82.9 336.3 82.9 335.7 83.0 334.9 83.0 334.1 83.1 333.2
  83.1 332.1 83.2 331.0 83.3 329.8 83.3 328.5 83.4 327.1 83.5 325.7 83.6 324.2
  83.7 322.6 83.8 321.0 83.8 319.2 83.9 317.4 84.0 315.5 84.1 313.5 84.2 312.2
  84.3 310.8 84.4 309.4 84.5 308.0 84.5 306.6 84.6 305.2 84.7 303.9 84.7 302.6
  84.8 301.4 84.8 300.3 84.9 299.2 84.9 298.3 85.0 297.4 85.0 296.6 85.1 295.9
  85.1 295.2 85.2 294.7 85.2 294.3 85.2 294.0 85.3 293.7 85.3 293.6 85.4 293.5
  85.4 293.6 85.5 293.7 85.5 293.9 85.6 294.3 85.6 294.7 85.7 295.1 85.7 295.6
  85.8 296.2 85.8 296.9 85.9 297.6 85.9 298.3 85.9 299.1 86.0 300.0 86.0 301.0
  86.1 302.6 86.1 304.3 86.1 306.0 86.1 307.6 86.2 309.1 86.2 310.6 86.2 312.1
  86.1 313.5 86.1 314.8 86.1 316.0 86.1 317.2 86.1 318.3 86.1 319.4 86.0 320.4
  86.0 321.3 86.0 322.1 86.0 322.6 86.0 323.0 85.9 323.3 85.9 323.7 85.9 323.9
  85.9 324.2 85.9 324.4 85.9 324.5 85.9 324.7 85.9 324.8 85.8 324.8 85.8 324.9
  85.8 324.9 85.8 324.9 85.8 324.9 85.8 324.9 85.8 324.9 85.7 324.8 85.7 324.7
  85.7 324.6 85.7 324.5 85.7 324.4 85.7 324.3 85.6 324.2 85.6 324.2 85.6 324.2
  85.5 324.3 85.5 324.3 85.4 324.4 85.4 324.6 85.3 324.8 85.2 325.0 85.2 325.2
  85.1 325.4 85.0 325.6 84.9 325.7 84.8 325.7 84.8 325.7 84.7 325.6 84.6 325.5
  84.5 325.3 84.3 325.0 84.2 324.7 84.1 324.4 84.0 324.0 83.9 323.1 83.8 322.4
  83.7 321.6 83.6 320.8 83.5 320.0 83.4 319.3 83.3 318.5 83.3 317.8 83.2 317.1
  83.1 316.4 83.1 315.6 83.0 314.9
   7 30 88  0.0
  72.5 321.4 72.4 321.5 72.3 321.6 72.2 321.7 72.1 321.8 72.0 321.9 72.0 322.1
  71.9 322.2 71.9 322.3 71.9 322.4 71.9 322.5 71.9 322.6 71.9 322.7 71.9 322.8
  71.9 322.9 71.9 323.1 72.0 323.2 72.0 323.4 72.0 323.6 72.1 323.8 72.1 324.1
  72.3 324.3 72.4 324.6 72.5 324.9 72.7 325.1 72.9 325.4 73.0 325.6 73.2 325.9
  73.3 326.1 73.4 326.3 73.6 326.5 73.7 326.7 73.8 326.8 73.9 327.0 74.0 327.1
  74.1 327.0 74.2 326.9 74.3 326.8 74.4 326.7 74.5 326.5 74.6 326.4 74.7 326.3
  74.7 326.3 74.8 326.2 74.9 326.1 74.9 326.1 75.0 326.0 75.1 326.0 75.1 326.0
  75.2 326.0 75.2 326.0 75.3 326.1 75.3 326.2 75.4 326.3 75.5 326.5 75.6 326.7
  75.6 326.9 75.7 327.2 75.8 327.5 75.9 327.9 76.0 328.3 76.1 328.8 76.3 329.1
  76.5 329.4 76.6 329.7 76.8 330.0 76.9 330.4 77.1 330.7 77.2 331.1 77.4 331.5
  77.5 331.9 77.7 332.3 77.8 332.8 77.9 333.2 78.0 333.7 78.1 334.2 78.2 334.7
  78.2 335.1 78.3 335.5 78.3 335.9 78.4 336.3 78.4 336.6 78.5 336.8 78.5 337.1
  78.6 337.3 78.6 337.4 78.7 337.5 78.7 337.6 78.7 337.6 78.7 337.6 78.8 337.6
  78.8 337.6 78.8 337.5 78.8 337.4 78.9 337.3 78.9 337.1 78.9 336.9 78.9 336.7
  78.9 336.5 78.9 336.3 78.9 336.1 79.0 335.9 78.9 335.7 78.9 335.6 78.9 335.4
  78.9 335.3 78.9 335.2 78.9 335.1 78.9 335.0 78.8 335.0 78.8 334.9 78.8 334.8
  78.8 334.7 78.8 334.6 78.8 334.5 78.8 334.3 78.8 334.2 78.8 334.0 78.8 333.9
  78.8 333.7 78.8 333.5 78.9 333.3 78.9 333.1 78.9 332.8 78.9 332.6 78.9 332.3
  78.9 331.9 79.0 331.6 79.0 331.2 79.0 330.8 79.0 330.4 79.0 329.9 79.0 329.4
  79.0 328.9 79.1 328.4 79.1 327.9 79.1 327.3 79.2 326.8 79.2 326.3 79.3 325.8
  79.3 325.3 79.4 324.7 79.4 324.2 79.5 323.7 79.6 323.1 79.6 322.6 79.7 322.0
  79.7 321.4 79.8 320.8 79.8 320.1 79.9 319.4 79.9 318.7 79.9 318.0 79.9 317.3
  79.9 316.6 80.0 315.8 80.0 315.1 80.0 314.4 80.0 313.7 79.9 313.0 79.9 312.3
  79.9 311.7 79.9 311.0 79.9 310.4 79.9 309.7 79.9 309.1 79.9 308.5 79.8 307.8
  79.8 307.2 79.8 306.6 79.8 306.0 79.7 305.4 79.7 304.8 79.7 304.2 79.6 303.6
  79.6 303.1 79.6 302.6 79.5 302.1 79.5 301.7 79.4 301.3 79.4 300.9 79.4 300.5
  79.3 300.2 79.3 299.9 79.2 299.6 79.2 299.4 79.2 299.2 79.1 299.0 79.1 298.9
  79.1 298.8 79.0 298.7 79.0 298.6 78.9 298.6 78.9 298.6 78.8 298.6 78.8 298.6
  78.7 298.7 78.7 298.8 78.6 298.9 78.5 299.0 78.5 299.1 78.4 299.3 78.3 299.4
  78.3 299.6 78.2 299.8 78.1 300.0 78.0 300.3 77.9 300.5 77.8 300.7 77.7 300.9
  77.6 301.1 77.5 301.3 77.3 301.5 77.2 301.8 77.1 302.0 77.0 302.2 76.9 302.5
  76.7 302.7 76.6 302.9 76.5 303.2 76.3 303.5 76.2 303.7 76.1 304.0 75.9 304.3
  75.7 304.7 75.6 305.0 75.4 305.4 75.2 305.9 75.0 306.3 74.8 306.7 74.6 307.0
  74.4 307.4 74.1 307.7 73.9 308.1 73.7 308.5 73.5 308.8 73.3 309.2 73.0 309.6
  72.8 310.0 72.6 310.4 72.3 310.8
   7 31 88  0.0
  72.5 321.4 72.1 321.4 71.7 321.3 71.3 321.0 71.0 320.7 70.6 320.5 70.3 320.3
  69.9 320.2 69.6 319.8 69.2 319.5 68.8 319.3 68.4 319.1 67.9 318.9 67.5 318.6
  67.1 318.4 66.7 318.1 66.4 317.8 66.1 317.6 65.9 317.3 65.7 316.9 65.5 316.5
  65.4 316.0 65.3 315.6 65.2 315.2 65.0 314.8 64.9 314.4 64.8 313.9 64.7 313.5
  64.6 313.1 64.6 312.6 64.6 312.2 64.5 311.7 64.4 311.2 64.3 310.8 64.2 310.3
  64.1 309.8 64.1 309.3 64.0 308.9 64.0 308.4 63.9 307.9 63.8 307.4 63.7 306.9
  63.7 306.4 63.6 305.9 63.6 305.4 63.6 304.9 63.6 304.3 63.6 303.8 63.5 303.2
  63.4 302.7 63.3 302.1 63.2 301.6 63.2 301.0 63.2 300.4 63.2 299.9 63.1 299.3
  63.0 298.7 62.9 298.2 62.8 297.6 62.8 297.1 62.7 296.5 62.7 296.1 62.7 295.5
  62.5 295.0 62.2 294.4 62.1 293.9 61.9 293.3 61.8 292.6 61.8 292.0 61.7 291.4
  61.5 290.8 61.3 290.2 61.2 289.5 61.0 288.9 60.8 288.3 60.7 287.7 60.5 287.2
  60.2 286.6 60.0 286.0 59.8 285.4 59.7 285.0 59.5 284.5 59.4 284.1 59.2 283.8
  59.0 283.4 58.8 283.1 58.6 282.7 58.4 282.4 58.3 282.0 58.2 281.6 58.1 281.2
  58.0 280.8 57.9 280.5 57.8 280.2 57.8 280.0 57.6 279.7 57.4 279.4 57.2 279.2
  57.0 278.9 56.9 278.6 56.8 278.3 56.7 278.0 56.6 277.7 56.6 277.4 56.5 277.1
  56.5 276.8 56.6 276.5 56.6 276.2 56.7 275.9 56.6 275.6 56.6 275.3 56.6 275.0
  56.7 274.6 56.7 274.3 56.7 274.0 56.8 273.6 56.9 273.2 57.0 272.9 57.1 272.5
  57.3 272.0 57.4 271.6 57.5 271.2 57.6 270.7 57.6 270.3 57.7 269.8 57.8 269.4
  57.9 269.0 58.1 268.5 58.2 268.0 58.3 267.4 58.4 266.9 58.5 266.3 58.6 265.8
  58.7 265.2 58.9 264.7 59.0 264.1 59.1 263.6 59.2 263.0 59.3 262.4 59.4 261.9
  59.5 261.3 59.7 260.7 59.8 260.0 59.9 259.4 60.0 258.8 60.2 257.9 60.3 257.1
  60.5 256.3 60.7 255.5 60.8 254.6 60.9 253.8 61.1 252.9 61.2 252.0 61.4 251.1
  61.6 250.3 61.8 249.4 62.0 248.5 62.3 247.5 62.5 246.6 62.7 245.7 62.9 244.9
  63.2 244.1 63.4 243.4 63.6 242.7 63.8 242.1 63.9 241.4 64.1 240.8 64.3 240.2
  64.5 239.6 64.7 239.1 64.8 238.5 65.0 237.9 65.2 237.3 65.4 236.7 65.5 236.0
  65.7 235.3 65.8 234.6 66.0 233.9 66.1 233.3 66.3 232.5 66.4 231.6 66.5 230.7
  66.6 229.8 66.7 228.9 66.9 228.0 67.0 227.1 67.1 226.1 67.2 225.2 67.3 224.3
  67.4 223.5 67.5 222.6 67.6 221.8 67.6 220.9 67.7 220.1 67.8 219.3 67.9 218.5
  68.1 217.7 68.3 217.0 68.4 216.3 68.6 215.7 68.8 215.1 69.1 214.5 69.3 214.0
  69.5 213.5 69.8 213.0 70.1 212.5 70.4 212.1 70.7 211.7 71.0 211.3 71.2 211.0
  71.5 210.6 71.9 210.2 72.2 209.8 72.5 209.7 72.9 209.6 73.2 209.5 73.6 209.4
  74.0 209.3 74.3 209.1 74.7 209.5 75.1 209.8 75.5 210.1 75.9 210.4 76.3 210.7
  76.8 211.5 77.2 212.4 77.5 213.4 77.9 214.5 78.2 215.6 78.5 217.4 78.7 219.3
  78.9 221.3 79.0 223.4 79.1 225.5 79.1 227.7 79.2 229.9 79.1 232.1 78.9 234.2
  78.8 236.2 78.5 238.1 78.3 239.8
