   1  1 69  0.0
  72.5 321.4 72.2 320.3 71.9 319.2 71.7 318.5 71.5 317.7 71.2 316.9 71.0 316.2
  70.7 315.5 70.5 314.7 70.3 314.0 70.1 313.3 69.8 312.6 69.6 312.1 69.3 311.6
  69.1 311.2 68.9 310.8 68.7 310.5 68.5 310.3 68.2 310.1 67.9 310.0 67.6 310.1
  67.3 310.2 66.9 310.4 66.4 310.6 65.9 310.9 65.4 311.3 64.8 311.6 64.2 312.0
  63.4 312.4 62.5 312.7 61.7 312.9 60.8 312.9 60.0 312.9 59.1 312.6 58.2 312.4
  57.3 312.3 56.3 312.0 55.5 311.7 54.6 311.1 53.6 310.6 52.6 309.8 51.6 309.0
  50.5 308.0 49.8 307.0 49.0 306.0 48.1 305.0 47.2 304.1 46.2 302.9 45.4 301.8
  44.6 300.4 43.7 299.0 43.0 297.3 42.2 295.7 41.7 294.2 41.1 292.3 40.4 290.5
  39.9 288.7 39.3 286.8 39.0 284.9 38.6 283.0 38.5 281.1 38.5 279.3 38.7 277.5
  38.9 275.8 39.2 274.2 39.6 272.7 39.9 271.2 40.3 269.7 40.8 268.7 41.4 267.7
  41.8 266.6 42.3 265.6 42.8 264.8 43.3 264.1 43.8 263.4 44.1 262.7 44.4 262.3
  44.7 262.0 45.0 261.7 45.3 261.4 45.6 261.1 45.8 260.8 46.0 260.6 46.1 260.3
  46.3 260.2 46.4 260.0 46.5 259.9 46.5 259.7 46.4 259.6 46.4 259.5 46.3 259.4
  46.3 259.3 46.2 259.2 46.1 259.1 46.0 259.0 45.9 258.9 45.8 258.8 45.6 258.8
  45.5 258.7 45.4 258.7 45.3 258.6 45.2 258.6 45.0 258.6 44.9 258.6 44.8 258.6
  44.7 258.7 44.5 258.8 44.4 258.9 44.3 259.0 44.1 259.1 44.0 259.2 43.8 259.1
  43.7 259.0 43.5 258.8 43.4 258.7 43.2 258.5 43.0 258.2 42.8 258.0 42.6 257.7
  42.4 257.5 42.2 257.2 41.9 256.9 41.6 256.5 41.3 256.0 41.0 255.5 40.7 255.1
  40.4 254.6 40.1 254.1 39.7 253.5 39.4 252.9 39.0 252.2 38.7 251.5 38.2 250.9
  37.6 250.2 37.1 249.4 36.5 248.5 36.0 247.6 35.4 246.4 34.8 245.1 34.3 243.8
  33.9 242.4 33.5 240.8 33.2 239.1 33.2 237.4 33.3 235.6 33.9 233.8 34.4 232.0
  34.9 230.2 35.7 228.3 36.4 226.4 37.2 224.7 38.0 223.0 38.6 221.4 39.2 220.1
  40.0 218.9 40.6 217.8 41.3 217.1 42.0 216.4 42.8 215.8 43.3 215.2 43.8 214.5
  44.3 213.8 44.8 213.3 45.3 212.8 45.8 212.2 46.4 211.7 46.7 211.4 47.2 211.2
  47.6 211.0 48.1 210.8 48.6 210.8 49.2 210.7 49.8 210.7 50.5 210.7 51.2 210.8
  51.9 211.0 52.6 211.3 53.3 211.7 54.0 212.3 54.7 212.8 55.3 213.4 55.9 214.1
  56.5 215.0 57.0 215.6 57.6 216.4 57.9 217.3 58.3 218.3 58.6 218.9 59.0 219.5
  59.4 220.2 59.7 221.0 59.9 221.8 60.2 222.7 60.5 223.0 60.9 223.4 61.2 223.9
  61.5 224.4 61.8 225.0 62.2 225.6 62.5 225.8 62.9 226.0 63.3 226.4 63.6 226.7
  64.0 227.2 64.5 227.2 64.9 227.2 65.3 227.3 65.7 227.4 66.1 227.5 66.5 227.2
  67.0 226.8 67.4 226.5 67.9 226.1 68.3 225.8 68.8 225.1 69.4 224.5 69.9 223.8
  70.3 223.1 70.7 222.1 71.1 221.0 71.6 219.9 71.8 218.6 72.1 217.4 72.4 215.8
  72.6 214.2 72.9 212.5 73.1 210.8 73.2 208.9 73.4 207.0 73.5 204.9 73.5 202.9
  73.4 200.9 73.3 199.0 73.1 197.1 72.9 195.3 72.5 193.6 72.2 191.9 71.7 190.4
  71.3 189.3 71.0 188.2 70.6 187.2
   1  2 69  0.0
  72.5 321.4 72.5 320.1 72.4 318.8 72.5 317.5 72.5 316.2 72.5 314.9 72.6 313.5
  72.7 312.0 72.8 310.5 72.9 308.9 73.0 307.3 73.2 305.5 73.4 303.7 73.7 301.8
  73.9 299.9 74.2 297.9 74.5 296.0 74.8 294.0 75.1 291.9 75.4 289.8 75.6 287.7
  75.9 285.5 76.1 283.2 76.4 281.6 76.6 280.0 77.0 278.3 77.3 276.6 77.6 274.7
  77.8 272.8 78.0 270.8 78.2 269.0 78.4 267.2 78.6 265.2 78.7 263.2 78.8 261.2
  78.8 259.2 78.8 257.1 78.7 255.1 78.6 253.3 78.4 251.6 78.2 250.0 78.0 248.5
  77.8 247.2 77.5 245.6 77.3 244.2 77.0 243.0 76.6 241.9 76.2 240.9 75.8 240.0
  75.4 239.0 75.0 238.1 74.5 237.3 74.0 236.5 73.5 235.8 72.9 235.3 72.4 234.8
  71.8 234.3 71.2 233.7 70.6 233.2 70.0 232.6 69.4 232.0 68.8 231.4 68.2 230.8
  67.6 230.3 67.0 229.7 66.4 229.2 65.9 228.7 65.3 228.3 64.8 227.9 64.5 227.5
  64.2 227.2 63.9 226.9 63.7 226.7 63.4 226.5 63.2 226.2 63.1 226.0 62.9 225.8
  62.8 225.5 62.7 225.2 62.7 224.8 62.6 224.5 62.6 224.1 62.6 223.7 62.9 223.2
  63.2 222.7 63.4 222.1 63.7 221.5 63.9 220.9 64.2 220.1 64.4 219.5 64.9 218.8
  65.2 218.0 65.6 217.0 65.9 215.9 66.4 214.7 66.9 213.8 67.3 212.7 67.7 211.5
  68.1 210.1 68.4 208.8 68.7 207.4 68.9 205.8 69.1 204.1 69.2 202.2 69.3 200.2
  69.4 198.1 69.5 195.8 69.6 193.5 69.7 191.1 69.7 188.8 69.7 186.6 69.7 184.5
  69.6 182.6 69.5 180.8 69.4 179.2 69.3 177.7 69.2 176.3 69.1 175.0 69.0 173.9
  68.9 172.8 68.7 171.9 68.6 171.0 68.6 170.2 68.5 169.5 68.4 168.9 68.4 168.4
  68.4 167.9 68.5 167.5 68.7 167.2 68.8 166.9 69.0 166.7 69.3 166.5 69.5 166.3
  69.8 166.3 70.1 166.2 70.4 166.6 70.7 167.0 70.9 167.4 71.1 167.9 71.3 168.4
  71.3 169.0 71.3 169.6 71.3 170.2 71.3 170.9 71.2 171.5 71.1 172.2 70.9 173.0
  70.7 173.8 70.5 174.6 70.3 175.4 70.0 176.2 69.7 177.1 69.3 177.5 69.0 177.9
  68.6 178.3 68.1 178.8 67.7 179.3 67.2 179.1 66.8 179.0 66.3 179.0 65.9 179.2
  65.4 179.1 65.0 179.1 64.6 179.2 64.1 179.5 63.7 179.8 63.2 179.9 62.8 180.1
  62.1 180.4 61.4 180.8 60.7 180.8 60.0 180.9 59.4 181.1 58.8 181.1 58.3 181.2
  57.8 181.4 57.3 181.5 56.9 181.7 56.4 182.0 55.9 182.4 55.5 182.4 55.0 182.5
  54.6 182.7 54.1 183.0 53.8 183.4 53.5 183.2 53.2 183.1 53.0 183.0 52.9 183.0
  52.8 183.1 52.7 183.2 52.7 183.5 52.7 183.8 52.8 184.2 52.2 184.7 51.7 185.3
  51.2 185.2 50.8 185.2 50.5 185.3 50.2 185.5 50.0 185.8 49.8 186.1 49.6 185.8
  49.5 185.5 49.4 185.2 49.3 185.0 49.2 184.7 49.2 184.5 49.2 184.3 49.1 184.1
  49.1 183.9 49.5 183.7 49.9 183.6 50.2 183.4 50.5 183.9 50.8 184.5 50.8 185.0
  50.7 185.6 50.6 186.3 50.5 187.0 50.5 187.7 50.3 188.6 49.9 189.4 49.5 189.9
  49.1 190.5 48.6 191.1 48.2 191.7 47.7 192.3 47.2 192.5 46.7 192.7 46.3 192.9
  45.8 193.0 45.5 192.7 45.1 192.4 44.8 192.0 44.6 191.6 44.4 191.1 44.3 190.5
  44.2 189.8 44.1 189.1 44.1 188.2
   1  3 69  0.0
  72.5 321.4 73.2 321.0 73.8 320.4 74.4 319.8 75.0 319.0 75.5 317.9 76.0 316.8
  76.5 315.7 77.0 314.4 77.4 313.1 77.8 311.6 78.2 310.0 78.6 308.9 78.9 307.9
  79.2 306.8 79.5 305.5 79.8 304.2 80.0 302.7 80.3 301.7 80.6 300.6 80.8 299.5
  81.0 298.4 81.2 297.2 81.4 296.1 81.7 294.8 81.8 293.6 82.0 292.3 82.3 291.6
  82.5 290.9 82.7 290.0 82.9 289.2 83.2 288.2 83.4 287.2 83.6 286.1 83.8 284.8
  84.0 283.4 84.1 281.9 84.4 281.0 84.7 280.0 84.8 278.8 85.0 277.6 85.2 276.2
  85.3 274.7 85.5 273.0 85.6 271.2 85.7 269.3 85.8 267.3 85.9 265.2 86.0 262.9
  86.1 260.6 86.2 260.9 86.3 261.1 86.5 261.3 86.6 261.3 86.7 261.3 86.8 261.2
  87.0 261.0 87.1 260.6 87.2 260.2 87.3 259.6 87.4 258.9 87.5 258.0 87.5 257.0
  87.6 255.8 87.7 254.4 87.8 252.9 87.9 251.2 88.0 249.3 88.0 247.3 88.1 245.1
  88.3 242.6 88.4 240.0 88.5 237.1 88.6 233.9 88.7 230.3 88.7 226.4 88.8 222.3
  88.8 217.9 88.9 213.5 88.9 209.0 88.8 204.5 88.8 200.1 88.7 195.7 88.6 191.3
  88.5 186.9 88.5 182.2 88.4 176.9 88.4 171.1 88.3 164.9 88.2 158.5 88.0 152.3
  87.8 146.3 87.7 140.6 87.5 135.5 87.3 131.0 87.1 127.2 86.7 124.2 86.4 121.8
  86.0 119.7 85.7 115.2 85.4 111.1 85.1 107.4 84.7 104.0 84.3 101.0 83.9  98.3
  83.6  94.1 83.2  90.2 82.8  86.4 82.5  83.0 82.1  79.8 81.7  79.3 81.4  78.7
  81.2  78.0 80.9  77.3 80.7  76.6 80.4  75.9 80.1  75.2 79.9  74.5 79.7  73.7
  79.5  72.9 79.3  72.1 79.1  71.2 78.8  70.4 78.6  69.6 78.4  68.8 78.3  68.0
  78.1  67.2 77.9  66.4 77.8  65.8 77.7  65.1 77.6  64.4 77.5  63.8 77.4  63.1
  77.3  62.5 77.2  61.8 77.1  61.2 77.0  60.5 76.8  59.9 76.7  59.2 76.5  58.5
  76.4  57.9 76.2  57.2 76.0  56.5 75.9  55.9 75.7  55.2 75.6  54.6 75.4  54.0
  75.3  53.4 75.2  52.8 75.0  52.2 74.9  51.6 74.8  51.1 74.7  50.6 74.5  50.1
  74.4  49.6 74.3  49.2 74.2  48.7 74.1  48.3 74.0  47.9 73.9  47.4 73.7  47.0
  73.6  46.6 73.4  46.1 73.2  45.7 73.0  45.3 72.8  44.9 72.6  44.5 72.3  44.0
  72.1  43.6 71.8  43.2 71.6  42.8 71.3  42.4 71.0  41.9 70.7  41.5 70.4  41.1
  70.1  40.7 69.8  40.3 69.4  39.9 69.1  39.5 68.7  39.1 68.4  38.8 68.0  38.4
  67.7  38.0 67.3  37.7 67.0  37.3 66.7  37.0 66.3  36.6 66.0  36.3 65.7  36.0
  65.3  35.8 65.0  35.6 64.6  35.3 64.2  35.1 63.8  34.9 63.4  34.7 63.0  34.6
  62.6  34.4 62.2  34.2 61.8  34.0 61.4  33.8 61.0  33.6 60.5  33.5 60.1  33.3
  59.6  33.1 59.2  33.0 58.8  32.9 58.3  32.7 57.8  32.6 57.4  32.6 57.0  32.6
  56.5  32.5 56.0  32.5 55.6  32.4 55.1  32.5 54.7  32.6 54.2  32.7 53.7  32.7
  53.3  32.9 52.8  33.0 52.3  33.1 51.8  33.2 51.3  33.4 50.9  33.6 50.4  33.8
  49.9  34.0 49.5  34.3 49.0  34.5 48.6  34.8 48.2  35.0 47.7  35.3 47.3  35.5
  46.9  35.7 46.5  35.9 46.0  36.1 45.6  36.3 45.2  36.4 44.7  36.6 44.3  36.7
  43.9  36.9 43.5  36.9 43.2  37.0
   1  4 69  0.0
  72.5 321.4 73.1 320.1 73.6 318.7 74.0 317.2 74.3 315.7 74.5 313.9 74.8 312.1
  75.0 310.3 75.1 308.5 75.2 306.6 75.2 304.8 75.2 303.0 75.1 301.3 74.9 299.6
  74.7 298.0 74.5 296.3 74.4 294.7 74.1 293.1 73.8 291.6 73.5 290.3 73.2 289.1
  72.9 288.1 72.5 287.1 72.1 286.2 71.7 285.5 71.4 285.3 71.0 285.0 70.6 284.7
  70.2 284.4 69.8 284.2 69.5 284.2 69.1 284.3 68.8 284.3 68.4 284.4 68.0 284.4
  67.7 284.5 67.3 285.0 67.0 285.5 66.6 286.0 66.2 286.5 65.9 287.0 65.6 287.6
  65.3 288.2 65.0 288.9 64.8 289.5 64.6 290.1 64.4 290.8 64.1 291.4 63.9 292.0
  63.8 292.6 63.7 293.1 63.6 293.6 63.5 294.2 63.5 294.7 63.4 295.2 63.3 295.7
  63.3 296.3 63.4 296.8 63.5 297.3 63.6 297.9 63.7 298.4 63.8 298.9 63.9 299.5
  64.1 300.0 64.2 300.5 64.4 300.9 64.6 301.4 64.7 301.9 64.9 302.4 65.1 303.0
  65.3 303.5 65.5 304.0 65.6 304.5 65.8 305.1 66.0 305.5 66.2 305.6 66.4 305.7
  66.5 305.7 66.6 305.8 66.7 305.8 66.8 305.8 66.8 305.8 66.9 305.8 66.8 305.8
  66.8 305.8 66.8 305.8 66.7 305.8 66.6 305.9 66.5 306.0 66.4 306.2 66.3 306.4
  66.1 306.6 65.9 306.9 65.7 307.4 65.5 307.9 65.2 308.4 64.7 308.9 64.0 309.4
  63.4 309.9 62.8 310.3 62.1 310.6 61.4 310.9 60.7 311.0 60.1 311.0 59.4 311.1
  58.7 310.9 58.0 310.8 57.3 310.6 56.5 310.4 55.6 310.2 54.8 309.8 53.8 309.4
  52.9 308.7 51.8 308.0 50.8 307.1 50.1 306.2 49.3 305.4 48.4 304.5 47.5 303.6
  46.9 302.5 46.2 301.4 45.3 300.4 44.5 299.1 43.8 297.8 43.1 296.2 42.3 294.6
  41.7 293.1 41.1 291.3 40.6 289.5 40.0 287.8 39.7 286.1 39.3 284.2 38.9 282.3
  38.9 280.4 38.8 278.6 39.0 276.8 39.1 275.2 39.5 273.6 39.8 272.0 40.2 270.6
  40.7 269.5 41.2 268.5 41.8 267.4 42.3 266.4 42.8 265.7 43.3 265.0 43.8 264.3
  44.2 263.6 44.5 263.3 44.8 263.0 45.1 262.7 45.4 262.5 45.6 262.3 45.8 262.1
  46.0 262.0 46.2 261.9 46.3 261.9 46.5 261.9 46.5 261.9 46.6 261.9 46.6 261.9
  46.6 262.0 46.6 262.0 46.6 262.0 46.5 262.1 46.5 262.2 46.4 262.2 46.2 262.3
  46.1 262.4 45.9 262.5 45.8 262.6 45.6 262.6 45.4 262.7 45.3 262.7 45.1 262.7
  45.0 262.8 44.8 262.8 44.6 262.8 44.5 262.8 44.3 262.8 44.1 262.8 43.8 262.8
  43.6 262.6 43.4 262.3 43.1 262.0 42.8 261.7 42.5 261.3 42.2 261.0 41.9 260.6
  41.5 260.0 41.1 259.4 40.8 258.9 40.4 258.3 40.0 257.8 39.6 257.3 39.1 256.6
  38.7 255.9 38.3 255.2 37.9 254.5 37.5 253.6 37.0 252.8 36.5 252.0 36.0 251.2
  35.4 250.1 34.8 249.0 34.2 247.8 33.7 246.6 33.2 245.1 32.7 243.5 32.5 241.8
  32.2 240.1 32.0 238.2 32.2 236.4 32.3 234.5 33.0 232.7 33.7 230.9 34.6 229.2
  35.6 227.5 36.5 225.9 37.4 224.2 38.2 222.6 38.8 221.4 39.4 220.1 40.0 219.0
  40.5 218.3 41.0 217.5 41.6 216.9 42.2 216.2 43.0 215.7 43.5 215.2 44.0 214.6
  44.4 214.0 44.9 213.5 45.4 213.0 45.9 212.5 46.4 212.0 46.8 211.7 47.1 211.4
  47.5 211.1 48.0 210.9 48.4 210.7
   1  5 69  0.0
  72.5 321.4 72.9 320.5 73.3 319.5 73.5 318.5 73.7 317.3 73.9 316.1 74.1 314.7
  74.2 312.9 74.3 311.1 74.3 309.1 74.3 307.2 74.2 305.1 74.2 303.0 74.0 301.0
  73.8 300.0 73.5 298.9 73.1 297.8 72.8 296.8 72.5 295.6 72.0 294.5 71.6 293.3
  71.2 292.8 70.8 292.2 70.4 291.4 70.0 290.6 69.6 290.6 69.2 290.5 68.8 290.3
  68.4 290.0 68.0 289.7 67.6 290.5 67.3 291.2 66.9 291.8 66.6 292.3 66.3 292.8
  66.0 293.1 65.7 294.4 65.4 295.7 65.2 296.7 64.9 297.7 64.6 298.5 64.4 299.2
  64.1 299.8 63.8 300.2 63.5 301.2 63.2 302.0 62.9 302.5 62.5 303.0 62.1 303.3
  61.8 303.4 61.4 304.1 61.1 304.6 60.8 304.9 60.4 305.1 60.1 305.1 59.8 305.1
  59.6 305.4 59.3 305.5 59.1 305.5 58.9 305.4 58.7 305.1 58.6 304.8 58.5 304.4
  58.4 304.1 58.3 303.7 58.0 303.3 57.7 302.9 57.5 302.8 57.2 302.6 56.9 302.3
  56.7 301.9 56.4 301.5 56.1 300.9 55.9 300.4 55.7 300.0 55.4 299.6 55.0 299.2
  54.6 298.8 54.1 298.4 53.6 298.0 53.1 297.7 52.6 297.3 52.1 296.9 51.5 296.4
  51.0 295.9 50.3 295.3 49.5 294.7 48.8 294.0 48.1 293.4 47.4 292.7 46.8 291.9
  45.7 291.0 44.7 289.8 43.7 288.5 42.8 287.1 41.7 285.5 40.8 283.8 39.6 282.1
  38.7 280.3 37.8 278.3 37.0 276.5 36.3 274.4 35.9 272.3 35.5 270.4 35.3 268.6
  35.1 266.8 35.1 264.9 35.1 263.1 35.2 261.2 35.4 259.3 35.8 257.5 36.1 255.9
  36.7 254.1 37.3 252.4 37.9 251.0 38.5 249.7 39.2 248.3 39.9 246.9 40.5 245.7
  41.3 244.4 42.0 243.2 42.7 242.0 43.5 240.8 44.2 239.6 44.8 238.5 45.5 237.4
  46.2 236.2 46.9 235.1 47.4 233.9 47.9 232.7 48.4 231.5 48.7 230.4 49.0 229.2
  49.3 228.1 49.7 227.0 49.8 226.0 49.9 225.0 50.1 224.0 50.2 223.1 50.1 222.4
  50.0 221.7 49.9 221.0 49.9 220.4 49.8 219.8 49.5 219.2 49.2 218.7 48.8 218.3
  48.5 217.9 48.1 217.6 47.8 217.3 47.4 217.0 47.1 216.8 46.7 216.6 46.4 216.4
  46.1 216.3 45.7 216.2 45.4 216.1 45.1 216.0 44.5 215.9 43.9 215.8 43.4 215.4
  42.8 215.1 42.2 214.7 41.7 214.4 41.1 213.8 40.5 213.1 39.8 212.5 39.2 211.8
  38.4 211.1 37.5 210.4 36.7 209.5 35.8 208.6 35.0 207.4 34.2 206.1 33.5 204.7
  32.7 203.2 32.3 201.7 31.8 200.2 31.3 198.8 31.2 197.4 31.0 196.0 30.7 194.7
  30.9 193.4 31.1 192.1 31.2 190.9 31.7 189.7 32.2 188.5 32.7 187.5 33.3 186.5
  34.0 185.5 34.6 184.6 35.3 183.9 36.1 183.2 36.9 182.7 37.6 182.2 38.3 181.8
  39.0 181.4 39.5 181.2 40.1 180.9 40.5 180.8 41.0 180.7 41.3 180.6 41.7 180.6
  42.0 180.6 42.2 180.6 42.4 180.7 42.6 180.6 42.8 180.6 43.0 180.5 43.1 180.4
  43.2 180.3 43.3 180.1 43.4 180.0 43.4 179.8 43.3 179.5 43.2 179.3 43.1 179.0
  43.0 178.6 42.9 178.3 42.7 177.9 42.6 177.5 42.4 177.1 42.3 176.7 42.1 176.3
  41.9 175.8 41.7 175.4 41.5 174.9 41.2 174.4 41.0 174.0 40.7 173.5 40.4 173.0
  40.1 172.4 39.8 171.9 39.6 171.3 39.4 170.7 39.3 170.0 39.1 169.3 38.9 168.6
  38.6 167.8 38.6 166.9 38.6 166.1
   1  6 69  0.0
  72.5 321.4 72.3 321.3 72.2 321.1 72.0 320.8 71.9 320.6 71.8 320.5 71.7 320.5
  71.7 320.4 71.6 320.3 71.6 320.1 71.5 319.9 71.2 319.7 70.9 319.4 70.6 319.2
  70.4 318.9 70.1 318.6 69.8 318.3 69.6 318.0 69.5 317.8 69.3 317.5 69.1 317.3
  69.0 317.0 68.9 316.7 68.8 316.4 68.7 316.1 68.7 315.8 68.3 315.5 68.0 315.2
  67.7 315.0 67.3 314.8 67.0 314.6 66.6 314.3 66.3 314.1 65.9 313.8 65.6 313.8
  65.2 313.7 64.8 313.7 64.4 313.6 64.0 313.5 63.6 313.4 63.2 313.7 62.8 313.9
  62.4 314.1 62.0 314.2 61.6 314.6 61.1 314.9 60.5 315.1 59.9 315.2 59.2 315.7
  58.5 316.1 58.1 316.4 57.7 316.6 57.2 317.3 56.6 317.8 56.0 318.3 55.3 318.7
  54.6 319.3 53.7 319.9 52.9 320.6 52.2 321.2 51.5 321.8 50.8 322.3 50.1 322.7
  49.4 323.1 48.7 323.3 48.1 323.4 47.6 323.6 47.1 323.5 46.7 323.4 46.3 323.4
  45.9 323.4 45.6 323.4 45.3 323.3 45.0 323.3 44.7 323.3 44.5 323.3 44.3 323.3
  44.2 323.3 44.0 323.3 43.9 323.2 43.9 323.2 43.8 323.3 43.8 323.3 43.8 323.3
  43.8 323.4 43.8 323.4 43.8 323.5 43.8 323.6 43.8 323.7 43.8 323.8 43.7 323.9
  43.6 324.0 43.6 324.2 43.5 324.3 43.4 324.5 43.3 324.7 43.1 325.0 43.0 325.2
  42.8 325.5 42.6 325.8 42.4 326.1 42.2 326.4 42.0 326.7 41.8 327.1 41.6 327.4
  41.4 327.7 41.2 328.1 41.1 328.4 41.0 328.8 40.9 329.2 40.9 329.6 40.9 330.0
  40.9 330.4 40.9 330.9 40.9 331.5 41.0 332.1 40.9 332.7 40.9 333.4 40.9 334.1
  40.9 334.8 40.9 335.6 40.9 336.4 40.8 337.1 40.7 337.8 40.7 338.5 40.6 339.2
  40.5 339.8 40.4 340.5 40.5 341.1 40.7 341.7 40.8 342.3 41.0 342.8 41.2 343.4
  41.4 343.9 41.6 344.3 42.0 344.7 42.5 345.1 43.0 345.4 43.5 345.7 44.1 346.1
  44.7 346.5 45.3 347.0 45.9 347.5 46.5 348.0 47.0 348.7 47.5 349.5 48.0 350.2
  48.6 350.8 49.2 351.3 49.7 351.8 50.3 352.2 51.0 352.6 51.6 352.9 52.3 353.2
  53.0 353.5 53.7 353.9 54.4 354.3 55.1 354.6 55.8 354.9 56.5 355.3 57.2 355.6
  57.9 355.9 58.5 356.3 59.2 356.5 59.9 356.7 60.6 357.0 61.3 357.0 61.9 357.0
  62.5 357.0 63.1 356.6 63.7 356.2 64.3 355.8 64.9 354.8 65.5 353.8 66.1 352.9
  66.8 351.3 67.3 349.7 67.8 348.1 68.3 346.5 68.7 344.2 69.1 342.0 69.5 339.8
  69.9 337.6 70.4 335.6 70.8 333.0 71.2 330.4 71.5 327.9 71.5 325.4 71.6 323.1
  71.5 320.9 71.4 319.0 71.2 317.2 71.0 315.7 70.7 314.3 70.4 313.1 70.0 311.9
  69.7 310.9 69.4 310.5 69.2 310.2 68.9 309.9 68.6 309.6 68.4 309.4 68.1 309.2
  67.9 309.0 67.7 309.5 67.4 310.0 67.2 310.4 67.0 310.8 66.7 311.2 66.5 311.5
  66.2 311.7 66.0 312.0 65.7 312.8 65.4 313.5 65.0 314.2 64.6 314.7 64.2 315.2
  63.7 315.6 63.2 316.4 62.6 317.2 62.0 317.8 61.4 318.3 60.7 319.1 59.9 319.8
  59.1 320.7 58.3 321.5 57.4 322.2 56.5 323.0 55.5 323.7 54.5 324.3 53.6 324.9
  52.8 325.2 52.0 325.6 51.2 325.9 50.5 326.1 49.7 326.2 49.0 326.1 48.2 326.0
  47.5 326.0 46.8 325.6 46.1 325.2
   1  7 69  0.0
  72.5 321.4 72.2 321.8 72.0 322.2 71.8 322.3 71.5 322.5 71.2 322.5 70.9 322.6
  70.6 322.6 70.2 322.6 69.8 322.6 69.5 322.7 69.0 322.9 68.6 323.0 68.1 323.2
  67.6 323.4 67.1 323.7 66.6 323.9 66.2 324.0 66.1 324.1 66.0 324.2 65.9 324.3
  65.9 324.4 65.9 324.5 65.9 324.6 65.9 324.7 65.9 324.7 65.9 324.7 66.0 324.7
  66.1 324.7 66.2 324.6 66.4 324.4 66.6 324.3 66.8 324.2 67.0 324.1 67.3 323.9
  67.2 323.8 67.2 323.7 67.1 323.5 67.1 323.3 67.1 323.1 67.2 322.9 67.2 322.6
  67.3 322.3 67.4 322.0 67.5 321.6 67.6 321.3 67.8 320.9 67.9 320.5 68.2 320.1
  68.4 319.6 68.4 319.1 68.3 318.5 68.3 318.0 68.3 317.4 68.3 316.9 68.3 316.3
  68.4 315.7 68.2 315.1 68.0 314.5 67.8 314.0 67.6 313.6 67.4 313.2 67.3 312.8
  67.2 312.5 67.0 312.2 66.9 311.9 66.6 311.6 66.3 311.3 66.0 311.1 65.6 311.2
  65.3 311.3 65.0 311.4 64.6 311.5 64.2 311.6 63.8 311.6 63.4 311.9 62.9 312.1
  62.8 312.2 62.6 312.3 62.3 312.3 62.1 312.3 61.8 312.2 61.5 312.6 61.2 312.8
  60.9 313.0 60.5 313.2 60.1 313.3 59.7 313.2 59.3 313.6 58.8 313.8 58.4 313.9
  57.9 313.9 57.4 314.4 56.8 314.7 56.2 314.9 55.4 315.0 54.7 315.6 53.8 316.0
  53.2 316.6 52.6 317.0 51.9 317.2 51.2 317.4 50.6 317.4 49.9 317.4 49.3 317.2
  48.7 317.0 48.1 316.7 47.6 316.4 47.1 316.0 46.7 315.7 45.8 315.3 45.1 315.0
  44.4 314.6 43.9 314.2 43.5 313.8 43.1 313.4 42.9 312.9 42.8 312.4 42.7 311.9
  42.3 311.4 42.0 310.9 41.8 310.4 41.7 309.8 41.6 309.1 41.7 308.3 41.7 307.5
  41.4 306.6 41.3 305.6 41.2 304.5 41.2 303.4 40.8 302.1 40.5 300.8 40.3 299.5
  39.9 298.3 39.6 297.2 39.3 296.1 39.1 295.0 38.5 293.8 38.0 292.6 37.6 291.5
  36.9 290.3 36.3 288.9 35.9 287.5 35.4 286.2 34.9 285.0 34.4 283.8 33.9 282.5
  33.4 281.4 33.0 280.3 32.5 279.2 32.2 278.0 31.9 276.7 31.6 275.7 31.3 274.7
  31.0 273.6 30.7 272.6 30.5 271.5 30.2 270.4 30.0 269.4 29.7 268.5 29.4 267.7
  29.3 266.9 29.1 266.1 28.9 265.3 28.6 264.5 28.4 263.7 28.1 263.0 27.8 262.3
  27.5 261.7 27.2 261.2 26.8 260.7 26.4 260.2 26.1 259.7 25.8 259.2 25.6 258.6
  25.4 258.1 25.2 257.4 24.9 256.8 24.7 256.0 24.5 255.2 24.6 254.4 24.6 253.5
  24.7 252.6 24.7 251.7 24.8 250.9 25.0 250.1 25.2 249.4 25.3 248.7 25.5 248.0
  25.6 247.4 25.8 246.9 26.0 246.4 26.3 245.8 26.5 245.2 26.8 244.7 27.0 244.1
  27.2 243.5 27.4 242.9 27.7 242.3 28.0 241.6 28.2 241.0 28.5 240.3 28.8 239.7
  29.2 239.0 29.7 238.5 30.2 238.0 30.6 237.2 31.1 236.4 31.5 235.7 31.7 235.0
  31.9 234.3 32.1 233.6 32.3 232.8 32.4 232.0 32.6 231.4 32.9 230.7 33.1 230.1
  33.4 229.6 33.8 229.1 34.1 228.6 34.4 228.0 34.7 227.3 35.0 226.7 35.2 226.1
  35.4 225.4 35.6 224.8 35.8 224.2 36.0 223.5 36.0 222.4 35.9 221.7 35.8 220.9
  35.8 220.0 35.7 219.1 35.6 218.2 35.4 217.1 35.3 216.0 35.2 214.9 35.0 213.6
  34.8 212.3 34.6 211.0 34.3 209.5
   1  8 69  0.0
  72.5 321.4 72.1 320.2 71.7 319.0 71.2 318.1 70.7 317.3 70.3 316.5 69.8 315.7
  69.2 315.1 68.6 314.6 68.0 314.2 67.4 313.7 66.9 313.4 66.3 313.2 65.8 312.9
  65.2 312.9 64.7 312.8 64.1 312.7 63.5 312.6 62.8 312.8 62.2 313.0 61.5 313.1
  60.8 313.6 60.1 314.0 59.3 314.4 58.5 315.2 57.7 315.8 56.9 316.3 56.2 316.8
  55.5 317.1 54.8 317.0 54.1 316.9 53.3 316.8 52.6 316.3 51.9 315.7 51.1 315.0
  50.3 314.2 49.5 313.3 48.7 312.2 48.0 311.1 47.1 310.0 46.2 308.9 45.3 307.9
  44.4 306.8 43.6 305.7 42.7 304.3 41.9 302.9 41.3 301.2 40.6 299.4 40.0 297.5
  39.4 295.6 39.0 293.7 38.4 291.9 38.0 290.2 37.5 288.6 36.9 287.1 36.4 285.6
  35.8 284.1 35.2 282.5 34.9 280.9 34.6 279.4 34.6 278.1 34.5 276.8 34.4 275.6
  34.3 274.4 34.3 273.2 34.3 272.0 34.7 270.7 35.0 269.6 35.5 268.4 36.1 267.4
  36.7 266.3 37.3 265.3 37.9 264.3 38.6 263.3 39.1 262.4 39.7 261.5 40.5 260.7
  41.3 259.9 42.1 259.2 42.9 258.6 43.7 258.0 44.6 257.5 45.4 256.9 46.2 256.3
  47.0 255.6 47.6 255.0 48.1 254.3 48.7 253.6 49.3 252.8 49.9 252.0 50.5 251.3
  51.0 250.4 51.4 249.5 51.8 248.6 52.2 247.8 52.4 246.7 52.6 245.6 52.7 244.5
  52.9 243.3 52.9 242.2 52.8 241.0 52.8 239.8 52.5 238.6 52.3 237.4 52.0 236.2
  51.8 235.0 51.3 233.9 50.9 232.8 50.4 231.6 49.7 230.3 49.0 229.1 48.4 227.9
  47.5 226.7 46.6 225.5 45.8 224.2 45.1 223.0 44.3 221.7 43.5 220.3 42.8 218.9
  42.0 217.5 41.2 216.2 40.4 214.8 39.5 213.4 38.7 212.3 37.9 211.1 37.1 210.0
  36.3 208.9 35.4 207.7 34.6 206.6 33.8 205.6 33.0 204.5 32.1 203.5 31.4 202.4
  30.7 201.2 30.0 200.0 29.3 198.8 28.7 197.6 27.9 196.5 27.1 195.2 26.4 194.1
  25.7 192.9 24.9 191.3 24.8 189.7 24.6 188.1 24.5 186.8 24.9 185.6 25.3 184.5
  25.6 183.6 26.2 182.7 26.8 182.1 27.3 181.3 27.8 180.6 28.2 179.8 29.0 179.1
  29.7 178.4 30.4 177.7 31.1 177.2 31.7 176.6 32.3 176.0 32.8 175.6 33.2 175.2
  33.6 174.8 33.9 174.4 34.2 173.9 34.4 173.7 34.6 173.4 34.7 173.2 34.7 172.9
  34.7 172.5 34.6 172.1 34.6 171.7 34.9 171.3 35.2 170.8 35.4 170.4 35.6 169.9
  35.7 169.4 35.8 168.9 35.8 168.4 35.8 167.9 36.0 167.3 36.1 166.6 36.1 165.9
  36.1 165.0 36.1 164.0 36.1 162.8 35.9 161.5 35.8 160.2 35.6 158.8 35.2 157.2
  34.8 155.5 34.5 153.6 34.2 151.6 34.1 149.4 34.0 147.3 34.1 145.7 34.2 143.6
  34.2 141.7 34.3 139.7 34.4 137.8 34.5 135.9 34.8 134.2 35.1 132.5 35.4 131.0
  35.7 129.6 36.0 128.3 36.3 127.1 36.3 125.4 36.3 123.8 36.4 122.3 36.4 120.9
  36.4 119.5 36.4 118.2 36.5 116.9 36.5 115.5 36.6 114.2 36.7 112.8 36.7 111.3
  36.8 109.9 36.8 108.4 36.8 107.1 36.8 105.8 36.8 104.5 36.9 103.3 36.9 102.0
  36.9 100.7 37.0  99.4 37.0  98.0 37.0  96.5 37.0  95.0 37.1  93.5 37.1  92.0
  37.3  90.5 37.5  89.2 37.7  87.8 37.9  86.6 38.1  85.4 38.3  84.2 38.5  83.1
  38.7  82.0 39.0  80.9 39.2  79.8
   1  9 69  0.0
  72.5 321.4 72.3 319.9 72.1 318.4 71.9 316.8 71.7 315.9 71.4 314.9 71.1 313.9
  70.8 312.9 70.4 311.9 70.0 310.9 69.6 309.8 69.3 309.2 68.9 308.6 68.5 307.9
  68.1 307.2 67.6 306.5 67.2 306.1 66.7 305.6 66.2 305.2 65.6 304.7 65.1 304.7
  64.5 304.7 63.9 304.6 63.4 305.1 62.9 305.6 62.4 306.1 61.9 306.6 61.4 307.5
  61.0 308.4 60.6 309.3 60.2 310.2 59.8 311.1 59.4 312.3 59.0 313.4 58.6 314.6
  58.2 315.7 57.7 316.7 57.2 317.6 56.6 318.5 56.0 319.2 55.3 319.6 54.7 319.9
  54.0 320.2 53.5 320.5 53.1 320.3 52.6 320.2 52.2 320.0 51.8 319.8 51.1 319.4
  50.4 318.9 49.6 318.4 48.9 317.8 48.3 317.1 47.7 316.4 47.1 315.5 46.4 314.7
  45.8 313.7 45.2 312.7 44.7 311.5 43.9 310.3 43.0 309.1 42.2 307.9 41.5 306.5
  40.9 305.0 40.2 303.5 39.8 301.8 39.3 300.2 38.9 298.5 38.3 296.7 37.7 294.9
  37.1 293.2 36.6 291.4 36.1 289.7 35.5 288.1 34.8 286.7 34.3 285.2 33.7 283.8
  33.3 282.4 32.9 281.0 32.4 279.7 32.1 278.5 31.8 277.3 31.5 276.3 31.1 275.4
  30.9 274.6 30.8 273.7 30.6 272.9 30.4 272.0 30.2 271.2 30.2 270.4 30.2 269.6
  30.2 268.9 30.2 268.3 30.3 267.7 30.3 267.2 30.4 266.7 30.4 266.4 30.4 266.0
  30.4 265.7 30.5 265.4 30.5 265.1 30.6 264.8 30.7 264.5 30.7 264.2 30.8 263.9
  31.0 263.6 31.1 263.3 31.3 263.0 31.4 262.7 31.6 262.3 31.8 262.0 32.0 261.6
  32.2 261.2 32.4 260.8 32.7 260.4 33.0 260.0 33.2 259.6 33.5 259.2 33.7 258.8
  34.0 258.4 34.3 257.9 34.5 257.5 34.8 257.1 35.2 256.6 35.5 256.2 35.9 255.7
  36.2 255.3 36.7 254.8 37.1 254.3 37.5 253.8 37.9 253.2 38.4 252.7 38.8 252.2
  39.3 251.7 39.7 251.2 40.2 250.7 40.6 250.2 41.1 249.6 41.6 249.0 42.1 248.4
  42.6 247.9 43.1 247.2 43.5 246.6 44.0 245.9 44.4 245.2 44.9 244.5 45.3 243.7
  45.6 242.9 45.8 242.0 46.1 241.0 46.4 240.1 46.6 239.1 46.9 238.0 47.3 236.9
  47.6 235.7 47.8 234.5 48.1 233.2 48.4 232.0 48.4 230.8 48.4 229.6 48.4 228.4
  48.3 227.2 48.2 226.0 48.1 224.8 48.0 223.6 47.9 222.3 47.8 220.9 47.8 219.5
  47.6 218.1 47.5 216.7 47.4 215.3 47.2 214.0 47.0 212.8 46.8 211.6 46.6 210.4
  46.5 209.2 46.4 208.1 46.3 207.0 46.2 205.8 46.2 204.7 46.3 203.5 46.3 202.4
  46.3 201.3 46.3 200.4 46.4 199.6 46.4 198.9 46.5 198.3 46.6 197.8 46.7 197.3
  46.8 197.0 46.9 196.7 47.0 196.4 47.1 196.2 47.3 196.0 47.5 195.8 47.6 195.6
  47.8 195.3 48.0 195.0 48.1 194.7 48.3 194.6 48.4 194.4 48.6 194.2 48.7 194.1
  48.9 193.9 49.0 193.7 49.1 193.5 49.3 193.3 49.4 193.2 49.5 193.0 49.7 192.8
  49.8 192.6 49.9 192.5 50.1 192.3 50.2 192.4 50.3 192.4 50.4 192.5 50.5 192.6
  50.6 192.7 50.6 192.7 50.7 192.8 50.8 192.9 50.9 192.9 50.9 193.0 51.0 193.1
  51.1 193.2 51.1 193.2 51.2 193.3 51.3 193.4 51.3 193.5 51.4 193.6 51.4 193.7
  51.4 193.8 51.5 194.0 51.5 194.1 51.5 194.3 51.5 194.5 51.5 194.8 51.5 195.1
  51.5 195.4 51.4 195.7 51.4 196.1
   1 10 69  0.0
  72.5 321.4 72.6 320.3 72.6 319.2 72.7 318.2 72.7 317.2 72.8 316.2 72.8 315.3
  72.8 314.3 72.8 313.4 72.8 312.5 72.8 311.6 72.7 310.7 72.7 309.8 72.7 308.9
  72.6 307.9 72.5 306.8 72.4 305.7 72.3 304.4 72.1 303.2 72.0 301.8 71.8 300.8
  71.6 299.9 71.4 298.8 71.1 297.8 70.8 296.7 70.5 295.6 70.1 294.5 69.7 293.3
  69.3 292.8 68.9 292.3 68.5 291.7 68.0 291.1 67.5 291.0 67.0 290.9 66.4 290.7
  65.9 290.6 65.4 290.6 64.8 290.7 64.3 290.7 63.7 290.6 63.2 290.5 62.6 290.4
  62.1 290.3 61.6 290.1 61.1 290.0 60.5 290.0 60.0 289.9 59.5 289.8 59.0 289.9
  58.4 289.9 57.9 289.9 57.4 289.9 56.9 289.9 56.3 289.8 55.8 289.6 55.2 289.5
  54.6 289.4 53.9 289.3 53.2 289.1 52.5 288.9 51.7 288.7 51.0 288.4 50.2 288.1
  49.5 287.8 48.8 287.4 48.2 287.0 47.5 286.5 46.8 286.2 46.1 285.8 45.3 285.4
  44.5 285.0 43.6 284.5 42.7 283.9 41.8 283.2 40.9 282.2 40.1 281.3 39.3 280.2
  38.6 279.0 38.0 277.7 37.5 276.2 37.1 274.6 37.0 272.9 36.8 271.0 37.1 269.1
  37.4 267.2 38.2 265.4 39.1 263.7 40.1 262.0 41.1 260.4 42.1 258.9 43.1 257.4
  44.1 256.0 45.1 254.6 45.9 253.2 46.7 251.8 47.3 250.3 47.9 248.7 48.5 247.1
  48.9 245.5 49.3 243.8 49.4 242.1 49.6 240.3 49.7 238.5 49.6 236.8 49.6 235.0
  49.3 233.2 49.1 231.4 48.5 229.7 47.9 228.1 47.4 226.5 46.7 224.8 45.9 223.2
  45.2 221.6 44.4 220.1 43.7 218.4 43.0 216.9 42.4 215.3 41.9 213.7 41.4 212.3
  41.0 210.9 40.6 209.5 40.3 208.2 39.9 206.9 39.7 205.9 39.5 205.0 39.3 204.0
  39.1 203.2 39.3 202.3 39.4 201.5 39.5 200.6 39.7 199.8 40.0 199.0 40.3 198.2
  40.7 197.0 41.1 196.0 41.5 195.0 41.9 194.1 42.4 193.3 42.9 192.3 43.4 191.4
  44.0 190.6 44.6 189.9 45.3 188.9 46.1 188.0 46.9 187.0 47.8 186.0 48.8 185.2
  49.8 184.2 50.9 183.3 51.7 182.6 52.5 182.0 53.4 181.5 54.2 181.1 55.1 180.8
  55.9 180.5 56.7 180.2 57.5 179.9 57.9 179.6 58.3 179.3 58.7 179.0 59.2 178.7
  59.7 178.4 60.2 178.1 60.8 177.8 61.4 177.4 62.0 177.1 62.7 176.6 63.5 176.0
  64.2 175.5 64.6 174.8 65.1 174.1 65.6 173.4 66.1 172.7 66.6 171.9 66.8 171.2
  67.0 170.4 67.3 169.7 67.5 169.1 67.8 168.4 68.0 167.8 68.1 167.1 68.1 166.5
  68.2 165.8 68.3 165.1 68.4 164.5 68.5 163.8 68.5 163.1 68.4 162.4 68.4 161.7
  68.3 161.1 68.3 160.5 68.3 159.9 68.0 159.3 67.7 158.8 67.4 158.7 67.0 158.6
  66.7 158.4 66.4 158.3 66.0 158.2 65.6 158.6 65.3 159.0 64.9 159.3 64.5 159.6
  64.0 159.9 63.5 160.8 63.1 161.5 62.6 162.1 62.0 162.6 61.4 162.9 60.7 163.6
  60.0 164.2 59.4 165.1 58.7 165.9 57.9 166.6 57.2 167.4 56.3 168.1 55.6 168.8
  54.9 169.5 54.2 170.1 53.3 170.7 52.5 171.1 51.6 171.5 50.7 171.8 49.8 172.1
  49.4 172.5 48.9 172.8 48.5 173.1 48.1 173.4 47.7 173.7 47.3 174.1 46.9 174.4
  46.5 174.8 46.0 175.1 45.5 175.5 44.9 175.8 44.4 176.1 44.2 176.4 43.9 176.7
  43.7 176.9 43.5 177.0 43.2 177.1
   1 11 69  0.0
  72.5 321.4 72.8 320.9 73.1 320.4 73.4 319.9 73.6 319.4 73.9 318.8 74.2 318.3
  74.4 317.3 74.7 316.3 75.0 315.3 75.2 314.1 75.4 312.9 75.6 311.6 75.7 310.2
  75.8 308.8 75.9 307.4 75.9 305.9 75.9 304.4 75.9 302.9 75.9 301.5 75.8 300.0
  75.7 298.6 75.5 297.3 75.3 296.0 75.1 294.9 74.8 293.8 74.5 292.7 74.1 291.7
  73.7 290.7 73.3 290.0 72.9 289.4 72.4 288.7 72.0 288.0 71.6 287.6 71.0 287.2
  70.4 286.8 69.7 286.5 69.1 286.4 68.4 286.3 67.6 286.1 66.9 286.2 66.2 286.3
  65.4 286.3 64.6 286.5 63.8 286.7 63.1 286.9 62.3 287.1 61.4 287.3 60.6 287.6
  59.8 287.9 59.1 288.3 58.6 288.8 58.2 289.2 57.7 289.6 57.2 290.1 56.7 290.7
  56.3 291.2 55.7 291.6 55.3 292.4 54.9 293.1 54.5 293.8 54.1 294.5 53.6 295.0
  53.2 295.8 52.7 296.5 52.3 297.0 51.9 297.3 51.4 297.6 50.9 297.8 50.3 297.9
  49.8 297.9 49.2 297.9 48.6 297.9 47.9 297.8 47.2 297.9 46.5 297.8 45.7 297.8
  44.9 297.7 44.1 297.6 43.3 297.4 42.4 297.0 41.7 296.6 40.9 295.8 40.0 295.0
  39.1 294.1 38.4 293.1 37.6 292.1 37.0 290.9 36.2 289.7 35.5 288.3 34.8 286.8
  34.1 285.2 33.4 283.4 32.9 281.7 32.5 279.9 32.6 278.0 32.6 276.2 32.7 274.3
  33.0 272.6 33.3 271.0 33.8 269.6 34.2 268.2 34.7 266.5 35.3 264.9 36.1 263.6
  36.8 262.0 37.7 260.6 38.6 259.4 39.5 258.1 40.4 256.9 41.3 255.5 42.0 254.2
  42.8 252.9 43.6 251.6 44.3 250.3 45.0 248.8 45.6 247.3 46.0 245.9 46.5 244.2
  46.9 242.4 47.2 240.7 47.4 239.0 47.4 237.2 47.4 235.3 47.1 233.4 46.8 231.5
  46.2 229.7 45.6 227.9 44.9 226.3 44.1 224.7 43.4 223.2 42.7 221.8 42.0 220.4
  41.3 219.0 40.8 217.6 40.2 216.2 39.7 214.8 39.2 213.7 38.7 212.5 38.3 211.4
  37.9 210.3 37.5 209.4 37.1 208.5 36.7 207.6 36.5 206.8 36.3 205.9 36.0 205.2
  35.8 204.4 35.4 203.9 35.5 203.3 35.5 202.8 35.6 202.4 35.6 201.9 35.6 201.5
  35.6 201.2 35.6 200.8 35.6 200.5 35.6 200.2 35.6 199.9 35.8 199.7 36.1 199.4
  36.3 199.0 36.6 198.7 36.9 198.3 37.1 198.0 37.4 197.7 37.7 197.5 38.0 197.3
  38.3 196.9 38.6 196.5 38.9 196.2 39.2 195.8 39.5 195.5 39.8 195.1 40.1 194.8
  40.4 194.1 40.8 193.5 41.1 192.8 41.5 192.2 41.8 191.6 42.2 191.0 42.5 190.2
  42.9 189.4 43.3 188.7 43.7 188.0 44.2 187.4 44.7 186.7 45.2 186.0 45.8 185.4
  46.4 184.9 47.1 184.3 47.8 183.7 48.4 183.2 49.0 182.7 49.6 182.2 50.2 181.7
  50.9 181.3 51.5 180.9 52.1 180.6 52.7 180.2 53.3 179.9 53.5 179.6 53.7 179.3
  53.9 179.1 54.0 178.9 54.2 178.5 54.4 178.2 54.6 177.9 54.8 177.7 54.9 177.4
  55.1 177.2 55.3 177.0 55.4 176.8 55.5 176.6 55.7 176.4 55.8 176.2 55.9 176.1
  55.9 175.9 55.7 175.8 55.5 175.7 55.2 175.6 54.9 175.5 54.5 175.5 54.2 175.5
  53.8 175.5 53.4 175.5 52.9 175.6 52.5 175.6 52.0 175.7 51.5 175.8 51.0 175.9
  50.5 176.0 49.9 176.1 49.9 176.3 49.8 176.5 49.7 176.7 49.6 176.8 49.6 177.0
  49.5 177.2 49.5 177.4 49.5 177.5
   1 12 69  0.0
  72.5 321.4 73.1 320.8 73.7 320.1 74.3 319.3 74.8 318.0 75.3 316.6 75.7 315.0
  76.1 313.3 76.5 311.2 76.6 308.7 76.8 306.2 76.8 303.5 76.8 300.7 76.7 297.9
  76.5 295.3 76.2 292.9 75.9 290.6 75.5 288.6 75.2 286.7 74.7 284.9 74.2 283.2
  73.6 281.5 73.0 280.0 72.3 278.4 71.6 276.8 70.9 275.6 70.2 274.4 69.4 273.1
  68.8 272.1 68.1 271.1 67.3 270.1 66.6 269.6 65.8 269.1 65.1 268.9 64.4 268.7
  63.6 268.5 62.9 268.6 62.2 268.7 61.4 268.7 60.7 268.9 60.0 269.0 59.4 269.2
  58.8 269.4 58.2 269.6 57.6 269.8 57.0 270.1 56.5 270.5 56.0 270.8 55.6 271.1
  55.1 271.5 54.7 272.0 54.4 272.5 54.2 273.0 53.9 273.4 53.7 274.2 53.4 274.9
  53.2 275.7 53.0 276.4 52.7 277.1 52.3 277.7 52.0 278.2 51.6 278.7 51.2 279.2
  50.9 279.5 50.5 279.8 50.1 279.9 49.7 280.0 49.7 279.9 49.3 279.6 49.0 279.3
  48.8 279.0 48.5 278.6 48.3 278.1 48.2 277.5 48.1 277.0 48.0 276.5 47.9 275.7
  47.5 275.0 47.2 274.2 46.9 273.4 46.6 272.7 46.5 271.9 46.2 271.0 46.0 270.2
  45.9 269.2 45.9 268.0 45.7 266.7 45.6 265.3 45.6 263.9 45.5 262.5 45.4 261.0
  45.4 259.4 45.4 257.8 45.4 256.1 45.4 254.3 45.3 252.4 45.3 250.4 45.2 248.3
  45.1 246.1 45.0 244.0 44.9 241.9 44.7 239.7 44.5 237.6 44.3 235.4 44.2 233.2
  44.1 231.1 44.1 228.9 44.1 226.9 44.0 224.9 43.8 222.8 43.8 220.9 43.7 219.2
  43.9 217.7 44.0 216.3 44.0 215.0 44.5 214.0 44.9 213.1 45.4 212.1 45.9 211.2
  46.9 210.3 48.0 209.5 49.2 208.7 50.5 208.4 51.9 208.5 53.2 208.6 54.5 208.8
  55.7 208.9 56.8 209.1 58.0 209.3 59.0 209.4 60.1 209.5 61.1 209.3 62.2 209.3
  63.2 208.9 64.2 208.6 65.1 207.8 66.1 207.0 67.1 205.8 68.0 204.5 69.0 202.7
  69.8 200.9 70.6 199.1 71.4 197.0 72.2 194.7 72.9 192.3 73.5 189.6 74.1 186.9
  74.6 184.2 75.1 181.5 75.5 178.8 75.9 176.1 76.2 173.6 76.6 171.4 76.8 169.2
  77.1 167.2 77.3 165.2 77.5 163.3 77.7 161.5 77.9 159.6 78.0 157.7 78.2 155.9
  78.3 154.0 78.4 152.2 78.6 150.4 78.7 148.5 78.8 146.7 78.9 145.0 79.1 143.3
  79.2 141.6 79.3 140.0 79.5 138.5 79.6 137.0 79.8 135.6 79.9 134.3 80.1 133.0
  80.3 131.1 80.6 129.1 80.8 127.2 81.0 125.2 81.3 123.2 81.5 121.1 81.8 118.9
  81.9 116.7 82.1 114.5 82.3 111.3 82.4 108.1 82.5 104.7 82.7 101.4 82.7  98.0
  82.8  94.6 82.9  91.2 83.0  87.7 83.0  84.1 83.1  80.3 83.2  76.6 83.2  76.1
  83.3  75.7 83.3  75.3 83.4  74.9 83.4  74.5 83.5  74.1 83.5  73.7 83.6  73.3
  83.6  72.9 83.7  72.5 83.8  72.2 83.8  71.8 83.9  71.4 83.9  71.0 84.0  70.6
  84.0  70.1 84.1  69.7 84.1  69.2 84.1  68.7 84.2  68.2 84.2  67.7 84.2  67.2
  84.2  66.7 84.2  66.2 84.2  65.6 84.2  65.1 84.2  64.5 84.1  63.9 84.1  63.2
  84.1  62.6 84.0  61.9 84.0  61.2 83.9  60.4 83.9  59.6 83.9  58.8 83.8  58.1
  83.8  57.3 83.7  56.6 83.6  55.9 83.5  55.3 83.3  54.6 83.2  54.0 83.0  53.5
  82.8  53.0 82.6  52.5 82.3  52.0
   1 13 69  0.0
  72.5 321.4 73.3 322.6 74.0 323.8 74.6 325.0 75.4 325.9 76.1 326.9 76.8 327.5
  77.4 328.1 78.1 328.8 78.8 329.4 79.4 330.1 80.1 330.8 80.7 331.8 81.4 333.1
  81.9 334.5 82.4 336.2 83.1 338.1 83.7 340.3 84.2 343.1 84.8 345.7 85.4 349.2
  85.8 353.8 86.2 359.6 86.7   4.1 87.0   4.4 87.3   4.7 87.5   5.1 87.7   5.4
  87.9   5.7 88.1   6.1 88.2   6.4 88.4   6.8 88.5   7.1 88.6   7.5 88.7   7.9
  88.7   8.3 88.8   8.7 88.8   9.1 88.8   9.5 88.8   9.9 88.9  10.3 88.9  10.7
  89.0  11.1 89.0  11.5 89.1  11.9 89.1  12.3 89.2  12.7 89.2  13.1 89.2  13.5
  89.3  13.9 89.3  14.3 89.4  14.7 89.4  15.1 89.4  15.4 89.5  15.8 89.5  16.1
  89.5  16.5 89.5  16.8 89.5  17.1 89.6  17.5 89.6  17.8 89.6  18.1 89.6  18.4
  89.7  18.7 89.7  19.0 89.7  19.4 89.8  19.7 89.8  20.0 89.9  20.4 89.9  20.8
  89.9  21.2 90.0  21.5 90.0 201.9 89.3 176.0 88.9 162.5 88.4 155.3 87.9 151.3
  87.6 148.6 87.1 146.6 86.6 145.0 85.9 143.8 85.4 142.8 84.9 142.1 84.3 141.5
  83.6 140.9 83.1 141.1 82.5 141.3 82.0 141.4 81.5 141.7 81.0 142.1 80.5 142.5
  80.0 142.9 79.6 143.3 79.1 143.7 78.7 144.3 78.3 144.9 77.9 145.6 77.5 146.0
  77.1 146.5 76.7 147.0 76.3 147.6 75.9 148.2 75.5 148.5 75.1 148.8 74.7 149.2
  74.2 149.6 73.8 149.9 73.3 149.7 72.9 149.3 72.4 148.9 72.0 148.6 71.6 148.0
  71.2 147.4 70.7 147.0 70.3 146.6 69.9 146.3 69.5 146.0 69.1 145.7 68.7 145.4
  68.3 145.2 67.8 145.0 67.4 144.7 67.0 144.4 66.6 144.2 66.2 144.0 65.8 143.9
  65.4 143.9 65.1 143.9 64.8 144.0 64.5 144.1 64.1 144.2 63.8 144.4 63.4 144.7
  63.1 145.0 62.8 145.2 62.5 145.5 62.2 145.8 61.9 146.0 61.6 146.3 61.3 146.6
  61.1 146.8 60.8 147.1 60.6 147.3 60.4 147.5 60.2 147.7 60.0 147.9 59.8 148.2
  59.4 148.5 59.1 148.8 58.8 149.1 58.4 149.4 58.1 149.8 57.8 150.1 57.4 150.5
  57.1 150.8 56.8 151.1 56.4 151.5 56.1 151.8 55.7 152.0 55.3 152.0 54.8 152.0
  54.5 151.9 54.2 151.8 53.9 151.6 53.7 151.4 53.4 151.1 53.2 150.8 52.9 150.6
  52.7 150.3 52.5 150.0 52.3 149.7 52.1 149.5 52.0 149.3 51.9 149.2 51.8 149.2
  51.8 149.1 51.9 149.0 51.9 148.9 52.0 148.8 52.2 148.8 52.4 148.7 52.7 148.7
  53.0 148.7 53.2 148.8 53.5 148.9 53.8 149.1 54.1 149.4 54.3 150.1 54.6 150.8
  54.8 151.7 55.0 152.7 54.9 153.9 54.9 155.3 54.9 156.9 54.5 158.5 54.1 160.0
  53.3 161.5 52.5 162.7 51.7 163.8 51.0 164.5 49.9 165.2 48.6 165.4 47.3 165.7
  45.8 165.6 44.1 165.1 42.4 164.7 40.9 163.6 39.6 161.9 38.4 160.2 37.4 158.3
  36.6 156.7 35.9 155.0 35.5 153.4 35.0 151.5 34.4 149.6 33.8 147.6 33.3 145.5
  32.8 143.4 32.8 141.2 32.7 138.9 32.9 136.7 33.1 134.5 33.4 132.4 33.7 130.5
  34.1 128.7 34.5 127.0 34.9 125.3 35.4 123.8 36.0 122.5 36.8 121.2 37.5 119.9
  37.9 118.5 38.4 117.2 39.0 115.7 39.4 114.2 39.9 112.8 40.4 111.5 40.9 110.0
  41.3 108.6 41.8 107.2 42.2 105.9
   1 14 69  0.0
  72.5 321.4 72.8 321.3 73.0 321.2 73.3 321.2 73.6 321.2 73.8 321.3 74.1 321.4
  74.3 321.3 74.6 321.2 74.9 321.2 75.1 321.1 75.4 321.2 75.7 321.3 75.9 321.4
  76.2 321.6 76.6 321.6 76.9 321.6 77.3 321.6 77.6 321.7 78.0 321.8 78.5 321.7
  78.9 321.6 79.3 321.5 79.7 321.4 80.0 321.4 80.4 321.1 80.8 320.9 81.2 320.6
  81.5 320.4 81.9 320.2 82.2 320.0 82.6 319.9 82.8 319.9 83.1 319.9 83.3 319.9
  83.5 320.1 83.9 320.3 84.2 320.7 84.6 319.9 84.8 319.2 85.0 318.6 85.2 318.2
  85.4 318.0 85.6 318.0 85.8 318.2 85.9 318.6 86.1 319.4 86.3 319.0 86.5 318.9
  86.7 319.2 86.9 319.5 87.0 319.9 87.2 320.5 87.4 321.2 87.6 322.1 87.8 323.3
  87.9 324.9 88.1 327.0 88.3 329.9 88.5 334.1 88.7 340.4 88.8 349.7 88.8   3.0
  88.9   3.4 88.9   3.7 89.0   4.1 89.0   4.4 89.1   4.8 89.1   5.2 89.2   5.5
  89.2   5.9 89.3   6.2 89.3   6.6 89.4   7.0 89.4   7.3 89.4   7.6 89.5   8.0
  89.5   8.3 89.5   8.6 89.5   8.9 89.5   9.2 89.6   9.5 89.6   9.7 89.6  10.0
  89.6  10.2 89.6  10.5 89.6  10.7 89.7  11.0 89.7  11.2 89.7  11.5 89.7  11.8
  89.8  12.0 89.8  12.3 89.9  12.6 89.9  13.0 90.0  13.3 90.0 193.6 89.3 167.5
  88.9 155.7 88.5 150.4 88.1 147.6 87.5 145.8 87.0 144.4 86.5 143.3 85.8 142.3
  85.3 141.6 84.7 141.1 84.1 140.5 83.4 140.1 82.8 140.3 82.3 140.6 81.7 140.8
  81.2 141.1 80.7 141.5 80.1 141.9 79.6 142.4 79.2 142.8 78.7 143.2 78.2 143.8
  77.8 144.4 77.4 144.7 77.0 145.2 76.6 145.6 76.2 146.2 75.8 146.8 75.4 147.0
  75.0 147.4 74.6 147.7 74.1 148.1 73.6 148.5 73.2 148.2 72.8 147.9 72.3 147.6
  71.8 147.3 71.4 146.6 70.9 146.0 70.5 145.5 70.1 145.1 69.6 144.9 69.2 144.5
  68.8 144.2 68.4 143.9 68.0 143.7 67.6 143.4 67.3 143.2 66.9 142.9 66.5 142.6
  66.2 142.5 65.8 142.3 65.5 142.3 65.1 142.3 64.8 142.3 64.5 142.4 64.2 142.5
  63.9 142.6 63.6 142.9 63.4 143.1 63.2 143.4 62.9 143.6 62.7 143.9 62.5 144.1
  62.2 144.4 61.9 144.6 61.6 144.8 61.4 145.1 61.1 145.3 60.9 145.5 60.7 145.7
  60.5 145.9 60.2 146.1 60.0 146.2 59.8 146.4 59.7 146.7 59.5 146.9 59.3 147.2
  59.2 147.6 59.0 147.9 58.9 148.3 58.6 148.7 58.3 149.1 57.9 149.5 57.6 149.8
  57.3 150.2 57.0 150.4 56.7 150.6 56.4 150.8 56.2 151.0 56.0 151.1 55.8 150.9
  55.6 150.6 55.4 150.3 55.2 150.0 55.1 149.7 54.9 149.3 54.8 149.0 54.8 148.7
  54.7 148.5 54.7 148.4 54.8 148.3 54.9 148.2 55.0 148.2 55.2 148.3 55.4 148.3
  55.7 148.5 56.0 148.6 56.3 148.9 56.6 149.6 56.9 150.5 57.1 151.4 57.2 152.5
  57.1 153.6 57.0 154.9 56.9 156.2 56.4 157.7 56.0 159.2 55.5 160.7 54.7 162.3
  53.8 163.9 53.0 165.1 51.7 166.1 50.4 166.6 49.0 167.0 47.6 166.9 46.1 166.4
  44.5 166.1 42.9 165.3 41.5 164.1 40.1 162.4 38.9 160.4 37.8 158.3 37.1 156.8
  36.4 155.3 36.1 153.6 35.7 152.0 35.3 150.3 34.9 148.5 34.4 146.6 34.0 144.6
  33.5 142.7 33.5 140.6 33.5 138.5
   1 15 69  0.0
  72.5 321.4 72.8 321.0 73.1 320.5 73.4 319.9 73.5 319.3 73.6 318.6 73.7 317.8
  73.9 317.0 74.0 316.2 74.1 315.3 74.1 314.8 74.2 314.2 74.2 313.7 74.3 313.2
  74.4 312.7 74.4 312.1 74.5 311.6 74.5 311.0 74.4 310.5 74.4 309.9 74.4 309.3
  74.4 308.7 74.3 308.0 74.3 307.3 74.2 306.6 74.1 305.8 74.0 305.1 73.9 304.3
  73.8 303.2 73.8 302.2 73.7 301.0 73.7 299.9 73.6 298.8 73.6 297.6 73.5 296.4
  73.4 295.1 73.4 293.9 73.3 292.6 73.2 291.3 73.1 290.1 73.0 288.8 72.9 287.6
  72.9 286.4 72.8 285.2 72.7 284.0 72.5 282.8 72.4 281.6 72.3 280.4 72.1 279.1
  72.0 277.8 71.9 276.5 71.8 276.1 71.7 275.7 71.5 275.3 71.4 274.9 71.2 274.5
  71.1 274.1 70.9 273.7 70.7 273.3 70.5 272.9 70.4 272.5 70.2 272.1 70.0 271.6
  69.8 271.3 69.6 271.0 69.5 270.7 69.3 270.4 69.1 270.1 68.9 269.9 68.7 269.6
  68.5 269.4 68.4 269.2 68.2 269.0 68.0 268.8 67.8 268.9 67.6 269.0 67.4 269.0
  67.2 269.1 67.0 269.2 66.8 269.2 66.5 269.2 66.3 269.3 66.1 269.3 65.8 269.3
  65.6 269.5 65.4 269.6 65.1 269.8 64.9 269.9 64.6 270.1 64.3 270.2 63.9 270.3
  63.6 270.5 63.3 270.8 62.9 271.0 62.5 271.3 62.1 271.6 61.7 271.9 61.3 272.5
  61.1 273.1 60.9 273.7 60.8 274.3 60.5 274.9 60.3 275.5 60.0 276.1 60.0 276.7
  59.9 277.5 59.8 278.4 59.7 279.3 59.6 280.3 59.6 281.2 59.5 282.2 59.5 283.2
  59.4 284.1 59.4 285.0 59.4 285.9 59.4 286.8 59.3 287.6 59.2 288.5 59.3 289.3
  59.4 290.1 59.5 291.0 59.5 291.8 59.6 292.7 59.8 293.6 60.0 294.6 60.1 295.6
  60.3 296.3 60.5 297.1 60.7 298.0 60.8 298.8 61.0 299.8 61.1 300.7 61.2 301.7
  61.4 302.6 61.6 303.6 61.7 304.6 61.9 305.6 62.0 306.6 62.1 307.5 62.2 308.4
  62.3 309.2 62.3 310.1 62.3 311.0 62.4 311.9 62.4 312.8 62.4 313.7 62.3 314.6
  62.3 315.5 62.3 316.4 62.3 317.2 62.4 318.1 62.4 318.9 62.5 319.6 62.5 320.4
  62.7 321.1 63.0 321.9 63.2 322.7 63.4 323.5 63.6 324.4 63.9 325.3 64.2 326.1
  64.5 326.9 64.8 327.6 65.1 328.4 65.4 329.2 65.7 330.1 66.0 331.0 66.4 331.8
  66.7 332.7 66.9 333.7 67.2 334.7 67.4 335.7 67.7 336.8 67.9 337.8 68.2 338.9
  68.5 339.7 68.7 340.6 69.1 341.5 69.4 342.5 69.8 343.6 70.2 344.7 70.6 345.6
  71.0 346.6 71.4 347.8 71.7 349.0 72.0 350.2 72.3 351.0 72.6 351.9 72.9 352.7
  73.1 353.6 73.4 354.5 73.6 355.5 73.8 356.5 74.2 357.5 74.6 357.5 75.1 357.5
  75.5 357.6 76.0 357.8 76.6 356.8 77.1 355.8 77.6 354.9 78.1 353.9 78.6 351.4
  79.0 348.8 79.3 346.1 79.6 343.3 79.7 340.3 79.9 337.3 79.9 334.0 79.9 330.7
  79.8 327.3 79.6 323.8 79.3 320.5 78.9 317.2 78.4 314.2 77.8 311.4 77.1 309.5
  76.4 307.7 75.7 306.0 75.0 305.2 74.3 304.5 73.5 303.9 72.7 303.9 71.8 304.0
  71.1 304.5 70.3 305.0 69.3 305.4 68.4 305.8 67.4 306.1 66.3 306.4 65.2 306.7
  64.1 307.2 62.9 307.7 61.7 308.3 60.8 309.0 59.7 309.7 58.7 310.3 57.7 310.8
  56.7 311.3 55.7 311.7 54.7 311.9
   1 16 69  0.0
  72.5 321.4 72.1 320.6 71.8 319.8 71.4 319.1 71.0 318.3 70.7 317.5 70.4 316.7
  70.2 315.9 69.9 315.1 69.7 314.2 69.4 313.3 69.2 312.4 69.0 311.4 68.8 310.5
  68.6 309.6 68.4 308.8 68.3 308.1 68.1 307.3 68.0 306.6 67.8 305.9 67.7 305.2
  67.6 304.5 67.5 303.9 67.5 303.3 67.4 302.7 67.3 302.2 67.3 301.7 67.2 301.2
  67.1 300.6 67.1 300.1 67.1 299.5 67.1 298.9 67.1 298.2 67.2 297.6 67.2 296.9
  67.2 296.2 67.3 295.5 67.3 294.8 67.4 294.1 67.4 293.5 67.4 292.9 67.4 292.5
  67.4 292.1 67.4 291.7 67.4 291.5 67.5 291.3 67.5 291.2 67.5 291.1 67.5 291.1
  67.5 291.2 67.5 291.3 67.5 291.3 67.4 291.4 67.4 291.5 67.3 291.5 67.3 291.5
  67.2 291.6 67.1 291.6 66.9 291.6 66.8 291.7 66.6 291.7 66.5 291.7 66.3 291.7
  66.1 291.8 65.9 291.8 65.7 291.9 65.4 291.9 65.2 292.0 65.0 292.1 64.7 292.2
  64.4 292.3 64.1 292.5 63.8 292.7 63.5 292.6 63.2 292.6 63.0 292.7 62.7 292.7
  62.5 292.7 62.3 292.7 62.0 292.7 61.8 292.8 61.7 292.7 61.5 292.7 61.3 292.8
  61.2 292.8 61.0 292.8 60.9 292.8 60.8 292.9 60.7 293.0 60.5 293.2 60.4 293.3
  60.3 293.5 60.1 293.7 60.0 294.0 59.9 294.2 59.7 294.4 59.6 294.6 59.5 294.8
  59.3 295.0 59.2 295.3 59.0 295.5 58.9 295.8 58.7 296.1 58.6 296.4 58.4 296.7
  58.2 297.0 58.0 297.4 57.8 297.7 57.6 298.3 57.4 298.9 57.2 299.5 57.0 300.0
  56.8 300.6 56.6 301.1 56.4 301.6 56.2 302.0 56.0 302.5 55.8 302.9 55.5 303.5
  55.3 304.0 55.0 304.5 54.9 304.9 54.7 305.3 54.6 305.7 54.5 306.1 54.4 306.4
  54.4 306.7 54.3 307.0 54.3 307.3 54.3 307.6 54.4 307.9 54.4 308.2 54.5 308.4
  54.6 308.7 54.7 309.0 54.8 309.4 54.9 309.8 55.0 310.2 55.1 310.6 55.2 311.1
  55.2 311.6 55.3 312.2 55.3 312.7 55.3 313.2 55.2 313.8 55.2 314.3 55.1 314.8
  55.1 315.3 55.0 315.7 54.9 316.2 54.7 316.6 54.4 317.0 54.1 317.4 53.8 317.7
  53.4 317.9 52.9 318.1 52.4 318.3 51.8 318.4 51.3 318.5 50.7 318.6 50.1 318.6
  49.5 318.5 48.9 318.3 48.3 318.0 47.7 317.6 47.2 317.1 46.6 316.6 46.0 316.1
  45.4 315.4 44.1 314.8 42.8 314.2 41.7 313.5 40.7 312.5 39.8 311.5 38.8 310.1
  37.9 308.6 37.0 306.9 35.8 305.1 34.7 303.1 33.9 300.8 33.1 298.5 32.6 295.9
  32.2 293.4 31.8 290.9 31.7 288.9 31.5 286.8 31.7 284.8 32.0 282.8 32.5 280.5
  33.0 278.4 33.5 276.6 34.1 275.0 34.6 273.2 35.3 271.6 35.9 270.1 36.6 268.6
  37.3 267.0 37.9 265.4 38.6 264.0 39.2 262.4 39.8 260.9 40.4 259.5 41.0 258.0
  41.5 256.6 42.2 255.3 42.7 253.8 43.2 252.3 43.7 250.9 44.0 249.4 44.3 247.9
  44.4 246.2 44.5 244.4 44.7 242.7 44.6 240.9 44.5 239.0 44.2 237.1 43.9 235.2
  43.6 233.5 43.3 231.6 42.8 229.8 42.2 227.9 41.5 226.0 40.9 224.4 40.2 222.7
  39.5 221.0 38.7 219.6 38.0 218.2 37.2 217.1 36.4 216.0 35.7 214.8 35.0 214.0
  34.4 213.1 33.8 212.2 33.2 211.6 32.8 211.0 32.4 210.4 32.0 209.7 31.6 209.1
  31.2 208.8 30.8 208.4 30.4 208.1
   1 17 69  0.0
  72.5 321.4 72.0 321.0 71.6 320.8 71.2 320.5 70.8 320.1 70.5 319.7 70.2 319.3
  69.9 318.8 69.6 318.2 69.4 317.6 69.1 316.9 68.9 316.3 68.7 315.6 68.4 314.9
  68.1 314.1 67.8 313.4 67.6 312.6 67.3 311.8 67.1 311.0 66.9 310.2 66.7 309.3
  66.4 308.5 66.2 307.6 66.2 306.8 66.1 305.9 66.0 305.0 65.9 304.1 65.9 303.2
  65.9 302.2 66.0 301.3 66.0 300.3 66.1 299.3 66.2 298.3 66.4 297.3 66.6 296.3
  66.7 295.3 67.0 294.3 67.4 293.3 67.6 292.3 67.9 291.2 68.2 290.2 68.6 289.1
  68.9 287.9 69.2 286.6 69.5 285.2 69.8 283.8 70.1 282.4 70.4 280.9 70.6 279.4
  71.0 277.9 71.3 276.5 71.6 275.2 72.0 274.0 72.3 272.8 72.8 272.0 73.2 271.1
  73.6 270.2 74.0 269.3 74.4 268.4 74.8 267.6 75.2 266.7 75.5 265.7 75.8 264.7
  76.1 263.5 76.4 262.4 76.7 261.2 76.9 259.8 77.1 258.4 77.2 256.8 77.3 255.1
  77.3 253.3 77.3 251.3 77.1 249.4 77.0 247.3 76.7 245.4 76.4 243.5 75.9 241.8
  75.5 240.3 75.1 238.9 74.6 237.5 74.0 236.1 73.4 234.8 72.8 233.8 72.2 232.8
  71.6 231.7 71.0 231.1 70.4 230.3 69.8 229.6 69.3 229.5 68.8 229.3 68.3 229.0
  67.9 228.8 67.4 229.2 67.0 229.6 66.6 230.0 66.2 230.4 65.8 230.7 65.5 231.7
  65.1 232.6 64.7 233.5 64.3 234.4 63.9 235.2 63.5 236.3 63.1 237.4 62.7 238.6
  62.2 239.7 61.8 240.9 61.4 241.9 60.9 242.9 60.5 244.0 60.0 245.1 59.5 246.1
  59.1 246.9 58.6 247.7 58.1 248.4 57.6 249.2 57.1 249.7 56.6 250.1 56.1 250.6
  55.5 251.0 55.0 251.0 54.4 251.1 53.8 251.1 53.3 250.8 52.7 250.5 52.2 250.2
  51.7 249.9 51.1 249.3 50.6 248.7 50.1 248.1 49.7 247.4 49.0 246.4 48.4 245.3
  47.7 244.1 47.2 242.6 46.5 241.0 45.8 239.4 45.0 237.5 44.3 235.5 43.6 233.5
  43.0 231.2 42.8 228.8 42.6 226.3 42.7 223.8 43.1 221.3 43.4 218.9 44.1 216.8
  45.0 214.8 46.1 213.1 47.4 211.8 48.8 210.5 50.3 209.5 51.9 208.7 53.5 207.9
  54.9 207.3 56.4 206.7 57.9 206.1 59.3 205.5 60.6 204.8 61.9 204.0 63.1 203.2
  64.1 202.4 65.0 201.4 65.8 200.4 66.6 199.3 67.2 198.1 67.8 196.8 68.4 195.5
  68.8 194.4 69.3 193.1 69.8 191.9 70.1 190.6 70.4 189.5 70.7 188.4 71.0 187.3
  71.1 186.2 71.2 185.1 71.4 184.0 71.5 182.9 71.5 181.9 71.5 180.9 71.6 179.9
  71.4 179.0 71.2 178.3 71.1 177.6 70.9 176.9 70.7 176.3 70.5 175.8 70.2 175.3
  69.8 174.8 69.5 174.4 69.1 174.0 68.8 173.6 68.4 173.2 68.0 172.7 67.6 172.4
  67.2 172.0 66.7 171.7 66.2 171.5 65.6 171.2 65.0 171.4 64.4 171.5 63.8 171.7
  63.2 172.0 62.5 172.3 61.7 172.6 61.0 172.6 60.2 172.7 59.5 172.8 58.7 172.7
  58.0 172.6 57.3 172.6 56.6 172.4 55.9 172.3 55.3 171.7 54.6 171.1 53.8 170.6
  53.0 169.6 52.2 168.7 51.3 167.9 50.3 166.8 49.3 165.8 48.2 164.7 47.2 163.5
  46.3 162.5 45.3 161.4 44.3 160.5 43.2 159.6 42.0 158.8 40.7 158.2 39.3 157.4
  38.0 156.4 36.7 155.3 35.9 153.6 35.1 151.6 34.7 149.4 34.3 147.2 33.7 144.9
  33.2 142.4 32.8 139.8 32.4 136.9
   1 18 69  0.0
  72.5 321.4 71.8 321.7 71.2 322.0 70.6 322.2 70.0 322.4 69.5 322.7 69.1 323.0
  68.7 323.2 68.3 323.4 68.0 323.6 67.8 323.7 67.5 323.8 67.4 324.0 67.2 324.1
  67.1 324.2 67.0 324.2 66.9 324.3 66.8 324.3 66.7 324.4 66.6 324.4 66.6 324.4
  66.5 324.3 66.4 324.3 66.4 324.2 66.3 324.1 66.2 324.0 66.2 323.9 66.2 323.7
  66.2 323.4 66.1 323.1 66.1 322.8 66.1 322.4 66.0 321.9 66.0 321.4 65.9 320.9
  65.9 320.4 65.9 319.9 65.7 319.4 65.5 318.8 65.4 318.2 65.3 317.6 65.1 317.0
  65.0 316.4 64.9 315.8 64.7 315.1 64.5 314.5 64.3 313.8 64.1 313.1 63.9 312.4
  63.7 311.9 63.6 311.3 63.4 310.7 63.3 310.0 63.1 309.4 63.0 308.7 62.8 308.0
  62.7 307.2 62.6 306.4 62.5 305.6 62.4 304.8 62.3 304.0 62.2 303.1 62.2 302.2
  62.2 301.4 62.1 300.6 62.1 299.8 62.2 299.0 62.2 298.3 62.2 297.6 62.2 296.8
  62.2 296.1 62.2 295.4 62.4 294.8 62.5 294.2 62.6 293.6 62.8 293.1 62.9 292.6
  63.0 292.1 63.1 291.7 63.3 291.2 63.5 290.8 63.6 290.4 63.7 290.0 63.8 289.7
  63.8 289.3 63.9 288.9 63.9 288.6 63.9 288.1 63.9 287.6 64.0 287.1 64.2 286.8
  64.3 286.5 64.4 286.2 64.6 285.9 64.8 285.6 64.9 285.4 65.1 285.2 65.3 284.9
  65.4 284.7 65.6 284.5 65.7 284.3 65.8 284.1 65.9 284.0 66.0 283.8 66.2 283.9
  66.3 284.1 66.3 284.2 66.3 284.4 66.3 284.5 66.2 284.7 66.2 284.8 66.1 285.0
  66.1 285.3 66.0 285.5 65.9 285.6 65.8 285.6 65.7 285.7 65.6 285.8 65.5 286.0
  65.4 286.2 65.3 286.3 65.2 286.6 65.1 286.8 65.0 287.0 64.8 287.3 64.7 287.6
  64.6 287.9 64.6 288.2 64.3 288.5 64.1 288.8 63.8 289.1 63.6 289.1 63.4 289.0
  63.2 289.0 63.0 289.0 62.8 289.0 62.7 289.1 62.5 289.3 62.4 289.4 62.2 289.7
  62.1 290.0 62.0 290.3 61.8 290.5 61.7 290.7 61.7 291.0 61.6 291.2 61.5 291.6
  61.4 291.9 61.3 292.3 61.1 292.7 60.9 293.1 60.8 293.5 60.6 294.0 60.4 294.5
  60.2 295.0 60.0 295.5 59.8 295.8 59.6 296.1 59.4 296.5 59.1 296.9 58.9 297.3
  58.6 297.7 58.4 298.1 58.1 298.5 57.9 298.9 57.6 299.3 57.4 299.7 57.1 300.0
  56.8 300.3 56.6 300.6 56.3 300.9 56.0 301.2 55.8 301.5 55.6 301.9 55.4 302.2
  55.2 302.5 55.1 302.8 54.9 303.1 54.8 303.3 54.7 303.5 54.6 303.6 54.5 303.8
  54.4 303.9 54.3 304.1 54.4 304.3 54.5 304.6 54.7 304.9 54.8 305.2 54.9 305.6
  55.0 306.0 55.1 306.5 55.2 307.0 55.4 307.5 55.5 308.1 55.6 308.7 55.7 309.4
  55.7 310.0 55.8 310.7 55.9 311.4 56.1 312.1 56.0 312.9 55.9 313.6 55.9 314.2
  55.8 314.8 55.7 315.3 55.6 315.8 55.5 316.3 55.2 316.6 55.0 316.9 54.8 317.1
  54.5 317.3 54.3 317.5 54.1 317.6 54.0 317.7 53.8 317.3 53.7 317.0 53.6 316.6
  53.6 316.1 53.5 315.7 53.5 315.3 53.4 314.9 53.3 314.6 53.2 314.3 53.1 314.0
  53.0 313.7 52.8 313.3 52.7 313.0 52.6 312.6 52.5 312.1 52.5 311.7 52.6 311.1
  52.8 310.6 52.9 309.9 53.1 309.2 53.2 308.4 53.3 307.6 53.5 306.7 53.8 305.8
  54.1 305.0 54.4 304.7 54.7 304.4
   1 19 69  0.0
  72.5 321.4 72.1 321.3 71.7 321.1 71.4 321.5 71.0 321.9 70.6 322.2 70.3 322.6
  69.9 322.9 69.6 323.8 69.3 324.6 69.0 325.5 68.8 326.4 68.5 327.3 68.3 328.2
  68.1 329.2 67.9 330.1 67.7 331.3 67.5 332.4 67.4 333.5 67.2 334.5 67.1 335.5
  66.9 336.4 66.8 337.3 66.7 338.1 66.5 339.0 66.4 339.8 66.3 340.6 66.1 341.3
  65.9 342.0 65.8 342.6 65.6 343.1 65.4 343.6 65.3 344.0 65.0 344.5 64.8 345.0
  64.5 345.5 64.3 346.0 64.1 346.5 63.9 347.0 63.7 347.6 63.5 348.2 63.3 348.9
  63.1 349.5 62.9 350.2 62.7 350.9 62.5 351.6 62.3 352.3 62.0 353.0 61.7 353.7
  61.4 354.3 61.1 354.8 60.8 355.4 60.5 355.9 60.3 356.5 59.8 357.1 59.3 357.3
  58.9 357.6 58.5 357.9 58.1 358.1 57.7 358.5 57.3 358.5 57.0 358.6 56.7 358.7
  56.4 358.9 56.1 359.1 55.9 359.3 55.7 359.3 55.5 359.3 55.3 359.3 55.2 359.4
  55.0 359.5 54.9 359.6 54.7 359.7 54.6 359.9 54.5   0.1 54.0   0.2 53.5   0.0
  52.9 359.9 52.8 359.6 52.5 359.3 52.3 359.1 52.0 358.8 51.8 358.6 51.5 357.8
  51.1 357.1 50.7 356.3 50.3 355.6 50.2 354.9 50.2 354.2 50.0 353.5 49.9 352.8
  49.7 351.6 49.9 350.4 50.0 349.1 50.1 348.2 50.2 347.3 50.6 346.4 50.9 345.5
  51.3 344.6 51.6 343.8 52.1 342.9 52.5 342.6 53.0 342.3 53.4 341.8 53.7 341.3
  54.1 340.7 54.4 340.5 54.7 340.2 54.9 339.9 55.2 339.5 55.6 339.1 55.9 338.6
  56.2 338.0 56.5 337.6 56.8 337.3 57.0 336.8 57.3 336.2 57.6 335.6 58.0 334.9
  58.4 334.1 58.9 333.7 59.3 333.3 59.7 332.8 60.2 332.2 60.6 332.2 61.0 332.1
  61.5 332.0 61.9 331.9 62.5 331.8 63.1 332.1 63.6 332.4 64.1 332.7 64.7 333.3
  65.2 333.9 65.7 334.4 66.2 334.7 66.7 335.3 67.3 335.7 67.8 336.0 68.3 336.2
  68.7 336.8 69.1 337.3 69.5 337.8 70.0 338.1 70.4 338.4 70.9 339.4 71.4 340.2
  71.9 341.0 72.3 341.8 72.9 342.9 73.4 344.0 74.0 345.0 74.7 346.2 75.3 347.3
  76.0 348.5 76.5 349.6 77.2 351.0 77.8 352.5 78.4 354.0 79.0 356.2 79.5 358.6
  80.1   1.1 80.6   1.6 81.1   2.2 81.6   2.7 82.0   3.3 82.6   3.8 83.0   4.4
  83.4   5.0 83.7   5.7 84.0   6.2 84.4   6.7 84.8   7.2 85.1   7.7 85.4   8.2
  85.6   8.6 85.8   9.1 86.0   9.6 86.3   9.9 86.5  10.3 86.7  10.7 86.9  11.2
  87.1  11.6 87.3  12.0 87.4  12.4 87.5  12.8 87.7  13.2 87.8  13.6 87.9  14.0
  88.0  14.5 88.2  14.9 88.4  15.3 88.6  15.7 88.7  16.1 88.8  16.5 89.0  16.9
  89.1  17.3 89.2  17.7 89.2  18.1 89.3  18.5 89.4  18.8 89.4  19.2 89.5  19.5
  89.5  19.8 89.6  20.2 89.6  20.5 89.6  20.8 89.6  21.2 89.7  21.5 89.7  21.9
  89.7  22.2 89.8  22.6 89.8  23.0 89.9  23.4 89.9  23.8 90.0  24.2 90.0 204.6
  89.3 178.5 88.9 164.3 88.4 156.7 88.0 152.3 87.6 149.3 87.1 147.1 86.6 145.5
  85.9 144.1 85.5 143.2 84.9 142.4 84.3 141.7 83.7 141.1 83.2 141.3 82.6 141.4
  82.0 141.6 81.5 141.7 81.0 142.1 80.5 142.5 80.0 142.9 79.5 143.3 79.1 143.7
  78.7 144.3 78.2 144.9 77.8 145.6
   1 20 69  0.0
  72.5 321.4 72.2 320.6 71.8 319.9 71.3 319.8 70.9 319.6 70.4 319.4 69.8 319.3
  69.3 319.6 68.8 319.9 68.3 320.1 68.0 320.3 67.8 320.5 67.5 321.5 67.3 322.6
  67.1 323.7 66.9 324.8 66.8 326.0 66.6 327.1 66.4 328.3 66.3 329.5 66.0 330.7
  65.8 331.9 65.6 333.3 65.3 334.7 65.0 336.0 64.8 337.3 64.5 338.5 64.2 339.7
  64.0 340.8 63.7 341.9 63.4 342.9 63.1 343.8 62.8 344.6 62.6 345.4 62.3 346.2
  62.0 346.9 61.7 347.4 61.4 348.0 61.1 348.6 60.9 349.1 60.8 349.7 60.6 350.3
  60.4 351.0 60.2 351.6 60.0 352.2 59.8 353.0 59.6 353.8 59.4 354.7 59.2 355.6
  59.0 356.5 58.8 357.3 58.5 358.0 58.2 358.7 57.9 359.2 57.6 359.6 57.2 359.8
  56.9 359.9 56.5   0.0 56.1 360.0 55.6 359.9 55.2 359.4 54.7 358.8 54.3 358.3
  53.9 357.8 53.5 357.0 53.3 356.3 53.0 355.5 52.8 354.7 52.5 353.8 52.4 353.0
  52.3 352.0 52.0 350.9 51.7 349.8 51.5 348.6 51.3 347.4 50.8 346.2 50.4 344.9
  50.1 343.6 49.8 342.3 49.6 340.6 49.4 339.0 49.3 337.4 49.1 335.9 48.9 334.5
  48.6 333.2 48.2 331.9 47.7 330.7 47.2 329.1 46.7 327.6 46.2 326.0 45.7 324.6
  45.3 323.0 44.6 321.4 43.9 319.9 43.1 318.3 42.2 316.8 41.2 315.3 40.2 313.7
  39.1 312.3 38.1 310.9 37.0 309.5 35.9 308.1 34.9 306.5 34.1 305.0 33.2 303.4
  32.7 301.7 32.0 300.2 31.4 298.7 31.2 297.1 31.0 295.6 31.1 294.0 31.1 292.3
  31.2 290.6 31.6 288.9 32.0 287.1 32.8 285.5 33.6 283.9 34.5 282.3 35.5 281.1
  36.5 279.9 37.6 279.1 38.7 278.4 39.8 278.0 40.8 277.6 41.7 277.3 42.6 276.9
  43.4 276.7 44.2 276.4 44.9 276.2 45.5 276.0 46.1 275.8 46.8 275.7 47.3 275.5
  47.9 275.4 48.4 275.3 48.8 275.3 49.2 275.2 49.6 275.1 49.9 275.1 50.2 275.0
  50.5 275.0 50.7 275.0 50.9 274.9 51.1 274.9 51.3 275.0 51.4 275.0 51.5 275.0
  51.6 275.1 51.6 275.2 51.7 275.3 51.7 275.4 51.7 275.6 51.7 275.8 51.6 276.0
  51.5 276.2 51.5 276.5 51.5 276.7 51.5 277.0 51.4 277.4 51.4 277.7 51.4 278.0
  51.4 278.4 51.3 278.7 51.3 279.1 51.3 279.5 51.3 279.9 51.3 280.3 51.3 280.7
  51.2 281.1 51.2 281.5 51.2 281.9 51.2 282.3 51.2 282.7 51.2 283.2 51.2 283.6
  51.2 284.1 51.3 284.5 51.3 285.0 51.4 285.6 51.5 286.1 51.5 286.7 51.6 287.3
  51.7 287.9 51.8 288.6 52.0 289.4 52.1 290.3 52.3 291.2 52.5 292.2 52.6 293.3
  52.6 294.4 52.7 295.6 52.8 296.9 52.8 298.2 52.8 299.5 52.7 300.7 52.8 301.9
  52.8 303.0 52.8 304.1 52.9 305.1 53.0 306.0 53.0 307.0 53.0 307.9 53.0 308.7
  53.0 309.4 52.9 310.1 52.9 310.8 52.8 311.3 52.8 311.8 52.8 312.2 53.0 312.6
  53.2 312.9 53.5 313.2 53.8 313.5 54.1 313.7 54.5 314.3 54.9 314.8 55.3 315.3
  55.7 315.8 56.1 316.4 56.5 317.0 56.9 317.7 57.2 318.3 57.5 318.9 57.8 319.6
  58.0 320.2 58.2 320.7 58.4 321.4 58.7 322.0 58.8 322.7 59.0 323.3 59.2 323.9
  59.3 324.5 59.6 325.1 59.8 325.8 60.0 326.5 60.1 327.2 60.2 328.2 60.4 329.1
  60.5 330.1 60.7 331.1 60.7 332.1
   1 21 69  0.0
  72.5 321.4 72.2 321.8 71.9 322.1 71.7 322.8 71.4 323.4 71.1 324.0 70.8 324.5
  70.7 324.9 70.5 325.2 70.4 325.6 70.3 325.8 70.1 326.1 70.0 326.3 69.9 326.4
  69.8 327.5 69.7 328.6 69.7 329.6 69.7 330.6 69.7 331.6 69.6 332.5 69.6 333.4
  69.6 334.3 69.5 335.1 69.5 335.9 69.4 336.6 69.3 337.4 69.3 338.1 69.3 338.7
  69.2 339.3 69.2 339.9 69.1 340.5 69.1 341.0 69.1 341.6 69.1 342.1 69.0 342.5
  69.0 343.0 68.9 343.5 68.9 343.9 68.8 344.3 68.8 344.7 68.8 345.1 68.8 345.6
  68.9 346.0 68.9 346.4 69.0 346.8 69.0 347.3 69.1 347.7 69.2 348.1 69.4 348.6
  69.5 349.1 69.6 349.6 69.7 350.1 69.7 350.6 69.7 351.1 69.7 351.6 69.7 352.2
  69.6 352.7 69.4 353.2 69.2 353.7 69.0 354.1 68.8 354.5 68.5 355.0 68.3 355.4
  68.0 355.8 67.7 356.4 67.4 357.0 67.1 357.6 66.8 358.2 66.5 358.7 66.2 359.3
  65.9 359.8 65.6   0.3 65.3   0.6 64.9   0.8 64.5   1.0 64.2   1.2 63.8   1.4
  63.4   1.7 63.0   1.9 62.7   2.2 62.3   2.4 61.9   2.7 61.5   2.9 61.1   3.1
  60.6   3.2 60.2   3.4 59.8   3.6 59.4   3.6 59.0   3.7 58.6   3.8 58.2   3.9
  57.8   4.0 57.4   4.0 57.1   4.1 56.7   4.3 56.3   4.4 56.0   4.6 55.7   4.7
  55.3   4.8 54.9   4.9 54.5   5.0 54.1   5.1 53.6   5.2 53.2   5.1 52.7   5.1
  52.3   5.0 51.8   4.9 51.3   4.7 50.8   4.5 50.4   4.2 49.9   3.9 49.6   3.5
  49.3   3.0 49.1   2.5 48.8   1.9 48.4   1.3 48.1   0.7 47.8   0.1 47.5 359.4
  47.5 358.3 47.5 357.2 47.5 356.0 47.4 354.9 47.7 353.6 48.0 352.4 48.2 351.2
  48.7 350.1 49.3 349.1 49.9 348.0 50.4 347.0 51.1 346.3 51.7 345.5 52.3 344.8
  52.9 344.2 53.4 343.7 53.8 343.2 54.2 342.8 54.5 342.5 54.9 342.3 55.3 342.1
  55.7 342.0 56.1 342.0 56.4 342.0 56.8 342.1 57.2 342.3 57.5 342.5 57.8 342.7
  58.1 343.0 58.3 342.9 58.5 342.9 58.7 342.9 58.9 343.0 59.0 343.0 59.2 343.2
  59.3 343.3 59.4 343.5 59.4 343.8 59.5 344.0 59.5 344.3 59.5 344.5 59.5 344.7
  59.5 344.9 59.5 345.0 59.5 345.1 59.5 345.2 59.4 345.2 59.4 345.3 59.3 345.3
  59.2 345.2 59.2 345.2 59.1 345.1 59.0 344.9 58.9 344.8 58.9 344.6 58.8 344.3
  58.7 344.0 58.8 343.6 58.8 343.2 58.9 342.8 59.0 342.3 59.0 341.7 59.0 341.1
  59.1 340.6 59.2 340.0 59.2 339.5 59.5 339.0 59.8 338.6 60.0 338.2 60.3 337.8
  60.6 337.4 60.8 336.9 61.1 336.4 61.4 335.9 61.7 335.3 62.1 334.8 62.4 334.0
  62.8 333.2 63.2 332.5 63.6 331.8 64.0 331.2 64.6 330.5 65.1 329.8 65.6 329.2
  66.1 328.7 66.7 328.1 67.3 327.6 67.9 327.1 68.4 326.6 69.0 326.3 69.6 326.0
  70.2 325.7 70.9 325.6 71.6 325.4 72.2 325.2 72.9 324.8 73.7 324.4 74.4 323.9
  75.0 322.9 75.6 321.8 76.1 320.5 76.7 319.1 77.1 317.5 77.5 315.6 77.8 313.4
  78.0 311.0 78.2 308.8 78.3 306.4 78.3 304.0 78.2 301.4 78.2 298.8 78.0 296.4
  77.8 293.6 77.5 291.0 77.2 288.6 76.8 286.5 76.2 284.5 75.7 282.8 75.1 281.0
  74.4 279.2 73.6 277.6 72.8 275.9
   1 22 69  0.0
  72.5 321.4 72.2 321.4 71.9 321.5 71.6 321.8 71.3 322.1 71.0 322.5 70.8 322.8
  70.5 323.2 70.2 323.6 70.0 324.0 69.8 324.4 69.6 324.8 69.4 325.3 69.3 325.8
  69.1 326.3 69.0 326.8 68.8 327.3 68.7 327.9 68.5 328.6 68.4 329.3 68.2 330.0
  68.1 330.7 68.0 331.4 67.8 332.2 67.7 332.9 67.6 333.6 67.5 334.3 67.4 335.0
  67.3 335.8 67.2 336.6 67.1 337.5 67.0 338.4 66.8 339.3 66.8 340.2 66.6 341.1
  66.5 342.1 66.3 343.0 66.2 344.0 66.1 344.9 65.8 345.8 65.6 346.3 65.4 346.9
  65.2 347.5 65.0 348.1 64.8 348.6 64.6 349.2 64.4 349.8 64.3 350.5 64.1 351.1
  64.0 351.7 63.9 352.3 63.8 352.7 63.6 353.1 63.5 353.5 63.4 354.0 63.2 354.5
  63.1 355.0 62.9 355.6 62.7 356.2 62.5 356.8 62.3 357.5 62.0 358.3 61.8 359.0
  61.6 359.6 61.4   0.2 61.1   0.5 60.8   0.8 60.5   1.2 60.2   1.5 59.9   1.8
  59.6   2.1 59.3   2.5 59.0   2.9 58.7   3.4 58.5   3.8 58.2   4.3 57.7   4.7
  57.3   5.1 56.8   5.5 56.4   5.9 55.9   6.3 55.5   6.4 55.0   6.6 54.6   6.7
  54.1   6.8 53.6   6.9 53.2   6.5 52.7   6.2 52.3   5.9 51.8   5.5 51.3   4.8
  50.8   4.0 50.4   3.2 49.9   2.4 49.4   1.2 49.0 359.9 48.7 357.8 48.3 355.6
  48.3 353.5 48.2 351.4 48.3 349.5 48.3 347.6 48.3 345.7 48.3 344.0 48.2 342.4
  48.2 340.8 48.2 339.3 48.2 337.9 48.3 336.6 48.4 335.3 48.6 334.0 48.7 332.8
  48.8 331.6 49.0 330.5 49.1 329.4 49.2 328.4 49.3 327.5 49.4 326.6 49.6 325.7
  49.7 324.8 49.8 324.0 49.9 323.2 50.1 322.4 50.2 322.0 50.4 321.7 50.5 321.4
  50.6 321.1 50.7 320.9 50.8 320.7 50.9 320.5 51.0 320.4 51.0 320.3 51.1 320.3
  51.1 320.3 51.2 320.3 51.2 320.3 51.2 320.2 51.1 320.2 51.1 320.1 51.0 320.0
  51.0 320.0 50.9 319.9 50.8 319.8 50.7 319.7 50.6 319.6 50.4 319.5 50.3 319.3
  50.1 319.2 49.8 319.0 49.6 318.5 49.3 318.0 48.9 317.6 48.6 317.2 48.1 316.8
  47.6 316.5 47.1 315.7 46.6 315.0 46.0 314.3 45.3 313.3 44.6 312.3 43.9 311.4
  43.2 310.2 42.5 309.0 41.7 307.9 41.1 306.6 40.4 305.4 39.6 304.1 38.8 302.7
  38.3 301.3 37.7 300.0 37.1 298.7 36.7 297.4 36.4 296.2 36.0 295.0 35.9 293.6
  35.9 292.2 35.9 290.8 36.0 289.5 36.2 288.7 36.4 288.0 36.6 287.4 37.0 286.7
  37.5 286.1 38.0 285.4 38.4 284.7 38.9 284.4 39.4 284.1 39.8 283.8 40.4 283.5
  40.9 283.4 41.4 283.4 41.9 283.3 42.3 283.2 42.7 283.3 43.1 283.3 43.5 283.4
  43.8 283.5 44.2 283.6 44.5 283.9 44.8 284.2 45.2 284.5 45.5 284.8 45.8 285.2
  46.0 285.6 46.3 286.1 46.5 286.6 46.7 287.2 46.9 287.7 47.0 288.3 47.3 288.9
  47.5 289.4 47.7 290.0 47.9 290.5 48.1 291.0 48.3 291.5 48.5 292.1 48.8 292.6
  49.1 293.1 49.5 293.7 49.8 294.3 50.1 294.9 50.4 295.7 50.7 296.5 51.1 297.3
  51.5 298.2 51.9 299.1 52.2 300.1 52.7 301.1 53.2 302.0 53.7 303.0 54.1 304.0
  54.6 305.0 55.2 305.9 55.7 306.9 56.1 307.9 56.6 308.9 57.0 310.0 57.4 311.2
  57.8 312.4 58.0 313.6 58.3 314.9
   1 23 69  0.0
  72.5 321.4 72.0 321.3 71.5 321.2 71.1 321.2 70.6 321.2 70.1 321.2 69.7 321.2
  69.3 321.3 68.9 321.5 68.5 321.6 68.1 321.8 67.7 322.1 67.3 322.4 67.0 322.7
  66.6 323.0 66.3 323.3 66.0 323.7 65.6 324.0 65.3 324.3 65.1 324.7 64.9 325.2
  64.7 325.7 64.5 326.3 64.3 327.0 64.1 327.8 64.0 328.6 63.9 329.2 63.8 329.8
  63.7 330.5 63.6 331.2 63.5 331.9 63.4 332.7 63.3 333.6 63.2 334.4 63.1 335.4
  63.0 336.4 62.8 337.5 62.7 338.5 62.5 339.6 62.3 340.5 62.1 341.4 61.8 342.2
  61.5 342.9 61.1 343.6 60.8 344.3 60.4 344.9 59.9 345.4 59.5 345.8 59.0 346.2
  58.5 346.7 57.9 347.0 57.3 346.9 56.7 346.8 56.0 346.7 55.3 346.6 54.5 346.2
  53.7 345.8 52.8 345.0 51.8 344.4 50.8 343.6 49.9 342.9 48.8 341.9 47.8 341.1
  46.7 340.2 45.6 339.3 44.8 338.5 44.1 337.7 43.3 337.0 42.5 336.1 41.8 335.2
  41.4 334.0 41.0 332.9 40.5 331.7 40.4 330.6 40.2 329.6 39.9 328.6 39.7 327.7
  39.9 326.8 40.1 326.0 40.3 325.3 40.6 324.6 40.9 323.9 41.4 323.3 42.0 322.7
  42.5 322.2 43.1 321.8 43.6 321.4 44.1 321.1 44.6 321.0 45.1 321.0 45.5 320.9
  45.9 320.9 46.3 320.9 46.7 320.8 47.0 320.7 47.3 320.7 47.6 320.6 47.9 320.5
  48.1 320.4 48.3 320.1 48.6 319.9 48.7 319.5 48.9 319.1 49.1 318.7 49.3 318.3
  49.5 317.8 49.8 317.4 50.1 316.9 50.4 316.4 50.8 316.0 51.2 315.6 51.3 315.2
  51.4 314.8 51.5 314.5 51.7 314.2 51.8 313.9 52.0 313.6 52.2 313.4 52.4 313.1
  52.6 312.8 52.8 312.6 53.0 312.3 53.3 312.1 53.5 311.9 53.8 311.8 54.1 311.6
  54.5 311.4 54.8 311.2 55.2 311.0 55.5 310.9 55.9 310.7 56.2 310.7 56.6 310.5
  57.0 310.3 57.4 310.1 57.7 310.0 58.0 309.8 58.3 309.7 58.5 309.3 58.7 309.1
  58.9 308.8 59.1 308.5 59.2 308.3 59.4 308.1 59.5 307.9 59.8 307.8 60.1 307.6
  60.3 307.2 60.6 306.8 60.9 306.4 61.1 306.0 61.3 305.5 61.5 305.0 61.6 304.4
  61.7 303.8 62.0 303.2 62.2 302.2 62.4 301.2 62.6 300.1 62.8 299.0 63.1 297.8
  63.4 296.5 63.6 295.3 64.0 293.9 64.3 292.6 64.7 291.1 65.0 289.6 65.3 288.1
  65.6 286.5 65.9 284.8 66.1 283.2 66.4 281.4 66.6 279.7 66.8 277.9 66.9 276.2
  67.1 274.6 67.1 273.0 67.1 271.6 67.0 270.4 66.9 269.3 66.8 268.3 66.6 267.5
  66.4 266.7 66.1 266.1 65.8 265.6 65.6 264.9 65.3 264.3 65.1 263.8 64.7 263.3
  64.3 262.9 64.0 262.6 63.6 262.0 63.2 261.4 62.8 261.0 62.5 260.6 62.1 260.2
  61.7 259.9 61.1 259.4 60.6 259.0 60.0 258.6 59.4 258.3 58.9 257.7 58.3 257.2
  57.8 256.8 57.3 256.2 56.8 255.7 56.0 255.2 55.2 254.7 54.5 254.0 53.8 253.3
  53.2 252.4 52.6 251.5 51.9 250.6 51.1 249.6 50.4 248.7 49.7 247.9 48.8 247.0
  47.9 246.1 47.0 245.2 46.1 244.2 45.3 243.2 44.3 242.1 43.4 240.9 42.6 239.7
  41.6 238.4 40.7 237.2 39.8 235.9 39.0 234.7 38.2 233.4 37.4 231.9 37.1 230.8
  36.8 229.6 36.4 228.3 36.1 227.1 36.1 225.8 36.2 224.4 36.2 223.1 36.5 221.7
  36.8 220.4 37.1 219.2 37.8 217.9
   1 24 69  0.0
  72.5 321.4 72.1 320.2 71.7 319.1 71.2 318.5 70.7 318.0 70.2 317.4 69.7 316.9
  69.2 316.7 68.8 316.4 68.4 316.1 67.9 315.8 67.5 315.6 67.1 315.5 66.7 315.3
  66.3 315.1 65.8 314.9 65.5 315.1 65.1 315.4 64.8 315.6 64.4 315.8 64.1 316.1
  63.9 316.3 63.7 316.6 63.5 317.0 63.3 317.3 63.1 317.5 62.9 317.7 62.7 317.9
  62.5 318.1 62.3 318.2 62.0 318.3 61.8 318.4 61.6 318.4 61.3 318.4 61.1 318.3
  60.8 318.2 60.5 318.1 60.3 317.9 60.0 317.7 59.8 317.5 59.6 317.5 59.4 317.4
  59.2 317.3 59.0 317.1 58.8 316.9 58.6 316.7 58.5 316.5 58.3 316.2 58.1 315.9
  57.9 315.6 57.8 315.5 57.6 315.4 57.5 315.2 57.3 315.1 57.2 315.0 57.1 314.8
  57.0 314.7 56.9 314.5 56.8 314.4 56.7 314.2 56.7 314.1 56.6 314.0 56.5 313.8
  56.5 313.8 56.4 313.7 56.3 313.7 56.2 313.7 56.1 313.7 55.9 313.8 55.8 314.2
  55.7 314.7 55.5 315.1 55.3 315.5 55.1 315.9 54.9 316.3 54.7 316.5 54.4 316.7
  54.0 316.9 53.7 317.0 53.3 317.0 52.9 316.9 52.5 316.8 52.0 316.5 51.5 316.3
  51.1 315.7 50.6 315.1 50.1 314.5 49.6 313.9 49.1 313.0 48.7 312.1 48.4 311.1
  47.9 310.2 47.4 308.9 47.0 307.5 46.5 305.9 46.1 304.2 45.6 302.3 45.1 300.2
  44.7 298.1 44.2 296.0 44.0 293.8 43.8 291.8 43.9 289.6 43.8 287.5 43.8 285.5
  43.6 283.5 43.5 281.5 43.3 279.4 43.3 277.3 43.2 275.1 43.3 273.0 43.3 271.0
  43.5 269.1 43.6 267.4 43.7 265.7 43.8 264.1 43.9 262.4 44.0 260.8 44.2 259.1
  44.6 257.5 45.0 255.8 45.2 254.3 45.5 252.8 45.9 251.3 46.0 249.9 46.1 248.4
  46.3 246.9 46.4 245.5 46.5 244.0 46.7 242.6 46.7 241.2 46.8 239.8 46.7 238.4
  46.7 236.9 46.7 235.4 46.8 234.0 46.9 232.5 47.1 230.9 47.4 229.5 47.7 228.1
  48.0 226.7 48.3 225.5 48.6 224.1 49.0 222.8 49.3 221.6 49.7 220.4 50.0 219.2
  50.4 218.2 50.8 217.1 51.3 216.1 51.7 215.1 52.0 214.2 52.4 213.6 52.8 213.1
  53.2 212.5 53.6 212.0 54.0 211.6 54.3 211.1 54.6 211.0 54.9 210.8 55.1 210.5
  55.4 210.3 55.6 210.0 55.8 209.7 55.9 209.3 56.1 208.9 56.2 208.7 56.4 208.5
  56.5 208.3 56.5 208.1 56.6 207.9 56.6 207.7 56.5 207.4 56.4 207.2 56.3 207.1
  56.1 206.9 55.9 206.7 55.7 206.3 55.4 206.0 55.1 205.7 54.7 205.4 54.3 205.1
  53.9 204.9 53.5 204.4 53.1 203.9 52.6 203.5 52.1 203.1 51.6 202.7 51.0 202.3
  50.4 201.9 49.8 201.6 49.2 201.1 48.6 200.6 47.9 200.2 47.3 199.7 46.7 199.1
  46.1 198.6 45.5 198.0 45.0 197.4 44.4 196.7 43.9 196.0 43.4 195.2 42.9 194.5
  42.4 193.6 41.9 192.7 41.5 191.8 41.1 190.9 40.7 189.9 40.4 188.8 40.1 187.6
  39.9 186.3 39.6 184.9 39.4 183.5 39.2 182.1 39.1 180.6 38.9 179.1 38.8 177.5
  38.7 176.0 38.7 174.4 38.6 172.8 38.4 171.2 38.3 169.6 38.2 168.0 38.1 166.3
  38.1 164.7 38.0 163.0 37.8 161.4 37.7 159.8 37.3 158.2 37.0 156.6 36.8 155.0
  36.4 153.4 36.1 151.8 35.8 150.2 35.4 148.6 35.1 146.9 34.8 145.2 34.5 143.4
  34.3 141.6 34.2 139.8 34.0 138.1
   1 25 69  0.0
  72.5 321.4 72.1 321.0 71.6 320.5 71.2 320.7 70.8 320.7 70.4 320.8 69.9 320.8
  69.5 321.2 69.1 321.7 68.7 322.1 68.4 322.5 68.0 322.9 67.7 323.2 67.4 324.2
  67.3 325.2 67.1 326.2 66.9 327.1 66.8 328.0 66.7 328.9 66.5 329.8 66.4 330.6
  66.3 331.4 66.1 332.1 66.0 332.8 65.9 333.4 65.8 334.5 65.6 335.6 65.5 336.5
  65.2 337.3 65.0 338.1 64.8 338.7 64.5 339.2 64.2 339.7 63.9 340.0 63.6 340.4
  63.3 340.8 62.9 341.0 62.5 341.2 62.1 341.3 61.7 341.4 61.3 341.5 60.8 341.5
  60.3 341.5 59.7 341.4 59.1 341.1 58.5 340.8 57.9 340.5 57.2 340.2 56.6 339.8
  55.8 339.5 55.0 339.3 54.2 339.1 53.4 339.0 52.6 338.8 51.7 338.7 50.8 338.5
  49.8 338.3 48.9 338.0 47.9 337.8 47.0 337.4 46.0 337.1 45.1 336.5 44.2 335.8
  43.2 335.2 42.2 334.3 41.1 333.4 40.2 332.3 39.2 331.2 38.1 330.1 37.0 329.0
  36.1 327.6 35.4 326.0 34.8 324.2 34.2 322.2 33.6 320.1 33.0 317.9 32.8 315.6
  33.2 313.4 33.6 311.3 34.1 309.4 34.7 307.4 35.4 305.6 36.1 304.0 37.0 302.4
  37.8 301.1 38.8 299.9 39.4 298.6 40.1 297.4 41.0 296.0 42.0 294.8 42.6 293.7
  43.2 292.6 43.9 291.5 44.3 290.5 44.7 289.3 45.1 288.2 45.5 287.1 45.8 286.0
  46.1 284.9 46.5 283.7 46.7 282.5 47.0 281.3 47.3 280.1 47.6 279.0 47.6 277.8
  47.7 276.6 47.7 275.3 47.6 274.1 47.5 272.8 47.4 271.5 47.2 270.1 47.1 268.7
  46.9 267.3 46.7 265.9 46.6 264.5 46.4 263.1 46.3 261.7 46.2 260.4 46.2 259.0
  46.2 257.8 46.2 256.5 46.2 255.2 46.0 253.9 45.8 252.7 45.6 251.4 45.2 250.2
  44.9 248.9 44.6 247.6 44.3 246.2 44.0 244.8 43.7 243.3 43.5 242.1 43.2 240.8
  43.0 239.5 42.7 238.3 42.3 237.0 42.0 235.7 41.7 234.3 41.4 233.4 41.1 232.4
  40.7 231.5 40.6 230.6 40.4 229.7 40.3 228.9 40.1 228.1 39.9 227.3 39.9 226.7
  39.9 226.3 39.8 225.9 39.7 225.6 39.6 225.4 39.5 225.2 39.3 225.1 39.0 225.0
  38.8 225.0 38.5 225.1 38.1 225.1 37.6 225.3 37.2 225.1 36.7 225.0 36.2 224.8
  35.6 224.6 35.0 224.1 34.4 223.5 33.8 223.0 33.1 222.4 32.4 221.8 31.5 221.3
  30.6 220.6 29.6 220.0 28.5 219.4 27.8 218.7 27.0 218.0 26.3 217.4 25.6 216.7
  24.8 215.9 24.5 215.2 24.1 214.4 23.6 213.7 23.1 212.8 22.6 212.0 22.6 211.1
  22.6 210.3 22.5 209.4 22.4 208.7 22.3 207.9 22.6 207.2 22.8 206.6 23.0 205.9
  23.0 205.3 23.0 204.8 23.0 204.2 22.8 203.7 23.4 203.2 23.9 202.7 24.3 202.2
  24.8 201.9 25.1 201.6 25.5 201.2 25.9 200.9 26.2 200.5 26.6 200.2 27.0 199.8
  27.5 199.4 27.9 199.0 28.3 198.7 28.7 198.1 29.1 197.6 29.5 197.0 29.9 196.5
  30.3 196.0 30.7 195.4 31.0 194.8 31.4 194.2 31.8 193.6 32.1 193.0 32.5 192.3
  32.8 191.5 33.1 190.7 33.3 190.0 33.6 189.2 33.8 188.4 34.0 187.6 34.1 186.8
  34.3 185.8 34.5 184.8 34.6 183.8 34.7 182.7 34.7 181.7 34.7 180.6 34.8 179.5
  34.7 178.3 34.6 177.1 34.5 175.8 34.4 174.4 34.3 173.0 34.2 171.6 34.1 170.1
  33.8 168.6 33.6 167.2 33.4 165.8
   1 26 69  0.0
  72.5 321.4 72.0 321.5 71.5 321.5 71.0 321.6 70.6 321.6 70.2 321.7 69.8 321.8
  69.5 321.8 69.3 321.9 69.0 322.1 68.8 322.3 68.7 322.6 68.5 322.9 68.4 323.3
  68.3 323.8 68.2 324.3 68.2 324.8 68.2 325.4 68.1 326.1 68.1 326.8 68.0 327.6
  67.9 328.3 67.9 329.5 67.8 330.6 67.8 331.8 67.7 333.1 67.6 334.3 67.5 335.6
  67.5 336.8 67.4 338.0 67.3 339.1 67.2 340.2 67.0 341.2 66.8 342.1 66.6 343.0
  66.4 343.8 66.2 344.5 65.8 345.1 65.5 345.9 65.1 346.6 64.7 347.2 64.3 347.8
  63.8 348.2 63.3 348.5 62.8 348.8 62.3 349.0 61.7 349.2 61.1 349.1 60.5 349.0
  59.9 348.9 59.2 348.6 58.5 348.3 57.8 348.0 57.2 347.6 56.2 347.2 55.3 346.8
  54.3 346.3 53.3 345.9 52.3 345.4 51.2 344.9 50.2 344.4 49.2 343.9 48.0 343.3
  46.8 342.6 45.5 342.0 44.3 341.3 43.1 340.6 42.0 339.9 40.8 339.0 39.7 338.1
  38.6 337.1 37.5 335.9 36.5 334.6 35.4 333.2 34.5 331.7 33.7 330.1 33.0 328.3
  32.3 326.4 32.0 324.4 31.7 322.4 31.7 320.7 31.6 319.1 31.7 317.6 31.8 316.1
  31.9 314.8 32.2 313.6 32.6 312.0 33.0 310.7 33.5 309.5 34.0 308.3 34.6 307.3
  35.0 306.1 35.5 305.0 36.1 304.0 36.7 303.0 37.2 302.1 37.8 301.2 38.4 300.4
  39.1 299.6 39.4 298.8 39.9 298.1 40.3 297.4 40.9 296.5 41.6 295.7 41.9 295.0
  42.2 294.2 42.6 293.5 43.1 292.7 43.6 292.0 44.2 291.4 44.5 290.5 44.8 289.6
  45.1 288.8 45.4 287.9 45.6 287.0 45.8 286.1 46.0 285.2 46.2 284.3 46.4 283.3
  46.6 282.2 46.8 281.1 47.0 280.1 47.2 279.0 47.3 278.0 47.4 276.9 47.5 275.9
  47.4 274.8 47.3 273.7 47.2 272.5 47.1 271.3 46.9 270.0 46.8 268.7 46.6 267.4
  46.5 266.1 46.3 264.7 46.2 263.3 46.1 261.9 46.0 260.6 45.9 259.5 45.8 258.5
  45.7 257.4 45.7 256.3 45.7 255.2 45.4 254.1 45.2 252.9 45.0 251.7 44.7 250.5
  44.3 249.2 44.0 247.9 43.7 246.5 43.4 245.3 43.1 244.1 42.8 242.9 42.6 241.6
  42.3 240.4 42.1 239.1 41.8 237.8 41.5 236.7 41.2 235.7 40.8 234.6 40.5 233.7
  40.1 232.7 39.7 231.7 39.5 230.9 39.3 230.2 39.0 229.5 38.8 228.9 38.5 228.2
  38.3 227.6 38.2 227.0 38.0 226.5 37.8 226.0 37.6 225.7 37.3 225.4 37.0 225.1
  36.6 224.9 36.2 224.7 35.6 224.6 35.0 224.2 34.4 223.8 33.9 223.5 33.5 222.8
  33.0 222.1 32.4 221.5 31.8 220.9 31.1 220.0 30.4 219.2 29.8 218.4 29.3 217.5
  28.6 216.7 28.0 215.8 28.0 215.1 27.9 214.3 27.9 213.6 27.8 213.0 27.7 212.4
  27.6 211.8 27.9 211.2 28.1 210.7 28.4 210.3 28.6 209.9 28.8 209.5 28.9 209.1
  29.0 208.7 29.1 208.3 29.1 207.9 29.4 207.5 29.7 207.1 29.9 206.7 30.1 206.2
  30.3 205.9 30.6 205.5 30.8 205.1 31.0 204.8 31.2 204.4 31.5 204.0 31.7 203.6
  31.9 203.3 32.1 202.8 32.4 202.6 32.6 202.3 32.9 202.0 33.1 201.7 33.4 201.3
  33.6 200.9 33.9 200.6 34.1 200.1 34.4 199.8 34.6 199.4 34.8 199.0 34.9 198.5
  35.1 198.0 35.2 197.5 35.4 196.9 35.5 196.3 35.6 195.7 35.8 195.0 36.0 194.2
  36.2 193.4 36.4 192.6 36.6 191.6
   1 27 69  0.0
  72.5 321.4 72.3 320.6 72.0 319.7 71.8 319.0 71.5 317.8 71.3 316.6 71.1 315.4
  70.9 314.2 70.7 313.0 70.5 311.7 70.3 310.4 70.1 309.1 69.9 307.7 69.8 305.8
  69.7 303.8 69.5 301.9 69.4 300.1 69.2 298.3 69.0 296.6 68.8 295.1 68.6 293.6
  68.4 292.2 68.1 290.9 67.9 289.6 67.6 287.9 67.3 286.1 67.1 284.4 66.8 282.8
  66.5 281.3 66.2 279.9 65.8 278.6 65.5 277.1 65.2 275.7 64.8 274.4 64.5 273.1
  64.2 272.0 63.8 270.9 63.5 269.8 63.1 268.7 62.8 267.7 62.5 266.7 62.1 265.7
  61.8 264.7 61.4 263.6 61.1 262.5 60.9 261.5 60.6 260.4 60.3 259.4 60.1 258.4
  59.9 257.4 59.8 256.2 59.6 255.0 59.6 253.8 59.5 252.7 59.5 251.5 59.6 250.4
  59.8 249.3 59.9 248.3 60.1 247.2 60.3 246.2 60.6 245.1 60.9 243.9 61.2 242.8
  61.6 241.8 62.1 240.7 62.6 239.8 63.1 238.9 63.7 238.0 64.3 237.0 64.9 236.2
  65.6 235.3 66.3 234.3 67.0 233.5 67.7 232.6 68.4 231.7 69.1 231.0 69.8 230.3
  70.4 229.6 71.1 229.1 71.7 228.5 72.2 227.8 72.7 227.3 73.2 226.7 73.6 226.1
  74.0 225.3 74.3 224.5 74.7 224.1 75.0 223.7 75.3 223.2 75.5 222.8 75.7 222.4
  75.9 221.9 76.1 221.4 76.3 221.4 76.4 221.4 76.6 221.4 76.7 221.4 76.9 221.4
  77.0 221.4 77.1 221.4 77.1 221.3 77.2 221.3 77.2 221.2 77.2 221.1 77.2 220.9
  77.1 220.8 77.1 220.6 77.1 220.4 77.0 220.1 76.9 219.8 76.8 219.5 76.7 219.2
  76.6 218.8 76.5 218.3 76.4 217.9 76.2 217.4 76.1 216.9 75.9 216.5 75.8 215.8
  75.6 215.1 75.4 214.5 75.2 213.8 75.0 213.1 74.8 212.4 74.6 211.6 74.3 210.8
  74.1 210.0 73.8 209.1 73.5 207.9 73.1 206.7 72.8 205.5 72.4 204.3 71.9 203.1
  71.6 201.4 71.2 199.6 70.9 197.9 70.6 196.3 70.3 194.7 70.1 193.2 69.8 191.8
  69.6 190.4 69.4 189.0 69.2 187.8 69.1 186.7 69.0 185.6 69.0 184.7 68.9 183.8
  68.9 183.0 68.8 182.3 68.8 181.7 68.7 181.2 68.5 180.8 68.4 180.4 68.2 180.1
  68.0 180.0 68.0 179.9 67.9 179.9 67.8 180.1 67.6 180.3 67.3 180.5 67.0 180.8
  66.7 181.1 66.4 181.5 66.1 181.9 65.8 182.3 65.5 182.9 65.1 183.6 64.8 184.2
  64.3 185.0 63.7 185.7 63.2 186.3 62.7 186.9 62.1 187.4 61.5 187.9 61.0 188.3
  60.3 188.8 59.5 189.3 58.7 189.8 57.9 190.3 57.0 190.7 56.1 191.2 55.2 191.7
  54.2 192.0 53.2 192.3 52.3 192.3 51.3 192.3 50.5 192.0 49.8 191.7 49.2 191.2
  48.7 190.6 48.1 190.0 47.6 189.4 47.2 188.5 46.7 187.5 46.5 186.5 46.2 185.5
  45.9 184.4 45.7 183.1 45.5 181.8 45.3 180.5 45.2 179.1 45.0 177.8 44.9 176.3
  44.7 174.9 44.5 173.4 44.4 171.9 44.2 170.3 44.1 168.6 43.9 166.9 43.8 165.1
  43.7 163.4 43.6 161.7 43.5 160.0 43.4 158.3 43.3 156.6 43.2 154.9 43.1 153.3
  43.0 151.7 43.0 150.0 43.0 148.4 43.0 146.8 43.0 145.2 43.1 143.6 43.0 142.1
  43.0 140.6 43.0 139.2 42.9 137.9 42.9 136.5 42.8 135.2 42.8 133.9 42.8 132.6
  42.8 131.2 42.9 129.9 42.9 128.5 42.9 127.1 43.1 125.8 43.1 124.5 43.2 123.3
  43.3 122.1 43.5 121.0 43.6 119.9
   1 28 69  0.0
  72.5 321.4 72.1 319.7 71.6 318.3 71.2 316.5 70.8 314.9 70.3 313.5 69.9 312.2
  69.4 310.4 69.0 308.9 68.5 307.5 67.9 306.3 67.4 304.8 66.7 303.6 66.0 302.6
  65.2 301.7 64.5 300.8 63.6 300.1 62.8 299.3 61.9 298.7 61.1 297.9 60.1 297.3
  58.9 296.9 57.8 296.1 56.5 295.2 55.3 294.3 54.2 293.0 53.0 291.9 52.3 290.7
  51.6 289.6 50.8 288.7 49.9 287.8 49.5 287.0 49.1 286.1 48.7 285.2 48.2 284.2
  47.7 283.2 47.7 282.5 47.7 281.9 47.6 281.2 47.5 280.6 47.3 279.8 47.5 279.1
  47.7 278.3 47.9 277.5 48.1 276.7 48.3 275.6 48.8 274.5 49.2 273.5 49.8 272.5
  50.3 271.6 50.9 271.2 51.5 270.8 52.1 270.6 52.6 270.7 53.1 270.9 53.5 271.2
  53.8 271.6 54.0 272.0 54.1 272.5 54.1 273.0 54.0 273.5 53.9 274.0 53.7 274.8
  53.5 275.6 53.3 276.4 52.9 277.1 52.4 277.8 52.0 278.4 51.5 279.0 51.0 279.6
  50.5 280.1 49.7 280.5 48.8 280.8 47.9 281.0 46.9 281.1 45.9 281.2 44.8 281.0
  43.7 280.7 42.7 280.1 41.7 279.5 40.7 278.6 39.7 277.7 38.8 276.6 38.0 275.5
  37.1 274.3 36.2 272.8 35.5 271.1 35.1 269.3 34.7 267.5 34.7 265.5 34.6 263.7
  34.7 261.9 34.7 260.2 34.7 258.5 34.9 256.8 35.0 255.1 35.4 253.3 35.8 251.6
  36.3 250.0 36.8 248.5 37.2 247.0 37.6 245.6 37.9 244.2 38.3 242.8 38.7 241.4
  39.3 240.1 39.9 238.7 40.5 237.5 41.3 236.4 42.2 235.4 42.7 234.6 43.3 233.8
  43.9 233.1 44.5 232.4 45.1 231.9 45.6 231.5 46.2 231.1 46.9 231.0 47.6 230.9
  48.3 230.9 49.0 230.9 49.7 231.0 50.4 231.1 51.0 231.0 51.7 230.9 52.3 230.9
  52.9 230.6 53.5 230.4 54.2 230.2 54.8 229.8 55.5 229.5 56.1 229.2 56.8 228.7
  57.6 228.2 58.2 227.7 58.9 227.0 59.5 226.2 60.1 225.5 60.6 224.6 61.2 223.6
  61.6 222.7 61.9 221.7 62.3 220.6 62.7 219.4 62.9 218.2 63.1 216.8 63.4 215.5
  63.4 214.1 63.4 212.7 63.5 211.4 63.4 210.1 63.3 208.8 63.2 207.6 63.0 206.4
  62.8 205.3 62.6 204.2 62.4 203.1 62.0 202.1 61.6 201.1 61.3 200.3 60.8 199.6
  60.3 198.8 59.7 198.1 59.2 197.6 58.6 197.0 58.0 196.5 57.4 196.0 56.7 195.6
  56.0 195.3 55.2 195.0 54.5 194.9 53.8 194.7 53.1 194.6 52.4 194.6 51.8 194.6
  51.3 194.8 50.7 195.1 50.2 195.3 49.7 195.7 49.3 196.2 48.8 196.7 48.4 197.2
  47.9 197.7 47.5 198.2 47.1 198.7 46.8 199.1 46.4 199.5 46.1 199.9 45.8 200.2
  45.7 200.4 45.7 200.6 45.7 200.7 45.8 200.8 45.8 200.9 45.9 201.0 45.8 201.0
  45.8 201.1 45.7 201.1 45.5 201.0 45.4 201.0 45.2 200.9 45.0 200.7 44.7 200.5
  44.4 200.3 44.1 200.0 43.8 199.7 43.4 199.4 43.1 199.1 42.7 198.7 42.3 198.3
  41.9 197.8 41.5 197.3 41.1 196.8 40.7 196.2 40.3 195.5 40.1 194.7 40.0 193.8
  39.8 192.8 39.6 191.8 39.5 190.7 39.4 189.7 39.3 188.6 39.2 187.5 39.2 186.5
  39.1 185.4 39.1 184.3 39.0 183.2 39.0 182.1 39.1 181.1 39.1 180.0 39.2 178.8
  39.3 177.7 39.4 176.4 39.4 175.2 39.4 173.8 39.4 172.5 39.4 171.2 39.2 169.9
  39.1 168.6 38.9 167.4 38.6 166.3
   1 29 69  0.0
  72.5 321.4 72.3 321.3 72.1 321.1 71.9 320.8 71.7 320.2 71.5 319.4 71.3 318.7
  71.1 317.8 70.9 317.0 70.7 316.1 70.4 315.1 70.1 314.2 69.7 313.2 69.3 311.7
  68.8 310.3 68.3 309.1 67.7 308.0 67.1 306.5 66.5 305.1 65.8 303.7 65.3 302.1
  64.7 300.5 64.0 299.1 63.4 297.6 62.7 296.2 61.9 294.8 61.4 293.6 61.0 292.4
  60.5 291.2 60.2 290.0 60.0 288.8 59.8 287.6 59.7 286.4 59.6 285.1 59.5 283.7
  59.5 282.3 59.4 280.9 59.3 279.4 59.3 277.8 59.3 276.2 59.3 274.5 59.4 272.9
  59.4 271.1 59.4 269.4 59.4 267.7 59.3 266.1 59.3 264.6 59.3 263.1 59.3 261.8
  59.3 260.5 59.3 259.4 59.2 258.4 59.1 257.5 59.0 256.7 58.8 256.0 58.7 255.3
  58.5 254.7 58.3 254.2 58.2 253.7 57.9 253.3 57.7 252.2 57.5 251.1 57.4 250.1
  57.3 249.2 57.1 248.4 57.0 247.7 56.9 246.9 56.8 246.3 56.8 245.7 56.7 245.1
  56.6 244.6 56.5 244.1 56.4 243.6 56.4 243.2 56.5 242.8 56.5 242.4 56.5 242.0
  56.5 241.6 56.5 241.2 56.6 240.8 56.6 240.5 56.6 240.1 56.7 239.7 56.9 239.4
  57.2 239.0 57.5 238.6 57.8 238.3 58.1 237.9 58.6 237.8 59.0 237.6 59.5 237.4
  59.9 237.1 60.5 236.8 61.0 236.8 61.7 236.8 62.4 236.7 63.1 237.0 63.8 237.2
  64.5 237.4 65.2 238.0 65.9 238.5 66.6 239.0 67.3 239.7 68.0 240.4 68.5 241.2
  69.1 242.1 69.5 243.0 70.0 244.0 70.5 244.9 70.9 246.0 71.3 247.0 71.7 248.1
  72.0 249.2 72.4 250.2 72.7 251.3 73.0 252.5 73.2 253.8 73.4 255.1 73.6 256.5
  73.8 257.9 73.9 259.4 74.0 260.8 74.1 261.9 74.1 263.1 74.1 264.2 74.1 265.3
  74.0 266.4 73.9 267.5 73.8 268.7 73.7 269.9 73.6 271.1 73.5 272.2 73.3 273.3
  73.1 274.3 73.0 275.3 72.8 276.1 72.6 276.9 72.3 277.7 72.1 278.3 71.9 278.9
  71.7 279.5 71.5 280.0 71.2 280.5 70.9 280.9 70.5 281.2 70.2 281.4 69.9 281.7
  69.6 282.0 69.3 282.3 68.9 282.6 68.6 282.8 68.3 283.1 67.9 283.3 67.6 283.5
  67.3 283.7 67.0 283.9 66.7 284.1 66.4 284.2 66.1 284.3 65.8 284.4 65.6 284.5
  65.3 284.6 65.0 284.7 64.8 284.9 64.5 285.0 64.3 285.2 64.0 285.4 63.8 285.6
  63.6 285.9 63.3 286.1 63.1 286.4 62.9 286.6 62.7 286.7 62.5 286.9 62.3 287.0
  62.1 287.0 61.9 287.0 61.6 286.9 61.4 286.7 61.2 286.5 60.9 286.2 60.6 286.0
  60.3 285.7 60.1 285.4 59.8 285.0 59.6 284.5 59.3 283.9 59.0 283.3 58.8 282.7
  58.5 281.9 58.3 281.2 58.0 280.3 57.9 279.4 57.5 278.2 57.1 277.0 56.7 275.8
  56.4 274.5 56.0 273.2 55.7 271.9 55.4 270.3 55.1 268.7 54.8 267.2 54.4 265.7
  54.0 264.3 53.6 262.9 53.3 261.4 52.9 259.9 52.6 258.4 52.4 256.9 52.1 255.4
  51.9 253.9 51.6 252.3 51.4 250.8 51.0 249.4 50.7 248.1 50.3 247.0 50.0 246.0
  49.6 244.7 49.2 243.5 48.9 242.3 48.5 241.1 48.2 240.0 47.8 238.9 47.3 237.4
  46.9 235.8 46.6 234.2 46.4 232.6 46.1 231.0 46.5 229.5 46.9 228.0 47.8 226.6
  48.8 225.3 49.8 224.3 50.9 223.3 51.9 222.7 52.9 222.1 54.0 221.8 55.0 221.4
  56.0 221.1 57.1 220.9 58.0 220.6
   1 30 69  0.0
  72.5 321.4 72.7 320.9 72.9 320.4 73.1 320.0 73.3 319.7 73.6 319.3 73.8 319.1
  74.0 318.8 74.2 318.7 74.4 318.5 74.6 318.4 74.8 318.3 75.0 318.3 75.1 318.2
  75.2 318.2 75.3 318.2 75.4 318.2 75.5 318.2 75.5 318.2 75.6 318.2 75.6 318.2
  75.6 318.2 75.5 318.2 75.5 318.2 75.4 318.3 75.3 318.3 75.2 318.3 75.1 318.1
  75.0 317.9 74.9 317.6 74.8 317.3 74.8 316.9 74.7 316.4 74.6 315.8 74.5 315.2
  74.5 314.6 74.4 313.9 74.3 313.1 74.2 312.4 74.1 311.7 74.0 311.0 73.9 310.4
  73.8 309.7 73.6 309.1 73.5 308.6 73.3 308.0 73.1 307.5 73.0 307.0 72.9 306.6
  72.7 306.1 72.6 305.7 72.4 305.4 72.2 305.0 72.0 304.6 71.7 304.0 71.6 303.4
  71.4 302.8 71.2 302.3 71.0 301.9 70.7 301.5 70.4 301.1 70.0 300.7 69.6 300.2
  69.2 299.7 68.8 299.2 68.5 298.8 68.1 298.3 67.7 297.9 67.3 297.6 66.8 297.4
  66.3 297.2 65.8 297.0 65.3 297.2 64.6 297.4 63.9 297.5 63.2 297.5 62.5 297.6
  61.7 297.5 60.8 297.4 59.9 297.2 58.9 296.8 57.8 296.5 56.8 295.9 55.7 295.5
  54.5 294.7 53.3 294.1 52.1 293.3 50.7 292.5 49.5 291.7 48.2 290.7 47.0 289.6
  45.8 288.6 44.7 287.6 43.7 286.6 42.7 285.7 41.6 284.7 40.5 283.5 39.7 282.2
  38.9 280.7 38.1 279.0 37.9 277.3 37.6 275.6 37.8 273.9 37.9 272.2 37.9 270.6
  38.3 269.1 38.6 267.4 39.0 265.8 39.5 264.3 40.0 262.9 40.5 261.5 41.0 260.2
  41.6 259.0 42.0 257.8 42.5 256.7 43.0 255.7 43.3 254.7 43.5 253.7 43.8 252.7
  44.1 251.7 44.2 250.7 44.4 249.7 44.5 248.7 44.6 247.6 44.6 246.6 44.6 245.5
  44.6 244.5 44.6 243.5 44.4 242.4 44.3 241.4 44.1 240.4 44.0 239.3 44.0 238.3
  44.1 237.3 44.2 236.2 44.2 235.2 44.3 234.2 44.4 233.2 44.5 232.2 44.6 231.2
  44.9 230.3 45.1 229.5 45.4 228.7 45.7 228.0 46.3 227.4 46.9 226.7 47.6 226.2
  48.3 225.6 49.1 224.9 49.8 224.2 50.6 223.5 51.6 222.8 52.5 222.1 53.5 221.4
  54.4 220.7 55.3 219.8 56.1 218.9 56.8 217.6 57.5 216.3 58.1 215.0 58.8 213.7
  59.4 212.4 60.0 211.0 60.3 209.5 60.6 208.1 60.8 206.5 60.8 204.9 60.7 203.2
  60.3 201.5 60.0 199.7 59.5 197.7 59.1 195.8 58.6 194.0 58.0 192.4 57.3 191.0
  56.6 189.7 55.8 188.6 55.0 187.3 54.1 186.1 53.3 184.9 52.5 183.5 51.6 182.1
  50.7 181.0 49.8 179.9 48.9 179.2 47.9 178.5 47.1 177.6 46.3 176.7 45.5 175.6
  44.9 174.3 44.4 172.9 43.9 171.3 43.5 169.5 43.2 167.6 42.9 165.6 42.5 163.4
  42.0 161.1 41.6 158.8 41.1 156.4 40.7 154.1 40.4 151.9 40.2 149.7 40.0 147.5
  40.0 145.3 40.0 142.9 40.0 140.6 40.0 138.4 39.9 136.3 39.8 134.2 39.8 132.2
  39.8 130.3 40.1 128.5 40.3 126.5 40.6 124.6 40.9 122.8 41.1 121.1 41.3 119.5
  41.5 118.0 41.7 116.4 41.9 114.9 42.0 113.5 42.2 111.9 42.4 110.4 42.6 109.0
  42.8 107.5 43.0 106.0 43.2 104.5 43.4 103.0 43.5 101.5 43.6 100.0 43.8  98.5
  43.9  97.1 44.0  95.7 44.1  94.3 44.2  92.9 44.4  91.4 44.4  90.0 44.5  88.5
  44.6  87.0 44.6  85.4 44.6  83.8
   1 31 69  0.0
  72.5 321.4 72.6 321.3 72.7 321.2 72.9 321.0 73.0 320.9 73.2 320.8 73.3 320.6
  73.5 320.4 73.7 320.3 73.9 320.1 74.1 319.9 74.4 319.7 74.6 319.5 74.9 319.3
  75.2 319.1 75.4 318.8 75.7 318.5 76.0 318.2 76.2 317.9 76.5 317.6 76.8 317.3
  77.0 316.9 77.3 316.6 77.6 316.3 77.8 315.9 78.1 315.6 78.4 315.3 78.7 315.1
  79.0 314.9 79.3 314.7 79.5 314.5 79.8 314.3 80.1 314.1 80.4 314.2 80.7 314.3
  81.0 314.5 81.3 314.8 81.6 315.3 81.9 315.6 82.1 315.9 82.4 316.3 82.6 316.6
  82.8 316.8 83.0 316.9 83.1 316.8 83.3 316.5 83.4 316.1 83.5 315.5 83.7 314.8
  83.9 313.9 84.2 313.1 84.4 313.9 84.7 314.8 84.9 315.8 85.1 316.9 85.2 318.2
  85.3 319.5 85.3 320.9 85.3 322.3 85.3 323.7 85.2 325.2 85.1 326.6 84.9 327.7
  84.8 328.4 84.5 328.9 84.2 329.0 83.9 328.9 83.7 328.5 83.4 328.1 83.1 327.9
  82.8 327.7 82.5 327.5 82.2 327.4 81.8 327.4 81.5 327.9 81.2 328.3 80.8 328.6
  80.3 328.9 79.9 329.2 79.4 329.1 79.0 329.1 78.7 329.2 78.3 329.3 77.9 329.5
  77.6 329.2 77.3 329.0 77.0 328.8 76.7 328.6 76.3 328.4 76.0 328.1 75.6 327.6
  75.3 327.1 75.0 326.6 74.7 326.1 74.4 325.6 74.0 325.2 73.7 324.7 73.4 324.0
  73.1 323.3 72.8 322.6 72.5 322.0 72.2 321.4 71.9 320.9 71.7 320.0 71.4 319.1
  71.1 318.3 70.8 317.3 70.6 316.4 70.3 315.4 70.1 314.4 69.9 313.4 69.7 312.0
  69.5 310.6 69.3 309.1 69.1 307.8 68.9 306.4 68.6 305.1 68.4 303.7 68.2 302.5
  68.0 301.3 67.8 299.6 67.6 297.8 67.5 296.1 67.3 294.4 67.1 292.7 66.9 291.0
  66.7 289.4 66.5 287.7 66.2 286.1 66.0 284.6 65.8 283.2 65.5 281.4 65.3 279.7
  65.0 278.1 64.7 276.6 64.4 275.2 64.1 274.0 63.8 272.8 63.4 271.4 63.1 270.2
  62.7 268.9 62.3 267.7 62.0 266.6 61.6 265.4 61.3 264.2 60.9 263.0 60.6 261.9
  60.4 260.8 60.1 259.7 59.9 258.6 59.8 257.4 59.7 256.2 59.7 255.0 59.7 253.9
  59.8 252.7 59.9 251.6 60.1 250.5 60.3 249.4 60.5 248.2 60.8 247.0 61.1 245.9
  61.5 244.8 61.8 243.7 62.3 242.6 62.8 241.6 63.4 240.5 63.9 239.5 64.5 238.4
  65.2 237.3 65.9 236.2 66.5 235.1 67.2 234.2 67.9 233.3 68.6 232.3 69.3 231.6
  69.9 230.8 70.6 230.0 71.2 229.4 71.8 228.7 72.3 228.0 72.8 227.4 73.3 226.8
  73.7 226.2 74.0 225.5 74.4 225.2 74.8 224.9 75.1 224.6 75.4 224.3 75.6 224.0
  75.8 223.7 76.0 223.4 76.2 223.1 76.3 223.3 76.5 223.5 76.6 223.6 76.8 223.8
  76.8 224.0 76.9 224.1 77.0 224.3 77.0 224.4 77.0 224.6 77.0 224.7 77.0 224.8
  77.0 224.9 77.0 225.0 76.9 225.1 76.9 225.1 76.8 225.1 76.8 225.0 76.7 224.9
  76.6 224.7 76.5 224.5 76.4 224.2 76.4 223.9 76.2 223.5 76.0 223.1 75.8 222.6
  75.7 222.1 75.5 221.6 75.3 221.0 75.2 220.4 75.0 219.7 74.7 219.0 74.5 218.2
  74.2 217.3 73.9 216.5 73.7 215.4 73.3 214.2 72.9 213.1 72.4 211.9 72.0 210.8
  71.6 209.4 71.2 208.0 70.8 206.6 70.3 205.2 69.9 203.8 69.5 202.3 69.0 200.8
  68.6 199.5 68.1 198.2 67.6 197.1
