   7  1 62  0.0
  72.5 321.4 72.5 321.0 72.6 320.6 72.6 320.1 72.5 319.7 72.5 319.2 72.4 318.8
  72.4 318.3 72.2 317.9 72.1 317.5 71.9 317.1 71.7 316.3 71.5 315.5 71.4 314.7
  71.4 313.9 71.3 313.2 71.2 312.5 71.1 311.8 71.1 311.1 71.0 310.5 71.0 309.9
  71.0 309.3 70.9 308.8 70.9 308.3 70.8 307.8 70.9 307.3 70.9 306.8 71.0 306.3
  71.1 305.9 71.1 305.5 71.2 305.0 71.3 304.6 71.3 304.2 71.4 303.9 71.5 303.6
  71.6 303.3 71.7 303.0 71.8 302.8 71.9 302.6 72.0 302.4 72.1 302.2 72.2 301.7
  72.4 301.3 72.5 300.8 72.6 300.4 72.7 300.0 72.8 299.6 72.9 299.2 73.1 298.8
  73.2 298.5 73.3 298.1 73.5 297.8 73.6 297.5 73.7 297.2 73.9 296.9 74.0 296.6
  74.1 296.4 74.2 296.1 74.4 295.9 74.6 295.7 74.8 295.6 75.0 295.4 75.2 295.3
  75.3 295.2 75.5 295.1 75.7 295.1 75.8 295.1 76.0 295.1 76.1 295.2 76.3 295.7
  76.4 296.3 76.5 296.9 76.6 297.6 76.7 298.3 76.8 299.1 76.9 300.0 76.9 301.1
  76.9 302.2 77.0 303.4 77.0 304.7 76.9 306.2 76.8 307.7 76.7 309.5 76.5 311.3
  76.2 313.2 75.7 315.0 75.3 316.0 74.8 316.8 74.4 317.4 73.9 317.8 73.5 317.4
  73.1 316.9 72.7 316.5 72.3 315.9 71.9 315.4 71.6 314.8 71.2 314.3 70.9 313.9
  70.5 313.5 70.1 313.1 69.8 312.8 69.4 312.5 69.1 312.2 68.7 311.8 68.2 311.5
  67.8 311.2 67.3 310.5 66.9 309.9 66.4 309.2 66.0 308.5 65.5 307.5 64.9 306.5
  64.3 305.6 63.7 304.7 63.1 303.4 62.7 302.2 62.3 301.0 61.8 299.8 61.6 298.8
  61.4 297.7 61.2 296.8 61.0 295.9 60.7 295.1 60.3 294.1 60.0 293.1 59.6 292.0
  59.5 290.8 59.3 289.5 59.1 288.3 58.9 287.1 59.1 285.9 59.3 284.7 59.5 283.6
  59.9 282.5 60.2 281.3 60.6 280.1 61.0 278.9 61.5 277.6 62.0 276.4 62.6 275.5
  63.3 274.5 64.0 273.6 64.8 273.0 65.5 272.4 66.1 271.6 66.7 271.2 67.3 270.8
  67.8 270.3 68.2 269.8 68.6 270.0 69.0 270.4 69.3 270.8 69.6 271.3 69.8 271.9
  70.0 272.5 70.2 273.4 70.3 274.3 70.4 275.2 70.5 276.2 70.5 277.3 70.5 278.3
  70.6 279.4 70.6 280.5 70.6 281.7 70.6 282.8 70.5 284.0 70.5 285.1 70.4 286.2
  70.3 287.2 70.1 288.1 69.8 289.0 69.5 290.0 69.2 291.0 68.9 291.8 68.5 292.6
  67.9 293.3 67.4 294.0 66.8 294.6 66.2 295.2 65.5 295.8 64.8 295.9 64.1 295.9
  63.4 296.0 62.8 295.2 62.1 294.4 61.6 293.7 61.0 292.5 60.6 291.3 60.0 290.1
  59.5 289.1 59.0 287.9 58.5 286.7 58.0 285.6 57.5 284.4 57.2 282.9 57.0 281.2
  56.9 279.5 56.8 277.8 56.7 276.2 56.6 274.6 56.7 273.1 56.7 271.6 56.8 270.2
  57.0 268.7 57.1 267.3 57.3 265.9 57.5 264.5 57.7 263.2 58.0 261.8 58.3 260.5
  58.5 259.1 59.0 257.7 59.4 256.3 59.9 254.9 60.5 253.5 61.2 252.0 61.8 250.4
  62.4 248.8 62.9 247.5 63.5 246.2 64.0 244.9 64.5 243.5 64.9 242.4 65.4 241.2
  65.8 240.0 66.2 238.8 66.5 237.7 66.9 236.5 67.2 235.3 67.5 234.1 67.8 232.9
  68.1 231.6 68.6 230.3 69.0 228.8 69.4 227.3 69.8 225.7 70.1 224.0 70.3 222.2
  70.6 220.4 70.8 218.6 70.9 216.9
   7  2 62  0.0
  72.5 321.4 72.4 321.1 72.4 320.7 72.4 320.3 72.4 319.7 72.4 319.1 72.4 318.4
  72.4 317.7 72.4 316.8 72.5 315.9 72.4 314.9 72.3 313.9 72.3 312.8 72.2 311.7
  72.1 310.7 72.0 309.8 72.0 308.9 72.0 308.0 72.0 307.1 72.0 306.2 72.1 305.3
  72.2 304.4 72.3 303.4 72.4 302.4 72.5 301.4 72.6 300.3 72.7 299.2 72.7 298.2
  72.8 297.2 72.8 296.3 72.9 295.4 72.9 294.5 72.9 293.7 72.9 292.9 72.9 292.2
  73.0 291.5 73.0 290.8 73.0 290.2 73.0 289.6 73.0 289.0 73.1 288.4 73.1 287.8
  73.1 287.2 73.2 286.7 73.2 286.1 73.3 285.6 73.3 285.1 73.4 284.6 73.5 284.1
  73.5 283.6 73.6 283.1 73.6 282.6 73.6 282.0 73.6 281.4 73.6 280.8 73.6 280.2
  73.6 279.5 73.6 278.8 73.5 278.1 73.5 277.4 73.5 276.7 73.5 276.0 73.5 275.2
  73.5 274.5 73.6 273.9 73.6 273.3 73.7 272.7 73.8 272.2 73.9 271.7 74.0 271.3
  74.1 270.9 74.3 270.6 74.5 270.3 74.7 270.1 74.9 269.8 75.1 269.6 75.3 269.3
  75.5 269.0 75.7 268.7 75.9 268.3 76.1 268.0 76.3 267.7 76.6 267.5 76.8 267.2
  77.0 267.0 77.3 266.8 77.5 266.6 77.7 266.3 77.9 266.0 78.1 265.7 78.4 265.7
  78.6 265.7 78.8 265.7 79.0 265.7 79.2 265.8 79.4 265.9 79.6 266.0 79.8 266.1
  80.0 266.3 80.1 266.5 80.3 267.0 80.5 267.6 80.7 268.2 80.9 269.0 81.0 269.7
  81.2 270.6 81.3 271.5 81.4 272.5 81.5 273.6 81.6 274.8 81.6 275.9 81.7 276.8
  81.7 277.7 81.8 278.4 81.8 278.9 81.8 279.2 81.9 279.4 81.9 279.4 81.9 279.3
  82.0 278.9 82.0 278.3 82.1 278.2 82.1 278.1 82.1 278.0 82.2 278.0 82.2 278.1
  82.2 278.1 82.1 278.3 82.1 278.4 82.1 278.6 82.0 278.8 82.0 279.0 81.9 278.3
  81.8 277.5 81.8 276.8 81.7 276.1 81.7 275.4 81.6 274.7 81.6 274.1 81.6 273.5
  81.5 272.9 81.5 272.4 81.5 271.9 81.4 271.4 81.4 271.0 81.4 270.6 81.3 270.2
  81.3 269.9 81.2 269.6 81.2 269.4 81.2 269.2 81.1 269.0 81.1 268.8 81.0 268.7
  81.0 268.7 80.9 268.7 80.9 268.7 80.8 268.7 80.8 268.7 80.7 268.7 80.6 268.6
  80.6 268.5 80.5 268.3 80.5 268.1 80.4 267.8 80.4 267.6 80.3 267.3 80.3 266.9
  80.2 266.5 80.2 266.1 80.2 265.6 80.1 265.1 80.1 264.5 80.0 263.9 80.0 263.2
  80.0 262.5 80.0 261.7 80.0 260.9 80.0 260.0 80.1 259.1 80.1 258.1 80.2 257.0
  80.2 256.0 80.3 255.1 80.4 254.1 80.4 253.2 80.5 252.3 80.5 251.4 80.6 250.5
  80.6 249.6 80.6 248.7 80.7 247.9 80.7 247.0 80.7 246.1 80.7 245.4 80.8 244.8
  80.8 244.4 80.8 244.1 80.8 243.9 80.9 244.0 80.9 244.1 81.0 244.5 81.0 245.0
  81.0 245.7 81.1 246.6 81.1 247.6 81.2 248.7 81.2 249.8 81.2 250.9 81.2 252.1
  81.2 253.3 81.2 254.5 81.2 255.8 81.1 257.1 81.1 258.5 81.1 259.8 81.0 261.3
  81.0 262.7 81.0 264.2 81.0 265.8 81.0 267.4 80.9 269.1 80.9 270.8 80.9 272.5
  80.8 274.2 80.7 276.0 80.6 277.7 80.5 279.4 80.4 281.1 80.4 282.7 80.3 284.2
  80.2 285.7 80.2 287.1 80.1 288.5 80.0 289.8 79.9 291.1 79.9 291.9 79.8 292.7
  79.7 293.4 79.6 294.0 79.5 294.6
   7  3 62  0.0
  72.5 321.4 72.3 320.4 72.2 319.4 71.9 318.4 71.7 317.3 71.5 316.2 71.2 315.2
  70.8 314.4 70.5 313.6 70.1 312.9 69.7 312.3 69.3 311.6 69.0 311.0 68.7 310.4
  68.3 309.8 68.0 309.3 67.6 308.5 67.2 307.8 66.8 307.2 66.4 306.7 65.8 306.2
  65.3 305.8 64.6 305.6 63.7 305.4 62.8 305.0 61.8 304.7 60.9 304.0 60.1 303.2
  59.3 302.5 58.5 301.5 57.7 300.5 56.9 299.5 56.2 298.5 55.6 297.5 55.0 296.5
  54.3 295.5 53.8 294.5 53.2 293.6 52.6 292.6 52.0 291.7 51.8 290.6 51.5 289.5
  51.3 288.4 51.0 287.3 51.0 286.2 51.1 285.0 51.0 283.9 51.2 282.6 51.3 281.4
  51.3 280.1 51.4 278.8 51.7 277.5 52.0 276.2 52.3 275.0 53.0 273.9 53.6 272.7
  54.3 271.5 55.1 270.4 55.9 269.3 56.7 268.1 57.6 267.2 58.4 266.4 59.2 265.8
  60.0 265.2 60.9 264.8 61.7 264.4 62.4 264.0 63.2 263.7 64.0 263.5 64.9 263.3
  65.7 263.1 66.4 263.0 67.2 262.7 67.9 262.3 68.4 261.9 69.0 261.1 69.4 260.3
  69.8 259.5 70.3 258.7 70.7 257.8 71.0 257.0 71.2 256.2 71.4 255.4 71.7 254.7
  71.9 254.0 72.1 253.5 72.3 252.8 72.6 252.0 72.9 251.1 73.2 250.1 73.4 249.0
  73.7 247.9 74.0 246.6 74.2 245.1 74.5 243.6 74.8 242.0 75.1 240.3 75.4 238.3
  75.6 236.5 75.9 234.8 76.1 233.4 76.3 232.0 76.5 230.6 76.6 229.3 76.7 228.1
  76.8 226.9 76.7 225.9 76.6 225.0 76.5 224.1 76.4 223.4 76.2 222.7 75.9 222.0
  75.7 221.5 75.5 220.9 75.3 220.3 75.0 219.7 74.7 219.0 74.4 218.4 74.0 217.9
  73.6 216.8 73.3 215.8 73.0 214.8 72.8 213.8 72.5 212.9 72.3 212.1 72.0 211.2
  72.1 210.4 72.2 209.6 72.3 208.7 72.4 207.7 72.7 206.7 73.0 205.7 73.2 204.6
  73.4 203.4 73.8 202.1 74.1 200.9 74.4 200.5 74.7 200.2 75.0 199.9 75.2 199.5
  75.5 199.1 75.7 198.7 75.9 198.4 76.1 198.0 76.3 198.4 76.4 198.8 76.6 199.2
  76.7 199.6 76.8 200.0 76.9 200.4 77.0 200.8 77.1 201.2 77.1 201.6 77.1 202.1
  77.2 202.5 77.2 202.9 77.2 203.3 77.2 203.8 77.3 204.2 77.3 204.5 77.4 204.9
  77.5 205.2 77.7 205.4 77.8 205.6 78.1 205.7 78.4 205.5 78.7 205.3 79.1 205.0
  79.5 204.6 79.9 204.2 80.3 203.8 80.8 203.5 81.2 203.2 81.6 203.1 82.0 203.0
  82.3 203.0 82.8 203.7 83.2 204.5 83.5 205.4 83.8 206.6 84.0 207.9 84.4 209.6
  84.7 211.4 85.0 213.3 85.2 215.4 85.4 217.6 85.6 220.0 85.8 222.6 86.0 225.3
  86.3 230.0 86.5 235.2 86.7 241.0 86.8 247.3 86.9 254.1 87.0 261.2 87.0 268.6
  87.0 275.9 86.9 283.4 86.7 290.4 86.4 296.5 86.0 301.9 85.6 306.6 85.2 304.3
  84.8 301.7 84.5 298.8 84.3 295.7 84.0 293.0 83.8 290.5 83.7 286.7 83.6 283.2
  83.5 280.0 83.5 277.0 83.5 274.2 83.6 271.7 83.6 269.4 83.6 267.3 83.6 265.4
  83.6 263.7 83.6 262.2 83.7 261.1 83.7 260.2 83.7 259.6 83.7 259.3 83.7 259.3
  83.7 259.4 83.7 259.8 83.7 260.5 83.7 261.4 83.7 262.5 83.8 263.8 83.8 265.2
  83.8 266.6 83.8 268.1 83.8 269.6 83.8 271.2 83.8 272.9 83.8 274.6 83.8 276.3
  83.8 278.2 83.8 280.1 83.9 282.1
   7  4 62  0.0
  72.5 321.4 72.1 320.3 71.7 319.3 71.2 318.2 70.8 317.1 70.4 315.9 70.0 314.8
  69.6 313.5 69.1 312.2 68.7 311.0 68.1 310.0 67.4 309.1 66.6 308.1 65.7 307.2
  64.9 306.1 63.9 305.3 62.8 304.5 61.7 303.9 61.0 303.3 60.2 302.7 59.4 302.3
  58.5 301.7 57.7 301.1 57.0 300.7 56.4 300.1 55.7 299.6 55.3 299.6 55.0 299.6
  54.6 299.5 54.1 299.5 53.7 299.4 53.2 299.2 52.6 299.0 52.0 298.7 51.4 298.4
  50.7 297.7 50.1 297.0 49.5 296.2 48.9 295.5 48.8 294.8 48.7 294.0 48.5 293.2
  48.4 292.2 48.3 291.2 48.6 290.2 48.9 289.1 49.2 287.8 49.9 286.5 50.5 285.1
  51.1 283.8 52.0 282.5 53.1 281.7 54.1 281.0 55.2 280.2 56.2 279.5 57.2 278.8
  58.2 278.0 59.2 277.3 60.2 276.5 61.2 276.0 62.0 275.4 62.9 275.1 63.7 274.7
  64.4 274.2 65.1 273.5 65.7 272.7 66.2 271.7 66.6 270.7 67.0 269.7 67.4 268.7
  67.8 267.6 68.3 266.6 68.8 266.5 69.3 266.5 69.8 266.4 70.2 266.2 70.6 265.7
  71.0 265.1 71.4 264.4 71.7 263.6 72.0 262.7 72.4 261.5 72.7 260.3 73.0 259.1
  73.3 257.8 73.6 256.4 73.9 255.0 74.2 253.5 74.4 252.5 74.7 251.4 75.0 250.3
  75.3 249.0 75.6 247.7 75.9 246.2 76.2 244.6 76.5 243.5 76.7 242.3 76.9 241.0
  77.1 239.8 77.2 238.6 77.3 237.6 77.4 236.8 77.5 236.1 77.7 235.5 77.8 235.0
  78.0 234.7 78.1 234.6 78.3 235.1 78.5 235.7 78.7 236.4 78.9 236.8 79.1 237.1
  79.4 237.1 79.6 237.0 79.9 236.7 80.1 236.3 80.3 236.8 80.5 237.2 80.6 237.5
  80.7 237.6 80.8 237.6 80.9 237.5 81.0 237.3 81.0 237.1 81.1 236.9 81.2 236.7
  81.3 236.4 81.3 236.1 81.4 235.8 81.5 235.5 81.5 235.1 81.6 234.7 81.7 234.3
  81.8 233.9 81.8 233.4 81.9 233.0 81.9 232.6 82.0 232.2 82.0 231.9 82.0 232.1
  82.1 232.3 82.1 232.5 82.1 232.6 82.1 232.8 82.1 233.0 82.1 233.1 82.1 233.3
  82.1 233.5 82.2 233.8 82.2 234.1 82.3 234.5 82.4 235.0 82.5 235.4 82.6 236.0
  82.7 236.6 82.9 237.3 83.1 238.1 83.3 239.0 83.5 239.8 83.7 240.6 83.8 241.4
  84.0 242.1 84.3 244.2 84.5 246.3 84.6 248.4 84.8 250.4 85.0 252.4 85.1 254.4
  85.3 256.3 85.4 258.0 85.5 259.9 85.6 261.9 85.7 264.1 85.7 266.3 85.8 268.7
  85.8 271.1 85.8 273.6 85.8 276.1 85.8 278.7 85.8 281.2 85.8 283.7 85.8 286.3
  85.8 289.0 85.8 291.9 85.8 295.0 85.7 298.2 85.6 301.6 85.4 305.2 85.2 308.8
  85.0 312.5 84.7 316.1 84.4 319.5 84.0 322.7 83.6 325.3 83.2 327.5 82.8 329.4
  82.3 331.2 81.9 332.7 81.5 333.8 81.1 334.9 80.8 335.8 80.5 336.7 80.1 337.5
  79.8 338.2 79.6 338.8 79.3 339.4 79.1 340.0 78.9 340.7 78.6 341.3 78.4 342.1
  78.1 342.8 77.9 343.6 77.7 344.6 77.5 345.6 77.2 346.7 77.0 347.9 76.8 349.1
  76.6 350.4 76.4 351.8 76.2 353.3 75.9 354.9 75.8 356.2 75.6 357.7 75.3 359.1
  75.2   0.6 74.9   0.9 74.7   1.3 74.4   1.7 74.1   2.0 73.9   2.4 73.6   2.6
  73.4   2.7 73.1   2.9 72.9   3.1 72.7   3.3 72.5   3.5 72.3   3.7 72.1   3.9
  71.9   4.2 71.7   4.2 71.5   4.3
   7  5 62  0.0
  72.5 321.4 72.4 320.4 72.4 319.4 72.4 318.5 72.4 317.5 72.4 316.5 72.4 315.6
  72.5 314.6 72.6 313.6 72.7 312.5 72.8 311.4 72.9 310.2 73.0 309.0 73.1 307.7
  73.2 306.3 73.2 304.9 73.3 303.5 73.3 302.2 73.4 301.1 73.4 300.1 73.4 299.3
  73.4 298.6 73.4 298.0 73.4 297.5 73.3 297.2 73.3 297.0 73.2 296.8 73.2 296.7
  73.1 296.6 73.0 296.5 73.0 296.5 72.9 296.5 72.8 296.6 72.7 296.7 72.6 296.9
  72.5 297.1 72.4 297.3 72.2 297.6 72.1 297.8 71.9 297.9 71.8 297.9 71.6 297.8
  71.4 297.8 71.2 297.7 71.0 297.6 70.8 297.5 70.5 297.3 70.3 297.2 70.0 297.0
  69.7 297.2 69.5 297.4 69.2 297.5 69.0 297.6 68.8 297.7 68.6 297.8 68.5 297.9
  68.3 297.9 68.1 297.9 68.0 297.9 67.8 298.0 67.7 298.2 67.6 298.4 67.4 298.5
  67.3 298.8 67.2 299.0 67.0 299.2 66.9 299.5 66.8 299.8 66.7 300.1 66.4 300.5
  66.0 300.8 65.6 301.1 65.2 301.5 64.8 302.0 64.3 302.3 63.7 302.5 63.2 302.2
  62.6 301.9 61.9 301.6 61.2 300.8 60.4 300.0 59.6 299.3 59.0 298.3 58.4 297.3
  57.7 296.4 57.1 295.4 56.6 294.4 56.1 293.5 55.6 292.5 55.0 291.6 54.9 290.6
  54.7 289.6 54.5 288.5 54.3 287.4 54.3 286.2 54.3 285.0 54.2 283.7 54.3 282.4
  54.4 281.1 54.5 279.8 55.0 278.5 55.5 277.3 56.0 276.1 56.4 274.9 57.2 274.0
  57.9 273.1 58.6 272.1 59.3 271.5 60.2 271.0 61.2 270.7 62.0 270.4 62.9 270.2
  63.6 270.0 64.2 269.8 64.8 269.8 65.3 269.9 65.7 270.1 66.1 270.4 66.5 270.5
  66.8 270.8 67.0 271.1 67.3 271.5 67.4 272.0 67.6 272.5 67.6 273.0 67.5 273.5
  67.4 274.0 67.4 274.4 67.3 274.8 67.2 275.2 67.1 275.5 67.0 275.9 66.9 276.2
  66.7 276.4 66.5 276.6 66.3 276.7 66.0 276.6 65.8 276.6 65.6 276.3 65.4 276.0
  65.1 275.5 64.9 275.1 64.6 274.6 64.3 274.1 64.0 273.5 63.6 272.4 63.2 271.5
  63.0 270.5 62.7 269.7 62.5 268.9 62.3 268.1 62.1 267.3 61.8 266.5 61.5 265.8
  61.2 265.2 60.8 264.6 60.5 264.0 60.1 263.5 59.5 263.1 59.0 262.7 58.4 262.2
  57.8 261.6 57.2 260.7 56.6 259.7 56.0 258.7 55.3 257.6 54.6 256.6 53.9 255.6
  53.3 254.7 52.6 253.8 52.0 252.9 51.3 251.8 50.8 250.7 50.3 249.6 49.8 248.5
  49.3 247.5 48.8 246.6 48.4 245.7 47.8 244.8 47.3 243.9 46.8 243.0 46.3 242.2
  45.7 241.3 45.2 240.3 44.7 239.2 44.4 238.1 44.1 237.1 43.7 236.0 43.4 234.9
  43.1 233.9 42.9 232.9 42.6 231.9 42.5 230.8 42.4 229.8 42.2 228.7 42.1 227.6
  42.4 226.6 42.7 225.5 43.0 224.5 43.3 223.6 43.7 222.8 44.2 221.9 44.6 221.3
  45.1 220.6 45.5 220.0 46.1 219.3 46.7 218.8 47.2 218.3 47.7 217.8 48.2 217.2
  48.6 216.7 49.1 216.1 49.6 215.6 50.1 215.1 50.6 214.8 51.1 214.5 51.7 214.3
  52.2 214.1 52.7 214.1 53.2 214.1 53.7 214.1 54.1 214.1 54.6 213.9 55.0 213.7
  55.4 213.5 55.7 213.3 56.1 213.1 56.4 212.6 56.7 212.1 57.0 211.5 57.3 210.9
  57.6 210.4 57.9 209.8 58.1 209.3 58.4 208.6 58.6 207.9 58.7 207.2 58.8 206.4
  58.9 205.6 59.0 204.8 59.1 203.9
   7  6 62  0.0
  72.5 321.4 72.8 321.0 73.1 320.6 73.4 320.2 73.7 320.0 74.1 319.8 74.5 319.8
  74.8 319.9 75.1 320.0 75.3 320.1 75.5 320.3 75.6 320.5 75.7 320.7 75.8 321.0
  75.9 321.2 75.9 321.3 75.9 321.4 75.9 321.5 75.9 321.4 75.8 321.3 75.7 321.1
  75.6 320.8 75.5 320.4 75.4 320.0 75.4 319.4 75.4 318.7 75.4 318.0 75.4 317.3
  75.3 316.6 75.2 315.9 75.3 315.2 75.3 314.6 75.2 313.9 75.2 313.4 75.1 312.9
  75.1 312.4 75.0 312.0 74.8 311.7 74.8 311.3 74.7 310.9 74.6 310.6 74.4 310.2
  74.2 309.8 74.0 309.4 73.7 308.3 73.3 307.3 73.1 306.4 72.8 305.6 72.4 305.1
  71.9 304.7 71.4 303.9 71.1 303.2 70.9 302.7 70.6 302.2 70.3 301.9 69.9 301.6
  69.6 301.3 69.2 301.1 68.9 301.0 68.5 300.8 68.1 300.7 67.7 300.6 67.3 300.5
  66.9 300.4 66.5 300.4 66.0 300.4 65.5 300.4 65.0 300.2 64.4 300.0 64.2 299.9
  63.9 299.8 63.7 299.7 63.4 299.6 63.2 299.6 62.9 299.6 62.6 299.6 62.2 299.6
  61.9 299.6 61.6 299.4 61.2 299.3 60.9 299.1 60.5 299.0 60.2 298.8 59.8 298.6
  59.4 297.9 59.0 297.1 58.6 296.3 58.2 295.5 58.2 294.8 58.1 294.0 57.9 293.3
  57.8 292.6 57.6 291.9 57.6 291.0 57.6 290.2 57.5 289.4 57.4 288.6 57.2 287.8
  57.9 287.0 58.6 286.3 59.2 285.8 59.9 285.4 60.5 284.8 61.1 284.8 61.7 284.7
  62.2 284.5 62.8 284.8 63.3 285.0 63.8 285.2 64.3 285.4 64.7 286.0 65.1 286.7
  65.4 287.4 65.6 288.2 65.6 288.9 65.4 289.6 65.3 290.2 65.1 290.8 64.9 291.3
  64.6 291.8 64.3 292.2 63.9 292.7 63.5 293.1 63.1 293.4 62.7 293.8 62.3 294.2
  61.9 294.5 61.4 294.4 61.0 294.4 60.6 294.4 60.1 294.3 59.6 294.3 59.1 293.4
  58.5 292.4 58.0 291.6 57.5 289.8 57.1 288.2 56.6 286.7 56.1 285.3 55.7 283.9
  55.5 282.2 55.3 280.4 55.1 278.6 54.7 276.8 54.4 275.1 54.5 273.3 54.6 271.5
  55.1 269.7 55.5 267.9 56.1 266.2 56.8 264.7 57.4 263.2 57.9 261.7 58.5 260.2
  59.1 258.9 59.8 257.6 60.5 256.5 61.3 255.6 62.0 254.7 62.9 254.1 63.6 253.4
  64.3 252.8 65.0 252.3 65.6 251.9 66.1 251.5 66.7 250.9 67.2 250.3 67.7 249.8
  68.2 249.2 68.8 248.6 69.3 248.0 69.8 247.3 70.2 246.6 70.7 245.8 71.1 245.0
  71.5 244.1 71.8 243.2 72.1 242.2 72.3 241.1 72.5 240.0 72.7 239.0 72.9 237.9
  73.0 236.9 73.1 235.9 73.2 234.9 73.2 233.9 73.3 232.9 73.3 231.8 73.2 230.8
  73.1 229.7 73.1 228.6 73.0 227.3 72.7 226.0 72.4 224.8 72.1 223.6 71.7 222.6
  71.4 221.5 71.0 220.5 70.6 219.4 70.2 218.5 69.8 217.5 69.4 216.6 69.1 215.8
  68.9 214.9 68.7 214.1 68.6 213.3 68.4 212.5 68.2 211.8 68.3 211.0 68.3 210.4
  68.4 209.8 68.4 209.3 68.4 208.8 68.4 208.4 68.5 208.1 68.5 207.8 68.6 207.6
  68.6 207.4 68.7 207.3 68.8 207.1 68.8 207.0 68.9 207.0 68.9 206.9 68.9 206.9
  68.9 206.9 68.8 206.9 68.8 206.9 68.7 207.0 68.6 207.0 68.5 207.1 68.4 207.2
  68.3 207.2 68.1 207.2 68.0 207.2 67.9 207.1 67.8 207.2 67.6 207.2 67.5 207.3
  67.4 207.4 67.2 207.5 67.0 207.5
   7  7 62  0.0
  72.5 321.4 72.6 320.2 72.7 319.0 72.7 317.9 72.8 316.9 72.9 315.8 73.0 314.7
  73.2 313.6 73.3 312.3 73.5 310.9 73.5 309.3 73.6 307.6 73.5 305.7 73.4 303.7
  73.3 301.5 73.1 299.4 72.7 297.3 72.3 295.4 71.7 293.6 71.1 291.9 70.4 290.4
  69.7 289.0 69.0 287.8 68.6 286.6 68.1 285.5 67.6 284.4 67.1 282.7 66.7 281.2
  66.3 279.8 65.9 278.5 65.4 277.5 64.9 276.6 64.4 275.8 63.8 275.2 63.2 274.6
  62.6 274.1 62.0 273.6 61.4 273.3 60.7 272.8 60.1 272.4 59.5 271.9 59.0 271.5
  58.4 271.0 57.9 270.6 57.3 270.2 56.7 269.8 56.1 269.4 55.4 269.0 54.7 268.6
  53.9 268.1 53.2 267.4 52.6 266.6 52.1 265.9 51.5 265.2 51.0 264.4 50.4 263.5
  49.9 262.7 49.4 261.9 48.9 261.0 48.3 260.2 47.9 259.2 47.5 258.0 47.2 256.8
  46.9 255.6 46.6 254.4 46.3 253.2 46.1 252.1 45.7 250.9 45.6 249.9 45.4 249.0
  45.1 248.0 44.9 247.1 44.9 246.2 44.9 245.2 44.8 244.3 44.8 243.4 44.8 242.5
  44.8 241.6 44.9 240.7 44.9 239.7 45.1 238.8 45.2 237.9 45.4 236.9 45.6 236.1
  45.7 235.2 46.0 234.4 46.3 233.8 46.6 233.2 46.9 232.7 47.1 232.1 47.4 231.6
  47.7 231.0 48.0 230.4 48.3 229.9 48.6 229.4 48.9 228.8 49.1 228.3 49.4 227.8
  49.7 227.2 50.0 226.6 50.3 226.1 50.5 225.5 50.7 224.9 50.9 224.3 51.0 223.7
  51.0 223.1 51.0 222.5 51.0 221.8 50.9 221.2 50.8 220.5 50.8 219.8 50.8 219.1
  50.9 218.3 51.0 217.4 51.1 216.6 51.3 215.7 51.4 214.8 51.6 213.8 51.8 213.0
  52.0 212.1 52.3 211.4 52.4 210.8 52.5 210.2 52.5 209.6 52.6 208.9 52.7 208.3
  52.8 207.7 52.7 207.2 52.6 206.6 52.5 206.1 52.5 205.7 52.4 205.3 52.3 204.9
  52.2 204.5 52.1 204.2 51.9 203.9 51.8 203.4 51.6 203.0 51.3 202.6 51.1 202.2
  50.8 201.9 50.5 201.6 50.2 201.3 49.9 201.1 49.5 200.5 49.1 200.0 48.8 199.5
  48.5 199.1 48.2 198.6 48.0 198.2 47.7 197.7 47.4 197.3 47.2 196.8 47.0 196.4
  46.8 196.0 46.5 195.6 46.4 195.2 46.2 194.8 46.0 194.4 45.8 194.0 45.6 193.5
  45.4 193.0 45.2 192.4 45.0 191.8 44.7 191.2 44.4 190.5 44.1 189.8 43.7 189.1
  43.4 188.1 43.1 187.0 42.7 186.0 42.3 184.9 42.0 183.8 41.6 182.7 41.3 181.4
  41.0 180.2 40.7 178.8 40.4 177.5 40.1 176.0 39.8 174.6 39.6 173.3 39.5 172.0
  39.3 170.8 39.2 169.5 39.2 168.2 39.1 166.9 39.1 165.7 39.1 164.5 39.1 163.4
  39.0 162.2 38.9 161.0 38.9 159.8 38.5 158.5 38.1 157.2 37.7 155.9 37.3 154.5
  36.8 153.0 36.4 151.5 36.2 149.9 36.0 148.5 35.7 147.3 35.4 146.2 35.0 145.2
  34.6 144.3 34.1 143.4 33.9 142.5 33.7 141.3 33.5 140.2 33.3 139.0 33.3 137.9
  33.3 136.9 33.2 136.0 33.1 135.1 33.0 134.4 32.9 133.8 32.8 133.1 32.8 132.5
  32.8 132.0 32.7 131.4 32.6 130.8 32.5 130.3 32.4 129.8 32.3 129.4 32.3 128.9
  32.2 128.4 32.2 128.0 32.2 127.6 32.4 127.1 32.6 126.6 32.8 126.1 32.9 125.5
  33.1 124.9 33.2 124.3 33.4 123.7 33.5 123.1 33.7 122.6 33.8 122.2 34.0 121.7
  34.2 121.3 34.4 120.9 34.6 120.5
   7  8 62  0.0
  72.5 321.4 72.8 320.8 73.1 320.2 73.4 319.5 73.7 318.8 74.0 317.9 74.3 317.0
  74.6 316.2 74.9 315.3 75.1 314.3 75.4 313.3 75.6 312.3 75.9 311.1 76.0 310.0
  76.1 308.7 76.2 307.6 76.2 306.4 76.2 305.3 76.2 304.1 76.2 302.9 76.1 301.7
  76.1 300.6 76.0 299.4 75.9 297.8 75.8 296.2 75.7 294.7 75.5 293.2 75.3 291.7
  75.0 290.4 74.8 289.1 74.5 287.9 74.2 286.8 73.9 285.8 73.5 284.0 73.2 282.3
  72.9 280.6 72.6 278.9 72.6 277.1 72.6 275.4 72.6 273.7 72.5 272.1 72.4 270.6
  72.4 269.2 72.4 268.0 72.4 267.0 72.3 266.0 72.3 265.3 72.3 264.6 72.4 264.1
  72.4 263.6 72.6 263.2 72.7 263.0 72.8 262.8 72.9 262.7 73.0 262.7 73.0 262.7
  73.1 262.9 73.2 263.1 73.3 263.5 73.4 263.9 73.4 264.5 73.4 265.2 73.4 265.9
  73.4 266.6 73.4 267.4 73.4 268.3 73.2 269.1 73.0 269.9 72.8 270.6 72.5 271.3
  72.3 272.1 72.0 272.8 71.6 271.8 71.4 270.9 71.2 270.1 71.0 269.3 70.8 268.6
  70.5 267.8 70.4 267.1 70.3 266.5 70.1 265.9 69.9 265.3 69.8 264.4 69.6 263.6
  69.5 262.9 69.4 262.4 69.3 261.9 69.2 261.4 69.1 260.9 68.9 260.4 68.8 259.8
  68.9 259.3 69.0 258.7 69.0 258.1 69.1 257.4 69.1 256.7 69.1 255.9 69.2 255.0
  69.3 254.2 69.4 253.5 69.5 252.7 69.6 252.1 69.6 251.5 69.7 250.9 69.7 250.4
  69.8 249.9 69.8 249.4 69.9 249.0 69.9 248.5 69.8 248.0 70.0 247.5 70.1 246.9
  70.2 246.5 70.3 246.1 70.3 245.6 70.3 245.1 70.3 244.5 70.3 243.8 70.4 243.1
  70.5 242.4 70.6 241.7 70.7 241.1 70.8 240.4 70.9 239.8 71.1 239.0 71.3 238.3
  71.5 237.5 71.6 236.6 71.8 235.8 71.9 234.8 72.1 233.8 72.3 233.0 72.4 232.1
  72.6 231.2 72.8 230.3 73.0 229.4 73.2 228.5 73.4 227.5 73.7 226.5 74.0 225.5
  74.2 224.4 74.5 223.5 74.9 222.5 75.2 221.4 75.6 220.1 75.9 218.7 76.3 217.2
  76.8 216.4 77.2 215.6 77.5 214.6 77.9 213.6 78.3 212.5 78.7 212.7 79.0 212.9
  79.4 213.1 79.7 213.3 79.9 213.5 80.2 213.7 80.5 214.1 80.8 214.6 81.0 215.4
  81.2 216.4 81.6 217.7 82.0 219.4 82.3 221.4 82.9 222.0 83.4 222.8 83.8 224.1
  84.1 225.9 84.5 225.8 84.8 226.0 85.0 226.5 85.2 227.5 85.4 229.0 85.5 231.2
  85.7 234.1 85.7 237.7 85.8 241.7 85.8 245.8 85.8 249.9 85.8 254.0 85.9 258.0
  85.8 262.4 85.8 267.2 85.7 272.4 85.6 277.9 85.5 283.6 85.3 289.3 85.2 295.0
  84.9 300.4 84.7 305.5 84.4 310.1 84.1 314.1 83.8 317.6 83.5 321.3 83.3 324.6
  83.2 327.4 83.0 330.0 82.9 332.3 82.9 334.5 83.0 336.4 83.2 338.0 83.4 339.5
  83.7 340.8 84.0 342.0 84.5 342.5 84.9 343.1 85.1 344.0 85.3 345.1 85.5 346.5
  85.6 348.1 85.7 350.0 85.8 352.2 85.9 354.7 85.9 357.5 85.9   0.5 85.9   0.7
  85.9   1.0 85.9   1.2 85.8   1.4 85.8   1.5 85.7   1.6 85.7   1.7 85.6   1.7
  85.5   1.8 85.4   1.7 85.2   1.7 85.1   1.6 85.0   1.5 84.8   1.3 84.6   1.2
  84.4   1.1 84.2   0.9 84.0   0.8 83.8   0.9 83.6   1.0 83.5   1.0 83.3   1.1
  83.2   1.2 83.0   1.3 82.8   1.4
   7  9 62  0.0
  72.5 321.4 72.7 320.7 73.0 320.0 73.2 319.2 73.4 318.5 73.6 317.7 73.7 316.9
  73.9 316.1 74.1 315.3 74.2 314.3 74.3 313.3 74.4 312.2 74.5 311.2 74.6 310.1
  74.6 308.9 74.7 307.7 74.7 306.4 74.7 305.1 74.7 303.7 74.7 302.2 74.7 300.7
  74.7 299.2 74.6 297.5 74.6 295.9 74.6 294.1 74.5 292.4 74.4 290.7 74.3 289.1
  74.1 287.5 73.9 286.1 73.7 284.7 73.5 283.3 73.3 281.9 73.0 280.5 72.8 279.1
  72.7 277.6 72.6 276.1 72.5 274.6 72.4 273.1 72.2 271.7 72.1 270.3 71.9 269.0
  71.8 268.0 71.7 266.9 71.5 265.8 71.4 264.7 71.2 263.6 71.1 262.5 70.9 261.3
  70.7 260.0 70.6 258.8 70.4 257.6 70.3 256.4 70.1 255.1 69.8 253.8 69.6 252.5
  69.4 251.1 69.0 249.8 68.6 248.6 68.1 247.6 67.5 246.6 66.9 245.5 66.4 244.4
  65.9 243.3 65.6 241.9 65.4 240.4 65.2 239.0 65.3 237.5 65.3 236.1 65.4 234.7
  65.7 233.3 66.0 232.0 66.4 230.5 66.8 228.8 67.1 227.1 67.4 225.4 67.6 223.7
  67.8 221.9 68.0 220.2 68.2 218.4 68.6 217.0 69.0 215.6 69.4 214.0 69.9 212.4
  70.4 210.8 70.8 208.6 71.2 206.6 71.5 204.6 71.9 202.8 72.2 201.1 72.6 199.7
  72.9 198.5 73.2 197.4 73.5 196.5 73.9 195.7 74.2 195.1 74.6 194.6 74.9 194.2
  75.3 193.7 75.6 193.1 75.9 192.4 76.3 191.6 76.5 190.2 76.8 188.8 77.0 187.4
  77.2 185.9 77.4 184.4 77.6 182.9 77.8 181.4 77.9 179.9 78.1 178.5 78.3 177.5
  78.5 176.5 78.6 175.6 78.8 174.6 78.9 173.7 79.1 172.8 79.2 171.9 79.3 171.0
  79.4 170.1 79.5 169.2 79.6 168.3 79.7 167.4 79.7 166.6 79.7 165.7 79.8 164.8
  79.9 164.0 80.0 163.2 80.1 162.4 80.2 160.8 80.4 159.2 80.6 157.5 80.7 155.6
  80.8 153.6 81.0 151.6 81.0 149.5 81.0 147.5 80.8 145.5 80.7 143.7 80.5 142.1
  80.3 140.7 80.1 139.5 79.9 138.4 79.7 138.2 79.6 138.2 79.5 138.2 79.4 138.2
  79.2 138.2 79.1 138.3 79.0 138.4 78.9 138.5 78.9 138.7 78.8 138.9 78.7 139.1
  78.7 139.4 78.6 139.7 78.6 140.0 78.7 140.4 78.8 140.9 78.9 141.4 79.0 141.9
  79.1 142.5 79.3 143.2 79.4 143.9 79.5 144.6 79.8 145.4 80.0 146.2 80.4 145.9
  80.6 145.7 80.9 145.8 81.2 145.9 81.5 146.0 81.7 146.3 82.0 146.5 82.3 146.9
  82.6 147.2 82.9 147.8 83.3 148.7 83.6 150.1 84.0 152.1 84.5 154.8 85.1 154.9
  85.6 155.3 86.0 156.0 86.3 157.3 86.7 153.5 87.0 149.4 87.2 145.2 87.3 140.9
  87.5 136.7 87.5 132.6 87.6 128.6 87.7 124.9 87.7 121.4 87.7 117.7 87.7 113.8
  87.7 109.9 87.7 106.0 87.7 102.3 87.6  98.9 87.5  96.0 87.3  93.8 87.1  92.2
  86.9  91.1 86.6  90.4 86.4  90.1 86.1  90.0 85.8  90.0 85.7  87.7 85.5  85.5
  85.4  83.4 85.2  81.5 85.0  79.8 84.8  79.6 84.6  79.5 84.4  79.4 84.1  79.3
  83.9  79.3 83.8  79.0 83.6  78.8 83.4  78.5 83.3  78.3 83.2  78.0 83.0  77.7
  82.9  77.5 82.8  77.2 82.7  76.8 82.6  76.5 82.5  76.2 82.5  75.8 82.2  75.5
  82.0  75.3 81.8  75.1 81.6  75.0 81.4  75.0 81.2  74.9 81.0  74.9 80.7  74.9
  80.5  74.9 80.3  74.9 80.0  74.9
   7 10 62  0.0
  72.5 321.4 72.7 320.0 73.0 318.5 73.1 317.0 73.3 315.5 73.3 313.9 73.3 312.4
  73.3 311.0 73.4 309.6 73.4 308.2 73.4 306.9 73.4 305.6 73.5 304.3 73.6 303.0
  73.6 301.9 73.5 300.7 73.5 299.7 73.4 298.6 73.3 297.7 73.2 296.7 73.0 295.9
  72.9 295.0 72.7 294.2 72.4 293.3 72.2 292.5 72.0 291.7 71.8 290.9 71.6 290.3
  71.4 289.7 71.1 289.1 70.9 288.5 70.7 287.9 70.5 287.3 70.2 286.6 70.0 286.0
  69.8 285.3 69.6 284.9 69.4 284.4 69.1 284.0 68.9 283.6 68.7 283.2 68.5 282.9
  68.3 282.5 68.1 282.2 67.8 281.8 67.6 282.1 67.4 282.4 67.2 282.8 67.0 283.2
  66.8 283.6 66.6 284.0 66.3 284.4 66.1 284.6 65.9 284.9 65.7 285.2 65.4 285.6
  65.2 285.9 65.0 286.1 64.8 286.4 64.6 286.5 64.4 286.7 64.2 286.8 64.0 286.9
  63.8 286.9 63.6 286.8 63.4 286.8 63.1 286.7 62.8 286.6 62.5 286.4 62.2 286.3
  61.9 286.2 61.6 286.2 61.3 286.2 61.0 286.3 60.7 286.3 60.3 286.3 59.9 286.2
  59.5 286.3 59.0 286.5 58.6 286.7 58.2 286.8 57.7 287.0 57.3 287.4 56.9 288.0
  56.5 288.6 56.4 289.2 56.3 289.9 56.2 290.6 56.1 291.2 56.0 291.9 55.9 292.5
  55.7 293.0 55.5 293.4 55.3 293.9 55.1 294.3 54.9 294.7 54.7 295.1 54.6 295.4
  54.5 295.9 54.4 296.3 54.2 296.8 54.0 297.3 53.9 297.9 53.7 298.9 53.6 299.9
  53.5 300.9 53.3 302.0 53.1 302.9 53.0 303.9 52.8 304.9 52.6 305.8 52.4 306.7
  52.1 307.5 51.8 308.4 51.5 309.1 51.3 309.9 51.0 310.6 50.7 311.3 50.3 312.0
  50.0 312.6 49.4 312.5 48.9 312.4 48.3 312.3 47.8 312.2 47.2 311.9 46.5 311.6
  45.8 311.4 45.1 311.1 44.3 310.9 43.6 310.7 42.9 310.3 42.2 310.0 41.5 309.7
  40.9 309.2 40.4 308.5 39.9 307.8 39.4 306.8 38.9 305.8 38.4 304.7 37.9 303.5
  37.8 302.2 37.6 300.9 37.5 299.4 37.7 298.0 37.9 296.6 38.1 295.2 38.4 294.2
  38.8 293.2 39.2 292.3 39.7 291.5 40.1 290.7 40.6 289.9 41.1 289.1 41.6 288.4
  42.2 287.7 42.6 287.1 43.1 286.6 43.5 286.1 44.0 285.6 44.6 285.1 45.2 284.7
  45.8 284.2 46.5 283.8 46.9 283.3 47.2 282.8 47.6 282.4 48.0 281.9 48.4 281.6
  48.8 281.2 49.2 280.8 49.7 280.4 50.1 280.0 50.5 279.6 50.8 279.2 51.2 278.9
  51.6 278.5 52.1 278.1 52.6 277.7 53.1 277.3 53.6 276.9 54.1 276.5 54.7 275.9
  55.0 275.4 55.3 275.0 55.7 274.5 56.0 274.0 56.5 273.5 57.0 273.1 57.5 272.6
  58.0 272.2 58.6 271.5 58.8 270.8 59.0 270.2 59.3 269.5 59.5 268.8 59.8 268.2
  60.1 267.6 60.2 266.7 60.3 265.9 60.4 265.1 60.5 264.4 60.7 263.7 60.7 263.0
  60.8 262.5 60.9 261.9 61.0 261.5 61.2 261.0 61.4 260.5 61.7 260.0 61.7 259.5
  61.8 258.9 62.0 258.4 62.1 257.8 62.3 257.0 62.5 256.1 62.7 255.2 62.6 254.5
  62.4 253.7 62.3 253.0 62.2 252.4 62.0 251.9 61.7 251.5 61.4 251.1 61.1 250.8
  60.8 250.5 60.6 250.3 60.3 250.1 60.0 249.9 59.8 249.8 59.5 249.5 59.3 249.3
  59.1 249.0 59.0 248.7 58.9 248.4 58.8 248.1 58.8 247.9 58.7 247.6 58.6 247.3
  58.5 247.0 58.4 246.7 58.4 246.4
   7 11 62  0.0
  72.5 321.4 72.6 320.1 72.7 318.7 72.7 317.5 72.8 316.2 72.8 315.0 72.8 313.8
  72.8 312.6 72.8 311.4 72.8 310.2 72.8 308.9 72.8 307.5 72.7 306.0 72.7 304.4
  72.6 302.7 72.4 301.3 72.2 300.0 72.0 298.9 71.7 297.9 71.5 296.9 71.2 296.2
  71.0 295.6 70.7 295.1 70.5 294.8 70.2 294.5 70.0 294.4 69.8 294.3 69.5 294.3
  69.2 294.3 68.9 294.4 68.6 294.3 68.2 294.3 67.8 294.2 67.4 294.2 67.0 294.3
  66.6 294.3 66.1 294.4 65.5 294.6 65.0 294.6 64.4 294.7 63.8 294.8 63.2 294.8
  62.6 294.7 62.0 294.7 61.4 294.7 60.9 294.6 60.4 294.5 59.9 294.4 59.5 294.2
  59.1 294.0 58.7 293.8 58.4 293.6 58.1 293.5 57.8 293.3 57.6 293.2 57.3 293.1
  57.2 293.0 57.0 292.9 56.8 292.8 56.7 292.7 56.6 292.6 56.5 292.5 56.4 292.4
  56.2 292.2 56.1 292.1 56.0 291.9 55.9 291.7 55.7 291.5 55.6 291.3 55.5 291.1
  55.3 290.9 55.1 290.7 55.0 290.4 54.8 290.1 54.7 289.8 54.5 289.5 54.3 289.1
  54.2 288.6 54.0 288.1 53.8 287.6 53.7 287.2 53.6 286.8 53.5 286.4 53.4 285.9
  53.3 285.4 53.3 284.9 53.2 284.4 53.2 284.0 53.4 283.5 53.5 283.2 53.7 282.8
  53.8 282.5 54.0 282.2 54.1 281.9 54.2 281.5 54.4 281.1 54.5 280.7 54.6 280.4
  54.6 280.0 54.6 279.7 54.6 279.3 54.6 278.8 54.6 278.4 54.6 277.9 54.5 277.4
  54.5 276.9 54.4 276.3 54.3 275.7 54.3 275.1 54.3 274.4 54.3 273.7 54.3 272.9
  54.3 272.1 54.2 271.2 54.1 270.4 54.0 269.5 53.8 268.7 53.7 267.8 53.4 267.0
  53.2 266.1 52.9 265.2 52.7 264.2 52.5 263.3 52.4 262.2 52.4 261.2 52.3 260.1
  52.2 259.0 52.1 257.9 52.0 256.8 51.9 255.7 51.9 254.4 51.8 253.1 51.8 251.7
  51.9 250.3 52.0 249.1 52.1 247.9 52.1 247.3 52.1 246.7 52.2 246.2 52.2 245.7
  52.2 245.3 52.3 244.9 52.3 244.5 52.3 244.2 52.4 243.9 52.4 243.6 52.5 243.2
  52.6 242.9 52.7 242.5 52.8 242.2 52.9 241.8 53.0 241.4 53.2 241.1 53.4 240.7
  53.6 240.3 53.9 239.9 54.0 239.5 54.2 239.3 54.4 239.0 54.6 238.7 54.8 238.3
  55.0 237.9 55.2 237.5 55.5 237.1 55.7 236.6 55.9 236.1 56.1 235.5 56.3 235.4
  56.4 235.2 56.6 235.1 56.8 234.9 57.0 234.7 57.2 234.5 57.5 234.2 57.7 233.9
  57.9 233.6 58.1 233.3 58.4 233.2 58.6 233.0 58.9 232.8 59.1 232.5 59.3 232.1
  59.5 231.8 59.8 231.4 60.1 231.0 60.4 230.9 60.7 230.7 61.0 230.5 61.3 230.3
  61.5 230.1 61.8 229.9 62.0 229.7 62.3 229.8 62.5 230.0 62.8 230.1 63.0 230.3
  63.2 230.4 63.4 230.6 63.6 230.8 63.8 231.1 63.9 231.3 64.1 231.6 64.2 231.8
  64.3 231.9 64.5 232.1 64.4 232.3 64.3 232.6 64.3 232.9 64.3 233.3 64.3 233.7
  64.2 234.2 64.3 234.7 64.3 235.2 64.3 235.8 64.4 236.4 64.2 236.9 64.0 237.5
  63.8 237.7 63.5 238.0 63.3 238.3 63.0 238.7 62.7 239.0 62.4 239.4 62.1 239.8
  61.8 240.3 61.2 240.1 60.7 240.0 60.2 239.9 59.6 239.8 59.0 239.3 58.3 238.9
  57.6 238.5 56.9 238.4 56.2 238.3 55.6 238.1 54.9 238.0 54.3 237.8 53.8 237.7
  53.3 237.4 52.8 237.1 52.3 236.9
   7 12 62  0.0
  72.5 321.4 72.4 319.2 72.2 317.1 72.0 315.1 71.8 313.1 71.6 311.0 71.4 308.8
  71.2 306.8 70.9 304.9 70.7 303.0 70.4 301.2 70.2 299.5 69.7 298.0 69.3 296.2
  68.8 294.7 68.3 293.5 67.6 292.5 67.0 291.2 66.4 290.0 65.8 288.9 65.1 287.8
  64.7 286.7 64.2 285.7 63.6 284.8 63.0 283.7 62.6 282.5 62.2 281.3 61.8 280.1
  61.5 279.3 61.0 278.6 60.4 277.9 59.8 277.2 59.3 276.9 58.7 276.5 58.2 276.1
  57.8 275.6 57.2 275.1 56.7 274.4 56.3 273.7 55.9 273.0 55.6 272.1 55.3 271.3
  54.9 270.4 54.6 269.5 54.3 268.6 54.0 267.6 53.8 266.7 53.6 265.8 53.5 264.8
  53.4 263.7 53.3 262.5 53.2 261.3 53.1 260.1 53.0 258.8 53.0 257.5 53.0 256.3
  53.0 255.1 53.1 253.9 53.3 252.9 53.5 251.9 53.7 250.9 53.8 250.0 54.0 249.1
  54.2 248.3 54.3 247.3 54.4 246.3 54.5 245.4 54.5 244.6 54.6 243.8 54.8 243.0
  55.0 242.3 55.2 241.5 55.4 240.9 55.6 240.2 55.8 239.5 56.1 238.9 56.4 238.2
  56.8 237.6 57.2 236.9 57.5 236.3 57.9 235.7 58.4 235.1 58.9 234.5 59.4 233.9
  59.9 233.3 60.4 232.8 61.0 232.3 61.6 231.8 62.0 231.3 62.5 230.6 63.1 229.9
  63.7 229.3 64.3 228.6 64.9 228.1 65.6 227.5 66.0 227.0 66.3 226.4 66.7 225.6
  67.1 224.9 67.4 224.2 67.8 223.5 67.9 222.9 68.1 222.3 68.3 221.6 68.5 220.9
  68.7 220.2 68.9 219.3 68.9 218.5 68.8 217.6 68.8 216.7 68.8 215.8 68.7 214.9
  68.7 214.0 68.7 213.1 68.7 212.3 68.8 211.5 68.9 210.7 68.9 210.0 69.0 209.4
  69.1 208.8 69.2 208.2 69.4 207.6 69.3 207.1 69.3 206.7 69.3 206.3 69.3 205.9
  69.4 205.5 69.4 205.2 69.5 204.9 69.6 204.7 69.6 204.5 69.7 204.3 69.9 204.1
  70.0 204.0 70.0 203.8 70.1 203.5 70.1 203.1 70.2 202.7 70.3 202.3 70.4 202.0
  70.6 201.6 70.7 201.2 70.9 200.8 71.0 200.4 71.2 199.9 71.4 199.5 71.6 198.9
  71.8 198.3 72.0 197.5 72.2 196.6 72.4 195.3 72.6 193.9 72.8 192.4 73.1 191.0
  73.3 189.5 73.5 188.1 73.7 186.8 73.9 185.6 74.1 184.4 74.3 182.9 74.3 181.4
  74.4 180.0 74.3 178.6 74.2 177.3 74.1 176.0 74.0 174.9 73.7 173.8 73.5 172.8
  73.4 171.7 73.1 170.7 72.9 169.6 72.8 168.5 72.6 167.4 72.4 166.2 72.3 165.1
  72.2 163.9 72.1 162.7 71.9 161.5 71.8 159.9 71.6 158.2 71.4 156.6 71.2 155.0
  70.7 153.6 70.3 152.4 69.8 151.3 69.2 149.7 68.7 148.1 68.2 146.5 67.9 144.9
  67.7 143.5 67.4 142.1 67.2 140.7 66.9 139.3 66.3 137.9 65.8 136.4 65.4 135.6
  64.7 134.8 64.1 133.9 63.6 133.0 63.2 132.0 62.9 130.9 62.7 129.9 62.4 128.8
  62.2 127.7 61.9 126.7 61.7 125.8 61.5 125.0 61.2 124.2 60.9 123.4 60.5 122.6
  60.1 121.7 59.7 120.8 59.4 120.0 59.0 119.2 58.8 118.5 58.5 117.7 58.3 116.9
  58.1 116.1 57.8 115.3 57.7 115.0 57.6 114.7 57.5 114.4 57.3 114.0 57.2 113.7
  57.1 113.4 56.9 113.1 56.7 112.8 56.5 112.6 56.3 112.3 56.1 112.0 55.9 111.8
  55.8 111.9 55.7 112.1 55.5 112.3 55.3 112.4 55.1 112.5 54.9 112.6 54.7 112.7
  54.4 112.7 54.2 112.8 54.0 112.8
   7 13 62  0.0
  72.5 321.4 72.7 321.7 72.9 321.8 73.1 321.8 73.3 321.7 73.5 321.4 73.7 320.9
  73.9 320.3 74.2 319.5 74.4 319.0 74.6 318.4 74.8 317.6 75.1 316.6 75.3 315.4
  75.4 314.2 75.5 312.9 75.6 311.6 75.7 310.2 75.8 308.9 76.0 307.6 76.1 306.4
  76.2 306.5 76.4 306.5 76.5 306.7 76.7 306.8 76.8 307.0 76.9 307.2 77.0 307.4
  77.1 307.7 77.1 308.0 77.2 308.3 77.2 308.7 77.2 309.1 77.2 309.5 77.1 309.9
  77.1 310.4 77.1 310.9 77.0 311.4 77.0 311.8 76.9 312.2 76.9 312.6 76.8 312.9
  76.8 313.2 76.8 313.4 76.8 313.6 76.8 313.8 76.9 313.9 76.9 314.0 77.0 314.1
  77.0 314.1 77.1 314.1 77.2 314.2 77.3 314.2 77.4 314.2 77.5 314.2 77.6 314.2
  77.7 314.2 77.8 314.1 78.0 314.1 78.1 314.1 78.3 314.2 78.5 314.4 78.7 314.6
  78.8 314.9 79.0 315.1 79.2 315.4 79.3 315.8 79.5 316.1 79.6 316.6 79.8 317.0
  79.9 317.5 80.1 318.0 80.2 318.3 80.4 318.5 80.5 318.8 80.7 319.2 80.8 319.8
  80.9 320.4 81.0 321.1 81.0 321.9 81.1 322.9 81.2 323.9 81.2 325.0 81.2 326.2
  81.2 327.5 81.2 328.9 81.2 330.2 81.2 331.3 81.2 332.3 81.2 333.2 81.1 333.9
  81.1 334.5 81.1 335.0 81.0 335.5 81.0 335.8 80.9 335.9 80.8 336.0 80.7 336.0
  80.6 335.9 80.6 335.7 80.5 335.4 80.4 335.0 80.2 334.5 80.1 334.0 80.0 333.3
  79.9 332.5 79.8 332.0 79.7 331.4 79.6 330.8 79.5 330.0 79.5 329.3 79.4 328.5
  79.4 327.9 79.3 327.2 79.3 326.7 79.2 326.1 79.2 325.7 79.2 325.3 79.1 324.9
  79.1 324.7 79.0 324.5 79.0 324.5 79.0 324.4 79.0 324.4 79.0 324.3 79.1 324.3
  79.1 324.2 79.2 324.2 79.3 324.1 79.3 324.1 79.4 324.1 79.5 324.0 79.7 324.0
  79.8 324.0 79.9 323.9 80.0 323.6 80.1 323.2 80.2 323.1 80.3 323.1 80.4 323.3
  80.5 323.7 80.7 324.3 80.7 325.0 80.7 326.0 80.7 327.1 80.6 328.4 80.6 329.6
  80.5 330.6 80.4 331.4 80.2 332.2 80.1 332.7 80.0 333.2 79.9 333.5 79.8 333.5
  79.7 333.6 79.6 333.6 79.5 333.7 79.4 333.8 79.3 334.1 79.2 334.6 79.2 335.2
  79.2 336.0 79.2 337.0 79.2 338.2 79.2 339.5 79.3 341.1 79.3 342.8 79.3 344.8
  79.3 346.9 79.3 349.1 79.2 351.2 79.2 353.2 79.0 354.9 78.9 356.5 78.7 357.9
  78.4 359.2 78.2   0.4 77.9   0.6 77.7   0.7 77.4   0.9 77.2   1.0 77.0   1.2
  76.8   1.3 76.7   1.4 76.6   1.5 76.5   1.5 76.5   1.5 76.6   1.5 76.7   1.5
  76.8   1.5 76.9   1.4 77.1   1.3 77.3   1.2 77.5   1.0 77.6   0.9 77.7   0.7
  77.7   0.7 77.7   0.6 77.6   0.5 77.5   0.5 77.4   0.5 77.2   0.6 77.0   0.6
  76.8   0.7 76.5   0.9 76.2   1.0 75.9   1.2 75.7   1.3 75.5   1.5 75.3   1.7
  75.2   1.8 75.1   2.0 75.0   2.2 75.0   2.4 74.9   2.6 74.9   2.8 74.9   3.0
  74.9   3.2 74.9   3.4 74.9   3.6 74.8   3.9 74.7   4.2 74.6   4.5 74.5   4.8
  74.4   5.2 74.2   5.5 74.1   5.9 73.9   6.4 73.7   6.8 73.5   7.2 73.4   7.7
  73.3   8.2 73.2   8.6 73.2   9.1 73.2   9.6 73.1  10.1 73.1  10.6 73.0  11.1
  73.0  11.6 72.9  12.1 72.9  12.6
   7 14 62  0.0
  72.5 321.4 73.1 321.5 73.6 321.6 74.1 321.7 74.6 322.1 75.1 322.5 75.6 323.0
  76.0 323.6 76.3 324.1 76.7 324.7 77.1 325.4 77.4 326.1 77.7 326.8 78.0 327.7
  78.2 328.6 78.5 328.8 78.7 329.0 79.0 329.3 79.2 329.5 79.4 329.7 79.6 330.0
  79.9 330.2 80.1 330.5 80.3 329.1 80.6 327.5 80.8 325.9 80.9 324.4 81.1 323.0
  81.2 321.7 81.4 320.6 81.5 319.6 81.7 318.7 81.8 317.9 82.0 317.2 82.2 315.9
  82.4 314.8 82.6 313.8 82.8 312.8 83.0 311.7 83.2 310.6 83.3 309.5 83.4 308.2
  83.5 306.9 83.5 305.6 83.6 304.4 83.6 303.1 83.6 301.9 83.5 300.8 83.5 299.7
  83.4 298.7 83.3 297.8 83.3 297.0 83.2 296.3 83.2 295.7 83.1 295.2 83.0 294.8
  82.9 294.5 82.9 294.3 82.8 294.1 82.7 294.1 82.7 294.2 82.6 294.3 82.6 294.5
  82.5 294.7 82.5 294.9 82.4 295.1 82.4 295.3 82.4 295.5 82.4 295.8 82.4 296.0
  82.4 296.3 82.4 296.6 82.4 296.9 82.4 297.2 82.5 297.5 82.6 297.8 82.6 298.2
  82.8 298.5 82.9 298.9 83.0 299.3 83.2 299.7 83.3 300.2 83.5 300.7 83.8 301.2
  84.0 301.8 84.2 302.4 84.6 301.8 84.9 301.1 85.1 300.2 85.4 299.3 85.6 298.2
  85.9 296.9 86.1 295.5 86.3 289.4 86.6 282.5 86.7 274.9 86.7 267.0 86.7 259.2
  86.5 252.0 86.2 245.7 85.8 240.6 85.5 237.6 85.1 234.7 84.7 232.0 84.3 229.6
  83.9 227.3 83.4 225.4 82.9 223.7 82.4 222.0 81.8 220.5 81.3 219.8 80.7 219.2
  80.1 218.4 79.4 217.7 78.9 217.3 78.3 216.8 77.8 216.3 77.3 216.1 76.9 215.8
  76.5 215.5 76.0 215.2 75.6 214.8 75.2 214.5 74.9 214.3 74.6 214.0 74.3 213.7
  74.0 213.3 73.7 213.0 73.5 212.3 73.3 211.7 73.0 211.1 72.6 210.5 72.3 210.0
  72.0 209.5 71.7 208.7 71.4 207.9 71.0 207.0 70.6 206.2 70.2 205.4 69.8 204.7
  69.5 203.9 69.0 203.2 68.6 202.5 68.2 201.9 67.7 201.2 67.4 200.9 66.9 200.5
  66.5 200.2 66.1 199.8 65.7 199.4 65.3 199.1 64.9 198.8 64.5 198.5 64.1 198.2
  63.7 197.9 63.2 197.8 62.8 197.8 62.3 197.8 61.8 197.8 61.3 197.7 60.8 197.5
  60.3 197.3 59.8 197.1 59.4 196.8 58.9 196.5 58.4 196.1 58.0 195.8 57.4 195.5
  56.7 195.3 56.0 195.1 55.2 194.9 54.4 194.7 53.7 194.4 52.9 194.1 52.1 193.8
  51.3 193.6 50.5 193.3 49.7 193.1 48.8 192.8 48.0 192.4 47.2 191.7 46.4 191.0
  45.7 190.2 45.0 189.1 44.3 187.9 43.8 186.7 43.3 185.3 42.8 183.9 42.4 182.5
  42.0 181.1 41.5 179.7 41.3 178.2 41.1 176.8 40.8 175.2 40.6 173.8 40.4 172.3
  40.2 171.0 40.0 169.6 39.8 168.2 39.6 166.9 39.4 165.7 39.3 164.4 39.2 163.1
  39.1 161.9 39.1 160.6 39.0 159.4 38.9 158.1 38.7 156.8 38.5 155.5 38.4 154.3
  38.3 153.0 38.2 151.8 38.4 150.7 38.6 149.7 38.9 148.7 39.1 147.8 39.6 146.9
  40.1 146.1 40.6 145.4 41.2 144.6 41.7 143.9 41.9 143.2 42.2 142.6 42.5 141.8
  42.8 141.1 43.1 140.4 43.5 139.8 43.7 139.2 43.9 138.6 44.1 138.0 44.4 137.6
  44.7 137.2 44.9 136.9 45.2 136.6 45.5 136.3 45.8 136.1 46.0 135.8 46.2 135.6
  46.3 135.4 46.4 135.2 46.5 134.9
   7 15 62  0.0
  72.5 321.4 72.8 322.2 73.2 323.0 73.5 323.8 73.8 324.7 74.0 325.6 74.3 326.0
  74.5 326.5 74.8 326.9 75.1 327.4 75.4 327.8 75.7 328.3 76.0 328.7 76.4 328.9
  76.8 329.1 77.2 329.4 77.6 329.7 78.0 330.0 78.3 330.5 78.8 330.3 79.2 330.2
  79.7 330.2 80.1 330.2 80.6 329.2 81.0 328.1 81.4 326.9 81.8 325.5 82.1 324.0
  82.6 321.5 82.9 318.8 83.3 315.8 83.6 312.6 83.9 309.1 84.2 305.4 84.5 300.8
  84.8 295.8 85.0 290.5 85.1 284.8 85.2 279.0 85.3 273.0 85.3 267.0 85.3 261.1
  85.2 255.5 85.1 250.2 84.9 245.2 84.7 240.6 84.5 236.4 84.1 232.7 83.8 229.4
  83.5 227.4 83.1 225.3 82.7 223.2 82.2 221.1 81.7 219.0 81.2 217.2 80.7 215.4
  80.0 213.6 79.3 211.9 78.5 210.5 77.7 209.1 77.0 207.7 76.3 206.4 75.5 205.0
  75.0 204.1 74.4 203.2 74.0 202.3 73.6 201.8 73.3 201.3 73.0 200.9 72.7 200.4
  72.5 200.0 72.3 199.5 72.2 199.0 72.0 198.6 71.9 198.0 71.7 197.8 71.6 197.6
  71.4 197.3 71.2 196.8 71.0 196.3 70.8 195.6 70.6 194.8 70.4 193.9 70.2 192.8
  69.9 191.5 69.7 190.8 69.4 190.1 69.2 189.3 68.9 188.5 68.7 187.7 68.5 186.9
  68.4 186.0 68.2 185.2 68.1 184.3 68.0 183.5 68.0 182.7 68.1 181.8 68.2 181.0
  68.2 180.1 68.2 179.2 68.3 178.3 68.3 177.3 68.3 176.2 68.2 175.2 68.2 174.1
  68.2 173.1 68.2 172.0 68.4 170.9 68.5 169.7 68.6 168.5 68.7 167.2 68.9 165.9
  69.0 164.5 69.2 163.2 69.4 161.9 69.6 160.6 69.8 159.4 70.1 158.1 70.4 156.8
  70.6 155.5 71.0 154.1 71.3 152.6 71.6 151.1 71.9 149.4 72.2 147.6 72.5 145.9
  72.8 144.0 73.1 142.1 73.4 140.1 73.7 138.1 74.0 136.2 74.4 134.4 74.8 132.5
  75.2 130.5 75.6 128.6 76.0 126.8 76.4 125.1 76.9 123.4 77.2 121.8 77.6 120.3
  78.0 118.8 78.4 116.6 78.7 114.4 79.0 112.3 79.4 110.1 79.7 108.0 80.0 105.9
  80.3 103.7 80.6 101.5 81.0  99.2 81.3  96.7 81.6  93.9 81.9  90.8 82.1  87.4
  82.2  83.7 82.2  80.0 82.2  79.5 82.1  78.9 82.1  78.4 82.0  77.9 81.9  77.4
  81.9  76.8 81.9  76.3 81.8  75.7 81.8  75.2 81.7  74.7 81.6  74.2 81.6  73.7
  81.5  73.2 81.5  72.7 81.5  72.2 81.5  71.8 81.5  71.3 81.5  70.9 81.6  70.5
  81.6  70.1 81.7  69.7 81.7  69.3 81.8  69.0 81.8  68.7 81.9  68.4 82.0  68.1
  82.0  67.8 82.1  67.4 82.2  67.0 82.4  66.6 82.6  66.2 82.8  65.8 83.1  65.4
  83.4  64.9 83.7  64.5 84.0  64.0 84.2  63.5 84.6  63.2 85.0  62.8 85.3  62.5
  85.6  62.1 85.8  61.8 86.0  61.5 86.3  61.3 86.5  61.1 86.7  60.9 86.8  60.8
  86.9  60.6 87.0  60.4 87.0  60.2 87.1  60.0 87.1  59.8 87.2  59.6 87.3  59.4
  87.4  59.2 87.5  59.0 87.6  58.9 87.8  58.7 87.9  58.5 88.1  58.4 88.3  58.2
  88.6  58.1 88.9  57.9 89.1  57.7 89.3  57.6 89.5  57.4 89.6  57.3 89.8  57.1
  89.9  56.9 90.0 236.8 89.8 239.0 89.6 239.4 89.5 239.2 89.4 238.7 89.3 238.7
  89.2 238.9 89.0 239.3 88.9 239.7 88.8 240.3 88.6 240.8 88.5 241.4 88.3 241.9
  88.2 242.5 88.0 243.0 87.8 243.5
   7 16 62  0.0
  72.5 321.4 72.7 321.8 72.9 322.1 73.1 322.5 73.4 322.9 73.6 323.2 73.9 323.6
  74.2 324.0 74.5 324.2 74.8 324.4 75.1 324.5 75.4 324.7 75.7 324.8 76.1 324.8
  76.5 324.5 76.8 324.2 77.2 323.9 77.7 323.6 78.1 323.4 78.6 322.7 79.1 322.0
  79.6 321.3 80.0 320.5 80.6 319.7 81.1 318.8 81.6 317.8 82.1 316.7 82.6 315.6
  83.1 314.2 83.6 312.7 84.0 310.8 84.5 307.3 85.0 303.3 85.4 298.7 85.7 293.4
  86.0 287.4 86.2 280.7 86.4 270.0 86.6 258.0 86.5 245.4 86.2 233.9 85.7 224.4
  85.2 217.2 84.6 211.2 83.9 206.4 83.4 203.2 82.7 200.5 82.1 198.1 81.3 195.9
  80.7 194.9 80.0 194.0 79.3 193.2 78.8 192.9 78.2 192.6 77.6 192.2 77.1 192.1
  76.7 191.9 76.2 191.7 75.8 191.5 75.5 191.4 75.1 191.2 74.8 191.0 74.5 190.8
  74.2 190.6 73.9 190.4 73.7 190.3 73.5 190.1 73.2 189.9 73.0 189.7 72.8 189.6
  72.6 189.4 72.4 189.2 72.2 189.0 72.1 188.8 71.9 188.5 71.7 188.1 71.6 187.5
  71.5 186.9 71.4 186.2 71.3 185.5 71.2 184.6 71.1 183.7 71.0 182.7 71.0 181.5
  70.9 180.2 70.9 178.8 70.9 177.3 70.8 175.9 70.7 174.5 70.7 173.1 70.6 171.7
  70.6 170.4 70.5 169.0 70.5 167.7 70.5 166.4 70.5 165.1 70.5 163.8 70.6 162.4
  70.6 161.0 70.7 159.4 70.8 157.8 70.9 156.0 70.9 154.1 70.9 152.1 71.0 150.2
  71.0 148.3 71.0 146.3 70.9 144.3 70.8 142.3 70.7 140.4 70.5 138.5 70.3 136.8
  70.1 135.2 69.9 133.8 69.7 132.9 69.5 132.1 69.3 131.5 69.1 130.9 69.0 130.4
  68.9 130.1 68.7 129.8 68.6 129.6 68.5 129.3 68.4 129.0 68.3 128.7 68.3 128.3
  68.3 127.9 68.2 127.4 68.1 127.0 68.1 126.5 68.0 126.0 67.9 125.5 67.9 125.1
  67.8 124.6 67.8 124.1 67.7 123.6 67.5 123.0 67.4 122.4 67.2 121.8 67.1 121.1
  66.9 120.4 66.7 119.7 66.5 119.0 66.3 118.3 66.1 117.5 65.9 116.8 65.7 116.2
  65.4 115.7 65.2 115.2 65.0 114.9 64.7 114.6 64.5 114.3 64.2 114.1 63.9 113.9
  63.7 113.5 63.4 113.2 63.2 112.8 62.9 112.4 62.7 112.0 62.4 111.6 62.1 111.3
  61.8 111.0 61.5 110.4 61.1 110.0 60.8 109.5 60.5 109.1 60.2 108.6 59.9 108.2
  59.6 107.7 59.2 107.2 58.8 106.6 58.4 106.1 58.0 105.7 57.7 105.2 57.3 104.5
  57.0 103.7 56.7 102.9 56.3 102.2 56.0 101.4 55.7 100.6 55.4  99.8 54.8  99.0
  54.3  98.2 53.8  97.4 53.4  96.6 53.0  95.7 52.8  94.7 52.7  93.6 52.6  92.5
  52.5  91.3 52.5  90.1 52.5  88.8 52.5  87.6 52.7  86.4 52.9  85.3 53.2  84.3
  53.4  83.5 53.9  82.7 54.3  82.0 54.7  81.2 55.1  80.5 55.5  79.8 55.8  79.4
  56.1  79.0 56.5  78.7 56.8  78.5 57.1  78.2 57.4  78.0 57.7  77.7 58.0  77.5
  58.3  77.3 58.6  77.2 59.0  77.0 59.3  76.9 59.6  76.8 59.9  76.6 60.2  76.5
  60.5  76.4 60.9  76.3 61.2  76.1 61.5  76.0 61.8  75.9 62.0  75.7 62.2  75.7
  62.4  75.6 62.6  75.6 62.8  75.5 62.9  75.5 63.1  75.5 63.3  75.4 63.4  75.4
  63.6  75.4 63.8  75.4 64.0  75.5 64.2  75.5 64.4  75.6 64.6  75.8 64.8  75.9
  64.9  76.1 65.3  76.2 65.6  76.4
   7 17 62  0.0
  72.5 321.4 72.7 322.3 72.9 323.0 73.1 323.7 73.4 324.2 73.7 324.7 74.0 325.0
  74.4 325.6 74.8 326.2 75.2 326.6 75.6 326.9 76.1 327.2 76.6 327.8 77.2 328.3
  77.8 328.9 78.5 329.4 79.2 330.1 80.0 331.0 80.7 331.9 81.6 332.6 82.3 333.5
  83.2 334.2 84.1 335.0 85.3 335.1 86.1 335.4 87.2 334.1 87.9 331.2 88.5 325.0
  89.1 306.9 89.4 256.0 89.2 203.6 88.5 187.3 87.6 180.2 86.8 175.9 85.8 173.1
  85.1 172.6 84.3 172.1 83.4 171.7 82.7 171.6 81.9 171.5 81.3 171.3 80.7 171.1
  80.1 170.8 79.5 170.5 79.0 170.1 78.5 169.6 78.0 169.0 77.6 168.4 77.2 167.7
  76.9 167.0 76.5 166.2 76.2 165.3 75.8 164.4 75.6 163.4 75.3 162.3 75.0 161.1
  74.8 159.8 74.5 158.3 74.2 156.6 74.0 154.9 73.6 153.2 73.3 151.4 72.7 149.6
  72.0 148.1 71.4 146.7 70.9 145.8 70.4 144.8 70.1 143.8 69.8 142.7 69.7 141.8
  69.5 140.9 69.5 140.0 69.4 139.0 69.4 138.2 69.3 137.3 69.3 136.4 69.3 135.6
  69.2 134.8 69.2 134.0 69.2 133.2 69.2 132.5 69.2 131.8 69.2 131.2 69.2 130.5
  69.3 129.9 69.3 129.4 69.3 128.8 69.4 128.3 69.4 127.7 69.5 127.2 69.5 126.7
  69.6 126.1 69.6 125.6 69.7 125.0 69.7 124.4 69.8 123.8 69.9 123.1 70.0 122.5
  70.1 121.8 70.2 121.0 70.3 120.2 70.4 119.4 70.6 118.6 70.7 117.8 70.8 117.0
  70.9 116.2 71.0 115.4 71.1 114.6 71.1 113.9 71.2 113.2 71.3 112.5 71.4 111.9
  71.6 111.3 71.7 110.8 71.9 110.3 72.1 109.9 72.3 109.4 72.6 109.0 72.8 108.6
  73.1 108.2 73.4 107.8 73.6 107.5 73.9 107.0 74.2 106.6 74.5 106.1 74.8 105.5
  75.2 105.0 75.5 104.5 75.9 104.0 76.3 103.4 76.8 103.3 77.4 103.2 77.9 103.2
  78.4 103.3 79.0 103.2 79.6 103.1 80.1 103.1 80.7 102.9 81.2 102.7 81.7 102.6
  82.1 102.5 82.5 103.0 83.0 103.6 83.3 104.4 83.6 105.3 83.9 106.4 84.1 107.6
  84.4 110.2 84.7 113.1 85.0 116.5 85.2 120.2 85.3 124.3 85.4 128.8 85.5 133.6
  85.5 139.0 85.5 145.0 85.5 151.8 85.4 159.8 85.1 167.5 84.7 174.5 84.2 180.3
  83.5 184.9 82.8 188.3 82.1 191.0 81.3 193.2 80.6 194.5 79.9 195.6 79.4 196.1
  78.9 196.7 78.4 197.3 77.8 197.9 77.4 198.0 76.9 198.1 76.4 198.2 75.8 198.4
  75.3 197.6 74.8 196.7 74.2 195.8 73.6 194.9 73.1 193.1 72.7 191.1 72.3 189.0
  71.9 186.9 71.6 185.2 71.3 183.5 71.1 181.8 70.9 180.1 70.7 178.5 70.5 176.9
  70.4 175.3 70.3 173.8 70.3 172.3 70.2 170.9 70.3 169.5 70.4 168.0 70.4 166.6
  70.6 165.1 70.8 163.6 71.0 162.0 71.2 160.4 71.4 158.8 71.6 157.1 71.8 155.4
  72.0 153.7 72.2 152.8 72.5 151.9 72.7 151.0 72.9 150.1 73.1 149.3 73.4 148.4
  73.7 147.5 73.9 146.6 74.2 145.6 74.5 144.9 74.9 144.2 75.2 143.6 75.5 142.9
  75.9 142.3 76.3 141.6 76.7 141.2 77.2 140.7 77.6 140.1 78.0 139.2 78.5 138.3
  79.0 138.1 79.6 137.9 80.2 137.5 80.9 138.2 81.5 139.1 82.0 140.3 82.3 141.6
  82.6 143.9 82.9 146.2 83.1 148.6 83.1 150.9 83.2 153.2 83.1 155.4 83.0 157.4
  82.8 159.4 82.6 161.2 82.3 163.0
   7 18 62  0.0
  72.5 321.4 72.5 322.0 72.5 322.6 72.5 323.2 72.5 323.8 72.5 324.4 72.6 325.0
  72.6 325.7 72.6 326.4 72.7 327.1 72.7 327.8 72.7 328.6 72.8 329.4 72.9 330.1
  73.0 330.8 73.2 331.4 73.4 332.0 73.6 332.4 73.9 332.9 74.3 333.3 74.8 333.6
  75.2 333.9 75.7 334.3 76.3 334.6 77.0 335.9 77.7 337.4 78.5 338.7 79.4 340.4
  80.3 342.2 81.4 343.5 82.4 345.2 83.7 345.3 84.7 345.6 85.9 345.6 86.7 345.9
  87.8 341.7 88.5 333.2 89.2 306.8 89.2 249.6 89.0 214.9 88.4 203.7 87.8 198.2
  87.3 194.7 86.7 192.1 86.1 190.2 85.2 188.8 84.7 189.1 84.3 189.4 83.8 189.5
  83.5 191.8 83.2 193.9 83.0 195.8 82.7 197.5 82.4 198.9 82.1 200.0 81.7 200.9
  81.4 202.7 81.1 204.2 80.7 205.6 80.3 206.7 80.0 207.7 79.6 209.6 79.3 211.4
  79.0 213.1 78.6 214.7 78.3 216.1 77.9 217.4 77.5 219.0 77.2 220.4 76.9 221.8
  76.6 223.1 76.2 224.3 75.9 225.4 75.6 226.5 75.4 227.6 75.1 228.7 74.8 229.8
  74.6 230.9 74.3 231.9 74.1 233.0 73.9 234.0 73.7 235.4 73.5 236.9 73.3 238.4
  73.1 240.0 73.0 241.5 72.8 242.9 72.7 244.2 72.6 245.5 72.4 246.8 72.3 248.0
  72.1 249.1 72.0 250.3 71.8 251.1 71.6 251.9 71.5 252.6 71.3 253.4 71.1 254.2
  71.0 255.0 70.8 255.8 70.7 256.6 70.6 257.4 70.5 258.2 70.4 258.9 70.3 259.6
  70.3 260.2 70.2 260.8 70.1 261.4 70.1 262.0 70.0 262.5 70.0 263.0 69.9 263.1
  69.9 263.1 69.9 263.1 69.9 263.2 69.9 263.2 69.9 263.3 69.9 263.3 69.9 263.3
  69.9 263.4 70.0 263.4 70.0 263.4 70.0 263.5 70.1 263.9 70.2 264.3 70.2 264.7
  70.3 265.1 70.3 265.4 70.4 265.7 70.5 265.9 70.5 266.1 70.6 266.3 70.8 266.4
  70.9 266.4 71.0 266.5 71.2 266.5 71.3 266.6 71.5 266.6 71.7 266.6 71.9 266.6
  72.1 266.6 72.4 267.0 72.6 267.5 72.8 268.0 73.1 268.5 73.1 269.0 73.2 269.5
  73.3 269.9 73.4 270.4 73.5 270.9 73.6 271.4 73.7 271.9 73.8 272.4 73.9 272.9
  74.0 273.4 74.0 274.0 74.1 274.8 74.2 275.6 74.3 276.5 74.4 277.4 74.4 278.3
  74.5 279.3 74.5 280.2 74.4 281.1 74.3 282.0 74.2 282.9 74.0 283.7 73.7 284.5
  73.5 285.4 73.2 286.2 72.8 286.9 72.5 287.6 72.2 288.1 71.8 288.6 71.5 289.0
  71.1 289.2 70.7 289.2 70.2 289.1 69.8 288.9 69.3 288.5 68.8 287.9 68.4 287.3
  67.9 286.8 67.6 286.6 67.2 286.4 66.8 286.3 66.4 286.1 66.0 286.0 65.6 285.8
  65.1 285.7 64.7 285.5 64.3 285.4 63.8 285.2 63.4 285.2 62.9 285.1 62.5 285.1
  62.1 285.1 61.7 285.1 61.4 284.8 61.0 284.5 60.7 284.2 60.4 283.8 60.2 283.5
  60.0 283.1 59.9 282.8 59.7 282.1 59.6 281.4 59.5 280.7 59.3 280.0 59.1 279.3
  58.8 278.5 58.5 277.8 58.3 277.0 58.1 276.2 57.9 275.5 57.8 274.8 57.7 274.2
  57.6 273.6 57.5 272.9 57.5 272.3 57.4 271.7 57.5 271.1 57.6 270.6 57.7 270.1
  57.8 269.6 57.9 269.1 58.0 268.7 58.2 268.2 58.4 267.8 58.5 267.3 58.7 266.9
  58.9 266.4 59.1 265.9 59.3 265.5 59.5 265.0 59.7 264.5 59.9 264.0 60.2 263.6
  60.2 263.0 60.3 262.3 60.3 261.7
   7 19 62  0.0
  72.5 321.4 72.7 321.3 72.9 321.2 73.1 321.1 73.4 321.1 73.6 321.1 73.9 321.2
  74.2 321.3 74.6 320.7 74.9 320.2 75.3 319.6 75.6 319.0 75.9 318.3 76.1 317.6
  76.4 316.9 76.7 316.2 77.0 315.6 77.3 315.1 77.5 314.7 77.8 314.5 78.0 314.4
  78.3 313.5 78.7 312.5 79.0 311.6 79.3 310.7 79.5 309.7 79.8 308.8 80.0 307.8
  80.3 305.7 80.5 303.5 80.6 301.3 80.7 299.1 80.7 296.9 80.7 294.9 80.7 293.0
  80.7 291.2 80.6 289.6 80.5 288.1 80.4 286.7 80.3 285.3 80.1 284.0 79.9 282.7
  79.7 282.1 79.5 281.6 79.3 281.0 79.1 280.4 79.0 279.8 78.8 279.2 78.7 278.6
  78.5 278.0 78.4 277.4 78.2 277.0 78.1 276.6 77.9 276.3 77.8 276.5 77.7 276.7
  77.6 277.0 77.5 277.4 77.4 277.9 77.4 278.4 77.3 279.0 77.2 279.7 77.2 280.5
  77.2 281.2 77.2 282.0 77.2 282.8 77.2 283.6 77.3 284.4 77.3 285.3 77.4 286.2
  77.5 287.2 77.6 288.1 77.7 289.1 77.8 290.1 77.8 291.1 77.9 292.2 78.0 293.3
  78.1 293.5 78.3 293.6 78.4 293.7 78.5 293.8 78.7 293.7 78.9 293.7 79.1 293.5
  79.3 293.4 79.5 293.1 79.8 292.9 80.0 292.6 80.3 291.4 80.6 290.2 80.9 289.0
  81.1 287.8 81.4 286.6 81.6 285.3 81.9 284.0 82.1 282.7 82.4 280.8 82.6 278.8
  82.9 276.6 83.1 274.3 83.3 271.8 83.5 269.3 83.6 266.6 83.7 263.8 83.8 261.0
  83.9 258.0 84.0 255.1 84.0 252.0 84.0 248.9 84.0 243.7 83.9 238.3 83.8 234.6
  83.6 231.0 83.3 227.5 83.0 224.1 82.6 220.8 82.2 217.5 81.7 214.5 81.2 212.6
  80.8 210.8 80.2 209.1 79.6 207.6 79.1 206.8 78.6 206.0 78.0 205.3 77.4 204.7
  76.9 204.5 76.4 204.4 76.0 204.2 75.5 204.4 75.1 204.6 74.7 204.7 74.3 204.8
  73.9 204.8 73.6 205.1 73.2 205.2 72.9 205.4 72.5 205.6 72.2 205.7 71.9 205.8
  71.6 206.0 71.3 206.1 71.1 206.3 70.8 206.5 70.5 206.6 70.3 206.7 70.0 206.8
  69.8 206.9 69.6 207.1 69.4 207.3 69.2 207.4 69.0 207.6 68.9 207.7 68.7 207.8
  68.6 207.9 68.4 207.9 68.3 208.0 68.2 208.0 68.1 208.1 68.0 208.2 67.9 208.3
  67.8 208.6 67.7 208.9 67.6 209.3 67.4 209.6 67.3 210.0 67.1 210.4 66.9 210.8
  66.7 211.2 66.5 211.6 66.3 212.0 66.0 212.5 65.7 212.9 65.4 213.4 65.1 213.8
  64.8 214.4 64.5 214.9 64.2 215.4 63.8 216.0 63.5 216.5 63.0 217.0 62.6 217.6
  62.1 218.1 61.6 218.6 61.1 219.1 60.6 219.6 60.1 220.1 59.6 220.6 59.0 220.8
  58.4 221.0 57.8 221.2 57.2 221.0 56.5 220.9 55.8 220.7 55.0 220.0 54.3 219.4
  53.6 218.8 52.9 217.6 52.2 216.5 51.6 215.3 51.1 214.1 50.5 212.9 50.0 211.7
  49.3 210.6 48.7 209.3 48.1 208.0 47.4 206.5 46.6 205.1 45.8 203.7 45.8 202.2
  45.6 200.7 45.4 199.1 45.1 197.5 44.7 195.9 44.2 194.4 43.7 192.9 43.1 191.3
  42.8 189.8 42.5 188.3 42.1 186.9 42.0 185.5 41.8 184.1 41.5 182.7 41.4 181.2
  41.2 179.7 41.0 178.2 40.9 176.7 40.7 175.1 40.6 173.5 40.5 171.9 40.6 170.4
  40.6 169.0 40.7 167.6 40.7 166.3 40.6 165.1 40.6 163.9 40.6 162.8 40.5 161.8
  40.5 160.9 40.4 160.0 40.3 159.2
   7 20 62  0.0
  72.5 321.4 72.7 321.4 73.0 321.5 73.2 321.5 73.5 321.6 73.7 321.6 74.0 321.7
  74.2 321.8 74.5 321.6 74.8 321.3 75.1 321.1 75.4 320.9 75.6 320.7 75.9 320.5
  76.2 320.2 76.6 319.7 76.9 319.1 77.3 318.5 77.7 317.9 78.2 317.2 78.7 316.2
  79.3 315.0 79.7 313.8 80.2 312.5 80.8 310.6 81.4 308.6 81.9 306.5 82.3 304.2
  82.7 301.5 83.0 298.6 83.2 295.7 83.4 292.7 83.5 289.7 83.7 286.7 83.7 283.6
  83.8 280.7 83.8 277.7 83.9 274.8 84.0 271.9 84.0 269.0 84.1 265.9 84.1 262.8
  84.2 259.7 84.2 256.7 84.2 253.8 84.2 250.9 84.2 248.2 84.1 245.5 84.1 242.9
  84.2 240.3 84.2 237.4 84.1 234.4 84.0 231.1 83.9 227.8 83.7 225.3 83.5 222.8
  83.2 220.5 82.9 218.3 82.6 216.3 82.2 214.4 81.8 212.8 81.4 211.3 81.1 209.8
  80.7 208.4 80.4 207.1 80.0 205.9 79.7 204.8 79.5 203.1 79.2 201.5 78.9 199.9
  78.7 198.4 78.4 197.1 78.2 195.8 77.9 194.7 77.7 193.2 77.4 191.9 77.1 190.9
  76.8 189.9 76.4 189.1 76.1 188.3 75.8 187.6 75.5 186.3 75.2 185.0 75.0 183.8
  74.7 182.6 74.4 181.5 74.1 180.5 73.8 179.7 73.6 178.5 73.3 177.5 73.0 176.5
  72.7 175.6 72.4 174.8 72.2 174.0 72.0 173.2 71.8 171.9 71.8 170.4 71.7 168.9
  71.7 167.4 71.8 165.9 71.8 164.5 71.8 163.0 71.8 161.6 71.8 160.2 71.7 158.8
  71.6 157.5 71.5 156.2 71.3 154.8 71.2 153.4 71.1 151.9 71.2 150.3 71.3 148.7
  71.3 147.0 71.3 145.2 71.3 143.4 71.3 141.4 71.2 139.4 71.2 137.2 71.1 134.9
  71.1 132.4 71.1 129.8 71.3 127.1 71.4 124.3 71.6 121.2 71.8 118.2 71.9 115.3
  72.0 112.4 72.1 109.4 72.2 106.9 72.2 104.4 72.3 101.9 72.3  99.5 72.3  97.2
  72.2  95.1 72.2  93.1 72.2  91.2 72.2  89.5 72.2  87.9 72.4  86.3 72.6  84.8
  72.7  83.3 72.9  81.7 73.1  80.2 73.3  78.5 73.4  78.1 73.5  77.6 73.6  77.1
  73.8  76.6 73.9  76.1 74.0  75.6 74.0  75.1 74.0  74.5 74.1  73.9 74.1  73.4
  74.1  72.8 74.1  72.3 74.1  71.7 74.1  71.2 74.1  70.6 74.1  70.1 74.1  69.5
  74.1  69.0 74.1  68.4 74.1  67.9 74.1  67.3 74.1  66.8 74.1  66.3 74.0  65.7
  74.0  65.2 73.9  64.6 73.9  64.1 73.9  63.5 73.8  63.0 73.8  62.5 73.7  62.0
  73.7  61.4 73.7  60.9 73.6  60.4 73.6  59.8 73.6  59.3 73.6  58.7 73.6  58.2
  73.7  57.6 73.7  57.0 73.7  56.5 73.7  55.9 73.8  55.3 73.8  54.8 73.8  54.2
  73.8  53.6 73.8  53.0 73.8  52.4 73.8  51.8 73.8  51.2 73.8  50.5 73.7  49.9
  73.7  49.2 73.7  48.6 73.6  47.9 73.6  47.2 73.5  46.5 73.4  45.7 73.3  45.0
  73.2  44.2 73.0  43.5 72.8  42.7 72.6  42.0 72.3  41.3 72.1  40.6 71.8  39.9
  71.6  39.3 71.4  38.7 71.2  38.0 71.1  37.4 70.9  36.7 70.7  36.0 70.5  35.2
  70.3  34.5 70.2  33.7 70.0  33.0 69.9  32.6 69.7  32.3 69.6  31.9 69.4  31.6
  69.2  31.3 69.0  30.9 68.8  30.6 68.7  30.4 68.5  30.1 68.4  29.8 68.2  29.6
  68.1  29.3 68.0  29.1 67.8  29.0 67.7  28.9 67.6  28.8 67.4  28.7 67.3  28.6
  67.1  28.5 66.9  28.5 66.8  28.4
   7 21 62  0.0
  72.5 321.4 72.7 321.2 72.9 321.0 73.2 320.8 73.4 320.7 73.6 320.5 73.8 320.4
  74.1 320.2 74.3 320.1 74.6 319.9 74.8 319.8 75.0 319.7 75.2 319.6 75.5 319.5
  75.7 319.4 76.0 319.3 76.2 319.2 76.5 318.9 76.8 318.6 77.2 318.3 77.5 317.9
  77.8 317.5 78.2 317.1 78.6 316.2 79.0 315.2 79.4 314.0 79.8 312.9 80.2 311.7
  80.6 310.4 81.0 308.9 81.4 307.3 81.7 305.5 81.9 303.7 82.2 301.7 82.5 299.7
  82.8 297.6 83.1 295.4 83.3 293.0 83.6 290.4 83.8 287.7 83.9 284.8 84.1 281.7
  84.3 277.8 84.5 273.7 84.6 269.5 84.7 265.2 84.8 260.9 84.8 256.7 84.8 252.6
  84.8 248.6 84.8 244.6 84.8 240.5 84.8 236.3 84.8 231.8 84.8 227.1 84.7 222.3
  84.5 217.7 84.3 213.3 84.1 209.2 83.8 205.4 83.5 201.8 83.1 198.5 82.7 195.8
  82.2 193.5 81.7 191.6 81.1 190.4 80.5 189.4 79.8 188.7 79.1 188.4 78.4 188.3
  77.7 188.1 77.0 188.0 76.3 187.9 75.4 187.9 74.6 187.4 73.8 186.9 73.0 186.2
  72.2 185.6 71.4 185.1 70.7 184.5 69.9 184.0 69.3 183.5 68.7 182.9 68.1 182.4
  67.5 181.8 67.0 181.1 66.5 180.4 66.1 179.7 65.7 179.0 65.3 178.4 65.0 177.8
  64.6 177.3 64.2 176.8 63.8 176.3 63.4 176.2 63.1 176.0 62.7 175.9 62.5 175.9
  62.3 175.9 62.2 175.8 62.0 175.8 61.9 175.8 61.8 175.5 61.6 175.2 61.5 174.9
  61.4 174.5 61.2 174.1 61.1 173.6 61.0 173.0 60.8 172.4 60.7 171.9 60.7 171.4
  60.8 170.9 60.9 170.6 60.9 170.3 61.0 170.0 61.0 169.8 61.1 169.7 61.2 169.6
  61.2 169.6 61.3 169.7 61.4 169.8 61.4 169.8 61.4 169.9 61.3 170.0 61.3 170.1
  61.2 170.1 61.0 170.2 60.8 170.2 60.6 170.2 60.4 170.3 60.0 170.3 59.7 170.3
  59.3 169.8 58.9 169.3 58.4 168.9 57.9 168.5 57.5 167.6 57.1 166.8 56.8 166.0
  56.5 165.1 56.2 164.3 55.9 163.5 56.0 162.3 56.0 161.2 56.1 160.4 56.2 159.6
  56.2 158.9 56.3 158.1 56.4 157.4 56.4 156.6 56.4 155.8 56.4 155.0 56.4 154.2
  56.4 153.4 56.4 152.5 56.4 151.6 56.6 150.6 56.8 149.5 56.9 148.4 57.0 147.1
  57.3 145.9 57.5 144.7 57.7 143.5 57.9 142.4 58.0 141.3 58.1 140.3 58.2 139.4
  58.5 138.4 58.7 137.5 58.8 136.5 59.0 135.4 59.2 134.4 59.4 133.4 59.5 132.3
  59.7 131.3 59.7 130.3 59.8 129.4 59.8 128.6 59.9 127.8 59.9 127.0 60.0 126.3
  60.0 125.7 60.1 125.0 60.1 124.3 60.1 123.6 60.2 122.9 60.3 122.2 60.3 121.5
  60.4 120.8 60.5 120.0 60.6 119.2 60.7 118.4 60.8 117.7 60.9 116.9 61.0 116.2
  61.1 115.5 61.2 114.8 61.4 114.2 61.5 113.6 61.6 113.1 61.8 112.5 61.9 112.0
  62.0 111.5 62.0 110.9 62.1 110.4 62.1 109.9 62.2 109.4 62.2 108.9 62.3 108.5
  62.3 108.2 62.3 107.8 62.4 107.5 62.4 107.3 62.5 107.1 62.5 106.9 62.6 106.8
  62.7 106.7 62.7 106.5 62.8 106.3 62.9 106.1 62.9 105.8 63.0 105.5 63.1 105.2
  63.2 104.8 63.3 104.4 63.3 103.9 63.4 103.5 63.5 103.0 63.6 102.4 63.7 101.9
  63.8 101.4 63.9 100.9 64.0 100.4 64.1  99.9 64.1  99.5 64.2  99.1 64.3  98.7
  64.3  98.4 64.4  98.0 64.4  97.6
   7 22 62  0.0
  72.5 321.4 72.9 321.0 73.2 320.5 73.6 320.1 74.0 319.7 74.4 319.2 74.7 318.8
  75.1 318.3 75.5 317.9 75.9 317.5 76.3 317.1 76.7 316.7 77.2 316.2 77.6 315.8
  78.0 315.3 78.5 314.8 78.9 314.2 79.4 313.5 79.8 312.9 80.2 312.2 80.7 311.1
  81.2 309.9 81.7 308.7 82.1 307.4 82.7 305.2 83.2 302.7 83.6 300.0 84.0 297.0
  84.3 293.7 84.7 289.1 85.1 284.0 85.4 278.4 85.5 272.5 85.5 266.6 85.5 260.7
  85.5 255.0 85.3 249.6 85.1 244.3 84.8 239.2 84.5 234.0 84.1 229.0 83.7 224.3
  83.3 221.2 82.8 218.2 82.2 215.4 81.5 212.9 80.9 211.6 80.3 210.3 79.6 209.1
  79.0 208.6 78.4 208.0 77.8 207.4 77.2 206.9 76.6 206.3 76.0 205.6 75.4 204.9
  74.9 204.3 74.4 203.6 73.9 202.9 73.4 202.4 73.0 201.9 72.6 201.4 72.2 200.9
  71.8 200.4 71.5 199.9 71.2 199.3 70.8 198.8 70.5 198.3 70.2 197.9 70.0 197.5
  69.7 197.0 69.5 196.6 69.2 196.1 68.9 195.8 68.6 195.4 68.3 195.1 68.0 194.7
  67.7 194.4 67.4 194.1 67.1 193.7 66.8 193.5 66.4 193.2 66.1 193.1 65.7 193.0
  65.3 193.0 64.9 192.9 64.5 192.9 64.1 192.8 63.7 192.7 63.3 192.7 63.0 192.6
  62.6 192.4 62.3 192.3 62.0 192.2 61.7 192.3 61.4 192.4 61.1 192.5 60.9 192.6
  60.7 192.8 60.5 192.9 60.3 193.0 60.1 193.2 60.0 193.3 59.8 193.7 59.7 194.1
  59.6 194.6 59.6 195.0 59.5 195.5 59.4 196.1 59.5 196.6 59.6 197.2 59.7 197.7
  59.8 198.3 59.9 198.8 60.0 199.2 60.1 199.5 60.2 199.7 60.3 199.9 60.3 200.1
  60.5 200.3 60.6 200.4 60.7 200.5 60.8 200.6 60.9 200.6 61.0 200.6 61.2 200.6
  61.3 200.6 61.4 200.5 61.5 200.3 61.6 200.2 61.7 200.0 61.8 199.7 61.9 199.4
  62.1 199.0 62.2 198.6 62.4 198.1 62.5 197.6 62.6 197.0 62.7 196.5 62.7 195.9
  62.9 195.3 63.0 194.7 63.2 194.0 63.3 193.3 63.4 192.6 63.6 191.8 63.6 191.0
  63.6 190.2 63.6 189.4 63.6 188.6 63.6 187.7 63.5 186.9 63.4 186.1 63.3 185.3
  63.3 184.6 63.3 183.8 63.1 183.1 63.0 182.4 62.8 181.7 62.6 181.0 62.5 180.4
  62.3 179.8 62.1 179.2 61.9 178.6 61.7 178.3 61.5 177.9 61.4 177.6 61.3 177.2
  61.2 176.9 61.2 176.5 61.2 176.1 61.2 175.7 61.1 175.2 60.9 174.8 60.8 174.4
  60.7 174.0 60.7 173.6 60.6 173.2 60.5 172.8 60.5 172.4 60.5 172.0 60.3 171.6
  60.2 171.3 60.0 170.9 59.9 170.5 59.8 170.1 59.8 169.7 59.7 169.3 59.7 168.9
  59.8 168.5 59.8 168.1 59.9 167.8 59.8 167.4 59.6 167.0 59.5 166.7 59.4 166.4
  59.3 166.2 59.2 166.0 59.1 165.7 59.0 165.5 59.0 165.3 58.9 165.1 58.9 164.9
  58.9 164.7 59.0 164.4 59.0 164.2 59.1 163.9 59.1 163.6 59.2 163.3 59.3 163.0
  59.4 162.7 59.5 162.3 59.6 161.9 59.7 161.5 59.8 161.0 60.0 160.5 60.1 160.0
  60.3 159.1 60.4 158.3 60.5 157.4 60.7 156.6 60.8 155.7 60.9 154.9 60.9 154.1
  61.0 153.4 61.1 152.6 61.2 151.9 61.3 151.2 61.3 150.5 61.3 149.8 61.4 149.1
  61.4 148.5 61.4 147.8 61.3 147.2 61.3 146.6 61.2 146.0 61.2 145.4 61.1 144.8
  61.1 144.3 61.0 143.7 60.9 143.2
   7 23 62  0.0
  72.5 321.4 72.8 321.1 73.2 320.9 73.5 320.6 74.0 320.3 74.4 320.1 74.9 320.3
  75.4 320.4 75.9 320.5 76.5 320.5 77.1 320.8 77.7 320.9 78.3 321.0 79.0 320.9
  79.6 320.7 80.2 320.5 80.8 320.2 81.5 319.8 82.0 319.3 82.5 318.7 83.1 318.1
  83.7 317.3 84.2 316.3 84.9 314.2 85.5 311.6 86.0 308.3 86.5 304.2 87.1 296.1
  87.5 285.3 87.7 271.6 87.8 256.0 87.7 240.6 87.5 227.6 87.2 217.7 86.8 210.2
  86.2 204.7 85.6 200.6 85.2 198.7 84.7 197.3 84.1 196.1 83.4 195.1 82.9 195.1
  82.3 195.1 81.7 195.1 81.2 195.4 80.6 195.8 80.0 196.1 79.4 196.3 78.9 196.4
  78.3 196.4 77.7 196.4 77.2 196.0 76.6 195.6 76.0 195.2 75.4 194.8 74.8 194.1
  74.3 193.4 73.6 192.7 73.1 191.8 72.5 191.0 71.9 190.2 71.4 189.3 70.8 188.5
  70.3 187.7 69.9 186.9 69.6 185.9 69.2 184.8 68.9 183.8 68.7 182.7 68.4 181.6
  68.1 180.6 67.9 179.5 67.8 178.2 67.7 177.0 67.6 175.8 67.5 174.6 67.5 173.4
  67.4 172.1 67.3 170.8 67.2 169.4 67.1 168.0 67.1 166.5 67.0 165.1 66.9 163.7
  66.8 162.4 66.8 161.1 66.8 159.8 66.8 158.5 66.8 157.2 66.8 155.9 66.8 154.6
  66.8 153.2 66.8 151.8 66.8 150.4 66.8 149.1 66.8 147.8 66.8 146.5 66.8 145.3
  66.8 144.1 66.7 142.8 66.8 141.6 66.8 140.4 66.8 139.2 66.9 138.0 67.0 136.8
  67.1 135.7 67.2 134.7 67.3 133.7 67.4 132.7 67.5 131.8 67.6 130.8 67.7 129.9
  67.7 129.0 67.8 128.1 67.9 127.3 68.0 126.4 68.1 125.8 68.3 125.1 68.4 124.6
  68.6 124.0 68.7 123.5 68.9 123.0 69.1 122.5 69.3 122.0 69.5 121.4 69.8 120.9
  70.0 120.3 70.3 119.7 70.7 119.1 71.2 118.5 71.6 117.9 72.1 117.4 72.6 116.3
  73.0 115.2 73.5 114.0 73.9 112.8 74.3 111.5 74.7 109.6 75.1 107.8 75.4 106.0
  75.7 104.2 76.0 102.5 76.3 100.9 76.6  98.4 76.7  96.0 76.7  93.6 76.7  91.2
  76.7  88.9 76.6  86.5 76.6  84.1 76.5  81.8 76.4  79.3 76.3  78.7 76.2  78.1
  76.1  77.6 76.0  77.0 75.9  76.4 75.8  75.8 75.7  75.2 75.6  74.6 75.5  74.1
  75.4  73.5 75.3  72.9 75.2  72.4 75.2  71.8 75.1  71.3 75.0  70.7 74.9  70.2
  74.8  69.6 74.8  69.1 74.7  68.5 74.6  68.0 74.5  67.5 74.4  67.0 74.3  66.5
  74.1  66.0 74.0  65.5 73.9  65.0 73.8  64.5 73.6  64.0 73.5  63.5 73.5  63.0
  73.4  62.5 73.4  62.0 73.3  61.5 73.3  61.0 73.3  60.5 73.3  60.0 73.4  59.5
  73.4  59.0 73.5  58.5 73.6  58.0 73.7  57.5 73.8  57.1 73.9  56.6 74.0  56.2
  74.1  55.8 74.2  55.3 74.2  54.9 74.3  54.5 74.4  54.0 74.5  53.6 74.5  53.2
  74.6  52.8 74.7  52.5 74.8  52.1 74.9  51.8 75.0  51.5 75.2  51.2 75.4  50.9
  75.6  50.6 75.9  50.4 76.2  50.1 76.6  49.8 77.0  49.6 77.5  49.3 78.0  49.1
  78.5  48.8 79.0  48.5 79.5  48.2 80.0  47.9 80.5  47.5 81.0  47.1 81.5  46.7
  82.0  46.4 82.4  46.0 82.9  45.8 83.4  45.6 83.9  45.4 84.4  45.2 85.0  45.3
  85.5  45.3 86.0  45.3 86.4  45.4 87.0  45.5 87.4  45.7 87.8  45.9 88.2  46.0
  88.6  46.2 89.0  46.3 89.3  46.5
   7 24 62  0.0
  72.5 321.4 72.5 321.2 72.5 321.0 72.5 320.7 72.6 320.5 72.7 320.3 72.9 320.1
  73.1 319.8 73.3 319.6 73.6 319.4 73.9 319.2 74.3 318.9 74.8 318.6 75.3 318.3
  75.8 318.1 76.4 318.0 77.0 317.6 77.6 317.5 78.2 317.4 78.9 317.0 79.5 316.7
  80.1 316.5 80.6 315.5 81.1 314.5 81.5 313.7 81.8 313.1 82.1 312.4 82.6 311.1
  82.9 309.8 83.2 308.3 83.5 306.7 83.7 305.0 84.0 303.1 84.3 300.3 84.7 297.2
  84.9 293.8 85.2 290.2 85.4 286.3 85.6 281.9 85.8 277.0 85.9 271.8 86.0 266.3
  86.0 260.6 86.0 254.8 85.9 249.0 85.8 243.3 85.6 237.8 85.4 232.6 85.2 227.8
  84.8 223.3 84.4 219.6 83.9 216.6 83.5 214.9 83.1 213.4 82.6 212.1 82.0 211.0
  81.4 210.1 80.9 210.3 80.3 210.4 79.8 210.4 79.2 210.5 78.7 210.6 78.1 210.6
  77.5 210.6 77.0 210.2 76.5 209.8 76.0 209.4 75.5 208.9 75.1 208.3 74.7 207.7
  74.3 207.1 73.9 206.5 73.6 205.6 73.2 204.6 72.9 203.7 72.5 202.8 72.0 201.9
  71.6 201.0 71.1 200.2 70.7 199.3 70.2 198.5 69.6 197.7 69.1 196.8 68.6 196.0
  68.1 195.2 67.5 194.4 67.1 193.3 66.6 192.2 66.2 191.2 65.8 190.2 65.5 189.1
  65.2 188.0 64.9 186.9 64.7 185.8 64.6 184.8 64.4 183.7 64.2 182.6 64.0 181.5
  63.8 180.4 63.7 179.3 63.6 178.2 63.5 177.0 63.4 175.9 63.4 174.7 63.4 173.6
  63.4 172.4 63.4 171.3 63.4 170.1 63.3 169.0 63.2 167.8 63.2 166.6 63.2 165.4
  63.2 164.1 63.2 162.7 63.2 161.4 63.1 160.0 63.1 158.6 63.0 157.3 62.9 155.9
  62.8 154.7 62.7 153.4 62.6 152.2 62.5 151.0 62.4 149.8 62.4 148.7 62.4 147.5
  62.3 146.3 62.2 145.2 62.1 144.1 62.0 143.1 61.8 142.1 61.6 141.4 61.4 140.8
  61.2 140.1 61.0 139.5 60.8 138.9 60.7 138.3 60.5 137.7 60.4 137.1 60.2 136.5
  60.1 135.9 60.0 135.3 59.9 134.9 59.8 134.6 59.7 134.3 59.5 133.9 59.4 133.6
  59.3 133.3 59.2 133.0 59.1 132.6 58.9 132.3 58.8 132.1 58.7 131.8 58.5 131.5
  58.3 131.3 58.1 131.0 58.0 130.7 57.8 130.6 57.6 130.4 57.5 130.3 57.3 130.1
  57.1 130.0 56.9 129.9 56.7 129.7 56.5 129.6 56.3 129.4 56.1 129.3 55.9 129.2
  55.7 129.0 55.5 128.8 55.3 128.6 55.0 128.4 54.8 128.2 54.6 128.0 54.3 127.8
  54.1 127.6 53.8 127.3 53.6 127.1 53.3 126.8 53.1 126.6 52.9 126.3 52.6 126.0
  52.4 125.7 52.2 125.4 52.0 125.1 51.9 124.8 51.7 124.4 51.6 123.9 51.5 123.5
  51.4 123.0 51.3 122.4 51.2 121.9 51.2 121.3 51.1 120.7 51.1 120.1 51.1 119.5
  50.8 118.8 50.6 118.2 50.3 117.5 50.1 116.8 49.9 116.1 49.8 115.4 49.5 114.6
  49.2 113.8 48.9 113.0 48.7 112.2 48.4 111.3 48.1 110.6 47.7 109.8 47.4 109.1
  47.1 108.5 46.8 107.8 46.6 107.2 46.4 106.5 46.2 105.9 45.9 105.3 45.8 104.6
  45.6 104.0 45.4 103.4 45.3 102.8 45.1 102.1 45.0 101.4 44.9 100.7 44.8  99.9
  44.4  99.0 44.1  98.1 43.7  97.1 43.3  96.4 43.0  95.6 42.8  94.8 42.5  94.0
  42.3  93.2 42.1  92.5 41.9  91.7 42.0  91.2 42.1  90.6 42.2  89.9 42.2  89.2
  42.3  88.6 42.3  87.9 42.6  87.2
   7 25 62  0.0
  72.5 321.4 72.7 321.0 73.0 320.5 73.3 320.1 73.5 319.7 73.7 319.4 73.8 319.0
  74.0 318.7 74.1 318.3 74.3 317.5 74.5 316.6 74.6 315.8 74.7 315.1 74.9 314.4
  75.0 313.7 75.1 313.1 75.2 312.4 75.3 311.9 75.5 311.3 75.6 310.8 75.8 310.4
  76.0 310.0 76.2 309.6 76.4 308.2 76.7 306.8 77.0 305.5 77.4 304.1 77.7 302.9
  78.1 301.7 78.5 299.4 78.9 297.1 79.3 294.8 79.7 292.5 80.0 290.1 80.2 287.7
  80.3 283.7 80.3 279.5 80.2 275.3 80.1 271.1 79.9 267.1 79.7 264.1 79.5 261.1
  79.3 258.0 79.0 255.0 78.6 252.1 78.3 249.3 77.8 246.7 77.4 243.9 76.9 241.3
  76.4 238.8 75.9 236.6 75.4 234.6 74.9 232.8 74.5 231.2 74.0 229.6 73.6 228.7
  73.1 227.9 72.7 227.1 72.3 226.3 71.9 225.6 71.5 225.2 71.2 224.8 70.8 224.4
  70.4 223.9 70.0 223.4 69.6 222.8 69.3 222.9 68.9 223.0 68.6 223.1 68.2 223.2
  67.9 223.4 67.6 224.5 67.4 225.6 67.3 226.7 67.1 227.7 66.9 228.6 66.7 229.2
  66.6 229.8 66.4 230.3 66.2 230.6 66.0 230.9 65.7 231.3 65.5 231.7 65.3 232.0
  65.2 232.3 65.1 232.6 65.0 232.8 64.9 233.0 64.9 233.2 64.8 233.4 64.7 233.6
  64.6 233.7 64.6 233.9 64.5 234.0 64.4 234.1 64.4 234.2 64.4 234.3 64.3 234.4
  64.3 234.5 64.3 234.5 64.3 234.6 64.3 234.7 64.3 234.7 64.3 234.8 64.4 234.9
  64.4 234.9 64.4 234.9 64.5 235.0 64.5 235.0 64.6 235.1 64.6 235.0 64.7 235.0
  64.7 234.9 64.7 234.8 64.7 234.7 64.7 234.5 64.6 234.2 64.6 234.0 64.5 233.7
  64.4 233.4 64.3 233.0 64.2 232.7 64.1 232.3 64.0 232.0 63.9 232.1 63.7 232.2
  63.6 232.3 63.5 232.5 63.4 232.6 63.2 232.7 63.1 232.8 63.0 232.9 62.9 233.0
  62.7 233.2 62.6 233.3 62.5 233.4 62.4 233.5 62.3 233.6 62.1 233.7 62.0 233.7
  61.9 233.8 61.8 234.2 61.7 234.6 61.6 235.0 61.5 235.4 61.4 235.8 61.3 236.2
  61.2 236.7 61.1 237.1 61.0 237.6 60.9 238.0 60.8 238.5 60.7 238.9 60.6 239.3
  60.5 239.8 60.4 240.1 60.3 240.5 60.1 240.8 59.9 241.1 59.7 241.8 59.6 242.4
  59.4 243.0 59.3 243.6 59.2 244.2 59.0 244.7 58.8 245.2 58.6 245.6 58.4 246.0
  58.2 246.4 58.0 246.8 57.8 247.2 57.6 247.6 57.3 247.9 57.1 248.2 56.7 248.5
  56.4 248.7 56.0 248.9 55.7 249.1 55.3 249.0 55.0 248.9 54.6 248.8 54.2 248.6
  53.9 248.6 53.5 248.3 53.2 248.0 52.7 247.7 52.3 247.4 51.9 247.1 51.5 246.7
  51.2 246.2 50.9 245.6 50.6 245.1 50.4 244.5 50.2 243.8 49.9 243.2 49.6 242.3
  49.4 241.3 49.2 240.3 49.0 239.3 48.9 238.3 48.9 237.2 48.8 236.1 48.8 235.0
  48.7 233.9 48.6 232.7 48.6 231.5 48.5 230.2 48.4 228.9 48.3 227.6 48.5 226.3
  48.8 224.9 49.0 223.5 49.5 222.1 50.0 220.7 50.4 219.2 50.6 217.8 50.7 216.4
  50.9 214.9 50.6 213.4 50.4 211.9 50.2 210.4 50.1 209.2 49.9 208.2 49.7 207.1
  49.5 206.2 49.3 205.5 49.1 204.9 48.9 204.4 48.7 204.0 48.4 203.7 48.1 203.4
  47.7 203.0 47.3 202.4 47.0 201.8 46.5 201.1 46.1 200.5 45.7 199.8 45.4 198.8
  45.1 197.8 44.7 196.8 44.4 195.8
   7 26 62  0.0
  72.5 321.4 72.1 320.9 71.8 320.4 71.5 320.4 71.2 320.4 70.9 320.4 70.5 320.4
  70.1 320.4 69.8 320.4 69.4 321.2 69.0 322.0 68.6 322.8 68.2 323.6 67.8 324.4
  67.5 325.4 67.2 326.4 66.9 327.2 66.6 327.9 66.3 328.5 66.2 328.9 66.0 329.3
  65.8 329.6 65.6 329.5 65.5 329.3 65.3 329.0 65.1 328.8 64.9 328.5 64.7 328.2
  64.6 327.9 64.2 327.6 63.8 327.4 63.4 326.9 63.0 326.5 62.6 326.1 62.3 325.7
  61.9 325.3 61.5 324.8 61.2 324.3 60.9 323.8 60.4 323.4 59.9 322.9 59.4 322.6
  58.9 322.4 58.3 322.2 57.7 322.0 57.1 321.9 56.5 321.8 55.8 321.7 55.2 321.4
  54.5 321.1 53.9 320.8 53.3 320.1 52.9 319.4 52.4 318.8 51.9 318.2 51.4 317.6
  51.0 317.0 50.6 316.4 50.2 315.9 49.5 315.4 48.8 314.6 48.1 313.7 47.4 312.9
  46.7 311.9 46.3 310.8 45.8 309.8 45.5 308.8 45.2 307.8 44.9 306.7 44.6 305.7
  44.3 304.6 44.0 303.4 43.4 302.2 42.8 301.3 42.2 300.3 41.6 299.3 41.0 298.4
  40.5 297.6 40.0 296.8 39.5 295.8 39.3 294.8 39.0 293.8 38.8 292.9 38.5 292.0
  38.3 291.2 37.8 290.3 37.5 289.6 37.1 288.8 36.8 288.1 36.5 287.4 36.4 286.7
  36.3 286.0 36.2 285.3 36.1 284.7 35.9 284.1 35.8 283.7 35.8 283.3 35.8 282.9
  35.8 282.6 35.8 282.2 35.8 281.9 35.8 281.5 35.8 281.2 35.8 280.8 35.8 280.5
  35.8 280.2 35.8 279.8 35.9 279.5 36.0 279.2 36.1 278.8 36.2 278.3 36.3 277.7
  36.4 277.2 36.6 276.6 36.7 276.1 36.8 275.6 37.0 275.2 37.1 274.7 37.3 274.3
  37.4 273.8 37.6 273.4 37.7 273.0 37.8 272.6 37.9 272.3 38.1 271.9 38.2 271.4
  38.2 270.8 38.3 270.3 38.3 269.6 38.4 269.0 38.4 268.3 38.4 267.5 38.4 266.8
  38.3 266.0 38.3 265.4 38.3 264.8 38.3 264.2 38.3 263.7 38.4 263.2 38.4 262.8
  38.4 262.3 38.4 262.0 38.4 261.6 38.3 261.2 38.3 260.9 38.2 260.6 38.1 260.3
  38.0 260.0 38.0 259.7 38.0 259.4 37.9 259.3 37.8 259.2 37.8 259.2 37.7 259.1
  37.6 259.1 37.5 259.0 37.4 259.0 37.3 259.0 37.2 258.9 37.1 258.9 37.0 258.8
  36.9 258.8 36.8 258.7 36.7 258.6 36.7 258.6 36.6 258.5 36.5 258.4 36.5 258.3
  36.4 258.2 36.3 258.1 36.3 258.0 36.2 257.9 36.2 257.7 36.1 257.6 36.1 257.4
  36.1 257.3 36.0 257.1 36.0 257.0 36.0 256.8 36.0 256.7 36.0 256.7 36.0 256.7
  36.0 256.7 36.0 256.8 36.0 256.8 36.0 256.8 36.0 256.9 35.9 257.0 35.9 257.1
  35.9 257.2 35.9 257.3 35.9 257.4 35.9 257.5 35.8 257.7 35.8 257.8 35.8 257.9
  35.8 258.0 35.8 258.1 35.8 258.2 35.9 258.3 35.9 258.3 36.0 258.4 36.0 258.4
  36.1 258.2 36.2 257.9 36.3 257.7 36.4 257.5 36.5 257.2 36.6 257.0 36.7 256.8
  36.8 256.6 36.9 256.4 37.0 256.2 37.1 256.0 37.2 255.8 37.2 255.6 37.2 255.4
  37.2 255.2 37.2 254.9 37.2 254.6 37.2 254.4 37.2 254.1 37.1 253.7 37.1 253.4
  37.0 253.1 37.0 252.7 36.9 252.4 36.8 252.1 36.7 251.7 36.5 251.4 36.4 251.1
  36.2 250.7 36.0 250.4 35.9 250.1 35.7 249.8 35.6 249.6 35.5 249.3 35.3 249.1
  35.2 248.8 35.1 248.6 35.1 248.3
   7 27 62  0.0
  72.5 321.4 72.4 320.9 72.4 320.4 72.3 319.9 72.2 319.4 72.1 318.9 72.1 318.4
  72.0 317.8 72.0 317.3 71.9 317.2 71.9 317.0 71.9 316.8 71.9 316.6 71.9 316.3
  71.9 316.1 71.8 315.9 71.8 315.8 71.7 315.6 71.7 315.5 71.6 315.5 71.5 315.4
  71.3 315.4 71.2 315.4 71.0 315.4 70.8 315.5 70.6 315.6 70.3 315.7 70.1 315.8
  69.8 315.9 69.6 316.6 69.2 317.4 68.8 318.1 68.4 318.9 68.0 319.7 67.6 320.4
  67.2 321.7 66.8 322.9 66.3 324.0 65.9 325.0 65.5 325.6 65.1 326.1 64.7 326.5
  64.3 326.8 63.8 327.0 63.2 326.8 62.7 326.5 62.1 326.3 61.5 326.1 60.9 326.0
  60.3 325.9 59.7 325.7 59.1 325.2 58.6 324.7 58.2 324.1 57.8 323.6 57.3 322.8
  56.8 322.0 56.3 321.3 55.8 320.7 55.3 319.7 54.8 318.8 54.2 317.9 53.7 317.1
  53.2 316.0 52.6 314.9 52.2 313.8 51.8 312.7 51.3 311.9 50.9 311.0 50.6 310.2
  50.3 309.2 50.0 308.3 49.7 307.1 49.7 305.9 49.7 304.7 49.6 303.4 49.5 302.2
  49.4 300.9 49.2 299.6 49.3 298.3 49.3 297.1 49.3 295.8 49.3 294.6 49.3 293.3
  49.4 292.0 49.6 290.6 49.7 289.3 49.9 288.0 50.1 286.7 50.4 286.0 50.7 285.2
  51.1 284.4 51.4 283.7 51.8 282.9 52.2 282.2 52.6 281.7 53.0 281.2 53.4 280.6
  53.8 280.0 54.1 279.4 54.7 279.1 55.2 278.9 55.8 278.6 56.3 278.4 56.8 278.5
  57.3 278.7 57.8 278.9 58.2 279.2 58.6 279.4 59.0 279.6 59.3 279.9 59.7 280.1
  60.0 280.4 60.4 280.7 60.7 280.9 61.0 281.2 61.3 281.5 61.5 281.8 61.8 282.1
  62.0 282.4 62.2 282.8 62.5 283.3 62.7 283.7 62.9 284.2 63.0 284.6 63.2 285.1
  63.3 285.6 63.4 286.1 63.6 286.5 63.7 287.1 63.8 287.6 64.0 288.1 64.0 288.6
  64.1 289.2 64.2 289.9 64.3 290.5 64.4 291.2 64.5 291.8 64.6 292.5 64.6 293.3
  64.7 294.0 64.7 294.7 64.7 295.4 64.8 296.1 64.7 296.9 64.7 297.6 64.6 298.3
  64.5 299.0 64.5 299.6 64.4 300.3 64.3 300.9 64.1 301.5 64.0 302.2 63.8 302.7
  63.7 303.3 63.5 303.9 63.4 304.5 63.1 305.0 62.9 305.5 62.6 306.0 62.3 306.4
  62.0 306.8 61.7 306.8 61.4 306.8 61.1 306.8 60.8 306.7 60.5 306.6 60.1 306.5
  59.8 306.4 59.5 305.9 59.1 305.4 58.8 304.9 58.4 304.5 58.0 304.1 57.6 303.5
  57.3 302.9 57.0 302.3 56.7 301.7 56.5 301.1 56.2 300.4 55.9 299.8 55.8 298.9
  55.7 298.0 55.6 297.2 55.6 296.4 55.5 295.6 55.6 294.9 55.8 294.3 56.0 293.7
  56.2 293.2 56.4 292.8 56.7 292.5 57.0 292.2 57.3 292.0 57.5 291.7 57.8 291.5
  58.1 291.2 58.4 291.0 58.7 290.9 59.0 290.8 59.2 290.6 59.5 290.5 59.8 290.4
  60.0 290.3 60.3 290.1 60.5 290.0 60.7 289.9 61.0 289.8 61.2 289.6 61.4 289.5
  61.6 289.4 61.8 289.3 62.0 289.2 62.2 289.1 62.4 289.2 62.7 289.3 62.9 289.4
  63.2 289.6 63.5 289.7 63.8 289.9 64.1 290.1 64.3 290.5 64.6 290.9 64.8 291.4
  65.1 291.8 65.3 292.3 65.4 292.7 65.6 293.1 65.7 293.6 65.8 294.0 66.0 294.4
  66.1 294.7 66.3 295.2 66.5 295.7 66.7 296.2 66.8 296.7 67.0 297.1 67.2 297.5
  67.4 297.9 67.5 298.4 67.7 298.8
   7 28 62  0.0
  72.5 321.4 72.7 321.7 73.0 321.9 73.2 322.1 73.4 322.1 73.6 322.2 73.7 322.1
  73.9 322.0 74.0 321.7 74.1 321.4 74.2 321.1 74.3 320.6 74.4 320.1 74.4 319.5
  74.5 318.9 74.5 318.2 74.5 317.5 74.5 316.8 74.5 316.1 74.5 315.4 74.4 314.7
  74.3 314.0 74.2 313.3 74.1 312.6 73.9 312.0 73.7 311.6 73.6 311.2 73.4 310.7
  73.3 310.3 73.2 309.8 73.1 309.3 73.0 308.8 73.0 308.3 73.0 307.8 73.0 307.2
  73.1 306.5 73.1 305.9 73.2 305.1 73.3 304.4 73.4 303.6 73.4 302.9 73.5 302.1
  73.5 301.4 73.6 300.6 73.6 299.9 73.7 299.2 73.7 298.5 73.8 297.7 73.8 297.0
  73.9 296.3 73.9 295.6 74.0 294.9 74.1 294.2 74.1 293.9 74.2 293.6 74.2 293.2
  74.3 292.9 74.3 292.6 74.3 292.2 74.3 291.9 74.3 291.6 74.4 291.2 74.4 290.8
  74.4 290.4 74.4 290.0 74.4 289.5 74.3 289.0 74.3 288.5 74.2 287.9 74.1 287.3
  74.0 286.7 73.9 286.0 73.8 285.4 73.7 284.6 73.6 283.9 73.5 283.1 73.5 282.4
  73.4 281.7 73.4 280.9 73.4 280.2 73.4 279.5 73.4 278.8 73.4 278.2 73.4 277.6
  73.4 277.1 73.4 276.6 73.4 276.2 73.4 275.8 73.4 275.4 73.4 275.1 73.3 274.8
  73.3 274.6 73.3 274.4 73.3 274.3 73.3 274.2 73.3 274.1 73.2 274.1 73.2 274.2
  73.2 274.2 73.2 274.3 73.3 274.4 73.3 274.5 73.3 274.6 73.4 274.8 73.4 275.0
  73.5 275.2 73.6 275.4 73.7 275.7 73.8 275.9 73.9 276.3 74.1 276.5 74.2 276.4
  74.4 276.2 74.6 276.0 74.8 275.7 74.9 275.4 75.1 275.0 75.3 274.5 75.5 274.0
  75.7 273.5 76.0 272.9 76.2 272.3 76.5 271.4 76.7 270.5 76.9 269.6 77.0 268.6
  77.2 267.6 77.3 266.7 77.4 265.7 77.5 264.8 77.6 264.0 77.6 263.2 77.6 262.4
  77.7 261.8 77.7 261.1 77.7 260.5 77.7 259.9 77.6 259.3 77.6 258.8 77.5 258.3
  77.5 257.9 77.5 257.5 77.4 257.2 77.4 257.0 77.4 256.9 77.4 256.8 77.4 256.8
  77.3 256.7 77.3 256.6 77.3 256.4 77.3 256.3 77.3 256.1 77.3 256.0 77.2 255.8
  77.2 255.6 77.2 255.3 77.1 255.1 77.1 254.8 77.1 254.5 77.0 254.2 77.0 253.9
  77.0 253.5 76.9 253.2 76.9 252.8 76.8 252.4 76.8 252.0 76.7 251.6 76.7 251.1
  76.6 250.6 76.5 250.2 76.5 249.7 76.4 249.2 76.3 248.7 76.2 248.2 76.1 247.7
  76.0 247.1 75.9 246.6 75.8 246.5 75.7 246.3 75.6 246.1 75.5 246.0 75.4 245.8
  75.2 245.7 75.1 245.7 75.0 245.6 74.9 245.6 74.8 245.6 74.8 245.6 74.7 245.7
  74.6 245.8 74.5 245.9 74.5 246.1 74.4 246.3 74.4 246.5 74.3 246.7 74.3 246.8
  74.3 246.9 74.3 247.0 74.3 247.0 74.3 247.0 74.3 247.0 74.3 246.9 74.4 246.8
  74.4 246.6 74.5 246.4 74.5 246.2 74.6 246.0 74.7 245.7 74.8 245.5 74.8 245.4
  74.9 245.2 75.0 245.0 75.1 244.9 75.2 244.8 75.4 244.7 75.5 244.6 75.6 244.5
  75.8 244.4 75.9 244.4 76.1 244.4 76.3 243.9 76.5 243.3 76.8 242.8 77.0 242.3
  77.3 241.7 77.6 241.2 77.8 240.6 78.1 240.1 78.4 239.0 78.7 237.7 79.0 236.5
  79.2 235.1 79.4 233.8 79.5 232.4 79.7 231.0 79.7 229.6 79.8 228.1 79.8 226.6
  79.8 225.1 79.7 223.6 79.6 222.1
   7 29 62  0.0
  72.5 321.4 72.4 321.6 72.3 321.7 72.2 321.8 72.1 321.9 72.1 322.0 72.1 322.0
  72.1 322.1 72.1 322.1 72.1 322.1 72.2 322.1 72.3 322.0 72.4 322.0 72.5 321.9
  72.6 321.8 72.7 321.8 72.8 321.8 72.9 321.8 73.1 321.9 73.2 322.0 73.4 322.2
  73.5 322.3 73.7 322.6 73.9 322.8 74.1 323.2 74.3 323.5 74.5 323.8 74.7 324.0
  74.9 324.1 74.9 324.2 75.0 324.3 75.1 324.2 75.1 324.1 75.1 323.9 75.2 323.6
  75.2 323.3 75.3 322.8 75.3 322.3 75.3 321.7 75.3 321.0 75.3 320.3 75.3 319.6
  75.3 318.9 75.3 318.1 75.2 317.4 75.2 316.6 75.1 315.8 75.0 315.1 74.8 314.3
  74.6 313.6 74.5 312.9 74.4 312.2 74.2 311.5 74.1 310.9 74.0 310.3 74.0 309.8
  73.9 309.2 73.9 308.7 73.9 308.1 73.9 307.4 73.9 306.8 74.0 306.0 74.0 305.3
  74.0 304.9 74.1 304.5 74.1 304.1 74.1 303.7 74.1 303.3 74.1 303.0 74.2 302.6
  74.2 302.3 74.2 301.9 74.2 301.6 74.2 301.2 74.2 300.9 74.2 300.6 74.1 300.2
  74.1 299.8 74.1 299.5 74.0 299.1 74.0 298.7 73.9 298.1 73.9 297.5 73.8 296.9
  73.7 296.4 73.6 295.8 73.6 295.3 73.5 294.9 73.4 294.6 73.4 294.3 73.3 294.0
  73.2 293.8 73.1 293.7 73.0 293.5 72.9 293.4 72.8 293.3 72.7 293.3 72.7 293.3
  72.6 293.3 72.6 293.3 72.5 293.3 72.5 293.4 72.6 293.5 72.6 293.6 72.6 293.8
  72.7 293.9 72.8 294.1 72.9 294.3 73.0 294.6 73.1 294.8 73.2 295.1 73.4 295.4
  73.6 295.7 73.7 296.1 74.0 296.4 74.2 296.8 74.5 296.4 74.8 296.1 75.2 295.7
  75.5 295.4 75.9 295.0 76.3 294.6 76.7 293.2 77.1 291.8 77.5 290.5 77.8 289.2
  78.1 288.1 78.4 285.8 78.6 283.5 78.7 281.1 78.9 278.6 78.9 276.1 78.9 273.5
  78.8 270.8 78.7 268.1 78.7 265.4 78.5 262.7 78.3 259.9 78.0 257.1 77.7 254.4
  77.4 251.8 77.1 249.2 76.7 246.5 76.2 243.9 75.6 241.5 75.1 239.4 74.6 237.5
  74.2 235.7 73.7 234.0 73.3 233.1 72.9 232.2 72.5 231.4 72.1 230.6 71.7 229.8
  71.4 229.3 71.0 228.9 70.6 228.5 70.3 228.1 69.9 227.7 69.6 227.9 69.3 228.1
  69.1 228.3 68.9 228.5 68.7 228.7 68.5 228.9 68.4 229.0 68.4 229.2 68.3 229.3
  68.3 229.4 68.3 229.5 68.3 229.6 68.3 229.7 68.3 229.7 68.3 229.7 68.3 229.7
  68.3 229.7 68.3 229.6 68.3 229.5 68.2 229.4 68.2 229.3 68.2 229.1 68.1 228.9
  68.1 228.7 68.0 228.5 68.0 228.3 67.9 228.5 67.8 228.6 67.8 228.7 67.7 228.7
  67.6 228.7 67.5 228.6 67.5 228.5 67.4 228.4 67.3 228.2 67.2 228.0 67.1 227.8
  66.9 227.5 66.8 227.1 66.6 226.8 66.4 226.3 66.3 225.9 66.1 225.4 65.9 224.8
  65.8 224.6 65.7 224.4 65.5 224.1 65.4 223.8 65.2 223.4 65.0 223.1 64.7 222.8
  64.5 222.5 64.3 222.2 64.0 221.9 63.8 221.5 63.6 221.9 63.4 222.1 63.3 222.4
  63.1 222.5 62.9 222.6 62.8 222.8 62.6 222.9 62.4 223.0 62.2 223.2 62.0 223.3
  61.8 223.4 61.6 223.8 61.4 224.2 61.2 224.5 61.0 224.8 60.9 225.0 60.7 225.3
  60.5 225.5 60.3 225.7 60.1 225.9 60.0 226.1 59.8 226.4 59.6 226.8 59.4 227.1
  59.3 227.4 59.1 227.6 59.0 227.9
   7 30 62  0.0
  72.5 321.4 72.5 322.4 72.5 323.4 72.5 324.3 72.4 325.2 72.4 326.0 72.3 326.8
  72.3 327.6 72.3 328.4 72.3 329.2 72.3 330.0 72.3 330.8 72.4 331.6 72.4 332.5
  72.3 333.4 72.3 334.2 72.2 335.0 72.2 335.8 72.1 336.5 71.9 337.3 71.8 338.0
  71.7 338.7 71.6 339.5 71.5 340.3 71.3 341.1 71.0 342.0 70.8 342.7 70.6 343.5
  70.3 344.2 70.0 344.8 69.6 345.4 69.2 346.1 68.8 346.6 68.4 347.1 67.9 347.5
  67.5 348.1 66.9 348.7 66.3 349.2 65.7 349.7 65.2 350.0 64.6 350.2 64.0 350.4
  63.5 350.5 62.9 350.5 62.3 350.4 61.7 350.2 61.2 349.9 60.6 349.5 60.0 349.0
  59.5 348.5 59.0 347.5 58.5 346.6 58.0 345.6 57.5 344.5 57.0 343.4 56.7 342.3
  56.4 341.1 56.1 339.9 55.9 338.6 55.7 337.4 55.4 336.1 55.2 334.8 55.1 333.3
  55.0 331.9 55.0 330.4 55.1 329.0 55.1 327.6 55.1 326.3 55.0 325.0 55.0 323.6
  54.8 322.3 54.6 321.0 54.3 319.7 54.0 318.4 53.7 317.4 53.3 316.5 53.0 315.5
  52.9 314.6 52.8 313.6 52.7 312.6 52.6 311.6 52.9 310.4 53.0 309.0 53.2 307.5
  53.3 305.7 53.5 304.0 53.4 302.3 53.4 300.7 53.4 299.3 53.4 297.9 53.4 296.6
  53.4 295.5 53.4 294.4 53.4 293.5 53.5 292.5 53.6 291.7 53.5 290.9 53.4 290.1
  53.4 289.5 53.3 288.9 53.2 288.4 53.2 287.8 53.0 287.3 52.8 286.8 52.6 286.4
  52.3 285.9 52.1 285.4 51.9 284.9 51.7 284.1 51.5 283.3 51.2 282.6 50.9 282.0
  50.7 281.4 50.4 280.9 50.1 280.4 49.9 279.9 49.6 279.4 49.3 278.9 49.0 278.3
  48.7 277.7 48.5 277.1 48.2 276.4 48.0 275.6 47.9 274.8 47.8 274.1 47.7 273.5
  47.6 272.8 47.6 272.1 47.5 271.5 47.5 270.8 47.4 270.2 47.4 269.6 47.4 269.0
  47.4 268.4 47.4 267.8 47.6 267.2 47.7 266.6 47.9 266.0 48.0 265.5 48.2 265.0
  48.3 264.5 48.5 264.0 48.6 263.5 48.9 263.1 49.2 262.6 49.4 262.1 49.7 261.6
  49.9 261.1 50.2 260.7 50.4 260.1 50.7 259.5 51.0 259.0 51.3 258.4 51.6 257.9
  51.9 257.4 52.2 256.9 52.4 256.3 52.7 255.8 53.0 255.2 53.4 254.7 53.7 254.2
  54.0 253.7 54.4 253.2 54.7 252.7 55.1 252.2 55.4 251.8 55.8 251.4 56.2 251.0
  56.6 250.6 57.1 250.1 57.5 249.6 57.8 249.2 58.2 248.7 58.6 248.1 58.9 247.5
  59.2 246.9 59.5 246.3 59.8 245.6 60.0 245.0 60.3 244.4 60.6 243.8 60.8 243.3
  61.0 242.7 61.3 242.2 61.5 241.8 61.7 241.3 61.9 240.9 62.0 240.5 62.2 240.2
  62.4 239.9 62.4 239.6 62.3 239.4 62.3 239.1 62.2 238.9 62.1 238.7 62.0 238.5
  61.9 238.2 61.8 238.0 61.8 237.8 61.7 237.7 61.6 237.5 61.6 237.4 61.5 237.3
  61.5 237.3 61.4 237.3 61.4 237.3 61.4 237.3 61.3 237.4 61.3 237.5 61.3 237.7
  61.2 237.9 61.2 238.1 61.2 238.3 61.2 238.6 61.1 238.9 61.1 239.3 61.1 239.6
  61.1 240.0 61.1 240.4 61.0 240.9 61.0 241.3 61.0 241.8 60.9 242.2 60.9 242.7
  60.8 243.2 60.7 243.8 60.6 244.3 60.5 244.8 60.4 245.4 60.3 245.9 60.2 246.4
  60.1 246.9 60.0 247.4 59.9 248.1 59.8 248.8 59.7 249.5 59.6 250.1 59.5 250.7
  59.4 251.2 59.2 251.7 59.0 252.1
   7 31 62  0.0
  72.5 321.4 72.8 322.1 73.1 322.9 73.4 323.7 73.7 324.6 73.9 325.6 74.1 326.6
  74.4 327.4 74.6 328.3 74.7 329.3 74.8 330.4 74.9 331.6 75.1 332.8 75.1 334.1
  75.2 335.3 75.2 336.6 75.1 337.8 75.0 339.1 74.9 340.2 74.8 341.3 74.5 342.4
  74.3 343.3 74.1 344.1 73.8 344.9 73.5 346.1 73.2 347.3 72.9 348.5 72.6 349.6
  72.2 350.5 71.8 351.4 71.5 352.3 71.0 353.2 70.6 353.9 70.1 354.5 69.6 355.1
  69.1 355.6 68.6 356.1 68.1 356.5 67.5 356.9 66.9 357.4 66.3 357.8 65.7 358.3
  65.1 358.6 64.4 358.8 63.8 359.0 63.1 358.9 62.5 358.8 61.9 358.7 61.4 358.4
  61.0 358.2 60.5 358.0 60.1 357.7 59.6 357.5 59.3 357.2 58.9 356.8 58.5 356.4
  58.2 356.0 57.6 355.5 57.1 354.7 56.6 353.9 56.2 352.9 55.9 351.7 55.4 350.6
  54.9 349.3 54.5 348.1 54.2 346.8 54.0 345.5 53.7 344.4 53.6 343.4 53.5 342.3
  53.4 341.3 53.4 340.2 53.3 339.1 53.2 338.1 53.1 337.0 53.0 335.9 52.9 334.9
  52.8 333.8 52.8 332.6 52.7 331.5 52.8 330.2 52.9 328.8 53.0 327.4 53.1 325.9
  53.1 324.5 53.1 323.0 53.0 321.6 52.9 320.3 52.8 319.0 52.7 317.8 52.6 316.6
  52.5 315.4 52.5 314.3 52.5 313.3 52.4 312.4 52.3 311.6 52.5 310.8 52.6 309.9
  52.8 309.1 52.9 308.1 53.1 307.0 53.2 305.8 53.2 304.5 53.3 303.1 53.3 301.7
  53.2 300.4 53.1 299.1 52.9 297.9 52.7 296.8 52.5 295.8 52.2 294.9 52.0 294.1
  51.8 293.3 51.6 292.5 51.5 291.8 51.0 291.1 50.6 290.4 50.2 289.8 49.7 289.2
  49.3 288.5 48.9 287.9 48.3 287.3 47.8 286.7 47.3 285.9 46.9 285.0 46.5 284.2
  46.1 283.3 45.7 282.4 45.3 281.5 44.9 280.5 44.5 279.5 44.2 278.4 43.9 277.3
  43.7 276.1 43.5 274.8 43.4 273.5 43.3 272.3 43.3 271.1 43.3 270.0 43.4 268.9
  43.4 267.8 43.8 266.7 44.1 265.7 44.5 264.5 44.8 263.2 45.3 262.0 45.9 260.9
  46.5 259.9 47.1 259.1 47.8 258.3 48.4 257.6 49.1 257.0 49.8 256.4 50.4 255.8
  50.9 255.3 51.4 254.8 52.0 254.3 52.5 253.9 53.0 253.3 53.6 252.8 54.2 252.2
  54.8 251.8 55.3 251.3 55.9 250.9 56.5 250.4 57.1 250.1 57.8 249.8 58.4 249.4
  59.1 249.2 59.7 248.9 60.3 248.7 60.8 248.5 61.3 248.2 61.8 248.0 62.1 247.7
  62.5 247.7 62.9 247.8 63.2 247.9 63.5 248.0 63.8 248.2 64.2 248.4 64.5 248.4
  64.8 248.5 65.1 248.6 65.4 248.8 65.6 249.1 65.7 249.4 65.9 249.8 66.1 250.3
  66.2 250.4 66.3 250.7 66.5 250.9 66.6 251.2 66.7 251.6 66.9 252.0 67.0 252.4
  67.3 252.8 67.5 253.2 67.7 253.7 67.9 254.2 68.1 254.7 68.3 255.4 68.5 256.1
  68.6 256.8 68.7 257.6 68.8 258.4 68.9 259.2 69.0 259.9 69.1 260.5 69.2 261.0
  69.2 261.4 69.3 261.8 69.3 262.1 69.3 262.3 69.4 262.5 69.4 262.6 69.4 262.6
  69.4 262.6 69.5 262.7 69.5 262.7 69.5 262.7 69.5 262.7 69.5 262.7 69.5 262.8
  69.5 262.8 69.5 262.8 69.5 262.9 69.5 262.9 69.5 263.0 69.5 263.1 69.5 263.1
  69.5 263.2 69.5 263.3 69.4 263.4 69.4 263.5 69.4 263.6 69.4 263.7 69.4 263.8
  69.3 264.0 69.3 264.1 69.3 264.3
