   9  1 66  0.0
  72.5 321.4 72.7 321.2 72.8 321.1 72.9 321.1 73.0 321.1 73.1 321.1 73.2 321.2
  73.2 321.3 73.3 321.5 73.3 321.7 73.3 322.0 73.3 322.3 73.2 322.6 73.2 323.1
  73.1 323.4 73.1 323.5 73.0 323.6 72.9 323.6 72.8 323.5 72.7 323.3 72.7 323.0
  72.6 322.6 72.5 322.0 72.3 321.4 72.2 320.8 72.1 320.0 71.9 319.3 71.6 318.7
  71.4 318.1 71.2 317.6 71.0 317.2 70.9 316.8 70.7 316.5 70.6 316.2 70.4 315.9
  70.3 315.7 70.1 315.5 70.0 315.4 69.9 315.3 69.8 315.1 69.7 314.9 69.6 314.8
  69.5 314.7 69.4 314.6 69.2 314.5 69.1 314.5 69.0 314.5 68.9 314.5 68.7 314.5
  68.6 314.6 68.5 314.6 68.3 314.6 68.2 314.6 68.1 314.6 67.9 314.5 67.8 314.4
  67.7 314.2 67.6 314.1 67.5 314.0 67.4 313.9 67.4 313.7 67.3 313.6 67.2 313.5
  67.1 313.4 67.0 313.3 66.9 313.3 66.8 313.3 66.7 313.2 66.5 313.2 66.4 313.3
  66.2 313.3 66.0 313.3 65.8 313.4 65.6 313.5 65.5 313.6 65.3 313.7 65.1 313.8
  65.0 313.8 64.8 313.9 64.7 313.9 64.6 313.9 64.5 313.9 64.4 313.9 64.3 313.8
  64.3 313.8 64.2 313.7 64.2 313.6 64.1 313.6 64.1 313.5 64.1 313.5 64.1 313.5
  64.1 313.5 64.1 313.5 64.2 313.5 64.2 313.5 64.3 313.5 64.4 313.6 64.4 313.6
  64.5 313.7 64.6 313.7 64.7 313.7 64.8 313.8 64.8 313.8 64.9 313.8 64.9 313.8
  65.0 313.8 65.0 313.8 65.1 313.8 65.1 313.7 65.2 313.7 65.2 313.7 65.2 313.7
  65.3 313.7 65.4 313.7 65.4 313.7 65.5 313.8 65.6 313.8 65.7 313.9 65.8 314.0
  65.9 314.1 66.0 314.2 66.1 314.3 66.2 314.6 66.3 314.9 66.5 315.2 66.6 315.5
  66.7 315.8 66.8 316.2 66.7 316.5 66.6 316.9 66.6 317.3 66.5 317.8 66.4 318.3
  66.4 318.8 66.3 319.4 66.3 319.9 66.3 320.4 66.1 321.0 66.0 321.4 65.8 321.8
  65.7 322.1 65.5 322.4 65.4 322.7 65.3 322.9 65.1 323.2 65.0 323.4 64.9 323.6
  64.8 323.9 64.8 324.1 64.4 324.4 64.1 324.6 63.8 324.9 63.5 325.0 63.1 325.1
  62.8 325.1 62.5 325.2 62.3 325.3 62.0 325.4 61.7 325.4 61.4 325.3 61.2 325.3
  60.9 325.2 60.7 325.1 60.5 325.0 60.2 324.9 60.0 324.8 59.8 324.6 59.5 324.4
  59.3 324.1 59.1 323.9 59.1 323.7 59.1 323.5 59.1 323.3 59.1 323.1 59.1 322.9
  59.1 322.7 59.1 322.5 59.1 322.3 59.1 322.2 59.1 322.0 59.1 321.9 59.1 321.8
  59.1 321.7 59.1 321.6 59.0 321.6 59.0 321.5 58.9 321.6 58.8 321.6 58.7 321.7
  58.6 321.8 58.4 321.9 58.3 322.0 58.1 322.2 57.9 322.4 57.7 322.4 57.5 322.5
  57.3 322.4 57.1 322.4 56.9 322.3 56.7 322.2 56.4 322.0 56.1 321.8 55.9 321.6
  55.6 321.3 55.3 320.9 55.0 320.5 54.6 320.1 54.2 319.8 54.1 319.4 53.9 319.1
  53.7 318.6 53.4 318.1 53.0 317.6 52.6 317.1 52.2 316.5 51.7 315.9 51.4 314.8
  51.0 313.8 50.6 312.9 50.2 312.0 49.7 311.2 49.4 309.9 49.0 308.8 48.7 307.7
  48.6 306.6 48.4 305.6 48.2 304.6 48.0 303.5 48.2 302.5 48.2 301.4 48.3 300.3
  48.3 299.3 48.6 298.2 48.9 297.1 49.1 296.0 49.2 294.9 49.6 293.8 50.0 292.7
  50.3 291.6 50.8 291.1 51.2 290.6
   9  2 66  0.0
  72.5 321.4 72.9 322.3 73.3 323.1 73.6 323.9 73.9 324.7 74.2 325.4 74.5 325.5
  74.7 325.6 75.0 325.6 75.2 325.5 75.4 325.3 75.6 325.1 75.7 324.8 75.9 324.4
  76.0 324.0 76.2 323.3 76.3 322.6 76.5 321.9 76.6 321.2 76.8 320.5 76.9 319.9
  77.1 319.2 77.2 318.6 77.4 318.0 77.5 317.4 77.7 316.8 77.8 316.2 77.9 315.6
  78.0 315.1 78.1 314.1 78.1 313.2 78.2 312.2 78.2 311.2 78.1 310.2 78.1 309.2
  78.0 308.2 77.9 307.8 77.8 307.3 77.7 306.9 77.6 306.4 77.4 305.9 77.3 305.4
  77.2 304.9 77.1 304.4 77.0 303.9 76.9 303.4 76.7 302.8 76.6 302.4 76.5 301.9
  76.3 301.4 76.2 301.0 76.0 300.6 75.9 300.2 75.8 300.4 75.6 300.5 75.5 300.6
  75.4 300.7 75.3 300.8 75.1 300.8 75.0 300.8 74.9 300.7 74.8 300.7 74.7 300.6
  74.6 300.6 74.5 300.6 74.5 300.7 74.4 300.8 74.3 300.9 74.2 301.0 74.2 301.1
  74.1 301.3 74.1 301.5 74.0 301.7 74.0 301.9 74.0 302.7 73.9 303.4 73.9 304.0
  73.8 304.4 73.8 304.8 73.7 305.0 73.6 305.1 73.6 305.2 73.5 305.1 73.4 305.0
  73.3 304.8 73.1 304.5 73.0 304.3 72.9 304.0 72.7 303.9 72.6 303.7 72.4 303.5
  72.2 303.4 72.0 303.4 71.8 303.4 71.6 303.5 71.4 303.7 71.1 303.8 70.9 304.0
  70.6 304.2 70.4 304.4 70.2 304.5 70.0 304.6 69.9 304.7 69.8 304.9 69.7 305.1
  69.6 305.3 69.6 305.5 69.6 305.7 69.6 305.9 69.7 306.1 69.7 306.3 69.8 306.5
  69.8 306.7 69.9 306.9 69.9 307.1 70.0 307.2 70.0 307.4 70.1 307.3 70.2 307.2
  70.2 307.0 70.3 306.9 70.4 306.7 70.5 306.5 70.6 306.2 70.6 306.0 70.7 305.8
  70.8 305.6 71.0 305.3 71.1 305.1 71.2 304.8 71.3 304.5 71.4 304.3 71.6 304.0
  71.7 303.7 71.7 303.4 71.8 303.0 71.8 302.6 71.9 302.2 71.9 301.7 71.9 301.2
  72.0 300.7 72.0 300.1 72.0 299.5 71.9 298.8 71.9 298.1 71.8 297.4 71.8 296.7
  71.7 296.0 71.7 295.3 71.6 294.6 71.5 293.9 71.5 293.1 71.4 292.4 71.4 291.6
  71.2 290.8 71.1 290.0 71.0 289.2 70.8 288.4 70.7 287.6 70.5 286.8 70.3 286.0
  70.0 285.2 69.8 284.4 69.6 284.1 69.4 283.8 69.2 283.4 68.9 283.1 68.6 282.8
  68.4 282.5 68.1 282.2 67.8 281.9 67.5 282.1 67.3 282.3 67.0 282.4 66.7 282.5
  66.4 282.6 66.1 282.6 65.8 282.7 65.4 282.8 65.1 283.0 64.8 283.1 64.5 283.1
  64.1 283.2 63.8 283.2 63.4 283.2 63.1 283.2 62.7 283.1 62.4 283.0 62.1 282.9
  61.7 282.8 61.4 282.7 61.0 282.6 60.7 282.5 60.3 282.3 60.0 282.2 59.7 282.0
  59.4 281.9 59.1 281.8 58.9 281.7 58.7 281.6 58.5 281.5 58.3 281.4 58.1 281.2
  57.9 281.1 57.8 281.0 57.7 281.0 57.6 280.9 57.5 280.9 57.4 280.9 57.3 280.9
  57.2 281.0 57.1 281.0 57.1 281.1 57.0 281.2 56.9 281.4 56.9 281.5 56.8 281.7
  56.8 281.9 56.7 282.1 56.6 282.4 56.5 282.6 56.5 282.8 56.4 283.1 56.2 283.3
  56.1 283.5 56.0 283.8 55.8 284.0 55.7 284.3 55.6 284.5 55.4 284.8 55.3 284.9
  55.2 285.1 55.0 285.2 54.9 285.3 54.8 285.3 54.7 285.3 54.6 285.3 54.6 285.3
  54.5 285.2 54.5 285.1 54.4 285.0
   9  3 66  0.0
  72.5 321.4 72.8 320.3 73.0 319.1 73.3 318.1 73.6 317.0 73.9 316.0 74.1 315.1
  74.4 313.6 74.7 312.1 75.0 310.5 75.2 308.9 75.5 307.2 75.7 305.3 75.9 303.3
  76.1 301.3 76.3 298.5 76.5 295.6 76.6 292.7 76.7 289.7 76.7 286.7 76.7 283.6
  76.7 280.5 76.6 277.3 76.5 274.0 76.3 270.6 76.1 267.1 75.8 263.7 75.5 261.1
  75.3 258.6 75.0 256.1 74.8 253.7 74.5 251.3 74.1 249.0 73.8 246.8 73.6 245.6
  73.3 244.4 73.1 243.2 72.9 242.0 72.7 240.8 72.4 239.6 72.2 238.3 72.0 236.9
  71.8 235.6 71.6 235.0 71.4 234.3 71.2 233.7 71.0 232.9 70.8 232.2 70.6 231.4
  70.4 230.5 70.2 229.7 70.0 228.8 69.9 227.9 69.7 227.5 69.6 227.0 69.5 226.5
  69.4 226.0 69.3 225.4 69.2 224.7 69.2 224.0 69.1 223.2 69.0 222.4 68.9 221.6
  68.8 220.8 68.7 219.9 68.6 219.1 68.6 218.2 68.5 217.4 68.4 216.6 68.3 215.8
  68.3 215.0 68.2 214.2 68.2 213.4 68.2 212.7 68.2 212.0 68.1 211.3 68.1 210.7
  68.0 210.2 67.9 209.6 67.9 209.5 67.8 209.3 67.7 209.2 67.6 209.1 67.5 209.0
  67.4 208.9 67.3 208.8 67.2 208.7 67.1 208.6 66.9 208.5 66.8 208.4 66.6 208.3
  66.5 208.3 66.3 208.2 66.1 208.1 66.0 208.0 65.8 207.7 65.5 207.4 65.2 207.1
  64.9 206.9 64.5 206.6 64.2 206.4 63.8 206.3 63.5 205.8 63.2 205.4 62.9 204.9
  62.6 204.4 62.3 203.9 62.0 203.3 61.6 202.3 61.4 201.2 61.1 200.2 60.8 199.2
  60.5 198.3 60.2 197.4 59.9 196.7 59.6 195.5 59.3 194.4 59.0 193.3 58.6 192.3
  58.3 191.3 57.9 190.3 57.5 188.8 57.1 187.4 56.7 186.1 56.2 184.9 55.8 183.8
  55.3 182.3 54.9 180.8 54.4 179.5 53.9 178.1 53.3 176.4 52.7 174.7 52.2 173.0
  51.5 171.4 51.0 169.7 50.6 168.2 50.2 166.9 50.1 165.6 50.0 164.3 49.8 162.9
  50.1 161.5 50.3 160.1 50.4 158.7 50.8 157.2 51.2 155.6 51.6 154.1 52.0 152.6
  52.5 151.0 53.1 149.3 53.8 147.7 54.4 146.1 55.1 144.5 55.8 142.8 56.4 141.2
  57.1 139.6 57.6 137.9 58.1 136.3 58.7 134.7 59.3 133.1 59.8 131.4 60.3 129.6
  60.9 128.0 61.3 126.3 61.7 124.6 62.0 122.7 62.2 120.9 62.4 119.3 62.6 117.6
  62.8 115.8 62.8 114.0 62.9 112.3 63.0 110.5 63.0 108.7 63.0 107.0 62.9 105.3
  62.8 103.7 62.7 102.1 62.6 100.5 62.5  99.0 62.2  97.5 62.0  96.0 61.7  94.5
  61.4  92.8 61.1  91.2 60.8  89.5 60.6  87.8 60.4  86.1 60.2  84.5 60.0  82.9
  59.8  81.4 59.7  79.8 59.5  79.0 59.4  78.3 59.2  77.5 59.0  76.7 58.9  76.0
  58.8  75.2 58.7  74.4 58.6  73.6 58.5  72.7 58.5  71.9 58.5  71.1 58.5  70.2
  58.5  69.4 58.5  68.6 58.5  67.8 58.6  67.0 58.6  66.2 58.7  65.4 58.8  64.5
  58.9  63.7 59.0  62.9 59.0  62.0 59.1  61.2 59.2  60.4 59.3  59.5 59.4  58.7
  59.5  57.9 59.6  57.2 59.7  56.4 59.8  55.6 59.9  54.9 60.0  54.1 60.1  53.3
  60.2  52.5 60.3  51.7 60.4  50.9 60.4  50.1 60.5  49.4 60.6  48.7 60.6  48.0
  60.7  47.3 60.8  46.6 60.9  46.0 61.0  45.4 61.1  44.7 61.1  44.1 61.2  43.5
  61.3  42.9 61.3  42.4 61.4  41.8
   9  4 66  0.0
  72.5 321.4 72.1 321.1 71.8 320.8 71.5 320.5 71.2 320.2 70.9 319.9 70.6 319.5
  70.4 319.1 70.2 318.7 70.1 318.2 69.9 317.6 69.8 317.0 69.7 316.4 69.7 315.7
  69.7 314.9 69.8 314.2 69.9 313.5 70.0 312.8 70.1 312.1 70.3 311.2 70.6 310.3
  70.9 309.4 71.2 308.5 71.6 307.5 71.9 306.5 72.3 305.5 72.8 304.1 73.2 302.7
  73.6 301.3 74.0 299.9 74.3 298.4 74.7 296.3 75.0 294.1 75.3 291.7 75.5 289.1
  75.7 286.5 75.8 283.8 75.9 281.1 76.0 278.4 76.1 275.7 76.3 272.7 76.4 269.7
  76.4 266.5 76.4 263.3 76.3 260.0 76.2 256.6 76.0 253.2 75.8 249.7 75.6 247.2
  75.3 244.7 75.1 242.2 74.8 239.8 74.5 237.4 74.2 235.0 74.0 232.6 73.7 231.3
  73.5 230.0 73.3 228.6 73.1 227.1 72.9 225.6 72.8 224.1 72.6 222.6 72.4 221.0
  72.3 219.5 72.1 218.0 71.9 216.6 71.7 215.8 71.5 215.1 71.3 214.2 71.1 213.4
  70.9 212.5 70.7 211.5 70.4 210.5 70.1 209.5 69.8 208.5 69.6 208.0 69.3 207.4
  69.1 206.8 68.8 206.2 68.6 205.7 68.4 205.1 68.2 204.6 68.0 204.0 67.8 204.0
  67.6 204.0 67.5 204.0 67.3 204.0 67.1 204.1 67.0 204.1 66.8 204.2 66.6 204.3
  66.4 204.4 66.2 204.5 66.0 204.6 65.8 205.1 65.6 205.6 65.3 206.1 65.1 206.5
  64.8 206.9 64.5 207.3 64.1 207.6 63.8 207.9 63.4 208.3 63.1 208.7 62.8 209.0
  62.5 209.3 62.1 209.6 61.7 209.8 61.4 210.0 61.0 210.1 60.5 210.2 60.1 210.2
  59.7 210.1 59.2 209.9 58.8 209.6 58.3 209.3 57.9 209.0 57.4 208.4 57.0 207.8
  56.2 207.2 55.5 206.7 54.7 205.8 54.0 204.9 53.4 203.7 52.8 202.4 52.2 201.2
  51.8 199.9 51.2 198.5 50.6 197.2 50.0 195.8 49.2 194.4 48.4 192.9 47.6 191.3
  46.8 189.7 46.1 188.0 45.5 186.3 45.0 184.8 44.6 183.3 44.4 181.8 44.1 180.3
  43.9 178.7 43.7 177.5 43.5 176.3 43.2 175.1 43.0 173.9 42.7 172.6 42.4 171.3
  42.1 170.0 41.9 168.6 41.6 167.6 41.4 166.5 41.2 165.3 41.0 164.2 40.9 163.1
  40.8 162.0 40.6 160.9 40.5 160.0 40.6 159.0 40.7 158.2 40.8 157.4 40.9 156.7
  41.0 156.0 41.4 155.3 41.8 154.7 42.2 154.1 42.5 153.4 42.9 152.6 43.3 151.9
  43.7 151.1 44.1 150.4 44.5 149.5 44.9 148.5 45.3 147.6 45.6 146.6 45.9 145.6
  46.2 144.6 46.5 143.6 46.6 142.7 46.8 141.7 46.9 140.8 47.1 139.8 47.0 138.8
  47.0 137.8 47.0 136.9 47.0 136.0 47.0 135.1 46.9 134.4 46.9 133.7 46.8 133.0
  46.7 132.4 46.6 131.9 46.6 131.4 46.5 131.0 46.4 130.6 46.4 130.2 46.3 129.9
  46.2 129.6 46.2 129.3 46.1 129.0 46.0 128.7 46.0 128.4 45.9 128.2 45.9 128.0
  45.8 127.9 45.8 127.7 45.8 127.7 45.8 127.6 45.8 127.5 45.8 127.4 45.8 127.4
  45.8 127.3 45.8 127.3 45.8 127.2 45.8 127.2 45.7 127.2 45.7 127.1 45.7 127.1
  45.6 127.1 45.6 127.1 45.6 127.1 45.5 127.1 45.5 127.2 45.5 127.2 45.5 127.2
  45.5 127.3 45.5 127.3 45.5 127.4 45.4 127.5 45.4 127.5 45.4 127.6 45.5 127.7
  45.5 127.8 45.6 127.8 45.7 127.8 45.8 127.8 45.9 127.8 46.0 127.7 46.2 127.4
  46.4 127.0 46.6 126.6 46.8 126.2
   9  5 66  0.0
  72.5 321.4 72.3 321.4 72.1 321.4 71.9 321.4 71.6 321.5 71.4 321.5 71.1 321.6
  70.7 321.6 70.4 321.6 70.0 321.5 69.6 321.5 69.2 321.3 68.9 321.2 68.5 321.0
  68.2 320.8 67.9 320.6 67.6 320.5 67.4 320.4 67.2 320.2 67.1 320.1 66.9 319.9
  66.8 319.8 66.6 319.5 66.5 319.3 66.5 319.1 66.4 318.8 66.4 318.5 66.4 318.1
  66.4 317.7 66.4 317.3 66.4 316.9 66.5 316.4 66.5 315.8 66.6 315.2 66.7 314.6
  66.8 314.0 67.0 313.3 67.1 312.6 67.3 311.9 67.5 311.2 67.7 310.6 68.0 310.0
  68.2 309.4 68.5 308.7 68.8 308.0 69.2 307.4 69.6 306.8 69.9 306.2 70.3 305.7
  70.8 304.8 71.2 303.8 71.6 303.0 72.0 302.2 72.5 300.9 72.9 299.7 73.3 298.4
  73.6 297.1 74.0 295.8 74.3 294.4 74.5 292.1 74.8 289.6 74.9 287.0 75.0 284.5
  75.1 282.0 75.1 279.6 75.3 277.2 75.4 274.7 75.4 272.3 75.4 269.9 75.3 267.4
  75.2 265.0 75.1 262.5 74.9 259.9 74.7 257.4 74.4 254.9 74.1 252.5 73.9 250.2
  73.6 249.0 73.3 247.8 73.1 246.7 72.9 245.5 72.6 244.4 72.4 243.2 72.2 242.1
  72.0 240.9 71.8 240.6 71.6 240.2 71.4 239.8 71.2 239.4 71.0 238.9 70.8 238.4
  70.6 237.9 70.4 237.3 70.2 236.7 70.0 236.0 69.8 235.9 69.6 235.8 69.4 235.6
  69.2 235.5 69.1 235.2 68.9 235.0 68.8 234.7 68.7 234.3 68.5 233.9 68.4 233.5
  68.3 233.0 68.3 232.5 68.2 231.9 68.2 231.2 68.1 230.5 68.1 229.8 68.0 229.1
  68.0 228.3 67.9 227.7 67.9 227.1 67.8 226.5 67.7 225.9 67.7 225.3 67.6 224.6
  67.5 223.9 67.4 223.2 67.3 222.5 67.3 221.8 67.2 221.2 67.1 220.6 67.0 220.0
  66.9 219.5 66.9 219.0 66.8 218.6 66.8 218.2 66.7 217.8 66.7 217.4 66.7 217.1
  66.6 216.8 66.6 216.5 66.5 216.2 66.5 215.9 66.4 215.7 66.3 215.4 66.2 215.2
  66.0 215.0 65.9 214.8 65.8 214.4 65.6 214.0 65.5 213.5 65.3 213.0 65.1 212.6
  65.0 212.2 64.8 211.9 64.5 211.6 64.3 211.4 64.0 211.2 63.8 211.1 63.5 210.7
  63.3 210.4 63.1 210.1 62.9 209.8 62.7 209.4 62.5 209.2 62.3 209.0 62.1 208.8
  61.8 208.6 61.6 208.2 61.3 207.8 61.1 207.5 60.9 207.2 60.7 206.9 60.5 206.7
  60.3 206.6 60.1 206.5 59.8 206.5 59.6 206.0 59.3 205.5 59.0 205.0 58.7 204.6
  58.4 204.3 58.0 204.1 57.6 203.9 57.3 203.0 57.0 202.2 56.7 201.4 56.4 200.7
  56.0 199.9 55.7 198.5 55.4 197.1 55.0 195.7 54.6 194.4 54.2 193.1 53.6 191.9
  53.2 190.4 52.8 189.0 52.2 187.5 52.0 186.1 51.8 184.7 51.6 183.0 51.7 181.3
  51.8 179.8 52.1 178.4 52.4 177.4 52.7 176.4 53.0 175.6 53.4 174.8 53.7 174.1
  54.1 173.5 54.6 173.2 55.1 173.0 55.5 172.8 56.0 172.6 56.4 172.4 56.9 172.6
  57.3 172.8 57.6 173.1 58.0 173.3 58.3 173.7 58.6 174.2 58.9 174.8 59.1 175.5
  59.3 176.3 59.4 177.2 59.5 178.1 59.5 179.2 59.5 180.3 59.3 181.6 59.1 182.8
  58.8 184.0 58.4 185.2 57.9 186.3 57.4 187.5 56.8 188.5 56.1 189.4 55.3 190.1
  54.5 190.7 53.7 191.1 52.8 191.3 52.0 191.5 51.1 191.4 50.3 191.3 49.5 191.3
  48.7 191.0 47.9 190.7 47.1 190.2
   9  6 66  0.0
  72.5 321.4 72.3 321.6 72.1 321.7 71.9 321.8 71.7 322.3 71.4 322.7 71.2 323.1
  70.9 323.4 70.6 323.7 70.3 324.0 70.0 324.3 69.7 325.0 69.4 325.6 69.0 326.3
  68.7 326.9 68.4 327.5 68.1 328.0 67.9 328.5 67.7 329.0 67.6 329.5 67.5 329.9
  67.4 330.3 67.3 330.6 67.3 330.9 67.3 331.2 67.3 331.3 67.3 331.6 67.2 331.8
  67.2 332.1 67.2 332.4 67.3 332.8 67.3 333.2 67.2 333.6 67.2 334.1 67.1 334.6
  67.1 335.2 67.0 335.8 66.9 336.4 66.8 337.0 66.8 337.6 66.7 338.3 66.7 338.9
  66.6 339.5 66.5 340.1 66.5 340.7 66.4 341.3 66.3 341.8 66.2 342.3 66.1 342.8
  66.0 343.2 65.9 343.6 65.7 344.2 65.6 344.6 65.5 345.1 65.4 345.4 65.3 345.8
  65.2 346.0 65.0 346.2 64.8 346.3 64.6 346.4 64.4 346.4 64.2 346.4 64.0 346.3
  63.8 346.2 63.5 346.1 63.3 345.9 63.1 345.7 62.9 345.5 62.7 345.3 62.5 345.0
  62.3 344.7 62.2 344.3 62.0 344.0 61.8 343.5 61.6 343.2 61.4 342.9 61.2 342.6
  61.1 342.3 60.9 341.9 60.8 341.6 60.7 341.3 60.6 341.0 60.5 340.7 60.5 340.3
  60.4 339.9 60.3 339.5 60.3 339.1 60.3 338.7 60.2 338.2 60.2 337.8 60.3 337.4
  60.3 336.9 60.4 336.5 60.4 336.0 60.5 335.5 60.6 335.0 60.7 334.5 60.9 334.0
  61.0 333.4 61.2 332.9 61.3 332.4 61.5 332.0 61.7 331.5 61.9 331.1 62.0 330.7
  62.2 330.1 62.4 329.6 62.6 329.1 62.8 328.5 63.1 328.0 63.3 327.5 63.4 327.0
  63.5 326.6 63.7 326.1 63.9 325.7 64.0 325.3 64.2 324.9 64.5 324.6 64.7 324.2
  64.9 323.9 65.1 323.6 65.3 323.3 65.4 322.9 65.6 322.6 65.7 322.2 65.8 321.8
  65.9 321.3 66.0 320.9 66.0 320.4 66.1 320.0 66.1 319.6 66.1 319.2 66.1 318.8
  66.1 318.4 66.1 318.0 66.0 317.6 65.9 317.1 65.8 316.6 65.7 316.2 65.5 315.8
  65.1 315.4 64.7 315.0 64.2 314.7 63.6 314.5 63.0 314.4 62.4 314.4 61.8 314.4
  61.3 314.5 60.9 314.5 60.5 314.6 60.1 314.5 59.8 314.5 59.5 314.5 59.3 314.5
  59.1 314.5 59.0 314.5 58.9 314.4 58.9 314.4 58.8 314.3 58.8 314.1 58.7 314.0
  58.6 313.9 58.6 313.8 58.5 313.6 58.4 313.5 58.4 313.3 58.3 313.1 58.2 312.9
  58.1 312.8 58.0 312.6 57.9 312.4 57.9 312.3 57.8 312.2 57.7 312.2 57.5 312.1
  57.4 312.0 57.3 312.0 57.1 312.0 57.0 311.9 56.8 311.9 56.7 311.9 56.5 311.9
  56.3 311.9 56.1 311.9 55.9 312.0 55.8 312.1 55.6 312.3 55.5 312.4 55.3 312.5
  55.2 312.6 55.1 312.7 55.1 312.7 55.0 312.7 55.0 312.7 54.9 312.7 54.9 312.7
  54.8 312.7 54.8 312.7 54.7 312.7 54.6 312.7 54.6 312.7 54.5 312.7 54.4 312.7
  54.3 312.7 54.2 312.7 54.1 312.7 54.0 312.7 53.9 312.6 53.9 312.4 53.8 312.3
  53.8 312.1 53.8 311.9 53.7 311.7 53.6 311.6 53.5 311.4 53.4 311.2 53.4 311.0
  53.4 310.9 53.3 310.7 53.3 310.5 53.2 310.2 53.2 310.0 53.1 309.7 53.1 309.4
  53.0 309.2 53.0 308.8 52.9 308.5 52.8 308.2 52.8 307.8 52.5 307.4 52.3 307.1
  52.0 306.8 51.9 306.5 51.7 306.0 51.6 305.6 51.5 305.2 51.4 304.9 51.3 304.6
  51.3 304.3 51.3 304.1 51.3 303.9
   9  7 66  0.0
  72.5 321.4 72.5 321.6 72.4 321.7 72.3 321.9 72.2 322.0 72.1 322.1 71.9 322.2
  71.7 322.2 71.5 322.2 71.3 322.2 71.1 322.1 70.8 322.0 70.5 321.9 70.1 321.8
  69.8 321.7 69.5 321.6 69.2 321.5 68.9 321.5 68.6 321.5 68.4 321.7 68.1 321.9
  67.9 322.2 67.8 322.3 67.7 322.6 67.5 322.9 67.5 323.3 67.4 323.8 67.2 324.2
  67.1 324.7 67.0 325.3 66.8 325.8 66.7 326.4 66.5 327.0 66.3 327.7 66.1 328.4
  66.0 329.1 65.8 329.8 65.6 330.7 65.5 331.5 65.3 332.2 65.2 332.9 65.1 333.5
  65.0 334.1 65.0 334.6 65.0 335.0 65.1 335.4 65.1 335.7 65.3 335.9 65.4 336.0
  65.6 336.1 65.8 336.2 66.0 336.4 66.2 336.9 66.3 337.4 66.5 338.0 66.6 338.6
  66.6 339.2 66.7 339.9 66.7 340.6 66.8 341.4 66.8 342.1 66.8 343.0 66.8 343.8
  66.8 344.6 66.8 345.3 66.7 346.0 66.7 346.7 66.7 347.3 66.6 347.9 66.6 348.5
  66.5 349.0 66.4 349.4 66.3 349.8 66.2 350.1 66.1 350.3 66.0 350.5 65.9 350.7
  65.8 350.9 65.7 351.0 65.6 351.1 65.5 351.1 65.4 351.1 65.3 351.0 65.2 350.9
  65.1 350.7 65.0 350.5 64.9 350.2 64.8 350.0 64.7 349.7 64.6 349.4 64.5 349.1
  64.5 348.7 64.4 348.4 64.3 348.0 64.2 347.5 64.0 347.1 63.9 346.6 63.8 346.1
  63.7 345.7 63.6 345.3 63.5 344.9 63.4 344.5 63.3 344.2 63.2 343.8 63.1 343.5
  62.9 343.1 62.8 342.8 62.6 342.5 62.5 342.2 62.4 341.8 62.3 341.5 62.2 341.2
  62.1 340.9 62.1 340.5 62.0 340.2 62.0 339.8 62.0 339.4 62.0 339.1 62.0 338.7
  62.1 338.2 62.1 337.8 62.2 337.3 62.3 336.8 62.4 336.3 62.5 335.9 62.6 335.4
  62.8 335.0 62.9 334.5 63.1 334.1 63.3 333.7 63.5 333.3 63.7 332.8 63.9 332.4
  64.1 332.0 64.3 331.6 64.5 331.2 64.7 330.8 64.9 330.4 65.1 330.0 65.3 329.7
  65.5 329.4 65.7 329.0 65.9 328.7 66.1 328.5 66.4 328.2 66.6 328.0 66.8 327.8
  67.0 327.5 67.1 327.2 67.3 326.9 67.4 326.6 67.4 326.3 67.5 325.9 67.5 325.5
  67.5 325.2 67.5 324.8 67.4 324.3 67.4 323.9 67.3 323.5 67.3 323.1 67.2 322.6
  67.2 322.2 67.1 321.7 67.0 321.3 67.0 320.8 66.9 320.4 66.9 319.9 66.6 319.4
  66.2 318.9 65.8 318.5 65.5 318.2 65.2 317.9 64.9 317.7 64.6 317.4 64.3 317.1
  64.1 316.8 63.8 316.5 63.6 316.3 63.4 316.1 63.3 315.8 63.1 315.5 62.9 315.2
  62.7 314.8 62.6 314.5 62.4 314.2 62.3 313.9 62.2 313.5 62.0 313.2 61.9 312.9
  61.8 312.6 61.7 312.3 61.6 312.0 61.5 311.8 61.2 311.5 61.0 311.2 60.8 310.9
  60.6 310.6 60.5 310.4 60.3 310.1 60.2 309.9 60.0 309.7 59.9 309.5 59.8 309.4
  59.7 309.3 59.6 309.2 59.5 309.2 59.4 309.1 59.4 309.1 59.3 309.0 59.2 309.0
  59.1 309.0 59.0 308.9 59.0 308.9 58.9 308.8 58.8 308.8 58.8 308.8 58.7 308.7
  58.7 308.7 58.7 308.6 58.6 308.5 58.6 308.4 58.6 308.3 58.5 308.1 58.5 307.9
  58.4 307.7 58.4 307.4 58.4 307.1 58.3 306.8 58.2 306.5 58.2 306.2 58.1 306.0
  58.0 305.7 58.0 305.5 57.9 305.6 57.8 305.6 57.8 305.7 57.7 305.8 57.6 305.9
  57.5 306.0 57.5 306.1 57.4 306.2
   9  8 66  0.0
  72.5 321.4 72.2 321.1 71.9 320.9 71.5 320.0 71.2 319.2 70.8 318.5 70.4 317.8
  70.0 317.2 69.6 316.5 69.2 315.3 68.9 314.0 68.6 312.8 68.3 311.5 68.1 310.2
  67.9 309.1 67.7 307.5 67.7 306.2 67.7 305.0 67.7 304.0 67.7 303.1 67.7 302.4
  67.8 301.8 67.8 301.3 67.9 300.9 68.0 300.6 68.1 300.4 68.2 300.6 68.3 300.8
  68.4 301.0 68.5 301.1 68.7 301.2 68.9 301.3 69.0 301.3 69.2 301.3 69.4 301.3
  69.6 301.2 69.8 301.1 70.0 300.9 70.3 301.0 70.5 301.1 70.7 301.1 70.9 301.1
  71.0 301.2 71.2 301.2 71.3 301.1 71.4 301.1 71.5 301.0 71.6 300.9 71.6 300.8
  71.7 300.7 71.7 300.6 71.7 300.5 71.8 300.4 71.8 300.4 71.8 300.3 71.9 300.3
  71.9 300.3 72.0 300.4 72.0 300.4 72.0 300.5 72.1 300.5 72.1 300.5 72.2 300.5
  72.3 300.5 72.5 300.6 72.6 300.8 72.8 300.9 73.1 301.2 73.3 301.5 73.6 301.8
  73.9 302.2 74.2 302.7 74.6 303.1 74.9 303.5 75.3 304.1 75.6 304.7 75.8 305.4
  76.0 306.3 76.3 307.1 76.6 308.1 76.7 309.1 76.8 310.3 77.0 311.5 77.1 312.7
  77.1 313.9 77.1 315.1 77.1 316.0 77.0 316.9 76.9 317.6 76.8 318.2 76.7 318.7
  76.6 319.1 76.4 319.5 76.3 319.8 76.1 320.1 75.9 320.3 75.7 320.3 75.5 320.2
  75.2 320.2 74.9 320.1 74.6 320.0 74.4 319.9 74.1 319.8 73.8 319.6 73.5 319.2
  73.3 318.8 73.0 318.4 72.7 318.0 72.4 317.5 72.1 317.1 71.9 316.6 71.8 315.8
  71.8 314.9 71.8 314.1 71.9 313.2 72.1 312.3 72.2 311.3 72.5 310.2 72.8 308.9
  73.2 307.6 73.6 306.1 74.0 304.5 74.3 302.9 74.8 301.0 75.2 298.9 75.5 296.7
  75.9 294.4 76.1 291.9 76.4 289.2 76.7 286.5 76.9 283.6 77.1 280.6 77.2 277.6
  77.5 274.5 77.7 271.3 77.9 268.0 78.0 264.6 78.1 260.8 78.1 256.8 78.1 252.7
  77.9 248.5 77.7 244.8 77.5 241.0 77.3 237.3 77.1 233.9 76.9 230.5 76.7 227.3
  76.6 224.3 76.5 221.6 76.4 219.1 76.5 216.8 76.6 214.6 76.7 212.4 76.9 210.3
  77.0 208.3 77.2 206.2 77.5 204.4 77.9 202.8 78.4 201.4 79.0 200.3 79.7 199.3
  80.4 198.4 81.2 198.0 81.9 197.5 82.6 197.1 83.4 197.2 84.0 197.5 84.5 197.9
  85.1 198.6 85.6 199.5 85.9 200.7 86.2 202.3 86.6 203.4 87.0 204.9 87.2 206.7
  87.4 209.1 87.5 211.9 87.6 215.4 87.7 219.2 87.8 223.5 87.8 227.8 87.8 231.9
  87.7 236.0 87.7 240.0 87.6 243.9 87.6 247.5 87.5 251.0 87.4 254.3 87.3 257.4
  87.2 260.3 87.0 262.9 86.8 265.4 86.6 267.7 86.4 269.8 86.1 271.3 85.7 272.2
  85.5 270.3 85.2 268.7 85.0 267.3 84.7 266.2 84.3 265.3 84.0 264.6 83.7 263.7
  83.3 263.1 83.0 262.9 82.6 262.8 82.2 262.6 81.7 262.4 81.4 262.2 80.9 262.1
  80.5 261.8 80.0 261.6 79.5 261.3 79.0 260.9 78.6 260.6 78.1 260.3 77.5 259.9
  77.1 259.5 76.7 259.0 76.3 258.5 75.9 258.1 75.6 257.5 75.3 256.9 75.0 256.3
  74.7 255.7 74.5 255.2 74.2 254.7 74.0 254.1 73.8 253.7 73.7 253.0 73.6 252.3
  73.5 251.6 73.5 250.7 73.5 249.8 73.5 248.8 73.5 247.7 73.5 246.5 73.6 245.2
  73.6 243.7 73.7 242.1 73.7 240.3
   9  9 66  0.0
  72.5 321.4 72.3 320.6 72.1 319.8 71.8 319.0 71.6 318.1 71.3 317.3 71.1 316.4
  70.8 315.5 70.5 314.6 70.1 313.8 69.8 312.9 69.4 311.8 69.1 310.7 68.7 309.6
  68.3 308.6 68.0 307.7 67.7 306.7 67.5 305.9 67.2 305.1 67.0 304.3 66.7 303.6
  66.6 303.0 66.4 302.5 66.2 302.0 66.0 301.6 65.8 301.2 65.6 300.7 65.4 300.2
  65.1 299.7 64.9 299.1 64.6 298.5 64.3 298.0 64.0 297.4 63.7 296.8 63.4 295.7
  63.1 294.6 62.9 293.5 62.6 292.3 62.4 291.0 62.3 289.8 62.2 288.5 62.2 287.2
  62.2 285.9 62.2 284.6 62.2 283.2 62.3 281.7 62.3 280.2 62.3 278.7 62.3 277.1
  62.3 275.5 62.4 273.9 62.5 272.4 62.6 270.8 62.8 269.3 62.9 267.7 63.0 266.2
  63.1 264.6 63.1 262.9 63.0 261.2 62.9 259.5 62.7 257.7 62.5 256.0 62.3 254.3
  62.2 252.8 62.0 251.4 61.7 249.7 61.4 248.2 61.1 246.8 60.7 245.5 60.3 244.3
  59.8 243.2 59.5 241.7 59.2 240.3 58.9 238.9 58.6 237.6 58.3 236.4 58.0 235.3
  57.6 234.3 57.3 233.4 56.9 232.5 56.4 231.7 56.0 230.9 55.6 230.2 55.2 229.5
  54.8 228.8 54.4 228.1 53.8 227.4 53.4 226.6 52.8 225.9 52.3 225.1 51.6 224.3
  51.0 223.3 50.6 222.3 50.1 221.2 49.6 220.1 49.2 218.9 49.0 217.7 48.8 216.4
  48.6 215.2 48.8 214.0 48.9 212.8 49.0 211.7 49.4 210.6 49.8 209.4 50.2 208.4
  50.6 207.4 51.1 206.5 51.6 205.6 52.2 204.8 52.7 204.1 53.2 203.4 53.9 202.8
  54.6 202.2 55.2 201.7 55.8 201.3 56.3 200.8 56.9 200.5 57.4 200.2 57.8 199.9
  58.3 199.6 58.7 199.4 59.1 199.3 59.5 199.1 59.8 199.0 60.1 198.8 60.4 198.7
  60.6 198.5 60.8 198.3 61.0 198.1 61.2 198.0 61.3 197.8 61.4 197.6 61.5 197.5
  61.6 197.3 61.7 197.1 61.7 197.0 61.8 196.8 61.8 196.7 61.8 196.6 61.8 196.6
  61.8 196.5 61.8 196.5 61.8 196.5 61.8 196.5 61.7 196.6 61.7 196.7 61.7 196.8
  61.6 197.0 61.6 197.2 61.6 197.5 61.6 197.7 61.6 198.1 61.6 198.4 61.6 198.8
  61.7 199.2 61.7 199.7 61.7 200.2 61.7 200.7 61.7 201.2 61.7 201.6 61.6 202.1
  61.6 202.5 61.5 203.0 61.4 203.4 61.4 203.8 61.2 204.2 61.3 204.6 61.3 205.0
  61.3 205.4 61.4 205.9 61.4 206.3 61.4 206.9 61.3 207.4 61.3 207.9 61.3 208.5
  61.2 209.2 61.1 209.8 61.1 210.4 61.0 211.1 60.8 211.7 60.7 212.4 60.5 213.1
  60.3 213.7 60.1 214.3 59.9 214.8 59.7 215.2 59.5 215.6 59.4 215.9 59.2 216.2
  59.0 216.5 58.8 216.8 58.6 217.1 58.4 217.4 58.2 217.7 58.0 217.9 57.8 217.7
  57.5 217.5 57.3 217.3 57.0 217.1 56.7 216.9 56.4 216.7 56.1 216.5 55.7 216.2
  55.4 215.4 55.0 214.7 54.7 213.9 54.3 213.2 53.9 212.5 53.5 211.3 53.1 210.1
  52.6 209.0 52.2 207.9 51.8 206.9 51.4 205.4 51.1 203.9 50.8 202.4 50.6 200.9
  50.4 199.3 50.3 197.8 50.2 196.4 50.0 195.1 50.1 193.8 50.2 192.6 50.3 191.4
  50.7 190.3 51.1 189.3 51.4 188.4 51.8 187.5 52.4 186.7 53.0 186.0 53.6 185.2
  54.1 184.4 54.6 183.5 55.3 182.6 56.0 181.8 56.6 180.9 57.3 180.2 57.9 179.5
  58.6 178.8 59.3 178.1 60.0 177.5
   9 10 66  0.0
  72.5 321.4 72.3 321.2 72.0 321.0 71.8 320.7 71.6 320.4 71.3 320.1 71.1 319.6
  70.9 319.1 70.7 318.5 70.4 317.8 70.2 317.0 69.9 316.1 69.7 315.5 69.4 314.7
  69.1 314.0 68.8 313.3 68.5 312.7 68.2 312.2 67.8 311.7 67.5 311.5 67.2 311.4
  66.9 311.2 66.5 311.1 66.2 311.0 65.8 311.0 65.5 311.0 65.1 310.9 64.8 310.7
  64.4 310.5 64.0 310.3 63.6 310.0 63.3 309.7 62.9 309.5 62.5 309.2 62.1 308.9
  61.7 308.6 61.3 308.3 60.9 308.1 60.6 307.8 60.2 307.4 59.9 307.0 59.5 306.4
  59.2 305.6 58.9 304.8 58.6 303.9 58.4 302.9 58.1 301.7 57.8 300.4 57.6 299.0
  57.3 297.5 57.1 295.8 57.1 294.0 57.1 292.2 57.2 290.2 57.4 288.2 57.7 286.1
  58.0 283.9 58.3 281.5 58.6 279.0 58.9 276.6 59.1 274.3 59.5 272.1 59.8 270.0
  60.2 268.1 60.7 266.2 61.0 264.4 61.3 262.6 61.5 260.9 61.7 259.3 61.7 257.8
  61.8 256.3 61.9 254.9 61.8 253.5 61.7 252.2 61.6 250.9 61.4 249.7 61.2 248.4
  61.0 247.2 60.8 246.0 60.5 244.9 60.2 243.9 59.9 242.9 59.5 241.9 59.2 241.0
  58.7 240.2 58.3 239.4 57.9 238.7 57.5 237.9 57.1 237.1 56.7 236.3 56.2 235.6
  55.8 234.8 55.5 234.2 55.1 233.6 54.6 233.0 54.1 232.4 53.6 231.9 53.1 231.5
  52.6 231.1 52.0 230.7 51.4 230.2 50.9 229.6 50.2 229.0 49.6 228.4 48.9 227.5
  48.4 226.6 47.8 225.7 47.2 224.6 46.7 223.3 46.3 221.9 46.0 220.6 45.6 219.1
  45.6 217.6 45.6 216.2 45.5 214.9 45.7 213.6 45.8 212.5 45.9 211.4 46.2 210.4
  46.5 209.5 46.8 208.6 47.2 207.8 47.6 207.0 48.1 206.2 48.6 205.3 49.1 204.5
  49.6 203.7 50.2 202.9 50.8 202.1 51.5 201.3 52.2 200.5 52.9 199.7 53.6 198.9
  54.3 198.1 55.0 197.3 55.7 196.4 56.3 195.6 56.9 194.8 57.5 194.0 58.0 193.3
  58.5 192.6 59.0 191.8 59.4 191.0 59.8 190.2 60.1 189.4 60.4 188.5 60.7 187.7
  60.9 186.8 61.1 185.8 61.3 184.9 61.4 183.9 61.6 182.9 61.8 181.8 61.9 180.8
  62.1 179.6 62.3 178.8 62.5 177.9 62.6 177.1 62.8 176.1 63.0 175.1 63.0 174.1
  63.1 173.1 63.2 172.0 63.2 170.9 63.1 169.8 63.1 168.7 63.2 167.7 63.1 166.7
  63.1 165.7 63.1 164.8 63.1 164.0 63.0 163.3 62.8 162.6 62.5 162.1 62.3 161.6
  62.0 161.2 61.6 160.4 61.3 159.6 60.9 158.8 60.5 158.0 60.1 157.2 59.7 156.4
  59.3 155.2 58.7 154.1 58.2 153.1 57.6 152.1 57.0 150.8 56.4 149.5 55.9 148.2
  55.4 146.7 55.1 145.1 54.9 143.6 54.7 142.0 54.5 140.5 54.3 139.2 54.2 137.9
  54.1 136.6 54.1 135.5 54.2 134.3 54.3 133.3 54.5 132.2 54.7 131.2 55.1 130.2
  55.5 129.1 55.9 128.0 56.4 126.9 57.0 126.0 57.7 125.1 58.4 124.3 59.1 123.7
  59.9 123.1 60.7 122.5 61.4 121.9 62.2 121.2 62.8 120.6 63.5 119.9 64.2 119.1
  64.9 118.7 65.5 118.2 66.2 117.7 66.8 117.7 67.3 117.6 67.8 117.5 68.2 117.2
  68.6 117.4 69.0 117.5 69.3 117.6 69.5 117.6 69.7 117.5 69.9 117.3 70.1 117.0
  70.2 117.4 70.3 117.8 70.5 118.3 70.6 118.7 70.7 119.1 70.7 119.6 70.8 120.1
  70.8 120.5 70.8 121.0 70.7 121.4
   9 11 66  0.0
  72.5 321.4 72.4 321.5 72.4 321.5 72.3 321.5 72.3 321.4 72.2 321.2 72.2 321.0
  72.1 320.7 72.1 320.3 72.1 319.9 71.9 319.5 71.7 319.1 71.5 318.7 71.2 318.2
  71.0 317.8 70.8 317.5 70.5 317.2 70.2 317.1 69.9 316.9 69.7 317.1 69.4 317.4
  69.1 317.6 68.9 317.9 68.6 318.3 68.3 318.7 68.0 319.1 67.8 319.4 67.5 320.1
  67.3 320.7 67.1 321.2 66.8 321.6 66.6 321.9 66.4 322.2 66.2 322.4 66.1 322.4
  65.9 322.4 65.7 322.6 65.6 322.8 65.5 322.9 65.3 323.0 65.1 323.0 64.9 323.0
  64.7 323.0 64.4 322.9 64.1 322.8 63.8 322.6 63.5 322.6 63.2 322.5 62.9 322.3
  62.6 322.2 62.3 322.0 62.0 321.8 61.8 321.6 61.6 321.5 61.4 321.4 61.2 321.4
  61.0 321.4 60.9 321.4 60.8 321.5 60.6 321.6 60.5 321.7 60.5 321.9 60.4 322.0
  60.3 322.1 60.2 322.1 60.0 322.1 59.9 322.0 59.8 322.0 59.7 321.9 59.5 321.9
  59.3 321.8 59.2 321.7 59.0 321.6 58.8 321.5 58.6 321.3 58.4 321.2 58.3 321.0
  58.1 320.8 57.9 320.6 57.7 320.1 57.5 319.7 57.4 319.2 57.3 318.7 57.2 318.2
  57.1 317.7 57.0 317.2 56.9 316.6 56.7 316.0 56.6 315.3 56.4 314.5 56.2 313.7
  56.0 312.8 55.7 311.5 55.5 310.2 55.3 308.9 55.0 307.6 54.8 306.3 54.6 305.0
  54.3 303.9 54.1 302.8 53.8 301.7 53.6 300.6 53.2 299.5 53.1 298.5 52.9 297.6
  52.7 296.7 52.4 295.9 52.4 295.2 52.4 294.5 52.4 293.9 52.3 293.4 52.3 293.0
  52.2 292.8 52.1 292.6 51.9 292.5 51.8 292.2 51.6 291.9 51.4 291.8 51.1 291.7
  50.9 291.6 50.6 291.6 50.2 291.6 49.8 291.6 49.4 290.9 48.9 290.2 48.4 289.5
  47.8 288.9 47.1 287.8 46.5 286.7 45.9 285.6 45.2 284.1 44.6 282.5 44.3 281.0
  43.9 279.4 43.8 277.7 43.6 276.0 43.8 274.3 44.0 272.7 44.2 271.2 44.9 269.7
  45.5 268.2 46.1 266.7 47.0 265.4 47.9 264.1 48.8 262.7 49.8 261.7 50.8 260.5
  51.7 259.8 52.6 258.9 53.5 258.4 54.3 257.9 55.0 257.6 55.6 257.2 56.2 256.8
  56.8 256.4 57.3 256.1 57.7 255.6 58.2 255.1 58.6 254.6 59.0 254.1 59.3 253.5
  59.6 253.0 59.8 252.3 60.0 251.7 60.3 251.3 60.5 250.9 60.8 250.4 60.9 250.0
  61.1 249.6 61.2 249.2 61.3 248.7 61.4 248.3 61.5 247.9 61.6 247.5 61.7 247.1
  61.7 246.7 61.8 246.3 61.8 245.9 61.9 245.6 61.9 245.3 61.9 245.0 61.9 244.7
  61.9 244.4 61.9 244.1 61.9 243.8 61.9 243.6 61.9 243.3 61.9 243.1 61.9 242.9
  61.9 242.7 62.0 242.5 62.0 242.3 62.0 242.2 62.0 242.2 62.1 242.3 62.1 242.4
  62.1 242.5 62.1 242.6 62.1 242.8 62.2 242.9 62.2 243.1 62.2 243.2 62.2 243.4
  62.2 243.6 62.2 243.8 62.3 244.0 62.3 244.2 62.2 244.4 62.2 244.6 62.2 244.8
  62.1 244.9 62.1 245.1 62.0 245.2 62.0 245.4 61.9 245.2 61.8 245.0 61.8 244.8
  61.7 244.6 61.7 244.3 61.6 244.1 61.6 243.9 61.6 243.7 61.5 243.5 61.5 243.2
  61.4 243.0 61.4 242.8 61.3 242.6 61.3 242.4 61.2 242.2 61.1 242.0 61.1 241.7
  61.0 241.5 61.0 241.3 61.0 241.0 61.0 240.7 61.0 240.4 61.0 240.1 61.1 239.7
  61.0 239.4 60.9 239.0 60.8 238.6
   9 12 66  0.0
  72.5 321.4 72.4 321.6 72.4 321.9 72.3 322.1 72.3 322.3 72.2 322.6 72.2 322.8
  72.2 323.0 72.2 323.3 72.2 323.5 72.2 323.7 72.2 324.0 72.3 324.3 72.5 324.6
  72.6 324.8 72.8 325.0 72.9 325.2 73.0 325.4 73.2 325.5 73.3 325.5 73.4 325.6
  73.5 325.5 73.6 325.5 73.7 325.4 73.8 325.3 73.9 325.1 74.0 324.9 74.1 324.7
  74.3 324.6 74.4 324.4 74.6 324.3 74.8 324.0 75.0 323.8 75.1 323.5 75.2 323.1
  75.3 322.7 75.4 322.3 75.5 321.9 75.6 321.5 75.7 321.1 75.8 320.8 75.9 320.6
  76.0 320.4 76.2 320.5 76.3 320.7 76.4 320.9 76.5 321.0 76.6 321.2 76.8 321.4
  76.9 321.5 77.0 321.7 77.1 322.0 77.2 322.3 77.3 322.7 77.4 323.2 77.5 323.7
  77.6 324.3 77.7 324.9 77.8 325.6 77.9 326.3 77.9 327.1 78.0 328.0 78.0 328.8
  78.1 329.9 78.2 330.9 78.2 331.8 78.3 332.6 78.4 333.3 78.5 334.0 78.6 334.6
  78.7 335.1 78.8 335.6 79.0 336.0 79.1 336.3 79.2 336.7 79.3 337.1 79.4 337.6
  79.6 338.0 79.7 338.5 79.8 339.0 79.9 339.5 80.0 340.0 80.2 340.7 80.4 341.4
  80.6 342.0 80.8 342.6 81.1 343.2 81.3 343.8 81.6 344.6 81.9 345.3 82.3 346.1
  82.8 347.4 83.3 349.1 83.7 351.2 84.1 353.6 84.6 357.0 85.0   1.0 85.4   1.4
  85.8   1.8 86.1   2.2 86.6   2.4 87.1   2.6 87.4   2.8 87.8   3.0 88.1   3.2
  88.5   3.4 88.8   3.6 89.1   3.8 89.4   4.0 89.7   4.2 89.8   4.4 90.0   4.6
  89.9 184.8 89.9 258.2 89.5 238.7 89.4 222.5 89.3 212.4 89.2 207.7 89.2 205.7
  89.1 205.2 89.0 205.5 89.0 206.4 88.9 205.7 88.8 203.9 88.6 201.6 88.4 199.1
  88.2 196.5 87.9 194.1 87.6 191.7 87.2 189.6 86.8 187.6 86.2 185.9 85.5 184.4
  85.0 185.9 84.4 187.3 83.9 188.4 83.5 190.9 83.1 193.2 82.7 195.3 82.3 197.2
  82.0 199.0 81.7 201.1 81.4 203.0 81.1 204.7 80.8 206.3 80.5 207.7 80.2 209.1
  79.9 210.5 79.6 212.1 79.2 213.7 78.9 215.4 78.6 217.0 78.2 218.7 77.9 220.3
  77.6 222.3 77.3 224.3 77.1 226.4 76.9 228.6 76.8 230.7 76.7 232.6 76.6 234.3
  76.6 235.8 76.5 237.3 76.5 238.5 76.5 239.7 76.5 240.8 76.6 241.7 76.7 242.6
  76.9 243.3 77.0 243.9 77.1 244.5 77.3 244.9 77.4 245.4 77.6 245.8 77.8 246.1
  77.9 246.4 78.1 246.6 78.3 246.4 78.4 246.1 78.6 245.8 78.7 245.5 78.8 245.1
  78.9 244.8 79.0 244.4 79.1 244.0 79.2 243.6 79.3 243.3 79.4 242.9 79.5 242.5
  79.5 242.1 79.6 241.8 79.7 241.4 79.8 241.0 79.8 240.6 79.9 240.3 80.0 239.9
  80.0 239.5 80.0 239.2 80.1 238.5 80.1 237.9 80.1 237.3 80.1 236.7 80.2 236.1
  80.2 235.5 80.1 235.0 80.1 234.5 80.0 233.9 79.9 233.5 79.9 233.1 79.8 232.6
  79.8 232.0 79.7 231.4 79.6 230.8 79.4 230.1 79.3 229.4 79.2 228.7 79.0 228.0
  78.9 227.3 78.7 226.5 78.5 225.6 78.4 224.6 78.3 223.6 78.2 222.5 78.1 221.4
  78.1 220.2 78.0 218.9 78.0 217.6 78.1 216.2 78.1 214.7 78.2 213.2 78.3 211.6
  78.5 210.0 78.8 208.4 79.1 206.8 79.5 205.1 80.0 203.2 80.7 199.6 81.3 195.3
  81.9 190.3 82.4 184.2 82.8 175.8
   9 13 66  0.0
  72.5 321.4 72.3 321.8 72.0 322.1 71.8 322.4 71.6 322.7 71.3 322.9 71.1 323.0
  70.9 323.2 70.6 323.3 70.4 323.4 70.1 323.5 69.9 323.6 69.7 323.5 69.5 323.4
  69.2 323.3 69.0 323.2 68.8 323.1 68.6 323.1 68.4 323.0 68.2 323.0 68.0 323.0
  67.8 322.8 67.5 322.7 67.3 322.5 67.1 322.4 66.9 322.3 66.7 322.2 66.5 322.0
  66.3 321.9 66.1 321.8 65.9 321.7 65.7 321.5 65.6 321.3 65.5 321.1 65.4 320.9
  65.3 320.8 65.2 320.6 65.1 320.3 65.0 320.2 64.9 320.1 64.8 320.1 64.6 320.1
  64.4 320.1 64.2 320.2 64.0 320.4 63.8 320.4 63.5 320.5 63.3 320.6 63.0 320.8
  62.8 321.0 62.6 321.3 62.4 321.6 62.3 321.9 62.2 322.2 62.1 322.6 62.0 323.1
  62.0 323.5 62.0 324.0 61.9 324.5 62.0 325.0 62.1 325.5 62.2 326.1 62.3 326.7
  62.3 327.3 62.3 327.9 62.3 328.6 62.1 329.3 61.9 330.0 61.5 330.3 61.2 330.6
  60.7 330.8 60.2 330.9 59.6 331.1 59.0 330.5 58.5 330.0 57.9 329.6 57.4 328.7
  57.0 327.8 56.8 326.9 56.5 326.2 56.3 325.5 56.1 324.9 55.8 324.3 55.6 323.4
  55.3 322.5 55.0 321.8 54.8 321.1 54.5 320.3 54.3 319.6 54.2 318.9 54.1 318.1
  53.9 317.4 53.8 316.2 53.7 315.1 53.7 313.9 53.6 312.7 53.5 311.4 53.6 310.1
  53.6 308.6 53.7 307.1 54.0 305.5 54.2 303.8 54.6 302.2 54.9 300.5 55.1 298.8
  55.4 297.0 55.6 295.1 56.0 293.2 56.4 291.5 57.1 289.8 57.6 287.9 58.2 285.8
  58.8 284.0 59.4 281.9 59.9 279.8 60.4 277.7 60.9 276.0 61.4 274.3 61.8 272.5
  62.3 270.8 62.6 269.5 63.0 268.2 63.4 266.8 63.6 265.5 63.9 264.2 64.2 262.9
  64.4 262.1 64.6 261.3 64.9 260.5 65.1 259.7 65.3 258.9 65.4 258.1 65.6 257.3
  65.8 256.5 66.0 255.7 66.1 255.5 66.2 255.3 66.4 255.2 66.5 255.0 66.7 254.8
  66.8 254.6 67.0 254.3 67.1 254.1 67.3 253.8 67.5 253.6 67.7 253.3 67.9 253.1
  68.0 252.9 68.2 253.4 68.4 254.0 68.6 254.6 68.7 255.2 68.9 255.9 69.0 256.5
  69.2 257.2 69.3 257.9 69.4 258.6 69.5 259.3 69.6 259.9 69.7 260.3 69.9 260.6
  70.1 260.7 70.3 261.3 70.6 261.7 70.9 262.0 71.2 262.2 71.5 262.2 71.9 262.0
  72.4 261.7 72.9 261.9 73.4 262.1 73.9 262.3 74.5 262.4 75.0 263.2 75.6 263.9
  76.1 264.6 76.9 265.8 77.6 267.1 78.3 268.4 79.1 270.6 79.8 273.1 80.5 275.9
  81.3 279.5 82.0 283.3 82.9 287.0 83.6 291.2 84.2 295.6 85.0 299.2 85.7 303.4
  86.3 308.4 87.2 311.0 87.9 315.1 88.4 321.6 89.1 336.4 89.5  18.1 89.7  18.8
  90.0  19.5 89.8 200.1 89.4 144.2 88.8 138.8 88.2 137.4 87.4 136.9 86.7 136.7
  85.9 136.6 85.2 134.4 84.4 132.6 83.6 131.4 82.9 129.4 82.1 127.8 81.2 126.5
  80.5 125.3 79.8 124.2 79.1 123.6 78.5 123.1 77.8 122.6 77.2 122.7 76.7 122.6
  76.1 122.6 75.5 122.5 74.9 122.2 74.4 121.9 73.8 121.5 73.3 120.7 72.7 119.8
  72.1 118.9 71.4 117.9 70.7 116.5 70.0 115.1 69.2 113.8 68.4 112.2 67.6 110.7
  66.8 109.0 66.0 107.5 65.4 105.8 64.8 104.2 64.1 102.6 63.5 101.0 62.9  99.3
  62.4  97.7 61.7  96.2 61.0  94.7
   9 14 66  0.0
  72.5 321.4 72.4 321.3 72.3 321.2 72.1 321.1 71.9 321.0 71.7 320.8 71.5 320.7
  71.2 320.6 70.9 320.4 70.6 320.3 70.2 320.2 69.8 320.1 69.4 320.2 68.9 320.3
  68.5 320.5 68.0 320.7 67.6 320.8 67.2 321.1 66.7 321.3 66.3 321.5 65.8 321.7
  65.3 321.7 64.8 321.7 64.3 321.6 63.6 321.5 63.0 321.4 62.3 321.3 61.5 321.2
  60.8 320.9 60.0 320.5 59.2 320.2 58.5 319.6 57.9 319.0 57.4 317.9 56.8 316.8
  56.2 315.8 55.8 314.7 55.4 313.5 54.9 312.4 54.5 311.4 54.1 310.4 53.8 309.4
  53.3 308.9 52.9 308.4 52.3 308.0 52.0 307.6 51.6 307.3 51.1 307.0 50.6 306.7
  50.0 306.4 49.4 306.0 48.8 305.5 48.1 304.9 47.5 304.4 46.8 303.6 46.5 302.8
  46.1 302.0 45.8 301.3 45.5 300.4 45.2 299.6 45.2 298.8 45.1 297.9 45.0 297.1
  44.9 296.3 44.9 295.4 45.0 294.6 45.2 293.8 45.3 293.0 45.4 292.2 45.4 291.4
  45.6 290.6 45.7 289.9 45.7 289.1 45.7 288.3 45.7 287.5 45.8 286.7 45.9 285.9
  46.0 285.2 46.1 284.4 46.1 283.3 46.3 282.3 46.4 281.3 46.5 280.3 46.6 279.4
  46.8 278.6 47.0 277.8 47.1 277.1 47.3 276.4 47.4 275.8 47.5 275.2 47.7 274.7
  47.8 274.1 47.9 273.6 48.0 273.2 48.1 272.4 48.2 271.6 48.3 270.8 48.5 270.1
  48.6 269.4 48.7 268.7 48.9 268.1 49.0 267.5 49.1 266.9 49.1 266.4 49.2 265.9
  49.2 265.3 49.2 264.8 49.2 264.2 49.2 263.7 49.2 263.1 49.1 262.5 49.1 261.9
  49.1 261.3 49.0 260.7 49.0 260.0 48.9 259.3 48.9 258.6 48.9 257.9 48.8 257.2
  48.8 256.4 48.7 255.6 48.6 254.7 48.5 253.9 48.4 253.1 48.3 252.3 48.2 251.6
  47.9 250.8 47.7 250.3 47.4 249.7 47.2 249.2 46.9 248.6 46.6 248.0 46.3 247.4
  45.9 246.8 45.4 246.3 45.0 245.9 44.6 245.4 44.2 244.9 43.8 244.4 43.5 244.0
  43.1 243.7 42.7 243.3 42.2 242.9 41.7 242.5 41.3 242.2 40.8 242.0 40.3 241.8
  39.8 241.6 39.4 241.4 38.9 241.2 38.5 240.9 38.1 240.7 37.8 240.5 37.4 240.1
  37.1 239.8 36.7 239.5 36.3 239.1 35.9 238.8 35.5 238.4 35.1 238.1 34.7 237.7
  34.4 237.3 34.0 237.0 33.7 236.6 33.4 236.3 33.1 235.9 32.8 235.6 32.5 235.3
  32.2 235.0 31.8 234.7 31.5 234.6 31.2 234.4 30.9 234.2 30.6 234.1 30.4 233.9
  30.1 233.8 29.9 233.6 29.6 233.5 29.4 233.4 29.2 233.2 29.0 233.1 28.9 232.9
  28.7 232.8 28.5 232.6 28.4 232.5 28.2 232.4 28.1 232.3 27.9 232.1 27.8 232.1
  27.7 232.0 27.5 232.0 27.6 231.9 27.7 231.9 27.8 231.9 27.9 231.9 27.9 231.9
  28.0 231.8 28.0 231.8 28.0 231.7 28.0 231.7 28.0 231.6 28.0 231.5 28.0 231.5
  27.9 231.4 27.8 231.4 27.7 231.4 27.7 231.3 27.6 231.3 27.6 231.3 27.7 231.3
  27.7 231.2 27.8 231.2 28.0 231.2 28.1 231.2 28.3 231.2 28.5 231.3 28.8 231.3
  29.1 231.3 29.3 231.4 29.6 231.4 29.8 231.5 30.0 231.6 30.2 231.7 30.4 231.9
  30.6 232.0 30.7 232.2 30.8 232.4 30.9 232.6 31.0 232.7 31.1 232.9 31.2 233.1
  31.3 233.3 31.4 233.5 31.5 233.6 31.6 233.8 31.7 234.0 31.8 234.2 31.9 234.4
  32.0 234.6 32.1 234.8 32.2 235.0
   9 15 66  0.0
  72.5 321.4 72.2 320.2 72.0 319.1 71.7 318.0 71.5 317.1 71.2 316.3 71.0 315.6
  70.7 315.0 70.5 314.5 70.2 314.1 69.9 313.8 69.7 313.2 69.5 312.6 69.3 312.1
  69.0 311.6 68.8 311.2 68.5 310.8 68.2 310.4 68.0 310.1 67.7 309.2 67.5 308.2
  67.3 307.3 67.0 306.5 66.7 305.7 66.4 304.8 66.1 304.0 65.8 303.2 65.4 301.9
  65.1 300.6 64.7 299.4 64.2 298.3 63.7 297.3 63.2 295.5 62.7 293.8 62.3 292.1
  61.9 290.4 61.4 288.1 61.0 285.8 60.2 283.8 59.4 281.9 58.6 279.6 57.9 277.5
  57.2 275.0 56.8 272.5 56.4 270.1 56.1 267.8 56.0 265.5 55.8 263.5 55.7 261.6
  55.5 259.6 55.5 257.7 55.5 256.0 55.8 254.3 56.0 252.7 56.2 251.3 56.5 249.6
  56.9 248.0 57.3 246.4 57.8 245.0 58.2 243.6 58.7 242.1 59.2 240.7 59.8 239.3
  60.3 238.0 60.9 236.7 61.5 235.4 62.0 234.1 62.5 232.8 63.1 231.7 63.5 230.5
  63.9 229.3 64.4 228.1 64.9 227.3 65.4 226.5 65.8 225.6 66.3 224.7 66.8 224.1
  67.3 223.4 67.8 222.7 68.3 222.0 68.8 221.6 69.3 221.1 69.8 220.6 70.2 220.2
  70.7 219.8 71.0 219.4 71.3 219.0 71.6 218.7 71.9 218.3 72.2 218.0 72.4 217.8
  72.7 217.6 72.9 217.5 73.1 217.5 73.3 217.5 73.5 217.7 73.7 218.0 73.9 218.4
  74.0 218.9 74.2 219.3 74.3 219.7 74.4 220.1 74.3 220.5 74.2 221.0 74.1 221.4
  73.9 221.8 73.8 222.1 73.6 222.3 73.5 222.5 73.3 222.6 73.1 222.7 72.9 222.8
  72.7 222.9 72.5 222.9 72.3 223.0 72.1 223.0 71.9 223.1 71.7 222.4 71.5 221.8
  71.3 221.1 71.0 220.3 70.8 219.5 70.7 218.7 70.6 217.6 70.5 216.5 70.4 215.2
  70.5 213.8 70.6 212.1 70.7 210.3 71.0 208.2 71.3 205.9 71.8 203.3 72.4 200.3
  73.1 198.1 73.9 195.8 74.7 193.4 75.5 191.7 76.2 189.7 76.9 188.7 77.4 187.5
  77.8 186.0 78.1 184.3 78.4 183.8 78.5 183.3 78.6 182.8 78.6 182.4 78.7 181.7
  78.7 180.9 78.8 179.8 78.9 178.5 79.0 177.0 79.2 175.2 79.4 173.2 79.7 170.8
  80.0 168.0 80.5 167.3 81.1 166.4 81.6 165.2 82.1 163.8 82.6 166.5 82.9 169.7
  83.0 173.3 83.0 177.0 82.8 180.8 82.5 184.3 82.1 187.6 81.6 190.6 81.1 191.2
  80.5 191.7 79.9 192.1 79.3 191.5 78.8 191.1 78.3 190.8 77.8 190.7 77.4 190.0
  77.0 189.4 76.6 188.9 76.3 188.7 75.9 188.5 75.6 187.6 75.4 186.9 75.2 186.2
  75.1 185.5 74.9 184.8 74.8 184.2 74.6 183.6 74.6 183.1 74.5 182.6 74.5 182.2
  74.4 181.8 74.3 181.5 74.3 181.3 74.2 181.2 74.2 181.1 74.2 181.1 74.1 181.1
  74.1 181.0 74.1 181.0 74.0 180.9 74.0 180.9 74.0 180.9 74.0 180.8 74.0 180.2
  74.0 179.7 74.0 179.1 74.0 178.6 74.0 178.5 74.0 178.0 73.9 177.5 73.9 177.0
  73.8 176.5 73.8 176.0 73.7 175.5 73.6 175.0 73.4 174.5 73.3 174.1 73.2 173.6
  73.1 173.2 73.0 172.8 72.8 172.4 72.7 172.0 72.6 171.6 72.6 171.2 72.5 170.9
  72.4 170.5 72.4 170.2 72.3 169.9 72.3 169.5 72.3 169.2 72.3 168.9 72.2 168.7
  72.2 168.4 72.2 168.2 72.1 168.1 72.1 167.9 72.0 167.9 71.9 167.8 71.9 167.4
  71.8 167.1 71.7 166.7 71.6 166.5
   9 16 66  0.0
  72.5 321.4 72.9 319.6 73.3 318.0 73.7 316.5 74.0 315.1 74.5 314.0 74.9 313.0
  75.3 311.9 75.7 311.0 76.1 309.9 76.5 308.9 76.8 307.9 77.1 306.7 77.4 305.5
  77.6 304.1 77.8 302.6 78.0 301.1 78.1 299.6 78.3 299.1 78.4 298.7 78.5 298.2
  78.6 297.7 78.7 297.1 78.7 296.6 78.7 296.1 78.7 295.6 78.7 295.0 78.7 294.4
  78.7 293.8 78.7 293.1 78.7 292.3 78.7 291.5 78.7 290.6 78.7 289.7 78.7 288.6
  78.7 287.5 78.7 286.3 78.7 285.0 78.7 283.7 78.7 282.3 78.7 280.9 78.7 279.4
  78.7 277.9 78.8 276.3 78.8 274.6 78.9 272.9 78.9 271.0 78.9 269.1 79.0 267.1
  78.9 265.0 78.9 262.9 78.9 260.7 78.9 258.4 78.8 256.1 78.8 253.7 78.7 251.3
  78.6 248.9 78.5 246.5 78.3 244.2 78.2 241.8 78.0 239.5 77.8 236.9 77.7 234.4
  77.5 232.1 77.3 229.9 77.0 228.0 76.8 226.2 76.6 224.6 76.3 223.3 76.0 222.3
  75.7 221.4 75.4 220.2 75.0 219.1 74.6 218.1 74.2 217.3 73.7 216.5 73.3 215.5
  72.8 214.7 72.2 213.9 71.7 213.2 71.1 212.7 70.6 212.2 70.1 211.9 69.5 211.5
  68.9 211.4 68.3 211.4 67.7 211.3 67.2 211.1 66.7 210.9 66.1 210.7 65.6 210.5
  65.1 210.4 64.6 210.3 64.0 210.2 63.4 210.2 62.8 210.2 62.2 210.3 61.4 210.3
  60.7 210.3 59.9 210.2 59.2 210.1 58.4 210.0 57.5 209.9 56.7 209.8 55.9 209.8
  55.1 209.5 54.3 209.3 53.4 209.1 52.6 208.6 51.8 208.2 51.0 207.4 49.8 206.7
  48.7 205.7 47.7 204.6 46.8 203.4 45.8 202.0 44.9 200.6 44.1 199.1 43.2 197.5
  42.5 196.1 41.8 194.7 41.0 193.5 40.2 192.1 39.6 190.7 39.0 189.5 38.5 188.3
  38.0 187.0 37.8 185.7 37.6 184.8 37.4 183.9 37.5 183.1 37.5 182.4 37.5 181.7
  37.5 181.1 37.5 180.6 37.4 180.0 37.3 179.4 37.5 178.9 37.6 178.3 37.7 177.6
  37.8 177.0 37.8 176.3 37.9 175.5 38.4 174.7 38.8 173.3 39.3 171.8 39.9 170.3
  40.5 169.0 41.1 167.3 41.6 165.7 42.1 164.3 42.6 162.5 42.9 160.9 43.3 159.4
  43.5 158.1 43.8 156.8 44.1 155.5 44.3 154.3 44.6 153.0 44.8 151.7 44.9 150.4
  45.0 149.1 45.0 147.7 45.0 146.4 44.9 145.1 44.8 143.8 44.6 142.5 44.3 141.2
  44.1 140.0 43.8 138.8 43.5 137.6 43.1 136.5 42.8 135.4 42.4 134.3 42.0 133.2
  41.7 132.2 41.3 131.2 41.0 130.1 40.6 129.1 40.3 128.1 39.8 127.2 39.4 126.3
  38.9 125.5 38.4 124.7 37.9 124.0 37.5 123.4 37.1 122.9 36.7 122.4 36.4 121.8
  36.0 121.3 35.6 120.8 35.2 120.3 34.8 119.8 34.7 119.3 34.7 118.8 34.6 118.3
  34.5 117.8 34.4 117.3 34.4 116.8 34.3 116.3 34.2 115.9 34.4 115.4 34.6 114.9
  34.8 114.5 35.0 114.1 35.2 113.6 35.3 113.2 35.5 112.8 35.7 112.4 35.9 112.0
  36.1 111.6 36.4 111.1 36.6 110.5 36.9 110.0 37.1 109.4 37.4 108.9 37.7 108.4
  37.9 107.9 38.1 107.4 38.3 106.7 38.5 106.0 38.6 105.4 38.8 104.8 39.0 104.2
  39.1 103.6 39.2 103.1 39.3 102.6 39.5 102.1 39.6 101.6 39.7 101.1 39.8 100.7
  40.0 100.2 40.1  99.8 40.3  99.3 40.6  98.8 40.8  98.3 41.0  97.9 41.3  97.4
  41.5  96.9 41.8  96.4 42.1  96.0
   9 17 66  0.0
  72.5 321.4 72.3 320.2 72.0 319.1 71.7 318.1 71.5 316.9 71.2 315.8 70.9 314.9
  70.5 314.2 70.1 313.6 69.6 313.1 69.1 312.2 68.5 311.4 67.9 310.8 67.3 309.6
  66.7 308.6 66.0 307.8 65.5 306.4 65.0 305.2 64.4 304.3 63.7 303.6 63.3 302.4
  62.8 301.3 62.2 300.5 61.6 299.8 61.1 298.8 60.6 297.8 60.1 297.0 59.4 296.2
  58.8 295.2 58.4 294.4 57.8 293.6 57.3 292.7 56.7 292.0 56.5 291.2 56.2 290.5
  55.8 289.9 55.5 289.1 55.1 288.3 54.6 287.6 54.5 286.9 54.3 286.2 54.1 285.5
  53.8 284.9 53.5 284.1 53.1 283.3 53.1 282.5 53.0 281.7 52.8 281.0 52.6 280.3
  52.3 279.6 52.5 278.9 52.7 278.1 52.8 277.3 52.8 276.4 52.8 275.6 53.4 274.7
  53.9 273.7 54.4 272.7 54.9 272.3 55.4 271.9 56.4 271.5 57.4 271.6 58.3 271.6
  59.2 271.7 60.1 271.7 61.1 271.7 62.0 271.7 62.9 271.6 63.8 271.8 64.7 272.0
  65.5 272.7 66.2 273.5 67.0 274.7 67.6 276.0 68.0 277.4 68.5 278.6 68.9 279.8
  69.3 281.0 69.5 282.1 69.7 283.2 69.9 284.1 70.0 285.0 70.1 285.9 70.2 286.8
  70.3 287.6 70.4 288.4 70.4 289.2 70.5 289.9 70.5 290.6 70.5 291.2 70.6 291.9
  70.6 292.5 70.6 293.2 70.6 293.9 70.6 294.6 70.6 295.3 70.7 296.0 70.6 296.8
  70.6 297.6 70.6 298.4 70.6 299.3 70.5 300.2 70.3 301.1 70.1 302.0 69.9 302.9
  69.7 303.2 69.5 303.6 69.3 304.0 68.9 304.4 68.5 304.9 68.1 305.3 67.7 305.8
  67.3 306.0 66.9 306.1 66.5 306.3 66.2 306.5 65.8 306.7 65.4 306.6 65.1 306.5
  64.7 306.4 64.4 306.3 64.0 306.2 63.7 306.1 63.3 305.7 63.0 305.4 62.6 305.0
  62.2 304.7 61.8 304.4 61.4 303.8 61.2 303.1 61.0 302.5 60.8 302.0 60.6 301.4
  60.3 300.9 60.0 300.3 59.7 299.3 59.9 298.3 60.1 297.1 60.2 296.4 60.4 295.7
  60.9 294.9 61.4 294.0 61.9 293.2 62.4 292.4 62.9 292.1 63.3 292.0 64.0 291.7
  64.6 291.4 65.1 291.7 65.6 292.0 66.0 292.3 66.2 293.0 66.2 293.7 66.3 294.5
  66.3 295.3 66.3 296.0 66.0 296.8 65.6 297.1 65.2 297.3 64.9 297.5 64.6 297.6
  64.3 297.7 64.1 297.7 63.8 297.7 63.7 296.9 63.5 296.2 63.4 295.3 63.4 294.4
  63.5 293.5 63.5 292.5 63.5 291.5 63.7 290.5 63.8 289.5 63.9 288.5 64.1 287.5
  64.4 286.9 64.7 286.3 65.0 285.6 65.3 284.9 65.5 284.1 65.8 283.3 66.1 282.4
  66.5 281.9 66.8 281.4 67.1 280.8 67.5 280.2 67.8 279.6 68.3 278.9 68.8 278.6
  69.3 278.3 69.8 278.0 70.3 277.6 70.8 277.7 71.3 277.9 71.9 278.0 72.4 278.0
  72.9 279.1 73.5 280.1 73.9 281.1 74.3 282.1 74.8 283.5 75.3 284.9 75.7 286.3
  76.1 287.7 76.6 289.6 77.0 291.6 77.3 293.6 77.6 295.6 77.9 297.7 78.2 299.7
  78.4 302.1 78.6 304.6 78.7 307.1 78.8 309.5 78.9 311.9 78.9 314.3 79.0 316.7
  78.9 319.0 78.9 321.2 78.8 323.2 78.6 325.0 78.5 326.6 78.3 328.0 78.1 329.1
  77.8 330.1 77.6 330.4 77.3 330.7 77.0 330.9 76.7 331.0 76.3 331.0 75.9 331.0
  75.6 330.8 75.3 330.6 74.9 330.5 74.6 330.4 74.3 330.3 74.0 330.2 73.7 330.1
  73.5 330.1 73.3 330.2 73.1 330.2
   9 18 66  0.0
  72.5 321.4 71.8 320.7 71.1 320.1 70.3 319.4 69.7 318.7 69.0 317.9 68.2 317.1
  67.4 316.3 66.5 315.4 65.6 314.6 64.7 313.7 63.6 313.0 62.5 312.2 61.2 311.6
  60.1 310.6 59.0 309.7 57.8 308.4 56.7 307.0 55.8 305.7 54.8 304.5 53.8 303.3
  53.3 302.1 52.6 300.9 52.0 299.9 51.6 298.9 51.3 297.5 50.8 296.3 50.3 295.1
  50.1 294.0 49.9 293.0 49.7 291.4 49.7 290.0 49.7 288.5 49.7 287.0 49.9 285.6
  50.2 284.1 50.4 282.9 50.9 281.6 51.4 280.2 51.8 278.8 52.6 277.4 53.3 276.0
  54.0 274.6 54.8 273.1 55.7 271.6 56.6 270.1 57.6 268.7 58.6 267.1 59.7 265.9
  60.7 264.5 61.6 263.2 62.5 261.7 63.3 260.3 64.1 258.7 64.9 257.3 65.6 255.7
  66.4 254.0 67.2 252.4 67.9 250.6 68.5 248.7 69.2 246.8 69.8 244.8 70.4 242.7
  70.9 240.8 71.3 238.8 71.7 236.8 72.1 234.8 72.4 233.1 72.8 231.3 73.0 229.5
  73.3 227.6 73.4 225.7 73.6 223.8 73.7 221.8 73.7 219.9 73.7 218.2 73.7 216.6
  73.8 215.0 73.7 213.6 73.7 212.2 73.7 210.8 73.6 209.6 73.6 208.4 73.6 207.4
  73.6 206.4 73.5 205.6 73.5 204.8 73.5 204.1 73.4 203.4 73.4 202.7 73.3 202.1
  73.3 201.6 73.2 201.0 73.2 200.5 73.2 200.0 73.2 199.4 73.2 198.9 73.2 198.4
  73.2 197.9 73.2 197.5 73.2 197.2 73.2 196.9 73.2 196.7 73.2 196.6 73.2 196.6
  73.1 196.6 73.1 196.7 73.1 196.8 73.1 197.0 73.0 197.3 73.0 197.6 72.9 197.9
  72.8 198.2 72.7 198.5 72.6 198.9 72.5 199.3 72.4 199.7 72.2 200.1 71.9 200.5
  71.6 200.3 71.2 200.0 70.8 199.8 70.5 199.6 70.2 199.4 69.9 199.3 69.5 198.9
  69.2 198.6 68.8 198.4 68.3 198.2 67.9 198.1 67.5 198.0 67.1 197.9 66.7 197.9
  66.3 197.9 65.9 197.9 65.6 198.1 65.2 198.3 64.9 198.6 64.6 199.0 64.3 199.4
  64.1 199.8 63.8 200.3 63.4 201.1 62.9 201.9 62.5 202.6 62.0 203.4 61.5 203.9
  61.0 204.5 60.3 204.9 59.6 205.3 58.8 205.6 58.1 205.8 57.2 206.1 56.4 206.3
  55.5 206.4 54.6 206.4 53.6 206.4 52.4 206.1 51.2 205.8 50.0 205.1 48.9 204.4
  47.9 203.2 46.7 201.8 45.6 200.3 44.8 198.7 43.8 197.1 43.0 195.6 42.1 194.0
  41.2 192.4 40.4 190.9 39.7 189.4 39.1 188.1 38.5 186.7 38.2 185.3 38.0 183.8
  38.1 182.8 38.1 181.4 38.2 180.0 38.5 178.6 38.8 177.3 39.0 176.0 39.2 174.8
  39.7 173.7 40.2 172.5 40.7 170.7 41.3 169.0 41.9 167.3 42.5 165.7 43.2 163.8
  43.7 162.0 44.2 160.3 44.8 158.5 45.1 156.8 45.5 155.1 45.6 153.5 45.6 152.0
  45.7 150.6 45.5 149.3 45.4 148.0 45.2 146.8 45.1 145.6 44.9 144.4 44.7 143.2
  44.4 142.1 44.2 140.9 43.9 139.9 43.5 138.9 43.1 138.0 42.6 137.0 42.2 136.1
  41.7 135.2 41.3 134.3 40.9 133.5 40.5 132.7 40.2 131.8 40.0 130.9 39.8 130.3
  39.6 129.8 39.4 129.2 39.2 128.6 39.0 127.9 38.7 127.2 38.3 126.5 38.0 125.8
  37.6 125.4 37.2 125.0 36.7 124.6 36.2 124.1 35.7 123.6 35.3 123.3 35.0 123.0
  34.6 122.7 34.3 122.3 33.9 121.9 33.6 121.6 33.2 121.2 32.9 120.8 32.6 120.4
  32.3 119.9 32.2 119.4 32.0 119.0
   9 19 66  0.0
  72.5 321.4 72.5 321.6 72.6 321.7 72.6 321.7 72.6 321.7 72.5 321.7 72.5 321.6
  72.4 321.4 72.4 321.2 72.3 320.9 72.1 320.6 72.0 320.2 71.9 319.8 71.8 318.9
  71.6 318.0 71.4 317.1 71.2 316.3 70.9 315.6 70.8 314.9 70.7 314.4 70.5 313.9
  70.2 313.5 70.0 313.2 69.7 312.9 69.4 312.7 69.0 312.5 68.6 312.2 68.2 312.0
  68.0 311.6 67.7 311.1 67.4 310.5 67.0 310.0 66.5 309.5 65.9 309.1 65.2 308.6
  64.4 308.2 63.4 307.8 62.8 307.4 62.2 307.0 61.5 306.5 60.8 305.7 60.1 304.9
  59.3 304.1 58.5 303.2 58.1 302.4 57.6 301.6 57.1 300.8 56.5 300.1 56.0 299.5
  55.8 299.0 55.5 298.4 55.2 297.9 54.9 297.4 54.5 296.9 54.0 296.5 53.5 296.1
  52.9 295.5 52.7 294.9 52.4 294.4 52.2 293.9 51.9 293.4 51.6 292.6 51.2 291.8
  51.1 291.1 51.0 290.3 50.9 289.5 50.8 288.7 50.6 287.9 50.8 287.1 51.0 286.2
  51.1 285.3 51.3 284.4 51.4 283.5 51.9 282.6 52.3 281.5 52.7 280.5 53.1 279.5
  53.8 278.4 54.5 277.4 55.1 276.5 55.7 275.6 56.4 274.6 57.1 273.7 57.7 272.7
  58.3 271.7 58.9 270.6 59.5 269.4 60.2 268.3 60.8 267.1 61.5 265.8 62.1 264.5
  62.7 263.1 63.3 261.6 63.8 260.0 64.2 258.2 64.6 256.2 65.0 254.1 65.4 251.9
  65.7 249.5 66.0 247.2 66.2 244.8 66.3 242.5 66.3 240.1 66.3 237.8 66.2 235.5
  66.0 233.3 65.9 231.1 65.7 228.9 65.5 226.7 65.4 224.6 65.3 222.7 65.1 221.1
  64.9 219.6 64.6 218.4 64.3 217.2 64.0 216.2 63.6 215.3 63.3 214.5 63.0 213.7
  62.7 212.9 62.3 212.1 62.0 211.4 61.7 210.8 61.4 210.2 61.0 209.8 60.6 209.4
  60.2 209.0 59.7 208.7 59.3 208.4 58.8 208.0 58.5 207.6 58.2 207.3 57.9 206.9
  57.6 206.4 57.4 205.9 57.1 205.4 56.8 205.0 56.5 204.7 56.2 204.4 55.9 204.1
  55.6 203.6 55.6 203.2 55.5 202.7 55.5 202.3 55.4 201.9 55.4 201.4 55.3 201.1
  55.2 200.8 55.1 200.6 55.0 200.4 54.8 200.4 54.6 200.3 54.4 200.4 54.2 200.5
  53.9 200.6 53.7 200.4 53.4 200.2 53.0 200.0 53.2 199.9 53.3 199.8 53.4 199.7
  53.4 199.6 53.3 199.6 53.3 199.6 53.1 199.6 52.9 199.7 52.6 199.7 52.3 199.8
  51.9 200.0 51.5 199.6 51.0 199.3 50.4 199.0 49.8 198.8 49.1 197.7 48.2 196.8
  47.3 195.9 47.0 194.2 46.7 192.6 46.2 191.2 46.5 189.9 46.8 188.7 47.1 187.6
  47.9 186.4 48.7 185.3 49.3 184.6 49.9 183.9 50.7 183.1 51.4 182.7 52.1 182.3
  52.8 182.3 53.4 182.2 54.0 182.2 54.5 182.2 55.0 182.8 55.4 183.4 55.8 184.0
  55.8 184.7 55.7 185.4 55.6 186.0 55.4 186.7 55.1 187.3 54.8 187.9 54.5 188.5
  53.8 189.0 53.1 188.7 52.3 188.5 51.5 188.1 50.8 187.1 50.2 186.1 49.5 185.2
  48.9 183.8 48.5 182.4 48.0 181.1 47.5 179.8 47.3 178.3 47.0 177.0 46.7 175.7
  46.6 174.6 46.6 173.4 46.4 172.2 46.3 170.9 46.5 169.5 46.7 168.0 46.9 166.4
  47.3 164.7 47.6 162.8 48.1 161.0 48.6 159.2 49.2 157.3 49.7 155.5 50.2 153.7
  50.7 151.8 50.9 149.9 51.2 148.1 51.5 146.3 51.7 144.6 52.0 142.9 52.2 141.4
  52.5 140.1 52.8 138.9 53.0 137.8
   9 20 66  0.0
  72.5 321.4 73.1 322.2 73.7 323.0 74.3 323.9 74.9 324.7 75.5 325.6 75.9 326.6
  76.4 327.7 76.8 328.3 77.2 329.0 77.6 329.7 78.0 330.4 78.3 331.2 78.7 331.5
  79.1 331.9 79.4 332.2 79.8 332.6 80.1 332.9 80.5 332.7 80.9 332.5 81.3 332.1
  81.7 331.7 82.0 331.1 82.5 329.2 82.9 326.9 83.3 324.2 83.7 321.3 84.1 318.2
  84.5 314.1 84.8 309.7 85.2 305.2 85.5 300.4 85.7 295.4 85.9 290.2 86.1 284.7
  86.5 279.9 86.6 274.9 86.7 269.9 86.7 264.4 86.8 258.7 86.7 253.1 86.6 247.6
  86.4 242.7 86.1 238.2 85.7 234.4 85.5 230.7 85.1 227.8 84.7 225.6 84.3 223.7
  83.7 222.3 83.3 220.6 82.8 219.1 82.3 217.7 81.7 216.5 81.2 215.0 80.6 213.7
  80.1 212.5 79.5 211.4 79.0 210.2 78.5 209.2 78.0 208.4 77.5 207.5 77.1 206.7
  76.7 205.9 76.2 205.2 75.8 204.5 75.3 203.8 74.9 203.2 74.5 202.6 74.0 202.0
  73.5 201.5 73.1 201.0 72.6 200.5 72.2 200.0 71.8 199.5 71.5 199.2 71.2 198.9
  70.9 198.6 70.6 198.3 70.4 198.0 70.2 197.7 70.0 197.5 69.8 197.4 69.7 197.4
  69.5 197.4 69.4 197.5 69.3 197.5 69.2 197.6 69.0 197.8 68.9 198.0 68.8 198.2
  68.6 198.4 68.5 198.8 68.3 199.1 68.2 199.5 68.1 200.0 67.9 200.5 67.8 201.4
  67.6 202.3 67.5 203.2 67.3 203.9 67.1 204.6 66.8 205.2 66.5 205.8 66.2 206.2
  65.8 206.6 65.5 207.3 65.1 207.9 64.8 208.6 64.4 209.2 63.9 209.7 63.6 210.8
  63.1 211.8 62.7 212.6 62.2 213.4 61.7 214.0 61.1 214.9 60.6 215.7 60.0 216.3
  59.3 216.8 58.7 217.4 58.0 217.9 57.3 218.4 56.6 219.2 55.9 220.0 55.1 221.0
  54.3 221.9 53.3 222.7 52.3 223.5 51.2 224.2 50.3 224.6 49.4 224.9 48.5 224.9
  47.7 224.9 46.9 224.4 46.3 223.9 45.4 223.4 44.5 222.8 43.8 222.1 43.2 221.1
  42.7 220.2 42.3 219.2 41.5 218.2 40.7 217.1 40.0 216.0 39.3 214.9 38.5 213.7
  37.8 212.5 37.1 211.3 36.6 210.1 36.2 208.9 35.7 207.7 35.6 206.6 35.5 205.6
  35.3 204.6 35.2 203.6 35.2 202.6 35.3 201.7 35.3 200.8 35.3 200.0 35.4 199.2
  35.6 198.5 35.7 197.8 35.8 197.1 35.9 196.4 35.9 195.8 36.1 195.2 36.2 194.3
  36.3 193.5 36.4 192.6 36.5 191.7 36.6 190.7 36.8 189.7 36.9 188.6 37.1 187.5
  37.4 186.4 37.7 185.2 38.1 184.1 38.5 182.8 39.0 181.5 39.5 180.3 40.1 179.2
  40.7 177.7 41.2 176.2 41.7 174.7 42.1 173.2 42.5 171.7 42.8 170.2 43.1 168.6
  43.4 167.1 43.7 165.4 44.1 163.8 44.4 162.3 44.7 160.7 45.0 159.1 45.0 157.5
  45.1 156.0 44.9 154.4 44.7 152.9 44.5 151.4 44.3 150.0 44.1 148.6 43.9 147.2
  43.7 145.7 43.4 144.4 43.2 143.1 42.9 141.9 42.6 140.7 42.3 139.5 42.0 138.3
  41.7 137.2 41.4 136.1 41.2 135.0 40.9 133.9 40.7 132.8 40.5 131.7 40.3 130.6
  40.1 129.5 39.8 128.5 39.7 127.5 39.6 126.6 39.5 125.7 39.5 124.8 39.4 123.9
  39.5 123.1 39.5 122.3 39.6 121.6 39.6 120.9 39.7 120.3 39.8 119.7 39.9 119.1
  40.1 118.5 40.3 117.8 40.5 117.1 40.8 116.5 41.0 115.8 41.2 115.2 41.4 114.6
  41.7 114.1 41.9 113.5 42.2 113.0
   9 21 66  0.0
  72.5 321.4 72.8 320.8 73.0 320.3 73.3 319.8 73.5 319.3 73.8 318.9 74.0 318.5
  74.2 318.2 74.4 317.2 74.7 316.1 74.9 315.0 75.1 313.8 75.3 312.6 75.5 311.4
  75.6 310.1 75.8 308.8 75.9 307.4 76.0 306.0 76.1 304.5 76.2 302.5 76.2 300.4
  76.3 298.3 76.3 296.2 76.3 294.0 76.2 291.9 76.0 289.7 75.9 287.7 75.7 285.7
  75.5 283.8 75.3 281.8 75.1 279.8 74.8 277.8 74.5 275.9 74.1 274.0 73.8 272.2
  73.5 270.2 73.1 268.2 72.7 266.2 72.3 264.4 71.8 262.7 71.4 261.2 71.0 259.8
  70.5 258.4 70.0 257.2 69.5 255.9 69.1 254.9 68.7 253.8 68.2 252.8 67.8 251.7
  67.3 250.7 66.9 249.8 66.4 248.9 65.9 248.0 65.4 247.3 64.9 246.6 64.3 246.0
  63.7 245.5 63.0 245.0 62.4 244.5 61.7 244.1 61.0 243.6 60.2 243.2 59.5 242.7
  58.8 242.1 58.0 241.5 57.3 240.9 56.5 240.3 55.8 239.7 55.0 239.3 54.1 238.8
  53.2 238.4 52.3 237.9 51.4 237.5 50.5 237.0 49.5 236.5 48.6 236.0 47.6 235.4
  46.6 234.7 45.5 234.0 44.5 233.0 43.6 231.9 42.8 230.6 42.0 229.1 41.3 227.5
  40.7 225.8 40.0 223.9 39.5 222.0 39.0 220.4 38.6 218.7 38.6 217.0 38.5 215.2
  38.7 213.5 38.8 211.9 38.9 210.3 39.1 208.8 39.3 207.4 39.5 206.1 39.8 204.8
  40.2 203.5 40.6 202.1 41.0 200.7 41.4 199.3 41.8 197.9 42.2 196.5 42.6 195.1
  43.0 193.7 43.4 192.3 43.8 190.9 44.3 189.6 44.7 188.3 45.2 187.1 45.6 185.9
  46.0 184.8 46.5 183.8 46.7 182.8 46.9 181.8 47.2 180.8 47.5 179.9 47.5 179.0
  47.6 178.1 47.7 177.3 47.8 176.6 48.0 175.8 47.9 175.0 47.9 174.3 47.9 173.5
  47.9 172.8 48.0 172.0 47.9 171.3 47.7 170.5 47.6 169.8 47.6 169.1 47.5 168.4
  47.4 167.8 47.0 167.1 46.7 166.5 46.3 165.8 46.0 165.1 45.8 164.4 45.5 163.6
  45.0 162.8 44.6 162.0 44.1 161.2 43.7 160.3 43.4 159.5 42.6 158.6 41.8 157.8
  41.2 156.9 40.7 156.0 40.2 155.1 39.6 154.1 39.1 153.0 38.6 151.8 38.2 150.6
  37.8 149.3 37.4 148.0 37.1 146.7 36.7 145.3 36.3 143.9 35.9 142.5 35.5 141.3
  35.1 140.2 34.7 139.0 34.4 137.9 34.1 136.7 33.9 135.4 33.7 134.6 33.6 133.8
  33.4 133.1 33.3 132.3 33.1 131.6 32.9 130.8 32.7 130.0 32.4 129.2 32.2 128.4
  32.0 127.6 31.8 126.8 31.6 126.0 31.5 125.3 31.3 124.6 31.2 123.9 31.1 123.2
  31.1 122.5 31.1 121.9 31.1 121.3 31.0 120.8 31.0 120.3 31.0 119.9 31.0 119.5
  31.0 119.1 30.9 118.8 30.9 118.4 30.9 118.2 30.9 117.9 30.9 117.6 30.9 117.4
  30.9 117.2 30.9 116.9 31.0 116.7 31.0 116.5 31.1 116.3 31.1 116.1 31.2 115.9
  31.3 115.7 31.4 115.5 31.5 115.4 31.6 115.2 31.7 115.0 31.8 114.7 31.9 114.5
  32.0 114.3 32.1 114.0 32.2 113.6 32.3 113.3 32.4 112.9 32.5 112.6 32.6 112.3
  32.7 112.0 32.7 111.7 32.7 111.4 32.7 111.1 32.7 110.9 32.7 110.6 32.7 110.4
  32.7 110.1 32.7 109.9 32.8 109.7 32.8 109.4 32.8 109.2 32.8 109.0 32.8 108.8
  32.8 108.6 32.8 108.4 32.7 108.2 32.7 108.0 32.6 107.8 32.5 107.6 32.4 107.5
  32.2 107.3 32.0 107.1 31.8 106.9
   9 22 66  0.0
  72.5 321.4 72.5 319.7 72.4 318.0 72.4 316.3 72.3 314.4 72.1 312.6 72.0 310.7
  71.7 309.3 71.5 307.9 71.2 306.5 70.9 305.1 70.6 303.7 70.2 302.3 69.7 300.9
  69.3 299.8 68.9 298.7 68.4 297.4 68.0 296.1 67.6 294.8 67.2 293.5 66.7 292.2
  66.3 290.8 65.8 289.4 65.3 287.9 64.7 286.4 64.0 284.8 63.4 283.4 62.7 281.9
  62.0 280.5 61.4 279.1 60.8 277.5 60.2 275.8 59.7 274.1 59.1 272.3 58.6 270.4
  58.2 268.4 57.7 266.5 57.3 264.7 56.9 262.9 56.5 261.1 56.1 259.3 55.6 257.4
  55.2 255.8 54.8 254.1 54.5 252.4 54.2 250.7 54.0 248.9 53.7 247.5 53.6 246.1
  53.5 244.6 53.4 243.2 53.2 241.7 53.1 240.1 53.1 238.6 53.0 237.1 53.0 235.6
  52.7 234.1 52.5 232.6 52.4 231.1 51.9 229.5 51.5 227.9 50.8 226.1 50.2 224.2
  49.7 222.3 49.0 220.4 48.4 218.4 47.5 216.2 46.8 214.3 45.8 212.1 45.0 210.3
  44.0 208.3 43.1 206.7 42.3 204.9 41.6 202.7 41.0 201.0 40.5 199.2 39.8 197.2
  39.2 195.7 38.5 194.0 37.9 192.0 37.5 190.3 37.0 188.3 36.6 186.1 36.4 183.7
  36.5 181.2 36.6 178.6 37.2 176.1 37.8 173.7 38.5 171.5 39.1 169.0 39.8 166.6
  40.2 164.3 40.7 161.9 40.9 159.6 41.2 157.6 41.5 155.8 41.8 154.2 42.1 152.8
  42.4 151.3 42.6 149.9 42.8 148.6 43.0 147.3 43.2 146.1 43.4 144.9 43.6 143.8
  43.8 142.8 43.9 141.7 44.2 140.8 44.4 140.1 44.7 139.4 44.8 138.7 44.8 138.0
  44.9 137.4 45.0 136.8 45.1 136.2 45.1 135.6 45.3 135.0 45.5 134.5 45.7 134.0
  45.9 133.6 46.2 133.1 46.5 132.9 46.8 132.7 47.0 132.5 47.3 132.3 47.6 132.1
  47.8 131.8 48.1 131.6 48.4 131.5 48.7 131.4 49.0 131.3 49.3 131.3 49.6 131.3
  49.8 131.2 50.1 131.2 50.3 131.3 50.6 131.3 50.8 131.4 51.0 131.5 51.2 131.7
  51.5 131.9 51.7 132.0 51.8 132.2 51.9 132.5 52.0 132.7 52.1 133.2 52.3 133.6
  52.4 134.0 52.5 134.4 52.6 134.8 52.7 135.2 52.8 135.5 52.9 135.9 53.0 136.2
  53.2 136.5 53.4 136.9 53.6 137.2 53.8 137.5 54.0 137.9 54.2 138.4 54.4 139.0
  54.5 139.6 54.7 140.3 54.7 140.9 54.7 141.6 54.7 142.2 54.7 142.9 54.6 143.6
  54.5 144.2 54.2 144.9 53.8 145.4 53.5 145.8 53.2 146.2 52.8 146.6 52.4 147.0
  52.1 147.3 51.7 147.7 51.2 147.7 50.8 147.7 50.2 147.7 49.6 147.7 48.9 147.4
  48.2 147.1 47.5 146.7 46.8 146.0 46.1 145.3 45.3 144.7 44.6 143.7 43.9 142.7
  43.2 141.5 42.5 140.2 41.8 138.9 41.1 137.3 40.4 135.5 40.1 133.7 39.8 131.9
  39.7 129.9 39.6 128.0 39.6 126.2 39.6 124.6 39.6 123.0 39.9 121.6 40.2 120.2
  40.6 119.2 41.1 118.3 41.8 117.4 42.4 116.7 43.2 116.2 44.0 115.8 44.7 115.3
  45.5 115.0 46.4 114.6 47.2 114.4 48.1 114.1 49.1 114.0 50.1 114.0 51.1 114.3
  52.2 114.6 53.1 115.1 54.0 115.5 54.9 115.8 55.7 116.2 56.3 116.5 56.9 116.8
  57.5 117.1 58.0 117.5 58.6 117.9 59.1 118.5 59.7 119.1 60.2 119.8 60.7 120.4
  61.0 121.0 61.2 121.7 61.5 122.3 61.7 122.9 61.9 123.5 62.1 124.1 62.1 124.8
  62.1 125.4 62.1 126.1 62.0 126.7
   9 23 66  0.0
  72.5 321.4 72.3 318.8 72.1 316.2 71.9 313.7 71.8 312.0 71.6 310.3 71.4 308.5
  71.2 306.8 71.0 305.1 70.8 303.4 70.5 301.7 70.1 300.1 69.8 298.5 69.5 297.5
  69.3 296.5 69.0 295.5 68.7 294.6 68.3 293.7 68.0 292.9 67.6 292.1 67.2 291.3
  66.8 290.6 66.4 290.0 65.8 289.4 65.3 288.4 64.6 287.6 64.2 286.8 63.7 286.0
  63.2 284.7 62.6 283.5 62.1 282.3 61.5 281.3 60.9 280.0 60.4 278.7 59.9 277.6
  59.3 276.3 58.7 275.0 58.2 273.8 57.7 272.7 57.1 271.2 56.9 269.7 56.5 268.3
  56.2 266.8 56.0 265.4 55.7 263.5 55.7 261.7 55.6 259.7 55.8 257.8 55.9 255.8
  56.4 253.8 56.7 252.3 57.0 250.8 57.3 249.1 57.5 247.4 57.7 245.7 57.9 243.9
  58.1 242.1 58.2 240.9 58.4 239.7 58.6 238.6 58.9 237.5 59.1 236.4 59.3 235.4
  59.5 234.3 59.6 233.2 59.7 232.2 59.7 231.1 59.7 230.1 59.6 229.1 59.5 228.1
  59.4 227.2 59.2 226.3 59.0 225.4 58.7 224.6 58.4 223.8 58.0 223.0 57.5 222.0
  57.0 221.0 56.4 220.1 55.7 219.3 55.0 218.1 54.2 217.0 53.2 216.0 52.3 214.3
  51.3 212.8 50.2 210.4 49.3 208.3 48.3 205.6 47.5 203.3 46.9 200.6 46.3 198.3
  45.9 196.3 45.5 193.9 45.2 191.7 45.2 189.8 45.1 188.0 45.1 186.4 45.3 184.8
  45.5 183.1 45.8 181.5 46.0 179.8 46.3 178.8 46.6 177.9 46.9 177.0 47.2 176.2
  47.5 175.4 47.9 174.7 48.4 174.0 48.8 173.6 49.2 173.2 49.6 172.9 50.0 172.5
  50.4 172.1 50.8 171.8 51.3 171.4 51.8 171.1 52.2 170.9 52.7 170.7 53.2 170.5
  53.7 170.3 54.2 170.2 54.7 170.1 55.2 170.1 55.6 170.0 56.0 170.0 56.4 170.0
  56.7 170.1 57.0 170.2 57.3 170.3 57.6 170.5 57.9 170.6 58.1 170.8 58.3 171.0
  58.6 171.2 58.8 171.5 58.9 171.7 59.1 171.9 59.2 172.1 59.3 172.3 59.4 172.5
  59.5 172.7 59.5 172.8 59.6 173.0 59.6 173.2 59.7 173.4 59.7 173.5 59.7 173.7
  59.8 173.8 59.8 174.0 59.9 174.1 60.0 174.2 60.0 174.3 60.1 174.3 60.2 174.3
  60.3 174.3 60.4 174.3 60.5 174.2 60.7 174.2 60.8 174.1 60.9 174.0 61.0 173.9
  61.2 173.7 61.3 173.5 61.5 173.3 61.7 173.1 61.8 172.8 62.0 172.4 62.2 172.0
  62.3 171.7 62.4 171.4 62.5 171.1 62.6 170.7 62.7 170.3 62.9 169.9 63.1 169.4
  63.3 168.9 63.5 168.4 63.8 167.8 63.9 167.1 64.0 166.5 64.2 165.8 64.3 165.0
  64.5 164.2 64.8 163.4 64.9 162.6 65.0 161.9 65.2 161.1 65.3 160.4 65.5 159.6
  65.6 158.8 65.7 158.1 65.9 157.3 66.0 156.6 66.2 155.7 66.2 154.8 66.3 153.9
  66.3 153.1 66.3 152.2 66.3 151.4 66.2 150.6 66.1 149.8 65.9 149.1 65.8 148.7
  65.6 148.3 65.4 148.0 65.1 147.6 64.8 147.3 64.6 147.0 64.3 146.7 64.1 146.3
  63.9 146.0 63.6 146.0 63.4 146.0 63.2 146.1 63.0 146.1 62.9 146.2 62.7 146.3
  62.5 146.4 62.4 146.6 62.3 146.7 62.2 146.9 62.1 147.1 62.0 147.3 62.0 147.5
  61.9 147.7 61.9 147.9 61.9 148.2 62.0 148.4 62.2 148.7 62.3 149.0 62.5 149.3
  62.6 149.5 62.8 149.8 63.0 150.1 63.2 150.3 63.3 150.6 63.5 150.9 63.7 151.1
  63.9 151.4 64.1 151.6 64.3 151.8
   9 24 66  0.0
  72.5 321.4 72.2 318.3 72.0 315.5 71.8 313.0 71.6 310.7 71.4 308.5 71.2 306.5
  71.0 304.6 70.9 302.8 70.6 301.0 70.4 299.4 70.2 297.7 70.0 296.2 69.8 295.2
  69.6 294.1 69.3 293.2 69.1 292.3 68.9 291.5 68.6 290.7 68.3 289.9 68.1 289.2
  67.8 288.6 67.5 288.3 67.2 288.1 66.9 287.9 66.7 287.8 66.5 287.6 66.3 287.4
  66.1 287.3 65.9 287.1 65.7 286.9 65.5 286.8 65.2 286.6 64.9 286.4 64.6 286.3
  64.3 286.1 63.9 286.0 63.6 285.5 63.1 284.9 62.6 284.4 62.1 283.9 61.7 283.4
  61.3 282.5 60.8 281.7 60.3 280.9 59.7 280.1 59.1 279.2 58.8 278.3 58.4 277.4
  57.9 276.6 57.4 275.7 57.2 274.9 57.0 273.9 56.7 273.0 56.4 272.0 56.5 270.9
  56.5 269.9 56.4 268.8 56.4 267.7 56.6 266.6 56.9 265.4 57.1 264.3 57.2 263.1
  57.6 261.9 57.9 260.7 58.1 259.4 58.6 258.5 59.0 257.5 59.3 256.6 59.6 255.6
  60.0 254.6 60.4 253.9 60.8 253.2 61.2 252.5 61.5 251.8 61.8 251.0 62.1 250.1
  62.3 249.6 62.6 249.0 62.7 248.5 62.9 248.0 63.1 247.4 63.3 247.0 63.5 246.5
  63.7 246.0 63.9 245.6 64.0 245.2 64.2 245.2 64.4 245.2 64.5 245.1 64.7 245.1
  64.9 245.0 65.0 245.0 65.2 244.9 65.3 244.8 65.5 244.7 65.6 244.6 65.7 244.5
  65.9 244.4 66.0 244.3 66.1 244.2 66.2 244.4 66.2 244.5 66.3 244.7 66.3 244.8
  66.3 244.8 66.3 244.9 66.3 244.9 66.2 244.8 66.1 244.8 66.0 244.7 65.9 244.5
  65.7 244.2 65.5 243.8 65.5 243.4 65.4 243.0 65.3 242.6 65.1 242.2 65.0 241.8
  64.7 241.3 64.5 240.9 64.2 240.4 63.9 240.0 63.5 239.7 63.3 239.3 63.1 239.1
  62.8 238.8 62.5 238.6 62.1 238.4 61.7 238.2 61.3 238.0 60.9 237.8 60.4 237.6
  59.8 237.5 59.1 237.1 58.5 236.7 57.8 236.4 57.1 236.0 56.5 235.7 55.8 235.3
  55.1 235.0 54.4 234.7 53.6 234.4 52.8 234.0 52.0 233.7 51.1 233.3 50.1 233.0
  49.1 232.6 48.1 232.2 47.0 231.7 46.0 230.9 45.0 230.1 44.1 228.8 43.2 227.5
  42.6 225.7 41.9 223.9 41.5 222.0 40.9 220.0 40.4 218.0 40.4 215.9 40.7 213.9
  41.0 211.9 41.4 210.1 41.8 208.3 42.1 206.7 42.5 205.2 43.0 203.7 43.3 202.4
  43.7 201.0 44.1 199.8 44.4 198.4 44.8 197.0 45.2 195.6 45.5 194.2 45.9 192.8
  46.3 191.4 46.7 190.1 47.2 188.8 47.7 187.5 48.1 186.3 48.6 185.1 49.0 183.9
  49.2 182.7 49.4 181.6 49.6 180.4 49.8 179.4 49.7 178.3 49.7 177.3 49.6 176.4
  49.7 175.5 49.5 174.7 49.3 173.9 49.2 173.3 49.1 172.6 49.1 172.0 49.1 171.4
  48.8 170.7 48.7 170.1 48.5 169.4 48.3 168.8 48.2 168.1 48.1 167.5 47.7 166.9
  47.3 166.3 46.8 165.7 46.4 165.1 46.0 164.5 45.6 163.7 45.0 162.9 44.4 162.1
  43.8 161.2 43.4 160.2 42.9 159.1 42.2 158.1 41.4 157.0 40.8 155.9 40.0 154.8
  39.2 153.6 38.5 152.3 38.0 150.9 37.5 149.7 37.1 148.4 36.7 147.0 36.3 145.6
  36.0 144.1 35.7 143.0 35.3 141.8 34.9 140.6 34.5 139.4 34.2 138.1 33.9 136.8
  33.7 135.9 33.5 134.9 33.3 134.0 33.1 133.1 33.0 132.2 32.8 131.4 32.6 130.5
  32.3 129.7 32.1 128.9 31.8 128.0
   9 25 66  0.0
  72.5 321.4 72.5 318.1 72.5 314.9 72.4 311.7 72.3 308.6 72.2 305.5 72.1 302.5
  71.9 299.7 71.8 297.5 71.6 295.3 71.5 293.3 71.3 291.4 71.2 289.7 71.0 288.2
  70.9 286.8 70.7 285.5 70.5 284.4 70.2 283.3 70.0 282.3 69.8 281.8 69.5 281.3
  69.3 280.8 69.0 280.3 68.8 279.8 68.6 279.3 68.5 278.8 68.3 278.2 68.2 277.6
  68.1 277.1 67.9 276.5 67.8 276.5 67.7 276.5 67.6 276.4 67.5 276.4 67.5 276.3
  67.4 276.3 67.3 276.2 67.2 276.2 67.2 276.1 67.1 276.0 67.1 276.0 67.1 275.9
  67.2 275.9 67.3 275.9 67.4 275.9 67.4 275.9 67.5 275.9 67.6 275.9 67.7 275.9
  67.8 275.9 68.0 276.0 68.1 276.0 68.2 275.5 68.3 274.9 68.5 274.4 68.7 273.9
  68.9 273.3 69.1 272.8 69.3 272.3 69.5 271.8 69.7 271.2 70.0 270.7 70.3 270.2
  70.6 269.1 70.9 268.0 71.2 266.9 71.5 266.0 71.8 265.0 72.1 264.2 72.5 262.5
  72.8 261.0 73.1 259.4 73.3 257.9 73.6 256.4 73.8 254.9 74.0 253.4 74.1 252.1
  74.4 250.0 74.5 248.1 74.6 246.4 74.6 244.8 74.6 243.2 74.6 241.7 74.5 240.2
  74.4 238.8 74.3 237.5 74.1 236.3 74.0 235.1 73.8 234.4 73.5 233.7 73.3 233.1
  73.1 232.5 72.9 231.9 72.6 231.3 72.3 230.8 72.0 230.4 71.7 230.0 71.3 229.5
  71.0 229.0 70.8 228.5 70.5 228.1 70.2 227.6 69.9 227.3 69.6 226.8 69.4 226.4
  69.1 226.1 68.8 225.8 68.6 225.5 68.3 225.3 68.0 225.2 67.7 225.1 67.5 224.7
  67.2 224.4 67.0 224.2 66.7 224.0 66.5 223.9 66.2 223.9 65.9 223.9 65.7 223.5
  65.4 223.2 65.1 223.0 64.9 222.8 64.6 222.6 64.3 222.5 64.0 222.4 63.7 222.3
  63.3 221.8 63.0 221.4 62.6 221.0 62.1 220.7 61.6 220.5 61.1 220.0 60.6 219.6
  59.9 219.3 59.1 218.9 58.3 218.6 57.4 218.3 56.4 217.8 55.3 217.3 54.1 216.3
  52.9 215.3 51.4 213.5 49.9 211.1 48.5 208.4 46.9 205.8 45.6 203.0 44.8 200.1
  43.9 197.3 43.1 194.7 42.4 192.1 41.6 189.8 41.2 187.4 41.3 185.0 41.3 182.8
  41.6 180.6 41.9 178.6 42.4 176.4 42.9 174.7 43.5 172.9 44.0 171.1 44.5 169.2
  45.0 168.0 45.4 166.8 45.8 165.7 46.2 164.6 46.6 163.9 47.0 163.3 47.4 162.6
  47.7 161.9 48.0 161.1 48.4 160.7 48.7 160.2 49.0 159.8 49.4 159.4 49.8 158.9
  50.1 158.4 50.5 158.1 50.9 157.8 51.3 157.4 51.7 157.1 52.2 156.7 52.6 156.5
  53.0 156.4 53.3 156.3 53.7 156.2 53.9 156.2 54.2 156.2 54.4 156.5 54.6 156.8
  54.8 157.2 54.9 157.6 55.0 158.0 55.1 158.5 55.1 159.0 55.1 159.5 55.1 160.0
  55.1 160.4 55.0 160.9 54.8 161.3 54.6 161.7 54.4 162.1 54.2 162.5 54.0 162.8
  53.8 163.1 53.5 163.2 53.3 163.3 53.0 163.4 52.6 163.4 52.2 163.4 51.8 163.4
  51.3 163.0 50.8 162.6 50.2 162.2 49.6 161.8 49.0 160.9 48.3 160.1 47.7 159.4
  47.0 158.2 46.3 157.1 45.6 156.1 45.0 154.7 44.6 153.4 44.1 152.0 43.7 150.7
  43.4 149.2 43.1 147.7 43.1 146.2 43.0 144.8 42.9 143.5 43.0 142.1 43.1 140.9
  43.1 139.6 43.1 138.4 43.2 137.2 43.2 136.0 43.2 134.8 43.4 133.6 43.6 132.3
  43.9 131.0 44.4 129.6 45.0 128.6
   9 26 66  0.0
  72.5 321.4 72.5 319.3 72.6 317.3 72.6 315.3 72.7 313.4 72.7 311.5 72.7 309.7
  72.7 307.9 72.7 306.0 72.6 304.3 72.5 302.5 72.5 300.7 72.4 298.9 72.3 297.0
  72.2 295.2 72.1 293.3 71.9 291.4 71.7 290.2 71.5 289.0 71.2 287.9 70.9 286.7
  70.5 285.6 70.1 284.5 69.6 283.5 69.1 283.0 68.7 282.4 68.2 281.9 67.8 281.4
  67.4 281.5 67.0 281.5 66.6 281.5 66.3 281.6 65.9 281.6 65.6 281.9 65.3 282.1
  65.0 282.3 64.7 282.5 64.4 282.6 64.1 282.7 63.9 282.8 63.6 283.1 63.4 283.4
  63.2 283.7 62.9 283.9 62.7 284.2 62.4 284.5 62.0 284.7 61.7 284.9 61.3 285.2
  61.0 285.4 60.6 285.6 60.2 285.8 59.9 286.0 59.5 286.3 59.2 286.5 58.8 286.8
  58.4 287.0 58.1 287.2 57.7 287.3 57.3 287.4 56.9 287.5 56.4 287.4 55.9 287.4
  55.5 287.5 55.0 287.5 54.5 287.5 54.1 287.5 53.6 287.5 53.1 287.6 52.6 287.5
  52.2 287.4 51.7 287.3 51.2 287.1 50.6 286.8 50.1 286.5 49.5 286.2 49.0 286.0
  48.4 285.7 47.8 285.5 47.2 285.2 46.6 284.9 46.0 284.6 45.4 284.1 44.8 283.5
  44.4 282.9 44.0 282.3 43.6 281.6 43.2 280.9 42.8 280.3 42.4 279.7 42.5 279.2
  42.5 278.6 42.6 278.2 42.6 277.7 42.6 277.3 42.6 276.9 42.7 276.6 42.7 276.3
  42.7 276.0 42.7 275.8 43.0 275.7 43.2 275.7 43.5 275.7 43.7 275.8 44.0 276.0
  43.8 276.3 43.7 276.6 43.5 277.0 43.4 277.4 43.2 277.9 43.0 278.4 42.7 278.8
  42.5 279.2 42.2 279.6 41.9 279.9 41.6 280.0 41.1 280.1 40.6 280.2 40.1 280.2
  39.6 280.3 39.0 280.1 38.5 279.9 37.9 279.7 37.3 279.2 36.7 278.7 36.1 278.3
  35.5 277.8 35.0 277.1 34.4 276.3 33.9 275.6 33.5 274.7 33.0 273.8 32.5 272.9
  32.1 271.9 32.0 270.8 32.0 269.8 32.0 268.8 32.0 267.8 32.4 266.8 32.9 265.9
  33.3 265.0 33.8 264.2 34.3 263.4 34.9 262.8 35.5 262.2 36.1 261.6 36.8 261.4
  37.5 261.1 38.2 260.8 38.9 260.8 39.6 260.8 40.2 260.7 40.9 260.8 41.5 261.0
  42.0 261.1 42.5 261.4 43.0 261.8 43.4 262.2 43.7 262.6 44.1 263.0 44.4 263.5
  44.7 263.9 45.0 264.4 45.2 264.9 45.3 265.4 45.4 265.8 45.6 266.3 45.7 266.7
  45.8 267.1 45.9 267.6 46.0 268.0 46.0 268.3 45.9 268.7 45.9 269.1 45.8 269.4
  45.8 269.7 45.7 270.0 45.6 270.3 45.5 270.5 45.4 270.7 45.3 270.9 45.1 271.1
  45.0 271.3 44.8 271.5 44.6 271.6 44.4 271.8 44.2 272.0 44.0 272.1 43.8 272.1
  43.6 272.1 43.4 272.1 43.2 272.1 42.9 272.0 42.7 272.0 42.4 272.0 42.1 271.9
  41.7 271.9 41.4 271.7 41.0 271.6 40.7 271.5 40.3 271.4 39.9 271.3 39.6 271.0
  39.2 270.8 38.9 270.6 38.6 270.4 38.4 270.1 38.1 269.8 37.9 269.5 37.7 269.0
  37.5 268.6 37.2 268.1 37.0 267.6 36.9 267.2 36.8 266.7 36.7 266.2 36.5 265.7
  36.4 265.2 36.3 264.7 36.2 264.2 36.1 263.6 36.1 263.1 36.1 262.6 36.1 262.0
  36.1 261.4 36.0 260.8 36.0 260.2 35.9 259.7 36.1 259.2 36.2 258.5 36.3 257.9
  36.4 257.2 36.5 256.5 36.5 255.8 36.7 255.0 36.9 254.3 37.1 253.5 37.2 252.7
  37.3 251.9 37.6 251.0 37.9 250.1
   9 27 66  0.0
  72.5 321.4 72.5 320.6 72.5 319.7 72.5 318.8 72.5 317.8 72.5 316.7 72.4 315.6
  72.4 314.3 72.4 313.1 72.3 311.8 72.2 310.5 72.2 309.1 72.1 307.8 72.0 306.4
  72.0 305.1 71.9 304.4 71.9 303.7 72.0 303.1 72.0 302.4 72.1 301.3 72.2 300.2
  72.3 299.1 72.4 298.0 72.5 296.9 72.6 295.9 72.6 294.8 72.7 293.7 72.7 292.6
  72.7 291.4 72.6 290.2 72.5 288.9 72.4 287.7 72.3 286.4 72.1 285.1 71.9 283.8
  71.7 283.2 71.5 282.7 71.2 282.1 71.0 281.5 70.7 280.9 70.4 280.3 70.0 279.7
  69.6 279.1 69.3 279.0 68.9 278.8 68.5 278.5 68.1 278.2 67.7 277.8 67.3 277.8
  67.0 277.8 66.6 277.7 66.3 277.6 66.0 277.5 65.7 277.7 65.4 277.9 65.2 278.1
  65.0 278.2 64.8 278.3 64.6 278.4 64.4 278.4 64.2 278.4 64.1 278.4 63.9 278.4
  63.8 278.4 63.6 278.5 63.5 278.6 63.4 278.8 63.3 278.9 63.2 279.1 63.1 279.3
  63.0 279.5 62.9 279.8 62.8 280.0 62.6 280.3 62.3 280.6 62.0 280.9 61.8 281.1
  61.5 281.4 61.3 281.6 61.0 281.9 60.8 282.1 60.5 282.3 60.3 282.6 60.0 282.8
  59.8 283.1 59.5 283.2 59.3 283.4 59.0 283.5 58.7 283.6 58.3 283.7 58.0 283.8
  57.6 283.9 57.3 283.9 56.9 283.9 56.5 283.9 56.0 284.0 55.6 284.0 55.2 283.9
  54.7 283.8 54.3 283.7 53.8 283.5 53.3 283.2 52.9 282.9 52.4 282.6 51.9 282.3
  51.4 282.0 51.0 281.7 50.5 281.4 50.0 281.2 49.5 280.9 49.0 280.6 48.6 280.3
  48.1 280.0 47.6 279.7 47.4 279.2 47.1 278.8 46.9 278.4 46.7 277.9 46.4 277.3
  46.2 276.8 46.0 276.2 45.7 275.6 45.9 275.1 46.1 274.6 46.3 274.0 46.4 273.4
  46.6 272.8 46.7 272.3 46.8 271.8 47.2 271.3 47.5 270.8 47.8 270.3 48.1 269.9
  48.2 268.9 48.4 267.8 48.7 266.8 48.9 265.8 49.1 264.8 49.2 263.8 49.4 262.8
  49.6 261.7 49.6 260.7 49.7 259.6 49.9 258.5 50.0 257.3 50.1 255.5 50.4 253.7
  50.7 252.0 51.0 250.4 51.3 248.8 51.5 247.3 51.7 245.8 51.8 244.4 51.9 242.9
  51.9 241.4 52.0 240.0 52.0 238.6 52.0 237.1 52.0 235.6 51.9 234.1 51.9 232.5
  51.8 230.8 51.6 229.0 51.3 227.2 50.9 225.3 50.5 223.4 50.1 221.5 49.6 219.6
  49.2 217.9 48.8 216.3 48.4 214.6 47.8 212.7 47.3 211.0 46.7 209.1 46.0 206.9
  45.3 204.7 44.6 202.6 43.9 200.4 43.1 198.5 42.4 196.4 41.7 194.3 41.2 192.3
  40.8 190.3 40.5 188.3 40.2 186.3 40.2 184.2 40.3 182.2 40.6 180.1 40.9 178.1
  41.1 176.1 41.2 174.2 41.2 172.4 41.0 170.7 41.1 169.0 41.1 167.3 41.4 165.4
  41.7 163.6 41.9 161.7 42.1 160.0 42.5 158.6 42.8 157.3 43.2 156.0 43.7 154.8
  44.2 153.6 44.7 152.7 45.3 151.9 45.7 151.0 46.0 150.1 46.3 149.2 46.7 148.5
  47.0 147.7 47.2 146.9 47.4 146.2 47.7 145.4 47.9 144.6 48.3 143.9 48.4 143.5
  48.6 143.1 48.8 142.7 49.1 142.3 49.3 142.0 49.6 141.7 49.8 141.3 50.1 141.0
  50.4 140.9 50.8 140.9 51.1 140.8 51.5 140.7 51.9 140.6 52.3 140.5 52.7 140.6
  53.2 140.6 53.6 140.7 54.1 140.8 54.6 141.0 55.1 141.3 55.6 141.5 56.1 141.7
  56.7 142.0 57.2 142.3 57.7 142.7
   9 28 66  0.0
  72.5 321.4 72.5 320.3 72.5 319.2 72.5 317.9 72.5 316.6 72.5 315.3 72.5 313.9
  72.4 312.5 72.4 311.1 72.3 309.7 72.2 308.4 72.2 307.1 72.2 305.8 72.1 304.7
  72.1 303.6 72.2 302.7 72.4 301.9 72.5 301.1 72.6 300.4 72.7 299.7 72.9 299.1
  73.0 298.6 73.1 298.2 73.2 297.8 73.3 297.5 73.4 297.2 73.4 296.9 73.5 296.6
  73.6 296.2 73.7 295.8 73.8 295.3 74.0 294.7 74.1 294.2 74.3 293.3 74.5 292.4
  74.6 291.5 74.8 290.5 75.0 289.6 75.2 288.5 75.4 287.5 75.5 286.5 75.6 285.4
  75.6 284.4 75.7 283.4 75.7 282.4 75.6 281.5 75.6 280.6 75.5 279.7 75.3 279.0
  75.1 278.2 74.9 277.5 74.7 276.9 74.5 276.2 74.3 275.6 74.1 275.0 73.8 274.4
  73.6 273.8 73.4 273.2 73.2 272.6 73.0 272.1 72.8 271.6 72.6 271.1 72.5 270.7
  72.3 270.3 72.1 270.0 71.9 269.7 71.7 269.5 71.6 269.4 71.4 269.2 71.3 269.0
  71.1 268.8 71.0 268.7 70.9 268.5 70.7 268.3 70.6 268.2 70.5 268.1 70.4 268.0
  70.4 267.9 70.5 267.9 70.5 267.8 70.6 267.8 70.7 267.8 70.7 267.9 70.8 267.9
  70.9 267.9 71.0 268.0 71.1 268.0 71.1 267.9 71.2 267.8 71.3 267.6 71.4 267.3
  71.5 267.0 71.7 266.6 71.8 266.1 71.9 265.6 72.1 265.0 72.2 264.4 72.4 263.7
  72.7 263.1 72.9 262.3 73.2 261.5 73.5 260.7 73.8 259.8 74.1 258.9 74.5 258.1
  74.9 257.2 75.3 256.3 75.7 255.3 76.1 254.3 76.5 253.4 77.0 252.4 77.5 251.2
  77.9 249.9 78.4 248.5 78.9 247.3 79.3 245.8 79.7 244.3 80.2 242.5 80.6 240.9
  81.0 239.0 81.4 237.0 81.7 234.8 82.0 232.4 82.4 230.5 82.8 228.5 83.2 226.5
  83.6 224.5 84.0 222.3 84.6 220.9 85.1 219.2 85.6 217.5 86.1 215.4 86.8 214.9
  87.4 214.7 87.8 213.5 88.2 210.5 88.7 203.8 89.0 189.3 89.2 161.3 89.3 130.6
  89.2 113.2 88.9 102.6 88.5  95.5 88.2  90.0 87.8  85.7 87.5  81.8 87.2  78.5
  86.9  78.3 86.5  78.2 86.2  78.0 85.8  77.8 85.5  77.5 85.3  77.3 85.0  77.0
  84.7  76.7 84.5  76.4 84.2  76.0 83.9  75.7 83.7  75.3 83.5  74.9 83.3  74.5
  83.1  74.1 82.9  73.8 82.6  73.4 82.4  73.0 82.2  72.6 82.0  72.3 81.8  71.9
  81.6  71.6 81.4  71.3 81.2  71.0 81.0  70.7 80.8  70.4 80.6  70.0 80.4  69.7
  80.2  69.4 80.1  69.0 79.9  68.6 79.8  68.3 79.7  68.0 79.6  67.6 79.5  67.3
  79.4  66.9 79.3  66.6 79.3  66.3 79.2  65.9 79.2  65.6 79.1  65.2 79.1  64.9
  79.1  64.6 79.2  64.2 79.2  63.9 79.3  63.6 79.3  63.2 79.4  62.9 79.4  62.6
  79.5  62.2 79.5  61.9 79.5  61.6 79.5  61.3 79.4  61.0 79.4  60.6 79.3  60.3
  79.2  60.0 79.1  59.7 79.0  59.4 78.9  59.1 78.8  58.8 78.8  58.5 78.7  58.2
  78.6  57.9 78.5  57.6 78.5  57.3 78.4  57.0 78.3  56.7 78.3  56.4 78.2  56.1
  78.1  55.8 78.1  55.5 78.0  55.2 77.9  54.9 77.9  54.7 77.9  54.5 77.8  54.3
  77.8  54.1 77.8  53.9 77.8  53.7 77.8  53.5 77.8  53.3 77.9  53.1 77.9  52.9
  78.0  52.7 78.0  52.5 78.2  52.2 78.3  51.9 78.4  51.6 78.6  51.3 78.8  51.0
  79.0  50.7 79.2  50.3 79.4  50.0
   9 29 66  0.0
  72.5 321.4 72.6 319.8 72.7 318.2 72.8 316.4 73.0 314.6 73.1 312.8 73.1 310.9
  73.2 309.1 73.3 307.4 73.3 305.7 73.4 304.2 73.4 302.9 73.4 301.6 73.4 300.4
  73.5 299.3 73.5 298.3 73.6 297.2 73.6 296.3 73.7 295.3 73.8 294.4 73.9 293.5
  74.0 292.6 74.2 291.1 74.3 289.5 74.4 288.0 74.4 286.4 74.4 285.0 74.5 283.6
  74.5 282.3 74.5 281.0 74.5 279.8 74.4 278.7 74.2 277.7 74.1 276.7 74.0 275.8
  73.8 275.4 73.6 275.0 73.4 274.7 73.2 274.4 73.0 274.1 72.8 273.8 72.6 273.5
  72.4 273.2 72.2 272.9 72.0 272.6 71.9 272.3 71.7 272.6 71.6 273.0 71.5 273.3
  71.3 273.7 71.2 274.2 71.1 274.6 71.0 275.0 70.8 275.5 70.7 275.9 70.5 276.4
  70.4 276.9 70.3 277.3 70.1 277.7 70.0 278.2 69.8 278.6 69.7 279.6 69.5 280.5
  69.4 281.5 69.3 282.4 69.2 283.2 69.0 284.1 68.9 284.9 68.7 285.7 68.6 286.4
  68.4 287.1 68.2 287.8 68.0 288.5 67.9 289.1 67.7 290.5 67.6 291.9 67.4 293.2
  67.3 294.4 67.1 295.6 67.0 296.6 66.8 297.6 66.6 298.6 66.4 299.4 66.2 300.1
  65.9 300.7 65.6 302.0 65.3 303.2 65.0 304.3 64.6 305.3 64.2 306.2 63.7 307.0
  63.3 308.1 62.8 308.9 62.3 309.7 61.7 310.2 61.1 310.8 60.3 311.3 59.5 311.6
  58.7 312.2 58.2 312.7 57.6 313.1 57.1 313.7 56.5 314.2 56.0 314.6 55.6 315.0
  55.2 315.4 54.8 315.7 54.4 316.0 54.5 316.2 54.6 316.4 54.8 316.6 54.9 316.9
  54.9 317.1 55.0 317.4 55.1 317.7 55.1 318.0 55.2 318.3 55.2 318.6 55.2 319.0
  55.2 319.4 55.2 319.8 55.2 320.3 55.3 320.8 55.2 321.4 55.2 322.0 55.1 322.7
  55.0 323.4 54.8 324.2 54.8 325.0 54.7 325.8 54.5 326.7 54.3 327.5 54.1 328.4
  54.0 329.3 53.9 330.1 53.7 331.0 53.5 331.9 53.3 332.7 53.2 333.6 53.0 334.4
  52.9 335.2 52.7 336.0 52.5 336.9 52.3 337.7 52.1 338.4 51.9 339.2 51.7 340.0
  51.6 340.8 51.3 341.5 51.0 342.3 50.7 343.0 50.4 343.8 50.2 344.5 49.7 345.2
  49.3 345.9 48.8 346.5 48.3 347.0 47.8 347.6 47.3 348.0 46.7 348.4 46.1 348.8
  45.5 349.2 44.8 349.5 44.1 349.7 43.4 350.0 42.6 349.9 41.9 349.7 41.1 349.2
  40.3 348.5 39.6 347.8 39.1 347.0 38.5 346.1 38.0 345.3 37.4 344.4 36.8 343.4
  36.6 342.5 36.3 341.5 36.0 340.6 35.6 339.7 35.8 338.7 35.9 337.8 36.1 337.0
  36.3 336.4 36.5 335.9 37.1 335.4 37.7 334.9 38.3 334.5 39.0 334.3 39.7 334.2
  40.4 334.1 41.2 334.3 41.9 334.7 42.6 335.0 43.3 335.6 43.9 336.4 44.0 337.1
  44.2 338.1 44.4 339.0 44.6 340.1 44.4 341.1 44.2 342.1 44.1 343.1 43.9 344.1
  43.5 344.9 43.1 345.7 42.7 346.4 42.2 347.1 41.7 347.8 41.1 348.1 40.6 348.5
  40.0 348.8 39.4 348.8 38.8 348.8 38.2 348.8 37.6 348.9 36.9 348.6 36.3 348.3
  35.6 348.1 35.0 347.8 34.5 347.5 34.0 347.2 33.6 346.9 33.2 346.5 32.9 346.2
  32.6 345.8 32.3 345.4 32.0 345.0 31.8 344.5 31.6 344.0 31.6 343.3 31.5 342.7
  31.4 342.0 31.4 341.4 31.4 340.8 31.3 340.2 31.3 339.6 31.8 339.0 32.4 338.5
  33.0 338.1 33.7 337.7 34.5 337.4
   9 30 66  0.0
  72.5 321.4 72.8 319.7 73.1 317.8 73.3 315.9 73.5 313.9 73.7 311.8 73.8 309.9
  74.0 307.9 74.0 306.1 74.1 303.8 74.0 301.6 73.9 300.2 73.8 299.0 73.6 297.9
  73.5 296.8 73.3 295.7 73.2 294.7 73.1 293.8 72.9 292.8 72.9 291.9 72.8 291.0
  72.7 290.2 72.7 289.3 72.7 288.5 72.7 287.6 72.7 286.8 72.7 286.0 72.7 285.2
  72.7 284.5 72.7 283.7 72.7 282.9 72.6 282.2 72.6 281.5 72.6 280.7 72.6 280.0
  72.5 279.3 72.4 278.6 72.2 277.9 72.0 277.3 71.9 276.6 71.7 276.7 71.6 276.7
  71.4 276.8 71.3 276.9 71.1 276.9 71.0 277.0 70.8 277.0 70.7 277.1 70.6 277.1
  70.4 277.1 70.3 277.2 70.1 277.2 70.0 277.3 69.9 277.4 69.7 278.1 69.6 278.8
  69.5 279.6 69.3 280.3 69.3 281.0 69.2 281.8 69.1 282.5 69.0 283.2 68.9 283.9
  68.8 284.6 68.8 285.4 68.8 286.1 68.7 286.9 68.7 287.6 68.6 288.4 68.6 289.1
  68.6 289.9 68.5 290.6 68.5 291.3 68.4 292.0 68.3 292.6 68.2 293.2 68.1 293.8
  68.0 294.3 67.9 294.9 67.8 296.1 67.8 297.3 67.7 298.4 67.6 299.6 67.5 300.7
  67.3 301.8 67.2 302.8 67.0 303.8 66.8 304.7 66.6 305.6 66.4 306.5 66.2 307.3
  66.0 308.1 65.7 309.4 65.4 310.5 65.1 311.6 64.7 312.7 64.2 313.6 63.6 314.4
  63.0 315.3 62.4 316.1 61.7 316.8 61.0 317.4 60.3 318.0 59.6 318.6 58.9 319.0
  58.2 319.4 57.5 319.8 56.8 320.1 56.5 320.3 56.1 320.5 55.9 320.7 55.6 321.0
  55.4 321.3 55.3 321.6 55.1 322.1 55.0 322.6 54.9 323.2 54.9 324.0 54.8 324.8
  54.8 325.7 54.8 326.7 54.9 327.8 54.9 328.9 54.8 330.1 54.6 331.3 54.5 332.5
  54.1 333.7 53.7 334.8 53.2 335.8 52.7 336.8 52.1 337.7 51.4 338.5 50.6 339.3
  49.8 340.0 48.9 340.5 48.1 340.9 47.2 341.2 46.4 341.4 45.5 341.4 44.6 341.4
  43.8 341.2 43.0 341.0 42.2 340.7 41.5 340.5 40.8 340.0 39.7 339.5 38.8 338.6
  37.9 337.6 37.2 336.5 36.6 335.3 35.9 334.1 35.2 332.9 34.6 331.7 34.0 330.5
  33.5 329.2 33.1 328.1 32.7 326.9 32.5 325.8 32.4 324.6 32.2 323.5 32.4 322.3
  32.6 321.3 32.9 320.3 33.2 319.3 33.6 318.4 34.1 317.6 34.6 316.5 35.1 315.6
  35.4 314.7 35.6 314.0 35.8 313.3 36.1 312.6 36.4 311.7 36.5 310.9 36.7 310.2
  36.8 309.5 37.0 308.8 37.2 308.2 37.4 307.6 37.7 307.0 37.9 306.4 38.2 305.8
  38.5 305.2 38.8 304.7 39.2 304.2 39.5 303.8 39.9 303.4 40.3 303.0 40.7 302.7
  41.1 302.3 41.6 302.0 42.1 301.7 42.6 301.4 43.1 301.0 43.7 300.7 44.3 300.4
  44.9 300.0 45.5 299.6 46.0 299.3 46.4 298.9 46.9 298.5 47.4 298.2 48.0 297.8
  48.5 297.4 49.1 297.1 49.7 296.8 50.3 296.5 50.9 296.2 51.5 295.9 51.9 295.7
  52.3 295.4 52.7 295.1 53.2 294.8 53.6 294.5 54.1 294.2 54.6 293.9 55.1 293.7
  55.7 293.5 56.2 293.3 56.8 293.1 57.4 292.8 58.0 292.5 58.6 292.2 59.2 291.8
  59.5 291.4 59.9 290.9 60.2 290.5 60.6 289.9 61.1 289.3 61.5 288.7 61.9 288.1
  62.3 287.5 62.4 286.7 62.5 285.9 62.7 285.0 62.9 284.2 63.1 283.3 63.2 282.4
  63.3 281.4 63.5 280.5 63.7 279.7
