   8  1 78  0.0
  72.5 321.4 72.5 321.5 72.5 321.6 72.6 321.6 72.7 321.7 72.7 321.7 72.8 321.7
  72.9 321.7 73.1 321.7 73.2 321.6 73.3 321.6 73.5 321.5 73.6 321.4 73.8 321.3
  74.0 321.2 74.1 321.0 74.3 320.8 74.5 320.4 74.6 320.1 74.8 319.7 74.8 319.3
  74.9 318.8 74.9 318.3 75.0 317.8 75.0 317.3 75.0 316.7 75.1 316.2 75.1 315.7
  75.0 315.2 75.0 314.7 74.9 314.3 74.8 313.9 74.8 313.5 74.7 313.2 74.6 312.9
  74.5 312.6 74.3 312.3 74.2 312.0 74.1 311.8 74.0 311.5 73.8 311.5 73.7 311.5
  73.6 311.5 73.5 311.4 73.3 311.4 73.2 311.4 73.1 311.4 73.0 311.3 72.8 311.3
  72.7 311.3 72.6 311.3 72.5 311.3 72.4 311.3 72.3 311.3 72.2 311.4 72.1 311.4
  72.0 311.5 71.9 311.6 71.8 311.8 71.8 311.9 71.7 312.1 71.7 312.2 71.6 312.3
  71.6 312.4 71.5 312.6 71.5 312.7 71.4 312.8 71.4 312.9 71.3 313.0 71.3 313.1
  71.3 313.2 71.2 313.3 71.2 313.4 71.2 313.5 71.1 313.6 71.1 313.7 71.1 313.8
  71.0 313.9 71.0 314.0 71.0 314.2 70.9 314.3 70.9 314.4 70.8 314.6 70.8 314.7
  70.8 314.9 70.7 315.0 70.7 315.2 70.6 315.4 70.6 315.6 70.5 315.9 70.5 316.1
  70.5 316.4 70.5 316.7 70.5 317.0 70.4 317.3 70.4 317.7 70.4 318.1 70.4 318.5
  70.3 319.0 70.3 319.4 70.3 319.9 70.3 320.4 70.3 320.9 70.3 321.4 70.3 321.9
  70.3 322.4 70.3 322.9 70.3 323.4 70.3 324.0 70.3 324.5 70.3 325.1 70.3 325.7
  70.4 326.3 70.4 326.9 70.4 327.6 70.4 328.3 70.5 329.0 70.5 329.7 70.6 330.5
  70.6 331.3 70.6 332.1 70.7 333.0 70.7 333.8 70.8 334.7 70.8 335.6 70.9 336.5
  71.0 337.5 71.1 338.4 71.3 339.4 71.4 340.4 71.5 341.4 71.6 342.4 71.8 343.4
  71.9 344.5 72.0 345.5 72.0 346.6 72.1 347.4 72.2 348.2 72.2 349.1 72.2 349.9
  72.2 350.7 72.2 351.5 72.2 352.2 72.2 353.0 72.1 353.7 72.1 354.5 72.0 355.2
  71.9 356.1 71.8 357.0 71.6 357.9 71.5 358.8 71.3 359.6 71.1   0.5 70.9   0.7
  70.7   1.0 70.4   1.3 70.1   1.6 69.8   1.8 69.6   2.1 69.3   2.3 69.0   2.6
  68.6   2.8 68.3   3.0 68.0   3.2 67.6   3.3 67.3   3.5 67.0   3.6 66.6   3.7
  66.2   3.8 65.9   4.0 65.5   4.0 65.1   4.1 64.8   4.2 64.4   4.2 64.0   4.3
  63.6   4.3 63.1   4.3 62.7   4.3 62.2   4.2 61.8   4.2 61.3   4.1 60.8   4.0
  60.3   3.9 59.8   3.7 59.3   3.5 58.8   3.3 58.3   3.1 57.9   2.9 57.4   2.6
  57.0   2.3 56.5   2.0 56.1   1.7 55.6   1.4 55.2   1.0 54.8   0.6 54.4   0.2
  54.1 359.8 53.7 359.1 53.3 358.4 52.9 357.6 52.6 356.8 52.2 356.0 51.8 355.2
  51.4 354.4 51.0 353.6 50.6 352.8 50.2 351.9 49.9 351.0 49.6 350.1 49.3 349.2
  49.0 348.3 48.7 347.3 48.4 346.3 48.1 345.3 47.7 344.2 47.4 343.2 47.2 342.1
  47.0 341.1 46.7 340.0 46.7 338.8 46.7 337.8 46.6 336.7 46.5 335.7 46.7 334.6
  46.9 333.7 47.0 332.7 47.2 331.8 47.4 330.9 47.6 330.0 47.9 329.1 48.2 328.3
  48.4 327.7 48.6 327.1 48.8 326.5 49.0 325.9 49.3 325.3 49.5 324.7 49.8 324.2
  50.1 323.7 50.4 323.3 50.8 322.8
   8  2 78  0.0
  72.5 321.4 72.3 321.4 72.1 321.4 71.9 321.4 71.8 321.7 71.6 322.0 71.4 322.3
  71.2 322.5 70.9 322.7 70.7 322.9 70.5 323.1 70.2 323.3 69.9 323.4 69.6 323.8
  69.4 324.1 69.2 324.4 69.0 324.6 68.9 324.8 68.7 325.0 68.6 325.1 68.5 325.2
  68.4 325.3 68.3 325.3 68.2 325.3 68.2 325.3 68.1 325.2 68.1 325.2 68.1 325.1
  68.1 325.0 68.1 325.0 68.2 324.9 68.2 324.8 68.3 324.7 68.4 324.6 68.5 324.5
  68.6 324.4 68.8 324.3 69.0 324.2 69.1 324.1 69.3 324.0 69.4 323.8 69.5 323.6
  69.6 323.4 69.6 323.2 69.7 323.0 69.8 322.8 69.8 322.5 69.8 322.3 69.8 322.0
  69.9 321.7 69.8 321.4 69.8 321.1 69.8 320.8 69.7 320.5 69.6 320.2 69.5 320.0
  69.3 319.7 69.1 319.5 68.8 319.3 68.5 319.1 68.2 318.9 67.8 318.7 67.5 318.6
  67.2 318.4 66.8 318.3 66.4 318.2 66.0 318.1 65.6 318.1 65.2 318.0 64.8 317.9
  64.3 317.9 63.8 317.9 63.3 317.8 62.8 317.7 62.2 317.6 61.6 317.6 61.1 317.4
  60.6 317.3 60.2 317.1 59.8 316.9 59.4 316.6 59.1 316.2 58.8 315.9 58.4 315.5
  57.9 315.2 57.5 314.6 57.2 314.0 56.8 313.5 56.5 312.9 56.3 312.3 56.0 311.7
  55.6 311.1 55.1 310.4 54.8 309.8 54.4 309.1 54.0 308.4 53.7 307.6 53.2 306.9
  52.6 306.1 52.1 305.4 51.6 304.7 51.2 303.9 50.8 303.1 50.4 302.4 50.0 301.6
  49.7 300.8 49.4 300.0 49.1 299.2 48.7 298.4 48.3 297.6 48.0 296.9 47.7 296.2
  47.4 295.6 46.9 294.9 46.5 294.3 46.2 293.6 45.8 292.9 45.5 292.3 45.3 291.7
  45.0 291.0 44.8 290.4 44.6 289.7 44.4 289.0 44.2 288.3 44.0 287.5 43.8 286.7
  43.5 286.1 43.3 285.4 43.1 284.7 42.9 284.0 42.7 283.2 42.5 282.4 42.2 281.6
  42.0 280.7 41.8 279.8 41.7 279.2 41.5 278.5 41.4 277.9 41.2 277.3 41.0 276.6
  40.9 276.0 40.8 275.4 40.7 274.8 40.6 274.2 40.6 273.6 40.5 273.0 40.4 272.4
  40.4 271.8 40.4 271.3 40.5 270.8 40.6 270.3 40.6 269.8 40.7 269.3 40.7 268.9
  40.7 268.5 40.8 268.0 40.8 267.6 40.7 267.1 40.7 266.7 40.7 266.3 40.7 266.0
  40.7 265.6 40.7 265.3 40.7 264.9 40.6 264.6 40.6 264.3 40.6 264.0 40.6 263.7
  40.5 263.4 40.4 263.1 40.4 262.8 40.3 262.5 40.3 262.3 40.2 262.0 40.1 261.7
  40.1 261.5 40.0 261.2 40.0 260.9 40.0 260.8 39.9 260.7 39.9 260.5 39.9 260.4
  39.9 260.3 39.8 260.1 39.8 260.0 39.8 259.9 39.8 259.8 39.7 259.7 39.7 259.6
  39.6 259.5 39.6 259.5 39.5 259.4 39.4 259.3 39.3 259.3 39.2 259.2 39.1 259.1
  39.1 259.1 39.0 259.0 39.0 258.9 39.0 258.8 38.9 258.7 38.9 258.6 38.9 258.5
  38.9 258.4 38.9 258.3 39.0 258.2 39.0 258.1 39.0 258.0 39.0 257.9 39.0 257.8
  39.1 257.7 39.1 257.6 39.1 257.5 39.1 257.4 39.1 257.3 39.1 257.2 39.1 257.1
  39.1 257.0 39.1 256.9 39.1 256.7 39.2 256.6 39.2 256.5 39.2 256.4 39.2 256.3
  39.3 256.1 39.3 256.0 39.3 255.9 39.3 255.7 39.3 255.6 39.3 255.4 39.3 255.3
  39.3 255.2 39.4 255.1 39.4 255.0 39.4 255.0 39.4 254.9 39.4 254.9 39.4 254.9
  39.4 254.9 39.5 254.9 39.5 255.0
   8  3 78  0.0
  72.5 321.4 72.4 321.4 72.3 321.4 72.2 321.4 72.1 321.4 72.0 321.4 71.9 321.6
  71.8 321.7 71.7 321.9 71.6 322.0 71.5 322.1 71.4 322.2 71.3 322.2 71.2 322.2
  71.1 322.3 71.0 322.3 70.8 322.4 70.7 322.5 70.5 322.6 70.3 322.8 70.1 322.9
  69.9 323.1 69.7 323.5 69.5 324.0 69.3 324.5 69.0 325.0 68.8 325.4 68.5 325.7
  68.2 326.1 67.9 326.4 67.6 326.8 67.3 327.1 67.0 327.5 66.7 327.8 66.4 328.1
  66.1 328.4 65.7 328.6 65.4 328.8 65.0 328.9 64.7 328.9 64.4 328.9 64.0 328.9
  63.7 328.8 63.4 328.5 63.1 328.3 62.9 328.0 62.6 327.7 62.3 327.4 62.0 327.1
  61.7 326.7 61.5 326.2 61.2 325.7 60.9 325.2 60.6 324.8 60.4 324.3 60.1 323.9
  59.8 323.5 59.4 322.8 59.1 322.3 58.8 321.7 58.4 321.2 58.0 320.7 57.6 320.3
  57.2 319.7 56.8 319.1 56.3 318.5 55.9 318.0 55.5 317.4 55.0 316.9 54.6 316.4
  54.1 315.9 53.6 315.5 53.1 315.1 52.5 314.8 52.0 314.5 51.5 314.1 51.1 313.8
  50.7 313.4 50.3 313.0 50.0 312.6 49.7 312.1 49.4 311.7 49.1 311.3 48.9 310.9
  48.6 310.5 48.3 310.1 48.1 309.7 47.9 309.3 47.7 309.0 47.5 308.6 47.3 308.2
  47.1 307.9 46.8 307.5 46.6 307.2 46.4 306.8 46.3 306.5 46.2 306.2 46.1 305.8
  45.9 305.5 45.8 305.2 45.7 304.8 45.5 304.5 45.4 304.1 45.2 303.7 45.0 303.2
  44.8 302.8 44.7 302.3 44.5 301.7 44.3 301.2 44.1 300.6 43.9 300.0 43.7 299.4
  43.6 298.9 43.4 298.3 43.2 297.7 43.0 297.1 42.9 296.5 42.7 295.9 42.5 295.2
  42.3 294.6 42.1 293.9 41.8 293.3 41.6 292.7 41.4 292.1 41.1 291.6 41.0 290.9
  40.9 290.3 40.7 289.7 40.6 289.0 40.4 288.4 40.2 287.6 40.1 286.8 39.9 286.0
  39.7 285.4 39.6 284.7 39.4 284.1 39.2 283.4 39.2 282.8 39.1 282.3 39.0 281.7
  38.9 281.2 38.8 280.6 38.7 280.1 38.6 279.5 38.5 279.0 38.4 278.5 38.3 277.9
  38.2 277.4 38.1 276.8 38.0 276.3 37.9 276.0 37.8 275.7 37.7 275.4 37.7 275.2
  37.6 274.9 37.5 274.7 37.4 274.4 37.3 274.2 37.2 274.0 37.1 273.7 37.0 273.5
  37.0 273.2 36.9 273.0 36.8 272.7 36.7 272.5 36.7 272.2 36.6 271.9 36.6 271.6
  36.6 271.3 36.6 271.0 36.6 270.6 36.6 270.4 36.6 270.1 36.6 269.9 36.6 269.6
  36.6 269.4 36.6 269.2 36.7 269.0 36.7 268.9 36.7 268.7 36.8 268.6 36.8 268.5
  36.9 268.3 36.9 268.2 37.0 268.1 37.0 268.0 37.1 268.0 37.1 267.9 37.0 267.8
  37.0 267.7 37.0 267.7 37.0 267.6 36.9 267.6 36.9 267.5 36.9 267.5 36.9 267.4
  36.9 267.4 36.9 267.3 36.9 267.2 36.9 267.1 36.9 267.0 36.9 266.9 36.9 266.8
  37.0 266.7 37.0 266.6 37.0 266.5 37.1 266.4 37.1 266.3 37.1 266.2 37.2 266.0
  37.2 265.9 37.3 265.8 37.3 265.6 37.4 265.5 37.5 265.4 37.5 265.3 37.6 265.1
  37.7 265.0 37.8 264.9 37.8 264.8 37.9 264.7 37.9 264.5 38.0 264.4 38.0 264.3
  38.1 264.2 38.1 264.0 38.1 263.9 38.1 263.7 38.2 263.6 38.2 263.4 38.3 263.3
  38.3 263.1 38.4 263.0 38.4 262.8 38.5 262.7 38.5 262.6 38.6 262.4 38.6 262.3
  38.7 262.1 38.7 262.0 38.8 261.9
   8  4 78  0.0
  72.5 321.4 72.3 321.8 72.2 322.2 72.0 322.6 71.9 322.9 71.7 323.4 71.6 323.8
  71.5 324.3 71.4 324.7 71.3 325.0 71.1 325.4 71.0 325.8 70.9 326.1 70.8 326.4
  70.7 326.7 70.6 326.9 70.5 327.2 70.4 327.5 70.2 327.7 70.1 327.9 69.9 328.1
  69.7 328.4 69.4 328.8 69.2 329.1 68.9 329.3 68.6 329.6 68.3 329.8 67.9 330.0
  67.6 330.3 67.3 330.5 67.0 330.8 66.7 331.0 66.4 331.2 66.1 331.4 65.7 331.5
  65.4 331.8 65.1 332.0 64.7 332.3 64.3 332.5 63.9 332.6 63.5 332.7 63.0 332.8
  62.6 332.8 62.1 332.8 61.6 332.8 61.2 332.6 60.7 332.4 60.2 332.2 59.7 332.0
  59.2 331.6 58.7 331.2 58.1 330.8 57.6 330.3 57.1 329.6 56.6 328.8 56.1 328.0
  55.6 327.2 55.2 326.3 54.8 325.4 54.4 324.5 53.9 323.6 53.7 322.6 53.4 321.7
  53.0 320.8 52.7 319.9 52.6 319.0 52.3 318.2 52.1 317.3 51.9 316.5 51.6 315.7
  51.4 314.8 51.2 314.0 50.9 313.2 50.7 312.4 50.4 311.5 50.2 310.6 50.0 309.7
  49.8 308.8 49.5 307.9 49.4 307.0 49.3 306.1 49.2 305.1 49.1 304.3 48.9 303.4
  49.0 302.5 49.1 301.7 49.1 300.9 49.1 300.1 49.2 299.4 49.3 298.7 49.5 298.0
  49.6 297.4 49.8 296.8 49.9 296.2 50.0 295.7 50.2 295.4 50.4 295.0 50.6 294.7
  50.8 294.3 51.0 294.0 51.1 293.7 51.2 293.4 51.3 293.1 51.3 292.7 51.4 292.4
  51.4 292.1 51.4 291.8 51.5 291.5 51.6 291.2 51.8 290.9 51.9 290.5 51.9 290.2
  52.0 289.8 52.1 289.4 52.1 288.9 52.2 288.5 52.2 288.1 52.2 287.6 52.4 287.2
  52.6 286.8 52.8 286.3 52.9 285.9 53.1 285.5 53.2 285.0 53.3 284.6 53.5 284.1
  53.6 283.7 53.8 283.3 54.0 282.8 54.3 282.4 54.5 282.0 54.7 281.7 55.0 281.4
  55.2 281.1 55.4 280.8 55.7 280.4 55.9 280.1 56.2 279.7 56.5 279.4 56.9 279.1
  57.2 278.8 57.5 278.4 57.8 278.0 58.1 277.7 58.4 277.4 58.6 277.2 58.9 276.9
  59.2 276.7 59.5 276.4 59.7 276.2 60.0 276.0 60.3 275.9 60.6 275.7 60.9 275.6
  61.1 275.5 61.3 275.4 61.5 275.3 61.7 275.1 61.9 275.0 62.0 274.9 62.2 274.7
  62.3 274.6 62.5 274.5 62.6 274.3 62.7 274.2 62.8 274.0 62.9 273.8 63.0 273.7
  63.1 273.5 63.2 273.4 63.3 273.2 63.4 273.0 63.5 272.8 63.6 272.5 63.7 272.3
  63.9 272.0 64.0 271.6 64.0 271.3 64.1 271.0 64.2 270.6 64.3 270.2 64.4 269.8
  64.5 269.4 64.6 269.0 64.7 268.6 64.8 268.2 64.9 267.7 65.1 267.3 65.3 266.8
  65.6 266.3 65.8 265.8 66.1 265.2 66.4 264.8 66.7 264.3 67.0 263.8 67.3 263.3
  67.7 262.9 68.0 262.4 68.3 261.9 68.7 261.6 69.0 261.2 69.3 260.8 69.7 260.4
  70.0 260.0 70.2 259.6 70.5 259.3 70.8 259.0 71.0 258.8 71.3 258.5 71.6 258.2
  71.8 258.0 72.0 257.7 72.3 257.5 72.5 257.4 72.8 257.2 73.0 257.0 73.2 256.8
  73.4 256.6 73.6 256.4 73.7 256.1 73.9 255.7 74.0 255.4 74.1 254.9 74.3 254.4
  74.4 253.9 74.5 253.3 74.5 252.6 74.6 251.9 74.6 251.2 74.7 250.3 74.7 249.5
  74.7 248.8 74.7 248.0 74.8 247.2 74.8 246.5 74.8 245.8 74.9 245.0 74.9 244.3
  74.9 243.6 75.0 242.9 75.0 242.2
   8  5 78  0.0
  72.5 321.4 72.3 321.4 72.1 321.4 71.8 321.4 71.6 321.3 71.4 321.3 71.2 321.2
  71.0 321.2 70.7 321.1 70.5 321.1 70.3 321.1 70.0 321.1 69.8 321.1 69.6 321.1
  69.4 321.1 69.2 321.2 69.0 321.3 68.8 321.5 68.6 321.7 68.4 321.9 68.3 322.2
  68.1 322.5 68.0 322.8 67.9 323.0 67.7 323.3 67.6 323.6 67.5 323.9 67.4 324.2
  67.3 324.5 67.1 324.8 67.0 325.1 66.9 325.4 66.7 325.7 66.6 326.0 66.5 326.3
  66.4 326.6 66.3 327.0 66.2 327.3 66.1 327.6 66.0 327.9 65.8 327.9 65.7 328.0
  65.4 328.1 65.1 328.2 64.8 328.3 64.5 328.4 64.2 328.5 63.8 328.6 63.5 328.5
  63.1 328.3 62.8 328.1 62.5 328.0 62.2 327.9 62.0 327.8 61.8 327.4 61.6 327.0
  61.5 326.6 61.4 326.2 61.2 325.8 61.1 325.4 61.0 325.1 60.9 324.8 60.7 324.5
  60.6 324.1 60.4 323.8 60.4 323.5 60.3 323.2 60.3 322.9 60.2 322.6 60.1 322.3
  60.0 321.9 59.9 321.6 59.8 320.8 59.7 319.9 59.7 319.1 59.7 318.2 59.7 317.4
  59.6 316.7 59.6 316.0 59.7 315.3 59.9 314.6 60.0 314.0 60.1 313.4 60.2 313.0
  60.3 312.6 60.4 312.3 60.4 311.9 60.6 311.6 60.6 311.2 60.7 310.9 60.7 310.6
  60.7 310.3 60.7 310.0 60.6 309.8 60.5 309.6 60.3 309.4 60.1 309.2 59.9 309.1
  59.7 308.8 59.5 308.5 59.3 308.3 59.1 308.2 58.9 308.0 58.7 307.9 58.7 307.8
  58.6 307.8 58.5 307.7 58.5 307.7 58.4 307.8 58.3 307.9 58.2 307.9 58.1 307.9
  57.9 307.9 57.7 307.9 57.5 307.8 57.3 307.7 57.1 307.6 56.8 307.5 56.5 307.4
  56.2 307.3 55.8 307.2 55.5 307.1 55.1 307.0 54.7 306.8 54.4 306.5 54.0 306.2
  53.6 305.9 53.3 305.5 52.9 305.1 52.5 304.7 52.0 304.3 51.6 303.8 51.2 303.4
  50.7 303.0 50.2 302.6 49.8 302.1 49.3 301.6 48.9 301.2 48.6 300.7 48.2 300.2
  47.9 299.7 47.5 299.3 47.2 298.9 46.9 298.5 46.6 298.1 46.3 297.7 46.0 297.2
  45.7 296.8 45.5 296.4 45.3 296.0 45.1 295.5 45.0 295.0 44.9 294.5 44.8 294.0
  44.7 293.4 44.6 292.9 44.6 292.3 44.6 291.7 44.6 291.2 44.6 290.6 44.6 290.0
  44.6 289.4 44.6 288.8 44.6 288.3 44.7 287.7 44.8 287.2 44.9 286.7 45.1 286.2
  45.3 285.7 45.4 285.2 45.6 284.7 45.8 284.2 45.9 283.7 46.0 283.1 46.2 282.5
  46.4 281.9 46.6 281.3 46.8 280.7 47.1 280.2 47.4 279.7 47.7 279.2 48.1 278.8
  48.5 278.3 48.9 277.8 49.3 277.4 49.7 277.0 50.1 276.6 50.5 276.2 50.9 275.9
  51.3 275.5 51.7 275.3 52.1 275.0 52.5 274.7 52.9 274.4 53.3 274.1 53.6 273.8
  54.0 273.6 54.4 273.4 54.7 273.2 55.1 273.1 55.4 273.0 55.7 273.0 56.0 273.0
  56.3 273.0 56.6 273.1 56.9 273.3 57.2 273.4 57.4 273.6 57.7 273.8 57.9 274.1
  58.1 274.3 58.3 274.4 58.5 274.5 58.7 274.6 58.9 274.8 59.0 275.0 59.2 275.2
  59.4 275.4 59.5 275.6 59.6 275.8 59.7 276.0 59.8 276.2 59.7 276.3 59.7 276.4
  59.7 276.4 59.6 276.5 59.6 276.5 59.5 276.5 59.4 276.5 59.3 276.4 59.3 276.3
  59.2 276.2 59.2 276.0 59.2 275.8 59.2 275.6 59.2 275.4 59.2 275.1 59.2 274.8
  59.2 274.5 59.3 274.1 59.3 273.7
   8  6 78  0.0
  72.5 321.4 72.4 321.1 72.3 320.8 72.3 320.6 72.2 320.4 72.1 320.2 72.0 320.0
  71.9 319.8 71.8 319.4 71.8 319.1 71.7 318.7 71.6 318.4 71.5 318.0 71.4 317.7
  71.2 317.4 71.1 317.2 71.0 316.9 70.8 316.7 70.7 316.5 70.6 316.3 70.4 316.1
  70.2 316.0 70.1 315.8 69.9 315.7 69.8 315.5 69.6 315.3 69.5 315.1 69.3 314.9
  69.2 314.7 69.0 314.5 68.9 314.4 68.7 314.3 68.5 314.2 68.4 314.1 68.2 314.0
  68.1 313.9 67.9 313.9 67.7 313.7 67.6 313.6 67.5 313.4 67.3 313.3 67.2 313.2
  67.1 313.1 67.0 313.0 66.9 313.0 66.9 313.0 66.8 312.9 66.8 312.9 66.7 312.9
  66.7 313.0 66.7 313.0 66.7 313.1 66.7 313.1 66.7 313.2 66.7 313.3 66.7 313.4
  66.7 313.6 66.7 313.7 66.7 313.9 66.7 314.0 66.7 314.2 66.8 314.4 66.8 314.7
  66.8 314.9 66.9 315.1 66.9 315.3 67.0 315.5 67.0 315.7 67.0 316.0 67.1 316.2
  67.1 316.5 67.1 316.7 67.0 317.0 67.0 317.3 67.0 317.6 66.9 317.9 66.9 318.2
  66.9 318.5 66.8 318.9 66.8 319.3 66.7 319.6 66.7 320.0 66.5 320.4 66.4 320.9
  66.3 321.3 66.2 321.7 66.0 322.1 65.9 322.5 65.7 322.9 65.5 323.3 65.3 323.7
  65.2 324.1 64.8 324.5 64.5 324.9 64.1 325.2 63.7 325.6 63.3 325.7 62.8 325.8
  62.4 325.9 62.0 326.0 61.6 325.8 61.2 325.6 60.8 325.4 60.4 325.2 60.0 325.0
  59.5 324.4 59.1 323.9 58.9 323.3 58.7 322.8 58.5 322.3 58.3 321.8 58.0 321.4
  57.7 320.9 57.4 320.3 57.1 319.6 56.9 319.0 56.7 318.4 56.4 317.8 56.1 317.2
  55.8 316.6 55.4 315.9 55.1 315.3 54.8 314.6 54.5 314.0 54.1 313.4 53.7 312.8
  53.3 312.0 52.9 311.3 52.6 310.5 52.3 309.8 51.9 309.2 51.5 308.3 51.1 307.4
  51.0 306.6 50.8 305.8 50.7 305.1 50.5 304.4 50.3 303.8 50.3 303.1 50.3 302.5
  50.2 302.0 50.2 301.4 50.1 300.9 50.0 300.4 49.8 299.7 49.9 299.0 49.9 298.4
  49.9 297.8 49.8 297.3 49.7 296.8 49.6 296.3 49.5 295.9 49.5 295.5 49.5 295.1
  49.5 294.7 49.4 294.3 49.3 293.9 49.2 293.6 49.1 293.2 49.0 292.8 48.8 292.4
  48.7 291.9 48.7 291.5 48.7 291.1 48.7 290.6 48.6 290.2 48.5 289.7 48.4 289.3
  48.3 288.9 48.1 288.4 47.9 288.0 48.0 287.4 48.0 286.8 47.9 286.2 47.9 285.6
  47.9 284.9 47.8 284.2 47.7 283.5 47.7 282.8 47.6 282.1 47.5 281.3 47.3 280.6
  47.2 279.8 47.2 279.1 47.3 278.4 47.3 277.7 47.3 277.0 47.4 276.4 47.4 275.7
  47.5 275.1 47.6 274.4 47.6 273.8 47.6 273.1 47.6 272.4 47.6 271.8 47.6 271.1
  47.6 270.5 47.7 269.8 47.7 269.2 47.7 268.5 47.8 267.8 47.8 267.1 47.7 266.4
  47.7 265.7 47.6 265.0 47.5 264.2 47.5 263.5 47.4 262.7 47.3 261.9 47.3 261.2
  47.3 260.4 47.3 259.7 47.3 259.0 47.4 258.3 47.4 257.7 47.5 257.0 47.5 256.4
  47.5 255.8 47.5 255.3 47.5 254.7 47.5 254.2 47.5 253.6 47.5 253.1 47.4 252.6
  47.4 252.1 47.4 251.7 47.3 251.2 47.1 250.8 47.0 250.3 46.8 249.9 46.7 249.5
  46.5 249.1 46.4 248.7 46.3 248.2 46.2 247.8 46.1 247.5 46.0 247.1 45.9 246.8
  45.7 246.6 45.6 246.4 45.5 246.2
   8  7 78  0.0
  72.5 321.4 72.4 321.0 72.4 320.6 72.3 320.3 72.3 319.9 72.2 319.6 72.2 319.3
  72.1 319.0 72.1 318.8 72.0 318.5 72.0 318.3 71.9 318.1 71.8 317.9 71.7 317.7
  71.6 317.6 71.5 317.4 71.4 317.3 71.3 317.1 71.2 317.0 71.1 316.8 70.9 316.6
  70.8 316.5 70.7 316.3 70.5 316.2 70.3 316.0 70.2 315.9 70.0 315.7 69.8 315.5
  69.6 315.3 69.4 315.1 69.2 314.9 68.9 314.6 68.7 314.4 68.5 314.2 68.2 313.9
  68.0 313.7 67.8 313.4 67.5 313.1 67.3 312.8 67.1 312.5 66.9 312.2 66.6 311.9
  66.3 311.6 66.1 311.3 65.8 311.1 65.5 310.7 65.3 310.4 65.0 310.0 64.7 309.6
  64.4 309.3 64.1 308.9 63.8 308.6 63.6 308.2 63.3 307.7 63.0 307.3 62.6 306.8
  62.3 306.4 61.9 306.0 61.6 305.5 61.3 304.9 61.1 304.3 60.8 303.8 60.5 303.2
  60.2 302.6 59.9 302.1 59.7 301.4 59.4 300.7 59.2 300.1 58.9 299.4 58.6 298.8
  58.3 298.2 58.0 297.5 57.7 296.9 57.3 296.3 57.0 295.7 56.6 295.1 56.2 294.6
  55.8 294.0 55.5 293.5 55.1 292.9 54.7 292.4 54.3 291.9 53.7 291.4 53.1 290.8
  52.5 290.2 52.0 289.5 51.5 288.8 51.1 288.1 50.7 287.3 50.3 286.6 49.8 285.9
  49.5 285.2 49.1 284.5 48.7 283.9 48.3 283.2 47.9 282.6 47.5 281.9 47.1 281.3
  46.8 280.7 46.4 280.0 46.1 279.4 45.8 278.8 45.6 278.2 45.3 277.6 45.1 276.9
  44.9 276.3 44.7 275.6 44.5 275.0 44.4 274.3 44.2 273.7 44.0 273.1 43.8 272.5
  43.7 271.9 43.6 271.3 43.5 270.8 43.4 270.3 43.3 269.7 43.2 269.2 43.1 268.7
  43.0 268.1 42.9 267.6 42.9 267.0 42.9 266.5 42.9 265.9 43.0 265.4 43.0 264.9
  43.0 264.4 43.0 263.9 43.1 263.5 43.1 263.0 43.1 262.6 43.1 262.2 43.1 261.8
  43.1 261.4 43.1 261.1 43.1 260.7 43.1 260.4 43.1 260.0 43.2 259.7 43.2 259.3
  43.3 259.0 43.3 258.7 43.4 258.4 43.5 258.1 43.5 257.8 43.6 257.6 43.7 257.3
  43.8 257.1 43.9 256.8 44.0 256.6 44.2 256.2 44.3 255.8 44.5 255.5 44.6 255.2
  44.7 254.9 44.9 254.6 45.0 254.3 45.2 254.0 45.4 253.7 45.5 253.5 45.7 253.2
  45.9 253.0 46.1 252.7 46.3 252.4 46.5 252.0 46.6 251.6 46.6 251.3 46.7 250.9
  46.7 250.6 46.8 250.2 46.9 249.9 47.0 249.6 47.0 249.2 47.1 248.9 47.2 248.7
  47.3 248.4 47.4 248.1 47.6 247.9 47.5 247.6 47.5 247.4 47.5 247.2 47.4 247.0
  47.4 246.8 47.4 246.6 47.4 246.4 47.4 246.2 47.5 246.0 47.5 245.9 47.5 245.7
  47.6 245.6 47.7 245.4 47.8 245.3 47.9 245.2 48.0 245.1 48.1 245.0 48.2 244.8
  48.4 244.6 48.5 244.4 48.6 244.3 48.7 244.1 48.8 243.9 48.9 243.7 48.9 243.5
  49.0 243.3 49.0 243.1 49.1 242.9 49.1 242.6 49.2 242.4 49.2 242.2 49.2 242.0
  49.3 241.8 49.3 241.6 49.3 241.4 49.3 241.2 49.3 241.0 49.3 240.8 49.3 240.6
  49.3 240.4 49.3 240.2 49.3 240.0 49.3 239.8 49.2 239.7 49.1 239.5 49.1 239.3
  49.0 239.1 49.0 238.9 48.9 238.8 48.8 238.6 48.7 238.4 48.6 238.2 48.6 238.0
  48.5 237.8 48.4 237.6 48.4 237.4 48.3 237.2 48.3 237.0 48.2 236.8 48.2 236.6
  48.2 236.3 48.1 236.1 48.1 235.9
   8  8 78  0.0
  72.5 321.4 72.5 321.2 72.5 321.0 72.5 320.7 72.5 320.5 72.5 320.3 72.4 320.0
  72.4 319.8 72.4 319.6 72.4 319.3 72.3 319.1 72.3 318.8 72.2 318.6 72.2 318.4
  72.1 318.1 72.1 317.9 72.0 317.7 71.9 317.4 71.9 317.1 71.8 316.8 71.8 316.5
  71.8 316.3 71.7 316.0 71.7 315.8 71.6 315.6 71.6 315.4 71.5 315.2 71.5 315.1
  71.4 314.9 71.3 314.8 71.2 314.7 71.1 314.7 70.9 314.6 70.8 314.6 70.6 314.6
  70.5 314.6 70.3 314.6 70.1 314.6 69.8 314.6 69.6 314.6 69.4 314.6 69.2 314.5
  68.9 314.5 68.7 314.4 68.4 314.4 68.1 314.3 67.8 314.3 67.5 314.3 67.2 314.3
  66.9 314.4 66.5 314.4 66.2 314.4 65.8 314.3 65.5 314.3 65.1 314.2 64.8 314.1
  64.5 314.0 64.1 313.9 63.8 313.7 63.5 313.6 63.2 313.5 62.9 313.4 62.6 313.2
  62.3 313.0 62.1 312.8 61.8 312.5 61.6 312.2 61.3 311.8 61.0 311.4 60.6 310.9
  60.1 310.5 59.7 310.0 59.3 309.4 58.8 308.8 58.4 308.2 58.0 307.6 57.4 307.0
  56.9 306.3 56.4 305.7 55.9 305.0 55.5 304.2 55.1 303.5 54.7 302.7 54.4 302.0
  54.1 301.3 53.9 300.5 53.6 299.8 53.3 299.1 53.0 298.4 52.7 297.8 52.3 297.2
  52.0 296.5 51.7 295.9 51.3 295.3 51.0 294.7 50.6 294.1 50.3 293.5 50.0 293.0
  49.7 292.4 49.4 291.8 49.1 291.2 48.8 290.6 48.5 289.9 48.2 289.3 47.9 288.6
  47.6 288.0 47.2 287.3 46.9 286.5 46.6 285.8 46.2 285.1 45.9 284.3 45.6 283.6
  45.3 283.0 45.0 282.3 44.6 281.7 44.3 281.0 44.0 280.4 43.7 279.8 43.5 279.2
  43.2 278.6 43.0 278.0 42.8 277.4 42.6 276.8 42.4 276.2 42.2 275.5 42.0 274.9
  41.9 274.3 41.7 273.8 41.6 273.3 41.4 272.8 41.2 272.3 41.1 271.8 40.9 271.3
  40.7 270.7 40.6 270.3 40.4 269.8 40.2 269.3 40.1 268.8 40.0 268.3 39.8 267.9
  39.8 267.5 39.8 267.0 39.7 266.6 39.7 266.2 39.7 265.9 39.7 265.5 39.6 265.1
  39.6 264.8 39.6 264.4 39.6 264.1 39.5 263.8 39.5 263.4 39.4 263.1 39.3 262.8
  39.3 262.5 39.2 262.2 39.1 262.0 39.0 261.7 38.9 261.4 38.9 261.1 38.8 260.9
  38.7 260.6 38.7 260.4 38.6 260.2 38.5 260.0 38.5 259.7 38.4 259.5 38.3 259.3
  38.3 259.2 38.2 259.0 38.1 258.8 38.0 258.6 37.9 258.5 37.8 258.4 37.8 258.3
  37.7 258.2 37.6 258.1 37.6 258.0 37.5 257.9 37.5 257.8 37.4 257.7 37.4 257.6
  37.4 257.6 37.3 257.5 37.3 257.5 37.3 257.4 37.3 257.4 37.2 257.4 37.2 257.4
  37.2 257.4 37.1 257.4 37.1 257.4 37.1 257.4 37.0 257.5 37.0 257.5 37.0 257.5
  36.9 257.5 36.9 257.5 36.9 257.5 36.8 257.5 36.8 257.4 36.8 257.4 36.8 257.3
  36.8 257.3 36.7 257.2 36.7 257.1 36.7 257.0 36.7 256.9 36.7 256.9 36.7 256.8
  36.6 256.8 36.6 256.7 36.6 256.7 36.6 256.7 36.5 256.6 36.5 256.6 36.5 256.6
  36.4 256.6 36.4 256.6 36.3 256.6 36.3 256.6 36.3 256.6 36.2 256.6 36.1 256.6
  36.1 256.6 36.0 256.5 36.0 256.5 35.9 256.6 35.8 256.7 35.8 256.7 35.7 256.8
  35.6 256.8 35.6 256.9 35.5 257.0 35.4 257.0 35.3 257.1 35.2 257.1 35.2 257.2
  35.1 257.2 35.0 257.3 34.9 257.3
   8  9 78  0.0
  72.5 321.4 72.6 320.7 72.8 320.1 72.9 319.4 73.0 318.8 73.1 318.1 73.2 317.5
  73.3 316.9 73.4 316.3 73.5 315.6 73.5 315.0 73.5 314.4 73.6 313.8 73.6 313.3
  73.7 312.7 73.7 312.2 73.7 311.7 73.7 311.2 73.7 310.7 73.7 310.3 73.7 309.9
  73.8 309.5 73.8 309.1 73.8 308.8 73.8 308.4 73.8 308.2 73.8 307.9 73.8 307.6
  73.7 307.3 73.7 307.1 73.7 306.8 73.6 306.6 73.6 306.3 73.6 306.1 73.6 305.9
  73.6 305.7 73.5 305.5 73.5 305.4 73.5 305.2 73.5 305.1 73.5 305.0 73.5 304.9
  73.5 304.9 73.5 304.9 73.5 304.8 73.5 304.9 73.5 304.9 73.5 305.0 73.5 305.0
  73.5 305.1 73.5 305.2 73.5 305.4 73.5 305.5 73.4 305.7 73.4 305.9 73.4 306.1
  73.3 306.3 73.2 306.5 73.2 306.7 73.1 307.0 73.0 307.2 72.9 307.5 72.8 307.7
  72.7 308.0 72.6 308.2 72.5 308.4 72.3 308.6 72.2 308.8 72.1 309.0 72.0 309.1
  71.8 309.4 71.7 309.6 71.6 309.8 71.5 310.0 71.4 310.1 71.2 310.3 71.1 310.4
  70.9 310.5 70.8 310.5 70.6 310.6 70.4 310.6 70.3 310.6 70.1 310.6 69.9 310.6
  69.7 310.4 69.5 310.3 69.3 310.1 69.1 310.0 68.9 309.8 68.7 309.7 68.5 309.6
  68.3 309.5 68.1 309.4 67.9 309.3 67.7 309.0 67.5 308.8 67.3 308.6 67.1 308.3
  66.9 308.1 66.7 307.9 66.5 307.7 66.3 307.6 66.0 307.4 65.8 307.3 65.6 307.0
  65.4 306.7 65.1 306.4 64.9 306.1 64.7 305.8 64.5 305.6 64.3 305.3 64.1 305.0
  63.9 304.7 63.8 304.2 63.6 303.7 63.5 303.1 63.3 302.6 63.1 302.1 63.0 301.5
  62.9 301.0 62.7 300.5 62.6 300.0 62.4 299.5 62.2 299.0 62.0 298.6 61.9 298.1
  61.7 297.6 61.6 297.0 61.5 296.5 61.5 295.9 61.2 295.4 60.8 295.0 60.5 294.5
  60.1 294.1 59.7 293.7 59.4 293.3 59.1 292.9 58.8 292.6 58.5 292.2 58.2 291.8
  57.7 291.4 57.3 291.0 56.9 290.6 56.5 290.2 56.2 289.8 55.9 289.4 55.7 289.0
  55.4 288.5 55.2 288.1 55.0 287.7 54.6 287.2 54.3 286.8 54.0 286.3 53.7 285.8
  53.5 285.4 53.2 284.9 53.0 284.5 52.9 284.0 52.7 283.6 52.4 283.1 52.2 282.7
  51.9 282.2 51.7 281.8 51.5 281.3 51.3 280.8 51.2 280.2 51.0 279.7 50.9 279.1
  50.8 278.5 50.7 277.8 50.7 277.1 50.6 276.5 50.6 275.9 50.5 275.4 50.4 274.9
  50.3 274.4 50.3 273.9 50.3 273.4 50.3 273.0 50.3 272.6 50.3 272.2 50.4 271.8
  50.4 271.5 50.4 271.1 50.4 270.6 50.5 270.2 50.6 269.7 50.6 269.3 50.7 268.8
  50.9 268.3 51.0 267.8 51.1 267.4 51.2 266.9 51.3 266.4 51.5 265.9 51.6 265.5
  51.8 265.0 52.0 264.5 52.1 264.1 52.3 263.5 52.5 263.0 52.7 262.5 52.9 262.1
  53.1 261.6 53.3 261.2 53.6 260.8 53.8 260.4 54.1 260.0 54.4 259.5 54.6 259.0
  54.9 258.5 55.2 258.0 55.5 257.5 55.7 257.1 56.0 256.7 56.4 256.2 56.7 255.7
  57.0 255.2 57.4 254.8 57.7 254.4 58.1 253.9 58.4 253.4 58.8 253.0 59.2 252.5
  59.6 252.0 60.0 251.5 60.3 251.0 60.7 250.5 61.1 250.0 61.5 249.6 61.9 249.1
  62.2 248.6 62.6 248.2 63.0 247.7 63.3 247.3 63.7 246.8 64.0 246.4 64.3 246.0
  64.7 245.5 65.0 245.1 65.4 244.7
   8 10 78  0.0
  72.5 321.4 72.5 320.9 72.5 320.3 72.4 319.8 72.4 319.3 72.4 318.8 72.4 318.3
  72.3 317.9 72.3 317.4 72.3 316.9 72.3 316.4 72.4 315.8 72.3 315.3 72.3 314.8
  72.2 314.3 72.2 313.7 72.2 313.1 72.1 312.6 72.1 312.0 72.0 311.4 72.0 310.8
  71.9 310.4 71.9 310.0 71.9 309.5 71.8 309.1 71.8 308.7 71.8 308.2 71.8 307.8
  71.8 307.4 71.7 306.9 71.7 306.4 71.7 305.9 71.6 305.4 71.6 304.9 71.6 304.3
  71.6 303.7 71.6 303.1 71.5 302.5 71.5 301.8 71.5 301.2 71.4 300.5 71.4 299.8
  71.4 299.1 71.4 298.4 71.3 297.7 71.3 297.0 71.3 296.2 71.3 295.5 71.3 294.7
  71.3 293.9 71.3 293.1 71.3 292.3 71.3 291.4 71.3 290.5 71.3 289.6 71.3 288.7
  71.3 287.7 71.3 286.7 71.2 285.6 71.2 284.5 71.2 283.4 71.2 282.2 71.1 281.0
  71.1 279.7 71.0 278.4 70.9 277.0 70.9 275.6 70.8 274.2 70.7 272.7 70.6 271.1
  70.4 269.5 70.3 267.8 70.2 266.1 70.1 264.3 70.0 262.5 69.8 261.0 69.7 259.6
  69.5 258.2 69.4 256.8 69.3 255.4 69.1 254.0 69.0 252.6 68.9 251.3 68.8 249.9
  68.7 248.5 68.6 247.2 68.5 245.8 68.5 244.5 68.4 243.2 68.4 241.9 68.4 240.6
  68.3 239.4 68.3 238.1 68.3 236.9 68.3 235.6 68.4 234.4 68.5 233.1 68.5 231.8
  68.6 230.5 68.6 229.3 68.7 228.0 68.8 226.7 68.9 225.4 69.0 224.2 69.1 222.9
  69.2 221.6 69.3 220.4 69.4 219.1 69.6 217.9 69.7 216.6 69.8 215.4 69.9 214.2
  70.0 213.0 70.1 211.3 70.2 209.6 70.2 208.0 70.3 206.4 70.3 204.8 70.3 203.2
  70.2 201.6 70.2 200.1 70.1 198.7 70.1 197.3 70.1 195.9 70.1 194.7 70.1 193.4
  70.1 192.2 70.1 191.0 70.1 189.9 70.1 188.8 70.2 187.8 70.2 186.7 70.2 185.7
  70.3 184.8 70.3 183.9 70.4 183.0 70.4 182.3 70.4 181.5 70.4 180.9 70.4 180.2
  70.4 179.7 70.4 179.1 70.5 178.6 70.5 178.2 70.5 177.8 70.5 177.4 70.5 177.0
  70.5 176.6 70.4 176.3 70.4 176.0 70.4 175.7 70.4 175.4 70.3 175.1 70.3 174.8
  70.3 174.5 70.2 174.3 70.2 174.0 70.1 173.8 70.0 173.6 70.0 173.4 70.0 173.6
  69.9 173.8 69.9 174.0 69.9 174.2 69.8 174.4 69.8 174.5 69.8 174.7 69.8 174.8
  69.8 174.9 69.8 175.0 69.8 175.1 69.7 175.1 69.7 175.2 69.7 175.2 69.6 175.3
  69.6 175.3 69.5 175.3 69.4 175.3 69.3 175.3 69.3 175.3 69.2 175.2 69.0 175.2
  68.9 175.1 68.8 175.0 68.7 174.9 68.6 174.7 68.4 174.5 68.3 174.3 68.2 174.1
  68.0 173.8 67.9 173.5 67.8 173.5 67.6 173.5 67.5 173.5 67.3 173.4 67.2 173.3
  67.1 173.2 66.9 173.1 66.8 173.0 66.7 172.8 66.6 172.7 66.5 172.5 66.4 172.3
  66.3 172.2 66.2 171.9 65.9 171.7 65.7 171.9 65.4 172.0 65.2 172.0 65.2 172.1
  65.2 172.1 65.2 172.1 65.2 172.1 65.2 172.0 65.1 171.9 65.0 171.8 64.9 171.6
  64.8 171.5 64.8 171.3 64.7 171.1 64.7 170.9 64.6 170.7 64.6 170.6 64.6 170.4
  64.6 170.2 64.6 170.0 64.6 169.8 64.6 169.6 64.6 169.4 64.7 169.2 64.7 169.1
  64.8 168.9 64.8 168.8 64.9 168.7 65.0 168.5 65.2 168.5 65.3 168.4 65.4 168.3
  65.6 168.2 65.8 168.2 65.9 168.2
   8 11 78  0.0
  72.5 321.4 72.3 320.9 72.0 320.3 71.8 319.8 71.5 319.7 71.2 319.5 71.0 319.3
  70.7 319.2 70.5 319.0 70.3 318.8 70.0 318.7 69.8 318.5 69.6 318.5 69.5 318.5
  69.3 318.4 69.1 318.4 69.0 318.4 68.8 318.4 68.7 318.4 68.6 318.3 68.4 318.3
  68.3 318.3 68.2 318.3 68.1 318.3 68.1 318.2 68.0 318.2 67.9 318.4 67.9 318.6
  67.8 318.7 67.8 318.9 67.8 319.0 67.7 319.1 67.7 319.3 67.7 319.4 67.7 319.5
  67.7 319.6 67.7 319.7 67.7 319.7 67.7 319.8 67.7 319.8 67.7 319.8 67.7 319.8
  67.6 319.7 67.6 319.6 67.6 319.5 67.6 319.3 67.6 319.2 67.5 319.0 67.5 318.8
  67.5 318.6 67.4 318.4 67.4 318.2 67.3 318.0 67.3 317.9 67.3 317.7 67.2 317.6
  67.2 317.5 67.1 317.3 67.1 317.2 67.0 317.1 67.0 317.0 66.9 317.0 66.8 316.9
  66.7 316.7 66.6 316.6 66.5 316.5 66.4 316.4 66.3 316.2 66.1 316.1 65.9 315.9
  65.8 315.8 65.7 315.7 65.6 315.5 65.5 315.4 65.3 315.2 65.1 315.0 64.9 314.8
  64.7 314.7 64.5 314.5 64.3 314.3 64.0 314.1 63.8 313.9 63.5 313.8 63.2 313.7
  62.9 313.6 62.6 313.5 62.3 313.4 62.0 313.2 61.7 313.1 61.3 312.9 61.0 312.7
  60.6 312.5 60.2 312.3 59.9 312.0 59.5 311.6 59.1 311.2 58.7 310.7 58.3 310.2
  57.9 309.7 57.5 309.0 57.2 308.2 56.9 307.4 56.5 306.6 56.2 305.9 55.9 305.1
  55.6 304.2 55.3 303.2 54.9 302.3 54.5 301.3 54.1 300.3 53.7 299.2 53.3 298.0
  53.0 296.9 52.7 295.7 52.4 294.5 52.1 293.3 51.9 292.2 51.6 291.1 51.4 290.0
  51.2 288.8 51.0 287.6 50.7 286.4 50.5 285.2 50.3 284.0 50.1 282.8 50.0 281.6
  49.8 280.7 49.7 279.7 49.7 278.7 49.6 277.7 49.6 276.7 49.5 275.7 49.4 274.7
  49.4 273.6 49.3 272.6 49.3 271.6 49.4 270.6 49.5 269.6 49.6 268.7 49.7 267.8
  49.9 266.9 50.0 266.1 50.2 265.1 50.3 264.1 50.5 263.2 50.7 262.3 50.9 261.4
  51.2 260.6 51.4 259.9 51.7 259.2 51.9 258.5 52.2 257.9 52.5 257.3 52.7 256.7
  53.0 256.1 53.2 255.6 53.5 255.0 53.8 254.5 54.1 254.0 54.4 253.4 54.7 252.8
  55.0 252.3 55.3 251.8 55.5 251.3 55.8 250.8 56.0 250.3 56.2 249.7 56.4 249.2
  56.6 248.6 56.8 248.0 56.9 247.5 57.1 247.0 57.3 246.5 57.5 246.0 57.6 245.5
  57.8 245.1 57.9 244.6 58.0 244.2 58.1 243.7 58.2 243.1 58.3 242.6 58.4 242.1
  58.5 241.6 58.5 241.1 58.6 240.7 58.7 240.2 58.8 239.8 58.9 239.4 59.0 239.1
  59.1 238.7 59.2 238.4 59.2 238.1 59.3 237.8 59.4 237.6 59.5 237.4 59.6 237.2
  59.7 237.0 59.8 236.8 59.9 236.7 60.1 236.6 60.3 236.4 60.4 236.2 60.6 236.0
  60.7 235.8 60.7 235.7 60.8 235.6 60.9 235.5 61.0 235.4 61.1 235.3 61.2 235.2
  61.4 235.2 61.6 235.1 61.7 235.0 62.0 235.0 62.2 235.0 62.4 234.9 62.7 234.8
  63.0 234.7 63.3 234.7 63.6 234.7 63.9 234.7 64.2 234.7 64.6 234.6 64.9 234.5
  65.3 234.4 65.6 234.3 65.9 234.3 66.2 234.3 66.6 234.0 66.9 233.8 67.3 233.6
  67.6 233.4 68.0 233.2 68.3 232.9 68.7 232.5 69.1 232.0 69.4 231.4 69.7 230.9
  69.9 230.4 70.2 229.8 70.5 229.0
   8 12 78  0.0
  72.5 321.4 72.2 321.3 72.0 321.3 71.8 321.2 71.5 321.4 71.3 321.6 71.1 321.7
  70.9 321.9 70.7 322.0 70.4 322.1 70.2 322.2 70.0 322.3 69.8 322.3 69.6 322.7
  69.4 323.0 69.2 323.3 69.0 323.6 68.8 324.0 68.6 324.3 68.5 324.6 68.3 324.9
  68.2 325.2 68.1 325.5 68.0 325.7 67.8 326.5 67.7 327.2 67.7 327.9 67.6 328.7
  67.5 329.3 67.4 330.0 67.3 330.6 67.3 331.1 67.2 331.6 67.1 332.1 67.0 332.6
  67.0 333.0 66.9 333.3 66.8 333.6 66.7 333.9 66.6 334.2 66.5 334.4 66.4 334.6
  66.3 334.7 66.2 334.9 66.1 335.0 66.0 335.1 65.9 335.2 65.8 335.5 65.7 335.9
  65.6 336.2 65.5 336.5 65.4 336.7 65.2 336.9 65.1 337.1 65.0 337.2 64.9 337.3
  64.8 337.3 64.6 337.3 64.5 337.3 64.4 337.2 64.2 337.1 64.1 337.0 64.0 336.9
  63.9 337.0 63.7 337.1 63.6 337.2 63.5 337.2 63.4 337.1 63.3 337.0 63.2 336.8
  63.1 336.6 63.0 336.3 63.0 336.0 62.9 335.6 62.8 335.3 62.7 334.9 62.6 334.5
  62.4 334.2 62.3 333.8 62.2 333.4 62.0 333.0 61.9 332.7 61.8 332.6 61.7 332.4
  61.5 332.3 61.4 332.1 61.3 332.0 61.0 331.8 60.8 331.6 60.6 331.3 60.4 331.1
  60.3 330.8 60.1 330.4 60.0 330.1 59.9 329.9 59.8 329.7 59.7 329.5 59.6 329.3
  59.6 329.0 59.6 328.7 59.5 328.4 59.5 328.1 59.5 327.7 59.2 327.4 59.0 327.0
  58.8 326.6 58.6 326.2 58.4 325.8 58.2 325.5 58.0 325.1 57.8 324.6 57.6 324.2
  57.5 323.7 57.2 323.2 56.9 322.7 56.6 322.2 56.4 321.6 56.2 321.0 56.0 320.3
  55.8 319.7 55.4 319.0 55.1 318.3 54.9 317.5 54.6 316.7 54.4 316.0 54.1 315.2
  53.9 314.4 53.7 313.6 53.6 312.8 53.4 312.1 53.3 311.4 53.1 310.7 53.0 310.0
  52.9 309.4 52.7 308.7 52.6 308.0 52.5 307.3 52.4 306.5 52.3 305.7 52.3 304.9
  52.2 304.0 52.1 303.1 52.0 302.1 51.8 301.4 51.7 300.6 51.6 299.8 51.4 299.1
  51.3 298.3 51.1 297.5 51.0 296.6 50.9 295.7 50.8 294.8 50.7 293.8 50.7 292.9
  50.7 291.8 50.7 290.8 50.6 289.7 50.6 288.7 50.6 287.6 50.5 286.5 50.4 285.4
  50.4 284.3 50.3 283.2 50.3 282.1 50.2 281.0 50.2 279.9 50.3 278.9 50.5 277.9
  50.6 276.9 50.8 275.9 51.0 275.0 51.2 274.0 51.5 273.1 51.7 272.1 52.0 271.2
  52.3 270.3 52.7 269.4 53.1 268.5 53.6 267.6 54.0 266.7 54.3 265.9 54.7 265.1
  55.1 264.2 55.6 263.4 55.9 262.6 56.3 261.8 56.7 261.1 57.2 260.4 57.6 259.7
  58.0 259.0 58.5 258.3 58.9 257.6 59.3 256.9 59.7 256.2 60.1 255.4 60.5 254.7
  60.8 254.0 61.1 253.4 61.4 252.7 61.7 252.0 61.9 251.3 62.1 250.6 62.2 249.8
  62.4 249.1 62.6 248.3 62.7 247.6 62.8 246.8 62.9 246.1 62.9 245.4 63.0 244.8
  63.1 244.1 63.3 243.5 63.4 242.9 63.4 242.3 63.5 241.7 63.6 241.2 63.7 240.6
  63.8 240.1 63.9 239.5 64.0 239.0 64.1 238.6 64.1 237.9 64.2 237.3 64.3 236.7
  64.4 236.1 64.5 235.5 64.6 235.0 64.6 234.4 64.6 233.9 64.7 233.4 64.7 232.9
  64.8 232.4 64.9 231.9 64.9 231.5 64.9 231.0 65.0 230.6 65.1 230.2 65.1 229.9
  65.2 229.5 65.3 229.2 65.4 228.9
   8 13 78  0.0
  72.5 321.4 72.3 321.5 72.0 321.6 71.8 321.7 71.6 321.9 71.3 322.1 71.1 322.4
  70.9 322.6 70.6 322.8 70.4 323.0 70.1 323.2 69.8 323.3 69.6 323.6 69.4 323.8
  69.1 324.1 68.9 324.3 68.6 324.6 68.4 325.0 68.2 325.3 68.0 325.7 67.8 326.1
  67.6 326.7 67.5 327.4 67.3 328.1 67.1 328.9 66.8 329.7 66.6 330.4 66.4 331.1
  66.2 331.9 66.0 332.6 65.8 333.2 65.5 334.0 65.3 334.8 65.0 335.6 64.8 336.3
  64.5 337.0 64.2 337.6 63.9 338.1 63.6 338.7 63.3 339.3 63.0 339.8 62.6 340.4
  62.3 340.9 61.9 341.4 61.5 341.9 61.0 342.4 60.6 342.8 60.1 343.2 59.6 343.6
  59.1 343.9 58.6 344.2 58.0 344.4 57.4 344.4 56.9 344.5 56.4 344.5 55.8 344.5
  55.3 344.3 54.8 344.2 54.3 344.1 53.8 343.9 53.3 343.6 52.8 343.3 52.3 343.0
  51.8 342.7 51.3 342.2 50.8 341.8 50.4 341.3 49.9 340.8 49.5 340.3 49.1 339.9
  48.5 339.4 48.0 338.9 47.5 338.5 47.0 338.1 46.5 337.6 46.1 337.1 45.7 336.6
  45.3 336.1 45.0 335.6 44.7 335.1 44.3 334.5 44.0 334.0 43.7 333.4 43.4 333.0
  43.1 332.6 42.9 332.3 42.6 331.9 42.3 331.5 42.0 331.1 41.8 330.8 41.6 330.5
  41.4 330.3 41.2 330.0 41.1 329.8 41.0 329.5 40.9 329.3 40.8 329.0 40.7 328.8
  40.7 328.5 40.6 328.3 40.5 328.0 40.4 327.8 40.5 327.5 40.6 327.3 40.6 327.0
  40.7 326.8 40.8 326.5 40.8 326.2 40.9 326.0 41.0 325.7 41.1 325.5 41.1 325.3
  41.1 325.0 41.1 324.8 41.1 324.6 41.0 324.3 40.9 324.1 40.9 323.9 40.9 323.7
  41.0 323.5 41.0 323.3 41.1 323.1 41.1 322.9 41.1 322.7 41.1 322.5 41.1 322.4
  41.1 322.3 41.1 322.1 41.1 322.0 41.1 322.0 41.1 321.9 41.1 321.8 41.0 321.8
  41.0 321.8 41.0 321.8 41.0 321.8 40.9 321.8 40.9 321.9 40.8 322.0 40.8 322.1
  40.7 322.3 40.6 322.4 40.6 322.6 40.5 322.8 40.4 323.0 40.3 323.3 40.2 323.5
  40.1 323.7 40.1 324.0 40.1 324.2 39.9 324.5 39.8 324.7 39.7 324.8 39.6 325.0
  39.5 325.2 39.5 325.4 39.4 325.6 39.4 325.8 39.3 326.0 39.3 326.2 39.3 326.4
  39.2 326.6 39.2 326.7 39.1 326.9 39.1 327.0 39.0 327.2 38.9 327.3 38.9 327.5
  38.8 327.6 38.7 327.7 38.7 327.8 38.6 327.9 38.6 328.0 38.6 328.0 38.4 328.1
  38.3 328.1 38.1 328.2 38.0 328.2 37.9 328.2 37.8 328.1 37.7 327.8 37.8 327.6
  37.9 327.4 38.0 327.2 38.0 326.9 38.0 326.8 38.1 326.7 38.1 326.6 38.0 326.4
  38.0 326.2 37.9 325.9 37.8 325.6 37.7 325.2 37.6 324.8 37.5 324.4 37.5 324.0
  37.4 323.6 37.5 323.3 37.6 322.9 37.7 322.6 37.8 322.3 37.9 322.0 38.0 321.8
  38.1 321.7 38.2 321.6 38.3 321.5 38.4 321.4 38.5 321.3 38.6 321.1 38.7 321.0
  38.8 320.8 39.0 320.5 39.1 320.3 39.2 320.0 39.3 319.7 39.4 319.3 39.5 318.9
  39.7 318.5 39.8 318.2 39.9 317.8 40.0 317.5 40.2 317.1 40.3 316.7 40.5 316.4
  40.6 316.0 40.8 315.7 41.0 315.3 41.2 314.9 41.4 314.5 41.6 314.1 41.8 313.8
  41.9 313.4 42.1 312.9 42.2 312.4 42.4 311.9 42.5 311.4 42.6 310.9 42.7 310.4
  42.8 309.9 42.8 309.4 42.9 308.9
   8 14 78  0.0
  72.5 321.4 72.3 321.3 72.1 321.1 72.0 321.0 71.8 320.9 71.6 320.9 71.5 320.8
  71.3 320.7 71.1 320.6 70.9 320.5 70.7 320.4 70.5 320.2 70.3 320.1 70.1 319.9
  69.8 319.8 69.6 319.8 69.3 319.9 69.1 319.9 68.9 320.0 68.7 320.2 68.6 320.3
  68.4 320.5 68.3 320.7 68.2 321.0 68.0 321.3 67.9 321.6 67.8 322.1 67.6 322.6
  67.5 323.0 67.4 323.5 67.2 323.9 67.1 324.4 66.9 324.8 66.7 325.3 66.6 325.7
  66.4 326.1 66.2 326.5 66.0 326.9 65.8 327.3 65.7 327.9 65.5 328.5 65.3 329.2
  65.1 329.9 64.9 330.6 64.6 331.3 64.4 332.1 64.1 332.8 63.8 333.6 63.5 334.4
  63.1 335.2 62.8 335.9 62.5 336.6 62.1 337.3 61.7 337.9 61.3 338.5 60.9 339.0
  60.5 339.5 60.1 340.0 59.7 340.5 59.3 340.8 58.8 341.2 58.4 341.5 57.9 341.9
  57.4 342.2 57.0 342.4 56.5 342.7 56.0 342.9 55.5 343.1 55.0 343.0 54.5 343.0
  54.0 342.9 53.4 342.8 52.9 342.4 52.3 342.0 51.8 341.6 51.3 340.9 50.8 340.3
  50.3 339.7 50.0 339.1 49.6 338.3 49.3 337.6 48.9 336.9 48.5 336.2 48.1 335.5
  47.7 334.8 47.3 334.1 47.0 333.4 46.6 332.7 46.2 332.0 46.1 331.2 45.9 330.4
  45.8 329.5 45.7 328.6 45.6 327.5 45.6 326.5 45.7 325.4 45.8 324.2 45.8 323.1
  46.0 321.9 46.1 320.9 46.3 319.7 46.5 318.6 46.7 317.5 47.0 316.5 47.2 315.5
  47.4 314.5 47.6 313.6 47.8 312.8 48.0 311.9 48.3 311.1 48.5 310.3 48.7 309.5
  48.9 308.7 49.2 308.0 49.4 307.2 49.6 306.5 49.9 305.7 50.2 305.0 50.5 304.3
  50.8 303.7 51.1 303.0 51.5 302.3 51.9 301.7 52.3 301.0 52.7 300.3 53.0 299.7
  53.3 299.0 53.6 298.3 53.9 297.6 54.2 297.0 54.5 296.4 54.8 295.9 55.1 295.4
  55.3 294.9 55.6 294.4 55.9 293.8 56.2 293.3 56.5 293.0 56.8 292.7 57.1 292.3
  57.4 292.0 57.5 291.6 57.7 291.2 57.9 290.8 58.1 290.4 58.4 290.3 58.6 290.1
  58.9 289.9 59.2 289.6 59.5 289.4 59.8 289.2 60.2 288.9 60.5 288.9 60.9 288.8
  61.3 288.8 61.7 288.8 62.2 288.7 62.6 288.8 63.1 288.9 63.5 289.0 64.0 289.0
  64.4 289.1 64.8 289.1 65.2 289.1 65.6 289.2 66.0 289.2 66.3 289.2 66.7 289.2
  67.0 289.2 67.3 289.2 67.6 289.3 67.9 289.3 68.2 289.4 68.5 289.4 68.8 289.5
  69.0 289.5 69.3 289.6 69.5 289.6 69.7 289.7 69.9 289.9 70.1 290.0 70.3 290.1
  70.4 290.1 70.6 290.2 70.7 290.4 70.8 290.5 70.9 290.7 71.0 291.0 71.0 291.2
  71.0 291.5 71.1 291.9 71.1 292.3 71.1 292.7 71.0 293.1 71.0 293.6 71.0 294.0
  71.0 294.5 71.0 295.0 70.9 295.4 70.9 295.9 70.9 296.3 70.8 296.8 70.7 297.2
  70.7 297.6 70.6 298.0 70.5 298.3 70.4 298.7 70.3 299.1 70.2 299.4 70.1 299.8
  70.0 300.1 69.9 300.4 69.7 300.7 69.6 301.0 69.5 301.2 69.3 301.4 69.2 301.7
  69.0 301.9 68.9 302.1 68.7 302.3 68.5 302.5 68.4 302.6 68.2 302.8 68.0 303.0
  67.9 303.2 67.7 303.2 67.6 303.3 67.4 303.3 67.3 303.3 67.1 303.3 67.0 303.3
  66.8 303.4 66.7 303.4 66.5 303.4 66.4 303.4 66.3 303.4 66.2 303.4 66.1 303.3
  66.1 303.3 66.0 303.3 66.0 303.3
   8 15 78  0.0
  72.5 321.4 72.0 321.1 71.5 320.9 71.1 320.8 70.6 320.8 70.1 320.7 69.7 320.6
  69.3 320.7 68.9 320.7 68.5 320.7 68.1 320.8 67.8 320.9 67.5 321.0 67.2 321.1
  67.0 321.2 66.7 321.4 66.5 321.5 66.3 321.7 66.2 321.8 66.0 322.0 65.9 322.1
  65.8 322.3 65.7 322.4 65.7 322.6 65.6 322.8 65.6 322.9 65.6 323.2 65.5 323.4
  65.5 323.7 65.5 324.1 65.5 324.5 65.6 324.9 65.6 325.5 65.6 326.1 65.6 326.7
  65.6 327.5 65.6 328.4 65.6 329.3 65.6 330.2 65.5 331.1 65.4 332.0 65.3 332.8
  65.1 333.6 64.9 334.3 64.7 334.9 64.5 335.6 64.2 336.1 63.9 336.7 63.6 337.1
  63.3 337.5 63.0 337.9 62.7 338.2 62.4 338.6 62.1 339.0 61.8 339.3 61.5 339.5
  61.3 339.6 61.0 339.8 60.8 339.9 60.5 340.1 60.4 340.2 60.2 340.4 60.0 340.6
  59.8 340.5 59.6 340.4 59.4 340.3 59.2 340.3 59.0 340.3 58.8 340.3 58.6 340.3
  58.4 340.4 58.1 340.5 57.9 340.6 57.7 340.4 57.5 340.2 57.2 340.1 57.0 340.0
  56.7 339.9 56.5 339.8 56.2 339.8 56.0 339.8 55.8 339.6 55.6 339.4 55.4 339.2
  55.3 339.0 55.2 338.9 55.0 338.8 54.9 338.6 54.7 338.4 54.6 338.2 54.4 338.1
  54.3 337.9 54.1 337.7 53.9 337.5 53.7 336.9 53.5 336.4 53.2 335.9 53.2 335.4
  53.2 334.9 53.1 334.4 53.0 333.9 52.9 333.4 52.7 332.9 52.5 332.4 52.3 332.0
  52.2 331.5 52.1 331.1 51.9 330.7 51.7 330.1 51.5 329.5 51.3 328.9 51.1 328.4
  50.8 327.8 50.7 327.2 50.7 326.6 50.6 325.9 50.5 325.3 50.4 324.6 50.3 323.9
  50.6 323.1 50.8 322.4 51.0 321.6 51.2 320.8 51.4 320.0 51.8 319.2 52.2 318.3
  52.6 318.0 52.9 317.7 53.2 317.4 53.5 317.0 53.6 316.7 53.8 316.3 53.9 315.9
  54.3 315.5 54.7 315.7 55.0 315.8 55.3 316.0 55.6 316.1 55.6 316.2 55.7 316.3
  55.7 316.3 55.8 316.3 55.8 316.3 55.8 316.3 55.8 316.3 55.8 316.2 55.7 316.2
  55.7 316.1 55.7 316.0 55.8 315.9 55.9 315.8 56.0 315.6 56.1 315.4 56.1 315.5
  56.2 315.5 56.2 315.6 56.3 315.5 56.3 315.5 56.3 315.4 56.3 315.3 56.2 315.2
  56.1 315.1 55.9 315.0 55.7 314.7 55.5 314.3 55.3 313.9 55.0 313.5 54.7 313.0
  54.4 312.6 54.0 312.1 53.7 311.6 53.6 311.0 53.5 310.3 53.4 309.5 53.2 308.8
  53.1 308.0 53.0 307.2 53.0 306.4 53.1 305.5 53.1 304.6 53.0 303.7 53.2 302.8
  53.3 301.8 53.3 300.8 53.4 299.9 53.5 298.9 53.7 298.0 53.8 297.0 53.9 296.1
  54.0 295.3 54.2 294.4 54.4 293.6 54.6 292.8 54.9 292.0 55.1 291.2 55.3 290.4
  55.6 289.5 55.8 288.7 56.0 287.8 56.4 287.2 56.7 286.6 57.1 286.0 57.5 285.4
  57.9 284.8 58.4 284.3 58.9 284.0 59.4 283.8 59.9 283.6 60.4 283.3 60.9 283.3
  61.4 283.3 61.8 283.4 62.3 283.4 62.7 283.6 63.1 283.8 63.5 284.0 63.8 284.2
  64.1 284.5 64.3 284.8 64.5 285.1 64.7 285.5 64.8 285.9 65.0 286.4 65.1 286.8
  65.1 287.3 65.2 287.8 65.2 288.3 65.1 288.8 65.0 289.3 64.8 289.8 64.7 290.3
  64.5 290.7 64.3 291.2 64.1 291.6 63.9 292.0 63.6 292.2 63.3 292.3 63.0 292.4
  62.7 292.6 62.4 292.7 62.0 292.8
   8 16 78  0.0
  72.5 321.4 72.2 321.5 71.8 321.6 71.6 322.1 71.3 322.4 71.0 322.8 70.7 323.0
  70.5 323.3 70.2 323.5 70.0 323.6 69.7 324.0 69.5 324.3 69.4 324.6 69.3 324.8
  69.2 325.0 69.1 325.3 69.0 325.5 68.8 325.8 68.7 326.0 68.5 326.2 68.3 326.5
  68.1 326.7 67.9 327.0 67.7 327.3 67.6 327.7 67.4 328.1 67.3 328.5 67.3 328.9
  67.2 329.4 67.2 329.9 67.1 330.4 67.1 331.0 67.0 331.6 66.9 332.2 66.9 332.9
  66.9 333.6 66.8 334.3 66.8 335.1 66.7 335.9 66.6 336.7 66.6 337.4 66.5 338.2
  66.5 338.9 66.4 339.7 66.4 340.4 66.3 341.1 66.2 341.7 66.1 342.3 66.0 342.8
  65.9 343.3 65.8 344.0 65.7 344.6 65.7 345.1 65.6 345.6 65.6 346.1 65.5 346.6
  65.4 347.0 65.3 347.3 65.2 347.7 65.1 348.0 65.0 348.3 64.9 348.6 64.8 348.9
  64.6 349.1 64.5 349.4 64.4 349.6 64.2 349.9 64.1 350.1 63.9 350.3 63.7 350.5
  63.6 350.7 63.4 350.9 63.2 351.1 63.0 351.2 62.9 351.4 62.7 351.6 62.5 351.8
  62.3 352.0 62.1 352.2 61.9 352.4 61.7 352.6 61.5 352.7 61.3 352.9 61.1 353.1
  61.0 353.3 60.7 353.6 60.5 353.8 60.3 354.0 60.1 354.3 59.9 354.5 59.6 354.7
  59.4 354.8 59.1 355.0 58.9 355.2 58.6 355.4 58.3 355.6 58.0 355.8 57.7 356.0
  57.4 356.0 57.1 356.0 56.9 356.0 56.6 355.9 56.4 355.9 56.1 355.8 55.9 355.7
  55.6 355.5 55.4 355.4 55.2 355.2 55.0 355.1 54.8 354.9 54.5 354.8 54.3 354.7
  54.1 354.5 53.9 354.4 53.7 354.3 53.5 354.1 53.3 354.0 53.2 353.9 53.0 353.7
  52.9 353.6 52.8 353.5 52.8 353.3 52.7 353.2 52.6 353.0 52.6 352.9 52.5 352.7
  52.5 352.6 52.4 352.5 52.4 352.3 52.4 352.2 52.4 352.0 52.4 351.9 52.2 351.8
  52.0 351.6 51.9 351.5 51.8 351.3 51.7 351.1 51.7 350.9 51.7 350.6 51.6 350.4
  51.7 350.1 51.7 349.8 51.7 349.5 51.8 349.2 51.9 348.9 52.0 348.5 52.1 348.2
  52.2 347.8 52.1 347.3 52.1 346.9 52.0 346.5 52.0 346.0 51.9 345.6 51.9 345.2
  52.0 344.7 52.0 344.3 52.0 343.8 51.7 343.2 51.4 342.7 51.1 342.2 50.9 341.8
  50.7 341.3 50.5 340.8 50.3 340.3 50.1 339.8 49.7 339.3 49.4 338.9 49.1 338.3
  48.8 337.8 48.6 337.3 48.3 336.7 48.1 336.1 47.9 335.5 47.6 335.0 47.4 334.4
  47.1 333.9 46.9 333.3 46.7 332.7 46.5 332.2 46.3 331.6 46.1 331.0 46.0 330.5
  45.8 330.1 45.7 329.7 45.5 329.3 45.4 328.9 45.2 328.5 45.1 328.1 44.9 327.8
  44.8 327.4 44.6 327.1 44.4 326.8 44.2 326.5 44.0 326.2 43.7 326.1 43.5 326.0
  43.2 325.9 43.0 325.8 42.7 325.8 42.5 325.7 42.2 325.7 41.9 325.6 41.7 325.7
  41.4 325.8 41.1 325.8 40.9 326.0 40.6 326.1 40.4 326.2 40.1 326.3 39.9 326.5
  39.7 326.6 39.4 326.7 39.2 326.7 39.0 326.8 38.7 326.9 38.5 327.0 38.3 327.1
  38.0 327.1 37.7 327.1 37.5 327.0 37.3 327.0 37.1 326.9 36.9 326.9 36.7 326.9
  36.5 326.9 36.3 326.9 36.1 326.9 35.9 326.9 35.7 326.8 35.6 326.7 35.4 326.6
  35.3 326.4 35.1 326.3 35.0 326.2 34.8 326.0 34.7 325.8 34.6 325.6 34.4 325.4
  34.3 325.2 34.2 325.0 34.2 324.7
   8 17 78  0.0
  72.5 321.4 72.1 321.6 71.8 321.8 71.4 322.0 71.1 322.2 70.7 322.4 70.4 322.6
  70.0 322.8 69.7 323.1 69.4 323.3 69.0 323.5 68.7 323.8 68.4 324.0 68.1 324.3
  67.9 324.6 67.7 324.8 67.5 325.0 67.3 325.2 67.2 325.5 67.0 325.8 66.9 326.1
  66.8 326.5 66.7 326.9 66.6 327.3 66.5 327.7 66.4 328.2 66.5 328.7 66.5 329.2
  66.6 329.7 66.6 330.1 66.7 330.6 66.7 331.0 66.8 331.4 66.9 331.8 66.9 332.2
  67.1 332.6 67.3 332.9 67.5 333.3 67.7 333.7 67.8 334.2 68.0 334.7 68.1 335.2
  68.2 335.8 68.3 336.3 68.5 336.9 68.7 337.6 68.9 338.3 69.1 339.0 69.2 339.8
  69.3 340.6 69.5 341.4 69.6 342.3 69.8 343.1 69.9 344.0 70.0 344.8 70.1 345.6
  70.2 346.1 70.3 346.5 70.4 346.9 70.4 347.3 70.5 347.6 70.6 348.0 70.6 348.3
  70.7 348.6 70.8 348.9 70.9 349.1 70.9 349.4 71.0 349.6 71.1 349.8 71.2 350.0
  71.2 350.1 71.3 350.3 71.4 350.4 71.4 350.5 71.5 350.6 71.6 350.7 71.6 350.8
  71.6 350.9 71.7 351.0 71.7 351.1 71.7 351.2 71.7 351.3 71.7 351.4 71.7 351.5
  71.7 351.7 71.7 351.8 71.6 351.9 71.6 351.9 71.6 351.9 71.6 351.9 71.6 351.9
  71.6 351.8 71.6 351.7 71.6 351.5 71.7 351.3 71.7 351.1 71.7 350.9 71.7 350.6
  71.8 350.4 71.8 350.1 71.9 349.8 72.0 349.4 72.0 349.1 72.1 348.6 72.2 348.0
  72.4 347.4 72.4 346.9 72.4 346.3 72.4 345.7 72.5 345.1 72.5 344.6 72.5 344.0
  72.6 343.5 72.5 342.9 72.4 342.4 72.3 341.9 72.3 341.4 72.2 340.9 72.1 340.4
  72.0 339.9 71.9 339.4 71.8 339.3 71.6 339.2 71.5 339.0 71.4 338.9 71.3 338.8
  71.3 338.7 71.2 338.6 71.2 338.4 71.1 338.3 71.1 338.2 71.1 338.1 71.1 337.9
  71.1 337.8 71.1 337.6 71.2 337.4 71.2 337.2 71.3 337.0 71.3 336.8 71.4 336.5
  71.4 336.3 71.5 336.0 71.5 335.7 71.5 335.3 71.5 335.0 71.6 334.7 71.6 334.3
  71.6 334.0 71.6 333.7 71.7 333.4 71.7 333.0 71.7 332.7 71.8 332.4 71.8 332.2
  71.9 331.9 71.8 331.6 71.8 331.3 71.8 331.0 71.7 330.7 71.7 330.4 71.7 330.1
  71.7 329.7 71.7 329.4 71.7 329.0 71.7 328.6 71.7 328.2 71.7 327.9 71.7 327.5
  71.6 327.1 71.6 326.7 71.6 326.3 71.7 325.9 71.7 325.5 71.7 325.2 71.7 324.8
  71.8 324.5 71.8 324.1 71.9 323.8 71.9 323.5 72.0 323.2 72.1 322.8 72.1 322.4
  72.2 321.9 72.3 321.3 72.4 320.8 72.5 320.3 72.6 319.7 72.7 319.1 72.7 318.5
  72.8 317.9 72.9 317.2 73.0 316.5 73.1 315.8 73.1 315.1 73.1 314.3 73.2 313.6
  73.2 313.0 73.3 312.3 73.3 311.6 73.3 311.0 73.3 310.3 73.3 309.7 73.3 309.0
  73.3 308.4 73.3 307.8 73.2 307.1 73.2 306.5 73.1 305.8 73.1 305.2 73.0 304.6
  73.0 303.9 72.9 303.3 72.9 302.7 72.8 302.1 72.7 301.5 72.7 300.9 72.6 300.3
  72.6 299.7 72.5 299.1 72.5 298.6 72.4 298.0 72.4 297.4 72.4 296.9 72.4 296.3
  72.4 295.8 72.3 295.2 72.4 294.7 72.4 294.1 72.4 293.6 72.4 293.0 72.4 292.4
  72.4 291.8 72.4 291.2 72.4 290.6 72.3 290.0 72.3 289.5 72.3 288.9 72.3 288.3
  72.3 287.7 72.3 287.1 72.3 286.5
   8 18 78  0.0
  72.5 321.4 72.3 321.5 72.1 321.6 71.9 321.7 71.7 322.0 71.5 322.3 71.2 322.5
  71.0 322.7 70.7 322.8 70.4 322.9 70.1 323.0 69.7 323.0 69.4 323.3 69.0 323.6
  68.6 323.8 68.3 324.0 68.1 324.2 67.8 324.4 67.6 325.0 67.4 325.4 67.1 325.9
  66.9 326.3 66.7 326.6 66.5 327.0 66.2 327.3 66.0 327.5 65.8 327.7 65.6 328.2
  65.4 328.5 65.3 328.8 65.1 329.1 65.0 329.2 64.9 329.4 64.8 329.5 64.6 329.6
  64.5 329.6 64.4 329.6 64.3 329.5 64.2 329.5 64.1 329.4 64.1 329.4 64.0 329.4
  64.0 329.4 63.9 329.2 63.9 328.9 63.9 328.6 63.9 328.3 63.9 328.0 63.9 327.7
  63.8 327.3 63.8 327.0 63.7 326.7 63.6 326.5 63.5 326.2 63.4 326.0 63.4 325.8
  63.3 325.6 63.2 325.4 63.2 325.2 63.2 325.1 63.1 324.9 63.1 324.8 63.1 324.7
  63.1 324.6 63.0 324.5 63.0 324.4 63.0 324.3 63.0 324.2 63.0 324.1 62.9 324.1
  62.9 324.0 62.9 324.0 62.9 324.0 62.7 324.0 62.6 324.0 62.5 323.9 62.3 323.9
  62.3 323.9 62.2 323.9 62.1 323.8 62.1 323.8 62.0 323.8 62.0 323.7 62.0 323.7
  62.0 323.6 62.1 323.6 62.1 323.5 62.1 323.5 62.2 323.5 62.2 323.5 62.3 323.5
  62.4 323.5 62.4 323.6 62.5 323.7 62.6 323.8 62.7 324.0 62.8 324.2 63.0 324.4
  63.2 324.7 63.4 325.0 63.6 325.4 63.7 325.9 63.9 326.5 64.0 327.2 64.1 327.8
  64.3 328.6 64.3 329.4 64.3 330.2 64.2 331.1 64.2 332.0 64.1 332.9 63.9 333.7
  63.7 334.5 63.5 335.3 63.3 335.9 63.0 336.5 62.8 337.1 62.5 337.6 62.1 338.0
  61.8 338.4 61.5 338.5 61.2 338.6 60.9 338.7 60.6 338.8 60.3 338.9 60.0 339.0
  59.7 338.8 59.5 338.6 59.3 338.3 59.0 338.1 58.8 337.9 58.6 337.6 58.4 337.4
  58.2 337.2 58.1 337.0 57.9 336.8 57.7 336.3 57.5 335.8 57.1 335.3 56.8 334.9
  56.5 334.4 56.1 334.0 55.8 333.6 55.5 332.9 55.2 332.1 54.9 331.4 54.7 330.6
  54.5 329.8 54.3 329.0 54.1 328.3 53.9 327.5 53.7 326.5 53.6 325.6 53.4 324.6
  53.3 323.7 53.2 322.9 53.1 322.0 53.0 321.2 52.9 320.4 52.8 319.7 52.8 319.0
  52.7 318.3 52.6 317.6 52.5 317.0 52.5 316.4 52.4 315.8 52.2 315.3 51.9 314.8
  51.7 314.1 51.5 313.5 51.3 312.8 51.2 312.1 51.1 311.5 50.9 310.8 50.7 310.1
  50.5 309.4 50.3 308.7 50.2 308.0 49.9 307.3 49.6 306.8 49.3 306.2 49.1 305.6
  48.8 305.1 48.6 304.5 48.5 303.9 48.3 303.3 48.1 302.7 47.9 302.1 47.8 301.5
  47.7 300.9 47.6 300.4 47.5 299.9 47.4 299.4 47.3 298.9 47.2 298.4 47.2 297.9
  47.1 297.3 47.1 296.7 47.1 296.1 47.0 295.4 47.0 294.8 47.0 294.1 47.0 293.4
  47.0 292.7 47.0 291.9 46.9 291.2 46.8 290.4 46.7 289.7 46.6 288.9 46.5 288.2
  46.4 287.5 46.3 286.7 46.2 286.0 46.1 285.3 46.1 284.6 46.0 284.0 46.0 283.3
  46.0 282.7 45.9 282.1 45.9 281.6 45.8 281.0 45.7 280.5 45.7 279.9 45.6 279.4
  45.5 278.9 45.5 278.4 45.4 277.9 45.3 277.4 45.3 276.9 45.2 276.4 45.1 275.9
  45.2 275.5 45.2 275.0 45.2 274.6 45.3 274.1 45.3 273.7 45.3 273.3 45.3 273.0
  45.4 272.6 45.4 272.3 45.4 272.1
   8 19 78  0.0
  72.5 321.4 72.3 321.7 72.2 322.0 72.1 322.3 71.9 322.6 71.8 323.3 71.8 324.1
  71.7 324.8 71.7 325.7 71.7 326.5 71.7 327.4 71.7 328.4 71.7 329.4 71.6 330.4
  71.6 331.4 71.6 332.5 71.6 333.4 71.5 334.4 71.5 335.2 71.5 336.0 71.4 336.7
  71.4 337.4 71.4 338.0 71.4 338.5 71.4 339.0 71.4 339.5 71.4 339.9 71.4 340.4
  71.4 340.8 71.5 341.3 71.5 341.7 71.6 342.2 71.7 342.6 71.7 343.1 71.8 343.5
  71.9 344.0 72.0 344.5 72.0 345.0 72.1 345.7 72.1 346.4 72.2 347.2 72.2 348.0
  72.2 348.8 72.1 349.7 72.1 350.6 72.0 351.4 72.0 352.3 71.9 353.2 71.9 354.2
  71.8 355.2 71.7 356.2 71.6 357.3 71.4 358.3 71.2 359.4 71.1   0.4 70.8   0.8
  70.6   1.1 70.3   1.5 70.0   1.8 69.7   2.2 69.4   2.5 69.1   2.9 68.8   3.2
  68.4   3.6 68.1   3.9 67.8   4.3 67.4   4.5 67.0   4.7 66.7   4.9 66.3   5.1
  65.9   5.2 65.6   5.3 65.2   5.4 64.8   5.5 64.3   5.6 63.9   5.6 63.5   5.6
  63.0   5.6 62.5   5.5 62.0   5.5 61.5   5.4 61.0   5.3 60.4   5.1 59.8   5.0
  59.3   4.7 58.7   4.5 58.1   4.2 57.5   3.9 57.1   3.6 56.7   3.3 56.3   2.9
  55.8   2.5 55.4   2.1 54.9   1.7 54.5   1.3 54.0   0.8 53.5   0.3 53.1 359.8
  52.6 359.0 52.2 358.2 51.7 357.4 51.3 356.6 50.9 355.8 50.5 355.0 50.0 354.2
  49.6 353.5 49.2 352.8 48.8 352.0 48.4 351.3 48.1 350.6 47.8 349.9 47.5 349.4
  47.3 348.8 47.0 348.2 46.8 347.7 46.7 347.1 46.6 346.6 46.5 346.0 46.4 345.3
  46.3 344.7 46.3 344.1 46.2 343.4 46.1 342.7 46.1 342.0 46.1 341.2 46.1 340.5
  46.1 339.7 46.0 338.9 46.0 338.1 46.0 337.5 45.9 337.0 45.9 336.4 45.8 335.9
  45.7 335.3 45.5 334.7 45.4 334.1 45.2 333.4 45.1 332.8 44.9 332.1 44.8 331.5
  44.7 330.8 44.5 330.1 44.4 329.3 44.2 328.6 44.1 327.8 43.9 327.0 43.7 326.5
  43.5 326.0 43.3 325.4 43.1 324.9 43.0 324.3 42.8 323.8 42.7 323.2 42.6 322.6
  42.4 322.0 42.3 321.4 42.2 320.7 42.2 320.1 42.1 319.4 41.9 318.8 41.8 318.2
  41.7 317.8 41.5 317.3 41.4 316.8 41.2 316.3 41.0 315.8 40.8 315.3 40.7 314.8
  40.5 314.4 40.3 313.9 40.1 313.4 39.9 313.0 39.8 312.6 39.6 312.3 39.4 312.0
  39.3 311.6 39.3 311.3 39.2 311.0 39.1 310.7 38.9 310.4 38.8 310.1 38.7 309.8
  38.5 309.5 38.4 309.2 38.3 308.9 38.2 308.5 38.1 308.1 38.0 307.7 38.0 307.3
  38.0 306.8 38.0 306.5 38.0 306.1 38.0 305.7 38.0 305.3 37.9 304.9 37.9 304.6
  37.9 304.2 37.9 303.8 37.9 303.4 37.9 303.1 37.9 302.7 37.8 302.4 37.8 302.0
  37.8 301.7 37.8 301.4 37.8 301.1 37.8 300.7 37.7 300.4 37.7 300.1 37.7 299.8
  37.8 299.4 37.8 299.1 37.9 298.7 37.9 298.3 38.0 297.9 38.0 297.6 38.0 297.1
  38.1 296.6 38.1 296.1 38.2 295.7 38.2 295.2 38.2 294.7 38.3 294.3 38.3 293.8
  38.3 293.4 38.3 292.9 38.4 292.5 38.4 292.0 38.4 291.6 38.5 291.1 38.5 290.7
  38.6 290.3 38.6 289.8 38.7 289.4 38.7 289.0 38.7 288.6 38.7 288.2 38.8 287.7
  38.7 287.3 38.6 286.8 38.6 286.4
   8 20 78  0.0
  72.5 321.4 72.4 321.1 72.3 320.8 72.2 320.6 72.1 320.3 72.0 320.2 71.9 320.0
  71.8 320.0 71.6 320.0 71.5 320.0 71.4 320.1 71.3 320.2 71.2 320.3 71.2 320.5
  71.1 320.8 71.0 321.1 70.9 321.4 70.9 321.8 70.8 322.2 70.7 322.7 70.6 323.2
  70.6 323.8 70.5 324.4 70.5 325.1 70.5 325.8 70.5 326.5 70.5 327.3 70.5 328.2
  70.5 329.0 70.6 330.0 70.6 331.0 70.7 332.0 70.7 333.1 70.6 334.2 70.6 335.4
  70.6 336.4 70.5 337.5 70.4 338.6 70.2 339.5 70.1 340.4 70.0 341.2 69.9 342.1
  69.8 342.9 69.7 343.6 69.6 344.2 69.5 344.7 69.5 345.2 69.4 345.7 69.4 346.1
  69.4 346.5 69.5 346.9 69.5 347.2 69.5 347.6 69.6 347.9 69.6 348.2 69.6 348.5
  69.5 348.8 69.5 349.1 69.4 349.4 69.4 349.7 69.3 349.9 69.3 350.2 69.3 350.5
  69.3 350.9 69.2 351.2 69.2 351.7 69.2 352.1 69.1 352.6 69.0 353.1 68.9 353.7
  68.8 354.2 68.8 354.9 68.7 355.5 68.6 356.2 68.4 356.9 68.3 357.7 68.1 358.5
  67.9 359.3 67.6 359.7 67.4   0.2 67.1   0.4 66.8   0.6 66.4   0.8 66.1   1.0
  65.7   1.2 65.3   1.3 64.9   1.4 64.6   1.4 64.2   1.5 63.8   1.6 63.4   1.5
  63.1   1.4 62.7   1.4 62.3   1.3 62.0   1.3 61.6   1.2 61.3   1.0 60.9   0.9
  60.5   0.8 60.2   0.7 59.8   0.6 59.4   0.4 59.1   0.2 58.7   0.0 58.3 359.8
  58.1 359.4 57.9 359.0 57.6 358.5 57.4 358.1 57.1 357.6 56.9 357.1 56.6 356.7
  56.3 356.2 55.9 355.8 55.7 355.2 55.5 354.7 55.3 354.1 55.0 353.6 54.8 353.0
  54.5 352.5 54.1 352.0 53.8 351.5 53.5 350.9 53.3 350.3 53.0 349.6 52.8 349.0
  52.5 348.4 52.1 347.8 52.0 347.2 51.8 346.6 51.7 345.8 51.5 344.9 51.3 344.1
  51.0 343.3 50.9 342.4 50.7 341.6 50.5 340.7 50.3 339.8 50.3 338.9 50.2 337.9
  50.2 336.9 50.1 335.9 50.2 334.8 50.4 333.7 50.4 332.6 50.5 331.4 50.6 330.2
  50.7 329.0 50.8 327.8 50.9 326.7 51.1 325.6 51.2 324.5 51.3 323.5 51.5 322.4
  51.8 321.5 52.0 320.5 52.2 319.6 52.7 318.9 53.1 318.2 53.5 317.5 53.9 316.8
  54.3 316.0 54.7 315.4 55.0 314.7 55.3 314.0 55.6 313.2 55.9 312.4 56.1 311.6
  56.3 311.0 56.5 310.3 56.7 309.5 56.9 308.8 57.0 308.0 57.1 307.2 57.3 306.4
  57.4 305.6 57.5 304.8 57.6 303.9 57.7 303.0 57.8 302.1 57.9 301.1 58.0 300.1
  58.1 299.1 58.2 298.3 58.4 297.5 58.5 296.7 58.6 296.0 58.7 295.2 58.7 294.4
  58.8 293.6 58.9 292.8 58.9 291.9 58.9 291.0 58.9 290.2 58.9 289.3 58.9 288.4
  58.9 287.4 59.0 286.5 59.1 285.5 59.2 284.6 59.3 283.6 59.5 282.6 59.6 281.7
  59.8 280.7 59.9 279.7 60.1 278.8 60.3 278.1 60.5 277.5 60.7 276.8 60.8 276.1
  61.0 275.4 61.1 274.7 61.3 274.0 61.4 273.3 61.5 272.5 61.5 271.7 61.6 270.9
  61.7 270.1 61.8 269.3 61.9 268.6 61.9 267.8 62.0 267.0 62.1 266.4 62.2 265.9
  62.2 265.3 62.3 264.7 62.3 264.2 62.3 263.6 62.3 263.1 62.4 262.5 62.4 262.0
  62.4 261.4 62.5 260.8 62.5 260.1 62.6 259.5 62.7 258.8 62.8 258.0 62.9 257.3
  63.1 256.5 63.2 255.6 63.3 254.7
   8 21 78  0.0
  72.5 321.4 72.4 320.9 72.2 320.4 72.1 319.9 72.0 319.5 71.8 319.1 71.7 318.8
  71.6 318.4 71.5 318.1 71.4 317.8 71.3 317.5 71.2 317.3 71.1 317.0 71.1 316.8
  71.0 316.5 70.9 316.3 70.9 316.0 70.8 315.7 70.7 315.4 70.6 315.1 70.4 314.8
  70.3 314.4 70.2 314.0 70.0 313.6 69.9 313.2 69.8 312.9 69.7 312.5 69.6 312.2
  69.5 311.8 69.3 311.5 69.2 311.1 69.1 310.8 69.0 310.4 68.9 310.0 68.8 309.5
  68.8 309.1 68.7 308.6 68.7 308.0 68.7 307.5 68.6 307.0 68.5 306.6 68.4 306.2
  68.4 305.8 68.3 305.4 68.2 305.1 68.2 304.8 68.1 304.6 68.0 304.4 68.0 304.2
  67.9 304.0 67.9 303.7 67.9 303.5 68.0 303.3 68.0 303.1 68.1 303.0 68.2 302.9
  68.3 302.8 68.4 302.7 68.6 302.7 68.7 302.6 68.9 302.6 69.0 302.5 69.1 302.5
  69.3 302.4 69.4 302.4 69.5 302.4 69.6 302.3 69.8 302.3 69.9 302.3 70.0 302.3
  70.1 302.3 70.2 302.3 70.3 302.4 70.4 302.5 70.5 302.7 70.7 302.8 70.8 302.9
  70.9 303.1 71.0 303.3 71.1 303.4 71.2 303.6 71.3 303.8 71.4 304.0 71.3 304.3
  71.2 304.5 71.1 304.8 71.0 305.0 71.0 305.3 70.9 305.5 70.7 305.7 70.6 306.0
  70.5 306.2 70.4 306.4 70.2 306.6 70.1 306.8 69.9 307.0 69.8 306.9 69.6 306.9
  69.4 306.8 69.3 306.7 69.1 306.7 69.0 306.6 68.8 306.5 68.6 306.4 68.5 306.3
  68.3 306.3 68.2 306.2 68.0 306.0 67.9 305.9 67.7 305.6 67.6 305.4 67.4 305.1
  67.3 304.8 67.1 304.5 66.9 304.2 66.7 303.9 66.6 303.6 66.5 303.3 66.4 303.0
  66.3 302.7 66.2 302.4 66.0 302.0 65.9 301.7 65.8 301.2 65.7 300.7 65.6 300.1
  65.5 299.5 65.5 298.9 65.6 298.3 65.6 297.6 65.7 296.9 65.7 296.2 65.8 295.4
  65.9 294.5 66.1 293.6 66.2 293.0 66.4 292.3 66.5 291.5 66.7 290.7 66.8 289.8
  67.0 288.9 67.2 287.9 67.4 286.8 67.6 285.7 67.8 284.5 68.0 283.2 68.2 281.9
  68.4 281.1 68.6 280.3 68.8 279.5 69.0 278.7 69.2 278.0 69.4 277.2 69.5 276.5
  69.7 275.8 69.9 275.1 70.1 274.4 70.2 274.3 70.4 274.3 70.6 274.2 70.8 274.2
  70.9 274.2 71.1 274.3 71.2 274.3 71.4 274.4 71.5 274.5 71.6 274.7 71.7 274.8
  71.8 275.1 71.9 275.3 72.0 275.6 72.0 275.9 72.1 276.7 72.0 277.6 71.9 278.5
  71.9 279.0 71.8 279.5 71.7 280.0 71.6 280.5 71.3 281.0 71.0 281.5 70.8 282.0
  70.5 282.5 70.2 282.9 69.9 283.4 69.6 283.4 69.4 283.4 69.1 283.3 68.9 283.2
  68.6 283.1 68.4 283.0 68.2 282.8 68.0 282.7 67.7 282.1 67.6 281.6 67.4 281.0
  67.2 280.5 67.1 279.9 67.0 279.3 66.9 278.7 66.8 278.2 66.8 277.6 66.7 277.0
  66.6 276.4 66.6 275.9 66.6 275.3 66.5 274.7 66.5 274.1 66.6 273.5 66.6 273.0
  66.6 272.4 66.6 271.7 66.7 271.1 66.8 270.4 66.9 269.7 66.9 269.0 67.0 268.2
  67.1 267.4 67.1 266.6 67.2 265.8 67.2 265.0 67.3 264.2 67.3 263.4 67.4 262.6
  67.5 261.8 67.5 261.0 67.6 260.1 67.6 259.3 67.7 258.4 67.9 257.4 68.0 256.5
  68.1 255.6 68.3 254.8 68.5 254.1 68.7 253.2 68.9 252.4 69.1 251.6 69.3 250.7
  69.6 249.8 69.8 248.8 70.0 247.8
   8 22 78  0.0
  72.5 321.4 72.2 320.7 72.0 320.0 71.7 319.4 71.4 318.8 71.1 318.2 70.7 317.7
  70.4 317.1 70.0 316.6 69.6 316.1 69.2 315.4 68.8 314.7 68.3 314.1 67.7 313.5
  67.3 312.7 66.8 312.0 66.3 311.3 65.8 310.7 65.4 310.0 65.0 309.4 64.6 308.8
  64.1 308.3 63.7 307.9 63.2 307.4 62.7 307.0 62.2 306.6 61.7 306.2 61.2 305.7
  60.8 305.2 60.3 304.7 59.9 304.1 59.6 303.5 59.1 302.8 58.7 302.1 58.2 301.4
  57.8 300.7 57.3 300.0 56.7 299.3 56.2 298.6 55.7 297.9 55.2 297.2 54.9 296.4
  54.5 295.7 54.1 295.0 53.7 294.3 53.3 293.6 53.0 292.9 52.7 292.2 52.3 291.5
  51.9 290.8 51.4 290.1 51.1 289.4 50.8 288.8 50.5 288.1 50.3 287.4 50.0 286.8
  49.7 286.2 49.4 285.6 49.1 285.1 48.9 284.5 48.7 284.0 48.5 283.5 48.1 283.0
  47.8 282.5 47.6 282.0 47.4 281.4 47.2 280.9 47.1 280.4 46.9 279.8 46.7 279.3
  46.4 278.8 46.2 278.3 46.0 277.8 45.8 277.3 45.7 276.8 45.5 276.4 45.4 276.0
  45.2 275.5 45.0 275.1 44.8 274.6 44.6 274.2 44.4 273.7 44.2 273.2 44.0 272.7
  43.9 272.2 43.8 271.7 43.5 271.2 43.3 270.7 43.1 270.2 42.9 269.7 42.7 269.2
  42.6 268.8 42.4 268.3 42.2 267.8 41.9 267.3 41.7 266.9 41.4 266.5 41.1 266.1
  40.8 265.6 40.5 265.2 40.3 264.8 40.0 264.4 39.8 263.9 39.4 263.5 39.1 263.2
  38.8 262.8 38.4 262.4 38.1 262.1 37.7 261.7 37.4 261.4 37.0 261.0 36.7 260.7
  36.4 260.3 36.1 259.9 35.9 259.6 35.7 259.2 35.5 258.9 35.3 258.5 35.1 258.1
  34.9 257.8 34.7 257.4 34.5 257.0 34.3 256.6 34.2 256.3 34.0 255.9 34.0 255.6
  34.0 255.4 34.0 255.1 33.9 254.9 33.9 254.6 33.9 254.4 33.9 254.2 33.8 254.1
  33.8 253.9 33.7 253.7 33.7 253.6 33.6 253.4 33.6 253.2 33.6 253.1 33.5 252.9
  33.5 252.8 33.4 252.6 33.4 252.5 33.3 252.4 33.3 252.3 33.2 252.1 33.2 252.0
  33.2 251.9 33.2 251.8 33.3 251.7 33.3 251.5 33.4 251.4 33.5 251.3 33.5 251.2
  33.6 251.0 33.7 250.9 33.8 250.8 33.8 250.6 33.9 250.5 34.0 250.4 34.1 250.2
  34.2 250.0 34.3 249.7 34.4 249.5 34.5 249.2 34.6 249.0 34.8 248.8 34.9 248.5
  35.1 248.3 35.3 248.1 35.4 247.9 35.4 247.7 35.4 247.4 35.3 247.2 35.3 246.9
  35.2 246.7 35.1 246.4 35.0 246.1 34.9 245.8 34.8 245.5 34.7 245.1 34.6 244.8
  34.4 244.4 34.3 244.1 34.2 243.8 34.1 243.5 33.9 243.2 33.8 242.9 33.7 242.7
  33.5 242.4 33.4 242.2 33.2 242.0 33.1 241.8 32.9 241.7 32.8 241.5 32.6 241.3
  32.4 241.2 32.2 241.0 32.0 240.8 31.8 240.8 31.6 240.7 31.4 240.6 31.1 240.5
  30.9 240.4 30.7 240.3 30.5 240.2 30.3 240.2 30.1 240.1 29.8 240.0 29.6 240.1
  29.4 240.1 29.2 240.2 29.0 240.3 28.7 240.4 28.5 240.5 28.2 240.6 28.0 240.7
  27.7 240.9 27.4 241.1 27.2 241.3 26.9 241.4 26.7 241.6 26.5 241.7 26.2 241.9
  26.0 242.0 25.8 242.2 25.6 242.3 25.3 242.5 25.1 242.7 24.9 242.8 24.7 243.0
  24.6 243.1 24.4 243.3 24.2 243.4 24.0 243.5 23.9 243.7 23.7 243.8 23.6 244.0
  23.5 244.2 23.4 244.3 23.3 244.5
   8 23 78  0.0
  72.5 321.4 72.7 321.2 72.8 320.9 73.0 320.6 73.1 320.3 73.2 320.0 73.3 319.6
  73.3 319.2 73.4 318.8 73.4 318.4 73.4 317.9 73.4 317.4 73.4 316.9 73.4 316.3
  73.4 315.7 73.3 315.2 73.1 314.6 72.9 314.1 72.7 313.6 72.5 313.2 72.2 312.7
  71.9 312.3 71.6 311.8 71.2 311.3 70.8 310.9 70.4 310.5 69.9 310.1 69.5 309.6
  69.0 309.1 68.5 308.6 68.0 308.1 67.5 307.7 67.1 307.0 66.6 306.4 66.1 305.8
  65.5 305.2 65.0 304.3 64.5 303.4 64.2 302.6 63.7 301.9 63.4 301.0 62.9 300.1
  62.5 299.3 62.2 298.5 61.9 297.8 61.6 296.8 61.3 295.9 61.2 294.9 61.0 294.0
  60.9 293.1 60.7 292.2 60.5 291.3 60.5 290.5 60.4 289.7 60.3 288.9 60.2 288.2
  60.1 287.6 60.2 287.0 60.3 286.5 60.3 286.1 60.4 285.7 60.5 285.4 60.5 285.1
  60.4 284.7 60.4 284.4 60.3 284.1 60.1 283.8 60.2 283.5 60.2 283.2 60.2 283.0
  60.2 282.7 60.1 282.4 60.0 282.2 59.8 281.8 59.6 281.4 59.4 281.0 59.1 280.6
  58.8 280.2 58.5 279.8 58.3 279.5 58.2 279.2 57.9 278.8 57.6 278.2 57.3 277.6
  56.9 276.9 56.4 276.4 55.9 275.8 55.7 275.0 55.4 274.1 55.1 273.3 54.8 272.5
  54.5 271.6 54.3 270.8 54.0 270.0 53.7 269.3 53.4 268.2 53.0 267.1 52.9 266.1
  52.8 265.1 52.7 264.2 52.5 263.3 52.8 262.6 53.0 261.8 53.3 261.2 53.5 260.6
  53.7 260.0 53.9 259.5 54.5 259.1 55.0 259.0 55.6 259.0 56.1 259.0 56.5 259.3
  56.9 259.7 57.2 260.1 57.2 260.6 57.2 261.0 57.1 261.4 57.0 261.8 56.8 262.2
  56.6 262.5 56.3 262.8 55.9 263.0 55.5 263.0 55.1 262.9 54.6 262.8 54.2 262.8
  53.7 262.7 53.2 262.4 52.8 262.1 52.3 261.9 51.8 261.6 51.4 261.2 51.0 260.7
  50.6 260.3 50.2 259.9 49.8 259.6 49.5 259.1 49.2 258.7 48.9 258.2 48.6 257.8
  48.3 257.4 48.1 257.1 47.8 256.7 47.6 256.3 47.3 255.9 47.2 255.5 47.0 255.2
  46.8 254.8 46.7 254.4 46.5 253.9 46.3 253.5 46.1 253.1 45.9 252.6 45.7 252.2
  45.6 251.7 45.4 251.2 45.2 250.8 45.1 250.3 44.9 249.7 44.8 249.2 44.6 248.7
  44.4 248.2 44.2 247.6 44.1 247.1 44.0 246.5 43.8 245.9 43.7 245.4 43.5 244.8
  43.4 244.2 43.3 243.7 43.3 243.1 43.3 242.6 43.2 242.1 43.2 241.6 43.2 241.1
  43.3 240.7 43.3 240.3 43.3 239.9 43.3 239.5 43.4 239.2 43.4 238.8 43.4 238.5
  43.4 238.1 43.5 237.7 43.5 237.4 43.6 237.0 43.7 236.6 43.8 236.3 43.8 236.0
  43.9 235.6 43.9 235.3 43.9 235.1 44.0 234.8 44.0 234.5 44.1 234.1 44.1 233.6
  44.2 233.2 44.3 232.8 44.5 232.4 44.6 232.0 44.8 231.6 45.0 231.3 45.2 231.0
  45.4 230.7 45.6 230.4 45.9 230.2 46.1 229.9 46.3 229.5 46.6 229.1 46.8 228.6
  47.1 228.2 47.3 227.8 47.5 227.4 47.8 227.0 48.1 226.5 48.3 225.9 48.6 225.3
  48.9 224.7 49.2 224.1 49.4 223.4 49.6 222.7 49.7 222.0 49.9 221.2 50.0 220.5
  50.2 219.5 50.1 218.5 50.1 217.5 50.1 216.4 50.2 215.3 50.0 214.1 49.9 212.9
  49.8 211.9 49.6 210.8 49.4 209.7 49.2 208.7 49.0 207.6 48.7 206.5 48.5 205.5
  48.2 204.4 48.0 203.3 47.7 202.4
   8 24 78  0.0
  72.5 321.4 72.6 321.7 72.7 322.0 72.8 322.3 72.9 322.7 73.0 323.1 73.1 323.5
  73.2 323.9 73.3 324.4 73.5 324.9 73.7 325.5 73.9 326.0 74.0 326.6 74.3 326.7
  74.5 326.8 74.7 326.9 74.9 326.9 75.1 327.0 75.3 327.0 75.4 327.0 75.6 327.0
  75.8 326.9 75.9 326.8 76.1 326.7 76.2 326.6 76.4 326.5 76.5 326.4 76.6 326.2
  76.7 326.1 76.8 325.9 76.9 325.7 76.9 325.5 77.0 325.3 77.0 325.1 77.0 324.9
  77.0 324.6 77.0 324.4 77.0 324.1 76.9 323.8 76.9 323.4 76.8 323.0 76.8 322.5
  76.7 321.9 76.6 321.3 76.4 320.7 76.3 320.0 76.1 319.3 75.9 318.5 75.7 317.8
  75.5 317.1 75.2 316.5 74.9 316.0 74.7 315.5 74.4 315.1 74.1 314.8 73.7 314.5
  73.4 314.1 73.1 313.9 72.8 313.6 72.5 313.5 72.1 313.3 71.7 313.3 71.3 312.9
  71.0 312.5 70.6 312.2 70.2 311.9 69.9 311.5 69.5 311.0 69.2 310.5 68.8 310.1
  68.5 309.7 68.2 309.3 67.9 308.9 67.6 308.5 67.3 308.1 67.0 307.7 66.6 307.3
  66.3 306.9 65.9 306.6 65.5 306.1 65.2 305.7 64.9 305.2 64.6 304.8 64.3 304.3
  64.0 303.8 63.6 303.3 63.2 302.7 62.8 302.2 62.5 301.6 62.2 301.1 61.9 300.6
  61.7 299.9 61.3 299.3 61.0 298.7 60.7 298.1 60.5 297.5 60.3 296.9 60.1 296.3
  59.9 295.7 59.5 295.2 59.1 294.7 58.7 294.2 58.3 293.8 57.9 293.3 57.6 292.9
  57.4 292.4 57.1 292.0 56.9 291.6 56.7 291.1 56.4 290.7 56.2 290.3 56.1 289.9
  56.0 289.6 55.9 289.3 55.9 289.0 55.9 288.7 55.9 288.4 56.0 288.2 56.1 288.0
  56.2 288.0 56.1 288.0 56.3 288.1 56.5 288.3 56.6 288.4 56.8 288.7 56.9 289.0
  57.1 289.3 57.3 289.7 57.4 290.1 57.6 290.6 57.8 291.2 57.9 291.9 58.1 292.6
  58.1 293.5 58.0 294.2 58.0 294.9 57.9 295.4 57.8 295.7 57.6 296.0 57.5 296.3
  57.4 296.5 57.3 296.7 57.1 296.8 57.0 296.9 56.8 296.9 56.6 296.9 56.4 296.9
  56.2 296.9 56.1 296.9 56.0 296.8 55.9 296.7 55.9 296.6 55.9 296.5 55.9 296.3
  56.0 296.2 56.1 296.1 56.2 296.0 56.2 295.9 56.1 295.8 56.1 295.6 56.0 295.5
  56.1 295.3 56.1 295.2 56.2 295.0 56.3 294.8 56.4 294.6 56.6 294.4 56.8 294.2
  57.0 294.0 57.3 293.7 57.6 293.4 57.8 293.1 58.1 292.8 58.5 292.4 58.8 292.0
  59.1 291.6 59.4 291.1 59.6 290.7 59.9 290.2 60.2 289.8 60.5 289.2 60.9 288.7
  61.2 288.2 61.5 287.6 61.8 287.2 62.1 286.7 62.4 286.2 62.7 285.8 63.0 285.4
  63.3 285.1 63.6 284.7 63.9 284.4 64.1 284.1 64.4 283.7 64.6 283.2 64.9 282.7
  65.1 282.2 65.4 281.7 65.6 281.2 65.8 280.6 66.1 280.1 66.3 279.4 66.5 278.7
  66.7 278.0 66.9 277.3 67.2 276.6 67.4 275.9 67.6 275.2 67.8 274.4 68.0 273.6
  68.2 272.8 68.4 272.0 68.6 271.2 68.9 270.4 69.1 269.6 69.3 268.7 69.6 267.9
  69.8 267.1 70.1 266.2 70.3 265.7 70.6 265.2 70.8 264.7 71.1 264.2 71.3 263.6
  71.4 263.1 71.6 262.6 71.7 262.0 71.9 261.5 72.0 260.9 72.2 260.8 72.3 260.7
  72.4 260.6 72.5 260.5 72.7 260.4 72.8 260.2 72.9 260.1 73.0 259.9 73.1 259.6
  73.1 259.4 73.2 259.1 73.2 258.7
   8 25 78  0.0
  72.5 321.4 72.5 321.4 72.5 321.4 72.5 321.5 72.5 321.5 72.6 321.6 72.6 321.6
  72.6 321.7 72.6 321.8 72.6 321.9 72.6 322.0 72.6 322.1 72.7 322.3 72.7 322.4
  72.7 322.6 72.7 322.8 72.8 322.9 72.8 323.1 72.8 323.3 72.9 323.6 73.0 323.8
  73.0 324.1 73.1 324.4 73.3 324.7 73.4 325.0 73.5 325.3 73.7 325.7 73.8 326.0
  74.0 326.4 74.2 326.8 74.3 326.8 74.5 326.8 74.7 326.8 74.9 326.9 75.1 326.9
  75.3 327.0 75.5 327.1 75.7 327.3 75.8 327.4 76.0 327.5 76.2 327.6 76.3 327.5
  76.5 327.4 76.7 327.3 76.8 327.2 77.0 327.0 77.1 326.9 77.3 326.8 77.4 326.7
  77.5 326.6 77.6 326.4 77.7 326.3 77.8 326.1 77.9 326.0 77.9 325.8 78.0 325.6
  78.0 325.3 78.0 325.0 78.0 324.7 78.0 324.4 78.0 324.0 78.0 323.7 77.9 323.4
  77.9 323.0 77.8 322.5 77.8 321.9 77.7 321.3 77.6 320.7 77.5 320.0 77.4 319.3
  77.2 318.5 77.0 317.8 76.8 317.0 76.6 316.2 76.4 315.5 76.1 314.9 75.9 314.4
  75.6 314.1 75.4 313.8 75.1 313.5 74.9 313.3 74.6 313.2 74.4 313.1 74.1 313.0
  73.8 313.0 73.5 313.0 73.2 312.9 73.0 312.7 72.7 312.6 72.4 312.5 72.1 312.3
  71.8 312.1 71.6 311.7 71.4 311.3 71.1 311.0 70.9 310.6 70.6 310.2 70.4 309.9
  70.2 309.5 70.0 309.2 69.8 308.8 69.6 308.5 69.4 308.1 69.2 307.8 69.0 307.5
  68.7 307.2 68.5 306.9 68.3 306.6 68.1 306.3 67.9 306.0 67.7 305.6 67.5 305.2
  67.3 304.8 67.2 304.4 67.0 304.0 66.9 303.6 66.7 303.2 66.5 302.8 66.3 302.3
  66.2 301.9 66.1 301.4 66.0 300.9 65.9 300.3 65.8 299.7 65.6 299.1 65.4 298.5
  65.2 297.8 65.1 297.2 64.9 296.5 64.7 295.9 64.4 295.2 64.0 294.6 63.7 294.0
  63.4 293.5 63.1 293.0 62.9 292.6 62.6 292.1 62.4 291.7 62.1 291.3 61.8 290.8
  61.5 290.6 61.3 290.4 61.1 290.2 60.9 290.1 60.7 289.9 60.6 289.8 60.5 289.7
  60.4 289.7 60.3 289.8 60.3 289.9 60.2 290.1 60.2 290.3 60.2 290.6 60.3 291.0
  60.3 291.4 60.4 291.9 60.4 292.5 60.5 293.2 60.7 293.7 60.8 294.2 60.9 294.7
  61.0 295.1 61.1 295.4 61.1 295.6 61.2 295.8 61.3 296.0 61.4 296.0 61.6 296.1
  61.9 296.0 62.1 296.0 62.2 295.8 62.4 295.6 62.6 295.3 62.8 295.1 63.0 294.8
  63.3 294.5 63.6 294.2 63.8 293.9 64.2 293.6 64.5 293.0 64.9 292.5 65.3 291.9
  65.5 291.3 65.7 290.6 66.0 290.0 66.2 289.4 66.5 288.6 66.8 287.9 67.0 287.1
  67.2 286.3 67.4 285.4 67.6 284.6 67.8 283.7 68.0 282.8 68.2 281.9 68.4 280.9
  68.7 280.0 68.7 279.0 68.8 278.0 68.9 277.0 69.0 276.0 69.0 274.9 69.1 273.9
  69.1 272.8 69.2 271.7 69.0 270.6 68.9 269.5 68.9 268.5 68.8 267.5 68.6 266.6
  68.5 265.6 68.4 264.7 68.3 263.8 68.2 262.9 68.1 262.0 68.0 261.2 67.9 260.4
  67.9 259.6 67.7 258.9 67.5 258.2 67.4 257.4 67.3 256.7 67.1 256.0 67.0 255.3
  66.9 254.6 66.7 253.9 66.5 253.3 66.4 252.6 66.2 251.9 66.0 251.3 65.9 250.6
  65.7 250.2 65.6 249.8 65.5 249.3 65.4 248.9 65.2 248.5 65.1 248.1 65.0 247.7
  65.0 247.3 64.9 246.9 64.9 246.5
   8 26 78  0.0
  72.5 321.4 72.4 320.9 72.3 320.5 72.2 320.1 72.1 319.8 71.9 319.5 71.8 319.1
  71.8 318.8 71.7 318.5 71.6 318.2 71.6 317.9 71.6 317.7 71.6 317.5 71.6 317.3
  71.6 317.1 71.7 316.9 71.7 316.7 71.7 316.5 71.7 316.4 71.8 316.3 71.8 316.1
  71.8 316.0 71.9 315.9 72.0 315.8 72.0 315.7 72.1 315.8 72.2 315.9 72.3 316.1
  72.3 316.2 72.4 316.4 72.4 316.6 72.4 316.8 72.4 316.9 72.4 317.1 72.4 317.3
  72.4 317.5 72.4 317.7 72.4 318.0 72.4 318.2 72.3 318.4 72.3 318.6 72.3 318.8
  72.3 319.0 72.4 319.2 72.4 319.5 72.4 319.7 72.4 319.9 72.5 320.2 72.6 320.4
  72.7 320.7 72.8 321.0 72.9 321.3 73.0 321.6 73.1 322.0 73.2 322.4 73.3 322.8
  73.4 323.2 73.5 323.7 73.6 324.3 73.8 324.8 74.0 325.4 74.2 326.0 74.4 326.1
  74.6 326.2 74.8 326.2 75.0 326.2 75.2 326.2 75.3 326.2 75.5 326.1 75.7 326.0
  75.8 325.9 76.0 325.8 76.1 325.6 76.3 325.5 76.4 325.4 76.5 325.2 76.6 325.0
  76.7 324.9 76.8 324.7 76.9 324.5 76.9 324.2 76.9 324.0 76.9 323.8 77.0 323.5
  76.9 323.3 76.9 323.0 76.9 322.7 76.9 322.3 76.8 321.9 76.7 321.4 76.6 320.8
  76.5 320.2 76.4 319.6 76.2 318.9 76.1 318.2 75.8 317.5 75.6 316.9 75.4 316.2
  75.1 315.6 74.8 315.2 74.6 314.7 74.3 314.4 73.9 314.1 73.7 313.7 73.4 313.4
  73.0 313.2 72.7 313.0 72.3 312.9 72.0 312.8 71.6 312.5 71.2 312.2 70.9 311.9
  70.5 311.6 70.1 311.3 69.7 311.0 69.4 310.5 69.1 310.0 68.7 309.6 68.4 309.2
  68.0 308.9 67.7 308.5 67.4 308.1 67.1 307.7 66.7 307.3 66.3 306.9 65.9 306.6
  65.6 306.2 65.2 305.8 64.9 305.3 64.6 304.9 64.2 304.5 64.0 304.0 63.7 303.4
  63.3 302.7 62.9 302.2 62.5 301.6 62.1 301.1 61.8 300.6 61.5 299.9 61.2 299.3
  60.8 298.7 60.5 298.1 60.2 297.5 59.9 296.9 59.7 296.3 59.6 295.7 59.1 295.1
  58.7 294.6 58.3 294.1 57.9 293.6 57.5 293.1 57.2 292.7 57.0 292.2 56.7 291.7
  56.4 291.3 56.1 290.8 55.9 290.3 55.7 289.8 55.6 289.3 55.5 288.9 55.4 288.4
  55.4 288.0 55.4 287.6 55.2 287.2 55.1 286.8 55.0 286.5 55.0 286.1 55.0 285.8
  55.1 285.5 55.2 285.2 55.3 284.8 55.4 284.5 55.6 284.1 55.8 283.7 55.8 283.4
  55.9 283.0 56.0 282.6 56.2 282.5 56.4 282.3 56.7 282.2 57.0 282.1 57.3 282.1
  57.6 282.0 57.9 282.0 58.2 281.9 58.5 282.1 58.7 282.2 58.9 282.5 59.2 282.7
  59.4 283.0 59.6 283.4 59.8 283.8 60.0 284.2 60.1 284.7 60.1 285.1 60.2 285.5
  60.3 285.9 60.3 286.3 60.4 286.7 60.4 287.1 60.4 287.4 60.4 287.7 60.4 287.9
  60.3 288.1 60.3 288.3 60.2 288.4 60.2 288.5 60.2 288.5 60.2 288.5 60.2 288.4
  60.2 288.3 60.3 288.2 60.3 288.0 60.4 287.8 60.4 287.5 60.4 287.3 60.5 287.0
  60.6 286.6 60.7 286.3 60.8 286.0 61.0 285.7 61.1 285.3 61.3 285.0 61.6 284.6
  61.8 284.3 62.1 283.9 62.3 283.4 62.6 282.8 62.9 282.3 63.2 281.8 63.6 281.3
  63.9 280.9 64.2 280.4 64.6 279.8 64.8 279.3 65.1 278.7 65.3 278.2 65.6 277.6
  65.8 277.1 66.1 276.7 66.3 276.0
   8 27 78  0.0
  72.5 321.4 72.4 321.0 72.3 320.6 72.2 320.1 72.1 319.7 72.0 319.2 71.8 318.9
  71.7 318.7 71.5 318.4 71.3 318.1 71.1 317.8 70.9 317.4 70.7 317.1 70.4 316.7
  70.2 316.4 69.9 316.1 69.6 316.1 69.3 316.1 69.0 316.0 68.6 315.9 68.2 315.9
  67.8 315.8 67.4 315.9 66.9 315.9 66.4 315.9 65.9 315.9 65.4 316.0 64.8 316.1
  64.4 316.2 63.9 316.2 63.4 316.6 62.9 316.9 62.4 317.1 61.9 317.3 61.3 317.7
  60.8 318.1 60.3 318.4 59.7 318.7 59.2 319.1 58.6 319.5 58.0 319.8 57.4 320.0
  56.8 320.3 56.1 320.4 55.5 320.6 54.9 320.6 54.3 320.6 53.7 320.5 53.2 320.4
  52.7 320.2 52.2 320.1 51.7 319.9 51.1 319.8 50.4 319.6 49.8 319.4 49.3 319.2
  48.8 319.0 48.3 318.8 47.9 318.5 47.5 318.3 47.1 318.0 46.8 317.7 46.5 317.4
  46.2 317.1 46.0 316.8 45.8 316.6 45.7 316.3 45.6 316.0 45.3 315.7 45.1 315.4
  44.9 315.1 44.7 314.8 44.5 314.5 44.3 314.2 44.2 313.9 44.1 313.6 44.0 313.2
  43.9 312.9 43.9 312.5 43.8 312.1 43.8 311.7 43.5 311.4 43.1 311.0 42.8 310.6
  42.4 310.2 42.1 309.9 41.7 309.5 41.4 309.2 41.1 308.8 40.9 308.5 40.6 308.1
  40.4 307.8 40.0 307.4 39.6 307.1 39.3 306.7 38.9 306.3 38.6 305.9 38.3 305.5
  37.9 305.1 37.6 304.7 37.4 304.2 37.1 303.7 36.9 303.2 36.7 302.7 36.5 302.2
  36.3 301.7 36.2 301.1 36.0 300.6 35.9 300.0 35.9 299.5 36.0 299.0 36.1 298.5
  36.1 298.0 36.2 297.6 36.2 297.2 36.2 296.8 36.2 296.4 36.2 296.0 36.2 295.7
  36.4 295.4 36.5 295.1 36.7 294.8 36.9 294.5 37.0 294.3 37.2 294.0 37.3 293.8
  37.4 293.6 37.6 293.4 37.7 293.2 37.8 293.0 37.8 292.9 37.9 292.7 38.0 292.6
  38.0 292.4 38.0 292.3 38.1 292.2 38.1 292.2 38.1 292.2 38.1 292.1 38.1 292.0
  38.1 291.9 38.3 291.8 38.4 291.7 38.6 291.5 38.8 291.4 39.0 291.2 39.2 291.1
  39.4 290.9 39.5 290.7 39.7 290.6 39.8 290.4 39.9 290.3 40.0 290.1 40.2 290.0
  40.3 289.8 40.3 289.6 40.4 289.4 40.5 289.1 40.5 288.9 40.6 288.7 40.7 288.5
  40.8 288.3 40.8 288.1 40.9 288.0 41.0 287.8 41.2 287.7 41.3 287.6 41.4 287.5
  41.5 287.4 41.7 287.4 41.8 287.3 41.9 287.2 42.0 287.1 42.2 286.9 42.3 286.6
  42.4 286.3 42.5 286.1 42.6 285.8 42.7 285.5 42.8 285.2 42.9 284.9 43.0 284.6
  43.1 284.4 43.2 284.1 43.3 283.8 43.3 283.5 43.3 283.2 43.3 282.9 43.3 282.6
  43.4 282.2 43.4 281.9 43.5 281.7 43.5 281.4 43.6 281.1 43.7 280.8 43.8 280.5
  43.9 280.2 44.0 279.9 43.9 279.6 43.9 279.3 43.9 279.0 43.9 278.7 43.9 278.3
  43.9 278.0 44.0 277.7 44.0 277.3 44.1 276.9 44.1 276.5 44.2 276.1 44.3 275.7
  44.3 275.3 44.2 274.8 44.2 274.4 44.2 274.0 44.2 273.5 44.2 273.1 44.3 272.7
  44.4 272.2 44.5 271.8 44.3 271.4 44.2 270.9 44.1 270.5 44.1 270.0 44.0 269.6
  44.0 269.1 44.0 268.6 44.0 268.1 44.0 267.6 43.9 267.1 43.8 266.6 43.7 266.1
  43.6 265.6 43.5 265.1 43.4 264.6 43.4 264.2 43.3 263.7 43.1 263.2 42.9 262.8
  42.6 262.3 42.4 261.9 42.2 261.4
   8 28 78  0.0
  72.5 321.4 72.4 321.7 72.4 321.9 72.3 322.1 72.2 322.3 72.2 322.4 72.1 322.5
  72.0 322.6 72.0 322.6 71.9 322.8 71.8 322.9 71.7 323.0 71.6 323.1 71.5 323.2
  71.4 323.3 71.3 323.3 71.2 323.3 71.1 323.3 70.9 323.2 70.8 323.1 70.7 323.1
  70.5 323.0 70.4 322.8 70.2 322.7 70.1 322.6 69.9 322.4 69.8 322.5 69.6 322.5
  69.5 322.5 69.3 322.5 69.1 322.4 68.9 322.3 68.7 322.2 68.5 322.0 68.3 321.8
  68.0 321.6 67.7 321.3 67.5 321.3 67.2 321.3 66.8 321.3 66.5 321.2 66.1 321.2
  65.7 321.1 65.3 321.2 64.9 321.3 64.4 321.3 63.9 321.4 63.4 321.6 62.9 321.7
  62.4 321.9 61.9 322.0 61.3 322.4 60.8 322.7 60.2 323.0 59.6 323.2 58.9 323.5
  58.3 323.8 57.6 324.1 56.9 324.3 56.3 324.6 55.6 324.8 55.0 325.0 54.4 325.2
  53.9 325.4 53.4 325.5 52.9 325.7 52.5 325.8 52.1 325.9 51.7 326.1 51.4 326.2
  51.1 326.3 50.9 326.4 50.7 326.5 50.5 326.6 50.3 326.8 50.1 326.9 49.9 327.1
  49.8 327.3 49.6 327.6 49.4 327.9 49.3 328.3 49.2 328.7 49.1 329.1 49.0 329.5
  48.9 329.9 48.8 330.4 48.8 330.9 48.7 331.4 48.6 331.9 48.4 332.4 48.2 332.9
  48.0 333.4 47.8 333.9 47.5 334.4 47.3 334.8 47.0 335.2 46.7 335.6 46.4 336.0
  46.1 336.3 45.8 336.6 45.5 336.9 45.2 337.2 44.9 337.4 44.6 337.6 44.3 337.8
  44.1 338.0 43.8 338.2 43.5 338.4 43.2 338.5 43.0 338.7 42.8 338.9 42.5 339.0
  42.3 339.2 42.1 339.4 41.9 339.5 41.6 339.7 41.4 339.9 41.3 340.1 41.3 340.4
  41.3 340.6 41.3 340.9 41.4 341.1 41.4 341.4 41.4 341.6 41.5 341.9 41.5 342.1
  41.6 342.3 41.6 342.5 41.7 342.7 41.8 342.9 41.9 343.1 42.0 343.2 42.1 343.4
  42.2 343.6 42.3 343.8 42.4 344.1 42.3 344.3 42.2 344.5 42.1 344.7 42.0 344.9
  41.9 345.1 41.7 345.2 41.6 345.3 41.4 345.5 41.3 345.6 41.1 345.7 40.9 345.9
  40.8 346.0 40.6 346.2 40.5 346.3 40.3 346.5 40.2 346.7 40.0 346.9 39.9 347.1
  39.7 347.1 39.6 347.1 39.5 347.2 39.4 347.3 39.3 347.3 39.2 347.4 39.0 347.4
  38.9 347.4 38.8 347.4 38.7 347.5 38.5 347.5 38.4 347.4 38.3 347.4 38.1 347.4
  38.0 347.4 37.9 347.3 37.7 347.2 37.6 347.1 37.5 347.0 37.4 346.9 37.2 346.8
  37.1 346.7 37.0 346.6 36.9 346.5 36.7 346.3 36.6 346.2 36.5 346.1 36.4 346.0
  36.3 345.9 36.1 345.7 36.0 345.6 35.8 345.5 35.6 345.4 35.4 345.3 35.2 345.1
  35.0 345.0 34.8 344.9 34.5 344.8 34.3 344.8 34.0 344.7 33.7 344.5 33.5 344.3
  33.3 344.1 33.1 344.0 33.2 343.8 33.2 343.6 33.3 343.5 33.3 343.3 33.4 343.2
  33.5 343.0 33.5 342.9 33.6 342.8 33.7 342.6 33.7 342.5 33.8 342.4 33.9 342.2
  33.9 342.1 34.0 341.9 34.1 341.8 34.1 341.7 34.2 341.6 34.3 341.5 34.3 341.4
  34.4 341.3 34.5 341.2 34.6 341.1 34.6 340.9 34.7 340.8 34.8 340.6 34.8 340.5
  34.9 340.3 34.9 340.1 35.0 339.9 35.2 339.7 35.3 339.5 35.5 339.4 35.7 339.2
  35.8 339.0 35.9 338.9 36.1 338.7 36.2 338.6 36.3 338.4 36.4 338.3 36.5 338.1
  36.5 338.0 36.6 337.8 36.6 337.7
   8 29 78  0.0
  72.5 321.4 72.3 321.6 72.0 321.7 71.8 321.9 71.6 322.0 71.5 322.2 71.3 322.4
  71.1 322.5 71.0 322.7 70.8 322.8 70.7 323.0 70.6 323.2 70.5 323.3 70.4 323.5
  70.3 323.7 70.2 323.8 70.1 324.0 70.0 324.2 69.9 324.3 69.8 324.4 69.7 324.5
  69.6 324.7 69.5 324.8 69.4 325.0 69.2 325.2 69.1 325.4 69.0 325.5 68.9 325.7
  68.8 325.9 68.6 326.0 68.5 326.2 68.3 326.3 68.1 326.4 67.9 326.5 67.7 326.6
  67.5 326.7 67.3 326.8 67.0 326.9 66.8 326.9 66.5 327.0 66.2 327.1 66.0 327.2
  65.7 327.2 65.5 327.2 65.2 327.3 64.9 327.3 64.6 327.3 64.3 327.4 63.9 327.4
  63.6 327.4 63.2 327.4 62.8 327.4 62.3 327.4 61.9 327.4 61.4 327.3 60.9 327.2
  60.4 327.2 59.8 327.2 59.2 327.2 58.6 327.3 58.0 327.3 57.4 327.5 56.8 327.5
  56.1 327.6 55.5 327.7 54.9 327.7 54.4 327.8 53.8 327.8 53.2 327.8 52.7 327.8
  52.2 327.8 51.6 327.8 51.1 327.8 50.6 327.8 50.2 327.9 49.8 327.9 49.4 327.9
  49.0 327.9 48.7 327.9 48.4 327.9 48.0 328.0 47.7 328.0 47.4 328.0 47.1 328.0
  46.8 328.1 46.6 328.1 46.4 328.2 46.2 328.3 46.0 328.4 45.8 328.5 45.6 328.6
  45.4 328.7 45.2 328.8 45.1 328.9 44.9 329.0 44.8 329.2 44.7 329.4 44.6 329.6
  44.4 329.8 44.3 330.0 44.2 330.3 44.2 330.6 44.1 331.0 44.0 331.3 43.9 331.7
  43.8 332.0 43.5 332.4 43.2 332.8 42.9 333.2 42.5 333.6 42.1 334.0 41.7 334.4
  41.4 334.6 41.0 334.8 40.7 334.9 40.3 335.1 40.0 335.2 39.7 335.4 39.5 335.3
  39.2 335.2 39.0 335.2 38.8 335.1 38.6 335.0 38.5 334.9 38.3 334.8 38.1 334.7
  38.0 334.6 37.8 334.4 37.6 334.2 37.5 333.9 37.3 333.7 37.2 333.4 37.0 333.2
  36.9 332.9 36.7 332.6 36.6 332.4 36.4 332.1 36.3 331.7 36.2 331.4 36.1 331.0
  35.9 330.6 35.8 330.2 35.7 329.9 35.6 329.4 35.5 329.0 35.3 328.6 35.2 328.1
  35.2 327.7 35.1 327.2 35.1 326.8 35.1 326.3 35.1 325.9 35.1 325.5 35.1 325.1
  35.0 324.6 35.0 324.3 35.0 323.9 35.1 323.5 35.2 323.2 35.3 322.8 35.4 322.4
  35.5 322.1 35.7 321.7 35.8 321.4 35.9 321.1 36.0 320.8 36.2 320.3 36.3 319.8
  36.4 319.4 36.5 319.0 36.6 318.6 36.7 318.2 36.8 317.8 37.0 317.5 37.1 317.2
  37.3 316.9 37.5 316.6 37.7 316.3 37.9 316.1 38.1 315.9 38.2 315.6 38.3 315.3
  38.5 315.0 38.6 314.7 38.7 314.4 38.9 314.1 39.1 313.8 39.3 313.5 39.4 313.2
  39.6 312.9 39.9 312.6 40.1 312.3 40.3 311.9 40.5 311.6 40.6 311.2 40.8 310.8
  40.9 310.5 41.1 310.1 41.3 309.8 41.4 309.4 41.6 309.1 41.8 308.8 42.0 308.5
  42.3 308.2 42.5 307.9 42.6 307.6 42.6 307.2 42.7 306.9 42.8 306.4 42.9 306.0
  42.9 305.5 43.1 304.9 43.2 304.4 43.3 303.8 43.4 303.2 43.5 302.5 43.6 301.9
  43.7 301.3 43.9 300.7 44.0 300.1 44.2 299.7 44.3 299.2 44.4 298.7 44.6 298.2
  44.8 297.8 44.9 297.3 45.1 296.9 45.3 296.4 45.6 296.0 45.8 295.6 45.9 295.1
  46.1 294.7 46.3 294.1 46.4 293.4 46.6 292.8 46.8 292.1 47.0 291.5 47.2 290.8
  47.4 290.1 47.7 289.4 48.0 288.8
   8 30 78  0.0
  72.5 321.4 72.1 321.2 71.7 321.0 71.3 320.9 70.9 320.8 70.5 320.8 70.1 320.8
  69.7 320.8 69.2 321.0 68.8 321.1 68.3 321.3 67.8 321.4 67.4 321.8 66.9 322.1
  66.4 322.4 65.9 322.7 65.4 323.1 65.0 323.4 64.5 323.8 64.1 324.2 63.6 324.6
  63.2 324.8 62.7 325.0 62.2 325.2 61.7 325.5 61.3 325.5 60.8 325.5 60.3 325.5
  59.8 325.4 59.3 325.2 58.8 325.0 58.2 324.8 57.7 324.6 57.2 324.3 56.8 324.1
  56.3 324.0 55.7 323.9 55.2 323.8 54.7 323.7 54.2 323.6 53.7 323.4 53.1 323.3
  52.6 323.1 52.1 322.9 51.5 322.7 51.0 322.4 50.4 322.2 49.9 322.0 49.3 321.7
  48.7 321.5 48.2 321.2 47.6 321.0 47.1 320.6 46.6 320.3 46.1 319.9 45.6 319.5
  45.1 319.1 44.6 318.6 44.1 318.2 43.7 317.7 43.3 317.2 42.8 316.7 42.4 316.2
  42.0 315.7 41.5 315.3 41.1 314.9 40.6 314.6 40.2 314.2 39.7 313.8 39.3 313.5
  38.9 313.2 38.5 312.9 38.1 312.6 37.7 312.3 37.3 311.9 37.1 311.6 36.9 311.3
  36.7 310.9 36.5 310.5 36.3 310.1 36.0 309.6 35.8 309.2 35.6 308.8 35.3 308.4
  35.1 308.0 35.0 307.6 35.0 307.1 35.0 306.7 34.9 306.3 34.8 305.9 34.8 305.5
  34.7 305.2 34.6 304.8 34.5 304.5 34.4 304.1 34.3 303.8 34.2 303.5 34.1 303.2
  34.0 303.0 33.9 302.7 33.8 302.5 33.8 302.3 33.7 302.1 33.7 301.9 33.7 301.7
  33.7 301.5 33.6 301.3 33.7 301.1 33.7 300.8 33.7 300.6 33.7 300.4 33.7 300.2
  33.8 300.0 33.8 299.7 33.8 299.5 33.9 299.3 33.9 299.1 33.9 298.9 33.9 298.8
  33.9 298.6 33.9 298.4 33.8 298.3 33.8 298.1 33.8 298.0 33.8 297.8 33.8 297.7
  33.9 297.6 33.9 297.5 34.0 297.4 34.1 297.3 34.1 297.2 34.3 297.1 34.4 297.0
  34.5 296.9 34.6 296.8 34.7 296.7 34.8 296.6 34.9 296.4 35.0 296.3 35.1 296.1
  35.1 295.9 35.2 295.7 35.3 295.5 35.4 295.3 35.5 295.1 35.6 294.8 35.7 294.7
  35.8 294.5 36.0 294.3 36.1 294.2 36.3 294.1 36.4 294.0 36.6 293.9 36.8 293.8
  36.9 293.7 37.1 293.7 37.3 293.6 37.5 293.6 37.7 293.5 37.9 293.4 38.1 293.4
  38.3 293.4 38.6 293.3 38.8 293.3 39.1 293.3 39.3 293.3 39.6 293.2 39.9 293.2
  40.2 293.1 40.6 293.3 40.9 293.4 41.3 293.5 41.7 293.6 42.1 293.7 42.5 293.8
  42.9 294.0 43.3 294.2 43.7 294.5 44.1 294.7 44.4 294.9 44.8 295.2 45.1 295.5
  45.4 295.8 45.6 296.1 45.8 296.4 46.0 296.7 46.3 296.8 46.4 296.9 46.6 297.0
  46.8 297.2 46.9 297.3 47.1 297.4 47.2 297.5 47.3 297.5 47.4 297.6 47.5 297.7
  47.6 297.8 47.7 297.8 47.7 297.9 47.8 297.9 47.9 297.9 47.9 298.0 48.0 298.0
  48.0 298.0 48.0 297.9 48.0 297.7 48.1 297.5 48.1 297.2 48.1 296.9 48.1 296.6
  48.1 296.3 48.1 296.0 48.1 295.7 48.1 295.3 48.2 295.0 48.2 294.6 48.3 294.2
  48.3 293.8 48.3 293.3 48.3 292.9 48.3 292.4 48.2 291.8 48.2 291.3 48.2 290.7
  48.3 290.0 48.2 289.4 48.2 288.7 48.2 288.1 48.2 287.4 48.3 286.7 48.5 286.0
  48.5 285.3 48.6 284.6 48.5 284.0 48.6 283.2 48.6 282.5 48.5 281.8 48.4 281.1
  48.3 280.3 48.1 279.6 48.3 278.8
   8 31 78  0.0
  72.5 321.4 72.6 321.7 72.6 322.0 72.7 322.2 72.7 322.5 72.7 322.8 72.8 323.1
  72.8 323.4 72.7 323.7 72.7 324.0 72.6 324.3 72.5 324.6 72.4 324.9 72.3 325.2
  72.2 325.5 72.0 325.6 71.8 325.7 71.6 325.8 71.4 325.8 71.1 325.8 70.9 325.8
  70.6 325.8 70.2 325.7 69.9 325.6 69.6 325.6 69.2 325.7 68.8 325.7 68.4 325.8
  68.0 325.9 67.6 325.9 67.2 326.1 66.8 326.3 66.4 326.5 65.9 326.6 65.5 326.7
  65.0 326.8 64.5 326.9 63.9 327.0 63.3 327.0 62.7 327.0 62.2 327.0 61.6 327.0
  61.0 326.8 60.4 326.6 59.7 326.5 59.1 326.1 58.4 325.8 57.7 325.5 56.9 325.0
  56.1 324.6 55.4 324.2 54.6 323.8 54.0 323.3 53.3 322.8 52.6 322.4 52.0 322.0
  51.4 321.6 50.8 321.2 50.3 320.8 49.8 320.4 49.2 320.0 48.7 319.6 48.2 319.2
  47.7 318.8 47.2 318.4 46.7 317.9 46.2 317.5 45.7 317.1 45.2 316.6 44.7 316.1
  44.2 315.6 43.8 315.1 43.4 314.5 43.0 313.9 42.7 313.3 42.3 312.7 41.8 312.1
  41.4 311.5 41.1 310.9 40.9 310.3 40.6 309.7 40.3 309.2 40.0 308.6 39.7 308.0
  39.7 307.3 39.7 306.7 39.6 306.0 39.6 305.4 39.5 304.8 39.5 304.2 39.4 303.5
  39.4 302.9 39.4 302.3 39.3 301.7 39.2 301.1 39.2 300.5 39.1 299.9 39.0 299.3
  38.9 298.7 38.8 298.1 38.8 297.6 38.7 297.0 38.7 296.4 38.6 295.9 38.6 295.3
  38.6 294.8 38.6 294.2 38.5 293.7 38.5 293.1 38.4 292.6 38.4 292.0 38.4 291.5
  38.5 291.0 38.6 290.5 38.8 290.1 38.9 289.6 39.1 289.1 39.2 288.7 39.4 288.3
  39.5 287.8 39.7 287.4 39.9 287.0 40.1 286.6 40.3 286.1 40.5 285.6 40.7 285.1
  40.9 284.6 41.1 284.2 41.3 283.7 41.5 283.2 41.7 282.8 41.9 282.4 42.1 282.0
  42.3 281.4 42.5 280.9 42.7 280.4 42.9 279.9 43.1 279.4 43.2 278.8 43.4 278.4
  43.6 277.9 43.8 277.4 43.9 276.9 44.1 276.5 44.2 276.1 44.4 275.6 44.6 275.2
  44.8 274.7 45.0 274.3 45.1 273.9 45.3 273.4 45.5 272.9 45.7 272.5 45.8 272.0
  46.0 271.5 46.1 271.0 46.3 270.5 46.5 270.1 46.6 269.6 46.7 269.1 46.8 268.7
  46.9 268.2 47.0 267.8 47.1 267.3 47.1 266.9 47.1 266.4 47.1 266.0 47.1 265.6
  47.1 265.2 47.0 264.8 47.0 264.5 47.0 264.1 46.9 263.8 46.8 263.4 46.7 263.1
  46.6 262.8 46.5 262.4 46.4 262.1 46.3 261.9 46.1 261.6 46.0 261.3 45.8 261.1
  45.7 260.8 45.5 260.5 45.3 260.3 45.1 260.0 44.9 259.8 44.7 259.6 44.5 259.4
  44.3 259.2 44.0 259.0 43.8 258.9 43.5 258.6 43.2 258.4 43.0 258.2 42.7 258.0
  42.4 257.8 42.2 257.6 41.9 257.3 41.7 257.1 41.4 256.9 41.2 256.6 40.9 256.4
  40.7 256.2 40.5 256.0 40.2 255.9 40.1 255.7 39.9 255.5 39.8 255.3 39.7 255.2
  39.6 255.0 39.5 254.9 39.4 254.8 39.3 254.6 39.2 254.5 39.1 254.4 39.0 254.2
  38.9 254.1 38.9 254.0 38.8 253.9 38.7 253.7 38.7 253.6 38.7 253.5 38.6 253.3
  38.6 253.1 38.6 253.0 38.6 252.8 38.6 252.6 38.6 252.4 38.6 252.2 38.6 252.0
  38.5 251.8 38.4 251.5 38.3 251.3 38.2 251.0 38.1 250.8 38.0 250.5 37.9 250.2
  37.8 249.9 37.7 249.6 37.5 249.3
