   5  1 78  0.0
  72.5 321.4 72.5 321.0 72.5 320.6 72.5 320.2 72.5 319.8 72.5 319.4 72.4 319.0
  72.4 318.6 72.4 318.2 72.4 317.8 72.4 317.4 72.4 316.9 72.3 316.5 72.3 316.1
  72.3 315.7 72.3 315.2 72.2 314.8 72.2 314.3 72.1 313.8 72.0 313.3 71.9 312.8
  71.9 312.3 71.8 311.8 71.7 311.3 71.6 310.7 71.4 310.2 71.3 309.6 71.1 309.1
  70.9 308.6 70.7 308.1 70.5 307.6 70.2 307.1 69.9 306.7 69.6 306.3 69.4 305.8
  69.1 305.4 68.7 305.0 68.4 304.5 68.0 304.1 67.7 303.7 67.3 303.3 67.0 303.0
  66.7 302.7 66.3 302.3 65.9 302.0 65.6 301.9 65.3 301.8 65.0 301.7 64.7 301.6
  64.3 301.5 64.0 301.3 63.7 301.2 63.5 301.2 63.2 301.2 63.0 301.1 62.7 301.0
  62.5 300.9 62.2 300.7 62.0 300.5 61.8 300.5 61.6 300.5 61.4 300.4 61.2 300.3
  61.0 300.3 60.8 300.2 60.6 300.1 60.5 300.0 60.4 299.9 60.3 299.8 60.2 299.7
  60.1 299.6 60.0 299.5 59.9 299.6 59.9 299.7 59.8 299.8 59.8 300.0 59.8 300.1
  59.8 300.3 59.8 300.5 59.9 300.8 59.9 301.0 60.0 301.3 60.1 301.7 60.2 301.8
  60.3 302.0 60.4 302.3 60.5 302.5 60.6 302.7 60.7 303.0 60.8 303.3 61.0 303.5
  61.1 303.8 61.2 304.1 61.3 304.5 61.4 304.8 61.5 305.1 61.6 305.5 61.7 305.8
  61.8 306.2 61.9 306.6 62.0 306.9 62.1 307.3 62.2 307.4 62.3 307.4 62.4 307.4
  62.4 307.4 62.5 307.4 62.6 307.3 62.7 307.3 62.8 307.2 62.8 307.2 62.9 307.1
  62.9 307.1 62.8 307.1 62.8 307.1 62.7 307.1 62.6 307.1 62.5 307.2 62.3 307.2
  62.2 307.3 62.0 307.4 61.8 307.9 61.6 308.4 61.3 309.0 61.1 309.5 60.8 310.1
  60.6 310.6 60.4 311.2 60.1 311.7 59.9 312.3 59.7 313.1 59.4 314.0 59.2 314.8
  59.0 315.6 58.7 316.3 58.5 317.1 58.2 317.8 58.0 318.5 57.7 319.3 57.5 320.0
  57.2 320.7 57.0 321.4 56.9 322.1 56.7 322.7 56.5 323.4 56.4 324.0 56.4 324.7
  56.4 325.3 56.4 326.0 56.4 326.7 56.4 327.3 56.5 328.0 56.5 328.8 56.6 329.5
  56.6 330.4 56.7 331.2 56.8 332.2 56.7 333.2 56.7 334.3 56.6 335.4 56.6 336.5
  56.4 337.6 56.2 338.7 55.9 339.8 55.6 340.7 55.2 341.5 54.8 342.3 54.3 343.1
  53.8 343.8 53.3 344.2 52.8 344.6 52.2 345.1 51.7 345.5 51.1 345.6 50.6 345.8
  50.0 346.0 49.5 346.2 48.9 346.1 48.4 346.0 47.9 346.0 47.4 345.7 47.0 345.5
  46.5 345.2 46.1 345.0 45.6 344.7 45.2 344.3 44.9 343.8 44.7 343.4 44.6 342.9
  44.5 342.4 44.4 341.9 44.3 341.3 44.2 340.8 44.1 340.2 43.9 339.6 44.2 338.9
  44.4 338.2 44.6 337.5 44.7 336.8 44.9 336.1 45.0 335.3 45.3 334.6 45.6 333.8
  45.9 333.0 46.2 332.3 46.5 331.6 46.9 331.0 47.3 330.3 47.7 329.7 48.1 329.0
  48.5 328.4 48.9 327.8 49.4 327.2 49.8 326.6 50.3 326.0 50.7 325.4 51.2 324.8
  51.6 324.2 52.0 323.6 52.4 323.0 52.8 322.5 53.2 322.0 53.6 321.4 54.0 320.9
  54.3 320.3 54.7 320.0 55.0 319.7 55.3 319.4 55.6 319.0 55.9 318.7 56.1 318.3
  56.4 318.3 56.7 318.4 57.0 318.4 57.3 318.5 57.6 318.6 57.9 318.7 58.2 318.8
  58.5 319.3 58.8 319.9 59.1 320.5
   5  2 78  0.0
  72.5 321.4 72.8 321.3 73.1 321.2 73.3 321.1 73.6 320.9 73.8 320.8 74.0 320.6
  74.3 320.1 74.5 319.6 74.7 319.1 74.9 318.5 75.0 318.0 75.2 317.4 75.4 316.9
  75.5 316.3 75.7 315.7 75.7 315.1 75.8 314.5 75.9 313.8 76.0 313.2 76.0 312.6
  76.1 311.5 76.1 310.4 76.1 309.4 76.2 308.3 76.2 307.3 76.2 306.3 76.2 305.3
  76.2 304.3 76.2 303.3 76.3 302.2 76.3 301.2 76.3 300.2 76.3 299.1 76.4 298.0
  76.4 296.9 76.4 295.8 76.4 294.6 76.4 293.4 76.5 292.3 76.5 291.1 76.5 290.0
  76.5 288.9 76.5 287.9 76.5 286.8 76.5 285.8 76.5 284.8 76.6 283.9 76.6 282.9
  76.7 282.0 76.7 281.0 76.8 280.1 76.9 279.2 76.9 278.2 76.9 277.3 76.9 276.4
  77.0 275.4 77.0 274.5 77.0 273.6 77.0 272.6 77.0 271.7 77.0 270.7 77.0 269.7
  77.0 268.8 77.0 267.8 77.0 266.9 77.1 266.0 77.1 265.0 77.2 264.1 77.3 263.2
  77.4 262.3 77.5 261.3 77.6 260.4 77.7 259.4 77.8 258.4 77.9 257.4 78.0 256.3
  78.1 255.1 78.2 253.7 78.3 252.3 78.4 250.8 78.5 249.4 78.6 247.9 78.8 246.3
  78.9 244.8 79.1 243.1 79.2 241.5 79.4 239.9 79.5 238.2 79.7 236.6 79.8 235.1
  80.0 233.5 80.1 232.0 80.3 230.0 80.5 228.1 80.7 226.1 80.8 224.1 81.0 222.1
  81.2 220.0 81.3 217.8 81.5 215.6 81.6 213.3 81.8 210.9 81.9 208.5 82.0 206.0
  82.2 203.3 82.3 200.6 82.4 197.8 82.5 195.0 82.6 192.1 82.7 189.2 82.8 186.5
  82.9 183.9 82.9 181.4 82.9 179.1 82.9 176.9 82.9 174.9 82.9 173.0 83.0 171.3
  83.0 169.7 83.0 168.2 83.0 166.8 83.0 165.4 82.9 164.2 82.9 163.0 82.9 161.9
  82.9 160.8 82.8 159.8 82.8 158.9 82.7 158.0 82.6 157.2 82.5 156.5 82.4 155.8
  82.3 155.2 82.2 154.6 82.1 154.0 82.0 153.5 81.9 153.0 81.8 153.1 81.6 153.1
  81.5 153.2 81.4 153.3 81.2 153.4 81.1 153.5 81.0 153.5 80.8 153.6 80.6 153.7
  80.5 153.8 80.3 153.9 80.1 154.1 80.0 154.2 79.8 154.8 79.7 155.4 79.6 155.9
  79.4 156.5 79.3 157.0 79.1 157.5 78.9 158.0 78.7 158.5 78.6 159.0 78.4 159.4
  78.2 159.8 78.0 160.2 77.9 160.6 77.7 161.3 77.6 162.0 77.4 162.7 77.3 163.5
  77.1 164.2 77.0 164.9 76.8 165.6 76.7 166.3 76.5 166.9 76.3 167.5 76.1 168.0
  75.9 168.6 75.7 169.2 75.5 169.8 75.2 170.3 75.0 170.9 74.8 171.4 74.5 171.9
  74.3 172.3 74.0 172.8 73.8 173.2 73.5 173.7 73.3 174.2 73.0 174.7 72.8 175.2
  72.5 175.7 72.3 176.1 72.0 176.6 71.8 177.1 71.6 177.7 71.4 178.3 71.2 178.9
  71.0 179.5 70.8 180.0 70.6 180.6 70.5 181.2 70.3 181.8 70.2 182.4 70.0 183.0
  69.9 183.5 69.7 184.2 69.6 184.8 69.4 185.4 69.3 186.0 69.2 186.6 69.0 187.2
  68.9 187.7 68.7 188.2 68.5 188.7 68.4 189.2 68.2 189.7 68.0 190.1 67.8 190.5
  67.6 190.9 67.4 191.2 67.2 191.5 67.0 191.8 66.8 192.1 66.5 192.3 66.2 192.6
  66.0 192.8 65.7 192.9 65.4 193.0 65.1 193.1 64.8 193.1 64.6 193.2 64.3 193.3
  64.0 193.4 63.7 193.4 63.5 193.4 63.3 193.4 63.0 193.5 62.8 193.6 62.6 193.7
  62.4 193.8 62.2 193.9 62.0 194.0
   5  3 78  0.0
  72.5 321.4 72.6 321.2 72.7 320.9 72.8 320.7 72.9 320.4 73.1 320.2 73.3 319.9
  73.3 319.6 73.4 319.3 73.4 319.0 73.5 318.7 73.6 318.3 73.8 318.0 73.9 317.6
  74.0 317.3 74.2 316.6 74.4 316.0 74.4 315.3 74.5 314.7 74.5 314.1 74.6 313.5
  74.7 312.9 74.8 312.3 74.9 311.8 74.8 311.2 74.8 310.6 74.8 310.0 74.8 309.3
  74.8 308.7 74.8 308.0 74.9 307.4 74.8 306.7 74.7 306.0 74.7 305.3 74.7 304.6
  74.7 303.9 74.6 303.2 74.6 302.4 74.6 301.7 74.6 301.0 74.5 300.2 74.5 299.5
  74.5 298.8 74.4 298.1 74.4 297.5 74.4 296.8 74.3 296.1 74.3 295.5 74.3 294.9
  74.3 294.2 74.3 293.6 74.3 292.9 74.3 292.2 74.3 291.6 74.2 290.9 74.2 290.1
  74.2 289.4 74.1 288.7 74.1 287.9 74.0 287.2 74.0 286.4 73.9 286.0 73.9 285.7
  73.9 285.4 73.9 285.1 73.9 284.8 73.9 284.5 73.9 284.3 74.0 284.0 74.0 283.8
  74.1 283.3 74.2 282.8 74.3 282.4 74.4 281.9 74.5 281.5 74.6 281.1 74.8 280.7
  74.9 280.3 75.0 279.9 75.1 279.5 75.2 279.1 75.3 278.8 75.4 278.5 75.5 278.1
  75.6 277.8 75.7 277.5 75.8 277.2 75.9 276.9 76.1 276.6 76.2 275.9 76.4 275.3
  76.5 274.6 76.6 274.0 76.8 273.4 77.0 272.8 77.1 272.2 77.3 271.6 77.5 271.0
  77.7 270.4 77.9 269.7 78.1 269.0 78.3 267.9 78.4 266.8 78.6 265.6 78.8 264.4
  79.0 263.2 79.2 261.8 79.3 260.5 79.5 259.0 79.7 257.5 79.9 255.9 80.1 254.3
  80.3 252.7 80.6 251.0 80.8 249.3 81.0 247.6 81.2 245.9 81.4 244.1 81.6 242.3
  81.8 240.5 82.0 238.6 82.1 236.6 82.4 234.8 82.6 232.9 82.8 230.9 83.0 228.7
  83.3 226.4 83.5 223.9 83.7 221.2 83.8 218.3 84.0 215.2 84.3 212.9 84.5 210.4
  84.8 207.7 85.0 204.7 85.2 201.6 85.4 198.2 85.6 194.7 85.7 191.0 85.9 187.1
  86.1 183.1 86.3 180.8 86.6 178.1 86.8 175.2 87.0 171.9 87.2 168.2 87.3 164.3
  87.5 160.1 87.6 155.7 87.7 151.1 87.8 146.3 87.9 141.5 88.0 136.6 88.1 131.6
  88.2 126.5 88.3 121.3 88.4 116.2 88.4 111.1 88.5 106.3 88.5 101.6 88.6  97.3
  88.6  93.2 88.7  89.2 88.8  85.4 88.8  82.0 88.9  78.9 88.9  78.8 89.0  78.8
  89.0  78.8 89.1  78.8 89.2  78.8 89.2  78.8 89.3  78.7 89.4  78.7 89.4  78.7
  89.5  78.7 89.5  78.7 89.6  78.7 89.6  78.7 89.7  78.7 89.8  78.7 89.8  78.7
  89.9  78.7 89.9  78.7 90.0  78.7 90.0 258.7 89.9 240.7 89.7 232.9 89.5 227.6
  89.3 223.5 89.1 220.1 89.0 217.2 88.8 214.7 88.7 212.5 88.5 210.8 88.4 209.5
  88.3 208.6 88.2 208.0 88.1 207.7 88.0 207.6 87.9 207.7 87.9 208.2 87.8 208.8
  87.8 209.7 87.7 210.8 87.7 212.2 87.7 213.7 87.6 215.3 87.6 217.0 87.5 218.7
  87.5 220.6 87.4 222.5 87.4 224.5 87.3 226.6 87.3 228.8 87.2 231.0 87.2 233.4
  87.1 235.7 87.1 238.1 87.0 240.5 86.9 242.8 86.9 245.2 86.8 247.4 86.7 249.7
  86.6 251.9 86.5 254.0 86.5 256.1 86.3 258.1 86.2 260.1 86.1 261.9 86.0 263.7
  85.9 265.4 85.8 268.0 85.7 270.4 85.6 272.6 85.4 274.5 85.3 276.3 85.1 277.8
  85.0 279.1 84.8 280.3 84.6 281.4
   5  4 78  0.0
  72.5 321.4 72.5 321.1 72.5 320.7 72.5 320.4 72.4 320.0 72.4 319.7 72.3 319.3
  72.3 319.0 72.2 318.7 72.1 318.3 72.0 318.0 71.9 317.6 71.8 317.2 71.7 316.8
  71.5 316.4 71.4 316.0 71.3 315.7 71.2 315.4 71.1 315.1 71.0 314.9 70.8 314.6
  70.7 314.4 70.6 314.2 70.4 314.0 70.3 313.9 70.1 313.8 70.0 313.7 69.9 313.6
  69.8 313.5 69.7 313.5 69.6 313.5 69.5 313.6 69.5 313.7 69.4 313.8 69.4 313.9
  69.3 314.1 69.3 314.3 69.3 314.6 69.3 314.8 69.3 315.0 69.3 315.2 69.3 315.4
  69.3 315.5 69.4 315.7 69.4 315.8 69.5 315.8 69.6 315.9 69.7 315.9 69.8 315.9
  69.9 315.9 70.1 315.9 70.2 315.9 70.3 315.9 70.4 315.9 70.6 315.8 70.7 315.8
  70.8 315.7 70.9 315.6 71.1 315.5 71.2 315.4 71.3 315.3 71.4 315.1 71.5 315.0
  71.6 314.9 71.7 314.8 71.8 314.7 71.8 314.5 71.9 314.5 71.9 314.4 71.9 314.3
  71.9 314.2 71.9 314.1 71.8 314.1 71.8 314.0 71.7 314.0 71.7 313.9 71.6 313.8
  71.5 313.7 71.5 313.6 71.4 313.5 71.4 313.3 71.3 313.2 71.2 313.0 71.2 312.8
  71.1 312.7 71.0 312.5 70.9 312.3 70.9 312.0 70.8 311.7 70.7 311.4 70.6 311.1
  70.5 310.8 70.3 310.4 70.2 310.0 70.0 309.6 69.9 309.1 69.7 308.8 69.5 308.4
  69.4 308.0 69.1 307.6 68.9 307.2 68.6 306.8 68.3 306.4 68.1 306.0 67.7 305.6
  67.4 305.3 67.1 305.0 66.8 304.8 66.5 304.5 66.1 304.2 65.8 303.9 65.4 303.8
  65.1 303.7 64.8 303.7 64.4 303.6 64.1 303.5 63.8 303.5 63.5 303.7 63.2 303.9
  63.0 304.1 62.6 304.3 62.3 304.5 62.0 304.7 61.7 304.9 61.4 305.1 61.2 305.4
  60.9 305.6 60.7 305.8 60.5 306.0 60.2 306.1 60.0 306.2 59.8 306.3 59.6 306.5
  59.4 306.7 59.3 306.8 59.1 307.0 58.9 307.3 58.8 307.5 58.7 307.7 58.5 308.0
  58.4 308.3 58.3 308.6 58.2 308.9 58.0 309.2 57.9 309.6 57.8 310.1 57.7 310.6
  57.6 311.0 57.5 311.5 57.4 312.0 57.3 312.5 57.2 313.0 57.0 313.4 56.9 313.9
  56.7 314.3 56.6 314.7 56.5 315.1 56.3 315.5 56.2 315.9 56.1 316.2 55.9 316.6
  55.6 317.0 55.4 317.3 55.2 317.6 54.9 318.0 54.6 318.3 54.3 318.6 53.9 318.8
  53.6 319.1 53.2 319.4 52.8 319.6 52.5 319.9 52.1 320.1 51.7 320.3 51.3 320.4
  50.9 320.4 50.5 320.5 50.2 320.5 49.8 320.5 49.4 320.3 49.0 320.2 48.6 320.0
  48.2 319.8 47.6 319.6 47.1 319.3 46.6 319.0 46.1 318.6 45.6 318.2 45.1 317.7
  44.6 317.2 44.1 316.6 43.6 316.0 43.1 315.3 42.6 314.6 42.2 313.8 41.8 313.0
  41.4 312.2 41.0 311.4 40.7 310.6 40.4 309.8 40.1 308.9 39.8 308.0 39.5 307.1
  39.5 306.2 39.4 305.3 39.4 304.3 39.3 303.4 39.3 302.5 39.2 301.5 39.2 300.5
  39.1 299.5 39.3 298.5 39.5 297.5 39.7 296.5 39.9 295.5 40.2 294.6 40.6 293.8
  41.0 293.1 41.4 292.4 41.8 291.7 42.2 291.0 42.6 290.5 43.1 290.1 43.6 289.6
  44.1 289.1 44.7 288.8 45.3 288.6 46.0 288.3 46.7 288.4 47.4 288.4 48.1 288.5
  48.8 288.9 49.4 289.4 50.0 289.8 50.6 290.5 51.1 291.3 51.6 292.1 52.1 292.9
  52.6 293.8 53.0 294.8 53.5 295.7
   5  5 78  0.0
  72.5 321.4 72.2 320.8 72.0 320.3 71.8 319.7 71.5 319.1 71.3 318.5 71.0 318.0
  70.8 317.4 70.7 316.8 70.5 316.3 70.3 315.8 70.2 315.2 70.1 314.7 70.0 314.2
  70.0 313.7 69.9 313.1 69.9 312.6 69.9 312.0 69.8 311.4 69.8 310.9 69.8 310.3
  69.8 309.6 69.8 309.0 69.9 308.4 69.9 307.7 69.9 307.1 69.9 306.4 70.0 305.8
  70.0 305.1 70.0 304.5 70.0 303.8 70.0 303.1 70.0 302.4 70.0 301.7 70.0 300.9
  70.0 300.1 70.0 299.3 70.0 298.5 70.0 297.7 70.0 296.9 70.0 296.1 70.0 295.3
  69.9 294.5 69.9 293.8 69.9 293.0 69.8 292.3 69.8 291.6 69.7 290.8 69.7 290.1
  69.7 289.3 69.6 288.6 69.6 287.9 69.6 287.1 69.6 286.4 69.6 285.7 69.6 284.9
  69.5 284.2 69.5 283.4 69.6 282.7 69.6 281.9 69.6 281.1 69.6 280.3 69.6 279.5
  69.7 278.7 69.8 277.8 69.8 276.9 69.9 275.9 69.9 274.9 70.0 273.8 70.0 272.7
  70.1 271.3 70.1 269.9 70.2 268.4 70.2 266.8 70.3 265.2 70.4 263.6 70.5 261.9
  70.5 260.2 70.6 258.5 70.6 256.8 70.7 255.1 70.8 253.3 70.9 251.6 71.1 249.9
  71.2 248.2 71.3 246.5 71.5 245.0 71.6 243.5 71.7 242.1 71.9 240.8 72.1 239.5
  72.2 238.6 72.4 237.6 72.5 236.8 72.7 235.9 72.8 235.1 72.9 234.2 73.1 233.4
  73.2 232.6 73.3 231.9 73.4 231.1 73.6 230.4 73.7 229.7 73.8 229.0 73.9 228.3
  74.0 227.6 74.1 226.9 74.2 226.4 74.3 226.0 74.3 225.5 74.4 225.1 74.5 224.7
  74.5 224.3 74.6 224.0 74.6 223.6 74.6 223.3 74.6 223.0 74.6 222.7 74.6 222.5
  74.6 222.3 74.5 222.1 74.5 221.9 74.4 221.7 74.4 221.5 74.3 221.4 74.3 221.3
  74.2 221.2 74.2 221.1 74.1 221.0 74.0 220.9 74.0 220.9 73.9 220.5 73.9 220.2
  73.8 219.9 73.8 219.6 73.7 219.3 73.7 219.1 73.7 218.9 73.6 218.7 73.5 218.5
  73.5 218.3 73.4 218.2 73.4 218.0 73.3 217.9 73.2 217.8 73.1 217.7 73.0 217.7
  72.9 217.7 72.9 217.7 72.8 217.8 72.7 217.8 72.5 217.9 72.4 218.1 72.3 218.3
  72.2 218.5 72.0 218.7 71.9 218.9 71.8 219.0 71.6 219.0 71.5 219.1 71.3 219.1
  71.2 219.2 71.0 219.3 70.8 219.4 70.7 219.5 70.5 219.6 70.3 219.7 70.1 219.8
  69.9 219.9 69.7 219.9 69.5 219.9 69.3 219.9 69.1 219.9 68.9 219.9 68.7 219.9
  68.5 219.9 68.3 219.8 68.1 219.8 67.9 219.8 67.7 219.6 67.5 219.4 67.3 219.3
  67.1 219.1 66.9 219.0 66.7 218.9 66.5 218.8 66.3 218.8 66.0 218.8 65.8 218.8
  65.6 218.7 65.4 218.7 65.1 218.6 64.9 218.6 64.7 218.6 64.4 218.7 64.2 218.7
  63.9 218.8 63.7 218.9 63.4 219.1 63.1 219.3 62.8 219.5 62.5 219.8 62.2 220.0
  61.9 220.3 61.5 220.7 61.1 221.0 60.8 221.3 60.4 221.6 59.9 221.8 59.5 222.0
  59.1 222.1 58.7 222.2 58.3 222.3 57.8 222.4 57.4 222.4 57.0 222.4 56.6 222.4
  56.1 222.3 55.7 222.3 55.3 222.2 54.8 222.1 54.4 222.0 54.0 221.9 53.7 221.8
  53.3 221.6 53.0 221.5 52.7 221.4 52.4 221.2 52.1 221.1 51.8 221.0 51.6 221.0
  51.4 221.0 51.2 221.0 51.0 221.0 50.8 221.0 50.6 221.1 50.5 221.2 50.3 221.3
  50.2 221.5 50.1 221.7 50.0 221.9
   5  6 78  0.0
  72.5 321.4 72.2 321.3 71.8 321.2 71.5 321.2 71.2 321.1 70.8 321.1 70.5 321.0
  70.1 320.9 69.8 320.8 69.4 320.8 69.1 320.7 68.7 320.7 68.4 320.6 68.1 320.5
  67.7 320.4 67.5 320.6 67.2 320.7 67.0 320.8 66.8 320.9 66.6 321.0 66.4 321.0
  66.2 321.1 66.0 321.1 65.8 321.1 65.7 321.3 65.6 321.6 65.4 321.9 65.3 322.1
  65.1 322.3 65.0 322.4 64.9 322.6 64.7 322.7 64.6 322.7 64.4 322.8 64.3 322.8
  64.1 322.7 64.0 322.7 63.9 322.7 63.7 322.8 63.6 322.8 63.4 322.8 63.3 322.8
  63.2 322.8 63.1 322.7 63.0 322.7 62.8 322.6 62.7 322.5 62.6 322.4 62.5 322.3
  62.4 322.1 62.3 322.0 62.2 322.0 62.1 321.9 62.0 321.9 61.9 322.0 61.8 322.1
  61.7 322.3 61.6 322.5 61.6 322.6 61.5 322.8 61.4 323.0 61.3 323.2 61.3 323.4
  61.2 323.6 61.2 323.7 61.1 323.8 61.1 323.8 61.0 323.9 61.0 323.9 61.0 323.9
  61.0 323.9 61.0 323.9 61.0 323.8 61.0 323.7 61.0 323.7 61.0 323.6 61.0 323.5
  61.0 323.5 61.0 323.4 61.1 323.3 61.1 323.2 61.1 323.2 61.1 323.1 61.1 323.0
  61.1 322.9 61.1 322.8 61.1 322.7 61.1 322.6 61.1 322.5 61.2 322.4 61.2 322.2
  61.2 322.1 61.3 322.0 61.3 321.8 61.4 321.7 61.5 321.5 61.5 321.4 61.6 321.2
  61.7 321.1 61.8 321.0 61.8 320.9 61.9 320.8 62.0 320.7 62.0 320.7 62.1 320.5
  62.2 320.3 62.2 320.2 62.3 320.0 62.3 319.9 62.3 319.8 62.4 319.6 62.4 319.5
  62.4 319.3 62.5 319.2 62.5 319.0 62.5 318.9 62.5 318.7 62.5 318.6 62.4 318.4
  62.4 318.2 62.4 318.0 62.3 317.8 62.3 317.7 62.2 317.5 62.2 317.4 62.1 317.2
  62.0 317.1 61.9 317.0 61.8 317.1 61.7 317.3 61.6 317.4 61.5 317.5 61.4 317.7
  61.2 317.8 61.1 318.0 60.9 318.1 60.8 318.3 60.6 318.4 60.5 318.6 60.3 318.7
  60.1 318.9 60.0 319.0 59.8 319.1 59.6 319.3 59.4 319.4 59.2 319.4 59.0 319.5
  58.8 319.6 58.6 319.7 58.3 319.7 58.1 319.8 57.9 319.9 57.7 319.9 57.5 320.0
  57.5 320.1 57.5 320.2 57.5 320.3 57.5 320.4 57.5 320.4 57.5 320.5 57.6 320.6
  57.6 320.7 57.7 320.8 57.8 320.9 57.8 321.1 57.9 321.2 58.0 321.3 58.2 321.4
  58.3 321.5 58.4 321.5 58.6 321.6 58.7 321.7 58.9 321.8 59.0 321.9 59.2 321.9
  59.3 322.0 59.5 322.1 59.6 322.2 59.8 322.3 59.9 322.4 60.1 322.6 60.3 322.7
  60.4 322.8 60.5 322.9 60.7 323.1 60.8 323.2 60.9 323.3 61.0 323.4 61.1 323.5
  61.2 323.6 61.3 323.7 61.4 323.8 61.4 323.9 61.5 324.0 61.6 324.0 61.7 324.1
  61.7 324.1 61.8 324.2 61.9 324.2 61.9 324.2 61.9 324.2 61.9 324.2 61.9 324.2
  61.9 324.2 61.9 324.2 61.9 324.1 61.8 324.1 61.8 324.0 61.7 324.0 61.7 323.9
  61.7 323.8 61.6 323.8 61.6 323.7 61.5 323.6 61.4 323.5 61.4 323.4 61.3 323.3
  61.2 323.1 61.1 323.0 61.0 323.0 60.8 322.9 60.7 322.8 60.5 322.8 60.4 322.7
  60.2 322.7 59.9 322.7 59.7 322.8 59.5 323.0 59.2 323.2 59.0 323.4 58.7 323.7
  58.4 323.9 58.1 324.2 57.8 324.5 57.5 324.9 57.3 325.3 57.0 325.7 56.7 326.2
  56.4 326.7 56.2 327.2 55.9 327.7
   5  7 78  0.0
  72.5 321.4 72.3 321.3 72.1 321.2 71.9 321.1 71.7 321.2 71.4 321.3 71.2 321.3
  70.9 321.5 70.7 321.6 70.4 321.7 70.1 321.9 69.8 322.0 69.6 322.2 69.3 322.4
  69.1 322.6 68.9 322.8 68.6 323.0 68.4 323.2 68.2 323.4 68.1 323.7 67.9 323.9
  67.7 324.3 67.6 324.7 67.4 325.1 67.2 325.5 67.1 326.0 66.9 326.5 66.7 327.0
  66.5 327.4 66.3 327.9 66.1 328.3 65.8 328.8 65.5 329.2 65.1 329.7 64.8 330.1
  64.4 330.5 64.1 330.9 63.7 331.3 63.3 331.5 63.0 331.8 62.6 332.0 62.2 332.1
  61.8 332.2 61.4 332.2 61.0 332.1 60.5 332.0 60.1 331.9 59.6 331.8 59.1 331.5
  58.6 331.3 58.1 331.1 57.6 330.9 57.1 330.5 56.6 330.1 56.2 329.8 55.7 329.4
  55.3 328.9 54.9 328.3 54.4 327.8 53.9 327.2 53.3 326.6 52.6 325.9 52.0 325.3
  51.4 324.6 50.9 323.8 50.3 323.1 49.7 322.3 49.1 321.4 48.6 320.5 48.1 319.5
  47.6 318.6 47.1 317.7 46.6 316.7 46.1 315.8 45.5 314.8 45.0 313.9 44.5 313.0
  44.0 312.1 43.5 311.4 43.0 310.6 42.4 309.9 41.9 309.2 41.4 308.5 40.8 307.8
  40.4 307.2 40.0 306.5 39.6 305.8 39.2 305.1 38.8 304.4 38.4 303.7 38.0 303.0
  37.6 302.3 37.2 301.7 36.8 301.1 36.4 300.5 36.0 300.0 35.7 299.4 35.4 299.0
  35.1 298.5 34.8 297.9 34.6 297.2 34.3 296.5 34.1 295.8 33.9 295.0 33.7 294.2
  33.6 293.5 33.4 292.7 33.3 291.9 33.2 291.0 33.1 290.2 33.0 289.4 32.9 288.6
  32.8 287.8 32.7 287.0 32.6 286.2 32.5 285.3 32.3 284.5 32.2 283.7 32.1 282.9
  32.0 282.1 32.0 281.3 31.9 280.5 31.8 279.7 31.8 279.0 31.9 278.3 32.0 277.6
  32.0 276.9 32.0 276.3 32.1 275.8 32.1 275.2 32.2 274.7 32.2 274.2 32.2 273.7
  32.2 273.2 32.2 272.8 32.2 272.3 32.2 271.9 32.1 271.5 32.1 271.1 32.0 270.7
  32.0 270.3 31.9 269.9 31.8 269.6 31.7 269.2 31.6 268.8 31.5 268.5 31.4 268.1
  31.3 267.8 31.2 267.5 31.1 267.1 31.0 266.7 30.9 266.4 30.8 266.0 30.7 265.6
  30.5 265.3 30.4 264.9 30.3 264.5 30.2 264.2 30.0 263.8 29.9 263.4 29.8 263.1
  29.7 262.7 29.5 262.4 29.4 262.0 29.3 261.7 29.2 261.4 29.1 261.0 28.9 260.7
  28.8 260.3 28.7 260.0 28.6 259.6 28.6 259.3 28.5 258.9 28.4 258.6 28.3 258.2
  28.3 257.9 28.2 257.5 28.1 257.2 28.0 256.9 27.9 256.5 27.9 256.3 27.8 256.0
  27.7 255.7 27.7 255.4 27.7 255.2 27.7 254.9 27.7 254.6 27.7 254.3 27.7 254.1
  27.7 253.8 27.7 253.5 27.7 253.2 27.8 252.9 27.8 252.6 27.8 252.3 27.8 252.0
  27.9 251.7 27.9 251.4 27.9 251.1 27.9 250.8 27.9 250.5 27.9 250.2 27.9 249.8
  27.9 249.5 27.9 249.1 27.9 248.7 27.9 248.3 27.8 247.9 27.8 247.5 27.7 247.2
  27.7 246.8 27.7 246.4 27.7 246.0 27.8 245.6 27.8 245.2 27.9 244.8 28.0 244.4
  28.1 244.0 28.2 243.7 28.4 243.3 28.6 243.0 28.8 242.6 29.0 242.2 29.2 241.8
  29.3 241.4 29.5 241.0 29.6 240.6 29.7 240.2 29.9 239.8 30.1 239.4 30.3 239.1
  30.5 238.7 30.8 238.4 31.0 238.0 31.2 237.7 31.4 237.3 31.5 237.0 31.7 236.6
  31.8 236.3 32.0 235.9 32.2 235.6
   5  8 78  0.0
  72.5 321.4 72.1 321.3 71.6 321.2 71.3 321.5 70.9 321.8 70.5 322.1 70.1 322.3
  69.8 322.5 69.4 323.1 69.1 323.5 68.8 324.0 68.5 324.3 68.3 324.6 68.1 324.9
  67.9 325.1 67.7 325.4 67.5 325.7 67.3 326.0 67.1 326.2 66.9 326.4 66.7 326.6
  66.5 326.7 66.2 326.8 66.0 326.9 65.8 326.9 65.6 326.9 65.4 326.9 65.2 326.9
  65.0 326.9 64.8 326.9 64.6 326.9 64.4 326.9 64.3 326.9 64.1 326.9 64.0 327.0
  63.9 326.8 63.8 326.7 63.7 326.5 63.6 326.4 63.5 326.3 63.4 326.2 63.3 326.2
  63.2 326.3 63.2 326.3 63.1 326.5 63.0 326.6 62.9 326.8 62.9 327.1 62.8 327.4
  62.7 327.8 62.6 328.1 62.3 328.5 61.9 328.8 61.6 328.8 61.2 328.8 60.9 328.8
  60.6 328.8 60.2 328.8 59.9 328.8 59.6 328.5 59.3 328.3 59.0 328.0 58.6 327.8
  58.4 327.5 58.2 327.3 58.0 327.0 57.7 326.8 57.5 326.4 57.2 326.0 56.8 325.6
  56.5 325.2 56.1 324.8 55.6 324.5 55.2 324.0 54.8 323.5 54.4 323.0 54.0 322.6
  53.6 322.1 53.1 321.6 52.6 321.1 52.1 320.5 51.5 320.0 50.9 319.3 50.5 318.5
  50.1 317.7 49.6 316.9 49.1 315.9 48.8 314.9 48.5 314.0 48.1 313.1 47.8 312.3
  47.4 311.4 47.1 310.6 46.8 309.9 46.4 309.2 46.1 308.6 45.7 308.0 45.5 307.3
  45.3 306.6 45.0 306.0 44.8 305.4 44.5 304.8 44.2 304.2 43.8 303.7 43.6 303.1
  43.4 302.5 43.2 302.0 43.0 301.4 42.7 300.9 42.5 300.3 42.2 299.8 42.1 299.2
  41.9 298.6 41.8 298.0 41.6 297.4 41.4 296.9 41.2 296.3 41.0 295.8 41.0 295.3
  40.9 294.8 40.9 294.4 40.8 293.9 40.8 293.5 40.8 293.0 40.7 292.6 40.7 292.1
  40.7 291.7 40.9 291.2 41.1 290.7 41.2 290.2 41.4 289.7 41.7 289.1 41.9 288.6
  42.1 288.0 42.3 287.6 42.7 287.1 43.1 286.7 43.5 286.3 44.0 285.9 44.4 285.5
  45.0 285.2 45.5 285.0 46.0 284.8 46.6 284.7 47.2 284.6 47.7 284.6 48.3 284.5
  48.9 284.6 49.5 284.8 50.1 285.0 50.7 285.4 51.3 285.9 51.8 286.4 52.4 287.0
  53.0 287.8 53.5 288.8 53.9 289.8 54.4 290.9 54.8 292.1 55.0 293.4 55.3 294.8
  55.5 296.1 55.6 297.4 55.7 298.7 55.8 299.9 55.9 301.2 55.9 302.4 55.8 303.6
  55.8 304.8 55.6 306.0 55.4 307.2 55.2 308.3 54.9 309.4 54.6 310.5 54.3 311.5
  53.9 312.5 53.5 313.4 53.1 314.2 52.7 315.0 52.2 315.8 51.7 316.5 51.2 317.1
  50.6 317.6 50.0 318.1 49.4 318.6 48.9 318.8 48.3 319.0 47.8 319.2 47.2 319.2
  46.7 319.2 46.1 319.2 45.5 319.2 45.0 319.0 44.5 318.8 44.0 318.7 43.5 318.3
  43.0 318.0 42.6 317.7 42.3 317.4 41.9 317.1 41.7 316.7 41.4 316.2 41.2 315.8
  40.9 315.4 40.7 315.0 40.4 314.6 40.2 314.3 39.9 313.9 39.7 313.5 39.5 313.1
  39.3 312.7 39.2 312.4 39.0 312.0 38.9 311.6 38.4 311.3 37.9 310.9 37.4 310.5
  36.9 310.2 36.5 309.8 36.1 309.5 35.6 309.1 35.3 308.7 34.9 308.3 34.6 307.9
  34.2 307.4 33.8 307.0 33.4 306.4 33.1 305.8 32.8 305.2 32.6 304.6 32.3 304.0
  32.0 303.3 31.7 302.7 31.4 302.0 31.1 301.2 30.8 300.5 30.6 299.7 30.3 298.9
  30.0 298.0 29.7 297.2 29.5 296.5
   5  9 78  0.0
  72.5 321.4 71.9 321.5 71.4 322.0 70.9 322.4 70.3 322.8 69.7 323.2 69.2 324.0
  68.7 324.9 68.2 325.7 67.7 326.6 67.3 327.6 66.9 328.7 66.4 329.8 66.0 330.9
  65.6 332.0 65.1 332.8 64.7 333.7 64.2 334.5 63.7 335.3 63.2 335.9 62.8 336.5
  62.2 337.2 61.6 337.9 61.0 338.5 60.4 339.1 59.8 339.7 59.3 340.1 58.7 340.5
  58.1 341.0 57.5 341.4 57.0 341.6 56.4 341.7 55.9 341.9 55.4 341.8 54.9 341.6
  54.4 341.5 53.9 341.3 53.3 340.8 52.8 340.4 52.3 339.9 51.7 339.5 51.2 338.8
  50.6 338.0 50.1 337.3 49.5 336.5 49.1 335.4 48.7 334.3 48.3 333.2 47.9 332.1
  47.5 330.8 47.2 329.7 47.0 328.6 46.7 327.7 46.7 326.7 46.7 325.9 46.7 325.1
  46.8 324.3 46.8 323.6 46.9 322.9 47.1 322.3 47.2 321.6 47.4 321.0 47.6 320.4
  47.7 319.8 47.8 319.3 48.0 318.8 48.1 318.3 48.2 318.1 48.3 317.9 48.4 317.7
  48.5 317.4 48.5 317.2 48.6 317.0 48.6 316.7 48.6 316.5 48.6 316.2 48.5 316.0
  48.5 315.8 48.4 315.6 48.4 315.4 48.3 315.3 48.1 315.1 48.0 315.0 47.9 314.9
  47.7 314.5 47.5 314.1 47.3 313.7 47.1 313.2 46.9 312.8 46.7 312.3 46.4 311.8
  46.4 311.3 46.3 310.8 46.2 310.2 46.0 309.7 45.8 309.2 45.6 308.5 45.3 307.7
  45.3 307.0 45.2 306.3 45.1 305.7 45.0 305.0 44.9 304.4 44.8 303.7 44.8 303.2
  44.9 302.6 44.9 302.0 44.9 301.5 44.8 300.9 44.7 300.4 44.6 299.9 44.7 299.4
  44.8 298.9 44.9 298.4 45.0 298.0 45.0 297.6 45.1 297.2 45.1 296.9 45.1 296.5
  45.1 296.2 45.1 295.8 45.2 295.5 45.3 295.2 45.4 294.9 45.4 294.6 45.5 294.3
  45.6 294.0 45.7 293.7 45.8 293.4 45.8 293.1 45.9 292.8 46.0 292.5 46.1 292.2
  46.2 292.0 46.4 291.7 46.6 291.4 46.8 291.1 46.9 290.8 47.2 290.5 47.4 290.2
  47.6 289.9 47.9 289.5 48.1 289.2 48.4 288.9 48.8 288.7 49.1 288.4 49.5 288.1
  50.0 287.9 50.3 287.6 50.7 287.5 51.1 287.4 51.5 287.4 52.0 287.3 52.4 287.2
  52.9 287.4 53.3 287.6 53.7 287.9 54.2 288.1 54.6 288.7 55.0 289.4 55.4 290.1
  55.8 290.9 56.1 291.8 56.4 292.8 56.7 293.8 57.0 294.9 57.3 296.1 57.3 297.3
  57.4 298.5 57.5 299.8 57.5 301.0 57.3 302.2 57.2 303.4 57.0 304.5 56.6 305.5
  56.2 306.4 55.8 307.3 55.4 308.0 55.0 308.7 54.5 309.3 54.1 309.9 53.6 310.5
  53.1 310.8 52.7 311.2 52.3 311.6 51.9 312.1 51.5 312.2 51.2 312.3 50.9 312.5
  50.6 312.8 50.3 313.1 50.0 313.4 49.7 313.3 49.4 313.2 49.2 313.2 48.9 313.2
  48.6 313.2 48.3 313.2 47.9 313.3 47.5 313.0 47.1 312.7 46.7 312.6 46.2 312.5
  45.6 312.4 44.9 312.1 44.2 311.8 43.8 311.6 43.4 311.0 43.0 310.4 42.7 309.8
  42.3 309.2 41.9 308.7 41.4 307.9 41.3 307.1 41.2 306.3 41.0 305.6 40.7 304.9
  40.4 304.1 40.1 303.3 40.1 302.5 40.0 301.8 39.9 300.8 39.7 299.8 39.9 298.8
  40.0 297.8 40.2 297.1 40.3 296.4 40.4 295.8 40.9 295.2 41.5 294.7 42.0 294.2
  42.6 294.2 43.2 294.3 43.8 294.4 44.3 294.5 44.8 295.0 45.3 295.5 45.7 296.1
  45.8 296.7 45.8 297.4 45.8 298.1
   5 10 78  0.0
  72.5 321.4 72.2 320.8 72.0 320.3 71.7 320.0 71.4 319.6 71.1 319.3 70.8 319.0
  70.4 318.7 70.0 318.5 69.6 318.2 69.2 318.0 68.8 317.8 68.4 317.6 67.9 317.4
  67.4 317.3 67.0 317.3 66.5 317.3 66.0 317.4 65.5 317.6 65.0 317.8 64.5 318.0
  64.0 318.2 63.5 318.5 63.1 318.6 62.6 318.6 62.1 318.7 61.7 318.8 61.3 318.6
  61.0 318.5 60.6 318.3 60.3 318.1 60.0 318.0 59.6 317.6 59.3 317.1 59.0 316.7
  58.7 316.2 58.4 315.8 58.3 315.4 58.2 315.1 58.1 314.7 58.0 314.4 57.9 313.8
  57.8 313.3 57.8 312.8 57.7 312.3 57.7 311.9 57.9 311.4 58.1 310.9 58.3 310.6
  58.5 310.3 58.7 310.0 58.8 309.6 59.0 309.2 59.1 308.9 59.2 308.5 59.3 308.0
  59.4 307.6 59.6 307.1 59.8 306.7 60.0 306.1 60.2 305.6 60.3 305.1 60.5 304.6
  60.6 304.0 60.7 303.4 61.0 302.8 61.2 302.1 61.5 301.4 61.7 300.6 61.9 299.9
  62.2 299.1 62.5 298.3 62.8 297.6 63.1 296.8 63.4 295.9 63.9 295.1 64.4 294.2
  64.9 293.5 65.3 292.8 65.7 292.0 66.2 291.2 66.8 290.6 67.3 289.9 67.9 289.2
  68.4 288.5 69.0 288.0 69.6 287.4 70.2 286.8 70.8 286.4 71.4 286.0 71.9 285.5
  72.4 285.0 72.9 284.8 73.3 284.7 73.7 284.5 74.1 284.4 74.6 284.5 75.0 284.7
  75.3 285.0 75.7 285.3 76.0 285.7 76.4 286.4 76.8 287.1 77.1 288.0 77.4 289.0
  77.6 290.2 77.8 291.4 78.0 292.9 78.2 294.1 78.3 295.5 78.4 296.9 78.4 298.3
  78.4 299.6 78.4 301.0 78.2 302.2 78.1 303.4 77.9 304.6 77.7 305.6 77.4 306.5
  77.2 307.4 77.0 308.1 76.6 308.9 76.3 309.5 76.0 310.0 75.6 310.0 75.3 310.0
  75.0 310.0 74.8 310.0 74.5 309.9 74.2 309.9 74.0 309.8 73.8 309.4 73.6 309.0
  73.5 308.5 73.3 308.1 73.2 307.6 73.0 307.1 72.9 306.5 72.8 305.9 72.6 305.3
  72.5 304.5 72.4 303.8 72.3 302.9 72.2 302.0 72.1 301.1 72.0 300.1 71.9 299.2
  71.8 298.1 71.8 296.9 71.7 295.7 71.6 294.5 71.6 293.3 71.5 292.0 71.5 290.6
  71.4 289.2 71.4 287.8 71.3 286.2 71.3 284.6 71.2 282.9 71.2 281.2 71.1 279.5
  71.0 277.7 70.9 275.9 70.8 274.0 70.8 272.2 70.7 270.3 70.6 268.4 70.6 266.5
  70.5 264.7 70.4 262.9 70.4 261.2 70.3 259.6 70.2 258.1 70.2 256.6 70.1 255.3
  70.0 254.0 70.0 252.8 69.9 251.8 69.8 250.9 69.8 250.1 69.7 249.3 69.6 248.6
  69.5 247.8 69.4 247.1 69.3 246.4 69.2 245.7 69.2 245.0 69.1 244.3 69.0 243.7
  68.8 243.0 68.7 242.3 68.6 241.7 68.4 241.0 68.2 240.4 68.1 239.8 67.8 239.1
  67.6 238.8 67.4 238.5 67.2 238.2 67.0 237.9 66.7 237.5 66.5 237.2 66.3 236.8
  66.0 236.4 65.8 236.0 65.5 235.8 65.3 235.5 65.1 235.3 64.8 235.0 64.6 234.7
  64.4 234.4 64.2 234.1 63.9 233.8 63.7 233.7 63.5 233.5 63.3 233.3 63.1 233.2
  62.9 233.0 62.7 232.9 62.5 232.7 62.3 232.5 62.1 232.4 62.0 232.2 61.8 232.2
  61.7 232.2 61.5 232.2 61.4 232.3 61.3 232.3 61.1 232.3 61.0 232.3 60.9 232.3
  60.8 232.3 60.7 232.3 60.6 232.2 60.5 232.1 60.5 232.0 60.4 231.9 60.3 231.8
  60.1 231.6 59.9 231.5 59.8 231.5
   5 11 78  0.0
  72.5 321.4 72.5 321.2 72.5 321.0 72.4 320.7 72.4 320.5 72.4 320.2 72.3 319.9
  72.2 319.6 72.1 319.2 72.0 318.9 71.9 318.5 71.8 318.4 71.7 318.3 71.5 318.2
  71.4 318.0 71.3 317.8 71.1 317.7 71.0 317.5 70.8 317.3 70.6 317.0 70.4 316.8
  70.2 316.6 69.9 316.4 69.7 316.2 69.5 316.1 69.2 316.0 68.9 315.8 68.6 315.7
  68.3 315.6 68.0 315.4 67.7 315.3 67.4 315.2 67.1 315.1 66.7 314.9 66.4 314.8
  66.1 314.7 65.8 314.6 65.4 314.4 65.1 314.4 64.8 314.3 64.4 314.3 64.1 314.4
  63.8 314.5 63.5 314.4 63.2 314.3 62.9 314.2 62.6 314.1 62.3 314.1 62.1 314.0
  61.8 313.9 61.6 313.6 61.4 313.3 61.2 313.0 61.0 312.7 60.9 312.5 60.7 312.2
  60.6 312.1 60.5 311.9 60.6 311.8 60.7 311.8 60.8 311.8 60.9 311.8 61.0 311.8
  61.1 311.8 61.1 311.8 61.2 311.9 61.3 311.9 61.4 312.0 61.4 312.0 61.3 312.1
  61.3 312.1 61.2 312.2 61.1 312.3 61.0 312.3 60.9 312.4 60.8 312.5 60.7 312.5
  60.6 312.5 60.5 312.5 60.3 312.5 60.2 312.4 60.1 312.4 60.0 312.3 59.8 312.0
  59.8 311.7 59.8 311.3 59.8 310.9 59.8 310.5 59.8 310.1 59.8 309.7 59.8 309.2
  59.8 308.7 59.7 308.2 59.7 307.7 59.8 307.1 59.9 306.6 59.9 305.9 60.0 305.3
  60.0 304.6 60.0 304.0 60.2 303.3 60.3 302.6 60.5 301.8 60.6 301.1 60.7 300.3
  60.7 299.5 61.0 298.7 61.2 297.8 61.5 296.9 61.7 295.9 62.1 294.9 62.5 294.0
  62.9 293.0 63.3 292.0 63.8 291.0 64.3 289.9 64.8 288.9 65.3 288.0 65.9 286.9
  66.5 285.9 67.1 285.0 67.7 284.0 68.3 283.0 69.1 282.2 69.8 281.3 70.4 280.3
  71.1 279.6 71.8 278.8 72.5 277.9 73.2 277.5 73.9 277.2 74.6 276.8 75.3 276.9
  75.9 277.1 76.5 277.2 77.1 277.8 77.7 278.4 78.2 279.1 78.7 280.0 79.1 281.0
  79.5 282.2 79.8 283.5 80.2 285.0 80.4 286.4 80.7 287.9 81.0 289.6 81.1 291.3
  81.2 293.1 81.3 294.8 81.3 296.5 81.3 298.1 81.2 299.7 81.2 301.1 81.1 302.4
  80.9 303.6 80.8 304.7 80.6 305.6 80.4 306.5 80.2 307.3 80.1 308.0 79.9 308.6
  79.7 309.0 79.5 309.3 79.3 309.6 79.2 309.9 79.0 310.0 78.8 310.1 78.6 310.2
  78.4 310.3 78.2 310.2 78.0 310.2 77.8 309.8 77.6 309.5 77.4 309.1 77.2 308.7
  76.9 308.3 76.7 307.8 76.5 307.4 76.2 307.0 75.9 306.5 75.7 306.0 75.4 305.5
  75.2 305.1 74.9 304.6 74.6 304.1 74.3 303.6 74.1 303.2 73.8 302.7 73.5 302.2
  73.2 301.7 72.9 301.2 72.6 300.7 72.3 300.3 72.0 299.9 71.7 299.5 71.5 299.1
  71.2 298.8 71.0 298.5 70.7 298.2 70.5 298.0 70.2 297.7 70.0 297.5 69.7 297.3
  69.5 297.2 69.3 297.1 69.0 297.0 68.8 296.9 68.5 296.8 68.3 296.7 68.1 296.6
  67.9 296.5 67.7 296.3 67.5 296.2 67.4 296.0 67.2 295.8 67.1 295.7 66.9 295.5
  66.8 295.3 66.6 295.1 66.5 295.0 66.4 294.9 66.3 294.7 66.2 294.6 66.1 294.6
  66.1 294.5 66.0 294.4 66.0 294.4 66.0 294.4 66.0 294.5 66.0 294.7 66.0 294.8
  66.0 294.9 66.0 294.9 66.0 294.9 66.0 294.9 66.0 294.8 66.1 294.8 66.1 294.7
  66.1 294.6 66.1 294.5 66.1 294.4
   5 12 78  0.0
  72.5 321.4 72.3 321.2 72.2 320.9 72.1 320.8 72.0 320.6 71.9 320.4 71.9 320.2
  71.8 320.1 71.8 320.0 71.7 319.9 71.5 319.8 71.5 319.8 71.4 319.8 71.3 319.8
  71.3 319.8 71.2 319.8 71.2 319.9 71.2 319.9 71.1 319.9 71.1 319.8 71.0 319.8
  71.0 319.8 71.0 319.8 70.9 319.8 70.9 319.7 70.9 319.7 70.9 319.6 70.8 319.6
  70.8 319.5 70.7 319.4 70.7 319.4 70.6 319.3 70.6 319.2 70.5 319.1 70.4 319.0
  70.3 318.9 70.2 318.8 70.2 318.7 70.0 318.6 69.9 318.4 69.8 318.4 69.7 318.5
  69.5 318.5 69.4 318.5 69.2 318.4 69.0 318.4 68.8 318.3 68.6 318.2 68.3 318.1
  68.1 318.0 67.8 317.9 67.5 317.9 67.3 317.9 67.0 317.8 66.7 317.8 66.4 317.7
  66.1 317.6 65.7 317.5 65.4 317.5 65.0 317.5 64.6 317.4 64.2 317.3 63.8 317.3
  63.4 317.3 63.0 317.3 62.6 317.3 62.2 317.3 61.8 317.3 61.4 317.2 61.1 317.0
  60.7 316.8 60.3 316.6 60.0 316.4 59.6 315.9 59.5 315.4 59.3 314.9 59.2 314.4
  59.1 313.9 59.0 313.4 58.9 312.9 58.8 312.5 58.7 312.1 58.6 311.7 58.7 311.3
  58.8 311.0 59.0 310.7 59.1 310.4 59.3 310.0 59.4 309.7 59.5 309.4 59.7 309.0
  59.8 308.7 60.0 308.3 60.1 307.9 60.4 307.8 60.6 307.6 60.8 307.4 61.1 307.3
  61.3 307.1 61.5 306.8 61.7 306.6 61.8 306.3 62.0 305.9 62.1 305.5 62.2 305.4
  62.3 305.1 62.4 304.8 62.5 304.5 62.5 304.1 62.6 303.7 62.8 303.2 63.0 302.7
  63.2 302.2 63.4 301.6 63.5 300.9 63.7 300.3 63.8 299.6 64.1 298.8 64.4 298.3
  64.7 297.8 65.0 297.2 65.2 296.6 65.5 296.0 65.7 295.4 66.1 294.8 66.6 294.3
  67.0 293.8 67.4 293.3 67.7 292.7 68.1 292.2 68.4 291.8 69.0 291.5 69.5 291.1
  70.0 290.8 70.5 290.4 70.9 290.2 71.4 290.1 71.8 289.9 72.1 289.7 72.5 289.8
  72.9 290.0 73.2 290.2 73.5 290.5 73.8 290.8 74.1 291.1 74.4 291.7 74.7 292.4
  74.8 293.1 74.9 293.9 74.9 294.7 75.0 295.6 75.1 296.6 75.0 297.5 74.9 298.5
  74.8 299.5 74.7 300.5 74.5 301.5 74.2 302.5 74.0 303.4 73.7 303.8 73.5 304.0
  73.1 304.2 72.7 304.4 72.2 304.4 71.8 304.4 71.4 303.9 71.1 303.3 70.9 302.6
  70.6 302.0 70.3 301.3 70.1 300.6 69.8 299.9 69.7 298.9 69.7 297.8 69.6 296.8
  69.6 295.7 69.6 294.5 69.7 293.4 69.7 292.1 69.8 290.9 69.9 289.5 70.0 288.2
  70.1 286.9 70.3 285.6 70.5 284.2 70.6 282.7 70.8 281.2 70.9 279.6 71.0 277.9
  71.1 276.2 71.2 274.5 71.3 272.8 71.4 271.1 71.6 269.5 71.7 267.9 71.9 266.4
  72.1 264.9 72.4 263.8 72.6 262.8 72.9 261.7 73.2 260.6 73.4 259.6 73.7 258.5
  74.0 257.5 74.3 256.5 74.6 255.9 75.0 255.3 75.4 254.6 75.8 253.9 76.2 253.1
  76.7 252.8 77.1 252.4 77.5 252.1 78.0 251.7 78.4 251.3 79.0 251.6 79.5 252.0
  79.9 252.5 80.3 253.0 80.7 254.2 81.1 255.6 81.4 257.1 81.7 258.8 81.9 260.6
  82.0 262.5 82.0 264.4 82.1 266.3 82.1 268.2 82.0 269.9 81.9 271.5 81.8 273.0
  81.6 274.3 81.5 275.4 81.3 276.4 81.0 277.3 80.7 278.0 80.4 278.6 80.0 279.1
  79.6 279.5 79.3 279.4 78.9 279.2
   5 13 78  0.0
  72.5 321.4 72.7 321.0 72.9 320.6 73.0 320.3 73.2 319.9 73.2 319.5 73.2 319.2
  73.1 318.8 73.0 318.5 73.0 318.2 72.9 317.9 72.7 317.7 72.6 317.4 72.4 317.2
  72.2 317.0 72.0 316.8 71.8 316.7 71.6 316.3 71.4 315.9 71.1 315.6 70.9 315.3
  70.6 315.0 70.2 314.8 69.9 314.6 69.5 314.3 69.2 314.1 68.8 313.8 68.5 313.6
  68.2 313.4 67.8 313.3 67.5 312.9 67.3 312.7 67.0 312.4 66.7 312.1 66.5 311.9
  66.1 311.7 65.7 311.6 65.4 311.4 65.0 311.3 64.6 311.2 64.2 311.0 63.8 310.9
  63.5 310.9 63.1 310.8 62.7 310.7 62.3 310.6 62.0 310.5 61.6 310.4 61.3 310.2
  61.0 310.0 60.6 309.9 60.3 309.7 60.0 309.6 59.8 309.4 59.5 309.2 59.3 309.0
  59.1 308.8 58.9 308.5 58.7 308.3 58.6 308.1 58.4 307.9 58.1 307.7 57.8 307.5
  57.5 307.1 57.2 306.7 57.0 306.3 56.7 305.9 56.5 305.5 56.3 305.1 56.1 304.7
  55.9 304.3 55.8 303.8 55.4 303.3 55.0 302.8 54.6 302.4 54.3 301.9 54.0 301.4
  53.7 300.9 53.5 300.3 53.3 299.8 53.0 299.2 52.7 298.7 52.5 298.1 52.3 297.5
  52.1 297.0 51.9 296.4 51.8 295.9 51.4 295.4 51.1 294.9 50.8 294.5 50.5 294.0
  50.3 293.5 50.1 293.0 49.9 292.6 49.8 292.1 49.7 291.7 49.5 291.3 49.3 290.8
  49.2 290.4 49.0 290.0 48.9 289.5 48.9 289.1 48.8 288.7 48.8 288.3 48.8 287.8
  48.6 287.4 48.5 287.0 48.4 286.5 48.3 286.1 48.3 285.7 48.2 285.3 48.2 284.9
  48.2 284.5 48.2 284.1 48.2 283.7 48.0 283.4 47.9 283.0 47.8 282.8 47.7 282.6
  47.7 282.4 47.6 282.3 47.6 282.1 47.6 282.0 47.6 281.9 47.6 281.8 47.7 281.8
  47.7 281.7 47.8 281.8 47.8 281.8 47.9 281.9 48.0 282.0 48.1 282.1 48.2 282.2
  48.4 282.2 48.5 282.3 48.6 282.4 48.7 282.5 48.8 282.5 48.9 282.6 49.0 282.7
  49.1 282.8 49.2 282.9 49.3 283.0 49.4 283.1 49.5 283.1 49.6 283.2 49.7 283.3
  49.7 283.4 49.8 283.5 49.9 283.7 50.0 283.8 50.1 283.9 50.2 283.9 50.3 283.9
  50.4 283.9 50.5 283.9 50.6 284.0 50.8 284.0 50.9 284.0 51.1 284.1 51.3 284.1
  51.6 284.2 51.8 284.3 52.0 284.5 52.2 284.6 52.4 284.5 52.5 284.4 52.7 284.4
  52.9 284.4 53.0 284.4 53.2 284.4 53.3 284.4 53.5 284.4 53.6 284.4 53.7 284.4
  53.9 284.4 54.0 284.4 54.1 284.4 54.2 284.3 54.3 284.2 54.4 284.1 54.5 284.0
  54.5 284.0 54.6 283.9 54.7 283.9 54.7 283.9 54.7 283.9 54.8 283.9 54.8 283.9
  54.8 283.9 54.9 283.9 54.9 283.9 54.9 283.9 54.9 284.0 54.9 284.0 55.0 284.1
  55.1 284.1 55.2 284.2 55.3 284.3 55.4 284.4 55.5 284.5 55.6 284.6 55.7 284.7
  55.8 284.8 56.0 285.0 56.1 285.1 56.2 285.3 56.3 285.5 56.4 285.7 56.6 285.8
  56.7 286.1 56.8 286.3 56.9 286.5 57.1 286.7 57.2 287.0 57.3 287.3 57.4 287.5
  57.6 287.8 57.7 288.2 57.9 288.5 58.1 288.9 58.3 289.4 58.5 289.9 58.7 290.4
  58.9 290.9 59.1 291.5 59.3 292.2 59.7 292.8 60.0 293.6 60.3 294.4 60.6 295.2
  60.8 296.0 61.1 296.8 61.3 297.6 61.4 298.5 61.5 299.4 61.7 300.3 61.6 301.2
  61.6 302.1 61.5 303.0 61.4 303.9
   5 14 78  0.0
  72.5 321.4 72.6 320.6 72.7 319.8 72.7 319.0 72.7 318.3 72.7 317.5 72.6 316.9
  72.6 316.2 72.6 315.6 72.3 315.1 72.1 314.7 71.8 314.4 71.5 314.0 71.3 313.7
  71.0 313.3 70.8 313.0 70.5 312.7 70.3 312.4 70.1 312.0 69.9 311.7 69.6 311.3
  69.3 310.9 69.0 310.5 68.7 310.1 68.4 309.7 68.2 309.4 67.9 309.0 67.7 308.5
  67.5 307.9 67.1 307.3 66.7 306.7 66.4 306.1 66.0 305.4 65.7 304.7 65.4 303.9
  64.9 303.1 64.5 302.3 64.1 301.6 63.7 300.8 63.3 300.1 63.0 299.4 62.6 298.8
  62.2 298.1 61.8 297.4 61.6 296.7 61.3 296.0 61.1 295.2 60.9 294.5 60.7 293.7
  60.6 292.8 60.4 292.0 60.3 291.3 60.0 290.5 59.8 289.9 59.5 289.1 59.3 288.5
  59.1 287.8 58.8 287.1 58.5 286.4 58.2 285.7 58.0 285.0 57.8 284.2 57.6 283.4
  57.4 282.6 57.2 281.8 57.0 281.1 56.9 280.4 56.7 279.7 56.6 279.0 56.5 278.2
  56.4 277.5 56.3 276.8 56.2 276.1 56.1 275.4 56.0 274.6 56.0 273.9 55.9 273.1
  55.8 272.2 55.8 271.4 55.7 270.5 55.5 269.7 55.4 268.8 55.2 267.9 55.2 266.9
  55.1 266.0 55.1 265.1 55.0 264.1 55.0 263.3 55.1 262.4 55.1 261.5 55.2 260.7
  55.2 259.8 55.3 259.0 55.5 258.2 55.6 257.3 55.7 256.5 55.8 255.7 55.9 254.9
  56.1 254.1 56.2 253.3 56.4 252.4 56.5 251.6 56.7 250.8 56.9 250.0 57.1 249.2
  57.2 248.5 57.4 247.8 57.6 247.1 57.8 246.5 58.1 245.9 58.3 245.1 58.6 244.4
  58.8 243.7 59.0 243.0 59.2 242.3 59.4 241.6 59.5 241.0 59.7 240.3 59.9 239.7
  60.1 239.0 60.2 238.3 60.4 237.6 60.6 237.0 60.7 236.3 60.9 235.7 61.0 235.0
  61.2 234.4 61.3 233.8 61.5 233.1 61.6 232.5 61.7 231.9 61.9 231.2 62.0 230.6
  62.1 230.0 62.2 229.5 62.3 229.1 62.4 228.6 62.5 228.2 62.6 227.8 62.7 227.4
  62.7 227.1 62.7 226.7 62.7 226.4 62.7 226.1 62.7 225.9 62.7 225.7 62.7 225.4
  62.7 225.2 62.6 225.0 62.6 224.8 62.6 224.6 62.6 224.5 62.5 224.3 62.5 224.1
  62.5 224.0 62.4 223.8 62.2 223.7 62.1 223.6 61.9 223.5 61.7 223.4 61.6 223.4
  61.4 223.4 61.2 223.4 61.1 223.5 60.9 223.5 60.7 223.5 60.5 223.6 60.3 223.7
  60.1 223.7 59.8 223.8 59.6 223.9 59.5 224.0 59.3 224.0 59.1 223.9 58.9 223.9
  58.8 223.8 58.6 223.7 58.5 223.5 58.3 223.3 58.2 223.1 58.1 222.9 58.0 222.6
  57.9 222.4 57.8 222.2 57.7 222.1 57.6 221.9 57.5 221.8 57.4 221.8 57.2 221.7
  57.1 221.7 57.0 221.6 56.8 221.6 56.7 221.7 56.5 221.7 56.4 221.7 56.3 221.7
  56.1 221.6 56.0 221.6 55.9 221.6 55.8 221.4 55.7 221.2 55.6 220.9 55.5 220.7
  55.4 220.5 55.4 220.3 55.3 220.0 55.2 219.8 55.2 219.6 55.1 219.4 55.0 219.2
  55.0 219.1 54.9 218.9 54.8 218.8 54.8 218.7 54.7 218.5 54.7 218.4 54.7 218.3
  54.6 218.3 54.6 218.2 54.6 218.0 54.6 217.9 54.6 217.7 54.6 217.6 54.6 217.4
  54.6 217.1 54.6 216.9 54.6 216.6 54.6 216.4 54.6 216.1 54.6 215.8 54.5 215.5
  54.4 215.2 54.3 214.9 54.2 214.6 54.0 214.2 53.9 213.9 53.8 213.5 53.7 213.1
  53.6 212.6 53.5 212.2 53.4 211.8
   5 15 78  0.0
  72.5 321.4 72.7 321.9 72.9 322.3 73.1 322.8 73.3 323.2 73.4 323.6 73.6 324.0
  73.7 324.3 73.9 324.6 74.0 324.8 74.2 325.2 74.3 325.6 74.5 326.0 74.6 326.3
  74.7 326.6 74.9 326.8 75.0 326.9 75.1 327.0 75.2 327.0 75.4 327.0 75.5 326.8
  75.6 326.6 75.7 326.3 75.8 325.9 75.9 325.4 76.0 324.8 76.1 324.7 76.3 324.6
  76.4 324.5 76.5 324.4 76.7 324.3 76.8 324.3 76.9 324.2 77.1 324.2 77.3 324.2
  77.4 324.2 77.6 324.2 77.8 324.2 77.9 324.2 78.1 324.2 78.3 324.4 78.5 324.6
  78.7 324.7 78.8 324.8 79.0 324.9 79.1 325.0 79.3 325.1 79.4 325.1 79.6 325.1
  79.7 325.0 79.8 325.0 79.9 325.0 79.9 325.1 80.0 325.1 80.0 325.3 80.1 325.4
  80.1 325.5 80.1 325.5 80.1 325.6 80.1 325.7 80.1 325.8 80.1 325.8 80.1 325.8
  80.1 325.7 80.1 325.4 80.1 325.1 80.1 324.7 80.2 324.2 80.3 323.6 80.3 322.9
  80.4 322.1 80.4 321.3 80.5 320.3 80.6 319.2 80.6 318.1 80.6 317.0 80.6 315.9
  80.6 314.8 80.6 313.6 80.5 312.5 80.5 311.4 80.4 310.2 80.3 309.1 80.2 308.0
  80.0 306.9 79.9 305.8 79.7 305.3 79.6 304.7 79.5 304.3 79.3 303.8 79.2 303.4
  79.0 303.0 78.8 302.7 78.7 302.4 78.5 302.1 78.4 301.9 78.2 301.6 78.1 301.4
  77.9 301.2 77.8 301.4 77.7 301.5 77.5 301.6 77.4 301.6 77.2 301.7 77.1 301.7
  76.9 301.8 76.7 301.8 76.5 301.8 76.3 301.8 76.1 301.8 75.9 301.8 75.7 301.8
  75.5 301.9 75.2 301.9 75.0 302.0 74.7 302.0 74.4 302.1 74.1 302.1 73.8 302.2
  73.5 302.2 73.2 302.3 72.8 302.4 72.5 302.4 72.2 302.5 71.8 302.5 71.5 302.5
  71.3 302.4 71.0 302.3 70.7 302.3 70.4 302.2 70.2 302.1 69.9 302.0 69.7 301.8
  69.5 301.6 69.3 301.4 69.2 301.3 69.0 301.2 68.8 301.1 68.7 301.0 68.5 301.0
  68.4 301.1 68.3 301.1 68.2 301.2 68.1 301.4 68.0 301.6 68.0 301.8 67.9 301.8
  67.8 301.8 67.7 301.7 67.7 301.7 67.6 301.7 67.5 301.7 67.4 301.7 67.3 301.6
  67.1 301.6 67.0 301.6 66.9 301.6 66.8 301.6 66.7 301.6 66.6 301.6 66.5 301.6
  66.4 301.6 66.4 301.6 66.3 301.7 66.3 301.7 66.2 301.8 66.2 301.9 66.2 302.0
  66.2 302.1 66.2 302.3 66.2 302.4 66.2 302.6 66.2 302.7 66.3 302.9 66.3 303.0
  66.3 303.1 66.3 303.3 66.3 303.4 66.4 303.6 66.4 303.7 66.4 303.9 66.4 304.0
  66.5 304.1 66.3 304.3 66.1 304.4 65.9 304.5 65.7 304.3 65.6 304.0 65.6 303.7
  65.7 303.3 65.7 303.0 65.8 302.6 65.8 302.2 65.9 301.7 65.9 301.2 65.9 300.7
  65.9 300.2 65.9 299.7 66.0 299.1 66.2 298.8 66.4 298.5 66.5 298.2 66.7 297.8
  66.8 297.4 66.9 297.1 67.0 296.7 67.1 296.2 67.2 295.8 67.5 295.3 67.8 294.8
  68.1 294.2 68.4 293.9 68.7 293.7 68.9 293.4 69.1 293.0 69.3 292.7 69.5 292.3
  69.7 291.9 70.1 291.5 70.6 291.4 71.0 291.3 71.4 291.2 71.8 291.0 72.1 290.9
  72.5 291.3 72.9 291.8 73.3 292.3 73.4 292.8 73.4 293.4 73.5 294.0 73.6 294.5
  73.7 295.0 73.8 295.4 73.8 295.7 73.9 296.0 74.0 296.2 73.8 296.3 73.7 296.4
  73.6 296.4 73.5 296.4 73.4 296.2
   5 16 78  0.0
  72.5 321.4 72.5 322.1 72.6 323.0 72.7 323.8 72.7 324.8 72.8 325.8 73.0 326.8
  73.1 327.9 73.2 329.1 73.3 330.3 73.5 331.5 73.6 332.8 73.8 334.1 73.9 335.4
  74.1 336.7 74.2 337.9 74.3 339.1 74.4 340.3 74.5 341.5 74.6 342.6 74.7 343.8
  74.8 344.9 74.9 345.9 74.9 347.0 74.9 348.1 74.9 349.1 74.9 350.2 74.9 351.2
  74.8 352.3 74.8 353.3 74.7 354.3 74.7 355.4 74.6 356.5 74.5 357.6 74.3 358.7
  74.2 359.8 74.0   0.9 73.8   1.2 73.6   1.4 73.4   1.6 73.2   1.8 72.9   1.9
  72.7   2.1 72.5   2.2 72.2   2.4 72.0   2.5 71.8   2.6 71.6   2.7 71.4   2.7
  71.2   2.8 71.0   2.8 70.8   2.8 70.6   2.9 70.4   2.9 70.1   2.9 69.9   2.9
  69.7   2.9 69.5   2.9 69.2   2.9 69.0   2.9 68.7   2.9 68.4   2.9 68.2   2.9
  67.9   2.8 67.7   2.8 67.4   2.8 67.2   2.8 66.9   2.8 66.7   2.7 66.5   2.7
  66.2   2.6 66.0   2.5 65.8   2.5 65.6   2.4 65.4   2.4 65.2   2.4 65.0   2.4
  64.8   2.3 64.6   2.3 64.4   2.3 64.2   2.3 64.0   2.3 63.8   2.3 63.6   2.3
  63.4   2.3 63.1   2.4 62.9   2.4 62.7   2.4 62.4   2.4 62.1   2.4 61.9   2.3
  61.6   2.3 61.4   2.2 61.1   2.1 60.9   2.0 60.6   1.9 60.4   1.7 60.2   1.6
  59.9   1.4 59.7   1.1 59.5   0.8 59.3   0.5 59.1   0.2 59.0 359.8 58.8 359.0
  58.6 358.1 58.4 357.2 58.2 356.1 58.0 354.8 57.7 353.5 57.5 352.1 57.3 350.6
  57.0 349.2 56.7 347.7 56.4 346.2 56.0 344.7 55.7 343.2 55.4 341.8 55.0 340.4
  54.7 339.0 54.3 337.6 53.9 336.3 53.5 335.3 53.2 334.4 52.9 333.5 52.5 332.7
  52.0 331.8 51.8 331.1 51.5 330.5 51.3 329.9 51.0 329.4 50.7 328.8 50.3 328.3
  50.0 327.8 49.9 327.2 49.7 326.8 49.5 326.4 49.4 326.0 49.1 325.5 48.9 325.1
  48.7 324.6 48.4 324.1 48.1 323.5 48.0 323.0 47.9 322.5 47.8 322.0 47.6 321.4
  47.5 320.9 47.4 320.4 47.2 319.9 47.3 319.5 47.5 319.0 47.7 318.5 47.8 318.0
  48.0 317.6 48.2 317.2 48.5 316.9 48.7 316.6 48.9 316.3 49.1 316.0 49.3 315.8
  49.6 315.6 49.9 315.4 50.1 315.2 50.3 315.0 50.4 314.8 50.6 314.6 50.7 314.4
  50.8 314.2 50.8 314.1 50.9 313.9 50.9 313.6 50.9 313.4 50.9 313.1 50.9 312.8
  50.9 312.4 50.8 312.0 51.0 311.5 51.1 311.1 51.2 310.5 51.2 310.0 51.3 309.4
  51.4 308.8 51.5 308.2 51.6 307.7 51.9 307.1 52.3 306.6 52.6 306.0 53.0 305.4
  53.3 304.9 53.6 304.3 54.0 303.7 54.4 303.2 54.7 302.5 55.1 301.8 55.5 301.1
  55.9 300.5 56.2 299.8 56.7 299.2 57.1 298.5 57.6 297.8 58.0 297.0 58.5 296.3
  58.9 295.5 59.4 294.6 59.8 293.7 60.2 292.8 60.6 291.9 61.0 290.9 61.4 290.0
  61.8 289.0 62.2 288.1 62.7 287.2 63.1 286.3 63.5 285.4 63.9 284.4 64.4 283.5
  64.9 282.5 65.3 281.5 65.8 280.5 66.3 279.4 66.6 278.2 67.0 277.1 67.3 275.9
  67.6 274.7 67.9 273.5 68.2 272.3 68.6 270.9 68.9 269.6 69.1 268.4 69.4 267.1
  69.6 265.9 69.8 264.8 70.0 263.7 70.2 262.6 70.4 261.6 70.6 260.6 70.9 259.7
  71.0 258.9 71.2 258.1 71.4 257.5
   5 17 78  0.0
  72.5 321.4 72.3 321.8 72.2 322.3 72.1 322.7 72.0 323.2 72.0 323.8 71.9 324.5
  72.0 325.2 72.0 326.0 72.0 326.8 72.1 327.6 72.2 328.4 72.3 329.3 72.3 330.2
  72.4 331.2 72.5 332.2 72.5 333.2 72.5 334.2 72.6 335.2 72.6 336.2 72.6 337.2
  72.6 338.2 72.6 339.2 72.6 340.1 72.5 340.9 72.5 341.7 72.4 342.5 72.4 343.3
  72.3 344.0 72.2 344.7 72.1 345.4 71.9 346.1 71.8 346.6 71.7 347.0 71.6 347.4
  71.5 347.8 71.5 348.1 71.3 348.3 71.2 348.5 71.1 348.7 71.0 348.8 70.9 348.8
  70.7 348.8 70.7 348.8 70.6 348.7 70.5 348.6 70.4 348.5 70.4 348.3 70.4 348.1
  70.4 347.9 70.3 347.6 70.3 347.4 70.3 347.1 70.3 346.9 70.3 346.6 70.3 346.4
  70.3 346.1 70.4 345.9 70.5 345.6 70.6 345.3 70.7 345.0 70.8 344.7 70.9 344.4
  71.0 344.0 71.1 343.6 71.2 343.2 71.3 342.7 71.4 342.2 71.5 341.7 71.6 341.1
  71.7 340.5 71.8 339.8 72.0 339.2 72.1 338.5 72.3 338.1 72.5 337.7 72.7 337.3
  72.9 337.0 73.1 336.7 73.3 336.4 73.5 336.1 73.7 335.8 74.0 335.5 74.2 335.2
  74.5 335.2 74.8 335.2 75.1 335.2 75.3 335.2 75.6 335.2 75.8 335.1 76.1 335.1
  76.4 335.4 76.6 335.7 76.9 336.0 77.1 336.4 77.3 336.7 77.5 337.0 77.7 337.4
  77.9 337.7 78.1 338.1 78.2 338.5 78.4 339.0 78.5 339.4 78.6 339.8 78.7 340.2
  78.8 340.5 78.9 340.8 79.0 341.0 79.0 341.3 79.1 341.4 79.2 341.5 79.3 341.6
  79.3 341.6 79.5 341.5 79.6 341.4 79.7 341.2 79.9 341.0 80.0 340.6 80.2 339.9
  80.4 339.2 80.6 338.3 80.9 337.3 81.1 336.2 81.3 335.1 81.5 333.9 81.7 332.6
  81.9 331.2 82.0 329.8 82.2 328.1 82.3 326.3 82.5 324.5 82.6 322.5 82.7 320.5
  82.8 318.4 82.8 316.4 82.9 314.5 82.9 312.6 82.9 310.9 82.9 309.3 83.0 307.8
  83.0 306.4 83.0 305.1 83.0 304.0 83.1 302.9 83.1 301.9 83.2 301.0 83.2 300.1
  83.3 299.3 83.3 298.4 83.4 297.6 83.4 296.7 83.4 295.9 83.4 295.1 83.5 294.3
  83.5 293.5 83.5 292.7 83.5 292.0 83.5 291.3 83.5 290.7 83.5 290.2 83.5 289.9
  83.4 289.7 83.4 289.7 83.4 289.8 83.3 290.0 83.2 290.3 83.2 290.7 83.1 291.3
  83.0 291.9 82.9 292.6 82.7 293.4 82.6 294.1 82.4 294.9 82.3 295.8 82.1 296.6
  81.8 297.4 81.7 298.2 81.5 299.0 81.2 299.9 81.0 300.7 80.7 301.5 80.4 302.4
  80.1 303.1 79.7 303.8 79.4 304.4 79.1 305.0 78.8 305.5 78.4 306.0 78.0 306.4
  77.6 306.9 77.3 307.3 76.9 307.8 76.5 308.3 76.0 308.7 75.6 309.3 75.1 309.8
  74.6 310.2 74.1 310.6 73.5 311.0 73.0 311.5 72.5 312.0 71.8 312.5 71.3 313.2
  70.7 313.8 70.2 314.4 69.6 315.1 69.2 316.0 68.7 316.9 68.3 317.7 67.8 318.6
  67.4 319.7 67.1 320.8 66.7 321.8 66.4 322.9 66.0 324.0 65.7 325.1 65.4 326.2
  65.2 327.4 64.9 328.5 64.6 329.6 64.3 330.6 64.0 331.5 63.8 332.4 63.4 333.2
  63.0 333.9 62.6 334.6 62.2 335.3 61.9 335.9 61.5 336.5 61.1 337.1 60.6 337.7
  60.2 338.3 59.7 338.8 59.3 339.3 58.9 339.9 58.4 340.3 57.9 340.8 57.4 341.1
  56.9 341.4 56.3 341.7 55.7 342.0
   5 18 78  0.0
  72.5 321.4 72.2 321.4 71.8 321.4 71.6 321.6 71.3 321.7 71.0 321.8 70.7 321.9
  70.4 322.0 70.2 322.2 69.9 322.3 69.7 322.6 69.5 322.9 69.3 323.1 69.1 323.4
  68.9 323.7 68.8 324.1 68.8 324.5 68.8 325.0 68.9 325.5 68.9 326.1 69.0 326.8
  69.1 327.6 69.2 328.4 69.3 329.3 69.4 330.3 69.6 331.4 69.7 332.5 69.8 333.7
  69.9 334.9 69.9 336.2 69.9 337.5 69.9 338.7 69.8 340.0 69.7 341.2 69.5 342.4
  69.3 343.5 69.0 344.5 68.6 345.4 68.1 346.3 67.7 347.0 67.2 347.4 66.8 347.7
  66.3 348.0 65.8 348.2 65.2 348.0 64.7 347.7 64.2 347.5 63.7 347.3 63.2 346.7
  62.8 346.2 62.3 345.6 61.9 344.9 61.5 344.1 61.1 343.2 60.8 342.2 60.5 341.2
  60.2 340.2 59.9 339.1 59.7 337.9 59.5 336.7 59.3 335.4 59.2 334.1 59.1 332.8
  59.0 331.4 59.0 330.1 59.0 328.7 59.0 327.4 59.1 326.2 59.2 324.9 59.3 323.7
  59.4 322.5 59.5 321.4 59.5 320.3 59.6 319.3 59.7 318.2 59.8 317.2 59.8 316.2
  59.9 315.2 60.0 314.3 60.0 313.4 60.1 312.6 60.1 311.7 60.1 310.9 60.0 310.1
  60.0 309.2 60.0 308.4 59.9 307.6 59.8 306.8 59.7 306.1 59.6 305.3 59.5 304.5
  59.3 303.7 59.2 303.0 59.0 302.2 58.7 301.4 58.5 300.7 58.2 300.0 58.0 299.2
  57.7 298.6 57.5 297.9 57.3 297.3 57.0 296.6 56.8 295.9 56.5 295.2 56.2 294.5
  55.9 293.7 55.6 293.2 55.2 292.7 54.9 292.1 54.5 291.6 54.1 291.1 53.6 290.5
  53.2 290.1 52.8 289.6 52.4 289.2 52.0 288.7 51.7 288.2 51.3 287.8 50.9 287.4
  50.6 287.1 50.2 286.7 49.8 286.3 49.4 286.0 49.0 285.7 48.6 285.4 48.2 285.1
  47.8 284.7 47.5 284.4 47.1 284.0 46.7 283.6 46.3 283.2 45.9 282.8 45.5 282.4
  45.1 281.9 44.8 281.5 44.4 281.0 44.1 280.5 43.8 279.9 43.4 279.3 43.1 278.8
  42.7 278.2 42.3 277.6 42.0 277.0 41.7 276.5 41.3 275.9 41.0 275.4 40.7 274.8
  40.3 274.2 40.0 273.7 39.8 273.1 39.5 272.6 39.3 272.0 39.1 271.5 38.9 270.9
  38.7 270.4 38.5 269.8 38.3 269.2 38.2 268.6 38.0 268.0 37.7 267.4 37.5 266.9
  37.2 266.4 37.0 265.9 36.8 265.3 36.6 264.8 36.5 264.2 36.3 263.7 36.0 263.1
  35.7 262.5 35.4 262.0 35.1 261.5 34.8 261.0 34.6 260.5 34.3 259.9 34.0 259.4
  33.8 258.9 33.5 258.5 33.2 258.1 33.0 257.7 32.7 257.3 32.5 256.9 32.3 256.5
  32.0 256.1 31.8 255.8 31.6 255.5 31.4 255.3 31.2 255.0 31.0 254.8 30.9 254.5
  30.7 254.3 30.5 254.1 30.4 253.8 30.2 253.6 30.1 253.4 29.9 253.2 29.8 253.0
  29.7 252.8 29.5 252.7 29.4 252.5 29.3 252.4 29.1 252.3 29.0 252.2 28.8 252.2
  28.6 252.1 28.5 252.1 28.3 252.1 28.1 252.1 27.9 252.1 27.8 252.0 27.6 252.0
  27.5 252.0 27.4 251.9 27.3 251.9 27.2 251.9 27.1 251.8 27.0 251.8 26.9 251.8
  26.9 251.8 26.8 251.7 26.7 251.7 26.6 251.6 26.5 251.6 26.4 251.5 26.4 251.4
  26.3 251.3 26.2 251.2 26.1 251.1 26.0 251.0 25.9 250.9 25.8 250.8 25.7 250.8
  25.6 250.7 25.5 250.6 25.4 250.6 25.4 250.5 25.3 250.4 25.3 250.4 25.2 250.3
  25.2 250.2 25.2 250.2 25.1 250.1
   5 19 78  0.0
  72.5 321.4 72.6 321.4 72.7 321.3 72.8 321.3 72.9 321.2 72.9 321.2 73.0 321.1
  73.0 321.1 73.1 321.0 73.1 320.9 73.1 320.9 73.1 320.8 73.1 320.7 73.1 320.6
  73.0 320.5 73.0 320.4 72.9 320.3 72.7 320.2 72.6 320.2 72.4 320.1 72.2 320.0
  72.0 320.0 71.6 319.9 71.2 320.0 71.0 320.1 70.7 320.2 70.4 320.3 70.1 320.4
  69.8 320.5 69.5 320.7 69.3 320.8 69.1 321.0 68.9 321.2 68.7 321.3 68.5 321.5
  68.4 321.7 68.2 321.9 68.1 322.2 68.0 322.4 67.9 322.7 67.9 323.1 67.9 323.5
  67.9 323.9 67.9 324.3 68.0 324.8 68.1 325.4 68.3 326.0 68.4 326.8 68.6 327.6
  68.7 328.5 68.9 329.5 69.1 330.6 69.3 331.7 69.4 332.8 69.5 334.0 69.6 335.3
  69.7 336.5 69.6 337.8 69.5 339.1 69.4 340.3 69.2 341.5 68.9 342.6 68.6 343.6
  68.3 344.6 67.8 345.4 67.4 345.8 67.0 346.2 66.5 346.5 66.0 346.8 65.5 346.6
  65.0 346.4 64.5 346.2 64.0 346.0 63.5 345.4 63.1 344.8 62.6 344.2 62.2 343.5
  61.8 342.8 61.4 341.8 61.1 340.8 60.7 339.7 60.5 338.6 60.2 337.4 60.0 336.2
  59.8 334.9 59.6 333.5 59.5 332.1 59.4 330.7 59.4 329.3 59.4 328.0 59.4 326.7
  59.5 325.4 59.6 324.2 59.7 322.9 59.8 321.8 59.8 320.6 59.9 319.5 60.0 318.5
  60.1 317.4 60.2 316.5 60.2 315.5 60.3 314.6 60.4 313.7 60.4 312.9 60.5 312.0
  60.5 311.2 60.5 310.3 60.5 309.5 60.4 308.7 60.4 307.9 60.3 307.0 60.2 306.2
  60.1 305.4 60.0 304.5 59.9 303.7 59.7 302.9 59.5 302.2 59.3 301.4 59.1 300.6
  58.8 299.9 58.6 299.1 58.3 298.4 58.1 297.7 57.8 296.9 57.6 296.2 57.4 295.5
  57.1 294.8 56.8 294.1 56.5 293.5 56.2 292.8 55.9 292.1 55.5 291.5 55.1 291.0
  54.7 290.5 54.2 290.0 53.8 289.4 53.4 289.0 53.0 288.5 52.6 288.1 52.2 287.6
  51.8 287.1 51.4 286.8 51.1 286.4 50.7 286.1 50.3 285.7 49.9 285.4 49.5 285.1
  49.1 284.9 48.8 284.5 48.4 284.2 48.0 283.9 47.5 283.5 47.1 283.2 46.7 282.8
  46.3 282.4 45.9 282.0 45.5 281.6 45.1 281.1 44.8 280.7 44.4 280.2 44.1 279.6
  43.8 279.1 43.4 278.5 43.0 278.0 42.7 277.4 42.3 276.8 41.9 276.2 41.6 275.7
  41.3 275.1 40.9 274.5 40.6 274.0 40.3 273.4 40.0 272.8 39.7 272.3 39.5 271.7
  39.3 271.1 39.0 270.6 38.8 270.0 38.6 269.4 38.4 268.8 38.2 268.2 38.1 267.5
  37.8 266.9 37.5 266.4 37.2 265.9 37.0 265.4 36.8 264.8 36.6 264.3 36.4 263.7
  36.1 263.1 35.8 262.5 35.5 262.0 35.2 261.5 34.9 261.0 34.6 260.4 34.3 259.9
  34.0 259.3 33.7 258.8 33.4 258.4 33.2 258.0 32.9 257.6 32.6 257.1 32.4 256.7
  32.2 256.3 31.9 255.9 31.7 255.7 31.5 255.4 31.3 255.1 31.1 254.9 30.9 254.6
  30.7 254.4 30.5 254.1 30.3 253.9 30.1 253.6 30.0 253.4 29.8 253.2 29.7 253.0
  29.6 252.7 29.4 252.5 29.3 252.3 29.2 252.2 29.0 252.0 28.9 251.9 28.7 251.7
  28.6 251.7 28.4 251.6 28.3 251.5 28.1 251.5 27.9 251.5 27.8 251.4 27.6 251.4
  27.5 251.4 27.3 251.4 27.2 251.3 27.0 251.3 26.9 251.3 26.8 251.3 26.7 251.3
  26.6 251.2 26.5 251.2 26.4 251.2
   5 20 78  0.0
  72.5 321.4 72.2 321.5 71.8 321.6 71.5 322.2 71.2 322.6 70.9 323.1 70.6 323.5
  70.3 323.8 69.9 324.1 69.6 325.1 69.3 325.9 69.0 326.7 68.6 327.4 68.2 328.0
  67.8 328.5 67.5 329.4 67.1 330.2 66.7 330.9 66.3 331.4 65.8 331.8 65.4 332.4
  65.0 332.9 64.5 333.2 64.0 333.5 63.5 333.7 62.9 333.9 62.4 334.1 61.8 334.1
  61.3 334.1 60.8 334.0 60.3 333.9 59.7 333.8 59.2 333.6 58.7 333.4 58.1 333.2
  57.6 333.0 57.1 332.7 56.5 332.5 56.0 332.2 55.6 331.9 55.2 331.3 54.9 330.7
  54.6 330.0 54.3 329.3 54.0 328.5 53.8 327.7 53.6 326.8 53.3 325.9 53.1 325.0
  52.9 324.1 52.7 323.2 52.6 322.3 52.4 321.4 52.3 320.5 52.2 319.5 52.2 318.6
  52.2 317.7 52.1 316.7 52.1 315.6 52.1 314.6 52.1 313.5 52.1 312.4 52.1 311.3
  52.3 310.3 52.5 309.3 52.6 308.3 52.8 307.4 53.0 306.5 53.2 305.7 53.4 304.9
  53.5 304.2 53.6 303.5 53.7 302.8 53.8 302.1 53.8 301.5 53.8 300.8 53.9 300.1
  54.0 299.4 54.0 298.8 54.0 298.2 54.0 297.4 54.1 296.7 54.1 295.9 54.0 295.2
  54.0 294.6 54.0 294.0 53.9 293.6 53.9 293.2 53.9 292.8 53.8 292.5 53.8 292.2
  53.8 291.9 53.7 291.6 53.6 291.4 53.6 291.1 53.5 290.9 53.4 290.7 53.3 290.6
  53.2 290.4 53.1 290.2 52.9 290.1 52.8 289.9 52.7 289.7 52.6 289.6 52.5 289.5
  52.4 289.3 52.2 289.2 52.1 289.1 51.9 289.0 51.8 289.0 51.6 289.1 51.5 289.1
  51.3 289.2 51.2 289.2 51.1 289.2 50.9 289.3 50.8 289.3 50.7 289.3 50.6 289.3
  50.5 289.4 50.4 289.4 50.3 289.4 50.2 289.4 50.1 289.5 50.0 289.5 49.9 289.5
  49.8 289.6 49.7 289.8 49.6 289.9 49.5 290.1 49.4 290.2 49.3 290.3 49.1 290.4
  49.0 290.5 48.9 290.6 48.7 290.7 48.5 290.7 48.4 290.8 48.2 290.8 48.0 290.8
  47.8 290.9 47.6 291.0 47.4 291.0 47.2 291.1 46.9 291.1 46.7 291.2 46.5 291.2
  46.3 291.3 46.1 291.3 45.8 291.3 45.6 291.4 45.5 291.4 45.3 291.5 45.1 291.6
  44.9 291.6 44.7 291.6 44.6 291.6 44.4 291.6 44.3 291.6 44.2 291.6 44.0 291.6
  43.9 291.6 43.9 291.6 43.8 291.5 43.7 291.5 43.7 291.4 43.6 291.3 43.6 291.2
  43.5 291.1 43.5 291.0 43.5 290.8 43.5 290.7 43.5 290.6 43.5 290.5 43.6 290.3
  43.6 290.2 43.6 290.1 43.7 289.9 43.7 289.8 43.8 289.6 43.9 289.4 43.9 289.3
  44.0 289.1 44.2 288.9 44.3 288.7 44.4 288.4 44.6 288.1 44.7 287.9 44.6 287.6
  44.6 287.2 44.6 286.9 44.5 286.5 44.6 286.1 44.6 285.6 44.6 285.1 44.7 284.6
  44.8 284.1 44.9 283.6 44.8 283.0 44.7 282.5 44.7 281.9 44.7 281.4 44.7 280.8
  44.8 280.3 44.8 279.7 44.7 279.2 44.6 278.6 44.5 278.0 44.4 277.4 44.4 276.8
  44.4 276.3 44.5 275.7 44.4 275.2 44.4 274.6 44.4 274.1 44.5 273.6 44.6 273.1
  44.7 272.6 44.8 272.1 44.9 271.6 44.9 271.1 44.9 270.6 44.9 270.1 45.0 269.7
  45.1 269.2 45.2 268.8 45.3 268.4 45.5 268.0 45.6 267.6 45.7 267.2 45.9 266.8
  46.0 266.3 46.2 265.9 46.4 265.4 46.7 265.0 46.9 264.5 47.2 264.0 47.4 263.5
  47.6 263.0 47.8 262.6 48.0 262.1
   5 21 78  0.0
  72.5 321.4 72.3 321.9 72.0 322.4 71.8 322.9 71.6 323.5 71.3 324.1 71.0 324.8
  70.8 325.4 70.5 326.1 70.2 326.9 69.9 327.6 69.7 328.7 69.3 329.8 69.0 330.9
  68.6 331.9 68.2 332.9 67.7 333.8 67.2 334.6 66.7 335.3 66.2 336.0 65.6 336.6
  64.9 337.1 64.2 337.6 63.4 338.1 62.7 338.2 61.9 338.3 61.1 338.0 60.4 337.7
  59.7 337.5 59.0 336.9 58.3 336.3 57.7 335.7 57.2 334.7 56.7 333.6 56.2 332.6
  55.8 331.5 55.4 330.1 55.1 328.6 54.8 327.1 54.5 325.6 54.2 324.2 54.0 322.7
  53.8 321.3 53.7 320.0 53.6 318.6 53.5 317.2 53.4 315.9 53.4 314.6 53.4 313.4
  53.3 312.2 53.3 311.0 53.4 309.8 53.5 308.6 53.5 307.5 53.6 306.3 53.8 305.2
  53.9 304.2 54.0 303.1 54.0 301.7 54.0 300.3 54.0 299.0 53.9 297.6 53.9 296.7
  53.8 295.8 53.8 294.9 53.8 294.0 53.8 293.2 53.8 292.5 53.9 291.7 53.9 291.1
  54.0 290.5 54.0 289.9 54.1 288.8 54.1 287.8 54.1 286.8 54.1 285.9 54.1 285.0
  54.1 284.2 54.2 283.4 54.2 282.7 54.2 281.9 54.3 281.3 54.3 280.6 54.4 280.0
  54.4 279.4 54.4 278.8 54.5 278.3 54.5 277.7 54.5 277.2 54.6 276.7 54.6 276.1
  54.7 275.6 54.7 275.2 54.7 274.7 54.6 274.2 54.6 273.7 54.6 273.3 54.6 272.9
  54.6 272.4 54.5 272.0 54.4 271.5 54.3 271.0 54.2 270.5 54.1 270.1 54.0 269.6
  53.9 269.0 53.8 268.8 53.7 268.5 53.6 268.3 53.5 268.0 53.5 267.8 53.2 267.5
  53.0 267.2 52.8 267.0 52.6 266.7 52.4 266.4 52.2 266.0 52.0 265.7 51.8 265.4
  51.6 265.2 51.4 265.1 51.3 265.0 51.1 264.8 50.9 264.6 50.8 264.4 50.6 264.2
  50.5 263.9 50.3 263.7 50.2 263.4 50.0 263.0 49.9 262.7 49.8 262.5 49.7 262.3
  49.6 262.1 49.5 261.9 49.4 261.6 49.3 261.4 49.2 261.1 49.1 260.8 49.0 260.6
  48.9 260.2 48.8 259.9 48.6 259.5 48.3 259.2 48.1 258.8 47.9 258.3 47.7 257.9
  47.5 257.5 47.4 257.0 47.2 256.5 47.0 256.0 46.9 255.5 46.6 255.0 46.4 254.5
  46.2 253.9 45.9 253.3 45.7 252.8 45.5 252.3 45.3 251.7 45.0 251.2 44.9 250.6
  44.7 250.0 44.5 249.5 44.4 248.9 44.2 248.3 44.1 247.6 43.8 247.0 43.6 246.6
  43.4 246.1 43.1 245.7 42.9 245.2 42.7 244.8 42.5 244.3 42.4 243.8 42.1 243.3
  41.9 242.7 41.7 242.3 41.5 241.9 41.3 241.5 41.1 241.0 41.0 240.6 40.9 240.2
  40.7 239.7 40.5 239.2 40.2 238.7 40.0 238.2 39.8 237.9 39.6 237.5 39.4 237.1
  39.2 236.7 39.0 236.2 38.9 235.7 38.6 235.2 38.3 234.6 38.0 234.1 37.8 233.5
  37.6 233.1 37.5 232.7 37.3 232.4 37.2 232.0 36.9 231.6 36.7 231.2 36.4 230.8
  36.1 230.4 35.9 230.0 35.7 229.7 35.5 229.5 35.3 229.2 35.1 228.9 34.9 228.5
  34.7 228.2 34.6 227.8 34.4 227.4 34.2 226.9 34.1 226.5 33.9 226.0 33.8 225.5
  33.7 225.0 33.6 224.6 33.5 224.1 33.4 223.7 33.3 223.3 33.1 222.9 33.0 222.6
  32.8 222.3 32.7 222.0 32.6 221.8 32.4 221.5 32.3 221.3 32.1 221.1 32.0 220.9
  31.9 220.7 31.8 220.4 31.8 220.2 31.8 219.9 31.7 219.7 31.7 219.4 31.7 219.2
  31.7 218.9 31.7 218.7 31.7 218.5
   5 22 78  0.0
  72.5 321.4 72.5 321.0 72.5 320.6 72.4 320.2 72.4 319.9 72.4 319.5 72.4 319.2
  72.4 318.9 72.3 318.6 72.3 318.3 72.3 318.0 72.2 317.7 72.2 317.5 72.1 317.3
  72.0 317.1 71.9 317.0 71.9 317.3 71.8 317.6 71.7 318.0 71.5 318.4 71.4 318.8
  71.3 319.3 71.1 319.8 71.0 320.3 70.7 320.9 70.4 321.4 70.1 322.0 69.8 322.6
  69.5 323.2 69.2 324.0 68.9 324.7 68.6 325.5 68.3 326.3 68.0 327.2 67.7 328.1
  67.4 329.0 66.9 329.9 66.5 330.8 66.1 331.7 65.6 332.6 65.0 333.0 64.4 333.5
  63.7 334.1 63.1 334.1 62.4 334.1 61.7 334.2 61.0 333.8 60.3 333.4 59.6 333.0
  58.9 332.0 58.3 331.0 57.8 330.1 57.2 328.8 56.7 327.4 56.4 326.1 56.0 324.8
  55.6 323.3 55.4 321.8 55.1 320.3 54.8 318.9 54.6 317.5 54.4 316.1 54.2 314.7
  54.2 313.3 54.1 311.9 54.2 310.5 54.2 309.2 54.3 307.9 54.3 306.6 54.4 305.4
  54.4 304.2 54.5 303.0 54.6 301.8 54.7 300.6 54.8 299.4 54.9 298.2 55.0 297.0
  55.1 295.8 55.2 294.5 55.4 293.3 55.4 292.1 55.5 290.9 55.7 289.7 55.9 288.5
  56.1 287.3 56.4 286.0 56.7 284.6 57.0 283.4 57.3 282.2 57.5 281.0 57.8 279.9
  58.0 278.8 58.2 277.6 58.5 276.5 58.7 275.4 58.9 274.3 59.1 273.3 59.4 272.3
  59.6 271.3 59.8 270.4 59.9 269.5 60.0 268.6 60.2 267.7 60.2 266.8 60.2 266.0
  60.3 265.2 60.3 264.5 60.3 263.8 60.2 263.2 60.2 262.6 60.2 262.0 60.2 261.4
  60.1 260.9 60.1 260.4 60.1 259.9 60.0 259.4 60.0 259.0 60.0 258.7 59.9 258.4
  59.9 258.1 59.9 257.8 59.8 257.5 59.8 257.2 59.7 257.0 59.7 256.8 59.7 256.5
  59.6 256.3 59.6 256.1 59.5 255.8 59.6 255.6 59.6 255.4 59.7 255.2 59.7 255.0
  59.8 254.8 59.9 254.6 60.0 254.3 60.0 254.1 60.1 253.7 60.3 253.3 60.4 252.9
  60.5 252.6 60.7 252.2 60.8 251.9 61.0 251.5 61.1 251.2 61.3 250.8 61.5 250.5
  61.6 250.2 61.8 249.9 61.9 249.7 62.1 249.5 62.3 249.2 62.4 248.9 62.6 248.7
  62.7 248.5 62.8 248.3 63.0 248.2 63.1 248.1 63.2 248.0 63.3 247.9 63.3 247.8
  63.4 247.6 63.4 247.5 63.5 247.3 63.5 247.2 63.5 247.0 63.5 246.8 63.5 246.6
  63.5 246.4 63.5 246.2 63.4 246.0 63.4 245.7 63.4 245.4 63.4 245.0 63.4 244.6
  63.3 244.2 63.3 243.8 63.3 243.3 63.3 242.7 63.2 242.2 63.2 241.6 63.1 241.1
  63.1 240.5 63.0 239.9 63.0 239.4 63.0 238.9 63.0 238.4 62.9 237.9 62.9 237.4
  62.9 237.0 62.9 236.5 62.9 236.2 62.9 235.8 62.9 235.4 62.9 235.1 63.0 234.7
  63.0 234.4 63.0 234.0 63.1 233.6 63.1 233.3 63.2 232.9 63.2 232.5 63.3 232.1
  63.4 231.6 63.5 231.2 63.5 230.8 63.6 230.3 63.7 229.9 63.8 229.5 63.9 229.0
  64.1 228.6 64.2 228.1 64.4 227.6 64.5 227.1 64.7 226.6 64.8 226.0 65.0 225.5
  65.1 225.0 65.3 224.4 65.5 223.9 65.6 223.4 65.8 222.9 65.9 222.4 66.1 221.9
  66.2 221.4 66.4 220.9 66.6 220.4 66.8 219.9 66.9 219.5 67.1 219.0 67.3 218.5
  67.4 218.1 67.6 217.6 67.8 217.1 67.9 216.6 68.1 216.1 68.3 215.7 68.4 215.2
  68.5 214.8 68.5 214.3 68.6 213.8
   5 23 78  0.0
  72.5 321.4 72.4 321.5 72.3 321.5 72.2 321.7 72.1 321.8 72.1 322.0 72.0 322.2
  72.0 322.4 72.0 322.8 71.9 323.3 71.9 323.8 71.9 324.4 71.9 325.0 71.8 325.7
  71.7 326.3 71.7 326.8 71.6 327.2 71.5 327.7 71.5 328.0 71.4 328.3 71.3 328.5
  71.1 328.6 70.9 328.7 70.8 328.8 70.6 328.7 70.4 328.7 70.2 328.6 70.1 328.5
  69.9 328.4 69.7 328.6 69.5 328.8 69.3 329.0 69.1 329.2 68.8 329.3 68.6 329.5
  68.3 329.6 68.1 329.6 67.8 329.7 67.5 330.0 67.1 330.2 66.7 330.4 66.3 330.6
  65.9 330.7 65.4 330.7 64.9 330.7 64.4 330.7 63.9 330.6 63.4 330.3 62.9 329.9
  62.3 329.5 61.8 329.2 61.2 328.6 60.7 327.9 60.1 327.3 59.6 326.7 59.2 325.6
  58.7 324.6 58.3 323.5 58.0 322.5 57.8 321.5 57.6 320.2 57.4 318.9 57.2 317.7
  57.0 316.5 56.8 315.4 56.6 314.3 56.5 313.3 56.3 312.3 56.2 311.3 56.2 310.4
  56.1 309.4 56.1 308.5 56.0 307.6 56.0 306.5 56.1 305.6 56.2 304.7 56.3 303.8
  56.5 302.9 56.7 302.0 56.8 301.1 57.0 300.2 57.2 299.3 57.4 298.4 57.6 297.4
  57.8 296.5 58.0 295.4 58.3 294.7 58.6 293.8 58.9 293.0 59.3 292.1 59.6 291.2
  60.0 290.3 60.5 289.6 61.0 288.8 61.5 288.1 61.9 287.2 62.4 286.4 62.9 285.8
  63.4 285.1 63.9 284.5 64.4 283.7 64.8 283.3 65.3 282.8 65.7 282.3 66.2 281.8
  66.6 281.5 67.0 281.2 67.4 280.9 67.8 280.5 68.2 280.1 68.5 279.8 68.9 279.5
  69.2 279.1 69.5 278.8 69.8 278.4 70.1 278.1 70.4 277.9 70.7 277.7 71.0 277.5
  71.3 277.3 71.6 277.1 71.8 277.0 72.1 276.8 72.4 276.9 72.7 277.0 72.9 277.2
  73.2 277.5 73.5 277.8 73.7 278.2 73.9 278.7 74.2 279.2 74.4 280.2 74.5 281.3
  74.7 282.4 74.8 283.7 74.9 284.9 74.9 286.2 74.9 287.5 74.9 288.8 74.8 290.0
  74.7 291.3 74.6 292.4 74.4 293.6 74.2 294.6 73.9 295.6 73.7 296.1 73.4 296.6
  73.1 297.1 72.8 297.5 72.5 297.9 72.2 298.2 71.9 298.5 71.6 298.3 71.3 298.1
  71.0 297.9 70.8 297.6 70.5 297.3 70.2 297.0 69.9 296.6 69.7 295.7 69.5 294.8
  69.2 293.8 69.0 292.9 68.8 291.8 68.6 290.7 68.4 289.6 68.2 288.5 68.0 287.3
  67.7 285.8 67.5 284.3 67.3 282.8 67.0 281.4 66.7 280.0 66.4 278.6 66.2 277.3
  65.9 276.0 65.7 274.6 65.5 273.2 65.3 271.8 65.1 270.5 64.8 269.3 64.6 268.1
  64.3 267.1 64.1 266.0 63.9 265.1 63.7 264.3 63.5 263.5 63.3 262.7 63.2 262.0
  63.0 261.3 62.8 260.6 62.7 260.0 62.5 259.3 62.4 258.6 62.2 258.0 62.1 257.3
  62.0 256.7 61.9 256.2 61.8 255.6 61.7 255.1 61.6 254.5 61.5 254.0 61.4 253.4
  61.4 252.8 61.3 252.2 61.3 251.5 61.2 250.9 61.2 250.3 61.2 249.7 61.2 249.1
  61.2 248.4 61.2 247.8 61.1 247.2 61.1 246.6 61.1 246.0 61.1 245.3 61.1 244.7
  61.1 244.1 61.1 243.5 61.1 243.0 61.1 242.4 61.1 241.8 61.1 241.3 61.2 240.8
  61.3 240.2 61.4 239.7 61.4 239.2 61.5 238.6 61.6 238.1 61.7 237.5 61.8 236.9
  61.9 236.3 62.1 235.8 62.2 235.2 62.3 234.6 62.4 234.0 62.6 233.4 62.7 232.8
  62.9 232.2 63.1 231.6 63.2 231.1
   5 24 78  0.0
  72.5 321.4 72.2 321.3 71.9 321.3 71.7 321.0 71.5 320.8 71.2 320.6 71.0 320.5
  70.8 320.4 70.6 320.4 70.5 320.4 70.3 320.4 70.1 320.5 70.0 320.6 69.9 320.7
  69.8 320.7 69.7 320.7 69.6 320.7 69.5 320.7 69.4 320.7 69.4 320.8 69.3 320.8
  69.3 320.9 69.2 320.9 69.2 321.0 69.2 321.1 69.2 321.2 69.1 321.3 69.1 321.5
  69.2 321.7 69.2 322.0 69.2 322.3 69.2 322.6 69.2 323.0 69.3 323.4 69.3 323.9
  69.4 324.4 69.3 325.0 69.3 325.6 69.2 326.1 69.2 326.7 69.1 327.2 69.1 327.7
  69.0 328.2 68.8 328.7 68.6 329.1 68.4 329.4 68.2 329.8 68.0 330.1 67.8 330.3
  67.6 330.8 67.4 331.2 67.1 331.5 66.9 331.9 66.6 332.2 66.2 332.4 65.7 332.6
  65.3 332.8 64.8 333.0 64.2 333.1 63.6 333.2 62.9 333.1 62.2 333.0 61.5 332.9
  60.8 332.5 60.2 332.1 59.5 331.6 59.0 330.8 58.4 330.1 57.9 329.3 57.4 328.3
  56.9 327.3 56.4 326.3 55.9 325.3 55.3 324.3 54.9 323.2 54.6 322.0 54.2 320.8
  54.0 319.6 53.8 318.3 53.6 317.1 53.5 315.9 53.3 314.7 53.1 313.4 52.9 312.2
  52.7 310.9 52.6 309.6 52.5 308.4 52.4 307.2 52.5 306.0 52.6 304.8 52.7 303.7
  52.9 302.6 53.2 301.5 53.4 300.4 53.6 299.3 53.9 298.1 54.1 297.0 54.4 295.9
  54.6 294.9 54.9 293.8 55.2 292.8 55.5 291.8 55.9 290.8 56.2 289.8 56.7 289.0
  57.1 288.1 57.5 287.2 58.0 286.3 58.5 285.5 59.0 284.7 59.5 283.9 60.0 283.1
  60.5 282.4 61.0 281.7 61.4 281.0 61.9 280.2 62.4 279.4 62.8 278.8 63.1 278.1
  63.5 277.4 63.9 276.6 64.3 275.7 64.7 275.0 65.1 274.3 65.4 273.6 65.8 272.8
  66.1 272.0 66.6 271.3 67.0 270.5 67.3 269.8 67.7 269.0 68.1 268.2 68.5 267.4
  68.9 266.6 69.3 265.7 69.7 264.8 70.1 264.0 70.5 263.2 70.9 262.5 71.3 261.7
  71.6 260.9 72.0 260.2 72.4 259.7 72.8 259.2 73.2 258.7 73.5 258.2 73.9 257.7
  74.3 257.3 74.7 257.2 75.1 257.1 75.5 257.1 75.9 257.1 76.3 257.2 76.7 257.6
  77.1 258.0 77.5 258.6 77.9 259.3 78.3 260.0 78.7 261.0 79.1 262.0 79.4 263.3
  79.7 264.6 80.0 266.2 80.2 267.9 80.5 269.5 80.8 271.3 81.0 273.1 81.2 275.2
  81.4 277.3 81.6 279.6 81.7 282.0 81.8 284.4 81.9 287.0 82.0 289.5 82.0 292.1
  82.0 294.1 82.0 296.1 82.0 298.0 82.0 299.9 82.0 301.7 82.0 303.5 82.0 305.7
  81.9 307.7 81.9 309.6 81.9 311.4 81.9 313.0 81.9 314.6 81.9 316.0 82.0 317.4
  82.0 318.6 82.1 319.5 82.2 320.3 82.3 321.0 82.4 321.7 82.5 322.4 82.6 323.1
  82.7 323.7 82.8 324.3 82.9 324.9 83.0 325.4 83.2 325.9 83.3 326.4 83.4 326.8
  83.4 327.2 83.5 327.6 83.6 327.9 83.7 328.2 83.8 328.7 83.8 329.2 83.8 329.7
  83.8 330.3 83.8 330.9 83.8 331.6 83.8 332.4 83.7 333.1 83.6 333.9 83.5 334.7
  83.4 335.6 83.3 336.4 83.2 337.2 83.1 338.0 83.0 338.8 82.9 339.5 82.8 340.2
  82.7 340.9 82.6 341.5 82.4 342.1 82.3 342.7 82.2 343.2 82.1 343.7 82.0 344.3
  81.9 345.6 81.8 346.9 81.7 348.2 81.6 349.5 81.5 350.8 81.4 351.9 81.3 353.0
  81.2 354.1 81.1 355.0 81.0 355.9
   5 25 78  0.0
  72.5 321.4 72.5 321.0 72.4 320.5 72.4 320.1 72.3 319.7 72.3 319.3 72.2 318.9
  72.2 318.5 72.1 318.1 72.0 317.8 71.9 317.4 71.9 317.2 71.8 316.9 71.7 316.7
  71.6 316.4 71.5 316.2 71.4 316.0 71.3 315.7 71.1 315.5 71.0 315.2 70.9 315.0
  70.7 314.7 70.6 314.5 70.4 314.3 70.2 314.0 70.0 313.8 69.8 313.6 69.6 313.4
  69.4 313.2 69.2 313.1 69.0 313.0 68.8 312.9 68.6 312.9 68.4 312.9 68.2 312.9
  68.0 312.9 67.9 313.0 67.7 313.1 67.5 313.2 67.4 313.2 67.2 313.3 67.1 313.3
  67.0 313.3 66.8 313.3 66.7 313.3 66.6 313.2 66.6 313.2 66.5 313.1 66.4 313.0
  66.4 312.9 66.4 312.8 66.3 312.8 66.4 312.7 66.4 312.7 66.4 312.7 66.5 312.6
  66.6 312.6 66.6 312.7 66.7 312.7 66.9 312.7 67.0 312.8 67.2 312.9 67.3 313.0
  67.4 313.0 67.6 313.1 67.7 313.2 67.8 313.2 67.9 313.3 68.0 313.4 68.1 313.5
  68.2 313.6 68.2 313.8 68.3 313.9 68.4 314.0 68.4 314.2 68.5 314.3 68.5 314.5
  68.5 314.6 68.5 314.8 68.5 315.0 68.5 315.2 68.5 315.4 68.5 315.6 68.5 315.9
  68.4 316.1 68.3 316.4 68.2 316.7 68.1 317.0 68.0 317.4 67.9 317.8 67.7 318.2
  67.6 318.7 67.4 319.2 67.2 319.7 67.0 320.1 66.6 320.6 66.3 321.0 65.8 321.4
  65.4 321.6 65.1 321.8 64.7 322.1 64.4 322.4 64.1 322.7 63.8 323.1 63.6 323.0
  63.5 323.0 63.3 322.9 63.2 322.9 63.1 322.8 63.0 322.8 63.0 322.9 62.9 323.0
  62.8 323.1 62.7 323.3 62.6 323.5 62.5 323.8 62.4 324.1 62.1 324.5 61.9 324.9
  61.7 324.7 61.5 324.6 61.2 324.6 61.0 324.5 60.7 324.5 60.4 324.5 60.1 324.4
  59.8 324.4 59.5 323.7 59.3 322.9 59.1 322.2 58.9 321.4 58.7 320.7 58.5 320.1
  58.3 319.4 58.1 318.7 58.0 318.0 57.9 317.3 57.8 316.1 57.7 314.9 57.6 313.7
  57.6 312.5 57.6 311.3 57.7 310.1 57.7 308.8 57.8 307.5 57.9 306.2 57.9 304.9
  58.0 303.5 58.0 302.1 58.1 300.7 58.2 299.3 58.3 297.8 58.4 296.3 58.4 294.8
  58.6 293.3 58.7 291.9 59.0 290.4 59.2 288.9 59.5 287.4 59.9 286.0 60.3 284.5
  60.7 283.2 61.1 281.9 61.5 280.6 61.9 279.3 62.3 278.0 62.7 277.0 63.2 275.9
  63.6 274.7 64.0 273.6 64.4 272.4 64.9 271.4 65.3 270.3 65.7 269.2 66.1 268.1
  66.5 267.1 66.9 266.0 67.3 265.0 67.7 263.9 68.1 262.8 68.5 262.0 68.9 261.1
  69.3 260.3 69.8 259.4 70.1 258.5 70.6 258.0 71.0 257.5 71.4 257.0 71.7 256.6
  72.1 256.1 72.5 256.1 72.9 256.1 73.3 256.2 73.6 256.2 73.9 256.3 74.2 256.4
  74.5 257.2 74.8 258.0 75.1 258.8 75.4 259.7 75.6 260.7 75.9 261.7 76.1 262.7
  76.3 264.3 76.5 265.9 76.7 267.6 76.9 269.4 77.0 271.3 77.1 273.2 77.2 275.1
  77.2 277.0 77.2 279.0 77.2 281.0 77.2 283.0 77.1 284.9 77.0 286.8 76.9 288.7
  76.8 290.5 76.6 292.2 76.4 293.9 76.2 295.4 75.9 296.9 75.7 297.8 75.4 298.7
  75.2 299.6 75.0 300.4 74.7 301.2 74.5 302.0 74.3 302.7 74.0 303.5 73.8 304.2
  73.7 304.2 73.5 304.2 73.4 304.2 73.2 304.2 73.1 304.1 73.0 304.0 72.8 303.8
  72.6 303.6 72.4 303.4 72.2 303.2
   5 26 78  0.0
  72.5 321.4 72.4 321.3 72.4 321.2 72.3 321.1 72.3 321.1 72.2 321.0 72.2 321.0
  72.1 321.0 72.1 321.0 72.0 321.0 72.0 321.0 72.0 321.0 71.9 321.2 71.9 321.4
  71.9 321.5 71.9 321.6 71.8 321.7 71.8 321.8 71.8 321.8 71.8 321.8 71.8 321.7
  71.7 321.6 71.7 321.5 71.7 321.4 71.7 321.2 71.6 321.0 71.6 320.8 71.6 320.6
  71.5 320.4 71.5 320.2 71.4 320.0 71.3 319.7 71.2 319.5 71.2 319.2 71.1 319.0
  71.0 318.7 70.9 318.4 70.8 318.2 70.7 317.9 70.5 317.6 70.4 317.4 70.2 317.1
  70.0 316.9 69.8 316.6 69.6 316.4 69.4 316.2 69.2 316.0 69.0 315.7 68.8 315.5
  68.6 315.2 68.3 314.9 68.1 314.7 67.9 314.6 67.6 314.5 67.4 314.5 67.2 314.5
  67.0 314.6 66.8 314.6 66.6 314.6 66.3 314.6 66.1 314.7 65.9 314.7 65.7 314.8
  65.4 315.0 65.2 315.1 65.1 315.2 64.9 315.2 64.7 315.3 64.6 315.3 64.4 315.3
  64.3 315.3 64.2 315.3 64.2 315.3 64.1 315.3 64.1 315.2 64.1 315.2 64.1 315.1
  64.1 315.1 64.1 315.0 64.1 315.0 64.2 314.9 64.3 314.9 64.3 314.8 64.4 314.8
  64.6 314.7 64.7 314.6 64.8 314.6 65.0 314.5 65.1 314.4 65.2 314.4 65.4 314.3
  65.5 314.3 65.7 314.2 65.8 314.1 65.9 314.0 66.0 314.0 66.2 314.0 66.3 314.1
  66.4 314.2 66.5 314.3 66.6 314.4 66.6 314.6 66.7 314.7 66.8 314.9 66.8 315.1
  66.8 315.3 66.9 315.6 66.9 315.8 66.9 316.1 66.9 316.4 66.9 316.8 66.8 317.2
  66.7 317.6 66.6 318.0 66.5 318.4 66.4 318.9 66.2 319.3 66.0 319.8 65.8 320.2
  65.5 320.5 65.1 320.7 64.6 320.9 64.2 321.1 63.8 321.3 63.4 321.3 63.1 321.2
  62.8 321.2 62.5 321.1 62.3 321.1 62.1 321.1 61.9 321.1 61.7 320.5 61.6 320.0
  61.5 319.5 61.4 319.0 61.4 318.6 61.3 318.2 61.3 317.9 61.2 317.5 61.1 317.2
  61.0 316.9 60.9 316.7 60.9 316.4 60.8 316.1 60.7 315.9 60.6 315.6 60.5 315.3
  60.4 315.1 60.3 314.9 60.2 314.7 60.2 314.5 60.1 314.3 60.0 314.1 60.0 313.9
  59.9 313.2 59.9 312.5 59.8 311.8 59.9 311.1 60.1 310.4 60.2 310.1 60.2 309.7
  60.3 309.4 60.4 308.9 60.4 308.5 60.5 307.9 60.5 307.3 60.6 306.6 60.6 305.9
  60.6 305.1 60.6 304.3 60.6 303.4 60.7 302.5 60.8 301.6 60.9 300.5 60.9 299.5
  61.0 298.4 61.2 297.2 61.3 296.1 61.4 294.8 61.6 293.6 61.8 292.4 62.0 291.1
  62.3 289.8 62.6 289.0 62.9 288.1 63.2 287.2 63.7 286.2 64.1 285.2 64.5 284.5
  64.9 283.8 65.3 283.1 65.8 282.3 66.2 281.5 66.6 281.0 67.0 280.5 67.4 279.9
  67.8 279.2 68.3 278.5 68.7 278.2 69.1 277.8 69.5 277.4 69.9 276.9 70.2 276.4
  70.6 276.4 71.0 276.4 71.3 276.4 71.6 276.4 71.9 276.4 72.2 276.5 72.4 277.1
  72.7 277.8 72.9 278.6 73.2 279.4 73.4 280.2 73.4 281.1 73.5 282.0 73.6 282.9
  73.6 283.8 73.6 284.7 73.6 285.6 73.5 286.4 73.4 287.2 73.3 287.9 73.2 288.6
  73.0 289.3 72.8 289.8 72.6 290.4 72.4 290.9 72.2 291.3 71.9 291.7 71.7 291.4
  71.5 291.0 71.3 290.7 71.0 290.2 70.8 289.8 70.6 289.3 70.4 288.8 70.1 288.2
  69.9 287.6 69.7 286.4 69.6 285.1
   5 27 78  0.0
  72.5 321.4 72.5 321.2 72.4 321.0 72.4 320.9 72.4 320.7 72.4 320.6 72.4 320.5
  72.4 320.4 72.4 320.3 72.4 320.2 72.4 320.2 72.4 320.2 72.4 320.2 72.4 320.2
  72.4 320.2 72.4 320.2 72.4 320.2 72.4 320.1 72.4 320.1 72.4 320.1 72.4 320.0
  72.3 320.0 72.2 319.9 72.1 319.9 72.0 319.8 71.9 319.7 71.8 319.8 71.8 320.0
  71.7 320.1 71.6 320.2 71.6 320.3 71.5 320.5 71.5 320.6 71.4 320.8 71.4 320.9
  71.3 321.1 71.3 321.2 71.3 321.4 71.2 321.5 71.2 321.6 71.2 321.7 71.1 321.8
  71.1 321.8 71.1 321.8 71.1 321.7 71.0 321.6 71.0 321.5 71.0 321.4 70.9 321.3
  70.9 321.1 70.9 320.9 70.8 320.7 70.8 320.5 70.7 320.2 70.6 320.0 70.6 319.8
  70.5 319.5 70.4 319.3 70.3 319.0 70.2 318.8 70.0 318.5 69.9 318.3 69.8 318.2
  69.7 318.1 69.5 317.9 69.3 317.8 69.2 317.6 69.0 317.4 68.8 317.2 68.5 317.0
  68.3 316.7 68.0 316.5 67.7 316.2 67.5 316.2 67.2 316.1 67.0 316.0 66.7 316.0
  66.4 315.9 66.2 315.9 65.9 315.8 65.7 316.0 65.5 316.2 65.2 316.4 65.0 316.5
  64.7 316.6 64.5 316.7 64.3 316.7 64.1 316.8 63.9 316.8 63.7 316.9 63.6 317.1
  63.4 317.2 63.3 317.2 63.2 317.3 63.2 317.3 63.1 317.3 63.1 317.3 63.1 317.3
  63.1 317.2 63.1 317.2 63.2 317.1 63.2 317.0 63.3 316.9 63.3 316.7 63.4 316.6
  63.5 316.4 63.6 316.2 63.8 316.0 63.8 315.8 63.9 315.5 64.1 315.3 64.2 315.2
  64.3 315.2 64.5 315.1 64.6 315.1 64.8 315.0 64.9 315.0 65.1 314.9 65.2 314.9
  65.4 314.8 65.5 314.8 65.7 314.7 65.8 314.7 65.9 314.7 66.0 314.7 66.1 314.7
  66.2 314.8 66.2 315.0 66.3 315.2 66.4 315.4 66.4 315.7 66.4 315.9 66.5 316.2
  66.5 316.5 66.5 316.9 66.4 317.3 66.4 317.7 66.3 318.1 66.2 318.5 66.0 319.0
  65.9 319.4 65.7 319.7 65.5 320.0 65.3 320.2 64.9 320.4 64.4 320.6 64.0 320.9
  63.6 321.1 63.3 321.0 62.9 321.0 62.6 320.9 62.3 320.9 62.1 320.9 61.8 320.9
  61.7 320.3 61.5 319.8 61.5 319.3 61.4 318.8 61.4 318.3 61.3 317.9 61.3 317.6
  61.2 317.2 61.1 316.9 61.1 316.6 61.0 316.3 60.9 316.0 60.8 315.7 60.7 315.4
  60.6 315.2 60.5 314.9 60.4 314.6 60.3 314.4 60.3 314.1 60.2 313.9 60.1 313.7
  60.0 313.5 60.0 313.3 59.9 312.6 59.9 311.9 60.0 311.2 60.1 310.4 60.2 310.2
  60.3 310.0 60.4 309.7 60.5 309.3 60.5 308.9 60.6 308.5 60.6 308.0 60.7 307.4
  60.8 306.8 60.8 306.1 60.9 305.3 60.9 304.6 60.9 303.7 61.0 302.8 61.0 301.9
  61.1 300.9 61.2 299.9 61.3 298.8 61.5 297.7 61.6 296.6 61.7 295.4 61.9 294.2
  62.1 292.9 62.4 292.2 62.6 291.5 62.9 290.8 63.2 289.9 63.6 289.0 63.9 288.1
  64.2 287.1 64.6 286.6 65.0 286.0 65.4 285.3 65.8 284.6 66.1 283.8 66.6 283.4
  67.0 283.0 67.4 282.5 67.8 282.0 68.2 281.4 68.6 281.2 68.9 280.9 69.3 280.7
  69.6 280.4 69.9 280.1 70.1 279.8 70.5 280.0 70.9 280.2 71.1 280.4 71.3 280.6
  71.4 280.9 71.6 281.2 71.7 281.5 71.8 281.7 71.9 282.1 72.0 282.4 72.1 283.2
  72.2 284.0 72.1 284.9 72.1 285.7
   5 28 78  0.0
  72.5 321.4 72.5 321.2 72.5 320.9 72.5 320.7 72.5 320.5 72.5 320.2 72.5 320.0
  72.5 319.8 72.4 319.6 72.4 319.4 72.3 319.2 72.2 319.1 72.1 318.9 72.0 318.8
  71.9 318.9 71.8 319.0 71.7 319.0 71.7 319.1 71.6 319.2 71.5 319.3 71.4 319.4
  71.3 319.4 71.2 319.5 71.1 319.6 71.0 319.7 70.9 319.7 70.8 319.8 70.7 319.9
  70.6 320.0 70.6 320.1 70.6 320.3 70.6 320.4 70.6 320.5 70.6 320.7 70.6 320.9
  70.6 321.1 70.7 321.3 70.7 321.5 70.7 321.7 70.7 321.9 70.7 322.0 70.7 322.2
  70.6 322.3 70.6 322.5 70.6 322.6 70.5 322.7 70.4 322.7 70.4 322.8 70.3 322.8
  70.2 322.8 70.1 322.9 69.9 322.9 69.9 323.2 69.8 323.4 69.7 323.6 69.6 323.9
  69.5 324.1 69.5 324.3 69.5 324.5 69.4 324.7 69.4 324.8 69.3 325.0 69.3 325.1
  69.3 325.3 69.2 325.4 69.2 325.6 69.2 325.7 69.2 325.8 69.2 326.0 69.1 326.1
  69.1 326.2 69.1 326.4 69.1 326.5 69.1 326.6 69.1 326.7 69.1 326.8 69.0 326.8
  69.0 326.8 68.9 326.8 68.8 326.8 68.7 326.7 68.6 326.6 68.5 326.5 68.4 326.3
  68.3 326.1 68.1 325.9 68.0 325.7 67.8 325.6 67.7 325.5 67.5 325.4 67.4 325.2
  67.2 325.1 67.1 324.9 66.9 324.7 66.8 324.6 66.6 324.4 66.4 324.2 66.3 323.9
  66.0 323.7 65.8 323.5 65.6 323.5 65.4 323.4 65.2 323.3 65.0 323.2 64.8 323.1
  64.6 323.0 64.4 322.8 64.2 322.7 64.0 322.5 63.8 322.5 63.7 322.4 63.5 322.2
  63.4 322.1 63.3 322.0 63.3 321.9 63.2 321.8 63.2 321.6 63.1 321.5 63.1 321.4
  63.1 321.2 63.2 321.1 63.2 320.9 63.3 320.7 63.4 320.5 63.5 320.3 63.6 320.1
  63.7 319.8 63.8 319.6 63.9 319.3 64.0 319.0 64.1 318.7 64.2 318.6 64.4 318.5
  64.6 318.3 64.7 318.2 64.9 318.2 65.1 318.1 65.3 318.0 65.5 318.0 65.6 318.0
  65.8 318.0 66.0 318.0 66.2 318.0 66.3 318.2 66.5 318.5 66.6 318.8 66.7 319.1
  66.8 319.4 66.9 319.8 67.0 320.2 67.0 320.6 66.9 321.0 66.9 321.5 66.8 322.0
  66.8 322.5 66.7 323.0 66.6 323.5 66.5 324.0 66.2 324.5 65.9 325.0 65.6 325.4
  65.3 325.7 64.9 326.0 64.5 326.2 64.1 326.4 63.6 326.5 63.1 326.4 62.6 326.2
  62.0 326.0 61.4 325.7 60.9 325.2 60.3 324.6 59.8 324.1 59.3 323.1 58.9 322.2
  58.6 321.2 58.3 320.3 58.0 319.4 57.9 318.4 57.7 317.2 57.5 316.0 57.3 314.9
  57.1 313.9 57.0 312.9 56.8 311.9 56.8 310.9 56.8 310.0 56.8 309.1 56.7 308.1
  56.7 307.2 56.8 306.4 57.0 305.5 57.1 304.6 57.1 303.8 57.3 302.9 57.5 302.0
  57.7 301.2 57.9 300.3 58.1 299.4 58.4 298.8 58.6 298.2 58.9 297.5 59.1 296.8
  59.3 296.1 59.5 295.4 59.8 294.6 60.1 293.8 60.5 293.3 60.8 292.8 61.2 292.2
  61.5 291.6 62.0 291.0 62.4 290.3 62.9 289.9 63.4 289.5 63.8 289.0 64.3 288.5
  64.8 288.4 65.2 288.2 65.6 288.0 66.0 287.8 66.4 287.9 66.8 288.0 67.2 288.1
  67.4 288.2 67.7 288.4 67.9 288.5 68.2 288.7 68.4 289.0 68.6 289.4 68.8 289.7
  69.0 290.0 69.2 290.4 69.4 290.7 69.6 291.1 69.7 291.4 69.9 291.7 70.1 292.0
  70.2 292.5 70.3 292.9 70.4 293.4
   5 29 78  0.0
  72.5 321.4 72.6 321.4 72.6 321.4 72.7 321.3 72.7 321.3 72.8 321.2 72.8 321.1
  72.8 321.0 72.8 320.8 72.8 320.7 72.8 320.5 72.8 320.3 72.8 320.1 72.8 319.9
  72.7 319.7 72.6 319.4 72.5 319.2 72.5 318.9 72.4 318.7 72.3 318.4 72.3 318.2
  72.2 317.9 72.1 317.6 72.1 317.4 72.0 317.1 72.0 316.8 71.9 316.7 71.9 316.6
  71.8 316.5 71.7 316.4 71.7 316.4 71.6 316.3 71.5 316.3 71.4 316.3 71.4 316.4
  71.3 316.4 71.2 316.5 71.1 316.6 71.0 316.7 70.9 316.7 70.8 316.8 70.7 316.9
  70.7 317.0 70.6 317.1 70.5 317.2 70.4 317.3 70.3 317.4 70.2 317.4 70.1 317.5
  70.0 317.6 69.9 317.9 69.8 318.2 69.7 318.5 69.6 318.7 69.5 319.0 69.5 319.3
  69.4 319.6 69.3 319.9 69.3 320.2 69.3 320.5 69.4 320.8 69.4 321.1 69.4 321.4
  69.4 321.7 69.4 322.0 69.4 322.3 69.4 322.6 69.4 322.9 69.3 323.2 69.3 323.5
  69.2 323.8 69.1 324.0 69.0 324.3 69.0 324.6 68.9 324.8 68.8 325.0 68.7 325.2
  68.7 325.4 68.6 325.6 68.5 325.8 68.4 326.0 68.4 326.1 68.3 326.2 68.2 326.4
  68.2 326.5 68.1 326.6 68.1 326.7 68.0 326.9 68.0 327.0 67.9 327.1 67.9 327.3
  67.8 327.5 67.8 327.7 67.8 327.9 67.8 328.2 67.7 328.5 67.7 328.7 67.6 329.0
  67.6 329.3 67.5 329.5 67.4 329.6 67.3 329.7 67.2 329.8 67.1 329.9 67.0 329.9
  66.9 329.8 66.7 329.7 66.6 329.6 66.4 329.5 66.3 329.3 66.1 329.2 66.0 329.0
  65.8 328.8 65.7 328.7 65.6 328.6 65.5 328.4 65.4 328.2 65.3 328.1 65.2 327.9
  65.0 327.7 64.8 327.5 64.6 327.3 64.4 327.1 64.2 326.9 64.0 326.7 63.8 326.5
  63.7 326.4 63.5 326.2 63.4 326.0 63.2 325.8 63.1 325.7 63.0 325.5 62.9 325.3
  62.9 325.1 62.8 324.9 62.7 324.7 62.7 324.5 62.6 324.4 62.6 324.2 62.6 324.0
  62.5 323.8 62.5 323.6 62.5 323.4 62.5 323.2 62.5 323.0 62.5 322.8 62.6 322.5
  62.6 322.3 62.7 322.0 62.7 321.7 62.8 321.4 62.9 321.1 63.0 320.8 63.1 320.4
  63.2 320.1 63.3 319.7 63.5 319.3 63.6 318.9 63.7 318.5 63.9 318.2 64.0 317.9
  64.2 317.8 64.4 317.8 64.6 317.8 64.8 317.8 65.0 317.8 65.2 317.8 65.4 317.8
  65.5 317.9 65.7 317.9 65.9 318.0 66.0 318.1 66.1 318.3 66.2 318.6 66.3 318.9
  66.4 319.3 66.5 319.7 66.5 320.2 66.4 320.6 66.4 321.1 66.3 321.6 66.2 322.1
  66.0 322.6 65.9 323.1 65.7 323.6 65.5 323.9 65.3 324.3 64.9 324.6 64.4 324.9
  64.0 325.1 63.5 324.9 63.0 324.8 62.5 324.6 61.9 324.4 61.3 323.9 60.9 323.4
  60.5 322.8 60.2 322.3 59.9 321.8 59.6 320.8 59.3 319.9 59.2 318.9 59.0 318.0
  58.9 317.1 58.8 316.3 58.6 315.5 58.5 314.7 58.4 314.0 58.2 313.3 58.1 312.6
  58.0 312.0 58.0 311.3 58.0 310.6 58.0 310.0 58.0 309.3 58.0 308.6 58.0 307.9
  58.1 307.3 58.2 306.6 58.4 305.9 58.5 305.2 58.7 304.5 58.8 303.8 59.0 303.1
  59.3 302.4 59.5 301.7 59.7 301.0 60.0 300.2 60.2 299.4 60.4 299.0 60.6 298.6
  60.9 298.1 61.1 297.5 61.3 297.0 61.6 296.4 61.8 295.7 62.1 295.0 62.5 294.8
  62.9 294.5 63.3 294.2 63.7 293.8
   5 30 78  0.0
  72.5 321.4 72.4 321.3 72.3 321.1 72.2 321.0 72.1 320.9 72.1 320.7 72.0 320.5
  71.9 320.4 71.9 320.3 71.8 320.2 71.8 320.0 71.7 319.9 71.6 319.8 71.5 319.7
  71.4 319.6 71.4 319.5 71.3 319.4 71.3 319.4 71.2 319.3 71.2 319.3 71.2 319.2
  71.2 319.2 71.2 319.2 71.2 319.1 71.2 319.1 71.2 319.1 71.2 319.2 71.2 319.2
  71.2 319.2 71.2 319.2 71.2 319.2 71.2 319.1 71.2 319.1 71.1 319.1 71.1 319.1
  71.1 319.1 71.0 319.1 71.0 319.1 70.9 319.0 70.9 319.0 70.8 319.0 70.7 318.9
  70.7 318.8 70.6 318.7 70.6 318.6 70.5 318.5 70.5 318.4 70.4 318.3 70.4 318.2
  70.3 318.0 70.2 317.9 70.2 317.8 70.1 317.7 70.0 317.6 70.0 317.6 69.9 317.7
  69.8 317.8 69.8 317.9 69.7 318.0 69.6 318.2 69.5 318.3 69.4 318.5 69.4 318.7
  69.3 319.0 69.2 319.2 69.1 319.4 69.0 319.7 69.0 319.9 68.9 320.2 68.9 320.4
  68.9 320.7 68.9 321.0 68.9 321.3 68.8 321.6 68.8 321.9 68.8 322.3 68.8 322.6
  68.8 323.0 68.8 323.3 68.9 323.7 68.9 324.0 68.9 324.4 69.0 324.8 69.1 325.1
  69.2 325.5 69.3 325.9 69.3 326.3 69.4 326.6 69.4 327.0 69.5 327.3 69.5 327.6
  69.5 327.9 69.5 328.1 69.5 328.4 69.5 328.6 69.5 328.7 69.4 328.9 69.4 329.0
  69.4 329.1 69.3 329.2 69.3 329.3 69.3 329.4 69.2 329.5 69.2 329.6 69.2 329.7
  69.1 329.7 69.1 329.8 69.1 329.8 69.1 329.9 69.1 329.9 69.0 330.0 69.0 330.1
  69.0 330.1 69.0 330.2 69.0 330.2 68.9 330.3 68.9 330.4 68.9 330.4 68.9 330.5
  68.8 330.6 68.8 330.6 68.8 330.7 68.7 330.7 68.7 330.8 68.6 330.7 68.6 330.7
  68.5 330.6 68.4 330.6 68.3 330.4 68.2 330.3 68.1 330.1 68.0 330.0 67.8 329.8
  67.7 329.6 67.6 329.4 67.5 329.2 67.4 329.0 67.3 328.8 67.2 328.6 67.1 328.4
  67.0 328.2 66.9 327.9 66.7 327.7 66.6 327.4 66.4 327.1 66.3 326.9 66.1 326.6
  66.0 326.4 65.8 326.2 65.7 326.0 65.6 325.9 65.5 325.7 65.4 325.5 65.4 325.3
  65.3 325.1 65.3 324.9 65.2 324.7 65.2 324.4 65.2 324.2 65.2 324.0 65.2 323.8
  65.1 323.7 65.1 323.5 65.1 323.4 65.1 323.3 65.1 323.2 65.1 323.1 65.2 323.1
  65.2 323.0 65.3 323.0 65.4 322.9 65.5 322.9 65.6 322.8 65.7 322.8 65.8 322.7
  65.9 322.7 66.0 322.6 66.1 322.5 66.2 322.8 66.3 323.1 66.4 323.4 66.5 323.7
  66.6 324.0 66.6 324.4 66.6 324.7 66.6 325.1 66.5 325.5 66.5 325.9 66.4 326.3
  66.4 326.8 66.3 327.2 66.3 327.7 66.2 328.1 66.0 328.6 65.7 329.0 65.4 329.3
  65.2 329.6 64.8 329.9 64.5 330.2 64.1 330.5 63.7 330.8 63.3 330.8 62.8 330.8
  62.3 330.8 61.7 330.8 61.1 330.5 60.6 330.1 60.0 329.7 59.4 328.9 58.9 328.1
  58.3 327.4 57.9 326.5 57.5 325.5 57.0 324.4 56.6 323.3 56.2 322.3 55.9 321.2
  55.5 320.0 55.4 318.7 55.3 317.4 55.1 316.1 55.0 314.8 54.9 313.5 54.9 312.3
  54.8 311.0 54.8 309.8 54.8 308.7 54.9 307.6 55.1 306.5 55.3 305.5 55.5 304.5
  55.7 303.5 56.1 302.5 56.5 301.8 56.9 301.0 57.2 300.3 57.5 299.5 57.9 298.8
  58.2 298.0 58.5 297.5 58.8 297.0
   5 31 78  0.0
  72.5 321.4 72.4 321.1 72.3 320.8 72.2 320.5 72.2 320.2 72.1 319.9 72.0 319.6
  71.8 319.3 71.7 319.0 71.6 318.7 71.5 318.4 71.4 318.1 71.3 317.8 71.2 317.5
  71.1 317.2 71.1 316.9 71.0 316.6 70.9 316.2 70.8 315.9 70.7 315.6 70.5 315.3
  70.4 315.0 70.3 314.7 70.1 314.4 70.0 314.0 69.9 313.7 69.8 313.4 69.7 313.1
  69.6 312.7 69.5 312.4 69.4 312.1 69.4 311.9 69.3 311.6 69.2 311.3 69.1 311.1
  69.0 310.9 68.9 310.7 68.8 310.5 68.7 310.3 68.6 310.1 68.6 309.9 68.5 309.7
  68.4 309.5 68.4 309.4 68.3 309.2 68.2 309.1 68.2 308.9 68.1 308.8 68.1 308.7
  68.0 308.6 67.9 308.5 67.9 308.4 67.8 308.3 67.8 308.3 67.7 308.2 67.6 308.2
  67.6 308.1 67.5 308.1 67.4 308.1 67.4 308.1 67.3 308.1 67.2 308.1 67.1 308.2
  67.1 308.2 67.0 308.2 66.9 308.2 66.8 308.3 66.7 308.3 66.5 308.3 66.4 308.4
  66.3 308.4 66.2 308.4 66.0 308.5 65.9 308.5 65.8 308.5 65.6 308.5 65.5 308.5
  65.4 308.5 65.3 308.5 65.2 308.5 65.1 308.5 65.0 308.4 64.9 308.4 64.9 308.3
  64.8 308.3 64.7 308.2 64.7 308.1 64.6 308.1 64.6 308.0 64.6 307.9 64.6 307.9
  64.5 307.8 64.5 307.7 64.5 307.7 64.5 307.6 64.5 307.5 64.5 307.4 64.5 307.4
  64.5 307.3 64.5 307.2 64.5 307.2 64.5 307.1 64.5 307.0 64.5 307.0 64.5 306.9
  64.5 306.8 64.5 306.8 64.6 306.7 64.6 306.6 64.6 306.6 64.7 306.5 64.7 306.5
  64.7 306.5 64.7 306.4 64.8 306.4 64.8 306.4 64.8 306.5 64.9 306.5 64.9 306.5
  64.9 306.6 65.0 306.7 65.0 306.8 65.0 306.9 65.1 307.1 65.1 307.3 65.1 307.5
  65.1 307.8 65.2 308.1 65.1 308.4 65.1 308.8 65.1 309.2 65.0 309.6 65.0 310.0
  64.9 310.5 64.8 311.0 64.8 311.5 64.6 311.9 64.5 312.4 64.4 312.9 64.2 313.4
  64.0 313.9 63.8 314.4 63.7 315.0 63.5 315.6 63.3 316.2 63.2 316.8 63.1 317.4
  62.9 318.0 62.7 318.5 62.5 319.0 62.3 319.5 62.0 319.9 61.7 320.3 61.4 320.6
  61.1 320.9 60.7 321.2 60.3 321.4 59.8 321.6 59.3 321.6 58.8 321.6 58.2 321.6
  57.6 321.7 57.0 321.5 56.3 321.3 55.5 321.2 54.8 320.7 54.0 320.2 53.2 319.8
  52.5 319.0 51.8 318.2 51.1 317.2 50.4 316.3 49.8 315.3 49.1 314.2 48.5 313.1
  47.9 311.9 47.5 310.7 47.1 309.3 46.7 308.0 46.6 306.6 46.4 305.2 46.2 303.9
  46.3 302.6 46.5 301.4 46.6 300.1 46.8 299.0 47.2 297.8 47.6 296.8 48.0 295.8
  48.6 294.9 49.2 294.2 49.8 293.5 50.4 292.8 51.0 292.3 51.6 291.8 52.1 291.3
  52.6 290.8 53.1 290.4 53.6 290.0 54.0 289.6 54.5 289.2 54.9 288.9 55.3 288.5
  55.7 288.1 56.1 287.8 56.5 287.5 56.9 287.2 57.3 286.9 57.7 286.5 58.1 286.2
  58.4 285.9 58.8 285.6 59.2 285.3 59.6 284.9 59.9 284.6 60.3 284.3 60.6 284.1
  61.0 283.9 61.5 283.7 62.0 283.4 62.4 283.1 62.9 283.0 63.3 282.8 63.8 282.6
  64.2 282.4 64.6 282.3 65.0 282.3 65.4 282.3 65.8 282.3 66.1 282.3 66.5 282.4
  66.8 282.5 67.1 282.6 67.4 282.6 67.6 282.7 67.9 282.7 68.1 282.7 68.3 282.9
  68.5 283.1 68.7 283.4 68.9 283.7
