  10  1 78  0.0
  72.5 321.4 72.0 321.4 71.5 321.2 70.9 320.9 70.4 320.7 69.8 320.4 69.2 320.3
  68.7 320.1 68.1 319.8 67.6 319.4 67.0 319.3 66.5 319.2 65.8 319.0 65.2 319.1
  64.5 319.2 63.9 319.3 63.3 319.5 62.7 319.6 62.1 319.7 61.4 319.7 60.8 319.7
  60.2 319.7 59.7 319.6 59.1 319.2 58.6 318.8 58.0 318.5 57.4 318.1 56.9 317.5
  56.3 316.9 55.7 316.3 55.1 315.6 54.4 314.9 53.7 314.3 53.1 313.6 52.5 312.9
  51.8 312.3 51.2 311.7 50.5 311.2 49.7 310.6 49.0 310.1 48.3 309.6 47.7 309.1
  47.2 308.7 46.7 308.2 46.2 307.8 45.7 307.3 45.3 307.0 44.8 306.6 44.5 306.3
  44.1 305.9 43.8 305.6 43.5 305.2 43.2 304.9 43.0 304.6 42.8 304.2 42.6 303.9
  42.2 303.6 41.9 303.4 41.6 303.1 41.3 302.9 41.0 302.7 40.7 302.5 40.4 302.3
  40.1 302.1 39.9 302.0 39.7 301.9 39.5 301.8 39.3 301.7 39.1 301.7 39.0 301.7
  38.9 301.7 38.7 301.7 38.6 301.7 38.6 301.7 38.5 301.8 38.4 301.8 38.4 301.8
  38.3 301.8 38.2 301.8 38.2 301.8 38.1 301.7 38.1 301.7 38.1 301.6 38.0 301.5
  38.0 301.4 37.9 301.4 37.9 301.4 37.9 301.4 37.8 301.3 37.7 301.3 37.7 301.3
  37.6 301.2 37.5 301.2 37.4 301.1 37.3 301.1 37.2 301.0 37.1 300.9 37.0 300.8
  36.9 300.7 36.8 300.6 36.7 300.4 36.6 300.2 36.5 300.0 36.5 299.8 36.3 299.5
  36.1 299.2 36.0 298.9 35.8 298.8 35.6 298.8 35.5 298.8 35.3 298.7 35.1 298.6
  35.0 298.5 34.9 298.4 34.7 298.3 34.6 298.1 34.5 297.9 34.4 297.7 34.2 297.5
  34.1 297.2 34.0 296.9 33.9 296.6 33.9 296.3 33.8 296.1 33.8 295.8 33.8 295.6
  33.9 295.3 33.9 295.1 33.9 294.8 33.9 294.5 33.8 294.3 33.8 294.0 33.7 293.8
  33.6 293.5 33.6 293.3 33.5 293.0 33.5 292.7 33.4 292.4 33.4 292.1 33.3 291.8
  33.3 291.5 33.3 291.2 33.2 290.9 33.2 290.6 33.2 290.4 33.2 290.1 33.2 289.8
  33.2 289.6 33.1 289.3 33.1 289.0 33.1 288.8 33.1 288.5 33.0 288.3 33.0 288.0
  33.1 287.7 33.2 287.4 33.3 287.2 33.4 286.9 33.5 286.6 33.6 286.4 33.6 286.1
  33.7 285.8 33.7 285.6 33.8 285.3 33.8 285.1 33.8 284.9 33.9 284.6 33.9 284.4
  33.9 284.1 33.9 283.9 33.9 283.6 34.0 283.5 34.1 283.3 34.2 283.2 34.2 283.0
  34.2 282.9 34.3 282.8 34.3 282.7 34.3 282.6 34.3 282.5 34.2 282.4 34.2 282.4
  34.1 282.3 34.1 282.2 34.1 282.1 34.0 282.0 34.0 281.9 34.0 281.8 34.0 281.7
  34.0 281.7 34.0 281.8 34.0 281.8 34.0 281.8 34.0 281.7 34.1 281.5 34.1 281.4
  34.1 281.3 34.2 281.2 34.3 281.1 34.4 281.0 34.5 281.0 34.6 280.9 34.7 280.9
  34.8 280.9 34.9 280.8 35.0 280.8 35.2 280.8 35.3 280.9 35.4 280.9 35.5 280.9
  35.6 281.0 35.7 281.0 35.8 281.1 35.9 281.1 36.0 281.2 36.1 281.1 36.2 281.0
  36.3 280.9 36.4 280.9 36.5 280.8 36.6 280.7 36.7 280.6 36.8 280.5 36.9 280.4
  37.0 280.4 37.1 280.3 37.2 280.2 37.3 280.2 37.4 280.1 37.6 280.0 37.7 280.0
  37.7 279.9 37.8 279.9 37.9 279.9 37.9 279.8 38.0 279.8 38.0 279.8 38.1 279.6
  38.1 279.5 38.2 279.3 38.2 279.2
  10  2 78  0.0
  72.5 321.4 72.3 322.8 72.1 324.3 71.8 325.7 71.6 327.3 71.4 328.9 71.1 330.5
  70.9 332.0 70.7 333.4 70.5 334.7 70.3 335.8 70.0 336.7 69.8 337.5 69.5 338.5
  69.2 339.3 68.9 340.0 68.6 340.5 68.3 340.9 68.0 341.2 67.7 341.3 67.4 341.4
  67.1 341.3 66.8 341.2 66.6 341.1 66.3 340.9 66.1 340.7 65.9 340.4 65.7 339.9
  65.4 339.4 65.2 338.9 64.9 338.5 64.7 338.1 64.5 337.8 64.3 337.4 64.1 337.1
  63.9 336.7 63.8 335.9 63.8 335.1 63.7 334.4 63.7 333.6 63.6 332.9 63.6 332.2
  63.5 331.6 63.4 330.9 63.3 330.2 63.2 329.6 63.1 328.9 63.0 328.3 62.9 327.6
  62.8 327.0 62.7 326.3 62.6 325.7 62.5 325.1 62.5 324.4 62.4 323.8 62.3 323.2
  62.1 322.6 62.0 322.1 61.9 321.5 61.7 320.7 61.6 319.9 61.5 319.1 61.4 318.3
  61.3 317.6 61.2 316.8 61.1 316.1 60.9 315.4 60.8 314.7 60.6 313.9 60.4 313.1
  60.3 312.3 60.1 311.5 59.8 310.6 59.5 309.9 59.3 309.1 58.9 308.4 58.6 307.6
  58.3 306.9 57.9 306.1 57.6 305.3 57.2 304.5 56.8 303.6 56.6 302.6 56.3 301.6
  56.0 300.6 55.7 299.5 55.5 298.5 55.3 297.5 55.0 296.5 54.7 295.6 54.6 294.7
  54.4 293.8 54.3 293.0 54.1 292.1 53.9 291.2 53.8 290.4 53.7 289.6 53.6 288.8
  53.4 288.0 53.2 287.2 53.1 286.4 53.0 285.6 52.9 284.8 52.7 284.0 52.7 283.2
  52.7 282.4 52.7 281.6 52.7 280.8 52.7 280.0 52.7 279.3 52.8 278.6 53.0 278.0
  53.1 277.4 53.2 276.9 53.3 276.3 53.3 275.8 53.4 275.4 53.5 274.9 53.6 274.4
  53.6 274.0 53.6 273.5 53.5 273.1 53.5 272.6 53.5 272.2 53.4 271.7 53.6 271.1
  53.7 270.6 53.8 270.0 53.9 269.4 54.0 268.8 54.0 268.1 54.1 267.6 54.2 267.1
  54.3 266.5 54.3 266.0 54.4 265.4 54.5 264.8 54.5 264.2 54.5 263.6 54.7 262.9
  54.8 262.3 54.9 261.6 55.0 260.9 55.2 260.1 55.3 259.3 55.5 258.4 55.7 257.6
  55.9 256.7 56.0 255.9 56.2 255.2 56.3 254.6 56.5 253.9 56.6 253.3 56.7 252.7
  56.8 252.0 56.8 251.4 56.9 250.8 56.9 250.2 56.9 249.6 56.9 249.1 57.0 248.5
  57.0 247.9 56.9 247.3 56.9 246.8 56.8 246.3 56.7 245.8 56.6 245.3 56.5 244.8
  56.3 244.4 56.2 244.0 56.0 243.6 55.9 243.2 55.7 242.8 55.6 242.4 55.4 242.1
  55.3 241.7 55.2 241.3 55.0 241.0 54.9 240.6 54.8 240.3 54.6 239.9 54.4 239.6
  54.2 239.3 54.0 238.9 53.8 238.6 53.6 238.2 53.4 237.9 53.2 237.5 53.0 237.2
  52.8 236.9 52.6 236.6 52.3 236.4 52.1 236.1 51.9 235.8 51.7 235.4 51.4 235.0
  51.2 234.6 51.0 234.2 50.7 233.8 50.5 233.3 50.3 232.8 50.1 232.4 49.9 231.8
  49.7 231.1 49.5 230.4 49.3 229.7 49.1 229.0 48.9 228.3 48.7 227.7 48.5 227.1
  48.3 226.5 48.1 226.0 47.9 225.4 47.7 224.7 47.5 224.0 47.4 223.4 47.3 222.7
  47.2 222.0 47.2 221.4 47.1 220.7 47.1 220.0 47.0 219.3 47.0 218.6 46.9 217.9
  46.9 217.2 46.9 216.5 46.9 215.8 47.0 215.1 47.0 214.4 47.1 213.7 47.2 213.0
  47.3 212.2 47.4 211.4 47.7 210.6 47.9 209.7 48.2 208.8 48.4 208.0 48.7 207.3
  49.1 206.5 49.5 205.7 49.9 204.9
  10  3 78  0.0
  72.5 321.4 72.7 321.8 72.9 322.1 73.0 322.5 73.2 322.9 73.3 323.2 73.4 323.5
  73.5 323.8 73.5 324.1 73.6 324.3 73.7 324.5 73.8 324.7 73.8 324.9 73.9 325.0
  74.0 325.3 74.0 325.7 74.0 326.2 73.9 326.9 73.8 327.8 73.7 328.8 73.7 330.0
  73.6 331.2 73.4 332.5 73.3 333.9 73.1 335.5 73.0 337.1 72.8 338.6 72.6 339.9
  72.5 341.1 72.3 342.1 72.1 342.9 71.9 343.5 71.8 344.4 71.6 345.1 71.4 345.7
  71.1 346.0 70.9 346.2 70.7 346.2 70.4 346.2 70.2 346.2 69.9 346.1 69.7 346.2
  69.4 346.3 69.2 346.3 69.0 346.2 68.8 346.1 68.6 346.0 68.4 345.8 68.2 345.6
  68.0 345.3 67.9 345.0 67.7 344.7 67.6 344.4 67.5 344.0 67.3 343.7 67.2 343.4
  67.0 343.1 66.9 342.8 66.7 342.5 66.6 342.2 66.5 341.9 66.4 341.6 66.3 341.3
  66.2 341.0 66.1 340.8 66.0 340.5 66.0 340.3 65.9 340.0 65.8 339.7 65.8 339.4
  65.7 339.1 65.6 338.8 65.6 338.5 65.5 338.2 65.5 337.8 65.5 337.5 65.5 337.2
  65.5 336.9 65.5 336.5 65.6 336.2 65.6 335.9 65.6 335.5 65.7 335.2 65.7 334.9
  65.8 334.5 65.9 334.2 65.9 333.8 66.0 333.4 66.1 333.1 66.2 332.8 66.2 332.5
  66.3 332.1 66.4 331.8 66.4 331.4 66.4 331.0 66.4 330.6 66.4 330.2 66.4 329.8
  66.4 329.4 66.4 329.0 66.4 328.7 66.5 328.4 66.5 328.1 66.6 327.8 66.6 327.6
  66.6 327.4 66.6 327.1 66.6 326.9 66.7 326.7 66.7 326.5 66.7 326.4 66.8 326.3
  66.9 326.2 66.9 326.2 67.0 326.3 67.1 326.4 67.2 326.5 67.3 326.7 67.4 327.0
  67.5 327.3 67.6 327.7 67.8 328.2 67.9 328.6 68.0 329.0 68.1 329.4 68.1 329.7
  68.2 330.0 68.2 330.2 68.2 330.4 68.2 330.4 68.2 330.5 68.2 330.4 68.2 330.4
  68.1 330.2 68.0 330.1 68.0 330.0 68.0 329.9 68.0 329.8 68.0 329.8 68.0 329.8
  68.1 329.8 68.1 329.9 68.2 330.0 68.3 330.2 68.4 330.3 68.5 330.5 68.6 330.7
  68.7 330.9 68.8 331.0 68.9 331.0 68.9 331.1 69.0 331.1 69.0 331.1 69.1 331.0
  69.1 330.9 69.1 330.7 69.1 330.5 69.1 330.3 69.1 330.1 69.1 330.0 69.1 330.0
  69.2 330.0 69.2 330.0 69.3 330.2 69.3 330.4 69.4 330.7 69.4 331.1 69.5 331.6
  69.6 332.2 69.7 332.9 69.9 333.7 70.0 334.6 70.2 335.4 70.4 336.3 70.6 337.3
  70.8 338.5 71.0 339.7 71.1 341.1 71.3 342.7 71.5 344.4 71.7 346.2 71.9 348.2
  72.0 350.2 72.1 352.1 72.2 353.5 72.3 354.8 72.4 356.2 72.5 357.5 72.5 358.8
  72.6   0.0 72.7   0.4 72.8   0.8 72.8   1.2 72.9   1.6 73.0   2.0 73.1   2.3
  73.2   2.7 73.2   3.1 73.3   3.4 73.3   3.8 73.4   4.1 73.4   4.4 73.5   4.7
  73.5   5.0 73.5   5.3 73.5   5.6 73.5   5.9 73.5   6.1 73.5   6.3 73.6   6.5
  73.6   6.7 73.6   6.8 73.5   6.9 73.5   7.0 73.5   7.1 73.5   7.1 73.5   7.1
  73.5   7.1 73.5   7.1 73.5   7.1 73.4   7.1 73.4   7.1 73.4   7.1 73.4   7.1
  73.4   7.0 73.4   7.0 73.4   6.9 73.4   6.9 73.4   6.8 73.4   6.8 73.4   6.7
  73.5   6.6 73.5   6.5 73.6   6.4 73.7   6.3 73.7   6.2 73.8   6.0 74.0   5.9
  74.1   5.7 74.2   5.5 74.4   5.3
  10  4 78  0.0
  72.5 321.4 72.3 321.4 72.1 321.5 71.9 321.6 71.8 321.8 71.6 322.0 71.6 322.2
  71.5 322.5 71.4 322.9 71.4 323.3 71.4 323.7 71.4 324.2 71.4 324.8 71.4 325.5
  71.4 326.1 71.5 326.8 71.5 327.6 71.6 328.4 71.7 329.2 71.8 330.2 71.9 331.2
  72.0 332.4 72.1 333.7 72.3 334.6 72.4 335.7 72.5 336.8 72.7 338.0 72.8 339.2
  73.0 340.5 73.1 341.8 73.2 343.2 73.3 344.5 73.3 345.9 73.3 347.3 73.3 348.6
  73.2 349.9 73.1 351.1 73.0 352.2 72.8 353.2 72.6 354.2 72.4 355.2 72.2 356.0
  71.9 356.8 71.7 357.4 71.5 358.0 71.2 358.6 71.0 359.1 70.7 359.6 70.4 360.0
  70.1   0.3 69.9   0.4 69.7   0.5 69.5   0.5 69.3   0.6 69.1   0.6 69.0   0.6
  68.8   0.6 68.7   0.6 68.5   0.5 68.4   0.5 68.3   0.4 68.2   0.4 68.1   0.3
  68.0   0.3 68.0   0.2 67.9   0.0 67.9 359.9 67.8 359.4 67.8 358.9 67.7 358.4
  67.7 357.9 67.7 357.4 67.7 356.8 67.7 356.3 67.7 355.8 67.7 355.3 67.7 354.9
  67.6 354.5 67.6 354.2 67.6 353.9 67.6 353.6 67.5 353.4 67.5 353.1 67.5 353.0
  67.5 352.8 67.4 352.7 67.4 352.6 67.4 352.6 67.4 352.6 67.3 352.7 67.3 352.8
  67.3 352.9 67.3 353.1 67.2 353.4 67.2 353.7 67.2 354.0 67.2 354.4 67.1 354.8
  67.1 355.2 67.1 355.7 67.0 356.2 66.9 356.8 66.8 357.3 66.7 357.8 66.6 358.4
  66.4 358.9 66.3 359.4 66.1 360.0 65.9   0.5 65.7   0.8 65.4   1.1 65.1   1.4
  64.8   1.6 64.5   1.9 64.1   2.1 63.7   2.3 63.3   2.5 62.9   2.7 62.4   2.8
  61.9   2.9 61.4   3.0 60.9   3.0 60.4   3.0 59.9   3.1 59.5   3.0 59.1   2.9
  58.8   2.8 58.5   2.7 58.3   2.6 58.2   2.5 58.1   2.4 58.0   2.3 58.0   2.2
  58.1   2.0 58.1   1.9 58.2   1.8 58.3   1.6 58.4   1.5 58.5   1.3 58.7   1.2
  58.8   1.0 59.0   0.9 59.1   0.7 59.3   0.5 59.5   0.4 59.7   0.2 59.9   0.0
  60.0 359.9 60.3 359.6 60.5 359.4 60.7 359.1 60.9 358.8 61.1 358.6 61.2 358.3
  61.4 358.0 61.6 357.6 61.7 357.3 61.9 356.9 62.0 356.5 62.1 356.1 62.2 355.9
  62.4 355.6 62.6 355.4 62.8 355.1 63.0 354.8 63.1 354.4 63.2 354.1 63.3 353.7
  63.4 353.4 63.4 353.0 63.5 352.6 63.5 352.1 63.5 351.7 63.7 351.1 63.8 350.6
  63.9 350.1 64.1 349.5 64.2 349.4 64.3 349.3 64.4 349.2 64.4 349.1 64.5 349.0
  64.5 348.9 64.6 348.9 64.6 348.8 64.6 348.8 64.6 348.7 64.5 348.7 64.5 348.7
  64.4 348.7 64.3 348.7 64.2 348.8 64.0 348.8 63.8 348.9 63.7 348.3 63.5 347.6
  63.4 346.9 63.3 346.2 63.2 345.4 63.1 344.6 63.0 343.8 63.0 342.9 63.0 342.0
  62.9 341.2 62.9 340.3 62.8 339.5 62.9 338.8 62.9 338.1 62.9 337.4 62.9 336.9
  62.9 336.3 62.9 335.8 62.9 335.3 63.0 334.9 63.0 334.6 63.0 334.2 63.0 333.9
  62.9 333.7 62.9 333.4 62.8 333.2 62.7 333.1 62.6 333.0 62.4 332.9 62.3 332.8
  62.1 332.7 61.9 332.7 61.7 331.8 61.7 330.9 61.6 330.0 61.5 329.1 61.5 328.3
  61.4 327.5 61.4 326.8 61.4 326.1 61.4 325.4 61.4 324.7 61.4 324.1 61.4 323.5
  61.5 322.8 61.6 322.1 61.7 321.3
  10  5 78  0.0
  72.5 321.4 72.6 320.6 72.6 319.8 72.7 319.0 72.8 318.3 72.8 317.7 72.8 317.1
  72.8 316.6 72.8 316.2 72.8 315.9 72.9 315.6 72.9 315.4 72.9 315.2 73.0 315.1
  73.0 315.0 73.0 314.9 73.0 314.8 73.0 314.7 73.0 314.6 72.9 314.5 72.9 314.3
  72.8 314.2 72.7 314.0 72.6 313.8 72.5 313.7 72.4 313.5 72.3 313.3 72.2 313.1
  72.1 312.9 72.1 312.8 72.1 312.7 72.1 312.5 72.1 312.4 72.1 312.3 72.2 312.3
  72.3 312.2 72.3 312.2 72.4 312.1 72.5 312.1 72.6 312.0 72.7 312.0 72.8 311.9
  72.9 311.7 72.9 311.6 73.0 311.5 73.1 311.3 73.1 311.1 73.2 310.9 73.3 310.7
  73.3 310.5 73.4 310.2 73.5 310.0 73.5 309.7 73.6 309.5 73.6 309.2 73.7 308.9
  73.7 308.6 73.8 308.3 73.8 308.0 73.8 307.7 73.9 307.3 74.0 307.0 74.0 306.6
  74.1 306.0 74.2 305.4 74.2 304.8 74.2 304.2 74.3 303.5 74.3 302.8 74.4 302.1
  74.4 301.4 74.5 300.7 74.5 299.9 74.5 299.0 74.5 298.2 74.5 297.3 74.5 296.4
  74.5 295.5 74.6 294.6 74.6 293.7 74.6 292.8 74.7 291.9 74.8 291.0 74.9 290.1
  75.0 289.2 75.1 288.3 75.2 287.4 75.4 286.6 75.5 285.8 75.6 285.1 75.8 284.4
  75.9 283.8 76.1 283.2 76.2 283.0 76.3 282.8 76.5 282.5 76.6 282.3 76.7 282.1
  76.7 281.9 76.8 281.6 76.9 281.3 76.9 281.0 76.9 280.7 77.0 280.4 77.0 280.1
  77.0 279.7 77.0 279.4 77.0 279.1 77.0 278.7 77.0 278.4 76.9 278.1 76.9 277.7
  76.9 277.4 76.9 277.0 76.8 276.7 76.8 276.3 76.7 275.9 76.7 275.6 76.6 275.2
  76.5 274.8 76.4 274.4 76.3 273.9 76.2 273.5 76.1 273.2 76.0 272.8 76.0 272.5
  75.9 272.5 75.9 272.6 75.9 272.7 75.9 272.8 75.9 273.0 75.9 273.2 75.9 273.5
  75.9 273.8 75.9 274.2 76.0 274.7 76.0 275.3 76.1 275.5 76.2 275.7 76.2 276.1
  76.3 276.5 76.4 276.9 76.5 277.4 76.6 278.0 76.7 278.7 76.8 279.4 77.0 280.2
  77.0 281.1 77.1 282.1 77.1 283.0 77.2 284.1 77.2 285.2 77.3 286.4 77.3 287.6
  77.3 288.9 77.3 290.2 77.3 291.6 77.2 293.0 77.2 294.4 77.0 295.6 76.9 296.8
  76.7 297.9 76.5 298.9 76.3 299.9 76.1 300.7 75.8 301.5 75.6 302.1 75.3 302.7
  75.0 303.3 74.7 303.8 74.3 304.3 74.1 304.6 73.8 305.0 73.5 305.4 73.3 305.7
  73.0 306.1 72.8 306.4 72.6 306.6 72.3 306.9 72.1 307.1 71.9 307.3 71.8 307.3
  71.6 307.2 71.3 307.1 71.0 307.0 70.6 306.9 70.2 306.9 69.7 306.8 69.2 306.3
  68.7 305.8 68.1 305.3 67.5 304.8 66.9 304.2 66.4 303.6 65.8 302.9 65.2 302.2
  64.7 301.3 64.2 300.5 63.7 299.6 63.1 298.8 62.6 298.0 62.1 297.1 61.6 296.1
  61.1 295.3 60.7 294.5 60.3 293.6 59.9 292.7 59.5 291.9 59.3 291.2 59.1 290.3
  58.9 289.4 58.7 288.4 58.6 287.3 58.6 286.2 58.6 285.0 58.6 283.8 58.7 282.4
  58.8 281.1 58.9 279.8 59.1 278.4 59.2 277.1 59.4 275.8 59.6 274.5 59.8 273.2
  60.1 272.0 60.3 270.6 60.7 269.3 61.0 268.0 61.4 266.7 61.8 265.5 62.2 264.4
  62.7 263.3 63.1 262.3 63.5 261.3 63.9 260.4 64.3 259.5 64.7 258.7 65.1 257.9
  65.5 257.1 66.0 256.3 66.4 255.5
  10  6 78  0.0
  72.5 321.4 72.6 321.0 72.7 320.5 72.7 320.1 72.8 319.6 73.0 319.1 73.2 318.5
  73.3 317.9 73.5 317.3 73.7 316.7 73.9 316.0 74.1 315.2 74.3 314.4 74.5 313.5
  74.7 312.6 74.9 311.6 74.9 310.7 75.0 309.6 75.0 308.6 75.0 307.5 74.8 306.4
  74.6 305.5 74.3 304.6 74.1 303.8 73.6 303.1 73.2 303.0 72.8 302.8 72.5 302.6
  72.2 302.5 71.9 302.3 71.7 301.9 71.4 301.5 71.3 301.1 71.1 300.7 71.0 300.3
  70.9 299.9 70.9 299.5 70.9 299.1 70.9 298.6 70.8 298.1 70.8 297.5 70.7 297.0
  70.6 296.3 70.5 295.7 70.5 295.0 70.4 294.3 70.3 293.5 70.2 292.8 70.1 292.0
  70.1 291.2 70.1 290.4 70.0 289.6 70.0 288.9 69.9 287.8 69.9 286.7 69.8 285.5
  69.8 284.4 69.7 283.1 69.7 281.9 69.7 280.5 69.6 279.2 69.6 277.7 69.6 276.2
  69.6 274.7 69.6 273.2 69.6 271.6 69.6 270.0 69.5 268.4 69.5 266.9 69.4 265.4
  69.3 263.9 69.3 262.4 69.3 260.9 69.3 259.4 69.3 258.0 69.3 256.5 69.3 255.0
  69.3 253.5 69.4 252.0 69.5 250.4 69.5 248.9 69.6 247.4 69.8 245.9 69.9 244.4
  70.0 243.0 70.1 241.6 70.3 240.5 70.5 239.5 70.7 238.6 70.9 237.7 71.1 236.8
  71.3 235.9 71.6 235.1 71.9 234.3 72.2 233.5 72.5 233.0 72.8 232.5 73.1 232.0
  73.5 231.5 73.8 231.0 74.2 230.4 74.6 230.3 74.9 230.1 75.2 229.9 75.6 229.8
  75.8 229.6 76.1 229.5 76.4 229.8 76.7 230.2 77.0 230.6 77.2 231.0 77.5 231.4
  77.7 231.8 78.0 232.2 78.2 232.6 78.4 233.2 78.6 233.8 78.9 234.4 79.1 235.0
  79.4 235.6 79.7 236.2 79.8 236.7 80.0 237.2 80.1 237.8 80.2 239.2 80.3 240.6
  80.3 241.9 80.2 243.1 80.2 244.2 80.0 245.2 79.8 245.7 79.6 246.1 79.4 246.6
  79.1 247.1 78.8 247.5 78.5 247.9 78.2 248.2 77.9 248.4 77.6 248.2 77.3 248.0
  77.0 247.7 76.7 247.5 76.4 247.3 76.1 247.0 75.8 246.8 75.5 246.1 75.3 245.5
  75.0 244.9 74.8 244.3 74.5 243.6 74.3 243.1 74.0 242.5 73.8 241.9 73.6 241.1
  73.4 240.3 73.2 239.5 73.1 238.7 72.9 237.9 72.8 237.1 72.7 236.3 72.5 235.5
  72.4 234.6 72.4 233.8 72.3 233.0 72.2 232.2 72.2 231.3 72.1 230.5 72.1 229.6
  72.1 228.7 72.0 227.7 71.9 226.7 71.8 226.0 71.7 225.2 71.6 224.5 71.5 223.8
  71.4 223.0 71.3 222.3 71.2 221.5 71.1 220.8 71.0 220.0 70.9 219.2 70.9 218.4
  70.8 217.5 70.8 216.6 70.7 215.6 70.6 214.6 70.6 213.6 70.5 212.5 70.5 211.3
  70.4 210.1 70.4 208.9 70.3 207.6 70.3 206.3 70.3 205.0 70.3 203.7 70.3 202.4
  70.3 201.0 70.3 199.7 70.3 198.3 70.3 197.0 70.3 195.8 70.3 194.5 70.3 193.3
  70.3 192.1 70.2 191.0 70.2 190.0 70.2 189.0 70.2 188.0 70.1 187.2 70.1 186.3
  70.1 185.6 70.0 184.8 70.0 184.1 70.0 183.5 70.0 182.9 69.9 182.3 69.9 181.7
  69.9 181.2 69.9 180.7 69.9 180.3 69.8 180.0 69.8 179.8 69.8 179.6 69.8 179.5
  69.9 179.4 69.9 179.4 69.9 179.4 69.9 179.5 69.9 179.7 69.9 179.9 69.9 180.1
  69.9 180.4 70.0 180.6 70.0 180.9 70.0 181.3 70.1 181.8 70.1 182.2 70.2 182.7
  70.2 183.1 70.3 183.6 70.4 184.1
  10  7 78  0.0
  72.5 321.4 72.3 320.8 72.1 320.3 71.9 319.7 71.7 319.3 71.5 319.0 71.3 318.6
  71.1 318.3 70.9 318.1 70.7 317.9 70.5 317.8 70.3 317.7 70.1 317.6 69.9 317.6
  69.7 317.7 69.6 317.8 69.5 317.9 69.4 318.0 69.3 318.0 69.3 318.1 69.3 318.1
  69.3 318.1 69.4 318.1 69.4 318.0 69.5 318.0 69.6 317.9 69.7 317.8 69.8 317.7
  69.9 317.6 70.1 317.5 70.2 317.2 70.3 316.9 70.5 316.6 70.7 316.3 70.8 315.9
  71.0 315.5 71.1 315.1 71.2 314.7 71.3 314.2 71.4 313.7 71.5 313.2 71.6 312.6
  71.7 312.0 71.8 311.4 71.6 310.8 71.5 310.2 71.3 309.6 71.2 309.0 71.0 308.4
  70.8 307.8 70.4 307.3 70.1 306.8 69.8 306.4 69.5 305.5 69.3 304.7 69.2 303.8
  69.1 302.9 69.1 301.9 69.0 301.0 69.0 300.0 69.1 299.1 69.1 298.1 69.1 297.2
  69.1 296.2 69.1 295.2 69.1 294.2 69.1 293.1 69.1 292.1 69.0 291.0 69.0 289.9
  69.1 288.8 69.1 287.7 69.2 286.6 69.3 285.4 69.4 284.2 69.5 282.9 69.5 281.6
  69.6 280.3 69.7 278.9 69.7 277.5 69.8 276.0 69.8 274.5 69.9 272.9 69.9 271.3
  69.9 269.6 69.9 268.0 69.9 266.4 69.9 264.8 69.9 263.3 69.9 261.8 69.9 260.4
  69.9 259.0 69.9 257.6 69.9 256.2 69.9 254.8 70.0 253.5 70.1 252.4 70.2 251.2
  70.3 250.1 70.4 249.0 70.5 247.8 70.7 246.7 70.9 245.5 71.0 244.3 71.2 243.2
  71.4 242.0 71.6 240.9 71.8 239.8 72.1 238.8 72.4 238.2 72.7 237.7 73.1 237.1
  73.4 236.6 73.7 236.0 74.0 235.5 74.3 234.9 74.7 234.8 75.1 234.7 75.5 234.6
  75.9 234.5 76.2 234.3 76.6 234.5 76.9 234.6 77.3 234.8 77.6 235.0 77.8 235.3
  78.1 235.6 78.4 236.2 78.6 236.8 78.8 237.5 78.9 238.2 79.0 239.0 79.2 239.8
  79.3 240.6 79.3 241.3 79.3 242.0 79.4 242.7 79.4 243.3 79.4 243.8 79.5 244.3
  79.4 244.7 79.4 245.0 79.3 245.3 79.2 245.5 79.1 245.6 79.0 245.7 78.9 245.8
  78.8 246.0 78.6 246.2 78.4 246.3 78.2 246.6 78.0 246.8 77.7 246.6 77.5 246.4
  77.2 246.3 76.9 246.3 76.5 246.2 76.1 246.2 75.7 246.2 75.3 245.7 75.0 245.2
  74.6 244.7 74.3 244.2 74.0 243.7 73.7 242.9 73.4 242.2 73.2 241.5 72.9 240.7
  72.7 240.0 72.4 239.3 72.3 238.6 72.1 237.9 71.9 237.2 71.8 236.4 71.6 235.5
  71.5 234.7 71.4 233.8 71.3 232.9 71.2 232.0 71.1 231.2 71.1 230.3 71.1 229.4
  71.0 228.5 71.0 227.6 71.0 226.7 70.9 225.9 70.9 225.1 70.9 224.2 70.8 223.4
  70.8 222.6 70.8 221.8 70.7 221.0 70.6 220.3 70.6 219.5 70.5 218.7 70.5 217.9
  70.5 217.2 70.4 216.3 70.4 215.5 70.4 214.6 70.4 213.7 70.5 212.8 70.5 211.7
  70.6 210.7 70.6 209.5 70.7 208.3 70.7 207.1 70.7 205.9 70.8 204.6 70.8 203.3
  70.9 202.0 70.9 200.7 71.0 199.4 71.1 198.1 71.2 196.9 71.3 195.6 71.4 194.4
  71.5 193.2 71.6 192.1 71.7 191.0 71.7 189.9 71.8 188.9 71.9 187.9 72.0 187.0
  72.1 186.1 72.3 185.3 72.4 184.5 72.5 183.7 72.7 182.9 72.8 182.1 73.0 181.3
  73.2 180.6 73.3 179.9 73.5 179.3 73.6 178.7 73.8 178.1 73.9 177.6 74.1 177.1
  74.2 176.6 74.4 176.2 74.5 175.8
  10  8 78  0.0
  72.5 321.4 72.3 320.3 72.2 319.2 72.0 318.2 71.9 317.2 71.8 316.2 71.7 315.3
  71.5 314.4 71.4 313.7 71.3 313.0 71.2 312.3 71.1 311.8 70.8 311.3 70.6 310.9
  70.3 310.5 70.1 310.1 69.8 309.7 69.5 309.2 69.3 308.7 69.0 308.1 68.8 307.6
  68.5 307.0 68.1 306.3 67.8 305.7 67.5 305.0 67.2 304.2 67.0 303.5 66.6 302.9
  66.2 302.3 65.9 301.8 65.6 301.4 65.3 300.9 65.0 300.5 64.7 300.2 64.5 299.9
  64.2 299.6 63.9 299.3 63.6 298.9 63.3 298.6 63.0 298.3 62.7 298.0 62.4 297.7
  62.1 297.5 61.7 297.2 61.4 296.9 61.0 296.6 60.7 296.4 60.3 296.1 59.9 295.9
  59.6 295.4 59.3 294.9 59.0 294.4 58.7 293.9 58.4 293.5 58.0 293.1 57.6 292.5
  57.3 291.9 56.9 291.3 56.5 290.8 56.0 290.3 55.5 289.9 55.0 289.4 54.6 288.8
  54.1 288.3 53.6 287.8 53.1 287.4 52.7 286.9 52.3 286.4 51.8 285.9 51.4 285.5
  50.9 285.0 50.4 284.5 49.9 284.1 49.4 283.6 49.1 283.2 48.8 282.7 48.4 282.3
  48.1 281.9 47.7 281.6 47.4 281.1 47.0 280.8 46.6 280.4 46.1 280.0 45.6 279.7
  45.4 279.3 45.2 278.8 45.0 278.4 44.7 278.0 44.5 277.6 44.2 277.2 43.8 276.8
  43.5 276.2 43.1 275.7 43.0 275.1 42.9 274.6 42.7 274.0 42.5 273.5 42.3 273.0
  42.0 272.5 41.8 272.0 41.8 271.4 41.8 270.7 41.7 270.1 41.6 269.5 41.6 268.8
  41.5 268.2 41.3 267.5 41.5 266.9 41.6 266.2 41.7 265.5 41.8 264.8 41.9 264.2
  42.0 263.5 42.4 262.9 42.7 262.3 43.0 261.7 43.3 261.1 43.6 260.6 43.8 260.0
  44.2 259.4 44.5 258.7 44.9 258.1 45.2 257.4 45.6 256.9 45.9 256.3 46.3 255.7
  46.7 255.1 47.1 254.5 47.5 253.8 47.9 253.3 48.2 252.7 48.6 252.1 49.0 251.5
  49.5 250.9 50.0 250.3 50.5 249.8 50.9 249.3 51.4 248.7 51.9 248.2 52.3 247.7
  52.7 247.2 53.1 246.7 53.4 246.2 53.8 245.7 54.2 245.2 54.6 244.8 54.9 244.5
  55.2 244.2 55.6 243.8 55.9 243.5 56.2 243.1 56.5 242.9 56.8 242.7 57.0 242.5
  57.3 242.3 57.5 242.2 57.8 242.0 58.0 241.8 58.2 241.6 58.3 241.4 58.5 241.2
  58.6 241.0 58.7 240.8 58.7 240.6 58.8 240.3 58.8 240.1 58.8 239.8 58.8 239.5
  58.8 239.3 58.8 239.0 58.8 238.7 58.8 238.4 58.8 238.1 58.8 237.8 58.8 237.4
  58.7 237.1 58.7 236.7 58.6 236.4 58.5 236.0 58.5 235.7 58.4 235.3 58.3 235.0
  58.2 234.6 58.1 234.3 58.0 233.9 57.9 233.7 57.7 233.5 57.6 233.2 57.5 233.0
  57.4 232.8 57.2 232.5 57.1 232.2 56.9 232.0 56.7 231.7 56.4 231.4 56.1 231.1
  55.8 230.7 55.6 230.4 55.3 230.1 55.0 229.7 54.7 229.3 54.5 228.9 54.2 228.4
  53.9 227.9 53.5 227.5 53.1 227.1 52.7 226.7 52.3 226.3 51.9 225.9 51.5 225.5
  51.0 225.0 50.6 224.6 50.2 224.1 49.8 223.5 49.4 222.8 49.1 222.1 48.8 221.3
  48.5 220.5 48.1 219.7 47.9 218.9 47.8 218.2 47.6 217.4 47.4 216.7 47.2 216.0
  47.0 215.4 47.0 214.7 46.9 214.0 46.9 213.4 46.8 212.7 46.8 212.1 46.8 211.6
  46.8 211.0 46.9 210.6 46.9 210.1 47.0 209.7 47.1 209.3 47.2 209.0 47.3 208.7
  47.5 208.4 47.7 208.1 47.9 207.9
  10  9 78  0.0
  72.5 321.4 72.1 319.6 71.7 317.9 71.3 316.3 70.9 314.8 70.4 313.5 69.9 312.4
  69.4 311.3 68.9 310.2 68.4 309.3 67.9 308.5 67.4 307.7 66.8 307.1 66.2 306.6
  65.6 306.1 65.0 305.8 64.4 305.6 63.8 305.4 63.2 305.2 62.6 305.1 61.9 305.0
  61.3 304.9 60.7 304.8 60.1 304.8 59.4 304.7 58.7 304.7 58.1 304.6 57.5 304.5
  56.9 304.3 56.4 304.0 55.9 303.8 55.3 303.4 54.8 303.1 54.3 302.8 53.7 302.5
  53.2 302.2 52.6 301.9 51.9 301.7 51.3 301.4 50.7 301.1 50.1 300.7 49.6 300.3
  49.0 300.0 48.5 299.6 47.9 299.3 47.3 299.1 46.8 298.9 46.2 298.7 45.6 298.5
  45.0 298.5 44.5 298.4 44.0 298.4 43.5 298.2 43.1 298.2 42.7 298.1 42.3 297.9
  42.0 297.8 41.7 297.7 41.4 297.5 41.1 297.4 40.8 297.2 40.5 297.0 40.3 296.8
  40.1 296.6 39.9 296.4 39.7 296.2 39.5 296.0 39.4 295.8 39.1 295.7 38.9 295.4
  38.6 295.2 38.4 295.0 38.1 294.8 37.9 294.5 37.6 294.4 37.4 294.3 37.2 294.3
  36.9 294.2 36.7 294.1 36.4 294.0 36.2 293.9 35.9 293.8 35.7 293.8 35.4 293.7
  35.2 293.6 35.0 293.6 34.8 293.5 34.6 293.4 34.4 293.4 34.2 293.3 34.0 293.2
  33.8 293.2 33.7 293.1 33.5 293.0 33.4 293.0 33.2 292.9 33.1 292.9 32.9 292.8
  32.8 292.7 32.7 292.7 32.6 292.6 32.5 292.5 32.4 292.5 32.3 292.4 32.3 292.3
  32.2 292.2 32.2 292.1 32.2 292.0 32.1 291.9 32.1 291.8 32.1 291.7 32.1 291.6
  32.0 291.5 32.0 291.3 32.0 291.2 32.0 291.1 32.0 291.0 32.0 290.9 32.0 290.8
  32.0 290.6 32.0 290.5 32.0 290.4 32.0 290.3 32.0 290.1 32.0 290.0 32.0 289.9
  31.9 289.8 31.9 289.7 31.9 289.6 31.9 289.5 31.9 289.4 31.9 289.3 31.9 289.2
  31.9 289.1 31.9 289.0 31.9 288.9 31.8 288.7 31.8 288.5 31.8 288.3 31.7 288.0
  31.7 287.8 31.9 287.5 32.0 287.1 32.2 286.7 32.3 286.3 32.5 285.9 32.7 285.5
  32.8 285.1 33.0 284.7 33.1 284.3 33.2 283.9 33.4 283.6 33.6 283.2 33.8 282.9
  34.0 282.6 34.2 282.4 34.5 282.2 34.7 282.0 34.9 281.8 35.1 281.6 35.2 281.4
  35.4 281.2 35.5 281.0 35.6 280.8 35.6 280.6 35.7 280.4 35.7 280.2 35.7 279.9
  35.8 279.7 36.0 279.4 36.1 279.2 36.2 278.9 36.3 278.7 36.3 278.5 36.4 278.3
  36.4 278.1 36.4 277.9 36.4 277.6 36.4 277.4 36.4 277.2 36.3 277.0 36.2 276.8
  36.2 276.6 36.1 276.4 36.0 276.1 35.8 275.8 35.9 275.6 35.9 275.3 35.9 275.0
  35.9 274.7 35.9 274.4 35.8 274.1 35.8 273.7 35.8 273.4 35.7 273.1 35.7 272.7
  35.6 272.4 35.6 272.1 35.5 271.9 35.6 271.6 35.6 271.3 35.7 271.1 35.7 270.8
  35.7 270.6 35.8 270.4 35.8 270.2 35.8 270.0 35.8 269.8 35.7 269.6 35.7 269.4
  35.7 269.2 35.7 269.1 35.7 268.9 35.6 268.8 35.6 268.7 35.6 268.6 35.5 268.5
  35.5 268.4 35.4 268.3 35.4 268.3 35.3 268.2 35.3 268.2 35.2 268.2 35.2 268.2
  35.1 268.3 35.1 268.3 35.0 268.4 35.0 268.5 34.9 268.6 34.8 268.7 34.7 268.8
  34.7 268.9 34.6 269.0 34.5 269.1 34.5 269.2 34.4 269.2 34.3 269.3 34.3 269.4
  34.2 269.4 34.2 269.5 34.1 269.5
  10 10 78  0.0
  72.5 321.4 72.5 319.9 72.5 318.5 72.4 317.0 72.2 315.5 71.9 314.1 71.5 313.1
  71.1 312.1 70.7 311.3 70.2 310.5 69.7 309.8 69.2 309.1 68.8 308.6 68.3 308.1
  67.8 307.5 67.4 306.8 67.0 306.1 66.6 305.3 66.1 304.5 65.6 303.7 65.1 303.1
  64.6 302.5 64.0 301.9 63.4 301.6 62.8 301.4 62.1 301.2 61.5 301.0 60.9 300.9
  60.4 300.9 59.8 300.8 59.3 300.8 58.7 300.7 58.2 300.6 57.6 300.5 57.1 300.3
  56.5 300.2 56.0 300.0 55.5 299.8 55.1 299.6 54.7 299.4 54.3 299.1 53.9 298.9
  53.6 298.6 53.2 298.3 52.8 297.9 52.4 297.6 52.0 297.3 51.6 297.0 51.1 296.8
  50.7 296.5 50.2 296.3 49.7 296.0 49.2 295.8 48.8 295.6 48.3 295.3 47.8 295.0
  47.3 294.7 46.9 294.2 46.4 293.8 45.9 293.4 45.5 292.9 45.1 292.3 44.6 291.8
  44.2 291.3 43.8 290.8 43.4 290.3 43.0 289.7 42.7 289.2 42.3 288.7 41.9 288.2
  41.6 287.6 41.3 287.0 41.1 286.3 40.8 285.7 40.6 285.0 40.3 284.3 40.0 283.6
  39.8 282.9 39.6 282.2 39.4 281.5 39.1 280.7 38.8 279.9 38.7 279.0 38.6 278.1
  38.5 277.2 38.3 276.2 38.1 275.3 38.2 274.3 38.2 273.5 38.3 272.6 38.3 271.7
  38.6 270.9 38.9 270.0 39.1 269.2 39.4 268.4 39.7 267.6 40.1 266.8 40.6 266.2
  41.1 265.6 41.6 265.0 42.1 264.5 42.5 264.1 43.0 263.7 43.6 263.2 44.2 262.8
  44.8 262.5 45.4 262.1 46.0 261.8 46.5 261.4 47.0 261.2 47.4 260.9 47.9 260.6
  48.3 260.2 48.7 260.0 49.1 259.8 49.6 259.5 50.0 259.3 50.5 259.1 51.0 258.9
  51.5 258.8 52.0 258.6 52.4 258.4 52.8 258.3 53.2 258.2 53.5 258.1 53.8 258.0
  54.1 257.9 54.3 257.9 54.5 257.9 54.7 258.0 54.9 258.0 55.0 258.1 55.1 258.1
  55.2 258.2 55.2 258.3 55.3 258.4 55.4 258.4 55.4 258.5 55.5 258.5 55.6 258.6
  55.6 258.6 55.7 258.6 55.7 258.6 55.8 258.6 55.8 258.6 55.9 258.5 55.9 258.5
  56.0 258.5 56.1 258.5 56.2 258.6 56.3 258.6 56.4 258.6 56.5 258.7 56.6 258.7
  56.8 258.8 56.9 258.8 57.0 258.8 57.2 258.9 57.3 258.9 57.5 259.0 57.7 259.2
  57.8 259.3 58.0 259.5 58.2 259.5 58.4 259.5 58.7 259.6 58.9 259.7 59.1 259.8
  59.3 259.9 59.5 260.1 59.7 260.3 59.8 260.5 59.8 260.8 59.9 261.0 60.0 261.3
  60.0 261.6 60.1 261.5 60.1 261.4 60.1 261.3 60.1 261.3 60.1 261.2 60.1 261.2
  60.1 261.2 60.0 261.2 60.0 261.1 59.9 261.5 59.8 261.8 59.7 262.0 59.6 262.3
  59.5 262.5 59.3 262.7 59.2 262.9 59.0 263.1 58.8 263.2 58.6 263.3 58.4 263.4
  58.2 263.4 58.0 263.4 57.8 263.4 57.6 263.4 57.4 263.3 57.2 263.2 57.1 263.1
  56.9 263.0 56.7 262.8 56.5 262.6 56.4 262.4 56.2 262.2 56.1 262.0 56.0 261.8
  55.9 261.5 55.8 261.1 55.8 260.8 55.8 260.5 55.8 260.1 55.8 259.7 55.9 259.3
  55.9 258.9 56.0 258.4 56.0 258.0 56.1 257.6 56.2 257.2 56.3 256.7 56.4 256.3
  56.5 255.8 56.5 255.3 56.6 254.8 56.6 254.3 56.7 253.7 56.7 253.1 56.8 252.5
  56.9 251.9 56.9 251.3 56.9 250.6 56.9 249.9 57.0 249.3 57.0 248.6 57.1 247.9
  57.1 247.2 57.1 246.5 57.2 245.8
  10 11 78  0.0
  72.5 321.4 72.2 320.7 72.0 320.0 71.8 319.6 71.6 319.0 71.5 318.5 71.3 317.9
  71.2 317.3 71.1 316.6 71.0 316.0 70.9 315.4 70.7 314.7 70.6 314.0 70.4 313.3
  70.3 312.6 70.1 311.8 69.7 311.0 69.4 310.2 69.1 309.3 68.8 308.3 68.6 307.1
  68.2 305.9 67.7 304.7 67.4 303.5 66.9 302.3 66.5 301.0 66.0 299.8 65.6 298.7
  65.3 297.9 65.0 297.2 64.7 296.4 64.4 295.7 64.3 295.0 64.2 294.2 64.1 293.5
  64.0 292.7 63.9 292.1 63.8 291.5 63.7 290.8 63.7 290.2 63.6 289.5 63.5 288.9
  63.5 288.2 63.4 287.6 63.4 286.9 63.4 286.2 63.5 285.5 63.5 284.8 63.6 284.1
  63.6 283.3 63.8 282.6 63.9 281.9 64.0 281.3 64.2 280.9 64.4 280.5 64.5 280.1
  64.7 279.7 64.9 279.4 65.1 279.2 65.3 278.9 65.5 278.7 65.7 278.5 65.8 278.3
  66.0 278.1 66.2 277.8 66.3 277.6 66.5 277.3 66.6 276.9 66.8 276.6 66.9 276.2
  67.0 275.8 67.1 275.3 67.2 274.9 67.3 274.4 67.3 273.9 67.4 273.3 67.5 272.8
  67.6 272.3 67.7 271.7 67.7 271.2 67.7 270.6 67.7 270.1 67.7 269.6 67.7 269.0
  67.7 268.5 67.8 268.0 67.7 267.4 67.7 266.9 67.7 266.3 67.6 265.8 67.6 265.2
  67.7 264.6 67.7 264.0 67.7 263.4 67.8 262.8 67.9 262.2 68.0 261.5 68.2 260.9
  68.3 260.2 68.5 259.5 68.6 258.9 68.8 258.2 68.9 257.5 69.1 256.8 69.2 256.2
  69.4 255.5 69.5 254.8 69.6 254.1 69.8 253.5 69.9 252.8 70.0 252.2 70.2 251.5
  70.3 250.8 70.4 250.0 70.5 249.3 70.7 248.5 70.8 247.7 70.9 246.9 70.9 246.1
  71.0 245.3 71.0 244.5 71.1 243.7 71.1 242.9 71.1 242.2 71.1 241.4 71.2 240.7
  71.2 240.0 71.2 239.3 71.2 238.7 71.3 238.0 71.3 237.4 71.3 236.8 71.3 236.2
  71.3 235.6 71.3 235.0 71.3 234.6 71.3 234.1 71.3 233.7 71.3 233.3 71.3 233.0
  71.3 232.7 71.4 232.4 71.4 232.1 71.5 231.9 71.6 231.7 71.6 231.5 71.7 231.3
  71.7 231.1 71.8 230.9 71.9 230.7 72.0 230.5 72.1 230.3 72.3 230.1 72.4 229.9
  72.6 229.6 72.7 229.4 72.9 229.1 73.1 228.8 73.3 228.5 73.6 228.2 73.8 227.9
  74.0 227.6 74.3 227.1 74.5 226.7 74.8 226.2 75.1 225.8 75.4 225.4 75.7 225.0
  76.0 224.7 76.4 224.2 76.7 223.7 77.1 223.3 77.4 222.8 77.7 222.3 78.0 221.8
  78.2 221.3 78.6 220.6 78.9 219.8 79.2 219.0 79.4 218.2 79.7 217.4 79.9 216.5
  80.2 215.7 80.5 214.6 80.7 213.6 81.0 212.5 81.3 211.4 81.5 210.3 81.7 209.1
  82.0 207.9 82.2 206.6 82.5 205.0 82.8 203.4 83.0 201.7 83.3 199.9 83.5 198.0
  83.7 195.9 83.9 193.8 84.1 191.5 84.3 189.2 84.5 186.8 84.7 184.2 84.8 181.6
  85.0 178.9 85.1 176.2 85.2 173.5 85.2 170.7 85.3 167.8 85.3 165.0 85.4 162.1
  85.4 159.3 85.4 156.5 85.4 153.7 85.4 151.1 85.3 148.7 85.2 146.5 85.2 144.5
  85.1 142.8 85.0 141.2 84.9 139.7 84.8 138.3 84.7 137.0 84.6 135.7 84.5 134.5
  84.4 133.2 84.3 132.0 84.2 130.8 84.1 129.6 84.0 128.3 83.9 127.1 83.8 127.2
  83.8 127.3 83.8 127.4 83.7 127.4 83.7 127.5 83.7 127.7 83.7 127.8 83.8 127.9
  83.8 128.0 83.8 128.2 83.9 128.3
  10 12 78  0.0
  72.5 321.4 72.2 320.9 71.9 320.4 71.6 320.5 71.3 320.4 71.0 320.3 70.7 320.2
  70.5 319.9 70.3 319.5 70.0 319.1 69.9 318.6 69.7 318.1 69.5 317.6 69.4 317.0
  69.3 316.4 69.1 315.8 69.0 315.3 68.9 314.8 68.8 314.4 68.7 314.0 68.6 313.7
  68.6 313.3 68.5 313.0 68.4 312.8 68.3 312.5 68.2 312.3 68.1 312.1 68.0 311.8
  68.0 311.5 67.9 311.4 67.8 311.4 67.7 311.3 67.6 311.2 67.5 311.1 67.4 311.0
  67.3 310.9 67.2 310.9 67.1 310.8 67.0 310.6 66.9 310.3 66.8 309.9 66.7 309.5
  66.6 308.9 66.5 308.2 66.4 307.4 66.1 306.5 65.8 305.5 65.5 304.9 65.2 304.2
  64.9 303.4 64.4 302.6 64.0 301.9 63.6 301.2 63.3 300.8 63.0 300.4 62.7 300.0
  62.5 299.5 62.3 299.1 62.2 298.6 62.1 298.0 62.0 297.5 61.9 297.0 61.8 296.6
  61.7 296.2 61.5 295.7 61.4 295.3 61.3 294.9 61.2 294.5 61.1 294.1 61.0 293.7
  60.8 293.4 60.7 293.0 60.6 292.5 60.5 292.1 60.3 291.7 60.3 291.2 60.3 290.8
  60.3 290.4 60.3 289.9 60.3 289.5 60.2 289.1 60.2 288.7 60.1 288.3 60.1 287.9
  60.2 287.6 60.3 287.2 60.4 286.9 60.6 286.7 60.7 286.4 60.8 286.3 60.9 286.1
  61.0 286.0 61.1 286.0 61.2 286.0 61.3 286.0 61.4 286.1 61.4 286.2 61.5 286.4
  61.6 286.6 61.6 286.7 61.7 286.8 61.7 286.9 61.7 286.9 61.7 287.0 61.7 287.0
  61.6 287.0 61.6 286.9 61.5 286.8 61.4 286.8 61.3 286.6 61.3 286.5 61.2 286.4
  61.1 286.2 61.0 286.0 61.0 285.8 60.9 285.6 60.9 285.3 60.8 285.0 60.8 284.8
  60.8 284.5 60.8 284.2 60.8 283.8 60.9 283.5 60.9 283.2 61.0 282.9 61.1 282.6
  61.3 282.3 61.4 281.9 61.5 281.6 61.6 281.3 61.8 281.0 61.9 280.6 62.1 280.3
  62.2 279.8 62.4 279.4 62.5 278.9 62.7 278.5 62.8 278.2 63.0 277.8 63.1 277.4
  63.3 277.1 63.4 276.8 63.6 276.5 63.7 276.2 63.8 276.0 63.9 275.7 64.0 275.5
  64.1 274.9 64.3 274.2 64.4 273.6 64.5 273.0 64.6 272.3 64.7 271.7 64.7 271.0
  64.7 270.4 64.8 269.7 64.8 269.1 64.8 268.4 64.8 267.7 64.8 267.1 64.9 266.4
  64.9 265.7 64.9 265.0 64.9 264.3 64.9 263.7 64.9 263.0 65.0 262.4 65.0 261.7
  65.0 261.0 65.1 260.4 65.1 259.7 65.2 259.1 65.2 258.5 65.3 257.9 65.3 257.2
  65.3 256.6 65.3 256.0 65.3 255.5 65.4 254.9 65.4 254.3 65.4 253.8 65.5 253.3
  65.5 252.8 65.5 252.3 65.4 251.7 65.5 251.2 65.6 250.7 65.6 250.2 65.6 249.7
  65.7 249.3 65.7 248.8 65.7 248.4 65.8 247.9 65.9 247.5 66.0 247.1 66.1 246.6
  66.2 246.1 66.3 245.5 66.4 245.0 66.5 244.5 66.5 244.0 66.6 243.4 66.7 243.0
  66.8 242.5 66.9 242.0 66.9 241.5 67.0 241.0 67.1 240.5 67.1 239.9 67.2 239.4
  67.3 238.8 67.4 238.2 67.4 237.6 67.5 237.0 67.6 236.4 67.7 235.8 67.7 235.3
  67.8 234.7 67.9 234.0 68.0 233.4 68.0 232.7 68.1 231.9 68.2 231.1 68.3 230.3
  68.3 229.6 68.4 228.8 68.6 228.1 68.7 227.4 68.8 226.8 69.0 226.1 69.1 225.5
  69.3 224.9 69.4 224.4 69.6 223.9 69.8 223.4 70.0 222.9 70.1 222.4 70.4 222.2
  70.6 221.9 70.8 221.6 71.0 221.4
  10 13 78  0.0
  72.5 321.4 72.4 320.9 72.2 320.4 72.1 319.8 71.9 319.3 71.7 318.8 71.6 318.3
  71.4 317.8 71.3 317.3 71.1 316.8 71.0 316.4 70.9 316.0 70.7 315.5 70.6 315.1
  70.5 314.8 70.3 314.4 70.2 314.2 70.0 313.9 69.8 313.8 69.6 313.7 69.4 313.7
  69.3 313.7 69.1 313.9 68.9 314.0 68.7 314.3 68.5 314.6 68.3 314.8 68.2 315.0
  68.0 315.2 67.9 315.2 67.8 315.1 67.7 315.0 67.6 314.8 67.6 314.6 67.5 314.3
  67.4 314.0 67.4 313.6 67.3 313.2 67.3 312.8 67.2 312.4 67.2 312.1 67.1 311.8
  67.1 311.5 67.1 311.2 67.1 310.9 67.1 310.7 67.1 310.4 67.1 310.2 67.1 310.0
  67.1 309.8 67.1 309.6 67.1 309.4 67.1 309.1 67.1 308.9 67.1 308.6 67.0 308.3
  67.0 308.0 66.9 307.7 66.8 307.4 66.6 307.1 66.5 306.8 66.4 306.4 66.2 306.0
  66.1 305.4 65.9 304.8 65.7 304.6 65.5 304.4 65.4 304.1 65.2 303.6 64.8 303.1
  64.5 302.5 64.1 301.9 63.7 301.2 63.3 300.8 62.9 300.5 62.5 300.2 62.2 299.8
  62.0 299.4 61.8 299.2 61.6 299.0 61.4 298.7 61.3 298.4 61.2 298.0 61.1 297.6
  61.0 297.2 61.0 296.7 60.9 296.3 60.8 295.8 60.7 295.4 60.6 295.0 60.5 294.6
  60.5 294.2 60.4 293.8 60.3 293.4 60.2 293.0 60.1 292.6 60.0 292.1 59.9 291.8
  59.9 291.5 60.0 291.1 60.0 290.8 60.0 290.4 60.0 289.9 60.0 289.5 59.9 289.1
  59.9 288.7 59.8 288.2 59.8 287.7 59.9 287.3 60.0 286.8 60.1 286.6 60.3 286.3
  60.4 286.1 60.5 285.9 60.6 285.8 60.7 285.7 60.8 285.6 60.9 285.6 61.0 285.7
  61.1 285.7 61.2 285.9 61.2 286.0 61.3 286.2 61.4 286.3 61.4 286.4 61.4 286.5
  61.4 286.6 61.4 286.6 61.4 286.6 61.3 286.6 61.3 286.5 61.2 286.5 61.1 286.4
  61.0 286.3 60.9 286.2 60.8 286.0 60.7 285.9 60.7 285.7 60.6 285.5 60.5 285.3
  60.5 285.1 60.4 284.8 60.4 284.5 60.3 284.3 60.3 284.0 60.4 283.6 60.5 283.3
  60.5 283.0 60.6 282.7 60.7 282.4 60.8 282.1 60.9 281.8 61.1 281.5 61.2 281.1
  61.3 280.8 61.5 280.5 61.6 280.1 61.8 279.8 61.9 279.5 62.1 279.2 62.2 278.8
  62.4 278.4 62.5 278.0 62.7 277.7 62.8 277.4 63.0 277.1 63.1 276.8 63.3 276.5
  63.4 276.3 63.5 276.0 63.7 275.8 63.8 275.6 63.9 275.5 64.0 275.3 64.1 275.1
  64.2 274.6 64.3 274.0 64.4 273.4 64.5 272.7 64.6 272.1 64.7 271.5 64.7 270.9
  64.7 270.2 64.7 269.6 64.7 268.9 64.7 268.2 64.7 267.6 64.7 266.9 64.7 266.2
  64.7 265.6 64.6 264.9 64.6 264.3 64.6 263.6 64.6 263.0 64.6 262.3 64.6 261.7
  64.6 261.1 64.6 260.5 64.6 259.9 64.6 259.3 64.7 258.7 64.7 258.1 64.6 257.5
  64.6 257.0 64.6 256.4 64.5 255.9 64.5 255.4 64.5 254.8 64.5 254.3 64.4 253.7
  64.4 253.2 64.3 252.7 64.3 252.2 64.2 251.6 64.2 251.1 64.1 250.6 64.1 250.2
  64.1 249.7 64.0 249.3 64.0 248.8 63.9 248.5 63.8 248.2 63.7 247.9 63.7 247.6
  63.6 247.3 63.5 247.0 63.4 246.7 63.3 246.3 63.2 246.0 63.0 245.7 62.8 245.4
  62.6 245.0 62.4 244.6 62.2 244.2 62.0 243.7 61.9 243.3 61.8 242.7 61.6 242.2
  61.4 241.5 61.3 240.9 61.1 240.2
  10 14 78  0.0
  72.5 321.4 72.6 319.5 72.6 317.6 72.6 315.8 72.4 314.0 72.3 312.4 72.1 310.8
  71.8 309.4 71.5 308.0 71.2 306.6 70.8 305.3 70.4 303.9 70.0 302.5 69.6 301.0
  69.2 299.7 68.8 298.5 68.5 297.3 68.1 296.2 67.7 295.2 67.4 294.4 67.0 293.7
  66.7 292.9 66.4 292.2 66.0 291.5 65.7 290.8 65.5 290.2 65.2 289.6 64.9 289.0
  64.5 288.4 64.1 287.7 64.0 287.1 63.7 286.5 63.5 286.0 63.3 285.4 63.0 284.9
  62.6 284.3 62.3 283.8 62.0 283.4 61.8 282.8 61.5 282.3 61.3 281.8 61.0 281.3
  60.8 280.7 60.5 280.1 60.2 279.5 60.1 278.8 60.0 278.1 59.9 277.5 59.7 277.0
  59.6 276.5 59.4 276.1 59.2 275.6 59.0 275.0 58.9 274.5 58.7 273.9 58.6 273.3
  58.4 272.7 58.1 272.1 57.9 271.4 57.7 270.9 57.4 270.4 57.1 269.9 56.8 269.3
  56.5 268.8 56.2 268.2 55.9 267.5 55.6 266.9 55.4 266.1 55.1 265.4 54.9 264.7
  54.6 263.9 54.5 263.1 54.3 262.4 54.1 261.6 54.0 260.8 53.8 260.0 53.6 259.2
  53.6 258.4 53.6 257.6 53.5 256.9 53.5 256.1 53.4 255.3 53.4 254.6 53.3 253.8
  53.2 253.0 53.1 252.2 53.0 251.4 52.9 250.6 52.8 249.8 52.7 248.9 52.6 248.1
  52.5 247.3 52.4 246.4 52.4 245.6 52.4 244.7 52.3 243.9 52.3 243.1 52.2 242.3
  52.1 241.6 52.0 240.8 51.9 240.0 51.8 239.3 51.6 238.5 51.3 237.8 51.1 237.1
  50.8 236.5 50.5 235.8 50.2 235.2 49.8 234.7 49.5 234.1 49.1 233.6 48.7 233.2
  48.3 232.7 47.8 232.3 47.4 231.9 47.0 231.5 46.7 231.2 46.3 230.8 45.9 230.4
  45.6 230.2 45.2 230.1 44.8 229.9 44.5 229.7 44.1 229.4 43.8 229.2 43.4 228.9
  43.0 228.6 42.7 228.3 42.3 227.9 42.0 227.5 41.7 227.1 41.5 226.7 41.2 226.2
  40.9 225.7 40.5 225.2 40.2 224.7 39.9 224.1 39.6 223.6 39.2 223.1 38.9 222.5
  38.6 221.9 38.2 221.4 37.9 220.8 37.6 220.3 37.2 219.8 36.9 219.3 36.7 218.9
  36.4 218.4 36.2 217.9 35.9 217.4 35.7 216.9 35.5 216.4 35.3 215.9 35.2 215.3
  35.2 214.8 35.1 214.3 35.1 213.7 35.0 213.2 35.0 212.7 34.9 212.1 34.8 211.5
  34.9 211.0 35.0 210.4 35.1 209.8 35.3 209.3 35.4 208.7 35.6 208.2 35.8 207.8
  36.1 207.4 36.3 207.0 36.6 206.7 36.7 206.2 36.9 205.8 37.0 205.2 37.1 204.7
  37.1 204.0 37.1 203.4 37.1 202.7 37.1 202.0 37.1 201.2 37.0 200.5 37.0 199.7
  37.1 199.0 37.3 198.4 37.4 197.8 37.4 197.2 37.5 196.7 37.6 196.3 37.6 195.9
  37.7 195.6 37.7 195.3 37.6 195.0 37.6 194.7 37.5 194.5 37.5 194.3 37.4 194.1
  37.3 193.9 37.3 193.8 37.2 193.6 37.1 193.4 37.0 193.2 37.0 193.0 36.9 192.9
  36.8 192.7 36.8 192.5 36.7 192.4 36.6 192.2 36.6 192.0 36.5 191.8 36.5 191.6
  36.5 191.3 36.5 191.1 36.5 190.8 36.5 190.6 36.6 190.3 36.6 190.0 36.7 189.7
  36.8 189.4 36.8 189.1 36.9 188.7 37.0 188.4 37.0 188.0 37.2 187.6 37.4 187.2
  37.6 186.7 37.8 186.3 38.1 185.9 38.3 185.4 38.6 185.0 38.9 184.5 39.1 184.0
  39.4 183.6 39.7 183.1 40.0 182.7 40.2 182.3 40.5 181.7 40.8 181.1 41.0 180.5
  41.3 179.8 41.4 179.2 41.6 178.5
  10 15 78  0.0
  72.5 321.4 72.0 319.9 71.7 318.4 71.3 317.2 71.0 316.0 70.6 314.9 70.3 313.9
  70.0 312.9 69.6 312.1 69.3 311.4 68.9 310.7 68.6 310.2 68.2 309.7 67.7 309.2
  67.3 308.8 66.9 308.3 66.4 308.0 65.9 307.6 65.4 307.3 64.9 307.0 64.3 306.8
  63.7 306.6 63.1 306.3 62.5 306.1 61.8 305.9 61.2 305.5 60.6 305.1 59.9 304.7
  59.4 304.2 58.8 303.7 58.2 303.2 57.6 302.7 57.1 302.1 56.6 301.5 56.0 301.0
  55.5 300.5 55.0 299.8 54.5 299.2 54.0 298.5 53.5 297.8 53.1 297.1 52.6 296.4
  52.2 295.7 51.8 295.0 51.3 294.4 50.9 293.7 50.5 293.1 50.1 292.5 49.7 291.9
  49.3 291.2 48.8 290.6 48.4 290.0 48.0 289.4 47.6 288.7 47.2 288.0 46.8 287.3
  46.3 286.7 45.9 286.0 45.4 285.2 45.0 284.5 44.6 283.7 44.2 282.9 43.8 282.1
  43.4 281.3 43.1 280.5 42.7 279.7 42.5 278.9 42.2 278.2 41.9 277.4 41.7 276.7
  41.4 276.1 41.1 275.4 40.9 274.8 40.7 274.2 40.5 273.6 40.3 273.1 40.1 272.5
  39.8 271.9 39.8 271.4 39.8 270.8 39.8 270.3 39.7 269.8 39.7 269.3 39.6 268.8
  39.5 268.2 39.3 267.7 39.5 267.2 39.7 266.7 39.8 266.3 40.0 265.8 40.1 265.4
  40.2 265.1 40.4 264.8 40.5 264.5 40.6 264.3 40.7 264.0 40.8 263.8 41.1 263.6
  41.4 263.4 41.7 263.3 42.0 263.1 42.2 262.8 42.5 262.7 42.7 262.5 43.0 262.3
  43.2 262.2 43.4 262.1 43.7 261.9 43.9 261.8 44.1 261.8 44.4 261.7 44.6 261.5
  44.9 261.4 45.1 261.3 45.4 261.2 45.7 261.1 45.9 261.0 46.2 260.9 46.5 260.8
  46.7 260.6 47.0 260.4 47.3 260.3 47.5 260.1 47.7 259.9 48.0 259.7 48.3 259.4
  48.6 259.2 48.9 259.0 49.2 258.8 49.5 258.6 49.8 258.4 50.1 258.2 50.4 258.0
  50.7 257.8 51.1 257.6 51.4 257.4 51.7 257.2 52.0 257.0 52.3 256.8 52.6 256.5
  52.9 256.2 53.2 256.0 53.4 255.8 53.7 255.5 53.9 255.3 54.2 255.1 54.5 254.8
  54.7 254.5 55.0 254.2 55.2 253.8 55.5 253.4 55.7 253.0 55.9 252.6 56.1 252.1
  56.3 251.6 56.6 251.1 56.9 250.5 57.2 249.9 57.5 249.3 57.7 248.8 57.9 248.2
  58.1 247.6 58.2 247.0 58.4 246.4 58.5 245.8 58.5 245.2 58.6 244.6 58.6 244.0
  58.7 243.5 58.7 242.9 58.7 242.4 58.7 241.8 58.6 241.2 58.6 240.6 58.6 240.0
  58.6 239.4 58.5 238.8 58.4 238.1 58.3 237.5 58.2 236.8 58.1 236.2 57.9 235.6
  57.8 235.1 57.5 234.6 57.3 234.2 57.1 233.8 56.9 233.4 56.6 233.0 56.3 232.6
  56.0 232.3 55.7 232.0 55.3 231.9 54.9 231.8 54.4 231.7 53.9 231.7 53.5 231.7
  53.1 231.6 52.6 231.6 52.2 231.5 51.7 231.5 51.2 231.4 50.7 231.3 50.2 231.3
  49.7 231.2 49.2 231.1 48.7 231.0 48.2 230.8 47.7 230.7 47.3 230.6 46.9 230.6
  46.5 230.5 46.2 230.4 45.8 230.3 45.5 230.2 45.3 230.1 45.0 230.0 44.8 229.9
  44.6 229.8 44.5 229.7 44.3 229.6 44.2 229.6 44.2 229.5 44.1 229.4 44.1 229.3
  44.1 229.2 44.2 229.2 44.2 229.1 44.3 229.0 44.4 228.9 44.6 228.9 44.7 228.8
  44.8 228.7 44.9 228.6 45.1 228.5 45.2 228.3 45.3 228.2 45.4 228.1 45.5 227.9
  45.4 227.8 45.2 227.6 45.1 227.5
  10 16 78  0.0
  72.5 321.4 72.8 320.3 73.1 319.0 73.3 317.7 73.5 316.2 73.6 314.6 73.6 313.0
  73.6 311.4 73.5 309.9 73.3 308.4 73.1 307.1 72.7 305.8 72.2 304.6 71.7 303.4
  71.2 302.3 70.6 301.2 70.1 300.2 69.5 299.3 69.1 298.3 68.6 297.3 68.1 296.4
  67.6 295.6 67.2 294.7 66.8 293.9 66.3 293.2 65.9 292.6 65.4 291.8 65.1 291.0
  64.8 290.2 64.5 289.4 64.2 288.7 64.0 287.9 63.9 286.7 63.8 285.6 63.7 284.4
  63.7 283.2 63.6 282.0 63.6 280.8 63.6 279.7 63.7 278.6 63.7 277.5 63.8 276.5
  63.9 275.4 64.0 274.4 64.2 273.6 64.3 272.9 64.5 272.1 64.6 271.2 64.8 270.4
  64.9 269.4 65.0 268.5 65.2 267.5 65.3 266.4 65.4 265.4 65.5 264.3 65.5 263.1
  65.7 262.0 65.8 260.7 65.9 259.5 66.0 258.1 66.2 256.9 66.3 255.6 66.5 254.3
  66.7 253.0 66.8 251.6 67.1 250.2 67.4 248.8 67.6 247.4 67.8 246.0 68.1 244.6
  68.3 243.3 68.6 241.9 68.8 240.6 69.0 239.2 69.2 237.9 69.5 236.5 69.7 235.2
  69.9 234.0 70.2 232.7 70.4 231.5 70.7 230.3 71.0 229.2 71.2 228.0 71.5 226.8
  71.9 225.7 72.2 224.7 72.5 223.9 72.8 223.1 73.2 222.3 73.5 221.5 73.8 220.8
  74.0 220.0 74.4 219.4 74.7 218.9 75.0 218.3 75.3 217.8 75.5 217.2 75.8 216.7
  76.0 216.2 76.3 216.1 76.5 215.9 76.8 215.7 77.1 215.5 77.4 215.3 77.6 215.1
  77.9 214.9 78.1 214.7 78.3 215.1 78.6 215.5 78.8 216.0 79.0 216.3 79.1 216.5
  79.3 216.6 79.6 216.5 79.8 216.3 80.0 216.0 80.4 216.2 80.7 216.4 81.0 216.4
  81.4 216.2 81.7 216.0 82.2 215.5 82.7 215.9 83.2 216.1 83.6 216.1 83.9 215.9
  84.3 215.5 84.8 215.5 85.2 215.3 85.6 214.9 85.9 214.3 86.2 213.4 86.6 214.7
  87.0 216.5 87.3 218.3 87.6 220.0 87.8 221.8 88.1 223.5 88.5 225.5 88.8 227.8
  89.1 230.8 89.4 235.9 89.6 247.1 89.7 278.3 89.6 337.1 89.5  18.5 89.2  18.5
  88.9  18.6 88.6  18.7 88.3  18.7 88.1  18.7 87.8  18.8 87.6  18.8 87.4  18.8
  87.2  18.9 87.1  18.9 86.9  18.9 86.7  18.9 86.5  18.9 86.4  18.9 86.2  18.9
  86.0  18.9 85.9  18.8 85.8  18.7 85.7  18.5 85.6  18.4 85.6  18.3 85.5  18.2
  85.5  18.1 85.5  18.0 85.4  17.9 85.4  17.8 85.3  17.7 85.3  17.6 85.2  17.4
  85.2  17.3 85.1  17.2 85.1  17.0 85.0  16.9 85.0  16.7 84.9  16.6 84.8  16.4
  84.8  16.2 84.7  16.1 84.7  15.9 84.6  15.8 84.6  15.6 84.5  15.5 84.5  15.3
  84.5  15.2 84.5  15.0 84.5  14.9 84.5  14.8 84.5  14.6 84.5  14.5 84.5  14.4
  84.5  14.2 84.4  14.1 84.4  14.0 84.4  13.8 84.4  13.7 84.4  13.6 84.4  13.4
  84.4  13.3 84.4  13.2 84.3  13.0 84.3  12.9 84.3  12.8 84.3  12.6 84.3  12.5
  84.3  12.4 84.2  12.3 84.2  12.1 84.2  12.0 84.2  11.9 84.2  11.8 84.2  11.7
  84.2  11.6 84.2  11.5 84.2  11.4 84.3  11.3 84.3  11.2 84.3  11.1 84.4  10.9
  84.4  10.8 84.5  10.7 84.6  10.6 84.6  10.5 84.7  10.4 84.8  10.3 84.9  10.2
  84.9  10.1 85.0  10.0 85.0   9.9 85.1   9.9 85.1   9.8 85.1   9.8 85.1   9.8
  85.0   9.8 85.0   9.8 85.0   9.8
  10 17 78  0.0
  72.5 321.4 72.1 320.5 71.7 319.8 71.4 318.6 71.0 317.6 70.7 316.7 70.4 315.8
  70.1 315.0 69.8 314.2 69.5 313.3 69.2 312.5 68.9 311.6 68.5 310.9 68.1 310.1
  67.7 309.4 67.4 308.6 67.0 307.8 66.6 307.0 66.2 306.2 65.8 305.3 65.4 304.6
  65.0 303.9 64.6 303.1 64.2 302.4 63.8 301.7 63.3 301.2 62.9 300.7 62.4 300.1
  61.9 299.5 61.5 299.1 61.1 298.6 60.7 298.1 60.3 297.5 59.8 296.9 59.4 296.5
  59.0 296.1 58.5 295.6 58.2 295.1 57.8 294.5 57.5 294.2 57.2 293.7 56.8 293.3
  56.5 292.7 56.2 292.2 55.8 291.6 55.6 291.2 55.4 290.8 55.1 290.4 54.8 290.0
  54.6 289.5 54.3 289.1 54.1 288.6 53.8 288.1 53.6 287.8 53.4 287.5 53.3 287.2
  53.1 286.8 53.0 286.4 52.9 286.0 52.7 285.5 52.6 285.1 52.5 284.6 52.4 284.1
  52.2 283.6 52.2 283.1 52.3 282.5 52.3 282.0 52.3 281.4 52.4 280.9 52.5 280.3
  52.6 279.7 52.8 279.1 53.1 278.5 53.4 277.8 53.7 277.2 54.0 276.6 54.3 276.1
  54.7 275.6 55.0 275.1 55.4 274.6 55.8 274.2 56.2 273.7 56.7 273.3 57.1 273.0
  57.5 272.7 58.0 272.4 58.4 272.1 58.9 271.8 59.2 271.6 59.6 271.3 59.9 271.1
  60.3 270.9 60.6 270.6 60.9 270.2 61.2 269.9 61.4 269.6 61.7 269.3 62.0 269.1
  62.2 268.8 62.5 268.3 62.7 267.9 63.0 267.4 63.2 267.0 63.5 266.6 63.7 266.2
  64.0 265.7 64.2 265.3 64.5 264.7 64.8 264.1 65.1 263.5 65.3 262.8 65.5 262.2
  65.7 261.5 65.9 260.8 66.1 260.1 66.3 259.4 66.5 258.7 66.7 258.0 66.9 257.4
  67.1 256.7 67.3 256.0 67.5 255.4 67.6 254.7 67.8 254.1 67.9 253.5 68.1 252.8
  68.3 252.2 68.5 251.6 68.7 251.0 68.8 250.5 69.0 249.9 69.1 249.4 69.3 248.9
  69.4 248.4 69.6 247.9 69.8 247.4 69.9 247.0 70.0 246.5 70.2 246.1 70.4 245.7
  70.5 245.3 70.8 245.0 71.0 244.7 71.2 244.3 71.5 244.1 71.7 243.8 71.9 243.5
  72.1 243.3 72.3 243.0 72.6 242.7 72.8 242.4 73.0 242.2 73.3 242.0 73.6 241.9
  73.8 241.9 74.1 241.9 74.4 241.8 74.7 241.7 74.9 241.7 75.2 241.6 75.4 241.7
  75.6 241.7 75.8 241.8 76.0 241.9 76.2 241.5 76.5 241.0 76.7 240.6 76.9 240.2
  77.1 239.8 77.3 239.4 77.5 239.1 77.7 238.7 77.9 238.3 78.2 238.0 78.4 237.4
  78.7 236.8 78.9 236.3 79.2 235.8 79.5 235.3 79.7 234.9 80.0 234.5 80.3 234.0
  80.7 233.4 81.0 232.6 81.3 231.7 81.6 230.6 81.9 229.4 82.2 227.9 82.6 226.3
  83.0 224.6 83.4 222.7 83.8 220.5 84.2 218.1 84.8 216.7 85.2 215.0 85.6 212.9
  86.0 210.4 86.3 207.4 86.8 206.1 87.1 204.5 87.5 202.3 87.7 199.5 87.9 195.9
  88.1 191.5 88.4 185.9 88.5 179.1 88.7 170.4 88.9 159.7 89.0 146.9 89.1 132.3
  89.1 116.9 89.0 102.0 89.0  88.8 88.9  79.0 88.8  78.9 88.6  78.7 88.5  78.6
  88.4  78.5 88.2  78.3 88.0  78.2 87.8  78.1 87.6  78.0 87.5  77.9 87.2  77.8
  87.0  77.7 86.7  77.6 86.5  77.5 86.1  77.4 85.7  77.3 85.5  77.3 85.2  77.3
  85.0  77.3 84.7  77.2 84.4  77.2 84.1  77.1 83.9  77.0 83.7  77.0 83.4  76.9
  83.2  76.9 83.0  76.8 82.8  76.8
  10 18 78  0.0
  72.5 321.4 72.9 320.4 73.4 319.4 73.7 318.3 74.1 317.1 74.4 316.1 74.7 315.0
  75.0 314.0 75.2 312.9 75.4 311.9 75.6 310.9 75.7 309.9 75.9 309.0 76.0 308.0
  76.2 307.5 76.3 307.0 76.4 306.6 76.5 306.3 76.6 306.2 76.6 306.1 76.7 306.2
  76.7 306.4 76.7 306.6 76.7 307.0 76.7 307.5 76.7 308.0 76.6 308.5 76.5 309.0
  76.4 309.3 76.3 309.6 76.2 309.9 76.1 310.0 75.9 310.1 75.8 310.0 75.6 309.8
  75.4 309.6 75.2 309.3 75.0 309.0 74.8 308.7 74.6 308.3 74.4 307.8 74.2 307.2
  73.9 306.7 73.7 306.0 73.4 305.4 73.2 304.8 72.9 304.2 72.6 303.6 72.3 302.9
  71.9 302.3 71.5 301.5 71.0 300.7 70.6 300.0 70.1 299.3 69.6 298.6 69.2 297.7
  68.7 296.8 68.2 296.0 67.9 295.1 67.5 294.1 67.2 293.1 66.8 292.0 66.4 291.0
  66.2 290.1 66.0 289.2 65.7 288.2 65.4 287.3 65.3 286.4 65.2 285.5 65.1 284.6
  64.9 283.8 64.9 283.0 64.9 282.2 64.9 281.4 64.9 280.6 64.9 279.8 65.0 279.0
  65.2 278.2 65.3 277.3 65.4 276.5 65.5 275.6 65.7 274.8 65.8 274.0 66.0 273.1
  66.1 272.3 66.2 271.8 66.5 271.3 66.7 270.8 66.8 270.3 67.0 269.7 67.2 269.1
  67.3 268.4 67.4 267.8 67.6 267.0 67.7 266.3 67.8 265.5 67.9 264.6 68.0 263.7
  68.1 262.7 68.3 262.0 68.4 261.3 68.5 260.5 68.6 259.7 68.8 258.8 68.9 257.8
  69.1 256.8 69.2 255.7 69.4 254.6 69.6 253.5 69.7 252.3 69.9 251.1 70.1 249.8
  70.4 248.8 70.6 247.8 70.9 246.7 71.2 245.6 71.5 244.3 71.7 243.0 72.0 241.6
  72.3 240.2 72.6 239.0 72.9 237.8 73.3 236.5 73.6 235.2 73.9 233.8 74.3 232.5
  74.7 231.6 75.2 230.6 75.6 229.7 76.0 228.8 76.5 228.3 77.0 227.8 77.5 227.3
  78.0 226.8 78.5 226.3 79.0 226.0 79.4 225.7 79.8 225.4 80.2 225.2 80.6 225.0
  81.0 224.9 81.4 224.9 81.7 225.0 82.0 225.3 82.4 225.8 82.9 226.5 83.3 227.3
  83.7 228.2 84.0 229.1 84.5 230.8 84.9 232.7 85.4 234.9 85.8 237.3 86.2 239.9
  86.8 244.4 87.3 250.5 87.7 259.0 88.0 270.3 88.3 285.1 88.4 302.5 88.4 319.2
  88.2 331.8 87.8 340.5 87.5 346.4 87.2 350.4 86.7 353.0 86.2 354.6 85.7 355.5
  85.3 354.1 84.9 352.8 84.4 351.7 84.0 350.9 83.6 349.9 83.3 349.1 82.9 348.4
  82.6 347.8 82.2 347.3 81.8 346.9 81.5 346.5 81.2 346.1 80.9 345.7 80.6 345.4
  80.3 345.0 80.0 344.5 79.7 343.9 79.5 343.3 79.3 342.6 79.0 341.9 78.8 341.1
  78.5 340.3 78.3 339.4 78.0 338.5 77.8 337.6 77.5 336.1 77.3 334.7 77.1 333.4
  76.9 332.1 76.7 330.9 76.6 329.6 76.4 328.4 76.2 327.1 76.0 325.9 75.8 324.7
  75.6 323.1 75.3 321.5 74.9 319.9 74.5 318.4 74.1 317.0 73.6 315.7 73.1 314.2
  72.6 312.9 72.0 311.6 71.5 310.5 70.9 309.4 70.4 308.3 69.8 307.3 69.3 306.0
  68.7 304.8 68.1 303.8 67.5 302.9 66.8 302.0 66.1 301.3 65.4 300.7 64.6 300.4
  63.9 300.1 63.2 299.9 62.6 299.8 62.0 299.7 61.4 299.5 60.8 299.3 60.3 299.1
  59.7 298.9 59.1 298.7 58.6 298.4 58.0 298.2 57.5 298.0 57.0 297.8 56.5 297.5
  56.0 297.2 55.5 296.9 55.1 296.4
  10 19 78  0.0
  72.5 321.4 72.6 320.6 72.8 319.8 73.0 319.0 73.3 318.1 73.5 317.2 73.7 316.3
  74.0 315.3 74.3 314.4 74.5 313.5 74.8 312.5 75.1 311.6 75.2 310.6 75.4 309.5
  75.6 308.5 75.8 307.4 75.9 306.3 75.9 305.1 76.0 304.0 76.0 303.0 76.0 302.0
  76.1 301.0 76.1 299.9 76.0 298.9 76.0 297.8 75.9 296.7 75.9 295.6 75.8 294.6
  75.7 293.7 75.7 292.8 75.6 292.0 75.6 291.2 75.5 290.5 75.5 289.8 75.5 289.1
  75.5 288.4 75.6 287.7 75.6 287.0 75.6 286.3 75.6 285.6 75.7 285.0 75.7 284.5
  75.8 283.9 75.8 283.4 75.8 282.9 75.8 282.4 75.9 281.9 75.9 281.5 75.9 281.0
  76.0 280.6 76.0 280.2 76.1 280.2 76.1 280.1 76.1 280.1 76.2 280.1 76.2 280.1
  76.3 280.1 76.3 280.0 76.3 280.0 76.4 280.0 76.4 280.0 76.4 280.0 76.4 280.0
  76.5 280.0 76.5 280.0 76.4 280.0 76.4 280.0 76.4 279.9 76.4 279.9 76.3 279.9
  76.3 279.8 76.3 279.8 76.2 279.7 76.2 279.7 76.1 279.6 76.1 279.5 76.1 279.5
  76.1 279.3 76.1 279.2 76.1 279.1 76.1 278.9 76.2 278.8 76.2 278.6 76.2 278.4
  76.3 278.2 76.3 277.9 76.4 277.7 76.4 277.5 76.5 277.3 76.5 277.1 76.5 276.9
  76.6 276.7 76.6 276.5 76.6 276.3 76.7 276.1 76.7 276.0 76.8 275.8 76.8 275.7
  76.8 275.5 76.9 275.3 76.9 275.2 76.9 275.0 76.9 274.8 76.8 274.7 76.8 274.5
  76.8 274.3 76.7 274.2 76.6 274.0 76.5 273.8 76.4 273.7 76.3 273.5 76.2 273.3
  76.1 273.1 75.9 272.8 75.8 272.6 75.7 272.5 75.5 272.3 75.4 272.1 75.2 271.8
  75.0 271.6 74.9 271.4 74.7 271.2 74.5 270.9 74.4 270.6 74.3 270.2 74.1 269.9
  74.1 269.5 74.0 269.1 73.9 268.5 73.9 267.8 73.8 267.1 73.8 266.3 73.8 265.6
  73.7 264.8 73.7 264.0 73.7 263.2 73.7 262.4 73.7 261.6 73.7 260.8 73.7 259.9
  73.7 259.0 73.7 258.0 73.7 257.0 73.7 256.0 73.8 254.9 73.8 253.7 73.8 252.5
  73.9 251.3 73.9 250.0 74.0 248.8 74.1 247.9 74.2 247.0 74.3 246.1 74.4 245.2
  74.5 244.3 74.6 243.3 74.7 242.4 74.8 241.5 74.9 240.6 75.0 239.7 75.1 238.8
  75.2 237.9 75.3 237.1 75.4 236.3 75.5 235.4 75.6 234.6 75.7 233.7 75.8 232.9
  75.9 232.0 75.9 231.1 76.0 230.3 76.0 229.4 76.1 229.0 76.1 228.5 76.2 228.0
  76.2 227.6 76.2 227.1 76.3 226.6 76.3 226.2 76.3 225.7 76.3 225.2 76.3 224.8
  76.3 224.3 76.3 223.6 76.4 223.0 76.4 222.2 76.5 221.4 76.7 220.4 76.8 219.4
  77.0 218.3 77.2 217.0 77.4 215.7 77.6 214.2 77.9 212.6 78.1 210.9 78.5 209.8
  78.8 208.7 79.1 207.4 79.6 206.1 79.9 204.6 80.3 203.0 80.8 201.5 81.2 199.8
  81.6 197.8 82.0 195.6 82.3 193.0 82.8 190.5 83.2 187.8 83.6 184.8 84.0 181.5
  84.5 178.3 84.9 174.6 85.2 170.4 85.5 165.7 85.7 160.6 85.8 155.2 85.8 149.6
  85.8 143.9 85.8 138.3 85.7 132.8 85.6 127.6 85.5 122.7 85.3 118.1 85.1 113.9
  84.9 110.0 84.6 106.4 84.3 103.2 84.0 100.2 83.7  97.5 83.4  95.2 83.1  93.2
  82.7  91.4 82.4  89.9 82.1  88.6 81.7  87.4 81.4  86.4 81.1  85.5 80.8  84.7
  80.5  84.0 80.1  83.4 79.8  82.9
  10 20 78  0.0
  72.5 321.4 72.6 320.8 72.8 320.2 72.9 319.7 73.1 319.1 73.3 318.5 73.5 318.0
  73.7 317.4 73.9 316.8 74.1 316.2 74.4 315.6 74.6 315.0 74.8 314.3 75.1 313.7
  75.3 313.0 75.5 312.3 75.7 311.5 75.9 310.8 76.1 310.0 76.3 309.4 76.5 308.8
  76.6 308.2 76.8 307.5 76.9 306.9 77.0 306.3 77.1 305.7 77.2 305.0 77.4 304.4
  77.5 303.7 77.5 303.1 77.6 302.4 77.7 301.8 77.7 301.1 77.8 300.5 77.8 299.9
  77.8 299.2 77.8 298.6 77.8 298.1 77.8 297.5 77.7 296.8 77.7 296.2 77.7 295.5
  77.6 294.8 77.5 294.1 77.5 293.4 77.4 292.7 77.3 291.9 77.2 291.2 77.1 290.4
  77.0 289.6 76.9 288.8 76.8 288.1 76.7 287.4 76.6 286.8 76.5 286.1 76.4 285.5
  76.4 284.9 76.3 284.2 76.3 283.6 76.3 282.9 76.3 282.2 76.3 281.5 76.3 280.8
  76.3 280.2 76.3 279.6 76.2 279.1 76.1 278.6 76.1 278.2 76.0 277.9 75.9 277.3
  75.9 276.7 75.8 276.1 75.8 275.6 75.8 275.0 75.8 274.5 75.8 274.0 75.7 273.5
  75.7 273.1 75.7 272.6 75.7 272.2 75.7 271.8 75.7 271.4 75.7 271.0 75.7 270.7
  75.7 270.3 75.7 270.0 75.7 269.7 75.7 269.3 75.7 268.9 75.7 268.5 75.7 268.0
  75.7 267.6 75.7 267.1 75.7 266.5 75.8 265.9 75.8 265.3 75.8 264.7 75.8 264.0
  75.8 263.3 75.9 262.5 75.9 261.6 76.0 260.8 76.0 259.9 76.2 259.5 76.3 259.1
  76.5 258.7 76.6 258.2 76.8 257.8 77.0 257.3 77.2 256.8 77.4 256.3 77.6 255.8
  77.8 255.2 78.1 254.6 78.3 254.9 78.5 255.1 78.7 255.3 78.9 255.4 79.1 255.6
  79.2 255.8 79.4 256.0 79.6 256.1 79.7 256.3 79.8 256.4 79.9 256.6 79.9 256.7
  80.0 256.8 80.1 257.1 80.2 257.4 80.3 257.7 80.3 257.8 80.4 257.9 80.5 257.9
  80.5 257.9 80.6 257.8 80.6 257.8 80.6 257.8 80.7 257.7 80.7 257.7 80.7 257.7
  80.6 257.8 80.6 257.8 80.6 257.8 80.5 257.9 80.5 257.9 80.4 258.0 80.3 258.1
  80.3 258.2 80.3 258.3 80.3 258.5 80.4 258.6 80.5 258.8 80.6 259.1 80.7 259.3
  80.8 259.6 81.0 259.9 81.2 260.3 81.4 260.7 81.6 261.1 81.8 261.5 81.9 261.9
  82.1 262.3 82.2 262.8 82.3 263.2 82.4 263.7 82.5 264.2 82.6 264.6 82.6 265.1
  82.6 265.6 82.6 266.0 82.5 266.4 82.5 266.7 82.4 267.0 82.4 267.2 82.3 267.4
  82.3 267.5 82.2 267.5 82.1 267.5 82.1 267.4 82.0 267.3 81.9 267.5 81.8 267.7
  81.7 267.7 81.7 267.6 81.6 267.4 81.6 267.0 81.5 266.6 81.5 266.0 81.5 265.3
  81.4 264.5 81.4 263.6 81.4 262.6 81.5 261.6 81.5 260.4 81.5 259.3 81.6 258.3
  81.6 257.4 81.7 256.5 81.7 255.8 81.9 255.1 82.0 254.4 82.1 253.8 82.3 254.3
  82.5 254.7 82.7 255.2 82.9 255.8 83.1 256.3 83.3 256.8 83.5 257.4 83.7 257.9
  83.9 258.4 84.1 258.9 84.4 261.0 84.7 263.3 85.0 265.9 85.2 268.6 85.4 271.7
  85.5 274.9 85.7 278.3 85.8 281.6 85.8 284.9 85.8 288.1 85.7 291.1 85.7 294.0
  85.6 296.7 85.5 299.2 85.4 301.5 85.2 303.7 85.1 305.6 84.9 307.5 84.8 309.3
  84.6 311.1 84.5 312.9 84.3 314.7 84.1 316.4 83.9 318.1 83.8 317.7 83.6 317.3
  83.5 316.9 83.3 316.5 83.2 316.1
  10 21 78  0.0
  72.5 321.4 72.0 321.0 71.6 320.7 71.1 320.3 70.7 319.9 70.4 319.4 70.0 319.0
  69.7 318.6 69.3 318.2 69.0 317.7 68.7 317.2 68.3 316.7 68.0 316.2 67.6 315.7
  67.4 315.2 67.1 314.8 66.9 314.3 66.6 313.9 66.4 313.5 66.2 313.0 66.0 312.6
  65.8 312.2 65.6 311.8 65.4 311.3 65.2 310.9 64.9 310.4 64.7 309.9 64.4 309.5
  64.2 309.1 64.0 308.8 63.7 308.4 63.5 308.0 63.3 307.6 62.9 307.3 62.6 306.9
  62.2 306.6 61.9 306.2 61.5 305.8 61.2 305.3 60.8 304.9 60.5 304.5 60.2 304.2
  59.9 303.8 59.5 303.3 59.2 302.9 58.8 302.4 58.4 301.9 58.1 301.4 57.8 301.0
  57.4 300.4 57.2 299.8 56.8 299.2 56.6 298.6 56.3 297.9 56.1 297.2 55.9 296.4
  55.7 295.5 55.5 294.5 55.3 293.5 55.1 292.4 55.0 291.4 54.8 290.3 54.6 289.2
  54.4 288.1 54.3 287.0 54.1 286.0 54.0 284.9 53.9 283.9 53.8 282.9 53.6 281.8
  53.5 280.8 53.4 279.7 53.3 278.5 53.3 277.4 53.2 276.3 53.1 275.2 53.2 274.1
  53.2 273.0 53.3 272.0 53.5 270.9 53.6 269.8 53.8 268.7 54.0 267.6 54.3 266.5
  54.6 265.5 54.9 264.4 55.2 263.4 55.6 262.3 56.0 261.3 56.4 260.3 56.8 259.3
  57.2 258.3 57.6 257.3 58.1 256.2 58.5 255.2 59.0 254.3 59.5 253.3 60.1 252.3
  60.6 251.5 61.0 250.6 61.5 249.8 62.0 249.0 62.4 248.1 62.8 247.5 63.3 246.8
  63.7 246.2 64.1 245.5 64.6 245.2 65.0 244.9 65.4 244.5 65.8 244.2 66.1 243.8
  66.4 243.6 66.6 243.3 66.9 243.0 67.0 242.7 67.2 242.4 67.3 242.1 67.4 241.7
  67.5 241.3 67.5 241.0 67.6 240.6 67.6 240.1 67.6 239.7 67.7 239.1 67.7 238.5
  67.7 237.9 67.8 237.3 67.8 236.6 67.8 235.9 67.7 235.2 67.7 234.5 67.6 233.8
  67.5 233.0 67.4 232.3 67.3 231.7 67.2 231.0 67.1 230.3 67.1 229.7 67.0 229.0
  66.9 228.4 66.9 227.8 66.8 227.1 66.8 226.5 66.7 225.9 66.7 225.2 66.7 224.6
  66.6 223.9 66.6 223.3 66.6 222.7 66.6 222.1 66.6 221.5 66.6 220.9 66.6 220.4
  66.6 219.8 66.7 219.2 66.7 218.6 66.7 218.1 66.7 217.6 66.7 217.2 66.7 216.8
  66.8 216.6 66.8 216.3 66.8 216.2 66.8 216.1 66.8 216.1 66.8 216.1 66.8 216.2
  66.8 216.4 66.8 216.6 66.8 216.8 66.8 217.0 66.8 217.2 66.8 217.4 66.7 217.6
  66.7 217.8 66.6 218.0 66.6 218.2 66.5 218.4 66.5 218.7 66.4 218.9 66.3 219.1
  66.2 219.2 66.1 219.2 66.0 219.2 66.0 219.2 65.9 219.2 65.9 219.2 65.9 219.1
  65.9 218.9 65.9 218.6 66.0 218.2 66.0 217.8 66.1 217.4 66.1 216.9 66.2 216.5
  66.3 216.1 66.3 215.6 66.2 215.2 66.2 214.7 66.1 214.3 66.0 213.8 65.8 213.3
  65.7 212.7 65.5 212.2 65.3 211.6 65.2 211.1 65.0 210.6 64.9 210.1 64.7 209.7
  64.6 209.3 64.5 208.9 64.5 208.5 64.4 208.1 64.4 207.7 64.5 207.3 64.6 207.0
  64.7 206.6 64.8 206.2 65.0 205.9 65.1 205.6 65.3 205.2 65.5 204.9 65.7 204.6
  65.9 204.3 66.1 204.0 66.4 203.7 66.7 203.3 67.0 203.0 67.3 202.6 67.7 202.3
  68.0 202.0 68.3 201.8 68.7 201.5 69.0 201.2 69.3 200.9 69.6 200.8 69.9 200.7
  70.2 200.6 70.5 200.5 70.8 200.3
  10 22 78  0.0
  72.5 321.4 72.3 320.9 72.0 320.5 71.8 320.1 71.5 320.0 71.3 319.8 71.1 319.7
  70.8 319.6 70.6 319.5 70.3 319.5 70.0 319.4 69.7 319.5 69.4 319.5 69.1 319.5
  68.8 319.6 68.5 319.6 68.2 319.6 67.8 319.6 67.5 319.8 67.2 320.1 66.8 320.3
  66.4 320.6 65.9 320.9 65.5 321.3 65.0 321.8 64.5 322.4 64.1 322.9 63.6 323.4
  63.1 323.7 62.6 324.0 62.1 324.2 61.4 324.5 60.8 324.6 60.1 324.8 59.3 324.9
  58.6 324.8 57.8 324.8 57.1 324.6 56.3 324.3 55.6 324.0 54.9 323.6 54.4 323.2
  53.8 322.8 53.3 322.4 52.7 322.1 52.1 321.9 51.4 321.7 50.8 321.4 50.1 321.2
  49.3 321.1 48.6 320.8 47.9 320.5 47.2 320.0 46.5 319.5 45.8 319.1 45.1 318.5
  44.4 317.9 43.7 317.4 43.0 316.7 42.3 316.0 41.6 315.3 41.1 314.6 40.5 313.9
  40.1 313.1 39.6 312.4 39.1 311.8 38.8 311.2 38.4 310.6 38.0 310.0 37.6 309.5
  37.2 309.0 36.8 308.4 36.4 307.9 36.3 307.4 36.2 306.8 36.0 306.2 35.8 305.5
  35.6 304.9 35.3 304.2 35.0 303.4 35.0 302.7 34.9 302.0 34.8 301.2 34.7 300.5
  34.6 299.7 34.7 299.0 34.8 298.3 34.9 297.6 34.9 296.9 34.9 296.3 34.8 295.7
  34.8 295.1 34.7 294.5 34.6 294.0 34.4 293.5 34.2 293.0 34.0 292.6 33.7 291.9
  33.7 291.3 33.6 290.8 33.5 290.2 33.4 289.6 33.3 289.0 33.1 288.4 32.9 287.8
  32.9 287.1 32.8 286.4 32.6 285.6 32.5 284.9 32.3 284.1 32.1 283.3 32.1 282.5
  32.1 281.7 32.0 280.9 32.0 280.1 32.0 279.3 32.0 278.5 32.0 277.7 32.0 276.9
  32.0 276.3 31.9 275.6 32.0 274.9 32.0 274.3 32.1 273.6 32.2 272.9 32.2 272.2
  32.3 271.6 32.6 271.0 32.9 270.4 33.3 269.9 33.6 269.3 33.9 268.8 34.3 268.3
  34.6 267.7 35.0 267.2 35.5 266.6 35.9 266.1 36.3 265.7 36.8 265.1 37.3 264.6
  37.8 264.1 38.3 263.7 38.7 263.1 39.2 262.7 39.6 262.2 40.2 261.8 40.7 261.3
  41.3 260.9 41.9 260.4 42.5 260.0 42.9 259.5 43.4 259.1 43.9 258.6 44.4 258.2
  44.9 257.7 45.5 257.3 46.1 256.8 46.8 256.3 47.4 255.8 47.8 255.3 48.2 254.7
  48.7 254.2 49.2 253.6 49.6 253.0 50.1 252.3 50.6 251.6 51.0 250.9 51.4 250.2
  51.9 249.4 52.3 248.7 52.8 247.9 53.2 247.1 53.5 246.3 53.9 245.4 54.2 244.6
  54.6 243.7 54.8 242.7 55.1 241.8 55.3 240.8 55.6 239.8 55.8 238.9 56.0 237.9
  56.2 237.0 56.4 236.0 56.5 235.0 56.5 234.0 56.6 233.0 56.7 232.0 56.6 231.0
  56.4 229.9 56.3 228.9 56.1 227.9 55.8 226.8 55.5 225.8 55.2 224.8 54.9 223.8
  54.4 222.8 53.9 221.9 53.4 220.9 52.9 219.9 52.3 218.9 51.7 217.9 51.1 216.9
  50.6 215.8 50.1 214.7 49.5 213.5 49.0 212.6 48.5 211.6 48.0 210.7 47.5 209.9
  47.0 209.3 46.5 208.7 45.9 208.2 45.4 207.7 44.9 207.3 44.3 206.8 43.8 206.3
  43.2 206.0 42.6 205.6 42.1 205.2 41.5 204.8 40.9 204.5 40.4 204.1 39.9 203.7
  39.5 203.5 39.0 203.1 38.6 202.8 38.2 202.4 37.8 202.1 37.4 201.7 37.1 201.4
  36.8 201.1 36.5 200.8 36.2 200.5 36.0 200.1 35.8 199.8 35.6 199.5 35.5 199.3
  35.3 199.1 35.2 198.9 35.0 198.7
  10 23 78  0.0
  72.5 321.4 72.5 320.7 72.5 320.0 72.5 319.2 72.5 318.5 72.4 317.7 72.4 317.0
  72.3 316.2 72.2 315.5 72.2 314.8 72.1 314.2 72.0 313.6 72.0 313.1 71.9 312.7
  71.8 312.3 71.8 312.0 71.8 311.6 71.8 311.3 71.8 311.0 71.8 310.6 71.8 310.3
  71.8 310.0 71.8 309.7 71.9 309.5 71.9 309.2 71.9 308.9 71.9 308.7 71.8 308.4
  71.8 308.1 71.7 307.9 71.6 307.6 71.5 307.3 71.4 307.0 71.3 306.7 71.2 306.4
  71.0 306.1 70.9 305.8 70.7 305.5 70.5 305.3 70.3 305.0 70.1 304.9 69.9 304.7
  69.8 304.8 69.6 304.8 69.4 304.9 69.2 305.0 69.0 305.1 68.7 305.3 68.5 305.4
  68.2 305.6 68.0 305.8 67.7 305.9 67.4 306.0 67.2 306.1 66.9 306.1 66.6 306.1
  66.3 306.0 66.0 305.9 65.7 305.8 65.4 305.8 65.1 305.7 64.8 305.6 64.5 305.5
  64.2 305.3 63.9 305.2 63.6 305.1 63.3 305.0 62.9 304.9 62.6 304.7 62.2 304.6
  61.9 304.4 61.5 304.4 61.1 304.4 60.7 304.3 60.2 304.3 59.8 304.2 59.4 304.2
  59.0 304.0 58.7 303.9 58.3 303.7 57.9 303.4 57.6 303.1 57.2 302.6 56.9 302.2
  56.5 301.7 56.2 301.1 55.8 300.5 55.5 299.9 55.3 299.3 55.0 298.6 54.8 297.9
  54.6 297.2 54.4 296.5 54.2 295.7 54.0 294.9 53.9 294.1 53.8 293.3 53.6 292.4
  53.5 291.6 53.4 290.7 53.3 289.9 53.2 289.0 53.1 288.1 53.0 287.2 52.9 286.3
  52.9 285.4 52.8 284.6 52.7 283.7 52.7 282.8 52.6 281.9 52.6 281.0 52.5 280.1
  52.5 279.2 52.5 278.3 52.5 277.4 52.5 276.4 52.5 275.5 52.6 274.6 52.7 273.6
  52.9 272.7 53.0 271.7 53.3 270.7 53.6 269.8 53.9 268.8 54.1 267.9 54.5 267.0
  54.9 266.1 55.3 265.2 55.7 264.3 56.1 263.3 56.6 262.6 57.0 261.8 57.5 261.1
  58.0 260.3 58.6 259.7 59.0 259.0 59.5 258.3 60.0 257.5 60.6 257.0 61.1 256.3
  61.6 255.7 62.1 255.0 62.7 254.6 63.2 254.1 63.8 253.7 64.4 253.2 64.9 253.0
  65.4 252.7 65.8 252.5 66.2 252.2 66.5 252.0 66.9 251.8 67.2 251.6 67.5 251.5
  67.8 251.5 68.1 251.5 68.3 251.3 68.6 251.2 68.8 251.0 69.0 250.8 69.1 250.5
  69.2 250.2 69.4 249.8 69.5 249.3 69.5 248.8 69.6 248.3 69.6 247.7 69.7 247.1
  69.7 246.5 69.7 245.9 69.8 245.2 69.8 244.4 69.9 243.7 69.9 242.8 70.0 241.9
  70.1 240.9 70.2 239.7 70.3 238.6 70.4 237.4 70.4 236.3 70.5 235.1 70.6 233.9
  70.6 232.7 70.7 231.6 70.7 230.4 70.7 229.2 70.8 228.1 70.9 227.0 70.9 225.9
  71.0 224.8 71.1 223.7 71.2 222.6 71.3 221.5 71.4 220.4 71.5 219.3 71.6 218.2
  71.8 217.1 71.9 216.0 72.0 214.9 72.2 213.6 72.4 212.4 72.5 211.1 72.7 209.8
  72.9 208.5 73.0 207.1 73.2 205.8 73.3 204.5 73.5 203.2 73.7 201.9 73.8 200.7
  74.0 199.6 74.2 198.2 74.3 197.0 74.5 195.7 74.6 194.5 74.7 193.2 74.8 192.1
  75.0 190.9 75.0 189.8 75.1 188.6 75.2 187.4 75.3 186.1 75.3 184.8 75.3 183.4
  75.3 182.0 75.3 180.6 75.3 179.1 75.3 177.6 75.2 176.0 75.2 174.5 75.1 172.9
  75.1 171.3 75.0 169.7 74.9 168.2 74.9 166.6 74.8 165.0 74.7 163.4 74.6 161.8
  74.5 160.2 74.4 158.6 74.2 157.0
  10 24 78  0.0
  72.5 321.4 72.7 321.2 72.8 321.1 73.0 321.0 73.1 320.9 73.2 320.8 73.4 320.7
  73.5 320.6 73.6 320.6 73.7 320.5 73.8 320.5 73.9 320.5 74.0 320.5 74.0 320.5
  74.1 320.4 74.1 320.1 74.2 319.8 74.2 319.4 74.2 318.8 74.2 318.2 74.2 317.5
  74.1 316.7 74.1 315.7 74.0 314.7 73.9 313.6 73.9 312.4 73.8 311.3 73.7 310.3
  73.6 309.2 73.6 308.3 73.5 307.3 73.5 306.5 73.5 305.6 73.5 304.9 73.5 304.1
  73.5 303.4 73.5 302.7 73.6 302.1 73.7 301.4 73.7 300.7 73.8 300.1 73.8 299.4
  73.8 298.7 73.9 298.1 73.9 297.4 73.9 296.8 73.9 296.2 74.0 295.6 74.0 295.1
  74.0 294.5 74.0 294.0 74.0 293.6 74.0 293.2 74.1 292.8 74.1 292.5 74.2 292.3
  74.2 292.1 74.3 291.9 74.4 291.8 74.6 291.7 74.8 291.7 74.9 291.7 75.1 291.7
  75.3 291.8 75.5 292.0 75.6 292.2 75.7 292.5 75.8 292.9 75.9 293.3 76.0 293.8
  76.2 294.2 76.3 294.7 76.5 295.2 76.6 295.7 76.7 296.2 76.9 296.7 77.0 297.1
  77.1 297.5 77.2 297.9 77.3 298.2 77.4 298.5 77.5 298.8 77.5 299.0 77.6 299.1
  77.7 299.3 77.7 299.4 77.8 299.4 77.8 299.3 77.9 299.2 77.9 299.0 77.9 298.7
  77.9 298.3 78.0 297.8 78.0 297.3 78.0 296.7 78.0 296.0 77.9 295.2 77.9 294.4
  77.8 293.7 77.8 293.0 77.7 292.4 77.6 291.9 77.5 291.4 77.4 291.0 77.3 290.7
  77.2 290.5 77.1 290.3 76.9 290.1 76.8 290.0 76.6 290.0 76.5 289.9 76.3 289.9
  76.1 289.9 75.9 289.9 75.7 289.9 75.5 289.9 75.3 289.9 75.1 289.9 74.9 289.9
  74.7 289.9 74.5 290.0 74.2 290.0 74.0 290.0 73.7 290.0 73.5 290.0 73.2 289.9
  72.9 289.9 72.6 289.9 72.3 289.8 72.0 289.8 71.7 289.8 71.3 289.8 71.0 289.9
  70.7 289.9 70.4 289.8 70.1 289.8 69.8 289.6 69.5 289.6 69.2 289.6 68.9 289.5
  68.6 289.4 68.2 289.3 67.9 289.2 67.6 289.2 67.2 289.3 66.9 289.3 66.5 289.2
  66.2 289.1 65.8 289.0 65.5 288.8 65.2 288.5 64.9 288.2 64.6 287.8 64.3 287.4
  64.0 287.0 63.7 286.5 63.5 286.0 63.2 285.5 62.9 284.9 62.6 284.4 62.3 283.8
  62.0 283.3 61.7 282.7 61.5 282.0 61.2 281.3 61.0 280.6 60.8 279.8 60.4 279.1
  60.1 278.3 59.8 277.4 59.5 276.5 59.3 275.6 59.1 274.7 58.9 273.8 58.7 272.9
  58.6 272.0 58.5 271.1 58.4 270.3 58.3 269.4 58.2 268.5 58.1 267.7 58.0 266.8
  57.9 265.9 57.9 265.0 57.8 264.2 57.8 263.3 57.8 262.5 57.8 261.7 57.8 260.9
  57.9 260.2 57.9 259.5 58.0 258.8 58.0 258.2 58.0 257.6 58.1 256.8 58.1 256.0
  58.2 255.3 58.2 254.5 58.3 253.8 58.4 253.1 58.4 252.4 58.5 251.7 58.6 251.1
  58.7 250.4 58.8 249.9 58.9 249.3 59.1 248.7 59.2 248.1 59.4 247.5 59.5 246.8
  59.6 246.2 59.8 245.5 59.9 244.7 60.1 243.9 60.2 243.2 60.4 242.4 60.5 241.6
  60.7 240.8 60.9 239.9 61.0 239.0 61.1 238.1 61.2 237.3 61.4 236.4 61.5 235.5
  61.6 234.6 61.7 233.7 61.8 232.8 61.9 231.8 62.0 230.9 62.0 230.0 62.1 229.2
  62.1 228.5 62.2 227.7 62.1 227.0 62.0 226.3 62.0 225.6 61.9 224.7 61.8 223.8
  61.6 222.9 61.4 222.1 61.2 221.3
  10 25 78  0.0
  72.5 321.4 72.4 321.1 72.3 320.8 72.3 320.6 72.2 320.3 72.1 320.2 72.0 320.0
  71.9 320.0 71.8 319.9 71.8 319.8 71.7 319.8 71.6 319.7 71.6 319.6 71.5 319.6
  71.4 319.6 71.4 319.5 71.4 319.5 71.4 319.5 71.4 319.5 71.4 319.5 71.5 319.5
  71.6 319.5 71.7 319.5 71.8 319.6 72.0 319.6 72.1 319.7 72.3 319.5 72.5 319.3
  72.7 319.1 72.8 319.0 73.0 318.8 73.1 318.7 73.2 318.5 73.4 318.4 73.5 318.3
  73.6 318.1 73.7 318.0 73.8 317.9 73.8 317.7 73.9 317.5 73.9 317.1 74.0 316.7
  74.0 316.1 74.0 315.5 73.9 314.7 73.9 313.9 73.9 312.9 73.8 311.9 73.7 310.8
  73.6 309.7 73.6 308.5 73.5 307.5 73.4 306.5 73.4 305.5 73.3 304.6 73.3 303.8
  73.3 302.9 73.3 302.2 73.3 301.4 73.3 300.7 73.4 300.0 73.5 299.3 73.6 298.6
  73.6 297.9 73.7 297.2 73.8 296.5 73.8 295.9 73.9 295.2 73.9 294.6 73.9 294.0
  74.0 293.4 74.0 292.9 74.0 292.3 74.0 291.8 74.1 291.4 74.2 291.0 74.2 290.6
  74.3 290.3 74.5 290.0 74.6 289.7 74.7 289.5 74.9 289.3 75.0 289.2 75.2 289.1
  75.3 289.0 75.5 289.0 75.7 289.0 75.8 289.1 76.0 289.2 76.2 289.6 76.3 289.9
  76.5 290.3 76.7 290.7 76.8 291.1 76.9 291.5 77.1 291.9 77.2 292.4 77.3 292.8
  77.4 293.3 77.5 293.7 77.6 294.0 77.7 294.4 77.8 294.7 77.9 295.0 77.9 295.2
  78.0 295.4 78.0 295.6 78.1 295.7 78.1 295.8 78.1 295.8 78.1 295.8 78.2 295.8
  78.2 295.8 78.2 295.7 78.2 295.6 78.2 295.4 78.1 295.3 78.1 295.1 78.1 294.8
  78.0 294.6 78.0 294.3 77.9 293.6 77.9 292.9 77.8 292.2 77.8 291.7 77.7 291.2
  77.6 290.7 77.5 290.4 77.4 290.1 77.3 289.9 77.2 289.7 77.0 289.6 76.9 289.5
  76.7 289.5 76.5 289.5 76.4 289.5 76.2 289.5 76.0 289.6 75.8 289.6 75.6 289.6
  75.5 289.6 75.3 289.7 75.1 289.7 74.8 289.7 74.6 289.7 74.4 289.8 74.1 289.8
  73.9 289.8 73.6 289.8 73.4 289.8 73.1 289.7 72.8 289.7 72.5 289.7 72.2 289.6
  71.8 289.6 71.5 289.6 71.2 289.6 70.9 289.6 70.6 289.6 70.3 289.5 70.0 289.4
  69.7 289.4 69.4 289.4 69.1 289.3 68.8 289.2 68.5 289.1 68.2 289.0 67.8 288.8
  67.5 288.9 67.1 288.9 66.8 288.9 66.4 288.8 66.1 288.7 65.8 288.5 65.5 288.2
  65.2 287.9 65.0 287.6 64.7 287.2 64.5 286.8 64.2 286.3 63.9 285.8 63.6 285.3
  63.4 284.8 63.1 284.2 62.8 283.7 62.6 283.1 62.3 282.5 62.1 281.9 61.8 281.3
  61.6 280.6 61.4 279.9 61.0 279.1 60.7 278.3 60.4 277.4 60.1 276.6 59.8 275.8
  59.6 274.9 59.4 274.0 59.2 273.1 59.1 272.2 59.0 271.3 58.8 270.4 58.7 269.6
  58.6 268.7 58.5 267.8 58.4 267.0 58.3 266.1 58.2 265.2 58.1 264.3 58.1 263.4
  58.1 262.6 58.1 261.7 58.1 260.8 58.1 260.0 58.1 259.1 58.1 258.3 58.2 257.5
  58.2 256.7 58.2 255.9 58.2 255.0 58.2 254.2 58.2 253.5 58.3 252.7 58.3 251.9
  58.4 251.2 58.4 250.5 58.5 249.8 58.6 249.2 58.7 248.5 58.8 247.9 58.9 247.3
  58.9 246.7 59.0 246.0 59.2 245.3 59.3 244.6 59.5 243.8 59.5 243.0 59.7 242.1
  59.8 241.3 59.9 240.4 60.1 239.5
  10 26 78  0.0
  72.5 321.4 72.4 321.0 72.3 320.6 72.2 320.2 72.1 319.8 72.0 319.4 72.0 319.1
  72.0 318.5 71.9 318.0 71.9 317.4 71.8 316.9 71.8 316.4 71.7 315.8 71.7 315.3
  71.8 314.9 71.8 314.5 71.8 314.1 71.7 313.8 71.7 313.6 71.7 313.4 71.6 313.2
  71.5 313.1 71.4 313.0 71.3 312.9 71.2 312.9 71.1 312.9 71.0 312.9 70.8 313.0
  70.7 313.0 70.6 313.1 70.6 313.1 70.5 313.2 70.4 313.3 70.3 313.4 70.3 313.5
  70.2 313.6 70.2 313.7 70.1 313.9 70.1 314.0 70.0 314.1 70.0 314.2 70.0 314.3
  70.1 314.4 70.1 314.5 70.1 314.6 70.2 314.7 70.3 314.8 70.3 314.8 70.4 314.9
  70.5 315.0 70.7 315.1 70.8 315.2 70.9 315.2 71.0 315.2 71.1 315.3 71.3 315.3
  71.4 315.3 71.5 315.3 71.6 315.3 71.8 315.2 71.9 315.2 72.0 315.1 72.1 315.0
  72.1 314.7 72.2 314.2 72.2 313.7 72.3 313.1 72.3 312.5 72.3 311.7 72.3 310.9
  72.2 310.0 72.2 309.1 72.1 308.0 72.0 307.0 71.9 305.9 71.8 305.1 71.7 304.3
  71.7 303.5 71.6 302.8 71.6 302.0 71.6 301.2 71.6 300.5 71.7 299.7 71.7 299.0
  71.8 298.2 71.9 297.4 72.0 296.7 72.1 295.9 72.1 295.3 72.2 294.7 72.3 294.1
  72.3 293.5 72.3 292.9 72.4 292.4 72.4 291.8 72.4 291.3 72.5 290.9 72.5 290.4
  72.5 290.0 72.6 289.6 72.7 289.3 72.8 289.0 72.9 288.7 73.0 288.4 73.1 288.1
  73.2 287.9 73.4 287.7 73.6 287.5 73.9 287.3 74.1 287.2 74.3 287.2 74.6 287.2
  74.8 287.3 75.0 287.5 75.2 287.7 75.4 288.0 75.6 288.3 75.7 288.7 75.9 289.2
  76.0 289.8 76.1 290.4 76.3 290.8 76.4 291.1 76.5 291.5 76.6 291.8 76.7 292.0
  76.8 292.3 76.9 292.5 77.0 292.7 77.0 292.8 77.1 293.0 77.1 293.0 77.2 293.1
  77.2 293.1 77.2 293.0 77.2 292.9 77.2 292.8 77.2 292.6 77.2 292.3 77.2 292.0
  77.1 291.6 77.1 291.2 77.0 290.7 76.9 290.2 76.8 289.7 76.7 289.2 76.5 288.8
  76.4 288.4 76.2 288.1 76.0 287.8 75.8 287.6 75.6 287.6 75.4 287.6 75.2 287.7
  74.9 287.8 74.7 287.8 74.4 287.9 74.0 288.0 73.7 288.1 73.4 288.4 73.1 288.6
  72.8 288.8 72.5 288.9 72.1 289.0 71.7 289.2 71.4 289.5 71.1 289.7 70.7 290.0
  70.3 290.2 69.9 290.3 69.6 290.6 69.2 290.8 68.8 291.0 68.5 291.2 68.1 291.4
  67.7 291.6 67.4 291.8 67.0 292.1 66.6 292.3 66.3 292.6 65.9 292.8 65.5 292.9
  65.1 293.0 64.7 293.0 64.3 293.1 63.9 293.1 63.5 292.9 63.1 292.8 62.6 292.6
  62.2 292.5 61.7 292.3 61.2 292.0 60.8 291.6 60.3 291.3 59.8 290.9 59.4 290.2
  59.0 289.6 58.6 288.9 58.3 288.2 57.9 287.5 57.6 286.6 57.2 285.7 56.9 284.8
  56.5 283.8 56.2 282.9 55.8 282.0 55.4 281.0 55.1 280.0 54.9 279.0 54.7 278.1
  54.5 277.1 54.4 276.1 54.3 275.1 54.3 274.1 54.2 273.1 54.2 272.0 54.2 270.9
  54.1 269.7 54.1 268.5 54.1 267.3 54.2 266.2 54.2 265.0 54.3 263.9 54.4 262.8
  54.5 261.7 54.6 260.6 54.7 259.5 54.7 258.4 54.8 257.3 54.8 256.1 54.8 255.0
  54.8 253.9 54.9 252.9 54.9 251.9 55.0 251.0 55.1 250.1 55.1 249.2 55.2 248.3
  55.2 247.5 55.1 246.7 55.1 245.9
  10 27 78  0.0
  72.5 321.4 73.0 321.6 73.5 321.8 73.9 322.1 74.3 322.3 74.6 322.6 74.9 322.9
  75.2 323.1 75.4 323.4 75.6 323.8 75.7 324.1 75.8 324.4 75.9 324.7 75.9 325.0
  75.9 325.3 76.0 325.5 76.0 325.6 76.0 325.8 76.0 325.9 76.1 326.0 76.1 326.1
  76.1 326.1 76.0 326.1 76.0 326.1 76.0 326.1 76.0 326.0 76.0 325.6 75.9 325.3
  75.9 325.0 75.8 324.8 75.7 324.6 75.6 324.4 75.5 324.2 75.4 324.0 75.3 323.9
  75.2 323.8 75.2 323.7 75.1 323.6 75.0 323.4 75.0 323.3 74.9 323.1 74.8 322.9
  74.8 322.6 74.7 322.3 74.7 322.0 74.6 321.7 74.6 321.3 74.5 320.9 74.5 320.4
  74.4 320.0 74.4 319.6 74.3 319.2 74.3 318.9 74.2 318.6 74.2 318.4 74.2 318.3
  74.1 318.2 74.1 318.1 74.1 318.1 74.1 318.1 74.0 318.2 74.0 318.3 74.0 318.4
  74.0 318.4 74.1 318.3 74.1 318.2 74.1 318.0 74.2 317.8 74.3 317.5 74.4 317.1
  74.5 316.6 74.6 316.1 74.7 315.5 74.8 314.8 74.9 314.2 75.0 313.5 75.1 312.9
  75.2 312.3 75.3 311.8 75.3 311.2 75.4 310.7 75.4 310.3 75.4 309.8 75.4 309.4
  75.5 309.1 75.5 308.8 75.5 308.3 75.4 307.8 75.4 307.3 75.4 306.6 75.3 305.9
  75.3 305.1 75.2 304.3 75.2 303.4 75.1 302.5 75.1 301.6 75.0 300.6 74.9 299.6
  74.9 298.7 74.9 297.8 74.8 297.0 74.8 296.3 74.8 295.6 74.9 294.9 74.9 294.3
  75.0 293.7 75.1 293.2 75.2 292.6 75.3 292.1 75.4 291.6 75.6 291.1 75.7 290.6
  75.8 290.1 75.9 289.6 76.1 289.1 76.2 288.9 76.3 288.7 76.4 288.5 76.5 288.2
  76.7 287.9 76.8 287.6 76.9 287.2 77.1 287.0 77.2 286.7 77.4 286.5 77.5 286.4
  77.7 286.4 77.9 286.3 78.0 286.4 78.2 287.1 78.5 288.0 78.7 288.9 78.8 290.0
  79.0 291.2 79.1 292.4 79.2 293.5 79.3 294.6 79.3 295.7 79.4 296.7 79.4 297.7
  79.5 298.6 79.5 299.5 79.5 300.4 79.5 301.3 79.6 302.1 79.6 302.9 79.6 303.7
  79.6 304.5 79.6 305.2 79.6 305.9 79.6 306.5 79.6 307.1 79.6 307.7 79.5 308.2
  79.5 308.6 79.5 309.0 79.5 309.3 79.5 309.5 79.5 309.7 79.5 309.9 79.5 310.0
  79.5 310.1 79.5 310.1 79.6 310.1 79.6 310.1 79.6 310.0 79.7 309.8 79.7 309.6
  79.7 309.4 79.8 309.1 79.8 308.8 79.9 308.5 80.0 308.2 80.1 308.5 80.2 308.7
  80.4 309.0 80.5 309.3 80.7 309.6 80.9 309.9 81.1 310.2 81.3 310.6 81.5 310.9
  81.7 311.3 81.9 311.6 82.1 311.9 82.4 312.7 82.6 313.5 82.9 314.3 83.1 315.0
  83.4 315.8 83.6 316.5 83.8 317.2 84.0 317.9 84.3 319.1 84.6 320.4 84.9 321.7
  85.1 323.2 85.3 324.8 85.5 326.4 85.7 328.2 85.9 330.2 86.1 332.3 86.3 335.6
  86.6 339.4 86.8 343.6 86.9 348.3 86.9 353.5 86.9 359.0 86.9   4.6 86.8   4.9
  86.7   5.2 86.6   5.5 86.4   5.9 86.2   6.2 86.0   6.6 85.8   7.0 85.6   7.2
  85.4   7.4 85.2   7.6 85.0   7.8 84.7   8.0 84.4   8.1 84.0   8.3 83.6   8.4
  83.2   8.4 82.8   8.4 82.4   8.4 82.0   8.4 81.6   8.2 81.2   8.0 80.8   7.8
  80.4   7.6 80.0   7.5 79.6   7.2 79.2   6.9 78.8   6.7 78.5   6.5 78.1   6.2
  77.7   6.0 77.4   5.8 77.1   5.6
  10 28 78  0.0
  72.5 321.4 72.6 320.4 72.7 319.4 72.8 318.5 72.9 317.5 73.0 316.5 73.2 315.5
  73.3 314.5 73.4 313.5 73.5 312.5 73.7 311.5 73.7 310.6 73.7 309.6 73.8 308.7
  73.9 307.9 73.8 307.1 73.8 306.4 73.8 305.7 73.8 305.0 73.8 304.4 73.8 303.7
  73.8 303.0 73.7 302.3 73.7 301.7 73.7 301.0 73.7 300.3 73.7 299.7 73.6 299.1
  73.6 298.7 73.5 298.2 73.4 297.9 73.4 297.5 73.3 297.3 73.3 297.0 73.2 296.9
  73.2 296.7 73.1 296.6 73.1 296.6 73.1 296.6 73.0 296.6 73.0 296.6 73.0 296.6
  72.9 296.7 72.9 296.8 72.9 296.9 72.8 297.1 72.8 297.2 72.8 297.4 72.7 297.6
  72.7 297.9 72.7 298.1 72.6 298.3 72.6 298.4 72.5 298.6 72.5 298.7 72.4 298.8
  72.4 298.9 72.3 299.0 72.3 299.0 72.2 299.0 72.2 299.0 72.1 299.0 72.0 299.0
  71.9 299.1 71.8 299.1 71.7 299.3 71.5 299.4 71.4 299.6 71.2 299.7 71.0 299.9
  70.7 300.2 70.5 300.4 70.2 300.7 69.9 301.0 69.7 301.2 69.4 301.3 69.2 301.5
  69.0 301.6 68.8 301.7 68.6 301.9 68.5 302.0 68.3 302.1 68.2 302.2 68.1 302.3
  68.1 302.3 68.0 302.4 68.0 302.5 67.9 302.4 67.8 302.2 67.8 302.1 67.7 302.0
  67.6 301.9 67.6 301.8 67.5 301.7 67.4 301.6 67.3 301.5 67.2 301.4 67.1 301.3
  67.0 301.2 67.0 301.1 66.9 300.9 66.9 300.8 66.8 300.6 66.8 300.3 66.7 300.1
  66.7 299.8 66.6 299.5 66.6 299.2 66.5 298.8 66.5 298.5 66.5 298.1 66.4 297.7
  66.4 297.3 66.3 296.8 66.2 296.4 66.2 295.9 66.1 295.4 66.0 294.9 66.0 294.4
  65.9 293.8 65.8 293.2 65.8 292.5 65.7 291.9 65.7 291.3 65.7 290.6 65.8 290.0
  65.8 289.4 65.9 288.7 65.9 288.1 66.0 287.4 66.1 286.7 66.2 286.1 66.4 285.4
  66.5 284.8 66.6 284.1 66.7 283.4 66.9 282.8 67.0 282.1 67.1 281.5 67.3 280.9
  67.4 280.2 67.5 279.6 67.7 279.0 67.9 278.4 68.1 277.8 68.4 277.4 68.6 276.9
  68.9 276.5 69.1 276.1 69.4 275.8 69.7 275.4 69.9 275.1 70.2 274.9 70.6 274.6
  70.9 274.4 71.2 274.1 71.5 273.9 71.9 273.7 72.2 273.6 72.5 273.4 72.7 273.3
  73.0 273.2 73.2 273.2 73.4 273.4 73.6 273.6 73.7 273.9 73.8 274.3 73.9 274.8
  74.0 275.4 74.0 276.1 74.1 276.5 74.1 277.0 74.1 277.5 74.1 278.0 74.1 278.5
  74.0 279.1 74.0 279.7 73.9 280.8 73.9 281.9 73.8 283.0 73.8 284.1 73.7 285.3
  73.6 286.3 73.5 287.3 73.4 288.2 73.3 289.0 73.2 289.8 73.0 290.5 72.8 291.1
  72.6 291.6 72.4 292.1 72.3 292.4 72.1 292.8 71.9 293.1 71.8 293.9 71.6 294.7
  71.4 295.4 71.2 296.0 71.0 296.6 70.8 297.0 70.6 297.5 70.4 297.8 70.1 298.1
  69.9 298.4 69.7 298.8 69.4 299.2 69.2 299.6 68.9 299.9 68.6 300.1 68.5 300.3
  68.3 300.4 68.1 300.6 67.9 300.6 67.7 300.8 67.5 300.9 67.3 301.1 67.1 301.2
  66.9 301.2 66.7 301.3 66.5 301.3 66.3 301.4 66.0 301.5 65.7 301.5 65.5 301.5
  65.2 301.6 65.0 301.6 64.7 301.7 64.4 301.7 64.1 301.8 63.9 301.8 63.6 301.8
  63.3 301.7 63.1 301.6 62.8 301.5 62.6 301.3 62.4 301.1 62.1 300.9 61.9 300.7
  61.6 300.5 61.4 300.3 61.2 300.0
  10 29 78  0.0
  72.5 321.4 72.3 320.4 72.1 319.4 71.8 318.5 71.6 317.8 71.4 317.0 71.2 316.3
  71.0 315.7 70.8 315.1 70.5 314.6 70.3 314.1 70.0 313.7 69.8 313.3 69.5 313.2
  69.3 313.0 69.0 312.8 68.8 312.7 68.5 312.6 68.3 312.4 68.0 312.3 67.8 312.1
  67.5 312.1 67.3 312.1 67.0 312.1 66.8 312.0 66.5 312.0 66.2 312.0 66.0 312.0
  65.7 312.1 65.4 312.2 65.2 312.3 64.9 312.3 64.6 312.4 64.3 312.5 63.9 312.6
  63.6 312.6 63.3 312.6 62.9 312.6 62.6 312.5 62.3 312.4 62.0 312.3 61.8 312.1
  61.6 311.7 61.3 311.4 61.1 311.1 60.8 310.8 60.6 310.5 60.4 310.2 60.1 309.9
  59.9 309.7 59.7 309.5 59.6 309.3 59.4 309.0 59.2 308.7 59.1 308.4 59.0 308.1
  58.9 307.7 58.6 307.3 58.4 306.8 58.1 306.4 57.9 305.9 57.7 305.4 57.4 305.0
  57.2 304.6 57.0 304.2 56.8 303.8 56.5 303.4 56.3 303.0 56.0 302.6 55.8 302.1
  55.6 301.6 55.4 301.1 55.3 300.6 55.2 300.0 55.1 299.5 54.9 298.9 54.8 298.4
  54.7 297.8 54.6 297.2 54.5 296.6 54.5 296.0 54.4 295.4 54.3 294.8 54.3 294.1
  54.2 293.4 54.2 292.7 54.1 292.0 54.1 291.3 54.0 290.7 53.9 290.1 53.8 289.5
  53.7 289.0 53.7 288.4 53.6 287.9 53.4 287.3 53.3 286.7 53.1 286.1 53.0 285.6
  52.8 285.0 52.7 284.4 52.6 283.9 52.5 283.3 52.3 282.7 52.2 282.1 52.0 281.5
  51.9 280.9 51.9 280.2 51.8 279.6 51.6 278.9 51.5 278.1 51.4 277.4 51.4 276.7
  51.4 276.0 51.3 275.2 51.3 274.5 51.4 273.7 51.4 273.0 51.5 272.2 51.5 271.5
  51.4 270.7 51.4 269.9 51.3 269.1 51.2 268.3 51.2 267.5 51.1 266.7 51.0 265.9
  50.9 265.2 50.9 264.4 50.9 263.6 50.9 262.9 50.9 262.1 50.8 261.4 50.8 260.6
  50.8 259.9 50.8 259.2 50.8 258.4 50.8 257.7 50.8 257.0 50.8 256.3 50.8 255.6
  50.8 254.9 50.8 254.2 50.8 253.6 50.8 253.0 50.7 252.4 50.7 251.8 50.7 251.2
  50.6 250.7 50.6 250.1 50.5 249.6 50.5 249.1 50.5 248.6 50.5 248.1 50.5 247.6
  50.5 247.2 50.5 246.7 50.5 246.3 50.5 246.0 50.5 245.6 50.5 245.2 50.6 244.8
  50.7 244.4 50.8 244.0 50.8 243.5 50.9 243.1 50.9 242.7 51.0 242.2 51.1 241.7
  51.3 241.3 51.4 240.8 51.5 240.3 51.6 239.8 51.7 239.3 51.7 238.9 51.8 238.4
  51.9 238.0 51.9 237.5 52.0 237.1 52.2 236.7 52.3 236.3 52.5 236.0 52.6 235.6
  52.7 235.3 52.8 235.0 52.9 234.6 53.0 234.3 53.1 234.0 53.2 233.7 53.3 233.4
  53.4 233.1 53.5 232.8 53.6 232.5 53.7 232.2 53.8 231.9 53.8 231.7 53.8 231.4
  53.9 231.1 53.9 230.8 53.9 230.5 53.9 230.1 53.9 229.8 54.0 229.4 54.0 229.1
  54.0 228.7 54.0 228.3 54.0 228.0 54.0 227.7 54.0 227.4 54.0 227.1 54.0 226.7
  53.9 226.2 53.9 225.7 53.8 225.1 53.7 224.5 53.6 223.9 53.5 223.3 53.4 222.6
  53.2 222.0 53.1 221.3 53.0 220.6 52.8 219.9 52.7 219.2 52.5 218.6 52.3 217.9
  52.1 217.2 51.9 216.6 51.7 215.9 51.5 215.1 51.3 214.4 51.1 213.7 50.9 212.9
  50.8 212.1 50.6 211.3 50.5 210.5 50.4 209.7 50.3 208.8 50.2 208.0 50.0 207.2
  50.0 206.3 49.9 205.5 49.8 204.8
  10 30 78  0.0
  72.5 321.4 72.2 320.8 71.9 320.1 71.7 319.9 71.4 319.7 71.1 319.4 70.9 319.2
  70.6 318.9 70.3 318.7 70.0 318.4 69.8 318.2 69.5 318.5 69.2 318.8 69.0 319.1
  68.7 319.4 68.5 319.6 68.2 319.7 68.0 319.8 67.7 320.5 67.5 321.2 67.3 321.8
  67.1 322.3 66.9 322.7 66.7 323.1 66.5 323.5 66.3 323.7 66.1 323.9 65.9 324.1
  65.7 324.7 65.5 325.1 65.4 325.5 65.2 325.8 65.1 326.0 64.9 326.0 64.8 326.1
  64.6 326.0 64.5 325.8 64.4 325.6 64.2 325.4 64.1 325.1 64.0 324.7 63.8 324.5
  63.7 324.2 63.6 323.9 63.3 323.6 63.0 323.2 62.8 322.8 62.5 322.3 62.2 321.8
  61.8 321.3 61.5 320.9 61.2 320.5 60.9 320.1 60.6 319.7 60.2 319.3 59.7 318.9
  59.2 318.6 58.8 318.3 58.4 317.9 58.0 317.6 57.6 317.3 57.2 317.0 56.9 316.7
  56.6 316.3 56.3 316.0 55.9 315.6 55.6 315.2 55.3 314.9 54.9 314.5 54.6 314.1
  54.3 313.7 54.0 313.3 53.7 312.9 53.4 312.4 53.2 312.0 52.8 311.5 52.5 311.0
  52.2 310.4 51.9 309.9 51.7 309.4 51.5 308.8 51.3 308.3 51.1 307.8 50.8 307.3
  50.5 306.7 50.2 306.2 50.0 305.7 49.8 305.2 49.6 304.7 49.5 304.2 49.4 303.6
  49.3 303.0 49.1 302.5 49.0 301.9 48.9 301.3 48.9 300.7 48.9 300.1 48.9 299.5
  48.8 298.9 48.7 298.4 48.6 297.8 48.6 297.3 48.6 296.7 48.6 296.2 48.6 295.7
  48.6 295.2 48.6 294.7 48.6 294.3 48.7 293.8 48.7 293.4 48.8 292.9 48.9 292.5
  49.1 292.0 49.2 291.6 49.2 291.1 49.2 290.6 49.3 290.2 49.3 289.7 49.3 289.2
  49.4 288.8 49.5 288.3 49.6 287.8 49.5 287.3 49.5 286.9 49.4 286.4 49.5 285.9
  49.5 285.4 49.6 285.0 49.7 284.5 49.8 284.0 50.0 283.5 50.0 283.1 50.0 282.6
  50.0 282.1 50.1 281.5 50.2 281.0 50.4 280.4 50.6 279.9 50.7 279.3 50.9 278.8
  51.1 278.2 51.3 277.7 51.6 277.2 51.9 276.6 52.2 276.1 52.5 275.4 52.7 274.8
  52.8 274.1 53.0 273.4 53.2 272.8 53.4 272.1 53.6 271.5 53.7 270.8 53.7 270.2
  53.9 269.6 54.0 269.1 54.2 268.4 54.4 267.8 54.4 267.1 54.4 266.5 54.5 265.9
  54.6 265.2 54.7 264.6 54.8 264.0 54.9 263.4 55.0 262.8 55.1 262.1 55.2 261.5
  55.4 260.9 55.5 260.3 55.7 259.7 55.8 259.1 56.0 258.5 56.1 257.8 56.2 257.2
  56.4 256.6 56.6 256.0 56.8 255.4 56.9 254.8 57.1 254.2 57.2 253.6 57.4 253.0
  57.6 252.4 57.8 251.8 57.9 251.1 58.0 250.5 58.1 249.9 58.2 249.4 58.4 248.8
  58.5 248.3 58.7 247.7 58.8 247.2 58.9 246.7 59.1 246.2 59.2 245.7 59.4 245.2
  59.6 244.6 59.7 244.1 59.9 243.6 60.0 243.1 60.2 242.5 60.3 242.0 60.4 241.4
  60.6 240.8 60.7 240.3 60.8 239.7 60.9 239.1 61.0 238.5 61.1 237.9 61.2 237.3
  61.3 236.7 61.4 236.1 61.5 235.6 61.5 235.0 61.5 234.5 61.6 233.9 61.6 233.5
  61.6 233.0 61.7 232.5 61.7 232.1 61.8 231.6 61.7 231.1 61.6 230.7 61.6 230.2
  61.5 229.8 61.5 229.3 61.4 228.8 61.3 228.4 61.3 227.9 61.1 227.4 61.0 227.0
  60.9 226.5 60.8 226.0 60.7 225.5 60.6 225.1 60.6 224.6 60.5 224.1 60.5 223.7
  60.3 223.2 60.2 222.8 60.1 222.4
  10 31 78  0.0
  72.5 321.4 72.6 321.3 72.7 321.2 72.7 321.1 72.7 321.0 72.7 320.8 72.6 320.7
  72.5 320.5 72.4 320.4 72.2 320.2 72.0 320.0 71.8 319.9 71.6 319.7 71.4 319.5
  71.2 319.3 70.9 319.1 70.7 318.9 70.5 318.7 70.3 318.5 70.1 318.3 69.8 318.1
  69.6 318.3 69.4 318.5 69.2 318.8 68.9 319.1 68.7 319.4 68.4 319.8 68.1 320.1
  67.9 320.4 67.7 321.3 67.5 322.2 67.2 323.1 67.0 324.0 66.8 324.9 66.5 325.8
  66.3 326.7 66.0 327.5 65.7 328.7 65.4 329.8 65.2 330.8 64.9 331.7 64.5 332.5
  64.2 333.2 63.8 333.8 63.5 334.3 63.1 334.8 62.7 335.2 62.2 335.6 61.8 336.0
  61.4 336.3 60.9 336.5 60.5 336.6 60.0 336.7 59.5 336.7 59.1 336.6 58.6 336.4
  58.2 336.2 57.7 336.0 57.2 335.7 56.8 335.4 56.4 335.1 56.0 334.8 55.6 334.6
  55.2 334.3 54.8 334.0 54.3 333.8 53.9 333.6 53.4 333.5 52.9 333.3 52.4 333.2
  51.9 333.1 51.4 332.9 50.8 332.8 50.2 332.8 49.6 332.7 49.1 332.3 48.5 332.0
  48.0 331.7 47.5 331.3 47.1 330.9 46.6 330.6 46.1 330.2 45.6 329.9 45.2 329.5
  44.7 329.2 44.2 328.9 43.7 328.6 43.2 328.3 42.7 328.0 42.2 327.7 41.7 327.4
  41.3 327.1 40.8 326.8 40.3 326.5 39.8 326.2 39.3 325.9 38.8 325.6 38.2 325.3
  37.7 324.9 37.2 324.6 36.7 324.1 36.3 323.7 36.1 323.3 35.8 322.9 35.6 322.4
  35.3 322.0 35.1 321.5 34.8 321.1 34.5 320.6 34.2 320.1 33.9 319.5 33.8 319.0
  33.8 318.5 33.7 318.0 33.6 317.4 33.5 316.9 33.4 316.4 33.3 315.8 33.4 315.2
  33.4 314.7 33.5 314.1 33.5 313.6 33.5 313.1 33.5 312.5 33.6 312.0 33.6 311.4
  33.7 310.8 33.7 310.2 33.7 309.6 33.6 308.9 33.6 308.2 33.5 307.5 33.5 306.8
  33.5 306.0 33.5 305.2 33.5 304.5 33.6 303.8 33.7 303.0 33.8 302.3 33.8 301.6
  33.9 300.9 33.9 300.2 33.9 299.5 34.0 298.8 34.0 298.1 34.0 297.3 34.1 296.6
  34.1 295.9 34.0 295.2 34.0 294.6 33.9 294.0 33.8 293.5 33.7 293.0 33.6 292.5
  33.5 292.0 33.4 291.4 33.3 290.9 33.3 290.3 33.2 289.7 33.2 289.2 33.1 288.8
  33.1 288.4 33.1 288.0 33.1 287.7 33.4 287.5 33.6 287.2 33.8 287.1 34.0 286.9
  34.2 286.7 34.4 286.4 34.6 286.2 34.7 286.0 34.8 285.7 34.9 285.5 35.0 285.3
  35.1 285.1 35.2 284.8 35.3 284.6 35.3 284.4 35.3 284.2 35.4 284.0 35.4 283.7
  35.4 283.5 35.4 283.3 35.4 283.2 35.4 283.0 35.4 282.8 35.4 282.7 35.4 282.6
  35.4 282.4 35.3 282.3 35.3 282.3 35.2 282.2 35.2 282.1 35.1 282.1 35.1 282.0
  35.0 282.0 35.0 282.0 35.0 281.9 35.0 281.9 35.0 281.8 35.0 281.8 35.0 281.7
  35.0 281.7 35.0 281.6 35.0 281.6 35.0 281.5 35.1 281.5 35.1 281.4 35.1 281.3
  35.1 281.3 35.1 281.2 35.1 281.1 35.1 281.1 35.1 281.0 35.0 281.0 35.0 280.9
  35.0 280.8 35.0 280.8 35.0 280.7 35.0 280.6 35.0 280.6 35.1 280.5 35.1 280.5
  35.2 280.4 35.3 280.4 35.4 280.3 35.5 280.2 35.7 280.2 35.8 280.1 36.0 280.1
  36.2 279.9 36.3 279.8 36.4 279.7 36.5 279.5 36.6 279.3 36.8 279.1 36.9 278.8
  37.1 278.6 37.3 278.3 37.5 278.0
