   3  1 67  0.0
  72.5 321.4 72.5 321.3 72.5 321.3 72.4 321.3 72.4 321.3 72.4 321.3 72.3 321.4
  72.3 321.5 72.2 321.6 72.2 321.7 72.1 321.9 72.0 322.1 71.9 322.3 71.8 322.7
  71.8 323.1 71.7 323.5 71.6 323.9 71.6 324.2 71.6 324.6 71.6 324.9 71.6 325.3
  71.6 325.6 71.7 326.0 71.7 326.4 71.7 326.8 71.8 327.2 71.8 327.6 71.9 327.9
  71.9 328.3 71.9 328.6 72.0 328.9 72.0 329.2 72.0 329.5 72.1 329.4 72.1 329.3
  72.1 329.1 72.2 328.8 72.2 328.5 72.2 328.3 72.3 328.1 72.3 327.9 72.3 327.7
  72.3 327.6 72.3 327.5 72.4 327.5 72.4 327.5 72.4 327.6 72.4 327.7 72.4 327.9
  72.4 328.1 72.4 328.3 72.4 328.5 72.4 328.7 72.4 328.9 72.4 329.2 72.4 329.4
  72.4 329.6 72.4 329.8 72.4 330.1 72.4 330.3 72.4 330.5 72.4 330.8 72.4 331.0
  72.4 331.3 72.4 331.5 72.3 331.8 72.3 332.1 72.3 332.3 72.4 332.6 72.4 332.9
  72.4 333.1 72.4 333.4 72.4 333.7 72.4 334.0 72.4 334.2 72.4 334.5 72.4 334.7
  72.4 334.8 72.4 335.0 72.4 335.1 72.4 335.2 72.4 335.2 72.5 335.2 72.5 335.2
  72.5 335.1 72.5 335.0 72.5 334.8 72.5 334.7 72.6 334.5 72.6 334.4 72.7 334.2
  72.7 334.0 72.8 333.8 72.8 333.6 72.9 333.3 73.0 333.1 73.1 332.9 73.2 332.6
  73.3 332.4 73.4 332.1 73.5 331.8 73.6 331.5 73.6 331.1 73.7 330.8 73.8 330.4
  73.9 330.0 74.1 329.6 74.2 329.1 74.4 328.6 74.6 328.1 74.7 327.5 74.8 327.0
  74.9 326.6 75.0 326.1 75.1 325.6 75.2 325.2 75.3 324.8 75.4 324.4 75.5 324.0
  75.5 323.6 75.5 323.2 75.5 322.9 75.5 322.5 75.6 322.1 75.7 321.8 75.8 321.4
  75.9 321.0 76.0 320.6 76.1 320.2 76.3 319.7 76.4 319.2 76.6 318.7 76.8 318.3
  76.9 317.8 77.1 317.3 77.3 316.7 77.5 316.2 77.7 315.5 77.9 314.9 78.0 314.1
  78.1 313.4 78.3 312.1 78.5 310.6 78.7 309.1 78.8 307.5 79.0 305.7 79.1 304.0
  79.2 302.3 79.3 300.6 79.4 299.0 79.5 297.4 79.6 296.0 79.6 294.6 79.7 293.2
  79.8 291.9 79.8 290.7 79.9 289.4 80.0 288.3 80.0 287.0 80.1 285.5 80.2 283.8
  80.3 282.0 80.4 280.1 80.4 278.0 80.5 275.8 80.5 273.4 80.6 271.0 80.6 268.3
  80.5 265.6 80.5 262.8 80.4 260.2 80.3 257.6 80.2 255.3 80.1 253.1 80.0 251.1
  79.9 249.7 79.8 248.4 79.8 247.2 79.7 246.1 79.7 245.1 79.6 244.2 79.6 243.4
  79.6 242.6 79.6 241.8 79.6 241.1 79.5 240.5 79.5 239.8 79.5 239.3 79.4 238.7
  79.4 238.3 79.4 237.8 79.4 237.4 79.3 237.0 79.3 236.7 79.3 236.5 79.3 236.2
  79.2 236.1 79.2 236.0 79.1 235.9 79.1 235.9 79.0 236.0 79.0 236.1 78.9 236.3
  78.9 236.6 78.8 236.9 78.8 237.3 78.7 237.7 78.6 238.1 78.5 238.5 78.4 238.9
  78.3 239.3 78.2 239.7 78.1 240.1 77.9 240.5 77.8 241.1 77.7 241.6 77.5 242.1
  77.4 242.5 77.2 242.9 77.1 243.3 76.9 243.7 76.7 244.0 76.6 244.2 76.4 244.4
  76.3 244.6 76.1 244.7 76.0 244.7 75.8 244.9 75.7 245.0 75.5 245.2 75.4 245.3
  75.2 245.3 75.1 245.4 75.0 245.5 74.9 245.5 74.7 245.5 74.6 245.5 74.6 245.5
  74.5 245.4 74.4 245.4 74.4 245.3
   3  2 67  0.0
  72.5 321.4 72.4 321.2 72.3 320.9 72.3 320.7 72.2 320.5 72.1 320.3 72.1 320.2
  72.1 320.0 72.0 319.9 71.9 319.8 71.9 319.9 71.8 320.1 71.8 320.3 71.8 320.6
  71.8 320.8 71.8 321.1 71.8 321.3 71.8 321.6 71.8 321.9 71.9 322.1 71.9 322.4
  71.9 322.7 71.9 322.9 71.9 323.2 71.9 323.5 71.9 323.8 71.9 324.1 71.9 324.4
  72.0 324.7 72.0 325.0 72.0 325.4 72.0 325.7 72.0 326.1 72.0 326.5 72.0 326.9
  71.9 327.3 71.9 327.7 71.9 328.0 71.9 328.4 72.0 328.8 72.0 329.3 72.0 329.5
  72.1 329.8 72.1 330.1 72.2 330.4 72.2 330.7 72.2 331.0 72.2 331.4 72.2 331.7
  72.3 332.1 72.3 332.5 72.3 332.8 72.3 333.1 72.3 333.3 72.3 333.5 72.3 333.7
  72.4 333.8 72.4 333.9 72.5 334.0 72.5 334.0 72.6 334.0 72.6 333.9 72.7 333.9
  72.7 333.9 72.8 334.0 72.8 334.1 72.8 334.2 72.8 334.4 72.8 334.6 72.8 334.9
  72.8 335.2 72.7 335.6 72.7 336.0 72.6 336.5 72.5 337.0 72.4 337.6 72.4 338.1
  72.3 338.7 72.3 339.3 72.3 339.9 72.3 340.6 72.2 341.2 72.2 341.9 72.1 342.6
  72.1 343.4 72.1 344.1 71.9 344.9 71.7 345.6 71.6 346.3 71.4 347.0 71.3 347.8
  71.1 348.5 70.8 349.1 70.5 349.7 70.2 350.3 69.9 350.9 69.6 351.4 69.3 351.9
  68.9 352.4 68.5 352.8 68.0 353.3 67.5 353.6 67.0 353.9 66.4 354.2 65.7 354.5
  65.1 354.6 64.4 354.7 63.6 354.7 62.8 354.9 62.0 354.9 61.2 355.0 60.4 355.1
  59.7 355.1 58.9 355.1 58.2 355.0 57.4 354.9 56.6 354.7 55.8 354.5 55.1 354.2
  54.3 353.9 53.4 353.6 52.6 353.2 51.8 352.8 51.1 352.2 50.4 351.7 49.6 351.1
  48.8 350.5 48.0 349.9 47.2 349.4 46.3 348.7 45.4 348.1 44.6 347.2 43.7 346.3
  42.8 345.2 41.9 344.1 41.2 343.0 40.7 341.9 40.3 340.9 39.9 339.8 39.9 339.0
  40.0 338.1 40.1 337.0 40.1 336.0 40.2 334.8 40.3 333.7 40.4 332.5 40.4 331.2
  40.4 330.0 40.4 328.8 40.3 327.5 40.4 326.3 40.4 324.9 40.4 323.6 40.7 322.1
  40.9 320.6 41.2 319.1 41.4 317.5 41.6 316.0 41.8 314.6 41.8 313.2 41.8 311.7
  41.8 310.3 41.9 308.8 42.0 307.4 42.1 306.0 42.3 304.5 42.5 303.2 42.8 301.9
  43.1 300.7 43.5 299.5 43.8 298.4 44.1 297.2 44.5 296.0 44.9 294.9 45.3 293.9
  45.8 292.8 46.3 291.8 46.6 290.9 46.8 290.0 47.2 289.1 47.5 288.2 47.9 287.2
  47.9 286.3 47.9 285.5 47.9 284.6 48.0 283.8 48.0 283.3 48.1 282.9 48.3 282.4
  48.4 282.0 48.6 281.6 48.9 281.2 49.1 280.8 49.4 280.4 49.6 279.9 49.7 279.5
  49.7 279.1 49.8 278.7 49.9 278.3 50.0 278.0 50.1 277.7 50.2 277.5 50.3 277.3
  50.4 277.1 50.5 277.0 50.7 276.9 50.8 276.7 50.9 276.6 51.0 276.5 51.1 276.4
  51.2 276.3 51.2 276.2 51.3 276.1 51.4 276.0 51.4 276.0 51.5 275.9 51.6 275.9
  51.7 275.8 51.7 275.8 51.8 275.7 51.9 275.6 51.9 275.5 52.0 275.4 52.1 275.1
  52.1 274.7 52.2 274.4 52.3 274.1 52.4 273.8 52.4 273.5 52.5 273.2 52.6 272.9
  52.7 272.6 52.8 272.3 52.9 272.0 52.9 271.7 53.0 271.4 53.1 271.1 53.2 270.7
  53.3 270.4 53.4 270.0 53.5 269.6
   3  3 67  0.0
  72.5 321.4 72.4 321.2 72.3 321.0 72.2 320.8 72.1 320.6 72.1 320.4 71.9 320.2
  71.9 320.3 71.7 320.4 71.6 320.5 71.5 320.7 71.4 320.8 71.2 320.9 71.0 321.0
  70.9 321.1 70.7 321.2 70.5 321.2 70.4 321.3 70.2 321.3 70.1 321.3 69.9 321.3
  69.8 321.6 69.6 321.8 69.5 322.1 69.4 322.3 69.3 322.5 69.2 322.7 69.1 322.9
  69.0 323.2 69.0 323.5 68.9 323.8 68.9 324.2 69.0 324.6 69.1 325.0 69.2 325.4
  69.3 325.9 69.4 326.4 69.6 327.0 69.7 327.6 69.8 328.2 70.0 328.9 70.2 329.5
  70.3 330.0 70.5 330.5 70.7 331.0 70.8 331.6 70.9 332.2 71.1 332.7 71.2 333.3
  71.4 333.9 71.5 334.5 71.7 335.1 71.8 335.7 72.0 336.3 72.3 336.8 72.5 337.2
  72.7 337.7 73.0 338.3 73.2 338.8 73.4 339.4 73.6 340.1 73.9 340.7 74.1 341.5
  74.3 341.9 74.4 342.3 74.5 342.7 74.6 343.1 74.6 343.4 74.6 343.7 74.6 344.0
  74.6 344.2 74.5 344.3 74.3 344.4 74.2 344.5 74.0 344.5 73.8 344.6 73.7 345.1
  73.6 345.7 73.4 346.2 73.3 346.7 73.1 347.1 73.0 347.5 72.9 347.9 72.7 348.3
  72.5 348.7 72.2 349.0 71.9 349.3 71.6 349.6 71.3 350.0 71.0 350.4 70.6 350.7
  70.2 351.1 69.8 351.5 69.4 351.8 69.0 352.1 68.4 352.4 67.8 352.8 67.2 352.7
  66.7 352.7 66.1 352.7 65.5 352.8 64.9 352.5 64.4 352.3 63.9 352.1 63.4 351.7
  63.0 351.3 62.7 351.1 62.4 350.9 62.1 350.8 61.8 350.8 61.5 350.4 61.2 350.0
  61.0 349.6 60.7 349.2 60.5 348.9 60.3 348.6 60.1 348.3 59.9 348.0 59.9 347.3
  59.9 346.7 60.0 346.2 60.0 345.6 60.0 345.4 60.0 345.2 60.0 344.9 59.9 344.5
  59.9 344.0 60.0 343.5 60.1 343.3 60.3 343.2 60.4 343.0 60.5 342.9 60.6 342.8
  60.7 342.8 60.7 342.7 60.8 342.7 60.8 342.7 60.8 342.8 60.8 342.9 60.8 343.0
  60.8 343.1 60.7 343.2 60.6 343.4 60.6 343.6 60.5 343.9 60.3 344.2 59.9 344.4
  59.4 344.5 58.9 344.5 58.4 344.6 57.8 344.6 57.3 344.5 56.7 344.3 56.1 344.2
  55.4 344.1 54.7 343.9 54.1 343.7 53.5 343.5 52.8 343.4 52.1 343.2 51.4 342.9
  50.6 342.6 49.9 342.2 49.1 341.7 48.4 341.2 47.6 340.6 46.9 339.8 46.3 339.0
  45.7 338.2 45.2 337.1 44.7 336.0 44.4 334.8 44.1 333.5 43.8 332.1 43.5 330.7
  43.2 329.2 43.0 327.6 42.8 325.8 42.6 324.0 42.8 321.9 43.0 319.9 43.3 317.7
  43.5 315.6 43.7 313.6 43.9 311.7 44.1 309.9 44.5 308.2 44.8 306.7 45.3 305.3
  45.9 303.9 46.3 302.7 46.9 301.6 47.5 300.6 48.2 299.5 48.6 298.7 49.1 298.0
  49.7 297.2 50.4 296.5 51.2 296.3 52.0 296.1 52.9 296.1 53.8 296.2 54.6 296.3
  55.3 296.6 55.9 296.9 56.4 297.4 56.7 297.7 57.0 298.0 57.2 298.3 57.2 298.6
  57.3 298.8 57.3 298.9 57.2 298.9 57.1 298.9 57.0 298.8 56.9 298.5 56.7 298.2
  56.4 297.8 56.2 297.3 56.1 296.7 55.9 296.1 55.8 295.7 55.7 295.2 55.7 294.6
  55.7 294.0 55.7 293.3 55.7 292.5 55.7 291.8 55.8 290.9 55.9 290.1 56.0 289.3
  56.2 288.3 56.3 287.3 56.5 286.2 56.7 285.2 56.9 284.2 57.2 283.1 57.6 282.1
  58.0 281.1 58.4 280.0 58.9 279.0
   3  4 67  0.0
  72.5 321.4 72.4 321.1 72.4 320.7 72.4 320.4 72.3 320.0 72.3 319.7 72.2 319.3
  72.1 319.0 72.0 318.6 71.9 318.3 71.9 318.1 71.8 317.8 71.7 317.6 71.7 317.3
  71.6 317.0 71.5 316.7 71.5 316.5 71.4 316.2 71.4 315.9 71.3 315.6 71.2 315.3
  71.1 315.0 71.0 314.7 70.9 314.3 70.9 313.9 70.9 313.5 70.8 313.1 70.7 312.7
  70.7 312.3 70.6 312.0 70.4 311.6 70.3 311.4 70.1 311.2 69.9 311.0 69.8 311.0
  69.6 311.0 69.4 311.1 69.3 311.3 69.1 311.4 69.0 311.6 68.9 311.8 68.8 311.9
  68.7 312.1 68.5 312.3 68.4 312.5 68.3 312.7 68.1 312.8 68.0 313.0 67.9 313.2
  67.8 313.5 67.7 313.7 67.6 314.0 67.6 314.2 67.6 314.5 67.5 314.8 67.5 315.0
  67.5 315.3 67.6 315.5 67.6 315.8 67.6 316.0 67.7 316.3 67.8 316.6 67.8 316.9
  67.9 317.2 68.0 317.6 68.0 318.0 68.1 318.4 68.2 318.7 68.3 319.1 68.4 319.5
  68.4 319.9 68.5 320.4 68.6 320.9 68.7 321.4 68.8 321.9 68.8 322.4 68.9 323.0
  68.9 323.5 68.9 324.1 68.9 324.6 68.8 325.2 68.8 325.6 68.8 326.1 68.7 326.5
  68.6 326.9 68.5 327.2 68.5 327.5 68.4 327.8 68.4 328.1 68.5 328.4 68.6 328.7
  68.7 329.1 68.9 329.4 69.0 329.8 69.2 330.2 69.3 330.6 69.5 331.1 69.6 331.6
  69.8 332.2 69.9 332.8 70.0 333.5 70.1 334.2 70.2 334.8 70.3 335.3 70.4 335.9
  70.5 336.5 70.6 337.0 70.7 337.5 70.8 338.0 70.9 338.5 71.0 339.0 71.0 339.5
  71.1 340.0 71.1 340.5 71.0 341.1 71.0 341.7 70.9 342.3 70.8 342.9 70.6 343.5
  70.5 344.2 70.3 344.8 70.0 345.5 69.7 346.0 69.5 346.4 69.3 346.9 69.0 347.3
  68.8 347.7 68.5 348.1 68.1 348.4 67.6 348.8 67.2 349.0 66.8 349.3 66.4 349.6
  65.9 349.9 65.5 350.3 65.1 350.6 64.7 350.9 64.3 351.3 63.9 351.7 63.5 351.9
  63.1 352.2 62.5 352.5 61.9 352.8 61.4 352.9 60.8 353.1 60.3 353.3 59.8 353.5
  59.3 353.4 58.8 353.3 58.2 353.2 57.7 353.1 57.1 352.8 56.6 352.5 56.0 352.3
  55.4 351.9 55.0 351.6 54.6 351.3 54.2 351.0 53.8 350.8 53.3 350.3 52.9 349.8
  52.4 349.4 51.8 348.9 51.3 348.3 50.7 347.6 50.4 347.0 50.0 346.4 49.6 345.8
  49.1 345.1 48.6 344.4 48.1 343.7 47.9 343.0 47.6 342.2 47.3 341.3 47.0 340.4
  46.7 339.5 46.7 338.5 46.7 337.6 46.6 336.6 46.5 335.5 46.9 334.4 47.2 333.3
  47.4 332.0 47.5 330.7 47.9 329.3 48.2 327.8 48.9 326.8 49.4 325.7 50.0 324.5
  50.5 323.3 51.2 322.6 52.0 321.9 52.7 321.1 53.5 321.0 54.1 320.8 54.7 321.4
  55.2 322.0 55.7 322.7 56.0 323.5 56.3 324.7 56.2 325.9 56.1 327.0 55.8 328.0
  55.2 328.4 54.5 328.6 53.6 328.9 52.7 328.5 51.7 328.1 50.7 327.2 49.8 326.4
  48.9 325.2 47.9 324.0 47.2 322.3 46.4 320.7 45.5 319.0 44.8 316.8 44.0 314.6
  43.7 312.0 43.3 309.6 43.4 307.3 43.5 305.2 43.6 303.3 43.9 301.5 44.2 299.8
  44.8 298.2 45.5 296.7 46.3 295.3 47.2 294.4 48.1 293.5 49.2 293.0 50.1 292.7
  50.9 292.7 51.5 292.7 52.0 292.9 52.5 293.0 52.8 293.1 53.1 293.3 53.3 293.5
  53.4 293.8 53.4 294.0 53.4 294.3
   3  5 67  0.0
  72.5 321.4 72.5 321.2 72.5 321.0 72.5 320.9 72.4 320.7 72.4 320.5 72.4 320.2
  72.3 320.0 72.2 319.8 72.0 319.5 71.9 319.3 71.7 319.3 71.6 319.4 71.5 319.5
  71.4 319.5 71.3 319.5 71.2 319.6 71.1 319.6 71.0 319.6 70.9 319.6 70.9 319.5
  70.8 319.5 70.8 319.5 70.7 319.4 70.7 319.3 70.6 319.2 70.6 319.1 70.5 319.0
  70.5 318.8 70.5 318.7 70.4 318.5 70.4 318.3 70.3 318.1 70.3 317.9 70.2 317.7
  70.2 317.4 70.2 317.2 70.1 316.9 70.1 316.7 70.0 316.4 70.0 316.1 70.0 315.9
  69.9 315.7 69.9 315.6 69.9 315.4 69.9 315.3 69.9 315.1 69.9 315.0 69.9 314.9
  69.9 314.7 70.0 314.6 69.9 314.5 69.9 314.5 69.9 314.4 69.8 314.5 69.7 314.5
  69.6 314.6 69.5 314.8 69.4 315.0 69.2 315.2 69.1 315.5 68.9 315.8 68.7 316.1
  68.5 316.4 68.3 316.7 68.1 317.0 67.9 317.3 67.7 317.7 67.6 318.1 67.4 318.5
  67.3 318.9 67.1 319.3 67.0 319.7 66.8 320.0 66.7 320.4 66.6 320.7 66.5 321.1
  66.5 321.5 66.4 321.8 66.4 322.2 66.4 322.6 66.5 323.0 66.5 323.4 66.6 323.8
  66.7 324.2 66.9 324.7 67.0 325.2 67.2 325.7 67.3 326.3 67.4 326.9 67.5 327.5
  67.6 328.1 67.7 328.7 67.9 329.3 68.0 329.9 68.1 330.4 68.2 331.0 68.3 331.5
  68.4 332.0 68.5 332.5 68.7 333.0 68.9 333.4 69.0 333.8 69.2 334.2 69.4 334.6
  69.6 334.9 69.8 335.3 70.0 335.6 70.2 336.1 70.6 336.5 70.9 337.0 71.2 337.6
  71.4 338.2 71.6 338.9 71.8 339.6 71.9 340.4 72.0 341.3 72.0 342.2 72.0 343.2
  71.9 344.2 71.8 345.3 71.6 346.4 71.5 347.4 71.3 348.3 71.1 349.2 70.8 349.9
  70.5 350.6 70.2 351.2 69.9 351.6 69.6 352.1 69.1 352.3 68.6 352.5 68.0 352.5
  67.4 352.4 66.8 352.3 66.2 352.3 65.5 352.2 64.9 352.0 64.3 351.7 63.8 351.4
  63.3 350.8 62.9 350.1 62.4 349.2 62.0 348.3 61.7 347.3 61.3 345.9 60.9 344.6
  60.6 343.4 60.3 342.3 60.0 341.3 59.8 340.3 59.7 339.2 59.5 338.1 59.4 337.0
  59.3 336.0 59.3 335.0 59.2 334.2 59.1 333.4 59.0 332.8 59.0 332.2 58.9 331.7
  58.8 331.2 58.8 330.7 58.8 330.2 58.7 329.8 58.8 329.3 58.8 328.9 58.9 328.4
  59.1 327.9 59.1 327.4 59.1 327.0 59.2 326.6 59.3 326.2 59.4 325.9 59.5 325.6
  59.7 325.3 59.9 325.0 60.1 324.7 60.4 324.4 60.7 324.1 61.0 323.8 61.1 323.4
  61.2 323.0 61.3 322.6 61.4 322.2 61.5 321.8 61.6 321.4 61.8 320.9 61.9 320.5
  62.0 320.0 62.2 319.6 62.1 319.1 62.1 318.6 62.1 318.2 62.1 317.7 62.1 317.3
  62.0 316.9 62.0 316.5 62.0 316.1 62.0 315.7 61.9 315.4 61.8 315.0 61.6 314.6
  61.5 314.3 61.4 313.9 61.3 313.6 61.2 313.2 61.1 312.9 61.1 312.5 61.0 312.2
  61.0 311.8 60.9 311.5 60.8 311.1 60.7 310.8 60.7 310.4 60.6 310.0 60.5 309.6
  60.5 309.2 60.4 308.8 60.4 308.4 60.4 308.0 60.3 307.5 60.2 307.1 60.1 306.7
  60.0 306.4 59.9 306.1 59.8 305.8 59.8 305.6 59.8 305.4 59.8 305.1 59.8 305.0
  59.8 304.8 59.8 304.7 59.8 304.7 59.8 304.7 59.8 304.8 59.8 305.0 59.9 305.3
  59.9 305.6 59.9 306.0 60.0 306.6
   3  6 67  0.0
  72.5 321.4 72.3 321.4 72.1 321.3 72.0 321.2 71.8 321.2 71.6 321.3 71.5 321.3
  71.3 321.3 71.2 321.4 71.0 321.4 70.8 321.5 70.7 321.5 70.5 321.5 70.3 321.6
  70.2 321.6 70.0 321.7 69.9 322.0 69.8 322.4 69.7 322.7 69.6 323.1 69.5 323.5
  69.5 324.0 69.5 324.4 69.7 324.9 69.8 325.5 70.0 326.1 70.2 326.4 70.4 326.7
  70.5 327.1 70.7 327.5 70.8 327.9 70.9 328.4 71.1 328.9 71.2 329.4 71.4 329.9
  71.5 330.5 71.5 331.2 71.6 331.9 71.7 332.6 71.7 333.3 71.8 334.0 71.9 334.6
  71.9 335.2 72.0 335.9 72.0 336.5 72.1 336.5 72.1 336.5 72.2 336.5 72.2 336.5
  72.3 336.4 72.3 336.4 72.4 336.3 72.4 336.3 72.5 336.2 72.5 336.2 72.6 336.2
  72.6 336.1 72.7 336.1 72.7 336.1 72.8 336.1 72.9 336.2 72.9 336.2 73.0 336.2
  73.1 336.2 73.1 336.3 73.2 336.4 73.2 336.4 73.3 336.5 73.3 336.6 73.4 336.7
  73.5 336.9 73.5 337.0 73.6 337.2 73.6 337.3 73.7 337.5 73.7 337.7 73.8 337.9
  73.9 338.2 73.9 338.4 74.0 338.7 74.1 338.8 74.2 338.9 74.3 339.0 74.4 339.1
  74.5 339.2 74.6 339.4 74.8 339.6 74.9 339.9 75.0 340.2 75.1 340.5 75.3 340.9
  75.4 341.4 75.6 341.9 75.7 342.5 75.8 343.3 75.9 344.1 76.0 345.1 76.1 345.6
  76.2 346.2 76.3 346.8 76.4 347.4 76.5 348.1 76.6 348.7 76.7 349.4 76.8 350.0
  76.9 350.7 77.0 351.3 77.1 352.0 77.1 352.7 77.2 353.3 77.3 354.0 77.3 354.7
  77.4 355.4 77.4 356.1 77.4 356.8 77.4 357.5 77.4 358.3 77.3 359.0 77.3 359.8
  77.2   0.5 77.2   0.7 77.1   0.9 77.0   1.1 76.9   1.2 76.8   1.4 76.7   1.6
  76.5   1.7 76.3   1.9 76.1   2.0 75.8   2.1 75.6   2.4 75.3   2.8 75.0   3.0
  74.6   3.3 74.2   3.6 73.9   3.8 73.5   4.1 73.1   4.4 72.7   4.6 72.3   4.8
  71.8   5.0 71.4   5.2 71.0   5.4 70.6   5.5 70.1   5.6 69.6   5.7 69.1   5.9
  68.5   6.0 68.0   6.0 67.4   6.0 66.9   6.0 66.3   5.9 65.7   5.8 65.1   5.7
  64.6   5.5 64.0   5.3 63.5   5.1 63.1   4.9 62.6   4.7 62.1   4.4 61.6   4.2
  61.1   3.9 60.5   3.6 59.9   3.3 59.4   2.9 59.0   2.6 58.6   2.1 58.2   1.7
  57.9   1.3 57.7   0.8 57.4   0.3 57.2 359.8 57.0 358.9 56.8 358.0 56.5 357.1
  56.3 356.2 56.0 355.2 55.9 354.3 55.8 353.4 55.7 352.4 55.6 351.4 55.7 350.4
  55.9 349.3 55.9 348.3 56.0 347.2 56.2 346.1 56.4 345.0 56.5 343.9 56.7 342.9
  56.9 341.8 57.1 340.8 57.3 339.8 57.6 338.9 57.9 337.9 58.1 337.0 58.4 336.3
  58.7 335.7 59.1 335.1 59.5 334.5 59.9 334.0 60.3 333.6 60.7 333.4 61.2 333.2
  61.7 333.0 62.1 332.9 62.6 333.0 63.1 333.1 63.6 333.2 64.0 333.3 64.4 333.4
  64.8 333.9 65.1 334.3 65.4 334.9 65.7 335.4 65.9 336.0 66.0 336.7 66.1 337.4
  66.2 338.2 66.3 338.8 66.3 339.5 66.4 340.1 66.3 340.7 66.1 341.1 66.0 341.6
  65.8 342.2 65.7 342.7 65.5 343.2 65.3 343.6 65.1 344.0 65.0 344.3 64.5 344.6
  64.1 344.7 63.6 344.9 63.2 345.0 62.8 345.1 62.3 345.1 61.9 345.1 61.4 345.0
  61.0 344.8 60.5 344.6 60.0 344.4
   3  7 67  0.0
  72.5 321.4 72.3 320.9 72.2 320.5 72.1 320.0 71.9 319.6 71.7 319.3 71.4 318.9
  71.2 318.6 70.9 318.4 70.6 318.1 70.4 317.9 70.1 317.7 69.8 317.6 69.6 317.5
  69.3 317.4 69.0 317.3 68.8 317.3 68.5 317.2 68.2 317.1 67.9 317.1 67.7 317.1
  67.4 317.0 67.2 317.0 66.9 317.0 66.7 316.9 66.5 316.9 66.3 316.8 66.1 316.8
  65.9 316.8 65.7 316.8 65.5 316.8 65.3 316.8 65.1 316.8 64.9 316.8 64.7 316.8
  64.5 316.8 64.3 316.8 64.1 316.8 63.9 316.8 63.8 316.6 63.6 316.4 63.5 316.2
  63.4 316.0 63.2 315.8 63.1 315.6 63.0 315.4 62.9 315.2 62.7 315.1 62.6 314.9
  62.5 314.8 62.4 314.6 62.3 314.5 62.3 314.4 62.2 314.2 62.2 314.1 62.1 314.0
  62.1 313.8 62.1 313.7 62.2 313.6 62.2 313.5 62.2 313.4 62.3 313.3 62.4 313.2
  62.5 313.2 62.6 313.2 62.8 313.2 63.0 313.3 63.1 313.5 63.3 313.7 63.5 313.9
  63.7 314.2 63.9 314.6 64.1 315.1 64.4 315.6 64.5 316.2 64.8 316.8 65.0 317.4
  65.2 318.0 65.3 318.6 65.4 319.1 65.5 319.7 65.6 320.2 65.7 320.6 65.8 321.0
  65.9 321.4 66.0 321.7 66.1 321.7 66.3 321.8 66.4 322.0 66.5 322.1 66.7 322.3
  66.8 322.4 67.0 322.7 67.1 322.9 67.3 323.1 67.5 323.4 67.6 323.8 67.8 324.1
  67.9 324.5 68.0 324.9 68.1 325.3 68.1 325.7 68.1 326.2 68.2 326.6 68.1 327.0
  68.1 327.3 68.0 327.7 68.0 328.0 67.9 328.3 67.9 328.6 67.9 328.9 68.0 329.2
  68.1 329.4 68.2 329.5 68.3 329.7 68.5 329.8 68.7 330.0 68.9 330.1 69.1 330.3
  69.3 330.4 69.5 330.5 69.8 330.6 70.0 330.8 70.3 330.9 70.5 331.2 70.7 331.4
  70.9 331.8 71.1 332.2 71.4 332.6 71.7 333.2 71.9 333.8 72.1 334.5 72.4 334.9
  72.6 335.3 72.8 335.8 73.0 336.3 73.2 336.8 73.4 337.4 73.5 338.0 73.7 338.6
  73.8 339.3 73.9 340.0 74.0 340.8 74.1 341.7 74.1 342.0 74.2 342.3 74.3 342.7
  74.3 343.1 74.4 343.5 74.5 344.0 74.6 344.5 74.7 345.1 74.8 345.8 74.9 346.5
  75.0 347.3 75.2 348.1 75.2 349.0 75.2 350.0 75.3 350.9 75.3 351.7 75.2 352.5
  75.1 353.2 75.0 353.8 74.8 354.3 74.6 354.8 74.5 355.1 74.3 355.3 74.0 355.4
  73.8 355.4 73.6 355.8 73.3 356.1 72.9 356.4 72.6 356.6 72.2 356.7 71.7 356.9
  71.3 357.2 70.8 357.3 70.3 357.4 69.7 357.4 69.2 357.2 68.6 356.9 68.0 356.6
  67.3 356.2 66.7 355.9 66.1 355.7 65.4 355.4 64.7 355.1 64.1 354.8 63.5 354.4
  62.9 353.7 62.4 352.9 62.0 352.1 61.6 350.8 61.2 349.4 60.9 348.1 60.6 346.8
  60.3 345.6 60.1 344.5 59.8 343.4 59.7 342.2 59.5 340.9 59.4 339.8 59.4 338.6
  59.3 337.5 59.3 336.5 59.3 335.4 59.3 334.5 59.3 333.7 59.3 333.0 59.4 332.4
  59.4 331.8 59.4 331.3 59.5 330.8 59.5 330.3 59.6 329.8 59.8 329.3 59.9 328.7
  60.1 328.2 60.3 328.0 60.5 327.7 60.6 327.5 60.8 327.2 61.0 327.0 61.2 326.8
  61.4 326.5 61.6 326.2 61.8 326.0 62.1 325.7 62.3 325.4 62.6 325.2 62.8 324.9
  63.1 324.6 63.3 324.3 63.6 324.0 63.6 323.6 63.7 323.3 63.7 323.0 63.8 322.6
  63.9 322.2 63.9 321.9 64.0 321.5
   3  8 67  0.0
  72.5 321.4 72.3 321.3 72.1 321.3 71.9 321.2 71.7 321.0 71.6 320.9 71.4 320.8
  71.3 320.7 71.1 320.6 71.0 320.5 70.9 320.4 70.7 320.3 70.6 320.3 70.5 320.2
  70.4 320.1 70.2 320.0 70.0 319.9 69.8 319.7 69.5 319.6 69.3 319.5 69.0 319.3
  68.7 319.2 68.5 319.0 68.2 318.8 67.9 318.6 67.6 318.7 67.4 318.7 67.1 318.8
  66.8 318.8 66.6 318.8 66.3 318.9 66.0 318.9 65.8 318.9 65.5 319.0 65.3 319.1
  65.1 319.2 64.9 319.3 64.7 319.4 64.5 319.5 64.3 319.5 64.1 319.6 63.9 319.7
  63.7 319.7 63.6 319.7 63.4 319.7 63.3 319.7 63.1 319.7 63.0 319.7 62.9 319.7
  62.8 319.7 62.6 319.7 62.5 319.6 62.4 319.6 62.3 319.5 62.1 319.5 62.0 319.4
  61.9 319.3 61.7 319.2 61.6 319.1 61.5 319.0 61.3 318.8 61.2 318.7 61.1 318.5
  61.0 318.3 60.9 318.1 60.8 317.9 60.7 317.7 60.6 317.5 60.5 317.3 60.4 317.0
  60.4 316.8 60.3 316.6 60.3 316.3 60.2 316.0 60.2 315.8 60.1 315.5 60.0 315.3
  60.0 315.0 59.9 314.8 59.9 314.6 59.9 314.4 59.9 314.2 59.9 313.9 60.0 313.7
  60.0 313.5 60.1 313.3 60.2 313.0 60.3 312.9 60.5 312.7 60.6 312.6 60.8 312.5
  61.1 312.5 61.3 312.5 61.5 312.5 61.8 312.6 62.1 312.7 62.4 313.0 62.7 313.4
  63.0 313.8 63.2 314.3 63.4 314.8 63.6 315.3 63.8 315.8 63.9 316.4 64.0 316.9
  64.1 317.4 64.2 317.8 64.2 318.2 64.3 318.5 64.3 318.8 64.3 319.1 64.3 319.4
  64.4 319.7 64.5 319.9 64.6 320.1 64.8 320.3 64.9 320.5 65.1 320.7 65.2 320.8
  65.4 320.9 65.6 321.0 65.8 321.1 66.0 321.2 66.1 321.4 66.2 321.7 66.3 322.0
  66.3 322.4 66.3 322.8 66.3 323.2 66.2 323.6 66.1 324.0 66.0 324.4 65.9 324.8
  65.7 325.2 65.5 325.5 65.4 325.8 65.2 326.0 65.0 326.2 64.9 326.3 64.7 326.5
  64.6 326.6 64.4 326.7 64.3 326.7 64.2 326.8 64.1 326.8 64.0 326.8 63.9 326.3
  63.9 325.9 63.8 325.6 63.8 325.2 63.8 324.9 63.8 324.7 63.9 324.4 63.9 324.1
  64.0 323.9 64.1 324.2 64.2 324.4 64.4 324.7 64.5 325.0 64.7 325.3 64.8 325.6
  64.8 326.0 64.9 326.3 65.0 326.7 65.0 327.0 65.1 327.4 65.1 327.7 65.1 328.1
  65.0 328.4 64.8 328.7 64.7 328.9 64.5 329.1 64.3 329.2 64.2 329.2 64.0 329.2
  63.8 328.7 63.7 328.2 63.5 327.7 63.2 327.2 62.9 326.7 62.5 326.1 62.2 325.6
  61.8 325.0 61.6 324.1 61.3 323.1 61.2 322.2 61.0 321.2 60.9 320.2 60.8 319.2
  60.8 318.2 60.7 317.3 60.6 316.4 60.5 315.5 60.4 314.7 60.3 313.9 60.2 313.2
  60.1 312.5 60.0 311.9 60.0 311.3 59.9 310.4 59.8 309.6 59.8 308.9 59.7 308.1
  59.6 307.5 59.5 306.8 59.5 306.1 59.4 305.5 59.3 304.7 59.3 304.0 59.2 303.2
  59.2 302.4 59.2 301.5 59.2 300.6 59.2 299.6 59.3 298.6 59.4 297.6 59.5 296.6
  59.6 295.5 59.8 294.5 59.9 293.4 60.1 292.4 60.3 291.4 60.5 290.3 60.8 289.3
  61.0 288.2 61.3 287.2 61.6 286.2 61.9 285.2 62.2 284.2 62.5 283.2 62.9 282.2
  63.3 281.2 63.6 280.3 64.0 279.4 64.4 278.6 64.8 277.8 65.2 277.1 65.6 276.3
  65.9 275.6 66.3 274.8 66.7 274.1
   3  9 67  0.0
  72.5 321.4 72.4 321.5 72.4 321.6 72.3 321.7 72.2 321.8 72.2 321.8 72.1 321.8
  72.0 321.8 72.0 321.7 71.9 321.6 71.9 321.5 71.8 321.4 71.8 321.3 71.8 321.2
  71.7 321.1 71.6 321.0 71.5 320.9 71.4 320.8 71.3 320.7 71.2 320.6 71.1 320.5
  70.9 320.4 70.7 320.2 70.6 320.1 70.4 320.0 70.1 319.9 69.9 319.8 69.6 319.7
  69.4 319.6 69.2 319.4 68.9 319.3 68.7 319.3 68.4 319.2 68.1 319.1 67.9 319.1
  67.6 319.0 67.3 318.9 67.0 318.9 66.7 318.8 66.4 318.8 66.1 318.7 65.8 318.7
  65.5 318.7 65.3 318.8 65.0 318.8 64.7 318.9 64.4 319.0 64.2 319.1 63.9 319.2
  63.7 319.2 63.5 319.2 63.2 319.2 63.0 319.2 62.8 319.2 62.6 319.2 62.4 319.2
  62.2 319.3 62.0 319.3 61.8 319.3 61.7 319.2 61.5 319.1 61.3 319.0 61.2 318.9
  61.0 318.8 60.9 318.7 60.7 318.6 60.6 318.6 60.4 318.5 60.3 318.5 60.2 318.4
  60.0 318.4 59.9 318.4 59.8 318.3 59.7 318.2 59.6 318.2 59.5 318.1 59.3 318.1
  59.2 318.0 59.1 317.9 59.0 317.9 58.9 317.8 58.7 317.7 58.6 317.7 58.5 317.6
  58.4 317.5 58.3 317.4 58.2 317.3 58.1 317.2 58.0 317.1 57.9 317.0 57.9 316.8
  57.8 316.6 57.7 316.4 57.6 316.2 57.5 315.9 57.4 315.7 57.3 315.5 57.2 315.3
  57.1 315.0 57.1 314.8 57.1 314.6 57.0 314.4 57.0 314.2 57.0 314.0 57.1 313.8
  57.1 313.7 57.2 313.5 57.3 313.4 57.3 313.2 57.5 313.1 57.6 313.0 57.8 312.8
  58.0 312.6 58.2 312.5 58.4 312.3 58.7 312.2 59.0 312.0 59.3 311.9 59.5 311.8
  59.7 311.7 59.9 311.6 60.1 311.5 60.4 311.6 60.6 311.8 60.8 312.1 61.1 312.4
  61.4 312.7 61.6 313.0 61.8 313.4 61.9 313.9 62.1 314.4 62.2 314.9 62.3 315.4
  62.3 315.9 62.4 316.4 62.4 316.8 62.5 317.2 62.5 317.5 62.6 317.8 62.7 318.0
  62.9 318.2 63.0 318.3 63.2 318.4 63.4 318.4 63.7 318.4 63.9 318.3 64.2 318.3
  64.4 318.4 64.6 318.5 64.7 318.7 64.8 318.9 64.9 319.2 65.0 319.5 65.0 319.8
  65.0 320.2 64.8 320.6 64.6 321.0 64.4 321.4 64.2 321.8 64.0 322.2 63.8 322.3
  63.6 322.3 63.3 322.3 63.1 322.2 62.9 322.1 62.6 322.0 62.3 321.9 62.0 321.8
  61.7 321.6 61.4 320.8 61.2 319.9 61.0 319.1 60.8 318.3 60.7 317.6 60.6 316.9
  60.6 316.3 60.5 315.7 60.6 315.0 60.7 314.4 60.8 313.8 60.9 313.2 61.1 312.6
  61.3 312.0 61.5 311.4 61.7 310.8 62.0 310.3 62.3 309.8 62.6 309.6 62.9 309.5
  63.2 309.3 63.5 309.2 63.8 309.1 64.1 309.0 64.4 309.2 64.7 309.3 65.0 309.5
  65.3 309.6 65.6 309.7 65.9 309.8 66.1 309.9 66.4 310.1 66.6 310.4 66.8 310.6
  67.0 310.8 67.2 311.1 67.4 311.3 67.6 311.6 67.8 311.8 67.9 312.0 68.0 312.1
  68.0 312.2 68.0 312.4 68.1 312.5 68.1 312.6 68.1 312.6 68.1 312.6 68.1 312.5
  68.1 312.5 68.1 312.3 68.1 312.2 68.1 312.0 68.0 311.8 68.0 311.5 67.9 311.2
  67.8 310.9 67.7 310.6 67.6 310.3 67.5 310.0 67.4 309.6 67.2 309.2 67.1 308.9
  66.9 308.6 66.8 308.3 66.7 308.1 66.5 307.9 66.4 307.8 66.3 307.7 66.2 307.6
  66.1 307.5 66.0 307.5 65.9 307.1
   3 10 67  0.0
  72.5 321.4 72.4 320.5 72.2 319.7 72.0 318.9 71.8 318.1 71.5 317.7 71.3 317.3
  71.1 317.0 70.9 316.6 70.6 316.4 70.4 316.1 70.2 315.9 69.9 315.7 69.6 315.7
  69.3 315.7 69.0 315.7 68.7 315.7 68.4 315.6 68.1 315.6 67.8 315.5 67.5 315.3
  67.1 315.0 66.8 314.8 66.4 314.4 66.0 314.1 65.7 313.7 65.3 313.3 65.0 312.8
  64.7 312.5 64.4 312.1 64.1 311.8 63.7 311.5 63.3 311.1 63.0 310.7 62.6 310.4
  62.2 310.0 61.8 309.7 61.4 309.3 61.1 308.8 60.7 308.4 60.3 308.0 59.9 307.6
  59.5 307.0 59.1 306.4 58.7 305.8 58.4 305.2 58.0 304.5 57.7 303.8 57.3 302.9
  57.0 301.9 56.6 301.0 56.2 300.0 55.9 299.1 55.4 298.0 55.0 296.9 54.6 295.8
  54.2 294.6 53.8 293.4 53.4 292.1 53.0 290.8 52.6 289.4 52.3 288.1 51.9 286.8
  51.7 285.5 51.4 284.4 51.1 283.2 51.0 282.1 50.8 280.9 50.5 279.8 50.4 278.6
  50.3 277.4 50.2 276.2 50.0 275.0 50.1 273.8 50.1 272.7 50.2 271.5 50.4 270.4
  50.6 269.3 50.7 268.2 50.9 267.1 51.1 265.9 51.3 264.8 51.5 263.6 51.9 262.5
  52.2 261.3 52.6 260.3 53.0 259.4 53.6 258.4 54.1 257.5 54.7 256.7 55.3 255.8
  55.9 254.9 56.6 253.9 57.2 253.0 57.8 252.1 58.5 251.1 59.1 250.3 59.8 249.5
  60.4 248.6 61.1 248.0 61.8 247.3 62.4 246.6 63.1 245.9 63.7 245.1 64.4 244.2
  65.1 243.4 65.7 242.6 66.3 241.6 66.9 240.9 67.5 240.1 68.1 239.3 68.7 238.7
  69.3 238.0 69.8 237.3 70.4 236.4 71.0 235.8 71.6 235.1 72.1 234.3 72.8 233.8
  73.4 233.2 74.0 232.6 74.6 231.8 75.2 231.4 75.7 230.7 76.2 229.9 76.8 229.5
  77.4 229.0 77.9 228.3 78.4 227.4 79.0 227.2 79.5 227.0 80.1 226.7 80.7 227.6
  81.3 228.7 81.8 230.0 82.2 231.3 82.7 233.3 83.2 235.4 83.6 237.7 83.9 240.2
  84.1 242.8 84.4 246.0 84.5 249.4 84.6 252.9 84.7 256.4 84.6 259.8 84.6 263.1
  84.4 266.2 84.2 269.1 84.0 271.8 83.8 273.5 83.5 274.9 83.2 276.2 82.9 277.4
  82.5 278.5 82.1 279.5 81.7 280.4 81.4 280.4 81.0 280.4 80.7 280.4 80.4 280.3
  80.1 280.2 79.8 280.1 79.6 279.6 79.5 279.1 79.4 278.6 79.4 277.9 79.3 277.3
  79.3 276.5 79.2 275.7 79.3 274.8 79.3 273.9 79.3 272.9 79.4 271.9 79.4 270.8
  79.5 269.6 79.6 268.4 79.7 267.2 79.8 265.9 79.9 264.4 80.0 263.0 80.1 261.4
  80.3 259.8 80.5 258.2 80.6 256.5 80.8 254.8 81.0 253.0 81.2 251.2 81.4 249.3
  81.6 247.5 81.8 245.6 82.0 243.8 82.2 241.9 82.5 240.1 82.7 238.2 83.0 236.2
  83.2 234.1 83.5 231.8 83.7 229.4 83.9 226.7 84.2 223.8 84.5 221.7 84.8 219.3
  85.1 216.5 85.4 213.4 85.6 209.9 85.9 205.9 86.1 201.4 86.4 199.0 86.6 196.3
  86.9 193.3 87.1 189.9 87.3 186.2 87.4 182.1 87.6 177.7 87.7 173.1 87.9 168.5
  88.0 163.8 88.1 159.2 88.3 154.6 88.5 150.0 88.7 145.2 88.9 140.1 89.1 134.5
  89.3 128.0 89.3 120.3 89.4 110.2 89.4  98.0 89.2  83.4 89.0  66.0 89.0  65.7
  89.0  65.4 88.9  65.0 88.9  64.7 88.9  64.4 88.9  64.1 88.9  63.8 88.9  63.4
  88.9  63.1 88.9  62.8 88.9  62.5
   3 11 67  0.0
  72.5 321.4 72.1 321.6 71.8 321.7 71.5 322.1 71.1 322.5 70.8 322.8 70.4 323.0
  70.1 323.2 69.7 323.3 69.4 323.8 69.1 324.2 68.9 324.5 68.7 324.9 68.5 325.2
  68.3 325.4 68.1 325.6 67.9 325.8 67.8 326.4 67.6 327.1 67.5 327.8 67.3 328.4
  67.3 329.1 67.3 329.7 67.2 330.2 67.2 330.8 67.2 331.2 67.2 331.7 67.1 332.0
  67.1 332.3 67.0 332.6 66.9 332.8 66.8 333.0 66.7 333.1 66.6 333.3 66.5 333.3
  66.3 333.4 66.1 333.4 65.9 333.4 65.7 333.5 65.6 333.6 65.4 333.6 65.2 333.5
  65.0 333.4 64.9 333.2 64.7 333.0 64.6 332.8 64.5 332.4 64.3 332.1 64.2 331.7
  64.1 331.2 64.0 330.8 63.9 330.4 63.8 330.0 63.8 329.6 63.7 329.3 63.6 328.9
  63.6 328.5 63.6 328.1 63.6 327.7 63.5 327.3 63.5 326.9 63.4 326.5 63.4 326.1
  63.4 325.7 63.3 325.3 63.2 325.0 63.2 324.6 63.1 324.3 63.0 324.0 62.9 323.7
  62.8 323.5 62.6 323.2 62.4 323.0 62.2 322.8 62.0 322.7 61.8 322.5 61.6 322.2
  61.4 321.8 61.2 321.6 61.0 321.3 60.7 321.1 60.5 320.9 60.3 320.7 60.1 320.6
  59.8 320.4 59.6 320.2 59.4 320.0 59.3 319.9 59.1 319.7 58.9 319.5 58.8 319.4
  58.7 319.2 58.6 319.1 58.5 318.9 58.4 318.8 58.3 318.7 58.3 318.6 58.3 318.5
  58.2 318.3 58.1 318.2 58.1 318.0 58.0 317.8 57.9 317.5 57.8 317.1 57.7 316.7
  57.6 316.3 57.4 315.8 57.3 315.3 57.2 314.8 57.1 314.3 56.9 313.8 56.8 313.4
  56.7 313.0 56.6 312.6 56.5 312.3 56.5 312.0 56.5 311.7 56.6 311.5 56.7 311.4
  56.8 311.2 56.9 311.1 57.0 311.0 57.1 310.9 57.2 310.9 57.2 310.8 57.3 310.7
  57.3 310.7 57.3 310.6 57.2 310.5 57.2 310.5 57.1 310.4 57.1 310.4 57.0 310.4
  56.9 310.3 56.8 310.3 56.6 310.2 56.5 310.1 56.4 310.0 56.3 309.9 56.1 309.8
  56.0 309.6 55.9 309.4 55.8 309.2 55.7 308.9 55.5 308.6 55.4 308.3 55.3 308.0
  55.2 307.7 55.1 307.5 54.9 307.2 54.8 306.9 54.7 306.7 54.5 306.4 54.4 306.2
  54.2 306.0 54.1 305.8 54.0 305.5 53.9 305.2 53.8 304.9 53.7 304.5 53.6 304.2
  53.5 303.9 53.4 303.6 53.2 303.4 53.1 303.1 53.0 302.8 52.9 302.5 52.8 302.3
  52.7 302.0 52.7 301.8 52.6 301.5 52.5 301.3 52.5 301.0 52.4 300.8 52.4 300.5
  52.4 300.3 52.4 300.0 52.4 299.8 52.2 299.5 52.1 299.2 52.0 299.0 51.9 298.7
  51.8 298.3 51.7 297.9 51.7 297.6 51.6 297.2 51.6 296.8 51.6 296.4 51.6 296.0
  51.6 295.7 51.4 295.3 51.3 295.0 51.2 294.6 51.0 294.3 50.9 294.0 50.8 293.7
  50.8 293.4 50.8 293.2 50.8 293.0 50.8 292.9 50.8 292.7 50.9 292.6 51.0 292.6
  51.1 292.5 51.2 292.5 51.4 292.5 51.5 292.5 51.7 292.6 51.9 292.7 52.0 292.8
  52.2 293.0 52.4 293.3 52.6 293.6 52.8 294.0 53.1 294.4 53.3 294.9 53.6 295.4
  53.8 296.0 54.1 296.5 54.2 296.9 54.3 297.3 54.4 297.7 54.5 298.1 54.6 298.5
  54.6 298.8 54.6 299.2 54.5 299.5 54.5 299.8 54.4 300.1 54.1 300.3 53.7 300.5
  53.4 300.4 53.0 300.3 52.5 300.1 52.1 299.9 51.8 299.7 51.5 299.1 51.2 298.6
  50.8 298.1 50.4 297.6 50.0 297.0
   3 12 67  0.0
  72.5 321.4 72.2 321.4 71.9 321.5 71.6 322.0 71.3 322.4 70.9 322.9 70.6 323.3
  70.1 323.7 69.7 324.0 69.5 325.0 69.3 325.9 69.0 326.8 68.8 327.6 68.5 328.4
  68.4 329.1 68.3 329.8 68.3 330.5 68.2 331.2 68.1 331.9 68.0 332.6 68.0 333.5
  68.1 334.2 68.1 335.0 68.1 335.7 68.0 336.5 68.1 337.3 68.1 338.0 68.2 338.7
  68.3 339.4 68.3 340.0 68.4 340.6 68.5 341.1 68.6 341.7 68.7 342.2 68.9 342.7
  69.0 343.1 69.1 343.6 69.1 344.0 69.2 344.3 69.3 344.6 69.3 344.7 69.4 344.7
  69.4 344.7 69.4 344.5 69.4 344.3 69.4 343.9 69.4 343.5 69.5 342.9 69.4 342.3
  69.4 341.6 69.4 340.9 69.4 340.3 69.4 339.6 69.4 339.0 69.4 338.4 69.4 337.8
  69.4 337.3 69.4 336.7 69.4 336.2 69.4 335.8 69.3 335.3 69.2 334.9 69.1 334.5
  69.1 334.1 69.0 333.7 68.9 333.3 68.8 333.0 68.7 332.6 68.6 332.3 68.6 332.0
  68.5 331.6 68.4 331.3 68.4 331.0 68.3 330.6 68.2 330.3 68.2 330.0 68.2 329.8
  68.2 329.5 68.2 329.3 68.2 329.2 68.2 329.0 68.3 328.9 68.4 328.8 68.4 328.7
  68.5 328.7 68.6 328.7 68.7 328.6 68.8 328.6 68.9 328.6 69.0 328.6 69.1 328.6
  69.1 328.6 69.2 328.6 69.2 328.5 69.2 328.5 69.3 328.5 69.3 328.5 69.3 328.5
  69.3 328.5 69.3 328.4 69.3 328.3 69.3 328.2 69.3 328.0 69.3 327.8 69.2 327.6
  69.1 327.3 69.0 327.0 69.0 326.8 68.9 326.5 68.8 326.2 68.8 325.9 68.7 325.6
  68.6 325.4 68.6 325.1 68.6 324.9 68.5 324.7 68.5 324.5 68.5 324.3 68.5 324.1
  68.5 324.0 68.3 323.8 68.2 323.6 68.0 323.5 67.9 323.3 67.8 323.3 67.7 323.4
  67.6 323.4 67.5 323.5 67.3 323.5 67.2 323.5 67.1 323.6 67.0 323.7 66.9 323.7
  66.9 323.8 66.8 323.8 66.7 323.9 66.6 324.0 66.5 324.1 66.6 324.2 66.6 324.3
  66.7 324.4 66.8 324.6 66.8 324.7 66.9 324.9 66.9 325.1 67.0 325.3 67.0 325.5
  67.1 325.7 67.1 326.0 67.1 326.2 67.1 326.4 67.1 326.7 67.1 326.9 67.1 327.2
  67.1 327.5 67.1 327.7 67.1 328.0 67.0 328.2 67.2 328.5 67.4 328.8 67.6 329.2
  67.8 329.6 68.0 330.0 68.3 330.4 68.6 330.9 68.9 331.4 69.2 332.0 69.5 332.7
  69.9 333.5 70.3 334.3 70.6 335.2 70.9 336.1 71.2 337.1 71.5 338.1 71.7 339.1
  71.9 340.1 72.1 341.1 72.2 341.7 72.3 342.3 72.4 342.8 72.5 343.4 72.5 343.8
  72.6 344.2 72.6 344.6 72.7 344.9 72.7 345.2 72.8 345.4 72.8 345.5 72.9 345.6
  73.0 345.7 73.1 345.7 73.2 345.7 73.3 345.6 73.4 345.4 73.5 345.3 73.6 345.2
  73.8 345.2 73.9 345.1 74.1 345.1 74.2 344.8 74.4 344.4 74.5 344.1 74.6 343.8
  74.7 343.6 74.8 343.3 74.8 343.1 74.9 343.0 75.0 342.8 75.1 342.7 75.1 342.6
  75.2 342.5 75.3 342.4 75.4 342.4 75.4 342.3 75.5 342.3 75.6 342.3 75.7 342.3
  75.8 342.4 75.8 342.4 75.9 342.5 76.0 342.7 76.1 342.7 76.2 342.8 76.3 342.8
  76.3 342.9 76.4 343.1 76.5 343.2 76.6 343.4 76.6 343.6 76.7 343.9 76.7 344.2
  76.8 344.5 76.9 344.9 77.0 345.3 77.1 345.7 77.1 346.3 77.2 346.8 77.2 347.5
  77.3 348.2 77.3 349.0 77.3 349.8
   3 13 67  0.0
  72.5 321.4 72.4 321.6 72.2 321.7 72.1 321.8 72.0 321.9 71.8 322.6 71.7 323.2
  71.6 323.7 71.5 324.2 71.5 324.7 71.5 325.1 71.5 325.4 71.5 325.8 71.6 326.1
  71.6 326.4 71.7 326.7 71.7 327.0 71.7 327.3 71.7 327.6 71.6 327.8 71.6 328.1
  71.7 328.3 71.9 328.5 72.0 328.7 72.1 328.9 72.2 328.7 72.3 328.5 72.4 328.3
  72.5 328.1 72.6 328.0 72.5 327.8 72.4 327.7 72.2 327.6 72.1 327.5 71.9 327.4
  71.8 327.7 71.6 328.1 71.6 328.4 71.6 328.7 71.5 329.1 71.5 329.4 71.4 329.8
  71.3 330.1 71.3 330.5 71.2 330.9 71.0 331.2 70.9 331.6 70.8 332.0 70.7 332.4
  70.6 332.8 70.6 333.1 70.5 333.4 70.5 333.7 70.5 333.8 70.5 334.0 70.4 334.1
  70.4 334.1 70.4 334.1 70.4 334.0 70.4 333.9 70.5 333.7 70.5 333.5 70.5 333.3
  70.5 333.0 70.6 332.6 70.6 332.2 70.7 331.7 70.7 331.1 70.7 330.5 70.8 329.9
  70.8 329.1 70.9 328.3 71.0 327.5 70.9 326.6 70.9 325.7 70.9 324.9 70.8 324.1
  70.8 323.4 70.6 322.7 70.4 322.1 70.3 321.5 70.1 321.0 69.9 320.6 69.7 320.5
  69.6 320.5 69.4 320.4 69.3 320.4 69.1 320.3 69.0 320.1 68.8 320.0 68.6 319.8
  68.3 319.7 68.1 319.5 67.8 319.3 67.6 319.0 67.3 318.7 67.1 318.3 66.9 317.8
  66.6 317.5 66.4 317.1 66.2 316.8 66.0 316.5 65.8 316.3 65.6 316.0 65.4 315.8
  65.1 315.6 64.9 315.4 64.6 315.3 64.3 315.1 64.1 315.1 63.8 315.0 63.6 314.6
  63.4 314.3 63.1 314.1 62.9 313.8 62.7 313.5 62.5 313.3 62.3 313.1 62.1 312.9
  61.9 312.7 61.7 312.3 61.6 311.9 61.4 311.4 61.2 311.0 60.9 310.6 60.7 310.3
  60.5 309.9 60.3 309.5 60.0 309.2 59.8 308.9 59.6 308.3 59.4 307.8 59.0 307.3
  58.7 306.8 58.4 306.3 58.1 305.8 57.8 305.3 57.6 304.6 57.3 303.9 57.0 303.2
  56.7 302.5 56.4 301.8 56.1 301.1 55.8 300.5 55.6 299.9 55.4 299.3 55.2 298.6
  55.0 297.9 54.8 297.2 54.6 296.4 54.4 295.6 54.2 294.8 54.0 294.0 53.7 293.2
  53.5 292.3 53.2 291.5 52.9 290.7 52.7 289.9 52.4 289.0 52.2 288.2 51.9 287.3
  51.7 286.4 51.6 285.4 51.4 284.4 51.2 283.4 51.0 282.4 50.9 281.4 50.7 280.4
  50.5 279.3 50.4 278.3 50.3 277.3 50.2 276.3 50.0 275.4 50.1 274.4 50.1 273.4
  50.1 272.5 50.0 271.6 50.2 270.7 50.3 269.8 50.4 269.0 50.5 268.3 50.6 267.6
  50.8 266.9 51.0 266.2 51.2 265.5 51.4 264.9 51.5 264.2 51.7 263.5 51.9 262.8
  52.2 262.2 52.4 261.6 52.6 261.1 52.8 260.6 53.0 260.1 53.2 259.6 53.5 259.1
  53.8 258.5 54.2 258.0 54.5 257.5 54.8 257.1 55.1 256.6 55.4 256.1 55.7 255.6
  56.1 255.1 56.6 254.6 57.0 254.1 57.4 253.6 57.8 253.1 58.1 252.6 58.5 252.1
  58.8 251.6 59.2 251.1 59.6 250.7 60.0 250.2 60.4 249.7 60.8 249.1 61.1 248.6
  61.5 248.1 61.8 247.5 62.1 246.9 62.5 246.2 62.8 245.5 63.2 244.8 63.5 244.0
  63.8 243.3 64.1 242.6 64.5 241.8 64.9 241.0 65.2 240.1 65.5 239.3 65.9 238.4
  66.2 237.5 66.5 236.6 66.8 235.7 67.1 234.8 67.4 233.8 67.6 232.9 67.9 231.9
  68.1 231.0 68.3 230.1 68.5 229.3
   3 14 67  0.0
  72.5 321.4 72.3 321.7 72.2 322.0 72.0 322.2 71.8 322.7 71.6 323.2 71.4 323.7
  71.2 324.1 71.1 324.5 71.0 324.9 70.9 325.3 70.8 325.6 70.6 325.9 70.5 326.3
  70.4 326.6 70.2 326.9 70.1 327.2 70.0 327.6 69.8 328.6 69.8 329.5 69.8 330.5
  69.7 331.3 69.7 332.2 69.7 333.0 69.7 333.9 69.6 334.7 69.6 335.5 69.7 336.2
  69.8 336.9 70.0 337.5 70.2 338.1 70.4 338.3 70.6 338.6 70.9 338.8 71.2 339.1
  71.5 339.4 71.8 339.7 72.1 340.0 72.5 340.0 72.9 340.0 73.2 340.1 73.6 340.1
  74.0 340.1 74.4 340.1 74.8 339.8 75.1 339.5 75.5 339.1 75.8 338.7 76.1 338.4
  76.5 337.8 76.8 337.2 77.1 336.6 77.4 335.9 77.6 335.2 77.8 334.5 77.9 333.8
  78.1 333.0 78.3 332.4 78.4 331.9 78.5 331.3 78.6 330.8 78.6 330.4 78.7 330.0
  78.8 329.6 78.8 329.2 78.9 328.9 78.9 328.6 79.0 328.3 79.0 328.1 79.0 328.0
  79.0 327.9 79.0 327.8 79.0 327.8 79.0 327.8 78.9 327.8 78.9 327.8 79.0 327.8
  79.0 327.8 79.0 327.8 79.0 327.8 79.1 327.8 79.2 327.8 79.2 327.7 79.3 327.7
  79.4 327.7 79.5 327.7 79.6 327.7 79.8 327.7 79.9 327.8 80.0 328.0 80.2 329.1
  80.3 330.4 80.5 331.7 80.6 333.1 80.8 334.6 80.9 336.2 81.1 337.9 81.2 339.6
  81.4 341.5 81.5 343.3 81.6 345.3 81.7 347.3 81.7 349.4 81.7 351.5 81.7 353.7
  81.7 355.9 81.6 358.1 81.5   0.3 81.4   0.6 81.3   1.0 81.1   1.3 81.0   1.6
  80.9   2.0 80.8   2.3 80.7   2.7 80.6   3.0 80.5   3.4 80.4   3.7 80.4   4.1
  80.2   4.4 80.1   4.8 80.0   5.1 79.9   5.5 79.8   5.6 79.7   5.7 79.6   5.8
  79.5   6.0 79.3   6.1 79.2   6.2 79.0   6.4 78.9   6.5 78.7   6.6 78.5   6.8
  78.3   6.9 78.1   7.0 77.9   7.2 77.8   7.2 77.6   7.1 77.5   7.1 77.4   7.0
  77.3   7.0 77.2   6.9 77.1   6.8 77.1   6.7 77.0   6.6 77.0   6.4 76.9   6.3
  76.9   6.2 76.8   6.1 76.8   6.0 76.8   6.0 76.7   5.9 76.7   5.9 76.7   5.8
  76.7   5.8 76.7   5.8 76.7   5.8 76.7   5.8 76.7   5.8 76.7   5.8 76.7   5.9
  76.7   5.9 76.8   5.9 76.8   5.9 76.8   5.9 76.8   5.9 76.9   5.9 76.9   5.9
  76.9   5.8 77.0   5.8 77.0   5.8 77.1   5.8 77.1   5.8 77.1   5.8 77.2   5.8
  77.2   5.9 77.2   5.9 77.2   5.9 77.3   6.0 77.3   6.0 77.3   6.1 77.3   6.1
  77.3   6.2 77.3   6.2 77.3   6.3 77.2   6.3 77.2   6.4 77.1   6.4 77.1   6.5
  77.0   6.5 76.9   6.5 76.8   6.6 76.6   6.6 76.5   6.6 76.3   6.7 76.2   6.7
  76.0   6.8 75.9   6.8 75.7   6.9 75.6   7.0 75.4   7.0 75.3   7.1 75.1   7.2
  74.9   7.3 74.7   7.4 74.5   7.5 74.3   7.6 74.1   7.7 73.9   7.7 73.7   7.7
  73.5   7.7 73.3   7.7 73.0   7.7 72.8   7.7 72.5   7.7 72.1   7.7 71.8   7.7
  71.4   7.5 71.1   7.3 70.7   7.1 70.3   6.9 69.9   6.6 69.6   6.3 69.2   5.9
  68.8   5.5 68.5   5.1 68.1   4.8 67.8   4.5 67.5   4.0 67.0   3.6 66.6   3.1
  66.2   2.7 65.9   2.3 65.6   1.8 65.3   1.3 65.1   0.8 64.9   0.3 64.8 359.8
  64.6 358.6 64.4 357.4 64.3 356.2
   3 15 67  0.0
  72.5 321.4 72.6 321.8 72.7 322.2 72.8 322.6 72.8 323.0 72.9 323.5 73.0 323.9
  73.0 324.4 73.1 324.8 73.3 325.3 73.3 325.7 73.4 326.2 73.5 326.7 73.6 327.1
  73.6 327.5 73.7 327.9 73.7 328.2 73.8 328.5 73.9 328.7 74.0 328.9 74.0 329.0
  74.1 328.9 74.2 328.8 74.3 328.6 74.4 328.3 74.5 328.0 74.6 327.7 74.6 327.4
  74.6 327.0 74.7 326.6 74.7 326.2 74.7 325.8 74.8 325.4 74.8 324.9 74.9 324.4
  74.9 323.9 74.9 323.4 74.9 322.9 74.9 322.4 74.8 322.0 74.8 321.6 74.8 321.2
  74.7 320.9 74.7 320.5 74.6 320.2 74.5 319.9 74.3 319.6 74.2 319.3 74.0 319.1
  73.8 319.3 73.6 319.5 73.4 319.6 73.2 319.8 73.0 319.9 72.8 319.9 72.6 320.0
  72.3 320.0 72.1 319.9 71.8 319.9 71.6 320.5 71.4 321.1 71.3 321.6 71.2 322.0
  71.0 322.4 70.8 322.8 70.6 323.2 70.3 323.5 70.0 323.8 69.7 324.1 69.6 325.0
  69.5 325.9 69.4 326.7 69.3 327.5 69.1 328.2 69.2 328.8 69.2 329.5 69.3 330.1
  69.4 330.8 69.4 331.4 69.4 332.0 69.6 332.6 69.8 333.3 70.0 333.9 70.2 334.5
  70.4 334.8 70.5 335.0 70.7 335.2 70.9 335.5 71.0 335.7 71.1 336.0 71.2 336.2
  71.4 336.5 71.6 336.8 71.8 337.1 72.0 337.4 72.1 337.7 72.2 337.5 72.3 337.3
  72.4 337.1 72.4 336.8 72.5 336.5 72.6 336.1 72.7 335.7 72.7 335.3 72.7 334.9
  72.8 334.4 72.8 333.9 72.9 333.3 72.9 332.8 73.0 332.2 73.0 331.6 73.0 331.0
  73.1 330.3 73.1 329.7 73.1 328.9 73.1 328.2 73.2 327.4 73.1 326.6 73.1 325.7
  73.1 324.8 73.1 323.8 73.0 322.8 72.9 321.9 72.8 321.0 72.7 320.2 72.6 319.3
  72.4 318.6 72.2 317.9 72.0 317.3 71.8 316.9 71.6 316.6 71.4 316.4 71.3 316.1
  71.1 315.9 70.8 315.8 70.5 315.6 70.3 315.5 70.0 315.5 69.7 315.4 69.4 315.4
  69.1 315.3 68.8 315.2 68.5 315.1 68.2 315.0 67.8 314.9 67.5 314.5 67.1 314.1
  66.8 313.8 66.4 313.5 66.1 313.3 65.8 313.1 65.5 312.8 65.2 312.5 64.9 312.3
  64.6 312.1 64.4 312.0 64.0 311.8 63.6 311.5 63.3 311.2 62.9 310.8 62.6 310.6
  62.3 310.3 62.0 310.1 61.7 309.6 61.4 309.2 61.1 308.7 60.9 308.3 60.6 307.9
  60.3 307.4 60.1 307.0 59.8 306.6 59.5 305.9 59.2 305.2 58.9 304.5 58.6 303.8
  58.3 303.1 57.9 302.5 57.5 301.6 57.2 300.6 56.9 299.7 56.4 298.7 56.0 297.8
  55.6 296.8 55.3 295.6 54.9 294.4 54.5 293.2 54.2 292.0 53.9 290.9 53.7 289.8
  53.5 288.7 53.2 287.5 53.0 286.4 52.7 285.3 52.5 284.2 52.2 283.0 52.0 281.9
  51.7 280.8 51.6 279.6 51.5 278.5 51.4 277.3 51.4 276.1 51.4 274.9 51.5 273.7
  51.5 272.5 51.5 271.1 51.6 269.8 51.6 268.4 51.7 267.1 51.8 265.8 52.1 264.6
  52.3 263.5 52.7 262.3 53.1 261.1 53.6 260.0 54.0 258.8 54.4 257.6 54.8 256.3
  55.3 255.0 55.7 253.8 56.2 252.7 56.7 251.6 57.3 250.6 57.9 249.6 58.4 248.6
  59.0 247.6 59.6 246.6 60.1 245.6 60.7 244.5 61.3 243.4 61.8 242.2 62.3 241.1
  62.9 240.0 63.3 238.8 63.8 237.6 64.3 236.5 64.8 235.3 65.2 234.0 65.6 232.8
  66.0 231.5 66.3 230.2 66.7 228.9
   3 16 67  0.0
  72.5 321.4 72.6 321.4 72.7 321.4 72.7 321.4 72.8 321.5 72.9 321.5 73.0 321.6
  73.1 321.7 73.3 321.8 73.4 321.9 73.5 322.1 73.6 322.2 73.7 322.4 73.9 322.6
  74.0 322.8 74.1 323.0 74.2 323.4 74.4 323.7 74.5 324.1 74.7 324.5 74.8 324.8
  75.0 325.2 75.2 325.6 75.4 326.0 75.5 326.4 75.7 326.8 75.9 327.2 76.0 327.7
  76.2 327.9 76.4 328.1 76.6 328.4 76.8 328.6 76.9 328.8 77.1 329.0 77.3 329.2
  77.5 329.4 77.6 329.5 77.8 329.7 77.9 329.8 78.1 329.9 78.3 329.7 78.5 329.6
  78.7 329.4 78.9 329.3 79.1 329.1 79.3 328.9 79.4 328.7 79.6 328.5 79.8 328.3
  80.0 328.1 80.1 327.9 80.3 327.6 80.5 327.3 80.7 327.0 80.9 326.6 81.0 326.2
  81.2 325.8 81.3 325.3 81.5 324.8 81.7 324.3 81.8 323.7 81.9 323.1 82.1 322.4
  82.2 321.8 82.4 321.1 82.5 320.3 82.6 319.6 82.8 318.7 82.9 317.9 83.0 317.0
  83.1 316.0 83.2 315.0 83.3 314.0 83.5 313.0 83.6 311.9 83.7 310.8 83.7 309.7
  83.8 308.6 83.9 307.4 84.0 306.3 84.1 304.7 84.2 303.0 84.3 301.3 84.4 299.7
  84.5 298.0 84.6 296.3 84.6 294.7 84.7 293.2 84.8 291.7 84.8 290.4 84.9 289.2
  84.9 288.0 85.0 287.0 85.0 286.2 85.1 285.4 85.1 284.8 85.2 284.3 85.2 283.9
  85.3 283.6 85.4 283.3 85.4 283.1 85.5 283.0 85.6 282.9 85.7 282.9 85.8 283.0
  85.9 283.2 86.0 283.4 86.1 283.7 86.3 280.5 86.4 277.0 86.6 273.3 86.8 269.2
  87.0 264.8 87.1 259.9 87.2 254.5 87.3 248.6 87.4 242.2 87.4 235.5 87.3 228.6
  87.2 221.8 87.1 215.2 86.9 209.1 86.7 203.9 86.4 199.5 86.1 196.0 85.7 193.1
  85.4 191.2 85.1 189.6 84.8 188.3 84.5 187.1 84.2 186.2 83.9 185.4 83.7 184.6
  83.5 183.9 83.3 183.3 83.1 182.7 82.9 182.1 82.8 181.5 82.6 180.9 82.4 180.4
  82.3 179.8 82.1 179.3 82.0 178.7 81.9 178.1 81.8 177.5 81.7 176.9 81.6 176.2
  81.5 175.5 81.4 174.8 81.4 174.0 81.3 173.1 81.2 172.2 81.2 171.2 81.1 170.2
  81.1 169.2 81.0 168.1 81.0 167.0 80.9 165.9 80.8 164.8 80.7 163.7 80.6 162.6
  80.5 161.6 80.4 160.5 80.3 159.5 80.2 158.5 80.2 157.6 80.1 156.6 80.0 155.7
  80.0 154.8 79.9 154.6 79.9 154.3 79.8 154.1 79.8 153.7 79.8 153.3 79.7 152.9
  79.7 152.4 79.7 151.9 79.6 151.4 79.6 150.8 79.5 150.1 79.5 149.4 79.5 148.7
  79.4 148.0 79.4 147.3 79.3 146.7 79.3 146.2 79.2 145.7 79.1 145.2 79.1 144.8
  79.0 144.4 79.0 144.0 78.9 143.7 78.8 143.4 78.7 143.1 78.7 142.8 78.6 142.6
  78.6 142.3 78.5 142.1 78.5 141.8 78.5 141.5 78.5 141.3 78.5 141.0 78.6 140.7
  78.6 140.4 78.7 140.2 78.7 139.9 78.8 139.6 78.8 139.4 78.8 139.3 78.8 139.2
  78.8 139.1 78.8 139.1 78.8 139.1 78.8 139.2 78.8 139.4 78.8 139.6 78.8 139.8
  78.8 140.1 78.8 140.4 78.8 140.7 78.8 141.0 78.8 141.3 78.9 141.6 78.9 141.9
  78.9 142.2 78.9 142.5 78.9 142.8 79.0 143.1 79.0 143.4 79.0 143.7 79.0 144.0
  79.1 144.3 79.1 144.4 79.1 144.6 79.2 144.7 79.2 144.7 79.2 144.6 79.2 144.5
  79.2 144.3 79.2 144.0 79.2 143.7
   3 17 67  0.0
  72.5 321.4 72.5 321.7 72.5 322.0 72.5 322.3 72.5 322.7 72.5 323.0 72.5 323.4
  72.4 323.7 72.4 324.1 72.4 324.5 72.3 324.9 72.2 325.2 72.1 325.6 72.0 325.9
  71.9 326.2 71.8 326.5 71.8 326.7 71.7 326.8 71.7 326.9 71.7 326.9 71.7 326.9
  71.7 326.9 71.7 326.8 71.8 326.6 71.8 326.4 71.9 326.2 72.0 325.9 72.1 326.0
  72.2 326.0 72.3 326.0 72.4 326.1 72.6 326.2 72.7 326.3 72.8 326.4 73.0 326.5
  73.1 326.7 73.2 326.8 73.4 327.0 73.6 327.2 73.7 327.4 73.9 327.7 74.0 328.0
  74.2 328.4 74.4 328.9 74.6 329.4 74.8 329.9 75.0 330.4 75.2 330.9 75.4 331.4
  75.7 332.0 75.9 332.5 76.1 333.0 76.3 333.3 76.5 333.6 76.7 333.9 76.9 334.2
  77.0 334.5 77.2 334.7 77.4 334.9 77.5 335.1 77.7 335.2 77.8 335.4 78.0 335.5
  78.1 335.5 78.3 335.4 78.5 335.4 78.7 335.3 78.9 335.2 79.1 335.1 79.2 335.0
  79.4 334.9 79.6 334.8 79.8 334.7 80.0 334.6 80.2 334.5 80.4 334.4 80.6 334.3
  80.8 334.1 81.0 334.0 81.1 333.8 81.3 333.6 81.5 333.4 81.7 333.2 81.8 332.9
  82.0 332.6 82.1 332.3 82.3 331.9 82.4 331.5 82.6 331.1 82.7 330.6 82.9 330.1
  83.0 329.4 83.2 328.8 83.3 328.0 83.4 327.2 83.5 326.4 83.7 325.5 83.8 324.5
  83.9 323.4 84.0 322.4 84.2 321.1 84.3 319.7 84.4 318.3 84.6 316.9 84.7 315.4
  84.8 313.8 84.9 312.2 85.0 310.6 85.1 308.8 85.2 307.1 85.3 305.3 85.4 303.6
  85.5 301.9 85.6 300.4 85.6 298.9 85.7 297.5 85.8 296.3 85.8 295.1 85.9 294.1
  86.0 293.3 86.0 292.6 86.1 290.0 86.2 287.2 86.3 284.3 86.4 281.2 86.5 277.9
  86.7 274.3 86.8 270.4 86.9 266.1 87.0 261.4 87.0 256.1 87.1 250.3 87.1 244.1
  87.1 237.5 87.0 230.9 86.9 224.6 86.7 218.7 86.5 213.3 86.2 208.5 85.9 204.2
  85.6 201.1 85.4 198.3 85.1 195.8 84.7 193.5 84.4 191.5 83.9 189.7 83.6 188.6
  83.3 187.6 83.0 186.7 82.7 185.9 82.4 185.1 82.1 184.4 81.8 183.8 81.6 183.2
  81.4 182.6 81.2 182.0 81.0 181.4 80.8 180.9 80.6 180.3 80.5 179.8 80.3 179.3
  80.1 178.8 80.0 178.3 79.9 177.9 79.8 177.5 79.7 177.1 79.6 176.7 79.5 176.3
  79.4 175.9 79.3 175.5 79.3 175.1 79.2 174.6 79.1 174.2 79.1 173.8 79.0 173.4
  79.0 173.0 78.9 172.5 78.9 172.1 78.8 171.7 78.8 171.3 78.7 170.9 78.6 170.6
  78.6 170.2 78.5 169.8 78.5 169.3 78.4 168.9 78.4 168.5 78.3 168.0 78.3 167.6
  78.3 167.1 78.2 166.6 78.2 166.2 78.1 165.7 78.1 165.3 78.1 164.8 78.0 164.3
  78.0 163.8 78.0 163.3 78.0 162.8 78.0 162.3 78.0 161.7 78.0 161.1 78.1 160.5
  78.1 159.8 78.1 159.2 78.1 158.4 78.2 157.7 78.2 157.1 78.2 156.4 78.2 155.8
  78.2 155.2 78.2 154.7 78.2 154.1 78.2 153.6 78.1 153.2 78.1 152.7 78.1 152.3
  78.1 151.9 78.1 151.6 78.0 151.2 78.0 150.9 78.0 150.5 78.1 150.2 78.1 149.9
  78.2 149.6 78.2 149.3 78.3 149.0 78.4 148.8 78.5 148.5 78.6 148.2 78.8 148.0
  78.9 147.8 78.9 147.7 79.0 147.7 79.1 147.7 79.2 147.8 79.3 148.0 79.3 148.2
  79.4 148.6 79.5 148.9 79.7 149.4
   3 18 67  0.0
  72.5 321.4 72.2 320.8 71.9 320.3 71.7 320.0 71.4 319.6 71.1 319.4 70.8 319.1
  70.6 318.9 70.3 318.7 70.1 318.5 69.9 318.4 69.8 318.3 69.7 318.2 69.6 318.1
  69.6 318.1 69.5 318.1 69.5 318.1 69.5 318.2 69.5 318.4 69.5 318.6 69.5 318.9
  69.5 319.3 69.5 319.7 69.6 320.2 69.7 320.8 69.7 321.5 69.8 322.2 69.9 323.0
  69.9 323.9 69.9 324.8 69.9 325.6 69.9 326.5 69.8 327.3 69.7 328.0 69.6 328.6
  69.4 329.1 69.1 329.5 68.7 329.8 68.4 330.0 68.0 330.1 67.7 330.2 67.4 330.4
  67.1 330.4 66.8 330.4 66.6 330.3 66.3 330.2 66.1 330.0 65.9 329.7 65.8 329.1
  65.7 328.5 65.6 328.0 65.5 327.5 65.4 327.0 65.3 326.6 65.2 326.2 65.1 325.9
  65.0 325.6 65.0 325.3 64.9 325.0 64.9 324.8 64.8 324.5 64.8 324.3 64.8 324.2
  64.8 324.0 64.8 323.9 64.8 323.9 64.8 323.8 64.8 323.8 64.8 323.8 64.9 323.9
  64.9 323.9 65.0 324.0 65.1 324.1 65.3 324.3 65.5 324.4 65.7 324.6 65.8 324.8
  66.0 325.1 66.1 325.3 66.3 325.8 66.4 326.3 66.5 326.8 66.6 327.4 66.7 328.0
  66.8 328.6 66.8 329.2 66.9 329.9 66.9 330.6 66.9 331.4 67.0 332.2 66.9 333.1
  66.9 334.1 66.9 335.1 66.8 336.1 66.7 337.2 66.5 338.3 66.3 339.4 66.1 340.4
  65.8 341.3 65.5 342.0 65.2 342.6 64.9 343.1 64.7 343.5 64.4 343.7 64.1 343.9
  63.8 344.0 63.6 343.8 63.4 343.6 63.2 343.4 62.9 343.2 62.7 343.0 62.4 342.9
  62.2 342.8 61.9 342.7 61.7 342.3 61.5 341.9 61.2 341.6 61.0 341.3 60.8 341.1
  60.6 340.8 60.3 340.6 60.1 340.4 59.9 340.3 59.7 339.7 59.5 339.3 59.2 338.8
  59.0 338.5 58.7 338.2 58.3 337.9 58.0 337.7 57.6 337.2 57.2 336.8 56.8 336.5
  56.3 336.2 55.9 335.9 55.6 335.3 55.4 334.6 55.1 333.9 54.8 333.2 54.4 332.5
  54.1 331.7 53.7 331.0 53.4 330.1 52.9 329.2 52.5 328.3 52.0 327.4 51.6 326.2
  51.1 324.9 50.7 323.6 50.5 322.2 50.2 320.8 49.9 319.4 49.8 317.8 49.7 316.2
  49.6 314.6 49.6 313.1 49.6 311.6 49.7 310.2 49.8 308.8 49.8 307.5 49.9 306.2
  50.0 305.0 50.1 303.9 50.3 302.9 50.5 301.9 50.7 300.9 50.9 299.9 51.2 298.9
  51.5 297.9 51.9 296.9 52.3 296.0 52.6 295.2 52.9 294.3 53.3 293.5 53.6 292.6
  53.9 291.8 54.2 290.9 54.5 290.1 54.9 289.2 55.3 288.4 55.6 287.5 55.9 286.7
  56.2 285.9 56.5 285.1 56.8 284.4 57.1 283.6 57.3 282.9 57.6 282.2 57.8 281.5
  58.1 280.8 58.5 280.4 58.8 279.9 59.2 279.5 59.6 279.0 59.9 278.6 60.3 278.2
  60.7 277.9 61.1 277.7 61.4 277.4 61.8 277.2 62.2 276.9 62.5 276.8 62.9 276.7
  63.3 276.6 63.6 276.6 64.0 276.5 64.4 276.4 64.7 276.4 65.1 276.4 65.4 276.4
  65.7 276.4 66.0 276.5 66.3 276.6 66.6 276.8 66.9 277.1 67.2 277.4 67.4 277.8
  67.7 278.3 67.9 278.8 68.2 279.2 68.4 279.9 68.6 280.5 68.7 281.2 68.8 281.8
  68.9 282.5 69.0 283.1 69.1 283.8 69.1 284.4 69.1 285.0 69.0 285.6 69.0 286.1
  68.9 286.7 68.9 287.4 68.8 288.0 68.7 288.6 68.6 289.2 68.4 289.8 68.2 290.4
  68.0 290.9 67.8 291.5 67.6 292.0
   3 19 67  0.0
  72.5 321.4 72.6 320.8 72.7 320.3 72.7 319.8 72.7 319.5 72.6 319.2 72.5 319.1
  72.4 319.1 72.2 319.3 72.0 319.5 71.7 319.8 71.4 320.2 70.9 320.7 70.4 321.2
  69.8 321.6 69.3 321.8 68.7 321.9 68.2 322.0 67.6 322.0 67.0 322.1 66.5 322.1
  65.9 322.2 65.3 322.2 64.6 322.3 63.9 322.5 63.2 322.4 62.3 322.3 61.5 322.2
  60.7 321.7 59.9 321.1 59.1 320.2 58.3 319.4 57.5 318.6 56.7 317.8 55.8 317.0
  55.0 316.3 54.1 315.7 53.0 315.3 51.8 314.7 50.5 313.8 49.1 313.0 47.8 312.1
  46.5 311.2 45.2 310.3 44.0 309.5 42.9 308.6 41.9 307.7 41.0 306.6 40.1 305.5
  39.1 304.4 38.3 303.1 37.5 301.8 36.8 300.6 36.2 299.2 35.8 297.9 35.4 296.6
  35.0 295.2 34.6 293.9 34.1 292.5 33.6 291.0 33.3 289.6 33.0 288.1 32.7 286.5
  32.9 285.0 33.2 283.7 33.6 282.6 34.1 281.5 34.5 280.6 34.9 279.6 35.2 278.7
  35.6 277.8 35.9 276.9 36.2 275.9 36.6 274.8 37.0 273.9 37.5 273.0 37.9 272.2
  38.3 271.4 38.6 270.8 38.9 270.1 39.1 269.4 39.4 268.7 39.6 268.0 39.7 267.3
  40.0 266.6 40.3 266.1 40.6 265.7 40.8 265.3 41.1 264.9 41.3 264.5 41.5 264.1
  41.6 263.6 41.7 263.2 41.8 262.8 41.9 262.4 41.9 261.9 41.9 261.5 41.9 261.1
  41.9 260.7 41.8 260.2 41.8 259.8 41.8 259.4 41.8 259.0 41.7 258.6 41.7 258.1
  41.7 257.7 41.6 257.3 41.5 256.9 41.4 256.5 41.3 256.1 41.2 255.6 41.1 255.2
  41.0 254.7 40.9 254.2 40.8 253.7 40.7 253.1 40.6 252.6 40.5 252.0 40.3 251.4
  40.0 250.8 39.8 250.2 39.6 249.6 39.3 248.9 39.1 248.3 38.9 247.6 38.6 247.0
  38.2 246.4 37.9 245.7 37.6 245.1 37.2 244.4 36.9 243.7 36.7 243.0 36.4 242.3
  36.1 241.7 35.9 241.0 35.6 240.3 35.3 239.5 34.9 238.8 34.4 238.0 34.0 237.2
  33.6 236.4 33.1 235.5 32.9 234.6 32.6 233.6 32.4 232.6 32.1 231.6 32.3 230.5
  32.5 229.4 32.7 228.3 32.9 227.2 33.4 226.1 33.8 225.2 34.3 224.2 34.8 223.2
  35.2 222.2 35.7 221.4 36.2 220.5 36.7 219.7 37.1 219.0 37.6 218.3 38.2 217.7
  38.8 217.3 39.4 216.9 40.1 216.5 40.9 216.2 41.7 216.0 42.5 215.7 43.4 215.6
  44.2 215.5 45.2 215.5 46.2 215.4 47.2 215.5 48.2 215.5 49.3 215.6 50.3 215.6
  51.3 215.8 52.2 216.0 53.2 216.2 54.1 216.4 55.0 216.6 55.8 216.7 56.6 216.9
  57.4 217.1 58.1 217.4 58.7 217.7 59.3 217.9 59.9 218.2 60.4 218.6 60.9 218.7
  61.3 218.9 61.7 219.0 62.1 219.2 62.4 219.1 62.7 219.1 63.0 219.0 63.3 218.9
  63.6 218.9 63.8 218.8 64.1 218.8 64.3 218.5 64.5 218.3 64.8 218.0 65.0 217.7
  65.2 217.5 65.4 217.2 65.6 216.9 65.8 216.7 66.0 216.4 66.2 216.2 66.4 215.8
  66.5 215.4 66.6 215.0 66.8 214.6 66.9 214.3 67.1 214.0 67.2 213.6 67.4 213.3
  67.5 213.1 67.7 212.8 67.8 212.6 68.0 212.3 68.1 212.1 68.3 211.9 68.4 211.6
  68.5 211.4 68.6 211.2 68.7 211.0 68.9 210.8 69.0 210.6 69.2 210.4 69.3 210.3
  69.5 210.2 69.6 210.1 69.8 210.0 69.9 210.0 70.1 210.0 70.2 210.0 70.4 210.0
  70.5 210.0 70.6 210.1 70.8 210.2
   3 20 67  0.0
  72.5 321.4 72.5 321.9 72.5 322.3 72.5 322.6 72.6 322.8 72.7 322.8 72.7 322.8
  72.8 322.6 73.0 322.3 73.1 321.8 73.3 321.3 73.4 320.5 73.6 319.7 73.7 318.6
  73.8 317.6 73.9 316.6 74.0 315.5 74.1 314.7 74.1 313.8 74.1 312.9 74.1 312.0
  74.1 311.0 74.0 310.1 74.0 309.1 73.9 307.9 73.9 306.7 73.8 305.7 73.7 304.8
  73.6 304.1 73.6 303.5 73.6 303.1 73.6 302.7 73.7 302.6 73.7 302.5 73.8 302.6
  73.9 302.9 74.0 303.3 74.1 304.0 74.2 304.6 74.2 305.1 74.2 305.6 74.2 306.1
  74.1 306.5 74.1 306.9 74.1 307.1 74.0 307.4 74.0 307.5 73.9 307.9 73.9 308.2
  73.7 308.5 73.5 308.7 73.3 308.8 73.2 308.9 73.0 309.0 72.8 309.0 72.6 308.9
  72.4 308.9 72.3 308.8 72.1 308.6 71.9 308.4 71.8 308.4 71.6 308.3 71.5 308.2
  71.4 308.1 71.3 308.1 71.2 308.1 71.1 308.1 71.0 308.1 70.9 308.2 70.9 308.3
  70.9 308.4 70.8 308.5 70.8 308.6 70.9 308.8 70.9 309.0 70.9 309.2 70.9 309.5
  70.9 309.8 71.0 310.2 71.0 310.6 71.0 311.0 71.1 311.4 71.1 311.9 71.1 312.4
  71.2 312.9 71.2 313.5 71.2 314.0 71.2 314.5 71.2 314.9 71.2 315.4 71.3 315.7
  71.3 316.1 71.3 316.4 71.3 316.6 71.4 316.8 71.4 316.9 71.4 316.9 71.5 317.0
  71.5 317.0 71.6 317.0 71.6 317.1 71.7 317.2 71.8 317.2 71.8 317.3 71.9 317.4
  71.9 317.5 72.0 317.6 72.1 317.8 72.2 318.0 72.2 318.2 72.3 318.5 72.4 318.7
  72.4 318.9 72.5 319.2 72.5 319.5 72.5 319.8 72.5 320.1 72.6 320.4 72.7 320.7
  72.8 321.1 72.9 321.5 73.0 321.9 73.1 322.3 73.2 322.7 73.3 323.1 73.4 323.6
  73.4 324.0 73.6 324.5 73.7 325.0 73.8 325.4 73.9 325.9 74.0 326.4 74.1 326.9
  74.1 327.2 74.2 327.4 74.3 327.6 74.4 327.8 74.4 327.9 74.5 327.9 74.5 327.9
  74.6 327.9 74.6 327.8 74.6 327.7 74.7 327.5 74.7 327.3 74.7 327.1 74.7 326.8
  74.7 326.5 74.8 326.2 74.8 325.8 74.8 325.5 74.9 325.1 74.9 324.7 75.0 324.2
  75.0 323.8 75.0 323.3 75.0 322.9 75.0 322.4 75.0 322.0 75.0 321.5 74.9 321.2
  74.9 320.8 74.9 320.5 74.8 320.2 74.7 319.9 74.6 319.6 74.4 319.3 74.3 319.1
  74.1 318.8 73.9 318.6 73.7 318.8 73.5 319.0 73.3 319.1 73.1 319.2 72.9 319.3
  72.7 319.3 72.4 319.4 72.2 319.4 71.9 319.3 71.7 320.0 71.4 320.6 71.3 321.1
  71.2 321.6 71.0 322.0 70.8 322.4 70.6 322.8 70.3 323.2 70.0 323.5 69.7 323.8
  69.3 324.7 69.2 325.6 69.1 326.4 68.9 327.2 68.8 327.9 68.6 328.5 68.6 329.2
  68.7 329.8 68.7 330.5 68.7 331.1 68.7 331.7 68.7 332.3 68.9 332.9 69.1 333.5
  69.3 334.1 69.4 334.8 69.6 335.4 69.7 336.1 70.0 336.8 70.3 337.5 70.5 337.7
  70.8 337.9 71.0 338.2 71.2 338.5 71.4 338.8 71.5 339.1 71.6 339.4 71.7 339.7
  71.8 340.1 71.9 340.4 72.1 340.6 72.2 340.3 72.3 340.0 72.4 339.6 72.5 339.1
  72.6 338.7 72.7 338.2 72.8 337.6 72.9 337.0 73.0 336.4 73.1 335.8 73.1 335.1
  73.2 334.5 73.3 333.8 73.3 333.0 73.4 332.3 73.5 331.5 73.5 330.6 73.6 329.7
  73.6 328.8 73.7 327.8 73.7 326.8
   3 21 67  0.0
  72.5 321.4 72.5 321.0 72.6 320.7 72.6 320.3 72.6 320.0 72.6 319.7 72.6 319.4
  72.6 319.2 72.6 319.0 72.6 318.8 72.6 318.6 72.5 318.4 72.5 318.3 72.5 318.2
  72.5 318.1 72.4 318.1 72.4 318.1 72.4 318.2 72.4 318.3 72.4 318.4 72.3 318.7
  72.3 318.9 72.3 319.3 72.3 319.6 72.4 320.1 72.4 320.6 72.4 321.0 72.4 321.2
  72.5 321.4 72.5 321.4 72.6 321.3 72.7 321.1 72.9 320.8 73.0 320.3 73.1 319.7
  73.2 319.0 73.4 318.1 73.5 317.0 73.6 316.0 73.7 314.9 73.7 313.9 73.8 312.9
  73.8 311.8 73.7 310.8 73.7 309.8 73.7 308.7 73.6 307.7 73.5 306.6 73.5 305.4
  73.4 304.2 73.3 303.2 73.2 302.3 73.2 301.5 73.2 300.9 73.2 300.3 73.3 299.9
  73.4 299.6 73.5 299.4 73.6 299.3 73.8 299.4 74.0 299.6 74.2 299.9 74.3 300.4
  74.4 300.8 74.5 301.1 74.6 301.5 74.6 301.8 74.7 302.1 74.7 302.4 74.7 302.6
  74.7 302.7 74.7 302.9 74.7 302.9 74.7 303.0 74.7 302.9 74.7 302.9 74.7 302.8
  74.6 302.6 74.6 302.4 74.5 302.2 74.4 301.9 74.4 301.5 74.3 301.2 74.2 300.8
  74.0 300.3 73.9 299.8 73.9 299.5 73.8 299.2 73.8 298.8 73.7 298.5 73.7 298.1
  73.7 297.7 73.7 297.3 73.7 296.8 73.8 296.3 73.8 295.8 73.9 295.2 74.0 294.6
  74.1 294.0 74.2 293.5 74.3 293.0 74.4 292.4 74.5 291.9 74.7 291.4 74.9 290.9
  75.0 290.4 75.2 290.0 75.4 289.5 75.5 289.0 75.7 288.6 75.9 288.2 76.0 287.7
  76.2 287.1 76.3 286.6 76.5 286.0 76.6 285.6 76.7 285.2 76.8 284.8 77.0 284.5
  77.1 284.3 77.2 284.2 77.4 284.1 77.5 284.0 77.6 283.9 77.7 283.7 77.9 283.4
  78.0 283.1 78.1 282.8 78.3 282.3 78.4 281.9 78.5 281.3 78.6 280.7 78.6 280.1
  78.7 279.4 78.8 278.6 79.0 277.8 79.1 276.9 79.2 276.0 79.3 275.0 79.5 273.9
  79.5 272.7 79.6 271.4 79.7 269.9 79.8 268.4 79.8 266.7 79.8 264.9 79.9 263.1
  79.9 261.3 79.8 259.6 79.8 257.9 79.8 256.3 79.7 254.7 79.6 253.3 79.4 252.0
  79.3 250.8 79.1 249.7 78.9 248.7 78.6 247.8 78.4 247.0 78.1 246.2 77.8 245.5
  77.6 245.1 77.4 244.7 77.1 244.4 76.9 244.0 76.7 243.7 76.5 243.4 76.3 243.1
  76.1 242.9 75.8 242.6 75.7 242.6 75.5 242.6 75.3 242.5 75.1 242.5 74.9 242.4
  74.7 242.3 74.5 242.2 74.2 242.1 74.0 242.0 73.8 241.9 73.7 241.8 73.5 241.6
  73.3 241.4 73.2 241.2 73.0 241.1 72.9 241.0 72.8 240.9 72.7 240.9 72.6 240.8
  72.5 240.9 72.4 240.9 72.3 241.0 72.2 241.1 72.0 241.2 72.0 241.3 71.9 241.3
  71.9 241.2 71.9 241.0 71.9 240.8 71.9 240.6 71.9 240.3 72.0 239.9 72.0 239.6
  72.1 239.2 72.2 238.8 72.2 238.3 72.3 237.8 72.5 237.4 72.6 236.8 72.7 236.3
  72.9 235.8 73.0 235.3 73.1 234.8 73.3 234.2 73.4 233.7 73.6 233.1 73.8 232.6
  74.0 232.0 74.3 231.4 74.4 230.8 74.6 230.2 74.8 229.5 74.9 228.9 75.1 228.2
  75.2 227.6 75.3 226.9 75.4 226.3 75.5 225.6 75.6 225.0 75.7 224.3 75.8 223.7
  75.9 223.0 75.9 222.4 76.0 221.7 76.0 221.1 76.0 220.5 76.1 219.9 76.0 219.3
  76.0 218.8 76.0 218.3 75.9 217.8
   3 22 67  0.0
  72.5 321.4 72.6 321.1 72.7 320.7 72.8 320.4 72.9 320.2 73.0 319.9 73.1 319.7
  73.1 319.5 73.2 319.3 73.3 319.1 73.4 318.9 73.5 318.8 73.6 318.7 73.8 318.6
  73.9 318.5 74.0 318.3 74.0 318.1 74.1 317.9 74.2 317.5 74.3 317.2 74.3 316.8
  74.4 316.3 74.4 315.9 74.4 315.3 74.4 314.8 74.4 314.2 74.3 313.6 74.3 313.1
  74.3 312.6 74.2 312.1 74.2 311.7 74.1 311.3 74.0 310.9 73.9 310.6 73.8 310.3
  73.8 310.0 73.7 309.8 73.6 309.6 73.5 309.4 73.4 309.2 73.3 309.1 73.3 309.1
  73.2 309.1 73.2 309.1 73.1 309.2 73.1 309.3 73.0 309.5 73.0 309.7 73.0 310.0
  73.0 310.4 73.0 310.6 72.9 310.7 72.9 310.8 72.9 310.7 72.8 310.6 72.8 310.3
  72.8 310.0 72.7 309.5 72.7 309.0 72.6 308.4 72.6 307.7 72.5 307.0 72.3 306.2
  72.2 305.5 72.1 304.7 72.0 303.9 71.9 303.1 71.8 302.3 71.7 301.4 71.6 300.6
  71.5 299.7 71.5 298.7 71.4 297.7 71.4 296.6 71.4 295.6 71.5 294.7 71.6 293.8
  71.7 293.0 71.8 292.2 72.0 291.5 72.2 290.7 72.5 290.0 72.7 289.4 73.0 288.8
  73.2 288.2 73.5 287.7 73.7 287.2 73.9 286.8 74.1 286.3 74.3 285.9 74.4 285.6
  74.6 285.2 74.7 284.9 74.8 284.7 75.0 284.5 75.1 284.4 75.1 284.3 75.2 284.3
  75.3 284.2 75.4 284.0 75.4 283.8 75.5 283.5 75.6 283.1 75.6 282.7 75.6 282.2
  75.7 281.6 75.7 280.9 75.7 280.1 75.6 279.3 75.6 278.4 75.7 277.5 75.7 276.5
  75.7 275.5 75.8 274.5 75.8 273.4 75.9 272.2 76.0 271.0 76.1 269.6 76.2 268.6
  76.3 267.5 76.4 266.2 76.4 264.8 76.5 263.4 76.6 261.9 76.6 260.4 76.6 258.8
  76.7 257.1 76.7 255.3 76.7 253.5 76.6 251.6 76.6 249.6 76.5 247.5 76.4 245.4
  76.2 243.1 76.1 240.9 75.9 238.6 75.8 236.1 75.7 233.6 75.7 231.0 75.6 228.4
  75.5 225.8 75.5 223.2 75.4 220.6 75.2 218.1 75.0 215.6 74.7 213.3 74.5 211.0
  74.2 208.9 73.9 206.8 73.6 204.5 73.3 202.2 73.0 200.1 72.5 198.1 72.0 196.4
  71.4 194.5 70.7 192.9 69.9 191.4 69.1 189.8 68.4 188.3 67.6 186.9 67.0 185.6
  66.4 184.5 65.8 183.4 65.2 182.7 64.6 182.0 64.0 181.5 63.4 181.2 62.7 180.9
  62.0 180.8 61.3 180.8 60.5 180.8 59.7 180.9 58.9 181.1 58.1 181.4 57.2 181.8
  56.4 182.2 55.5 182.7 54.7 183.1 53.8 183.5 53.0 183.6 52.1 183.6 51.3 183.7
  50.5 183.6 49.7 183.6 49.0 183.6 48.3 183.7 47.6 183.9 47.0 184.0 46.4 184.2
  45.6 184.4 44.9 184.3 44.2 184.3 43.5 184.2 42.8 183.6 42.5 183.1 42.2 182.5
  41.9 181.8 41.6 181.0 41.3 180.1 41.0 179.3 41.0 178.4 40.9 177.5 40.9 176.6
  40.8 175.6 40.9 174.7 41.0 173.7 41.1 172.8 41.2 171.9 41.3 170.9 41.5 170.1
  41.6 169.2 41.8 168.3 41.9 167.4 42.0 166.6 42.2 165.7 42.3 164.8 42.4 163.9
  42.6 163.0 42.8 162.1 43.0 161.3 43.2 160.5 43.4 159.7 43.7 158.9 43.9 158.2
  44.3 157.5 44.6 156.8 44.9 156.1 45.3 155.4 45.7 154.8 46.0 154.1 46.4 153.5
  46.8 152.9 47.2 152.3 47.6 151.7 47.8 151.2 48.1 150.7 48.4 150.3 48.7 150.0
  49.0 149.6 49.3 149.3 49.6 148.9
   3 23 67  0.0
  72.5 321.4 72.6 321.4 72.8 321.4 72.9 321.4 73.0 321.4 73.2 321.3 73.3 321.1
  73.4 321.0 73.4 320.8 73.5 320.5 73.6 320.2 73.7 319.9 73.7 319.6 73.7 319.2
  73.7 318.8 73.7 318.4 73.7 318.0 73.7 317.6 73.7 317.3 73.7 316.9 73.7 316.5
  73.7 316.1 73.7 315.7 73.7 315.3 73.6 315.0 73.6 314.6 73.5 314.3 73.5 313.9
  73.4 313.7 73.4 313.4 73.4 313.1 73.4 312.9 73.4 312.6 73.5 312.4 73.5 312.1
  73.6 311.9 73.6 311.6 73.6 311.4 73.6 311.1 73.6 310.9 73.6 310.6 73.6 310.2
  73.6 309.9 73.6 309.6 73.6 309.2 73.5 308.8 73.5 308.4 73.5 308.0 73.4 307.5
  73.3 307.1 73.3 306.6 73.2 306.2 73.1 305.8 73.1 305.4 73.0 305.0 72.9 304.6
  72.8 304.2 72.8 303.8 72.8 303.5 72.7 303.1 72.7 302.8 72.7 302.5 72.7 302.2
  72.7 301.9 72.7 301.7 72.7 301.5 72.7 301.4 72.6 301.3 72.6 301.3 72.6 301.2
  72.6 301.3 72.6 301.4 72.6 301.5 72.5 301.7 72.5 301.8 72.5 301.8 72.4 301.8
  72.4 301.8 72.3 301.7 72.2 301.5 72.1 301.2 72.0 300.9 71.9 300.6 71.8 300.2
  71.7 299.9 71.6 299.4 71.5 298.9 71.4 298.4 71.3 297.8 71.2 297.2 71.2 296.5
  71.1 295.8 71.1 295.0 71.1 294.2 71.1 293.3 71.1 292.3 71.1 291.2 71.2 290.0
  71.3 288.9 71.5 287.8 71.7 286.8 71.9 285.8 72.1 284.8 72.4 283.6 72.6 282.4
  72.9 281.2 73.2 280.1 73.4 278.9 73.7 277.8 74.0 276.6 74.2 275.6 74.5 274.4
  74.8 273.3 75.1 272.2 75.3 271.2 75.6 270.2 75.8 269.2 76.1 268.3 76.4 267.1
  76.7 266.0 76.9 264.7 77.2 263.4 77.4 262.0 77.6 260.5 77.9 258.9 78.1 257.3
  78.4 255.7 78.7 254.1 79.0 252.4 79.3 250.7 79.7 249.0 80.1 247.2 80.6 245.3
  81.1 243.1 81.5 240.6 81.9 237.8 82.2 234.7 82.6 231.6 82.9 228.3 83.2 224.7
  83.5 220.8 83.7 216.6 83.9 212.0 84.0 206.9 84.2 202.4 84.4 197.5 84.5 192.6
  84.5 187.8 84.4 183.2 84.3 178.8 84.2 174.8 84.0 170.9 83.9 167.3 83.8 162.8
  83.6 158.6 83.5 154.5 83.3 150.6 83.1 146.9 82.9 143.5 82.6 140.5 82.3 137.9
  82.0 135.5 81.7 133.3 81.4 130.9 81.1 128.5 80.8 126.3 80.5 124.2 80.2 122.2
  79.9 120.4 79.6 118.2 79.4 116.2 79.2 114.4 79.0 112.8 78.8 111.3 78.7 109.9
  78.6 108.7 78.5 107.5 78.4 106.4 78.3 105.4 78.3 104.4 78.3 103.5 78.3 102.7
  78.3 101.9 78.3 101.1 78.3 100.4 78.3  99.7 78.3  99.1 78.3  98.5 78.4  97.9
  78.4  97.4 78.4  96.9 78.5  96.4 78.5  96.0 78.6  95.6 78.8  95.1 78.9  94.4
  79.0  93.6 79.1  92.7 79.3  91.7 79.5  90.5 79.6  89.2 79.8  87.7 80.1  86.0
  80.4  84.7 80.7  83.2 81.0  81.4 81.3  79.6 81.7  79.4 82.0  79.1 82.5  79.0
  82.9  79.0 83.3  78.9 83.7  78.9 84.1  78.8 84.6  78.9 85.0  79.0 85.5  79.1
  85.9  79.2 86.2  79.3 86.8  79.5 87.3  79.7 87.7  80.0 88.1  80.2 88.5  87.8
  88.9 100.7 89.2 124.6 89.2 160.7 88.9 191.4 88.5 209.1 88.1 217.8 87.6 221.9
  87.1 224.2 86.5 225.4 85.9 226.1 85.4 226.1 84.9 226.0 84.4 225.9 83.8 225.7
  83.4 225.5 82.9 225.3 82.5 225.1
   3 24 67  0.0
  72.5 321.4 72.7 321.6 72.9 321.8 73.0 322.0 73.2 322.2 73.4 322.5 73.6 322.7
  73.8 323.0 74.0 323.4 74.3 323.5 74.5 323.7 74.7 323.9 74.9 324.2 75.2 324.5
  75.4 324.8 75.6 325.0 75.8 325.3 76.0 325.5 76.2 325.5 76.5 325.5 76.6 325.4
  76.8 325.4 77.0 325.3 77.2 325.2 77.3 325.0 77.5 324.8 77.6 324.7 77.7 324.5
  77.9 324.3 78.0 324.1 78.2 324.0 78.3 324.0 78.4 323.9 78.5 323.9 78.6 323.9
  78.7 323.9 78.8 323.9 78.8 324.0 78.9 324.0 79.0 324.0 79.2 324.0 79.3 324.0
  79.4 323.9 79.5 323.8 79.6 323.7 79.8 323.6 79.9 323.4 80.0 323.3 80.2 323.1
  80.3 322.9 80.5 322.6 80.7 322.3 80.8 321.9 81.0 321.5 81.1 321.0 81.3 320.4
  81.4 319.8 81.5 319.2 81.7 318.5 81.8 317.7 81.9 316.9 82.0 316.0 82.0 315.1
  82.1 314.1 82.2 313.0 82.2 312.0 82.2 310.9 82.3 309.8 82.3 308.7 82.3 307.6
  82.2 306.6 82.1 305.6 82.0 304.6 81.9 303.7 81.7 302.8 81.6 302.0 81.5 301.1
  81.3 300.4 81.2 299.6 81.0 298.9 80.8 298.3 80.7 297.7 80.5 297.2 80.3 296.7
  80.1 296.2 80.0 295.8 79.8 295.4 79.7 295.1 79.6 294.7 79.5 294.4 79.4 294.1
  79.3 293.7 79.2 293.5 79.1 293.2 79.1 292.9 79.0 292.7 78.9 292.4 78.9 292.2
  78.8 292.0 78.8 291.8 78.8 291.5 78.8 291.3 78.8 291.0 78.8 290.8 78.9 290.5
  78.9 290.2 78.9 289.9 79.0 289.6 79.1 289.3 79.1 289.0 79.2 288.8 79.2 288.5
  79.3 288.3 79.3 288.1 79.4 288.0 79.4 287.9 79.5 287.8 79.5 287.7 79.5 287.7
  79.6 287.8 79.6 287.9 79.6 288.0 79.6 288.0 79.6 288.1 79.6 288.1 79.5 288.1
  79.5 288.0 79.5 287.9 79.4 287.8 79.4 287.6 79.4 287.4 79.3 287.2 79.3 286.9
  79.2 286.6 79.2 286.3 79.1 285.9 79.1 285.4 79.1 285.0 79.2 284.5 79.2 284.0
  79.2 283.4 79.3 282.8 79.4 282.2 79.5 281.5 79.6 280.8 79.7 280.1 79.8 279.4
  79.9 278.6 79.9 277.9 80.0 277.2 80.1 276.6 80.1 275.7 80.3 274.9 80.4 274.1
  80.6 273.5 80.7 272.9 80.9 272.4 81.1 272.1 81.3 271.6 81.5 271.1 81.7 270.6
  81.8 270.0 81.9 269.3 82.0 268.5 82.1 267.7 82.2 266.9 82.2 266.1 82.3 265.4
  82.3 264.6 82.2 264.0 82.2 263.2 82.1 262.4 82.1 261.4 82.0 260.4 81.9 259.0
  81.8 257.4 81.6 255.9 81.5 254.2 81.3 252.6 81.1 251.0 80.8 249.4 80.6 247.8
  80.3 246.3 80.0 244.7 79.8 243.2 79.6 241.2 79.4 239.2 79.2 237.2 79.1 235.2
  78.9 233.3 78.7 231.3 78.5 229.4 78.4 227.5 78.1 225.7 77.9 224.0 77.7 221.7
  77.6 219.5 77.4 217.4 77.2 215.4 77.0 213.4 76.8 211.4 76.6 209.5 76.4 207.7
  76.1 205.9 75.7 204.2 75.4 202.3 74.9 200.6 74.4 199.0 73.9 197.4 73.4 195.7
  72.8 194.1 72.2 192.5 71.7 191.1 71.1 189.6 70.5 188.2 69.9 186.9 69.4 186.0
  68.8 185.2 68.2 184.4 67.6 183.7 66.9 183.3 66.2 182.8 65.4 182.4 64.7 182.2
  63.9 182.0 63.1 182.1 62.2 182.3 61.3 182.4 60.3 183.1 59.3 183.7 58.4 184.6
  57.5 185.4 56.6 186.1 55.7 186.7 54.8 187.2 53.9 187.6 53.0 188.0 52.2 188.5
  51.4 188.9 50.6 189.6 49.7 190.3
   3 25 67  0.0
  72.5 321.4 72.6 321.4 72.7 321.4 72.9 321.4 73.0 321.5 73.1 321.6 73.2 321.7
  73.3 321.9 73.4 322.0 73.5 322.3 73.7 322.5 73.8 322.8 73.9 323.1 74.0 323.5
  74.2 323.7 74.3 323.9 74.5 324.1 74.7 324.3 74.9 324.4 75.0 324.5 75.2 324.6
  75.4 324.6 75.6 324.6 75.8 324.6 76.0 324.5 76.2 324.4 76.4 324.1 76.6 323.7
  76.8 323.5 77.0 323.2 77.2 323.0 77.4 322.8 77.5 322.7 77.7 322.6 77.9 322.5
  78.1 322.5 78.3 322.4 78.5 322.2 78.7 322.1 78.8 321.9 79.0 321.7 79.1 321.5
  79.3 321.3 79.4 321.1 79.5 320.9 79.6 320.6 79.7 320.4 79.8 320.1 79.8 319.8
  79.9 319.6 79.9 319.3 79.9 319.1 80.0 318.9 80.0 318.7 80.0 318.5 80.0 318.4
  80.1 318.3 80.1 318.3 80.1 318.2 80.2 318.2 80.2 318.2 80.2 318.3 80.2 318.3
  80.3 318.2 80.3 318.2 80.4 318.1 80.4 318.0 80.5 317.8 80.6 317.6 80.6 317.4
  80.7 317.1 80.8 316.8 80.9 316.5 81.0 316.1 81.1 315.7 81.2 315.3 81.2 314.8
  81.3 314.2 81.3 313.7 81.4 313.0 81.4 312.4 81.5 311.7 81.5 311.0 81.5 310.3
  81.5 309.5 81.6 308.7 81.6 307.9 81.5 307.2 81.4 306.4 81.3 305.6 81.3 304.8
  81.2 304.0 81.1 303.2 80.9 302.3 80.8 301.5 80.7 300.7 80.6 299.8 80.4 299.0
  80.2 298.2 80.0 297.5 79.8 296.8 79.7 296.2 79.5 295.6 79.3 295.1 79.2 294.6
  79.0 294.1 78.9 293.6 78.8 293.2 78.6 292.8 78.5 292.4 78.4 292.0 78.3 291.7
  78.2 291.3 78.1 291.0 78.0 290.7 78.0 290.3 77.9 290.2 77.9 290.0 77.9 289.9
  77.8 289.8 77.8 289.7 77.8 289.7 77.8 289.6 77.8 289.6 77.8 289.5 77.8 289.4
  77.8 289.3 77.9 289.2 77.9 289.0 77.9 288.9 78.0 288.7 78.0 288.5 78.1 288.2
  78.2 287.9 78.3 287.6 78.4 287.4 78.4 287.2 78.5 287.0 78.6 286.9 78.6 286.8
  78.7 286.7 78.7 286.7 78.7 286.7 78.8 286.7 78.8 286.8 78.8 286.9 78.8 287.0
  78.8 287.1 78.8 287.1 78.8 287.0 78.8 287.0 78.8 286.9 78.8 286.7 78.7 286.6
  78.7 286.4 78.7 286.1 78.7 285.8 78.6 285.5 78.6 285.1 78.6 284.7 78.6 284.3
  78.6 283.8 78.7 283.3 78.7 282.7 78.8 282.2 78.9 281.6 79.0 280.9 79.1 280.3
  79.2 279.6 79.3 278.8 79.3 278.1 79.4 277.3 79.5 276.6 79.5 275.9 79.6 275.2
  79.8 274.6 79.9 274.0 80.0 273.4 80.1 272.9 80.3 272.4 80.5 271.9 80.7 271.6
  81.0 271.1 81.2 270.6 81.4 270.1 81.5 269.5 81.6 268.8 81.7 268.1 81.8 267.3
  81.9 266.4 81.9 265.5 81.9 264.5 81.9 263.5 81.9 262.4 81.9 261.2 81.8 260.0
  81.8 258.6 81.7 257.2 81.7 255.8 81.6 254.2 81.4 252.7 81.3 251.1 81.1 249.5
  80.9 247.9 80.7 246.4 80.4 244.8 80.1 243.4 79.9 241.9 79.7 239.8 79.5 237.8
  79.3 235.7 79.1 233.7 79.0 231.6 78.8 229.6 78.7 227.7 78.5 225.8 78.3 224.0
  78.0 222.2 77.8 220.5 77.6 218.3 77.4 216.2 77.2 214.1 77.0 212.1 76.8 210.1
  76.6 208.2 76.4 206.4 76.0 204.7 75.7 203.0 75.2 201.2 74.7 199.6 74.1 198.1
  73.4 196.8 72.8 195.2 72.2 193.7 71.5 192.3 70.9 190.8 70.3 189.4 69.6 188.0
  69.0 187.0 68.4 186.0 67.8 185.2
   3 26 67  0.0
  72.5 321.4 72.6 321.2 72.8 321.1 72.9 321.0 73.0 320.9 73.1 320.8 73.2 320.8
  73.2 320.8 73.3 320.8 73.3 320.9 73.4 321.0 73.4 321.1 73.4 321.3 73.4 321.5
  73.4 321.8 73.4 322.0 73.4 322.1 73.5 322.3 73.5 322.5 73.5 322.6 73.6 322.8
  73.6 322.9 73.7 323.1 73.7 323.2 73.7 323.3 73.8 323.4 73.9 323.5 73.9 323.7
  74.0 323.8 74.0 324.0 74.2 324.3 74.3 324.5 74.5 324.8 74.6 325.0 74.8 325.3
  74.9 325.6 75.1 325.9 75.3 326.2 75.5 326.5 75.7 326.7 75.9 326.9 76.0 327.1
  76.2 327.1 76.5 327.1 76.7 327.1 76.9 326.9 77.1 326.8 77.3 326.5 77.5 326.2
  77.7 325.8 77.8 325.5 78.0 325.1 78.3 324.8 78.5 324.4 78.7 324.1 78.9 323.8
  79.1 323.6 79.3 323.3 79.4 323.1 79.6 322.9 79.7 322.7 79.8 322.6 80.0 322.4
  80.1 322.3 80.2 321.9 80.3 321.5 80.4 321.2 80.5 320.8 80.6 320.5 80.7 320.2
  80.8 319.9 80.9 319.6 80.9 319.4 80.9 319.1 81.0 318.9 81.0 318.7 81.0 318.6
  81.1 318.4 81.1 318.3 81.1 318.2 81.1 318.1 81.2 318.0 81.2 318.0 81.2 318.0
  81.3 318.0 81.3 318.0 81.3 318.0 81.4 318.0 81.4 317.9 81.5 317.8 81.5 317.7
  81.6 317.5 81.6 317.3 81.7 317.1 81.8 316.8 81.9 316.4 81.9 316.0 82.0 315.6
  82.1 315.0 82.2 314.4 82.2 313.6 82.3 312.8 82.3 311.9 82.3 310.9 82.4 309.8
  82.4 308.6 82.4 307.2 82.3 305.9 82.1 304.5 82.0 303.0 81.8 301.7 81.7 300.8
  81.5 300.0 81.3 299.1 81.1 298.2 80.9 297.4 80.7 296.6 80.5 295.8 80.3 295.1
  80.1 294.3 79.9 293.6 79.7 292.9 79.5 292.3 79.4 291.7 79.2 291.1 79.0 290.6
  78.8 290.0 78.7 289.5 78.5 289.0 78.4 288.5 78.3 288.0 78.1 287.6 78.0 287.1
  77.9 286.6 77.9 286.1 77.8 285.5 77.7 285.0 77.7 284.5 77.7 284.0 77.6 283.6
  77.6 283.1 77.6 282.7 77.6 282.3 77.6 281.9 77.6 281.6 77.7 281.2 77.7 280.8
  77.7 280.5 77.8 280.1 77.8 279.7 77.9 279.2 78.0 278.8 78.2 278.2 78.3 277.7
  78.5 277.1 78.6 276.5 78.8 275.9 79.0 275.2 79.2 274.5 79.3 273.9 79.5 273.3
  79.7 272.7 79.9 272.2 80.0 271.7 80.3 271.6 80.5 271.6 80.8 271.7 81.1 272.0
  81.3 272.4 81.5 273.0 81.7 273.5 81.8 274.0 81.9 274.3 82.0 274.6 82.1 274.7
  82.1 274.8 82.0 274.7 82.0 274.7 81.9 274.4 81.8 274.1 81.6 273.6 81.5 273.1
  81.3 272.4 81.2 271.6 81.1 270.7 81.0 269.7 80.9 268.6 80.9 267.3 80.8 265.9
  80.8 264.4 80.7 262.7 80.6 260.8 80.6 258.8 80.4 256.7 80.4 254.7 80.3 252.7
  80.4 250.7 80.4 248.7 80.6 246.6 80.7 244.5 80.9 242.2 81.2 239.7 81.4 236.9
  81.7 233.8 82.0 230.1 82.2 226.0 82.4 221.9 82.6 217.7 82.7 213.3 82.8 208.9
  82.8 204.4 82.9 199.9 82.8 195.6 82.7 191.3 82.5 187.2 82.3 183.3 82.0 179.7
  81.7 177.0 81.5 174.4 81.3 171.9 81.0 169.5 80.8 167.1 80.6 164.7 80.3 162.2
  80.1 159.8 79.9 157.4 79.7 155.7 79.5 154.1 79.3 152.5 79.1 150.9 79.0 149.3
  78.8 147.8 78.6 146.2 78.4 144.6 78.2 143.0 78.0 141.3 77.8 140.3 77.6 139.1
  77.4 138.0 77.2 136.7 77.1 135.4
   3 27 67  0.0
  72.5 321.4 72.7 320.9 72.9 320.3 73.0 319.8 73.1 319.2 73.2 318.7 73.2 318.1
  73.3 317.5 73.3 317.0 73.4 316.4 73.4 315.8 73.4 315.1 73.4 314.5 73.4 313.9
  73.3 313.2 73.3 312.5 73.3 311.8 73.3 311.0 73.2 310.2 73.1 309.4 73.1 308.5
  73.1 307.6 72.9 306.6 72.8 305.5 72.8 304.3 72.7 302.9 72.5 301.5 72.3 300.1
  72.2 298.6 72.0 297.1 71.8 295.6 71.6 293.9 71.4 292.2 71.2 290.5 70.9 288.7
  70.7 287.0 70.3 285.2 70.0 283.5 69.5 282.2 69.0 281.0 68.6 279.8 67.9 278.6
  67.3 277.8 66.7 277.0 66.2 276.2 65.6 275.4 65.0 274.9 64.4 274.3 63.8 273.8
  63.3 273.5 62.7 273.2 62.2 272.9 61.7 272.6 61.3 272.6 60.9 272.5 60.5 272.4
  60.1 272.4 59.8 272.3 59.5 272.3 59.2 272.2 59.0 272.2 58.8 272.2 58.6 272.2
  58.5 272.2 58.3 272.1 58.2 272.1 58.1 272.1 58.0 272.1 58.0 272.0 57.9 271.9
  57.8 271.8 57.7 271.7 57.6 271.6 57.6 271.5 57.5 271.4 57.5 271.4 57.5 271.3
  57.4 271.2 57.4 271.1 57.3 271.1 57.3 271.1 57.3 271.0 57.2 271.0 57.2 271.0
  57.1 271.0 57.1 271.0 57.1 271.0 57.0 271.0 56.9 271.0 56.8 271.0 56.7 271.0
  56.6 271.0 56.5 271.0 56.4 270.9 56.3 270.9 56.1 270.9 55.9 270.8 55.8 270.7
  55.6 270.6 55.5 270.4 55.3 270.3 55.2 270.1 55.1 270.0 54.9 269.9 54.8 269.7
  54.7 269.6 54.6 269.4 54.4 269.3 54.3 269.2 54.2 269.0 54.1 268.9 54.0 268.7
  54.0 268.5 53.9 268.3 53.9 268.1 53.9 267.9 53.7 267.6 53.7 267.4 53.6 267.1
  53.5 266.8 53.5 266.5 53.5 266.2 53.4 265.9 53.5 265.6 53.5 265.3 53.5 265.0
  53.6 264.7 53.6 264.4 53.7 264.1 53.8 263.8 53.9 263.5 54.0 263.2 54.1 263.0
  54.2 262.6 54.3 262.2 54.4 261.8 54.5 261.4 54.6 261.0 54.7 260.6 54.8 260.2
  54.9 259.7 54.9 259.3 55.0 258.8 55.0 258.4 55.1 257.9 55.2 257.4 55.2 256.9
  55.3 256.4 55.3 255.9 55.3 255.4 55.4 254.8 55.4 254.2 55.4 253.6 55.4 253.0
  55.4 252.4 55.4 251.8 55.5 251.1 55.5 250.4 55.6 249.8 55.6 249.2 55.7 248.6
  55.7 248.0 55.8 247.4 55.8 246.8 55.9 246.2 56.0 245.7 56.0 245.1 56.1 244.4
  56.2 243.8 56.3 243.1 56.4 242.5 56.5 241.9 56.6 241.2 56.6 240.6 56.7 240.0
  56.8 239.4 56.8 238.8 56.8 238.2 56.8 237.6 56.9 237.0 56.9 236.4 57.0 235.8
  57.0 235.2 57.0 234.7 57.0 234.2 57.0 233.7 57.0 233.2 57.0 232.8 57.1 232.4
  57.1 231.9 57.0 231.5 56.9 231.2 56.8 230.8 56.7 230.5 56.6 230.2 56.5 229.9
  56.3 229.7 56.2 229.6 56.1 229.5 55.9 229.4 55.8 229.5 55.7 229.6 55.5 229.7
  55.4 229.9 55.2 230.1 55.1 230.3 54.9 230.5 54.7 230.7 54.5 230.9 54.3 231.1
  54.1 231.4 53.8 231.6 53.6 231.9 53.3 232.3 52.9 232.6 52.5 232.9 52.1 233.3
  51.6 233.7 51.1 233.8 50.6 233.9 50.1 234.0 49.5 234.0 49.0 233.8 48.4 233.6
  47.8 233.5 47.3 233.1 46.7 232.8 46.1 232.6 45.4 232.3 44.8 231.9 44.3 231.5
  43.7 231.1 43.2 230.4 42.6 229.7 42.1 229.0 41.6 228.3 41.0 227.5 40.7 226.6
  40.3 225.8 40.0 224.9 39.6 224.0
   3 28 67  0.0
  72.5 321.4 72.4 320.8 72.4 320.3 72.4 319.7 72.2 319.1 72.0 318.4 71.8 317.8
  71.7 317.3 71.5 316.9 71.3 316.4 71.1 315.9 70.7 315.4 70.3 314.9 69.9 314.4
  69.5 313.9 69.2 313.5 68.9 313.2 68.7 312.8 68.5 312.5 68.3 312.1 68.1 311.8
  67.8 311.5 67.6 311.2 67.4 311.0 67.2 310.8 67.1 310.6 67.0 310.4 66.9 310.2
  66.9 310.0 66.9 309.8 67.0 309.6 67.0 309.5 67.1 309.3 67.2 309.1 67.4 308.9
  67.6 308.7 67.7 308.5 68.0 308.3 68.2 308.1 68.4 307.6 68.5 307.2 68.6 306.7
  68.7 306.2 68.9 305.7 69.0 305.1 69.2 304.4 69.3 303.7 69.3 303.0 69.4 302.2
  69.4 301.3 69.5 300.3 69.6 299.2 69.5 298.1 69.4 296.9 69.4 295.7 69.2 294.4
  69.0 293.1 68.9 291.7 68.7 290.3 68.4 288.9 68.2 287.5 67.8 286.1 67.4 285.3
  67.1 284.4 66.8 283.5 66.3 282.6 65.8 281.7 65.4 281.0 65.0 280.4 64.6 279.7
  64.1 279.1 63.6 278.4 63.1 278.1 62.7 277.7 62.3 277.4 61.9 277.1 61.5 277.1
  61.2 277.1 61.0 277.1 60.7 277.1 60.5 277.1 60.3 277.1 60.1 277.1 60.0 277.0
  59.9 277.2 59.8 277.4 59.7 277.7 59.6 277.9 59.6 278.2 59.5 278.5 59.4 278.9
  59.3 279.2 59.3 279.7 59.2 280.1 59.2 280.6 59.3 281.1 59.3 281.7 59.3 282.2
  59.3 282.8 59.3 283.3 59.3 283.7 59.3 284.2 59.4 284.5 59.4 284.9 59.4 285.2
  59.5 285.4 59.5 285.6 59.6 285.8 59.6 285.9 59.7 286.0 59.8 286.0 59.8 286.0
  59.9 285.9 60.0 285.8 60.0 285.7 60.1 285.4 60.1 285.0 60.2 284.6 60.3 284.1
  60.3 283.6 60.4 283.1 60.4 282.6 60.5 282.1 60.6 281.5 60.6 280.8 60.7 280.2
  60.8 279.5 60.8 278.8 60.8 278.1 60.8 277.3 60.9 276.5 60.9 275.7 60.9 274.9
  61.0 274.0 61.0 273.1 61.1 272.2 61.1 271.3 61.1 270.4 61.1 269.5 61.2 268.6
  61.2 267.7 61.2 266.8 61.3 265.9 61.3 265.0 61.4 264.1 61.5 263.2 61.5 262.4
  61.6 261.6 61.7 260.8 61.7 260.1 61.8 259.3 61.9 258.6 61.9 257.9 62.0 257.2
  62.1 256.3 62.2 255.3 62.2 254.4 62.2 253.5 62.2 252.5 62.3 251.6 62.3 250.8
  62.3 249.9 62.3 249.1 62.4 248.2 62.5 247.4 62.5 246.6 62.6 245.7 62.6 244.9
  62.7 244.1 62.7 243.3 62.7 242.5 62.8 241.8 62.8 241.0 62.9 240.3 63.0 239.7
  63.0 239.0 63.1 238.4 63.1 237.8 63.2 237.2 63.3 236.7 63.4 236.1 63.5 235.6
  63.6 235.1 63.7 234.6 63.8 234.2 63.9 233.8 64.0 233.4 64.2 233.0 64.3 232.6
  64.5 232.2 64.7 231.9 64.9 231.6 65.1 231.4 65.3 231.1 65.5 230.9 65.7 230.7
  65.9 230.6 66.1 230.4 66.3 230.1 66.5 229.8 66.7 229.5 66.9 229.2 67.1 228.9
  67.3 228.7 67.5 228.5 67.7 228.3 67.9 228.1 68.0 227.9 68.2 227.4 68.4 226.9
  68.5 226.5 68.6 226.0 68.6 225.6 68.7 225.1 68.7 224.7 68.7 224.3 68.7 223.9
  68.7 223.5 68.7 223.2 68.7 222.8 68.7 222.5 68.6 222.1 68.6 221.8 68.5 221.5
  68.4 221.2 68.4 220.9 68.3 220.7 68.2 220.4 68.0 220.2 67.9 220.0 67.8 220.2
  67.7 220.4 67.6 220.8 67.5 221.1 67.4 221.5 67.3 222.0 67.2 222.6 67.1 223.2
  67.1 223.8 67.0 224.5 67.0 225.3
   3 29 67  0.0
  72.5 321.4 72.5 321.9 72.5 322.2 72.5 322.6 72.5 322.9 72.4 323.2 72.4 323.4
  72.4 323.5 72.4 323.7 72.4 323.8 72.4 323.8 72.4 323.8 72.4 323.8 72.4 323.8
  72.4 323.7 72.4 323.5 72.4 323.4 72.4 323.1 72.4 322.9 72.4 322.6 72.3 322.2
  72.3 321.9 72.3 321.4 72.2 320.9 72.2 320.4 72.2 319.8 72.0 319.3 71.9 318.7
  71.7 318.2 71.6 317.7 71.4 317.2 71.2 316.8 71.0 316.3 70.9 315.8 70.5 315.3
  70.1 314.8 69.7 314.3 69.3 313.9 69.0 313.5 68.6 313.1 68.4 312.7 68.1 312.3
  67.9 312.0 67.6 311.7 67.3 311.4 67.0 311.1 66.8 310.8 66.6 310.6 66.5 310.3
  66.4 310.1 66.3 309.9 66.3 309.7 66.3 309.5 66.3 309.3 66.4 309.1 66.5 308.9
  66.6 308.7 66.8 308.5 66.9 308.3 67.1 308.0 67.3 307.8 67.4 307.5 67.5 307.3
  67.6 307.0 67.8 306.7 67.9 306.4 68.1 306.1 68.3 305.6 68.5 305.0 68.7 304.3
  68.9 303.6 68.9 302.9 69.0 302.1 69.1 301.2 69.2 300.2 69.3 299.2 69.2 298.1
  69.1 296.9 69.1 295.7 68.9 294.4 68.8 293.1 68.7 291.7 68.4 290.4 68.2 289.0
  68.0 287.6 67.6 286.7 67.2 285.8 66.8 284.9 66.5 284.0 66.0 283.1 65.5 282.4
  65.1 281.8 64.7 281.1 64.3 280.5 64.0 279.8 63.5 279.1 63.0 278.8 62.6 278.4
  62.2 278.1 61.8 277.7 61.5 277.8 61.1 277.8 60.9 277.8 60.6 277.9 60.4 277.9
  60.2 277.9 60.0 277.9 59.9 277.9 59.8 278.1 59.7 278.3 59.6 278.6 59.6 278.9
  59.5 279.3 59.4 279.6 59.4 280.0 59.4 280.5 59.4 281.0 59.4 281.4 59.4 282.0
  59.5 282.5 59.5 283.0 59.5 283.6 59.5 284.1 59.5 284.6 59.6 285.0 59.6 285.4
  59.6 285.8 59.7 286.1 59.7 286.3 59.8 286.5 59.9 286.7 59.9 286.8 60.0 286.9
  60.1 286.8 60.2 286.7 60.2 286.5 60.3 286.3 60.4 286.0 60.5 285.7 60.6 285.3
  60.6 284.9 60.7 284.5 60.8 284.1 60.9 283.6 61.0 283.1 61.1 282.6 61.1 282.0
  61.2 281.4 61.3 280.8 61.4 280.1 61.5 279.4 61.6 278.7 61.6 278.0 61.6 277.2
  61.7 276.4 61.8 275.6 61.8 274.7 61.9 273.8 62.0 272.9 62.0 272.0 62.1 271.1
  62.2 270.1 62.2 269.1 62.3 268.1 62.4 267.2 62.5 266.2 62.6 265.1 62.7 264.1
  62.8 263.1 62.9 262.1 63.0 261.1 63.1 260.2 63.3 259.2 63.4 258.3 63.4 257.4
  63.5 256.5 63.7 255.6 63.7 254.7 63.7 253.8 63.8 252.9 63.8 252.0 63.9 251.1
  63.9 250.2 64.0 249.4 64.1 248.5 64.2 247.6 64.2 246.6 64.3 245.7 64.4 244.8
  64.5 243.9 64.5 243.0 64.6 242.1 64.7 241.3 64.8 240.5 64.8 239.7 64.9 238.9
  65.0 238.2 65.1 237.5 65.2 236.8 65.3 236.1 65.5 235.5 65.6 234.8 65.7 234.2
  65.8 233.6 66.0 232.9 66.1 232.3 66.3 231.6 66.4 230.9 66.6 230.3 66.8 229.6
  67.0 229.0 67.1 228.5 67.3 227.9 67.6 227.4 67.8 226.8 68.0 226.3 68.2 225.9
  68.5 225.0 68.7 224.1 69.0 223.3 69.2 222.4 69.5 221.6 69.7 220.8 69.9 220.1
  70.2 219.3 70.4 218.2 70.6 217.1 70.9 216.0 71.1 214.8 71.3 213.6 71.5 212.5
  71.7 211.3 71.9 210.0 72.1 208.8 72.2 207.3 72.4 205.7 72.6 204.2 72.8 202.6
  73.0 201.0 73.2 199.5 73.3 197.9
   3 30 67  0.0
  72.5 321.4 72.2 321.1 71.9 320.9 71.6 320.6 71.4 320.4 71.1 320.3 70.7 320.2
  70.4 320.2 70.1 320.2 69.8 320.3 69.5 320.3 69.2 320.3 68.9 320.3 68.6 320.4
  68.3 320.5 68.1 320.6 67.8 320.8 67.6 320.7 67.4 320.7 67.3 320.8 67.1 320.8
  67.0 320.9 66.8 321.0 66.7 321.2 66.6 321.4 66.6 321.6 66.5 321.8 66.4 322.0
  66.3 322.2 66.3 322.4 66.2 322.6 66.1 322.7 66.0 322.9 66.0 323.1 65.9 323.1
  65.9 323.2 65.8 323.2 65.8 323.3 65.7 323.3 65.7 323.4 65.7 323.3 65.7 323.3
  65.7 323.2 65.7 323.1 65.8 323.0 65.8 322.8 65.9 322.6 66.0 322.4 66.0 322.1
  66.1 321.8 66.2 321.5 66.3 321.1 66.4 320.8 66.5 320.6 66.6 320.3 66.8 320.0
  66.7 319.7 66.6 319.4 66.5 319.1 66.5 318.9 66.4 318.6 66.4 318.3 66.3 318.1
  66.3 317.9 66.3 317.6 66.4 317.4 66.4 317.3 66.5 317.1 66.6 317.0 66.7 316.9
  66.9 316.8 67.0 316.8 67.2 316.7 67.3 316.7 67.5 316.8 67.7 316.8 67.9 316.9
  68.1 317.0 68.2 317.0 68.4 317.0 68.6 317.0 68.8 317.1 69.0 317.2 69.2 317.2
  69.3 317.3 69.5 317.5 69.7 317.6 69.9 317.8 70.0 318.0 70.2 318.0 70.4 317.9
  70.6 317.8 70.7 317.8 70.9 317.8 71.1 317.7 71.3 317.8 71.4 317.8 71.6 317.8
  71.7 317.9 71.8 318.0 71.9 318.1 72.0 318.2 72.1 318.0 72.2 317.9 72.3 317.8
  72.4 317.7 72.4 317.7 72.5 317.7 72.5 317.7 72.5 317.8 72.6 317.8 72.6 317.9
  72.6 317.9 72.7 317.9 72.7 317.8 72.7 317.7 72.8 317.6 72.8 317.5 72.9 317.4
  72.9 317.2 73.0 316.9 73.0 316.7 73.0 316.4 73.1 316.2 73.1 316.0 73.2 315.9
  73.2 315.8 73.3 315.7 73.3 315.6 73.3 315.6 73.4 315.6 73.4 315.6 73.5 315.7
  73.5 315.9 73.6 316.0 73.7 316.1 73.8 316.3 73.9 316.4 74.0 316.5 74.1 316.5
  74.3 316.4 74.4 316.3 74.6 316.2 74.7 316.0 74.8 315.8 75.0 315.6 75.1 315.3
  75.3 315.1 75.4 315.0 75.5 314.8 75.7 314.6 75.8 314.5 76.0 314.4 76.1 314.3
  76.3 314.0 76.4 313.8 76.6 313.5 76.7 313.3 76.9 313.0 77.0 312.8 77.1 312.5
  77.2 312.2 77.2 311.9 77.3 311.6 77.3 311.2 77.3 310.9 77.3 310.6 77.3 310.3
  77.2 309.9 77.2 309.6 77.2 309.3 77.1 309.1 77.1 308.8 77.0 308.6 77.0 308.4
  76.9 308.2 76.9 308.0 76.8 307.9 76.7 307.8 76.6 307.7 76.5 307.7 76.4 307.6
  76.3 307.6 76.1 307.5 76.0 307.5 75.9 307.5 75.8 307.3 75.7 307.2 75.5 307.1
  75.4 307.0 75.3 306.9 75.2 306.9 75.0 306.8 74.9 306.7 74.8 306.7 74.6 306.6
  74.5 306.5 74.4 306.4 74.2 306.3 74.1 306.2 74.0 306.1 73.9 305.9 73.8 305.7
  73.7 305.4 73.6 305.2 73.5 304.9 73.5 304.6 73.4 304.3 73.3 304.0 73.2 303.6
  73.1 303.2 73.0 302.8 72.8 302.4 72.7 302.0 72.6 301.6 72.5 301.1 72.5 300.6
  72.4 300.1 72.3 299.5 72.2 299.0 72.2 298.5 72.1 298.0 72.1 297.5 72.1 296.9
  72.1 296.4 72.1 295.9 72.2 295.3 72.2 294.8 72.3 294.2 72.4 293.6 72.5 293.0
  72.6 292.5 72.6 291.9 72.8 291.5 72.9 291.0 73.1 290.6 73.2 290.2 73.3 289.8
  73.5 289.5 73.6 289.2 73.7 288.9
   3 31 67  0.0
  72.5 321.4 72.4 320.7 72.4 320.0 72.3 319.4 72.2 318.8 72.0 318.2 71.8 317.6
  71.6 316.8 71.5 316.1 71.2 315.5 70.9 314.9 70.6 314.3 70.2 313.9 69.7 313.4
  69.3 312.9 68.9 312.4 68.4 312.0 67.9 311.7 67.5 311.3 67.0 310.9 66.5 310.7
  66.0 310.4 65.5 310.3 65.1 309.9 64.6 309.6 64.2 309.3 63.7 309.0 63.3 308.4
  62.8 307.8 62.4 307.3 62.0 306.9 61.6 306.5 61.2 305.8 60.8 305.2 60.4 304.7
  60.0 304.1 59.6 303.6 59.3 302.8 59.0 301.9 58.8 301.2 58.5 300.4 58.2 299.6
  57.9 298.9 57.7 298.0 57.4 297.1 57.2 296.2 57.0 295.3 56.8 294.3 56.7 293.3
  56.5 292.3 56.4 291.2 56.3 290.1 56.2 289.0 56.0 287.9 56.0 286.8 56.1 285.7
  56.1 284.6 56.1 283.5 56.3 282.4 56.6 281.3 56.8 280.2 57.0 279.1 57.3 278.1
  57.5 277.1 57.7 276.3 57.8 275.5 57.9 274.8 58.0 274.2 58.1 273.7 58.1 273.3
  58.1 272.8 58.1 272.3 58.1 271.8 57.9 271.3 57.7 270.8 57.5 270.3 57.3 269.8
  57.1 269.3 56.9 268.9 56.7 268.5 56.5 268.1 56.2 267.8 55.9 267.5 55.5 267.4
  55.2 267.3 54.9 267.2 54.6 267.1 54.3 267.1 54.0 267.0 53.8 266.9 53.6 266.9
  53.4 266.9 53.2 266.9 53.0 267.0 52.8 267.0 52.5 267.1 52.3 267.3 52.1 267.4
  51.9 267.5 51.7 267.7 51.6 267.8 51.4 267.9 51.3 268.0 51.2 268.0 51.1 268.0
  51.0 268.0 51.0 267.9 51.0 267.8 51.0 267.6 51.0 267.4 51.0 267.2 51.0 267.0
  51.0 266.7 51.1 266.4 51.1 266.1 51.1 265.8 51.2 265.4 51.2 265.0 51.2 264.7
  51.3 264.2 51.3 263.8 51.3 263.3 51.3 262.8 51.3 262.3 51.4 261.8 51.4 261.2
  51.4 260.6 51.5 260.0 51.5 259.4 51.5 258.7 51.5 258.1 51.6 257.4 51.6 256.8
  51.7 256.1 51.8 255.5 51.8 254.9 51.8 254.2 51.8 253.6 51.8 252.9 51.8 252.3
  51.8 251.7 51.9 251.0 52.0 250.4 52.1 249.7 52.2 249.0 52.3 248.2 52.4 247.5
  52.4 246.7 52.4 246.0 52.5 245.3 52.5 244.5 52.6 243.8 52.6 243.1 52.6 242.3
  52.6 241.6 52.6 240.8 52.6 240.1 52.6 239.3 52.5 238.5 52.4 237.8 52.2 237.1
  52.1 236.3 51.9 235.6 51.7 234.9 51.4 234.2 51.2 233.5 50.9 232.8 50.7 232.1
  50.4 231.5 50.3 230.8 50.1 230.2 49.9 229.5 49.6 228.9 49.4 228.2 49.1 227.6
  49.2 226.9 49.3 226.3 49.4 225.6 49.5 224.9 49.6 224.2 49.6 223.5 50.2 222.8
  50.6 222.2 51.1 221.5 51.5 220.9 51.8 220.2 52.2 219.5 52.8 218.9 53.3 218.3
  53.8 217.6 54.3 216.9 54.8 216.6 55.3 216.1 55.7 215.7 56.3 215.3 56.9 215.3
  57.4 215.2 57.9 215.1 58.3 215.0 58.8 215.2 59.2 215.4 59.6 215.4 59.9 215.5
  60.3 215.4 60.6 215.4 60.9 215.3 61.2 215.1 61.5 214.9 61.8 214.7 62.1 214.4
  62.4 214.0 62.6 213.6 62.9 213.1 63.2 212.5 63.4 211.9 63.7 211.1 64.0 210.3
  64.4 209.4 64.7 208.5 65.0 207.5 65.4 206.5 65.7 205.5 66.0 204.4 66.3 203.2
  66.6 201.8 66.9 200.4 67.1 198.8 67.3 197.1 67.5 195.4 67.7 193.6 67.9 191.8
  68.1 190.1 68.3 188.6 68.4 187.1 68.5 185.7 68.7 184.2 68.8 182.8 68.8 181.4
  68.8 179.9 68.9 178.5 68.9 177.0
