   6  1 82  0.0
  72.5 321.4 72.4 321.4 72.3 321.3 72.2 321.2 72.2 321.0 72.1 320.9 72.1 320.7
  72.0 320.4 72.0 320.2 72.0 319.9 72.0 319.4 72.0 318.9 72.1 318.5 72.1 318.1
  72.2 317.7 72.2 317.4 72.2 317.0 72.3 316.7 72.3 316.4 72.3 316.2 72.3 315.9
  72.3 315.7 72.4 315.5 72.4 315.2 72.4 315.0 72.5 314.9 72.5 314.7 72.5 314.4
  72.5 314.2 72.6 314.0 72.6 313.7 72.6 313.4 72.6 313.2 72.7 312.9 72.7 312.5
  72.7 312.2 72.8 311.9 72.8 311.5 72.8 311.2 72.8 310.9 72.9 310.6 72.9 310.4
  72.9 310.2 72.9 310.0 72.9 309.8 72.9 309.7 72.9 309.5 72.9 309.4 72.9 309.4
  72.9 309.3 72.9 309.3 72.8 309.3 72.8 309.4 72.8 309.5 72.8 309.6 72.8 309.8
  72.7 310.0 72.7 310.2 72.7 310.5 72.7 310.8 72.6 311.1 72.6 311.5 72.6 311.9
  72.5 312.4 72.5 312.8 72.4 313.2 72.4 313.7 72.3 314.2 72.3 314.7 72.2 315.2
  72.2 315.7 72.1 316.2 72.0 316.8 71.9 317.3 71.9 317.8 71.8 318.2 71.8 318.6
  71.7 319.0 71.7 319.3 71.7 319.6 71.8 319.8 71.8 320.0 71.9 320.2 71.9 320.4
  72.0 320.5 72.1 320.7 72.3 321.0 72.4 321.2 72.5 321.4 72.6 321.6 72.7 321.7
  72.9 321.9 73.0 322.0 73.1 322.1 73.2 322.2 73.4 322.3 73.5 322.4 73.6 322.5
  73.7 322.5 73.9 322.5 74.0 322.5 74.2 322.5 74.3 322.5 74.5 322.5 74.6 322.4
  74.8 322.4 75.0 322.3 75.1 322.1 75.3 322.0 75.5 321.8 75.7 321.7 75.8 321.5
  76.0 321.4 76.1 321.3 76.2 321.3 76.4 321.3 76.5 321.3 76.6 321.3 76.7 321.4
  76.8 321.5 76.9 321.7 77.0 321.8 77.0 322.0 77.1 322.2 77.2 322.5 77.3 322.7
  77.4 323.0 77.5 323.2 77.5 323.5 77.6 323.8 77.7 324.1 77.8 324.5 77.9 324.8
  78.0 325.2 78.1 325.6 78.2 326.0 78.4 326.4 78.5 326.8 78.7 327.1 78.8 327.5
  79.0 327.8 79.2 328.1 79.4 328.5 79.6 328.8 79.8 329.1 80.0 329.4 80.2 329.6
  80.4 330.0 80.6 330.3 80.8 330.6 81.1 331.0 81.3 331.3 81.5 331.6 81.7 331.9
  81.9 332.2 82.0 332.4 82.3 332.8 82.5 333.3 82.7 333.7 82.9 334.1 83.1 334.5
  83.4 334.8 83.6 335.1 83.8 335.4 83.9 335.6 84.1 335.7 84.4 336.5 84.6 337.4
  84.9 338.4 85.1 339.4 85.3 340.5 85.5 341.7 85.7 343.0 85.9 344.4 86.1 345.8
  86.4 348.2 86.7 351.0 86.9 354.2 87.2 358.1 87.4   2.7 87.5   3.0 87.7   3.2
  87.9   3.4 88.0   3.7 88.1   3.9 88.3   4.1 88.4   4.3 88.5   4.5 88.6   4.7
  88.7   4.9 88.7   5.1 88.8   5.3 88.8   5.4 88.8   5.6 88.8   5.8 88.8   6.0
  88.8   6.1 88.9   6.3 88.9   6.5 88.9   6.7 88.9   6.8 88.9   7.0 88.9   7.2
  88.9   7.4 88.9   7.6 88.9   7.8 88.9   7.9 89.0   8.1 89.0   8.3 89.0   8.5
  89.0   8.6 89.0   8.8 89.0   9.0 89.0   9.1 89.1   9.3 89.1   9.4 89.1   9.6
  89.1   9.7 89.1   9.8 89.2  10.0 89.2  10.1 89.2  10.2 89.2  10.3 89.3  10.5
  89.3  10.6 89.3  10.7 89.3  10.8 89.4  10.9 89.4  11.0 89.4  11.1 89.4  11.2
  89.5  11.3 89.5  11.4 89.5  11.5 89.6  11.6 89.6  11.6 89.6  11.7 89.7  11.8
  89.7  11.9 89.7  11.9 89.7  12.0
   6  2 82  0.0
  72.5 321.4 72.5 321.3 72.5 321.3 72.5 321.3 72.6 321.2 72.6 321.3 72.6 321.3
  72.7 321.3 72.7 321.4 72.7 321.5 72.8 321.6 72.8 321.8 72.8 322.0 72.9 322.1
  72.9 322.3 72.9 322.5 72.9 322.6 72.9 322.8 72.9 322.9 72.9 322.9 72.8 323.0
  72.8 323.0 72.7 323.0 72.7 323.0 72.6 323.0 72.5 322.9 72.4 322.8 72.3 322.7
  72.3 322.5 72.2 322.3 72.2 322.0 72.1 321.8 72.1 321.5 72.1 321.1 72.1 320.8
  72.1 320.4 72.1 320.0 72.2 319.6 72.2 319.1 72.3 318.7 72.3 318.4 72.3 318.0
  72.3 317.7 72.4 317.4 72.4 317.1 72.4 316.8 72.3 316.6 72.3 316.4 72.3 316.2
  72.2 316.0 72.3 315.8 72.3 315.6 72.3 315.3 72.3 315.1 72.4 314.8 72.4 314.5
  72.4 314.3 72.4 314.0 72.5 313.6 72.5 313.3 72.5 313.0 72.6 312.6 72.6 312.3
  72.6 312.0 72.6 311.7 72.6 311.4 72.6 311.2 72.6 311.0 72.6 310.8 72.6 310.7
  72.6 310.6 72.6 310.5 72.6 310.4 72.6 310.3 72.6 310.3 72.6 310.3 72.6 310.4
  72.5 310.4 72.5 310.6 72.5 310.7 72.5 310.9 72.4 311.2 72.4 311.4 72.4 311.7
  72.4 312.1 72.3 312.5 72.3 312.9 72.2 313.3 72.1 313.7 72.1 314.1 72.0 314.6
  72.0 315.0 71.9 315.5 71.9 316.0 71.8 316.5 71.7 316.9 71.6 317.4 71.5 317.9
  71.4 318.4 71.4 318.8 71.3 319.2 71.3 319.5 71.2 319.8 71.2 320.1 71.2 320.3
  71.2 320.5 71.3 320.6 71.3 320.8 71.4 320.9 71.5 320.9 71.6 321.0 71.6 321.1
  71.7 321.1 71.8 321.2 71.9 321.2 72.0 321.3 72.1 321.4 72.2 321.6 72.3 321.7
  72.4 321.8 72.5 321.9 72.6 322.0 72.7 322.0 72.8 322.1 72.9 322.1 73.0 322.0
  73.1 322.0 73.2 321.9 73.4 321.8 73.5 321.7 73.6 321.6 73.7 321.4 73.9 321.2
  74.0 321.0 74.1 320.8 74.2 320.7 74.3 320.6 74.4 320.6 74.5 320.5 74.6 320.5
  74.6 320.5 74.7 320.5 74.7 320.5 74.8 320.6 74.8 320.7 74.8 320.7 74.7 320.8
  74.7 320.9 74.7 321.0 74.7 321.2 74.7 321.3 74.7 321.4 74.7 321.6 74.7 321.7
  74.7 321.9 74.7 322.0 74.6 322.2 74.6 322.4 74.6 322.5 74.6 322.7 74.6 322.8
  74.6 322.9 74.6 323.0 74.6 323.1 74.6 323.2 74.6 323.3 74.6 323.4 74.6 323.4
  74.7 323.4 74.7 323.5 74.7 323.5 74.7 323.4 74.7 323.4 74.8 323.3 74.8 323.2
  74.8 323.1 74.9 322.9 74.9 322.8 74.9 322.6 75.0 322.3 75.0 322.1 75.0 321.8
  75.1 321.5 75.1 321.3 75.2 321.0 75.2 320.7 75.2 320.4 75.3 320.1 75.3 319.8
  75.4 319.5 75.4 319.2 75.5 318.9 75.5 318.6 75.6 318.3 75.6 318.1 75.7 317.8
  75.8 317.5 75.8 317.3 75.9 317.0 76.0 316.8 76.1 316.6 76.2 316.1 76.3 315.6
  76.4 315.1 76.5 314.6 76.6 314.1 76.7 313.6 76.9 313.1 77.0 312.7 77.1 312.2
  77.2 311.7 77.3 311.3 77.4 310.8 77.5 310.3 77.6 309.9 77.6 309.4 77.7 308.9
  77.8 308.5 77.9 308.1 77.9 307.7 78.0 307.4 78.0 307.2 78.1 306.2 78.2 305.3
  78.2 304.5 78.2 303.7 78.3 302.9 78.3 302.2 78.3 301.5 78.3 300.9 78.3 300.3
  78.3 299.7 78.3 299.0 78.3 298.3 78.2 297.6 78.2 296.9 78.2 296.2 78.2 295.4
  78.2 294.6 78.2 293.9 78.1 293.1
   6  3 82  0.0
  72.5 321.4 72.4 321.5 72.4 321.6 72.3 321.6 72.3 321.7 72.2 321.7 72.2 321.7
  72.1 321.8 72.1 321.8 72.1 321.8 72.0 321.8 72.0 321.7 72.0 321.7 72.0 321.9
  72.0 322.0 71.9 322.1 71.9 322.2 71.9 322.4 71.9 322.4 71.9 322.5 71.9 322.6
  71.9 322.6 71.9 322.6 71.9 322.7 71.9 322.7 71.9 322.7 72.0 322.7 72.0 322.7
  72.0 322.7 72.0 322.8 72.1 322.8 72.1 322.9 72.1 323.0 72.2 323.1 72.2 323.3
  72.3 323.4 72.3 323.6 72.4 323.9 72.4 324.1 72.5 324.2 72.5 324.4 72.5 324.5
  72.6 324.7 72.6 324.7 72.6 324.8 72.5 324.8 72.5 324.8 72.5 324.8 72.4 324.7
  72.4 324.7 72.3 324.5 72.2 324.4 72.2 324.2 72.2 323.9 72.1 323.7 72.1 323.4
  72.0 323.0 72.0 322.6 72.0 322.3 72.0 321.8 72.0 321.4 72.1 320.9 72.1 320.5
  72.1 320.0 72.1 319.6 72.1 319.3 72.1 318.9 72.1 318.6 72.1 318.3 72.1 318.0
  72.1 317.7 72.1 317.4 72.0 317.2 72.0 317.0 71.9 316.5 71.9 316.0 71.9 315.6
  71.9 315.1 71.9 314.7 71.9 314.3 71.9 313.8 72.0 313.4 72.0 313.0 72.0 312.7
  72.0 312.3 72.0 312.0 72.1 311.6 72.1 311.4 72.1 311.1 72.1 310.8 72.1 310.6
  72.1 310.4 72.1 310.3 72.1 310.1 72.1 310.0 72.1 309.9 72.1 309.8 72.0 309.8
  72.0 309.8 72.0 309.8 72.0 309.8 72.0 309.8 71.9 309.9 71.9 310.1 71.9 310.2
  71.9 310.5 71.8 310.7 71.8 311.0 71.8 311.3 71.8 311.7 71.7 312.1 71.7 312.5
  71.6 313.0 71.6 313.4 71.5 313.9 71.4 314.3 71.4 314.8 71.3 315.3 71.2 315.8
  71.2 316.3 71.0 316.8 70.9 317.3 70.8 317.8 70.7 318.2 70.6 318.6 70.5 318.9
  70.5 319.2 70.4 319.5 70.4 319.7 70.4 319.9 70.4 320.1 70.5 320.2 70.5 320.3
  70.6 320.4 70.6 320.5 70.7 320.6 70.8 320.7 70.8 320.7 70.9 320.8 70.9 320.8
  71.0 320.9 71.1 320.9 71.1 321.0 71.2 321.0 71.3 321.0 71.3 321.1 71.4 321.1
  71.4 321.1 71.5 321.0 71.6 321.0 71.6 320.9 71.7 320.8 71.8 320.7 71.8 320.5
  71.9 320.4 72.0 320.2 72.0 320.0 72.1 319.9 72.2 319.7 72.2 319.6 72.2 319.4
  72.2 319.3 72.2 319.1 72.2 319.0 72.1 318.8 72.1 318.7 72.0 318.6 71.9 318.5
  71.8 318.1 71.7 317.7 71.6 317.4 71.5 317.0 71.3 316.7 71.2 316.3 71.1 316.0
  71.0 315.6 71.0 315.3 70.9 314.9 70.8 314.6 70.8 314.3 70.7 313.9 70.6 313.6
  70.6 313.3 70.5 313.0 70.5 312.8 70.4 312.5 70.3 312.3 70.3 312.1 70.2 312.0
  70.3 311.8 70.3 311.7 70.3 311.5 70.4 311.4 70.4 311.3 70.5 311.2 70.6 311.1
  70.6 311.0 70.7 310.9 70.8 310.8 70.9 310.6 70.9 310.5 71.0 310.4 71.1 310.3
  71.2 310.2 71.3 310.1 71.4 309.9 71.5 309.9 71.6 309.8 71.7 309.8 71.8 309.8
  71.9 309.8 71.9 309.8 72.0 309.9 72.1 309.9 72.2 309.9 72.2 309.9 72.3 309.9
  72.3 310.0 72.4 310.1 72.4 310.2 72.5 310.3 72.5 310.4 72.5 310.6 72.6 310.7
  72.6 310.9 72.6 311.1 72.7 311.4 72.7 311.6 72.7 311.8 72.7 312.1 72.7 312.3
  72.7 312.6 72.6 312.9 72.6 313.1 72.5 313.4 72.4 313.6 72.3 313.9 72.2 314.2
  72.1 314.4 71.9 314.6 71.7 315.0
   6  4 82  0.0
  72.5 321.4 72.4 320.8 72.2 320.3 72.1 319.8 71.9 319.3 71.7 319.0 71.5 318.7
  71.3 318.5 71.1 318.3 70.9 318.2 70.7 318.1 70.6 318.1 70.4 318.1 70.2 318.2
  70.1 318.3 69.9 318.4 69.8 318.5 69.7 318.7 69.6 318.9 69.5 319.1 69.5 319.4
  69.4 319.7 69.4 320.0 69.4 320.4 69.4 320.9 69.4 321.4 69.4 321.9 69.5 322.4
  69.5 322.9 69.5 323.4 69.5 323.9 69.5 324.4 69.5 324.9 69.5 325.4 69.5 325.8
  69.5 326.3 69.5 326.7 69.5 327.2 69.6 327.6 69.6 327.9 69.6 328.3 69.6 328.6
  69.7 328.9 69.7 329.2 69.7 329.4 69.8 329.6 69.9 329.7 69.9 329.8 70.0 329.9
  70.1 329.9 70.2 329.8 70.3 329.8 70.4 329.8 70.5 329.8 70.6 329.9 70.7 330.0
  70.8 330.2 71.0 330.3 71.1 330.6 71.2 330.8 71.3 331.1 71.4 331.5 71.5 331.8
  71.6 332.2 71.7 332.5 71.7 332.8 71.8 333.0 71.8 333.3 71.9 333.5 71.9 333.7
  71.9 333.9 71.9 334.1 71.9 334.2 71.9 334.3 71.9 334.4 71.9 334.4 71.9 334.3
  71.9 334.1 71.9 333.9 71.9 333.6 71.9 333.2 71.9 332.8 71.9 332.2 71.9 331.6
  71.9 331.0 71.9 330.3 71.9 329.6 71.9 328.9 71.9 328.3 71.9 327.7 71.9 327.0
  71.9 326.5 71.9 325.9 71.9 325.4 71.9 324.8 71.9 324.3 71.8 323.8 71.8 323.3
  71.7 322.8 71.7 322.3 71.6 321.8 71.6 321.3 71.6 320.8 71.5 320.3 71.5 319.8
  71.5 319.3 71.5 318.8 71.5 318.3 71.4 317.8 71.4 317.3 71.4 316.9 71.4 316.4
  71.4 316.0 71.3 315.6 71.3 315.3 71.3 315.0 71.2 314.7 71.2 314.4 71.2 314.2
  71.1 314.0 71.1 313.8 71.0 313.7 71.0 313.5 70.9 313.5 70.8 313.5 70.7 313.5
  70.7 313.5 70.6 313.6 70.5 313.7 70.4 313.9 70.3 314.0 70.2 314.3 70.1 314.5
  70.0 314.8 69.9 315.1 69.8 315.3 69.7 315.6 69.6 315.9 69.5 316.3 69.4 316.6
  69.2 317.0 69.1 317.4 68.9 317.8 68.7 318.2 68.6 318.6 68.4 319.0 68.2 319.4
  68.1 319.8 68.0 320.1 67.8 320.5 67.7 320.9 67.6 321.2 67.5 321.4 67.4 321.7
  67.3 321.9 67.3 322.1 67.2 322.2 67.2 322.3 67.2 322.4 67.2 322.5 67.1 322.5
  67.1 322.6 67.1 322.7 67.1 322.7 67.1 322.8 67.0 322.8 67.0 322.8 67.0 322.8
  67.0 322.9 67.0 322.9 67.0 322.9 66.9 322.8 66.9 322.8 66.9 322.8 66.9 322.8
  66.9 322.7 66.9 322.7 66.9 322.6 66.9 322.6 66.8 322.5 66.8 322.4 66.8 322.3
  66.8 322.3 66.8 322.2 66.7 322.1 66.7 322.0 66.6 322.0 66.6 321.9 66.5 321.8
  66.5 321.8 66.4 321.7 66.3 321.6 66.2 321.6 66.1 321.5 66.0 321.4 65.9 321.4
  65.9 321.7 65.8 321.9 65.7 322.2 65.7 322.4 65.7 322.7 65.6 322.9 65.6 323.2
  65.6 323.5 65.6 323.7 65.6 324.0 65.6 324.2 65.7 324.5 65.7 324.7 65.7 325.0
  65.8 325.3 65.8 325.7 65.9 326.0 65.9 326.4 65.9 326.7 65.9 327.1 65.9 327.5
  66.0 328.0 66.0 328.4 66.1 328.9 66.2 329.1 66.2 329.4 66.3 329.6 66.4 329.9
  66.5 330.2 66.6 330.5 66.7 330.8 66.8 331.2 66.9 331.6 67.0 332.0 67.1 332.5
  67.2 332.9 67.3 333.4 67.4 333.8 67.5 334.3 67.6 334.8 67.6 335.3 67.7 335.7
  67.8 336.2 67.9 336.8 68.0 337.3
   6  5 82  0.0
  72.5 321.4 72.2 320.8 72.0 320.3 71.7 319.8 71.4 319.4 71.0 319.0 70.6 318.6
  70.2 318.2 69.8 317.9 69.5 317.5 69.1 317.2 68.6 316.8 68.2 316.5 67.8 316.2
  67.3 315.8 66.9 315.5 66.4 315.2 65.9 314.9 65.4 314.6 64.9 314.3 64.5 314.0
  64.0 313.7 63.6 313.4 63.1 313.1 62.7 312.7 62.3 312.4 62.0 312.1 61.6 311.7
  61.1 311.2 60.6 310.8 60.2 310.4 59.7 310.0 59.2 309.6 58.8 309.2 58.3 308.9
  57.9 308.5 57.5 308.3 57.1 308.0 56.7 307.8 56.1 307.6 55.6 307.3 55.1 307.0
  54.6 306.7 54.2 306.3 53.8 306.0 53.4 305.6 53.1 305.2 52.8 304.8 52.5 304.5
  52.3 304.1 52.1 303.7 51.7 303.3 51.3 303.0 51.0 302.7 50.7 302.4 50.4 302.1
  50.1 301.7 49.8 301.4 49.6 301.2 49.4 301.0 49.2 300.8 49.1 300.6 48.9 300.4
  48.8 300.2 48.7 300.0 48.6 299.8 48.4 299.7 48.2 299.5 48.0 299.3 47.9 299.1
  47.7 299.0 47.6 298.9 47.5 298.9 47.4 298.8 47.3 298.7 47.3 298.7 47.2 298.6
  47.1 298.6 47.1 298.5 47.0 298.5 47.0 298.4 46.9 298.4 46.9 298.4 46.9 298.3
  46.9 298.3 46.9 298.3 46.8 298.3 46.8 298.3 46.8 298.3 46.8 298.3 46.8 298.4
  46.8 298.4 46.8 298.5 46.8 298.5 46.7 298.6 46.7 298.7 46.7 298.8 46.7 298.9
  46.7 299.0 46.7 299.1 46.7 299.2 46.6 299.3 46.6 299.4 46.6 299.4 46.6 299.5
  46.6 299.6 46.5 299.6 46.5 299.7 46.5 299.7 46.4 299.8 46.4 299.8 46.4 299.9
  46.3 299.9 46.3 299.9 46.2 300.0 46.2 300.0 46.1 300.1 46.0 300.1 46.0 300.2
  46.0 300.4 45.9 300.7 45.9 300.9 45.9 301.1 45.9 301.2 45.9 301.4 45.9 301.4
  46.0 301.5 46.1 301.5 46.2 301.3 46.3 301.1 46.5 300.9 46.6 300.7 46.8 300.4
  47.1 300.2 47.3 299.9 47.5 299.6 47.6 299.4 47.8 299.0 48.0 298.7 48.2 298.4
  48.5 298.0 48.8 297.5 49.1 297.1 49.5 296.6 49.9 296.1 50.3 295.7 50.6 295.1
  50.8 294.5 51.1 293.9 51.4 293.3 51.7 292.7 52.0 292.1 52.3 291.5 52.5 290.8
  52.7 290.1 53.0 289.4 53.2 288.8 53.5 288.2 53.8 287.6 54.0 287.0 54.2 286.3
  54.4 285.7 54.6 285.1 54.9 284.5 55.1 283.9 55.2 283.3 55.4 282.7 55.5 282.1
  55.7 281.5 55.8 281.0 56.0 280.4 56.2 279.9 56.3 279.4 56.4 278.9 56.5 278.3
  56.6 277.8 56.7 277.3 56.8 276.8 57.0 276.4 57.1 275.9 57.1 275.4 57.1 274.9
  57.2 274.5 57.2 274.0 57.2 273.6 57.3 273.1 57.3 272.7 57.3 272.3 57.3 271.9
  57.3 271.4 57.3 271.0 57.2 270.7 57.2 270.3 57.1 269.9 57.1 269.6 57.1 269.2
  57.0 268.8 57.0 268.4 56.9 268.0 56.9 267.6 56.8 267.2 56.7 266.9 56.6 266.5
  56.6 266.1 56.5 265.7 56.4 265.3 56.3 264.9 56.2 264.5 56.1 264.2 56.0 263.9
  55.9 263.5 55.9 263.2 55.8 262.8 55.7 262.4 55.7 262.1 55.6 261.8 55.6 261.4
  55.5 261.1 55.5 260.8 55.4 260.5 55.3 260.1 55.3 259.8 55.2 259.5 55.1 259.2
  55.1 258.9 55.0 258.6 54.9 258.3 54.8 258.0 54.7 257.8 54.6 257.5 54.5 257.2
  54.4 256.9 54.3 256.6 54.1 256.3 54.0 256.0 53.9 255.8 53.7 255.5 53.5 255.2
  53.4 255.0 53.2 254.7 53.0 254.5
   6  6 82  0.0
  72.5 321.4 72.3 321.0 72.0 320.7 71.8 320.3 71.6 320.1 71.4 319.8 71.1 319.6
  70.7 319.3 70.4 319.1 70.0 318.9 69.6 318.7 69.3 318.6 68.9 318.5 68.5 318.4
  68.0 318.3 67.6 318.2 67.1 318.2 66.7 318.2 66.2 318.1 65.7 318.1 65.3 318.1
  64.8 318.0 64.4 317.9 63.9 317.8 63.5 317.7 63.1 317.5 62.7 317.4 62.2 317.2
  61.8 317.0 61.4 316.8 61.0 316.6 60.6 316.3 60.2 316.0 59.8 315.8 59.2 315.5
  58.7 315.2 58.1 315.0 57.5 314.7 57.0 314.4 56.5 314.1 56.0 313.8 55.6 313.4
  55.2 313.0 54.8 312.6 54.4 312.2 54.0 311.8 53.5 311.4 53.0 310.9 52.5 310.4
  52.0 309.9 51.5 309.5 51.1 309.0 50.6 308.5 50.2 308.1 49.8 307.6 49.3 307.1
  48.8 306.6 48.3 306.0 47.9 305.5 47.4 304.9 46.9 304.2 46.4 303.6 46.0 302.9
  45.7 302.3 45.3 301.7 44.9 301.0 44.6 300.4 44.2 299.9 43.9 299.3 43.7 298.7
  43.4 298.2 43.0 297.6 42.7 297.1 42.3 296.6 42.0 296.2 41.6 295.5 41.5 295.0
  41.4 294.4 41.2 293.9 41.0 293.4 40.8 293.0 40.5 292.6 40.3 292.2 40.0 291.9
  39.8 291.5 39.6 291.1 39.4 290.7 39.2 290.3 39.0 289.9 38.7 289.6 38.5 289.2
  38.3 288.9 38.1 288.6 37.8 288.3 37.6 287.9 37.4 287.6 37.2 287.3 36.9 287.0
  36.7 286.7 36.5 286.4 36.3 286.1 36.1 285.7 35.9 285.4 35.7 285.1 35.5 284.8
  35.3 284.5 35.1 284.2 34.9 283.9 34.8 283.6 34.7 283.4 34.5 283.1 34.4 282.9
  34.3 282.7 34.1 282.4 34.0 282.2 33.9 282.0 33.8 281.8 33.7 281.6 33.6 281.4
  33.5 281.2 33.4 281.1 33.3 280.9 33.2 280.8 33.0 280.6 32.9 280.5 32.8 280.4
  32.7 280.2 32.6 280.1 32.5 279.9 32.4 279.8 32.3 279.6 32.2 279.5 32.1 279.3
  32.0 279.2 31.9 279.1 31.8 279.0 31.7 279.0 31.6 278.9 31.5 278.9 31.4 278.9
  31.3 278.8 31.2 278.8 31.1 278.8 31.1 278.8 31.0 278.8 30.9 278.8 30.8 278.8
  30.8 278.9 30.7 278.9 30.6 278.9 30.5 278.9 30.4 278.8 30.4 278.8 30.3 278.8
  30.2 278.8 30.1 278.8 30.0 278.7 30.0 278.7 29.9 278.7 29.8 278.8 29.7 278.8
  29.6 278.9 29.6 278.9 29.5 279.0 29.4 279.0 29.4 279.1 29.3 279.2 29.2 279.2
  29.2 279.3 29.1 279.4 29.0 279.5 29.0 279.6 28.9 279.7 28.9 279.7 28.8 279.8
  28.8 279.9 28.8 279.9 28.7 280.0 28.7 280.0 28.6 280.1 28.6 280.1 28.6 280.2
  28.5 280.2 28.5 280.2 28.5 280.3 28.4 280.3 28.4 280.4 28.4 280.4 28.3 280.5
  28.3 280.6 28.3 280.6 28.2 280.7 28.2 280.8 28.2 280.8 28.1 280.9 28.1 280.9
  28.0 281.0 28.0 281.0 27.9 281.0 27.9 281.0 27.8 281.0 27.8 280.9 27.7 280.9
  27.6 280.9 27.5 280.8 27.4 280.7 27.3 280.7 27.3 280.6 27.2 280.6 27.1 280.5
  27.0 280.4 27.0 280.4 26.9 280.3 26.9 280.3 26.8 280.2 26.7 280.2 26.7 280.1
  26.6 280.1 26.6 280.0 26.5 280.0 26.5 279.9 26.5 279.8 26.5 279.7 26.5 279.6
  26.5 279.5 26.5 279.4 26.4 279.2 26.4 279.1 26.4 279.0 26.3 278.8 26.3 278.6
  26.2 278.5 26.1 278.3 26.1 278.2 26.0 278.0 25.9 278.0 25.8 278.0 25.7 277.9
  25.6 277.9 25.4 277.8 25.3 277.8
   6  7 82  0.0
  72.5 321.4 72.4 321.0 72.4 320.5 72.3 320.1 72.3 319.7 72.3 319.3 72.2 318.9
  72.2 318.5 72.2 318.1 72.2 317.7 72.1 317.3 72.1 316.9 72.2 316.5 72.2 316.1
  72.2 315.7 72.1 315.3 72.0 314.9 71.9 314.6 71.7 314.2 71.6 313.9 71.4 313.6
  71.2 313.3 70.9 313.1 70.6 313.0 70.3 312.8 69.9 312.8 69.6 312.8 69.2 312.8
  68.9 312.9 68.5 313.0 68.1 313.0 67.7 313.1 67.2 313.3 66.8 313.4 66.3 313.5
  65.9 313.7 65.4 313.8 64.9 313.9 64.4 314.0 63.8 314.1 63.4 314.1 62.9 314.0
  62.4 313.9 61.9 313.8 61.5 313.6 61.1 313.4 60.6 313.2 60.2 313.0 59.7 312.7
  59.3 312.4 58.9 312.0 58.5 311.7 58.0 311.3 57.5 310.9 57.0 310.4 56.6 310.0
  56.1 309.5 55.6 309.0 55.2 308.5 54.7 308.0 54.4 307.4 54.2 306.9 53.9 306.2
  53.6 305.5 53.3 304.8 53.0 304.0 52.7 303.2 52.6 302.4 52.4 301.5 52.2 300.7
  51.9 299.8 51.8 298.9 51.7 298.0 51.5 297.0 51.3 296.1 51.1 295.2 51.2 294.3
  51.2 293.4 51.3 292.5 51.3 291.6 51.4 290.7 51.6 289.9 51.7 289.0 51.8 288.1
  51.9 287.3 52.1 286.5 52.3 285.6 52.4 284.8 52.5 283.9 52.7 283.0 52.9 282.0
  53.2 281.1 53.4 280.2 53.6 279.3 53.9 278.3 54.3 277.4 54.8 276.6 55.2 275.8
  55.7 275.0 56.3 274.3 56.9 273.7 57.4 273.2 58.0 272.8 58.5 272.3 58.9 272.1
  59.4 271.8 59.9 271.6 60.3 271.4 60.8 271.3 61.2 271.2 61.5 271.1 61.9 270.9
  62.2 270.8 62.4 270.6 62.7 270.4 62.9 270.1 63.1 269.8 63.3 269.5 63.5 269.1
  63.6 268.6 63.8 268.2 63.9 267.7 64.1 267.2 64.3 266.7 64.5 266.3 64.7 265.8
  64.9 265.4 65.1 264.9 65.3 264.4 65.5 263.9 65.8 263.4 66.1 262.9 66.3 262.6
  66.6 262.2 66.9 261.9 67.2 261.5 67.4 261.1 67.7 260.7 68.0 260.2 68.2 259.7
  68.6 259.6 68.9 259.4 69.3 259.2 69.6 259.0 69.9 258.7 70.2 258.5 70.5 258.6
  70.8 258.8 71.1 258.9 71.4 259.1 71.6 259.4 71.8 259.6 72.0 259.8 72.3 260.4
  72.4 261.1 72.5 261.7 72.7 262.4 72.8 263.1 72.9 263.8 73.0 264.5 73.1 265.3
  73.1 266.0 73.2 266.8 73.2 267.6 73.3 268.4 73.2 269.2 73.1 270.0 73.1 270.8
  73.0 271.6 72.9 272.4 72.8 273.1 72.7 273.8 72.5 274.5 72.3 275.2 72.2 275.8
  72.0 276.3 71.7 276.5 71.5 276.6 71.2 276.7 70.9 276.7 70.6 276.7 70.3 276.7
  70.0 276.6 69.7 276.5 69.4 276.1 69.2 275.7 69.0 275.2 68.8 274.7 68.6 274.2
  68.5 273.6 68.3 273.1 68.1 272.5 68.0 271.9 67.9 271.2 67.9 270.5 67.8 269.7
  67.8 268.9 67.7 268.0 67.6 267.2 67.6 266.3 67.7 265.4 67.7 264.4 67.6 263.5
  67.7 262.5 67.7 261.5 67.8 260.6 67.8 259.6 67.9 258.6 68.0 257.7 68.1 256.8
  68.2 255.9 68.3 255.0 68.4 254.1 68.6 253.2 68.7 252.3 68.8 251.4 69.0 250.6
  69.1 249.8 69.3 248.9 69.4 248.0 69.6 247.1 69.8 246.2 70.0 245.3 70.2 244.4
  70.4 243.4 70.7 242.4 70.9 241.3 71.2 240.3 71.4 239.2 71.7 238.1 72.0 237.0
  72.2 235.9 72.5 234.8 72.8 233.6 73.1 232.5 73.4 231.3 73.7 230.0 74.0 228.8
  74.3 227.5 74.6 226.3 74.9 225.1
   6  8 82  0.0
  72.5 321.4 72.2 321.0 72.0 320.5 71.7 320.6 71.5 320.6 71.3 320.6 71.0 320.7
  70.8 320.7 70.5 320.8 70.3 320.9 70.0 320.9 69.8 321.0 69.5 321.5 69.3 322.0
  69.1 322.5 68.9 322.9 68.7 323.3 68.5 323.6 68.2 323.9 68.0 324.2 67.8 324.4
  67.6 324.9 67.4 325.3 67.2 325.7 67.0 326.1 66.8 326.4 66.5 326.6 66.3 326.8
  66.1 326.9 65.9 326.9 65.7 327.3 65.5 327.6 65.3 327.9 65.1 328.0 64.9 328.2
  64.7 328.2 64.5 328.2 64.3 328.1 64.1 328.1 63.8 328.1 63.6 328.5 63.4 328.9
  63.2 329.3 62.9 329.8 62.7 330.2 62.5 330.7 62.2 331.1 62.0 331.6 61.8 332.4
  61.5 333.2 61.2 334.0 60.9 334.7 60.6 335.5 60.4 336.2 60.0 336.9 59.7 337.5
  59.4 338.4 59.0 339.2 58.7 340.0 58.4 340.7 58.0 341.4 57.6 342.3 57.2 343.1
  56.7 343.9 56.3 344.7 55.9 345.4 55.4 346.1 54.9 346.8 54.3 347.3 53.7 347.9
  53.1 348.3 52.6 348.6 52.0 349.0 51.5 349.3 50.9 349.5 50.3 349.6 49.7 349.8
  49.1 349.7 48.5 349.7 47.9 349.7 47.4 349.5 46.8 349.3 46.3 349.1 45.7 348.9
  45.2 348.6 44.7 348.2 44.3 347.9 43.7 347.4 43.2 346.9 42.7 346.2 42.2 345.6
  41.8 344.8 41.4 344.0 41.2 343.1 40.9 342.2 40.7 341.2 40.5 340.1 40.3 339.0
  40.3 338.0 40.3 336.9 40.3 335.8 40.5 334.8 40.7 333.8 40.9 332.9 41.2 332.0
  41.4 331.2 41.8 330.5 42.2 329.8 42.7 329.0 43.2 328.3 43.7 327.7 44.2 327.1
  44.7 326.5 45.2 326.0 45.7 325.5 46.3 325.0 46.8 324.5 47.4 324.0 47.9 323.5
  48.4 323.0 48.9 322.5 49.3 322.0 49.8 321.5 50.3 321.0 50.8 320.4 51.2 319.8
  51.7 319.2 52.1 318.6 52.6 318.1 53.0 317.5 53.5 316.9 54.0 316.4 54.5 315.8
  54.9 315.3 55.3 314.8 55.7 314.2 56.0 313.7 56.4 313.2 56.8 312.8 57.1 312.3
  57.5 311.8 57.8 311.3 58.1 310.8 58.4 310.5 58.7 310.1 59.0 309.8 59.3 309.4
  59.6 309.1 59.9 308.8 60.2 308.5 60.5 308.4 60.7 308.3 60.9 308.3 61.1 308.3
  61.3 308.3 61.5 308.4 61.7 308.5 61.8 308.6 62.0 308.8 62.1 309.0 62.2 309.3
  62.3 309.6 62.4 310.0 62.5 310.3 62.6 310.7 62.6 311.1 62.7 311.5 62.7 311.9
  62.7 312.4 62.6 312.8 62.5 313.3 62.4 313.7 62.2 314.2 62.0 314.6 61.8 315.1
  61.6 315.4 61.3 315.6 61.0 315.9 60.7 316.1 60.4 316.4 60.2 316.6 59.9 316.8
  59.7 316.8 59.5 316.7 59.4 316.7 59.2 316.6 59.2 316.5 59.1 316.4 59.1 316.3
  59.1 316.2 59.1 316.0 59.2 315.9 59.1 315.7 59.1 315.5 59.0 315.3 59.0 315.1
  59.0 315.0 59.1 314.8 59.1 314.6 59.2 314.5 59.2 314.3 59.3 314.1 59.4 314.0
  59.5 313.8 59.6 313.7 59.8 313.6 59.9 313.4 60.0 313.3 60.1 313.2 60.3 313.2
  60.4 313.1 60.5 313.0 60.7 313.0 60.8 313.0 60.9 313.0 61.0 312.9 61.2 312.9
  61.3 313.0 61.4 313.0 61.5 313.0 61.7 313.1 61.8 313.1 61.9 313.2 62.0 313.3
  62.1 313.5 62.2 313.6 62.3 313.9 62.4 314.1 62.5 314.4 62.6 314.7 62.6 315.0
  62.7 315.3 62.8 315.6 62.9 316.0 62.9 316.4 63.0 316.8 63.0 317.3 63.1 317.7
  63.1 318.2 63.1 318.7 63.1 319.3
   6  9 82  0.0
  72.5 321.4 72.4 320.8 72.4 320.3 72.3 319.7 72.3 319.2 72.2 318.7 72.1 318.2
  72.0 317.7 71.9 317.5 71.8 317.4 71.6 317.3 71.5 317.1 71.4 317.0 71.2 316.9
  71.1 316.7 70.9 316.6 70.7 316.5 70.5 316.5 70.3 316.4 70.0 316.3 69.8 316.3
  69.6 316.6 69.3 317.0 69.1 317.3 68.8 317.7 68.5 318.0 68.2 318.4 68.0 318.8
  67.7 319.6 67.5 320.4 67.3 321.2 67.1 322.0 66.9 322.8 66.7 323.7 66.5 324.5
  66.4 325.3 66.2 326.1 66.0 327.0 65.9 327.7 65.7 328.8 65.6 329.8 65.5 330.8
  65.4 331.8 65.2 332.7 65.1 333.6 64.9 334.4 64.8 335.1 64.6 335.8 64.4 336.5
  64.3 337.1 64.1 337.6 63.9 338.1 63.8 339.0 63.6 339.8 63.4 340.6 63.3 341.3
  63.1 341.9 62.9 342.5 62.7 343.0 62.6 343.5 62.4 343.9 62.2 344.3 62.1 344.6
  61.9 344.9 61.8 345.5 61.6 346.1 61.5 346.7 61.3 347.2 61.1 347.7 60.9 348.1
  60.8 348.5 60.7 348.8 60.6 349.1 60.5 349.4 60.4 349.7 60.3 349.9 60.2 350.1
  60.1 350.3 60.0 350.4 59.9 350.6 59.7 350.9 59.6 351.2 59.5 351.5 59.3 351.7
  59.1 351.9 58.9 352.1 58.9 352.3 58.8 352.5 58.7 352.6 58.6 352.8 58.5 352.9
  58.4 353.1 58.2 353.2 58.1 353.3 57.9 353.4 57.7 353.6 57.5 353.8 57.3 354.0
  57.1 354.2 56.9 354.4 56.7 354.6 56.4 354.7 56.2 354.9 55.9 355.1 55.6 355.2
  55.3 355.4 55.0 355.5 54.7 355.6 54.4 355.8 54.0 355.9 53.7 356.0 53.5 356.1
  53.2 356.1 53.0 356.2 52.8 356.2 52.5 356.3 52.3 356.3 52.1 356.4 51.9 356.5
  51.6 356.5 51.4 356.5 51.2 356.6 51.0 356.6 50.8 356.6 50.7 356.7 50.5 356.7
  50.4 356.8 50.2 356.9 50.1 357.0 50.0 357.0 49.9 357.2 49.8 357.4 49.7 357.5
  49.6 357.7 49.6 357.9 49.5 358.1 49.4 358.3 49.3 358.4 49.3 358.6 49.2 358.7
  49.1 358.8 49.0 359.0 48.9 359.1 48.8 359.2 48.7 359.3 48.5 359.4 48.4 359.5
  48.3 359.6 48.2 359.7 48.0 359.9 47.9 360.0 47.7   0.1 47.6   0.2 47.4   0.2
  47.3   0.3 47.1   0.4 47.0   0.5 46.8   0.6 46.7   0.7 46.5   0.8 46.4   0.9
  46.2   1.0 46.1   1.1 45.9   1.2 45.8   1.2 45.7   1.3 45.6   1.3 45.4   1.4
  45.3   1.5 45.2   1.5 45.1   1.6 45.0   1.7 44.8   1.8 44.7   1.8 44.6   1.9
  44.5   2.0 44.3   2.1 44.2   2.2 44.0   2.2 43.9   2.3 43.8   2.4 43.6   2.4
  43.5   2.4 43.3   2.5 43.2   2.5 43.1   2.6 42.9   2.6 42.8   2.6 42.7   2.6
  42.6   2.7 42.4   2.7 42.3   2.7 42.2   2.8 42.1   2.8 42.0   2.8 41.9   2.8
  41.8   2.8 41.7   2.8 41.6   2.8 41.5   2.8 41.3   2.8 41.2   2.8 41.1   2.8
  41.0   2.8 40.9   2.9 40.8   2.9 40.7   2.9 40.5   2.9 40.4   2.9 40.3   2.9
  40.1   2.9 40.0   2.9 39.8   2.8 39.6   2.7 39.5   2.6 39.3   2.5 39.1   2.5
  38.9   2.4 38.7   2.3 38.5   2.2 38.3   2.1 38.1   2.0 37.9   1.9 37.7   1.8
  37.5   1.7 37.3   1.7 37.1   1.6 36.9   1.5 36.7   1.4 36.5   1.3 36.4   1.2
  36.2   1.2 36.0   1.1 35.8   1.0 35.7   0.9 35.5   0.8 35.3   0.7 35.2   0.6
  35.0   0.5 34.9   0.4 34.7   0.3
   6 10 82  0.0
  72.5 321.4 72.4 321.3 72.4 321.1 72.3 321.0 72.2 320.8 72.1 320.7 72.1 320.5
  72.0 320.4 71.9 320.4 71.9 320.5 71.8 320.5 71.7 320.6 71.6 320.7 71.6 320.8
  71.5 320.8 71.4 320.9 71.3 320.9 71.3 320.9 71.2 320.9 71.1 320.8 71.1 320.8
  71.0 320.7 71.0 320.6 70.9 320.5 70.8 320.4 70.8 320.3 70.7 320.1 70.7 320.0
  70.6 319.9 70.5 319.7 70.4 319.6 70.3 319.5 70.2 319.3 70.0 319.2 69.9 319.1
  69.8 319.3 69.6 319.6 69.5 319.8 69.4 320.1 69.2 320.4 69.1 320.7 68.9 321.0
  68.8 321.4 68.6 321.7 68.4 322.1 68.2 322.5 68.0 322.9 67.8 323.3 67.7 324.1
  67.5 325.0 67.4 325.9 67.2 326.8 67.1 327.7 66.9 328.7 66.8 329.6 66.7 330.5
  66.6 331.4 66.5 332.3 66.4 333.1 66.4 334.0 66.3 334.8 66.2 335.7 66.1 336.4
  66.1 337.1 66.0 337.6 65.9 338.6 65.8 339.4 65.7 340.2 65.5 340.9 65.4 341.6
  65.3 342.2 65.2 342.8 65.0 343.3 64.9 343.8 64.7 344.2 64.6 344.5 64.5 344.8
  64.4 345.1 64.3 345.3 64.2 345.4 64.1 345.5 64.0 345.6 63.9 346.0 63.8 346.4
  63.7 346.7 63.7 347.0 63.6 347.2 63.5 347.5 63.4 347.7 63.4 347.9 63.3 348.0
  63.3 348.1 63.3 348.3 63.3 348.4 63.4 348.4 63.4 348.5 63.4 348.5 63.5 348.5
  63.5 348.6 63.5 348.5 63.6 348.5 63.6 348.5 63.6 348.4 63.7 348.3 63.7 348.3
  63.7 348.2 63.7 348.1 63.7 347.9 63.6 347.8 63.5 347.7 63.3 347.5 63.2 347.4
  63.0 347.2 62.8 347.1 62.7 346.9 62.5 346.7 62.3 346.6 62.1 346.4 61.9 346.2
  61.7 346.4 61.5 346.6 61.3 346.7 61.0 346.8 60.8 346.9 60.5 347.0 60.3 347.1
  60.0 347.2 59.7 347.5 59.4 347.8 59.1 348.1 58.8 348.3 58.5 348.6 58.2 348.8
  57.8 349.0 57.4 349.4 57.0 349.7 56.6 349.9 56.2 350.2 55.7 350.4 55.2 350.7
  54.7 350.9 54.2 351.1 53.7 351.4 53.1 351.5 52.5 351.7 51.9 351.9 51.4 351.9
  50.8 351.9 50.1 352.0 49.5 352.0 48.9 351.9 48.3 351.9 47.8 351.9 47.3 351.9
  46.8 351.8 46.4 351.8 46.1 351.9 45.8 351.9 45.5 352.0 45.3 352.0 45.2 352.1
  45.2 352.2 45.1 352.3 45.1 352.4 45.0 352.5 45.0 352.6 44.9 352.6 44.8 352.7
  44.7 352.9 44.6 353.0 44.5 353.0 44.4 353.1 44.3 353.2 44.2 353.2 44.0 353.3
  43.9 353.3 43.7 353.3 43.6 353.2 43.4 353.1 43.2 353.0 43.0 352.8 42.8 352.7
  42.6 352.6 42.4 352.4 42.2 352.3 42.0 352.1 41.8 352.0 41.7 351.8 41.5 351.5
  41.3 351.3 41.1 351.1 40.9 350.9 40.7 350.7 40.5 350.4 40.3 350.2 40.2 350.0
  40.0 349.7 39.8 349.5 39.7 349.3 39.6 349.1 39.5 348.8 39.4 348.6 39.3 348.4
  39.2 348.2 39.2 348.0 39.0 347.7 38.9 347.5 38.8 347.3 38.7 347.0 38.6 346.8
  38.5 346.5 38.4 346.2 38.4 345.9 38.3 345.6 38.2 345.2 38.2 344.8 38.1 344.4
  38.1 344.0 38.0 343.6 37.8 343.1 37.6 342.7 37.4 342.4 37.2 342.0 37.0 341.6
  36.9 341.1 36.7 340.7 36.6 340.2 36.5 339.6 36.2 339.1 36.0 338.5 35.8 337.8
  35.7 337.3 35.5 336.8 35.3 336.3 35.2 335.8 35.1 335.3 35.0 334.7 34.9 334.2
  34.9 333.6 34.8 333.1 34.7 332.6
   6 11 82  0.0
  72.5 321.4 72.5 321.4 72.6 321.5 72.6 321.5 72.7 321.5 72.7 321.5 72.7 321.5
  72.7 321.5 72.6 321.5 72.6 321.6 72.6 321.6 72.5 321.6 72.4 321.5 72.3 321.5
  72.2 321.5 72.1 321.5 72.1 321.5 72.0 321.4 71.9 321.4 71.8 321.4 71.7 321.4
  71.6 321.4 71.5 321.4 71.5 321.4 71.4 321.4 71.3 321.4 71.2 321.4 71.1 321.4
  71.0 321.4 71.0 321.4 70.9 321.4 70.8 321.5 70.7 321.5 70.6 321.5 70.5 321.6
  70.4 321.6 70.3 321.7 70.2 321.7 70.1 321.8 70.0 321.8 69.9 321.8 69.9 322.2
  69.8 322.5 69.7 322.8 69.6 323.2 69.6 323.5 69.5 323.8 69.5 324.2 69.4 324.5
  69.4 324.8 69.3 325.2 69.3 325.5 69.2 325.8 69.1 326.2 69.1 326.5 69.0 326.9
  68.9 327.2 68.9 327.5 68.8 327.9 68.7 328.2 68.6 328.5 68.5 328.9 68.4 329.2
  68.3 329.5 68.2 329.9 68.1 330.3 68.0 330.6 67.9 331.0 67.8 331.9 67.7 332.8
  67.6 333.8 67.5 334.7 67.5 335.6 67.4 336.5 67.4 337.3 67.3 338.2 67.3 338.9
  67.3 339.7 67.2 340.4 67.2 341.0 67.3 341.6 67.3 342.1 67.3 342.6 67.3 343.1
  67.3 343.5 67.4 343.9 67.4 344.2 67.4 344.4 67.5 344.6 67.5 344.8 67.6 344.9
  67.6 344.9 67.6 345.0 67.6 344.9 67.7 344.9 67.7 344.8 67.7 344.7 67.6 344.5
  67.6 344.4 67.6 344.1 67.6 343.9 67.5 343.6 67.4 343.3 67.3 342.9 67.1 342.5
  67.0 342.1 66.9 341.7 66.7 341.2 66.6 340.7 66.4 340.1 66.2 339.6 66.0 339.1
  65.8 339.1 65.5 339.0 65.3 339.0 65.1 339.0 64.8 339.0 64.6 339.0 64.3 339.1
  64.0 339.1 63.7 339.2 63.4 339.6 63.1 340.0 62.9 340.4 62.6 340.7 62.3 341.0
  62.0 341.3 61.7 341.9 61.4 342.4 61.1 342.9 60.7 343.4 60.4 343.8 60.0 344.2
  59.7 344.8 59.4 345.4 59.1 345.9 58.8 346.4 58.5 346.9 58.1 347.3 57.8 347.7
  57.4 348.2 57.1 348.7 56.7 349.2 56.4 349.6 56.0 350.0 55.6 350.3 55.2 350.7
  54.7 351.0 54.3 351.3 53.8 351.6 53.3 351.8 52.7 352.0 52.2 352.2 51.8 352.3
  51.4 352.4 51.0 352.4 50.7 352.5 50.3 352.5 49.9 352.6 49.5 352.5 49.1 352.5
  48.8 352.5 48.4 352.4 48.1 352.4 47.8 352.4 47.5 352.2 47.2 352.1 47.0 352.0
  46.4 351.8 45.8 351.7 45.3 351.5 44.8 351.3 44.4 351.1 44.1 351.0 43.8 350.8
  43.5 350.6 43.3 350.4 43.1 350.2 43.0 350.0 42.9 349.9 42.8 349.7 42.7 349.5
  42.7 349.4 42.6 349.2 42.6 349.1 42.6 348.9 42.5 348.8 42.5 348.6 42.5 348.5
  42.5 348.4 42.5 348.3 42.6 348.3 42.6 348.2 42.6 348.1 42.6 348.1 42.6 348.0
  42.7 347.9 42.7 347.8 42.8 347.7 42.8 347.6 42.9 347.4 43.0 347.3 43.1 347.1
  43.1 346.9 43.2 346.7 43.3 346.5 43.4 346.3 43.5 346.1 43.5 345.8 43.5 345.6
  43.5 345.3 43.5 345.0 43.5 344.7 43.4 344.5 43.3 344.2 43.2 343.8 43.4 343.5
  43.5 343.2 43.6 342.8 43.6 342.4 43.6 342.0 43.6 341.5 43.5 341.0 43.4 340.4
  43.2 339.8 43.3 339.1 43.4 338.3 43.5 337.5 43.5 336.7 43.6 335.8 43.9 334.9
  44.3 334.1 44.6 333.3 44.9 332.6 45.2 331.9 45.6 331.3 46.0 330.7 46.4 330.1
  46.8 329.7 47.2 329.3 47.6 328.9
   6 12 82  0.0
  72.5 321.4 72.6 321.7 72.7 322.1 72.8 322.4 72.9 322.7 73.0 323.0 73.2 323.3
  73.3 323.6 73.4 323.9 73.6 324.2 73.7 324.5 73.8 324.7 73.9 325.0 74.0 325.2
  74.2 325.5 74.3 325.9 74.4 326.2 74.5 326.5 74.6 326.8 74.7 327.1 74.8 327.4
  74.8 327.6 74.9 327.9 75.0 328.1 75.0 328.3 75.0 328.6 75.0 328.7 75.0 328.9
  75.0 329.0 75.1 329.1 75.1 329.1 75.1 329.1 75.1 329.1 75.1 329.0 75.0 329.0
  75.0 328.9 75.0 328.7 75.0 328.5 75.0 328.4 75.0 328.1 75.0 327.9 74.9 327.7
  74.9 327.4 74.9 327.1 74.8 326.8 74.8 326.5 74.8 326.2 74.8 325.9 74.7 325.5
  74.7 325.2 74.7 324.8 74.7 324.5 74.7 324.1 74.7 323.7 74.7 323.3 74.7 322.9
  74.6 322.5 74.6 322.0 74.6 321.6 74.6 321.1 74.6 320.7 74.6 320.2 74.5 319.7
  74.5 319.2 74.5 318.7 74.5 318.1 74.4 317.6 74.4 317.0 74.4 316.4 74.4 315.8
  74.3 315.2 74.3 314.6 74.3 313.9 74.2 313.2 74.2 312.6 74.1 312.0 74.0 311.4
  74.0 310.8 73.9 310.4 73.8 310.1 73.6 309.7 73.5 309.4 73.4 309.0 73.2 308.7
  73.1 308.4 72.9 308.1 72.7 307.8 72.5 307.5 72.3 307.3 72.0 307.1 71.8 307.0
  71.5 306.9 71.2 306.9 71.0 306.9 70.7 307.0 70.4 307.0 70.0 307.0 69.7 307.1
  69.4 307.3 69.1 307.5 68.8 307.8 68.5 308.0 68.2 308.3 67.9 308.6 67.7 309.0
  67.4 309.4 67.2 309.8 66.9 310.3 66.7 310.8 66.5 311.2 66.3 311.8 66.1 312.3
  66.0 312.8 65.8 313.5 65.7 314.2 65.5 314.9 65.4 315.6 65.3 316.3 65.2 317.0
  65.0 317.8 64.9 318.5 64.7 319.2 64.6 319.8 64.4 320.4 64.2 320.9 64.0 321.3
  63.9 321.7 63.7 322.3 63.6 322.8 63.5 323.3 63.4 323.7 63.3 324.1 63.1 324.4
  63.0 324.7 62.9 325.0 62.7 325.3 62.6 325.6 62.4 325.9 62.3 326.3 62.1 326.6
  62.0 327.0 61.8 327.6 61.7 328.2 61.4 328.9 61.2 329.5 61.0 330.2 60.8 330.9
  60.7 331.6 60.5 332.3 60.2 333.0 60.0 333.6 59.8 334.5 59.5 335.3 59.3 336.1
  59.0 337.0 58.7 337.7 58.3 338.5 58.0 339.2 57.7 339.9 57.4 340.8 57.0 341.7
  56.6 342.5 56.2 343.3 55.8 344.1 55.3 344.9 54.8 345.6 54.2 346.3 53.6 346.9
  52.9 347.3 52.3 347.7 51.5 348.1 51.0 348.3 50.4 348.5 49.8 348.6 49.2 348.6
  48.6 348.5 48.0 348.5 47.4 348.3 46.8 348.0 46.3 347.8 45.6 347.6 44.9 347.1
  44.3 346.6 43.7 346.1 43.2 345.4 42.7 344.7 42.2 343.9 41.9 343.0 41.6 342.1
  41.4 341.1 41.2 340.1 40.9 339.0 41.0 337.9 41.0 336.9 41.1 335.8 41.3 334.8
  41.6 333.8 41.9 332.9 42.2 332.1 42.5 331.2 43.0 330.5 43.5 329.7 44.0 329.0
  44.6 328.3 45.3 327.7 45.8 327.0 46.4 326.4 47.1 325.9 47.7 325.4 48.2 324.9
  48.8 324.4 49.4 323.9 49.9 323.5 50.3 323.0 50.8 322.5 51.3 322.0 51.8 321.5
  52.2 320.9 52.7 320.4 53.2 319.8 53.6 319.3 54.1 318.7 54.5 318.2 55.0 317.7
  55.5 317.2 55.9 316.7 56.4 316.1 56.9 315.7 57.2 315.3 57.5 314.9 57.8 314.5
  58.2 314.1 58.5 313.8 58.8 313.5 59.1 313.2 59.3 312.9 59.6 312.6 59.9 312.3
  60.1 312.0 60.3 311.9 60.6 311.8
   6 13 82  0.0
  72.5 321.4 72.5 321.7 72.4 322.1 72.4 322.4 72.4 322.7 72.3 323.0 72.3 323.3
  72.2 323.6 72.2 323.9 72.1 324.2 72.1 324.5 72.0 324.8 72.0 325.1 71.9 325.4
  71.9 325.7 71.8 325.9 71.8 326.2 71.8 326.5 71.8 326.8 71.8 327.1 71.8 327.4
  71.9 327.7 71.9 328.0 71.9 328.3 72.0 328.6 72.1 328.9 72.1 329.3 72.2 329.7
  72.3 330.1 72.4 330.4 72.4 330.8 72.5 331.1 72.6 331.4 72.7 331.8 72.8 332.1
  72.9 332.4 73.0 332.7 73.1 333.0 73.2 333.2 73.3 333.5 73.3 333.7 73.4 333.9
  73.5 334.1 73.5 334.2 73.6 334.4 73.6 334.5 73.6 334.5 73.7 334.6 73.7 334.7
  73.7 334.7 73.7 334.7 73.7 334.6 73.7 334.6 73.8 334.5 73.8 334.4 73.8 334.3
  73.8 334.2 73.8 334.0 73.8 333.8 73.8 333.6 73.8 333.4 73.8 333.2 73.9 332.9
  73.9 332.6 73.9 332.3 73.9 332.0 73.9 331.6 73.9 331.3 73.8 330.9 73.8 330.6
  73.8 330.2 73.8 329.8 73.8 329.4 73.7 329.1 73.7 328.7 73.7 328.3 73.7 327.9
  73.7 327.6 73.6 327.2 73.6 326.9 73.5 326.5 73.5 326.2 73.5 325.8 73.4 325.5
  73.4 325.1 73.3 324.8 73.3 324.4 73.3 324.0 73.2 323.6 73.2 323.2 73.1 322.7
  73.1 322.3 73.0 321.8 73.0 321.3 73.0 320.8 72.9 320.3 72.9 319.8 72.8 319.2
  72.8 318.7 72.7 318.1 72.7 317.6 72.6 317.1 72.5 316.6 72.4 316.1 72.3 315.7
  72.1 315.2 72.0 314.8 71.8 314.7 71.7 314.5 71.5 314.4 71.3 314.3 71.1 314.2
  70.9 314.1 70.7 314.0 70.4 314.0 70.2 313.9 69.9 313.9 69.7 314.2 69.4 314.5
  69.1 314.8 68.8 315.1 68.5 315.5 68.2 315.8 67.9 316.2 67.7 316.9 67.5 317.5
  67.2 318.3 67.0 319.0 66.8 319.7 66.6 320.5 66.4 321.3 66.2 322.1 66.0 322.9
  65.8 323.9 65.6 324.8 65.5 325.8 65.3 326.8 65.2 327.7 65.0 328.7 64.9 329.6
  64.7 330.4 64.5 331.2 64.4 332.0 64.2 332.7 64.0 333.4 63.8 334.0 63.6 335.0
  63.4 336.0 63.3 336.9 63.1 337.8 62.9 338.6 62.7 339.3 62.5 340.0 62.3 340.6
  62.1 341.2 61.9 341.7 61.7 342.5 61.6 343.3 61.4 344.0 61.1 344.7 61.0 345.3
  60.8 345.9 60.5 346.4 60.3 347.0 60.1 347.4 59.8 347.8 59.5 348.5 59.3 349.0
  59.2 349.5 59.0 350.0 58.8 350.4 58.6 350.8 58.4 351.2 58.1 351.5 57.9 351.7
  57.6 352.1 57.5 352.4 57.4 352.7 57.3 353.0 57.1 353.3 57.0 353.5 56.8 353.8
  56.7 354.0 56.5 354.2 56.3 354.3 56.1 354.5 55.9 354.7 55.7 354.9 55.4 355.1
  55.2 355.2 54.9 355.4 54.6 355.6 54.4 355.7 54.0 355.8 53.7 356.0 53.4 356.1
  53.2 356.2 53.0 356.2 52.7 356.3 52.5 356.4 52.3 356.4 52.0 356.5 51.8 356.5
  51.5 356.6 51.3 356.6 51.0 356.6 50.8 356.6 50.5 356.6 50.3 356.6 50.1 356.7
  49.8 356.7 49.6 356.7 49.4 356.8 49.2 356.8 49.0 356.8 48.8 356.9 48.6 356.9
  48.5 356.9 48.3 357.0 48.1 357.0 48.0 357.1 47.9 357.2 47.7 357.3 47.6 357.5
  47.5 357.6 47.4 357.8 47.3 357.9 47.3 358.1 47.2 358.2 47.1 358.4 47.0 358.6
  46.9 358.7 46.8 358.8 46.7 359.0 46.6 359.1 46.5 359.2 46.4 359.3 46.3 359.4
  46.2 359.5 46.1 359.6 46.0 359.7
   6 14 82  0.0
  72.5 321.4 72.5 322.1 72.6 322.7 72.7 323.4 72.7 324.0 72.8 324.6 72.8 325.2
  72.9 325.8 72.9 326.3 73.0 326.8 73.0 327.3 73.1 327.8 73.2 328.3 73.2 328.7
  73.3 329.1 73.4 329.5 73.4 329.8 73.5 330.1 73.6 330.4 73.6 330.7 73.6 331.0
  73.7 331.2 73.7 331.4 73.7 331.6 73.8 331.8 73.8 331.9 73.8 332.1 73.8 332.2
  73.9 332.4 73.9 332.6 74.0 332.7 74.0 332.9 74.0 333.1 74.1 333.2 74.1 333.2
  74.2 333.3 74.2 333.4 74.3 333.4 74.3 333.5 74.4 333.7 74.4 333.8 74.5 334.0
  74.5 334.2 74.6 334.4 74.6 334.6 74.7 334.9 74.7 335.2 74.8 335.5 74.8 335.9
  74.9 336.2 74.9 336.6 75.0 337.0 75.0 337.4 75.1 337.8 75.2 338.2 75.3 338.6
  75.4 339.0 75.4 339.4 75.5 339.8 75.6 340.3 75.8 340.7 75.9 341.1 76.0 341.6
  76.1 342.0 76.3 342.4 76.4 342.8 76.5 343.2 76.6 343.6 76.7 343.9 76.8 344.3
  76.9 344.7 77.0 345.0 77.1 345.3 77.1 345.7 77.2 346.0 77.3 346.3 77.4 346.5
  77.5 346.8 77.7 347.0 77.8 347.2 77.9 347.3 78.0 347.4 78.2 347.6 78.4 347.7
  78.5 347.8 78.7 347.9 78.9 348.0 79.1 348.1 79.2 348.2 79.4 348.4 79.6 348.5
  79.7 348.7 79.8 348.9 80.0 349.1 80.1 349.3 80.2 349.9 80.3 350.5 80.4 351.2
  80.5 351.9 80.6 352.6 80.7 353.3 80.8 354.0 80.9 354.7 81.0 355.4 81.1 356.1
  81.2 356.8 81.2 357.5 81.3 358.2 81.4 358.9 81.5 359.7 81.6   0.4 81.7   0.5
  81.8   0.6 81.8   0.7 81.9   0.8 82.0   0.8 82.1   0.9 82.2   1.1 82.3   1.2
  82.4   1.4 82.4   1.5 82.5   1.6 82.6   1.8 82.8   1.9 82.9   2.0 83.0   2.2
  83.1   2.3 83.3   2.4 83.4   2.5 83.6   2.6 83.7   2.6 83.9   2.7 84.0   2.8
  84.3   2.9 84.5   3.0 84.7   3.1 84.9   3.2 85.1   3.3 85.3   3.4 85.5   3.4
  85.7   3.5 85.8   3.6 86.0   3.6 86.1   3.7 86.4   3.8 86.6   3.8 86.8   3.9
  87.1   4.0 87.3   4.1 87.4   4.2 87.6   4.3 87.8   4.3 88.0   4.4 88.1   4.5
  88.3   4.5 88.5   4.6 88.7   4.7 88.9   4.7 89.1   4.8 89.2   4.9 89.3   4.9
  89.4   5.0 89.5   5.1 89.5   5.2 89.6   5.2 89.6   5.3 89.6   5.4 89.6   5.5
  89.6   5.5 89.6   5.6 89.6   5.7 89.6   5.8 89.6   5.9 89.6   6.0 89.6   6.1
  89.6   6.1 89.6   6.2 89.6   6.3 89.6   6.4 89.7   6.5 89.7   6.7 89.7   6.8
  89.7   6.9 89.7   7.0 89.7   7.1 89.7   7.1 89.8   7.2 89.8   7.3 89.8   7.4
  89.8   7.5 89.8   7.5 89.8   7.6 89.9   7.7 89.9   7.7 89.9   7.8 89.9   7.8
  89.9   7.9 89.9   8.0 89.9   8.0 89.9   8.1 89.9   8.2 89.9   8.2 89.8   8.3
  89.8   8.4 89.8   8.4 89.8   8.5 89.8   8.6 89.8   8.7 89.8   8.8 89.8   8.9
  89.9   8.9 89.9   9.0 89.9   9.1 90.0   9.2 90.0   9.3 90.0 189.4 89.7 133.0
  89.6 136.5 89.5 137.6 89.4 138.4 89.2 139.0 89.1 139.6 88.9 140.1 88.6 140.6
  88.4 141.1 88.1 141.5 87.7 141.9 87.5 142.3 87.2 142.7 86.9 143.1 86.5 143.5
  86.1 143.8 85.6 144.2 85.3 144.6 85.0 145.0 84.7 145.3 84.3 145.6 83.9 145.9
  83.6 146.0 83.3 146.1 83.0 146.1
   6 15 82  0.0
  72.5 321.4 72.5 321.7 72.6 322.0 72.7 322.4 72.7 322.7 72.8 323.1 72.9 323.4
  72.9 323.8 73.0 324.2 73.1 324.6 73.2 325.1 73.3 325.5 73.4 326.0 73.6 326.4
  73.7 326.9 73.8 327.4 73.9 327.9 74.0 328.4 74.1 329.0 74.3 329.4 74.4 329.8
  74.5 330.2 74.7 330.6 74.8 331.1 75.0 331.5 75.1 332.0 75.2 332.5 75.4 332.9
  75.5 333.3 75.7 333.8 75.9 334.2 76.0 334.6 76.2 334.9 76.4 335.2 76.6 335.5
  76.8 335.9 77.0 336.2 77.3 336.6 77.5 336.9 77.7 337.2 78.0 337.4 78.2 337.6
  78.4 337.7 78.7 337.7 78.9 337.6 79.2 337.5 79.4 337.3 79.6 337.1 79.8 336.9
  80.1 336.5 80.3 336.1 80.6 335.7 80.8 335.2 81.0 334.7 81.2 334.2 81.5 333.6
  81.7 333.1 81.9 332.5 82.1 331.8 82.3 331.0 82.6 330.1 82.8 329.2 83.0 328.2
  83.2 327.1 83.4 326.0 83.5 324.7 83.7 323.4 83.8 322.0 84.0 320.5 84.1 319.0
  84.2 317.5 84.3 316.1 84.4 314.6 84.5 313.0 84.6 311.4 84.7 309.9 84.7 308.3
  84.8 306.8 84.8 305.4 84.8 303.9 84.8 302.6 84.8 301.3 84.8 300.1 84.8 299.0
  84.8 298.0 84.7 297.1 84.7 296.3 84.6 295.6 84.6 294.9 84.5 294.3 84.5 293.8
  84.4 293.3 84.4 292.9 84.4 292.6 84.3 292.3 84.3 292.1 84.2 291.9 84.2 291.8
  84.1 291.7 84.1 291.6 84.1 291.5 84.0 291.4 84.0 291.3 83.9 291.5 83.9 291.8
  83.9 292.0 83.9 292.3 83.9 292.5 83.8 292.8 83.8 293.1 83.8 293.4 83.8 293.7
  83.8 293.9 83.8 294.2 83.8 294.5 83.8 294.8 83.8 295.1 83.8 295.3 83.9 295.6
  83.9 295.9 83.9 296.2 83.9 296.6 84.0 296.9 84.0 297.2 84.1 297.5 84.2 297.7
  84.2 298.0 84.3 298.2 84.4 298.4 84.5 298.6 84.6 298.8 84.7 299.0 84.7 299.2
  84.8 299.3 84.9 299.5 85.0 299.7 85.2 299.9 85.3 300.2 85.4 300.5 85.5 300.8
  85.6 301.1 85.8 301.5 85.9 301.9 86.0 302.4 86.2 301.9 86.5 301.4 86.7 300.8
  86.8 300.1 87.0 299.3 87.2 298.4 87.3 297.3 87.4 296.0 87.5 294.6 87.6 293.0
  87.7 291.3 87.8 289.3 87.9 287.1 88.0 284.7 88.1 282.1 88.2 279.3 88.2 276.1
  88.3 272.7 88.4 268.9 88.4 264.8 88.5 260.3 88.5 255.6 88.5 250.5 88.5 245.3
  88.4 240.0 88.4 234.7 88.3 229.4 88.3 224.2 88.2 219.2 88.1 214.5 88.0 210.1
  87.9 205.9 87.8 202.1 87.7 198.6 87.5 195.4 87.3 192.5 87.2 189.8 87.0 187.3
  86.7 185.2 86.5 183.5 86.2 182.0 85.9 180.7 85.7 180.9 85.6 181.1 85.4 181.2
  85.2 181.2 85.0 181.1 84.7 181.0 84.5 180.8 84.3 180.6 84.1 180.5 83.9 180.3
  83.7 180.9 83.5 181.6 83.3 182.1 83.1 182.6 82.9 183.0 82.7 183.4 82.5 183.7
  82.3 184.0 82.1 184.2 81.9 184.4 81.7 185.1 81.5 185.7 81.3 186.3 81.1 186.7
  80.9 187.1 80.6 187.4 80.4 187.7 80.1 187.9 79.9 188.1 79.7 188.7 79.4 189.2
  79.2 189.7 79.0 190.2 78.8 190.6 78.5 191.0 78.3 191.4 78.0 191.7 77.8 192.0
  77.6 192.6 77.4 193.2 77.2 193.7 77.0 194.2 76.8 194.6 76.5 195.0 76.3 195.4
  76.1 195.8 75.9 196.2 75.8 196.8 75.6 197.3 75.5 197.8 75.3 198.2 75.2 198.7
  75.0 199.1 74.9 199.5 74.7 199.9
   6 16 82  0.0
  72.5 321.4 72.6 321.7 72.6 321.9 72.7 322.2 72.8 322.4 72.9 322.7 72.9 322.9
  73.0 323.1 73.1 323.4 73.2 323.6 73.3 323.8 73.4 324.0 73.5 324.2 73.6 324.4
  73.8 324.6 73.9 324.9 74.0 325.1 74.1 325.4 74.2 325.4 74.4 325.4 74.5 325.5
  74.6 325.6 74.7 325.6 74.8 325.7 74.9 325.8 75.1 325.9 75.2 326.0 75.3 326.1
  75.4 326.2 75.5 326.4 75.7 326.6 75.8 326.8 75.9 327.0 76.1 327.2 76.3 327.2
  76.4 327.1 76.6 327.1 76.8 327.1 77.0 327.1 77.1 327.2 77.3 327.2 77.5 327.3
  77.6 327.4 77.8 327.6 77.9 327.8 78.1 328.0 78.3 327.6 78.5 327.3 78.6 326.9
  78.8 326.6 79.0 326.3 79.1 326.1 79.3 325.9 79.5 325.7 79.7 325.6 79.8 325.4
  80.0 325.4 80.2 324.5 80.5 323.7 80.6 322.9 80.8 322.2 80.9 321.5 81.1 320.7
  81.2 319.9 81.3 319.1 81.4 318.3 81.6 317.5 81.7 316.7 81.8 315.9 81.9 315.0
  82.0 314.1 82.2 312.6 82.3 311.0 82.4 309.3 82.5 307.5 82.6 305.6 82.6 303.8
  82.6 301.9 82.6 300.0 82.6 298.1 82.6 296.2 82.6 294.3 82.5 292.5 82.5 290.7
  82.4 289.0 82.3 287.3 82.2 285.7 82.1 284.3 81.9 282.9 81.8 281.7 81.6 280.5
  81.4 279.5 81.2 278.5 80.9 277.7 80.6 276.9 80.3 276.2 80.0 275.5 79.7 275.0
  79.4 274.6 79.1 274.2 78.8 273.8 78.4 273.5 78.1 273.3 77.7 273.0 77.4 272.8
  77.1 272.6 76.8 272.4 76.5 272.3 76.1 272.1 75.8 271.9 75.5 271.9 75.1 271.8
  74.7 271.7 74.4 271.7 74.0 271.6 73.6 271.6 73.2 271.5 72.9 271.4 72.5 271.3
  72.1 271.2 71.6 271.0 71.2 271.0 70.8 270.9 70.4 270.9 70.0 270.8 69.6 270.9
  69.2 270.9 68.7 271.0 68.3 271.0 67.8 270.9 67.4 271.1 67.0 271.2 66.5 271.2
  66.0 271.3 65.6 271.3 65.1 271.4 64.7 271.5 64.3 271.5 63.8 271.4 63.4 271.4
  63.0 271.3 62.6 271.2 62.2 271.0 61.9 270.7 61.5 270.4 61.2 270.1 60.9 269.8
  60.5 269.4 60.2 269.0 60.0 268.6 59.7 268.2 59.5 267.8 59.2 267.3 59.0 266.8
  58.7 266.3 58.5 265.7 58.2 265.1 58.0 264.5 57.8 263.9 57.6 263.3 57.5 262.8
  57.4 262.2 57.3 261.7 57.2 261.1 57.2 260.5 57.2 260.0 57.2 259.4 57.2 258.9
  57.1 258.3 57.1 257.8 57.1 257.2 57.2 256.6 57.2 256.1 57.2 255.5 57.2 254.9
  57.2 254.3 57.2 253.7 57.3 253.1 57.3 252.5 57.3 251.9 57.4 251.3 57.5 250.7
  57.6 250.1 57.7 249.5 57.8 248.9 57.9 248.4 58.0 247.8 58.2 247.2 58.4 246.6
  58.6 246.0 58.7 245.4 58.9 244.8 59.0 244.2 59.2 243.6 59.3 243.0 59.5 242.5
  59.6 241.9 59.8 241.4 59.9 240.9 60.1 240.5 60.3 240.0 60.4 239.6 60.6 239.2
  60.8 238.8 61.0 238.4 61.2 238.0 61.5 237.6 61.7 237.3 61.9 237.0 62.1 236.6
  62.3 236.3 62.5 236.0 62.7 235.7 62.9 235.4 63.1 235.0 63.3 234.7 63.5 234.4
  63.7 234.0 63.9 233.7 64.1 233.3 64.3 233.0 64.5 232.7 64.7 232.4 64.9 232.0
  65.1 231.7 65.3 231.4 65.5 231.1 65.6 230.8 65.8 230.5 66.0 230.2 66.1 229.9
  66.3 229.7 66.5 229.5 66.7 229.3 66.8 229.1 67.0 228.9 67.1 228.7 67.3 228.4
  67.5 228.2 67.6 228.0 67.7 227.8
   6 17 82  0.0
  72.5 321.4 72.5 321.6 72.4 321.9 72.4 322.1 72.4 322.3 72.4 322.5 72.4 322.7
  72.3 322.9 72.3 323.1 72.3 323.3 72.3 323.4 72.3 323.6 72.3 323.7 72.4 323.8
  72.4 324.0 72.4 324.1 72.4 324.3 72.5 324.5 72.5 324.6 72.6 324.8 72.7 325.0
  72.7 325.2 72.8 325.4 72.9 325.6 73.0 325.8 73.1 326.0 73.2 326.2 73.3 326.4
  73.4 326.6 73.5 326.8 73.6 327.0 73.7 327.2 73.8 327.4 73.9 327.6 74.0 327.8
  74.2 327.8 74.3 327.8 74.4 327.8 74.6 327.8 74.7 327.8 74.9 327.8 75.0 327.8
  75.1 327.8 75.3 327.8 75.4 327.9 75.5 327.9 75.7 327.9 75.8 328.0 75.9 328.1
  76.1 328.1 76.2 327.8 76.4 327.6 76.5 327.3 76.7 327.1 76.8 326.9 77.0 326.8
  77.2 326.6 77.3 326.5 77.5 326.5 77.7 326.4 77.8 326.4 78.0 326.4 78.2 326.4
  78.4 325.9 78.6 325.4 78.7 324.9 78.9 324.5 79.1 324.0 79.3 323.6 79.4 323.2
  79.6 322.8 79.7 322.4 79.9 322.0 80.0 321.6 80.1 321.2 80.3 319.9 80.4 318.6
  80.5 317.3 80.6 316.0 80.7 314.7 80.8 313.5 80.9 312.3 80.9 311.1 81.0 309.9
  81.0 308.8 81.0 307.7 81.0 306.6 81.0 305.5 81.0 304.4 81.0 303.2 80.9 302.1
  80.9 300.9 80.9 299.7 80.8 298.5 80.7 297.3 80.6 296.1 80.6 294.9 80.5 293.7
  80.3 292.6 80.3 291.4 80.1 290.3 80.0 289.1 79.8 288.4 79.7 287.7 79.6 286.9
  79.4 286.2 79.3 285.4 79.1 284.7 79.0 283.9 78.7 283.2 78.5 282.5 78.3 281.8
  78.0 281.1 77.8 280.5 77.6 280.1 77.3 279.7 76.9 279.3 76.5 278.9 76.1 278.5
  75.7 278.2 75.3 278.0 75.0 277.9 74.6 277.8 74.2 277.7 73.8 277.5 73.5 277.6
  73.2 277.6 72.8 277.7 72.5 277.7 72.1 277.7 71.8 277.7 71.5 277.9 71.2 278.1
  70.9 278.3 70.6 278.5 70.3 278.6 70.0 278.7 69.7 278.9 69.4 279.1 69.1 279.2
  68.8 279.3 68.6 279.4 68.3 279.4 68.0 279.4 67.8 279.4 67.5 279.5 67.3 279.6
  67.0 279.7 66.8 279.8 66.5 279.8 66.2 279.9 66.0 279.9 65.8 279.9 65.5 280.0
  65.3 280.0 65.2 280.0 65.1 280.0 65.0 280.0 64.8 280.0 64.6 279.9 64.3 279.9
  64.1 279.8 63.8 279.7 63.6 279.6 63.3 279.4 63.0 279.2 62.8 279.0 62.5 278.8
  62.3 278.5 62.0 278.1 61.8 277.8 61.5 277.5 61.3 277.2 61.0 276.9 60.7 276.6
  60.5 276.3 60.2 276.0 60.0 275.6 59.7 275.3 59.5 274.9 59.3 274.4 59.1 274.0
  58.9 273.5 58.8 273.1 58.6 272.6 58.4 272.1 58.2 271.7 58.1 271.2 58.0 270.8
  57.9 270.3 57.9 269.9 57.9 269.4 57.9 268.9 57.8 268.4 57.8 267.8 57.9 267.3
  58.0 266.8 58.0 266.3 58.1 265.9 58.2 265.4 58.2 265.0 58.3 264.5 58.4 264.1
  58.4 263.6 58.5 263.1 58.6 262.7 58.7 262.2 58.7 261.7 58.8 261.3 58.9 260.8
  58.9 260.3 59.0 259.9 59.1 259.4 59.1 259.0 59.2 258.6 59.3 258.1 59.4 257.7
  59.5 257.3 59.6 256.8 59.7 256.4 59.8 256.1 59.8 255.7 60.0 255.3 60.1 255.0
  60.2 254.8 60.3 254.5 60.3 254.3 60.4 254.1 60.5 254.0 60.6 253.9 60.6 253.7
  60.7 253.6 60.8 253.5 60.8 253.3 60.9 253.2 60.9 253.0 61.0 252.9 61.0 252.7
  61.1 252.6 61.1 252.4 61.2 252.3
   6 18 82  0.0
  72.5 321.4 72.4 321.5 72.3 321.5 72.3 321.6 72.2 321.7 72.1 321.7 72.0 321.8
  71.9 322.1 71.8 322.4 71.7 322.7 71.7 323.0 71.6 323.2 71.5 323.5 71.4 323.7
  71.3 323.9 71.2 324.2 71.1 324.5 71.1 324.7 71.0 325.0 70.9 325.3 70.9 325.6
  70.8 325.9 70.7 326.2 70.7 326.5 70.6 326.9 70.6 327.2 70.6 327.6 70.5 327.9
  70.5 328.2 70.5 328.5 70.4 328.8 70.4 329.0 70.4 329.3 70.4 329.5 70.4 329.7
  70.4 329.9 70.4 330.1 70.5 330.3 70.5 330.5 70.5 330.7 70.5 330.9 70.6 331.0
  70.6 331.2 70.7 331.4 70.7 331.5 70.8 331.7 70.8 331.9 70.9 332.0 71.0 332.1
  71.1 332.3 71.2 332.4 71.3 332.6 71.4 332.8 71.5 332.9 71.6 333.1 71.8 333.3
  71.9 333.5 72.0 333.7 72.2 333.9 72.3 334.0 72.5 334.1 72.7 334.3 72.9 334.4
  73.0 334.6 73.2 334.8 73.4 334.9 73.5 335.1 73.7 335.4 73.9 335.6 74.0 335.8
  74.2 335.8 74.4 335.9 74.6 335.9 74.8 336.0 75.0 336.1 75.2 336.2 75.4 336.3
  75.6 336.4 75.9 336.6 76.1 336.8 76.4 336.7 76.6 336.6 76.9 336.6 77.1 336.6
  77.4 336.6 77.6 336.7 77.9 336.8 78.1 336.9 78.4 336.5 78.7 336.2 78.9 335.9
  79.1 335.5 79.4 335.2 79.6 334.8 79.8 334.5 80.0 334.2 80.3 333.1 80.5 332.0
  80.7 330.8 80.9 329.7 81.1 328.6 81.3 327.5 81.5 326.4 81.6 325.3 81.8 324.2
  81.9 323.2 82.0 322.2 82.2 320.5 82.3 318.8 82.4 317.2 82.5 315.5 82.5 313.7
  82.6 311.9 82.6 309.9 82.6 308.0 82.6 305.9 82.5 303.9 82.5 301.8 82.4 299.8
  82.3 297.8 82.2 295.9 82.0 294.0 81.9 292.7 81.8 291.3 81.6 290.0 81.5 288.6
  81.3 287.3 81.1 286.0 81.0 284.8 80.8 283.6 80.6 282.5 80.3 281.4 80.1 280.5
  79.8 279.5 79.4 278.9 79.0 278.3 78.6 277.7 78.2 277.2 77.7 276.7 77.3 276.5
  76.9 276.2 76.5 276.0 76.0 275.7 75.6 275.5 75.1 275.4 74.7 275.4 74.2 275.3
  73.8 275.2 73.4 275.3 73.0 275.4 72.6 275.5 72.2 275.5 71.8 275.6 71.4 275.8
  71.0 276.1 70.7 276.3 70.4 276.5 70.1 276.7 69.8 276.9 69.5 277.2 69.2 277.4
  68.9 277.6 68.6 277.8 68.3 277.9 68.0 278.0 67.7 278.1 67.5 278.3 67.2 278.4
  66.9 278.6 66.7 278.7 66.4 278.8 66.1 278.9 65.8 279.0 65.6 279.2 65.3 279.3
  65.1 279.4 64.8 279.5 64.6 279.5 64.3 279.6 64.0 279.6 63.8 279.6 63.5 279.7
  63.3 279.7 63.0 279.7 62.8 279.7 62.5 279.6 62.2 279.5 62.0 279.4 61.7 279.3
  61.5 279.2 61.2 279.0 61.0 278.7 60.7 278.5 60.5 278.2 60.3 277.9 60.0 277.6
  59.8 277.3 59.6 277.0 59.3 276.7 59.1 276.4 58.9 276.1 58.7 275.8 58.5 275.4
  58.3 275.0 58.1 274.6 58.0 274.2 57.9 273.7 57.7 273.3 57.6 272.9 57.4 272.4
  57.3 272.0 57.1 271.6 57.1 271.1 57.0 270.6 57.0 270.2 57.0 269.7 57.0 269.2
  57.0 268.7 57.0 268.2 57.0 267.7 57.1 267.2 57.2 266.7 57.3 266.3 57.4 265.8
  57.5 265.3 57.5 264.8 57.6 264.3 57.7 263.8 57.8 263.3 57.9 262.7 58.0 262.2
  58.1 261.7 58.2 261.3 58.3 260.8 58.4 260.4 58.4 259.9 58.5 259.5 58.6 259.0
  58.7 258.6 58.8 258.2 59.0 257.7
   6 19 82  0.0
  72.5 321.4 72.4 321.4 72.4 321.5 72.3 321.5 72.3 321.6 72.2 321.6 72.1 321.7
  72.0 321.8 71.9 321.9 71.8 322.1 71.7 322.3 71.6 322.6 71.5 322.8 71.4 323.0
  71.2 323.2 71.1 323.4 71.0 323.6 70.8 323.8 70.7 324.0 70.6 324.2 70.4 324.4
  70.3 324.6 70.2 324.7 70.1 324.9 69.9 325.1 69.8 325.4 69.7 325.8 69.5 326.1
  69.4 326.4 69.3 326.7 69.1 326.9 69.0 327.2 68.8 327.5 68.7 327.7 68.5 327.9
  68.3 328.1 68.2 328.3 68.0 328.5 67.8 328.7 67.7 329.1 67.5 329.4 67.4 329.7
  67.3 330.1 67.1 330.4 67.0 330.7 66.8 331.1 66.7 331.4 66.6 331.7 66.5 332.1
  66.3 332.4 66.2 332.7 66.0 333.0 65.9 333.3 65.8 333.6 65.6 333.9 65.5 334.2
  65.4 334.5 65.3 334.7 65.2 335.0 65.1 335.2 65.0 335.4 64.9 335.7 64.9 335.9
  64.8 336.1 64.7 336.3 64.7 336.5 64.6 336.6 64.6 336.8 64.5 337.0 64.5 337.1
  64.4 337.3 64.4 337.4 64.4 337.6 64.4 337.7 64.4 337.8 64.4 338.0 64.4 338.2
  64.4 338.3 64.4 338.5 64.4 338.7 64.5 338.9 64.5 339.2 64.6 339.4 64.6 339.7
  64.7 339.9 64.8 340.2 64.8 340.5 64.9 340.7 65.0 341.0 65.1 341.2 65.2 341.4
  65.2 341.6 65.3 341.8 65.4 342.0 65.5 342.2 65.6 342.4 65.7 342.5 65.8 342.7
  66.0 342.8 66.1 342.9 66.2 343.1 66.3 343.3 66.4 343.4 66.5 343.6 66.6 343.7
  66.8 343.9 66.9 344.0 67.0 344.1 67.1 344.2 67.2 344.4 67.3 344.5 67.4 344.6
  67.5 344.7 67.6 344.8 67.7 345.0 67.8 345.1 67.9 345.2 68.0 345.4 68.2 345.5
  68.3 345.7 68.4 345.8 68.4 345.9 68.5 346.1 68.6 346.2 68.8 346.3 68.9 346.4
  69.0 346.5 69.1 346.5 69.2 346.6 69.3 346.7 69.4 346.7 69.5 346.7 69.6 346.8
  69.7 346.8 69.8 346.9 69.9 346.9 70.0 347.1 70.2 347.1 70.3 347.2 70.5 347.3
  70.6 347.4 70.7 347.6 70.9 347.7 71.0 347.9 71.2 348.2 71.4 348.4 71.6 348.8
  71.8 349.1 72.0 349.5 72.2 349.9 72.4 350.1 72.5 350.4 72.7 350.7 72.9 351.1
  73.1 351.5 73.2 352.0 73.4 352.4 73.6 353.0 73.7 353.5 73.9 354.1 74.1 354.7
  74.3 355.0 74.5 355.3 74.7 355.7 74.8 356.1 75.1 356.6 75.3 357.1 75.5 357.7
  75.7 358.3 75.8 358.9 76.0 359.6 76.2 360.0 76.4   0.3 76.7   0.4 76.9   0.5
  77.1   0.7 77.3   0.8 77.5   0.9 77.8   1.1 78.0   1.2 78.2   1.4 78.4   1.5
  78.6   1.6 78.8   1.7 79.0   1.8 79.2   1.9 79.4   2.1 79.6   2.2 79.8   2.3
  80.0   2.4 80.1   2.5 80.3   2.6 80.5   2.6 80.6   2.7 80.8   2.8 81.0   2.8
  81.2   2.9 81.3   3.0 81.5   3.1 81.7   3.2 81.9   3.3 82.0   3.4 82.2   3.4
  82.5   3.5 82.7   3.6 82.9   3.7 83.1   3.8 83.2   3.9 83.4   4.0 83.5   4.1
  83.6   4.2 83.8   4.4 83.9   4.5 84.0   4.6 84.0   4.8 84.1   4.9 84.2   5.0
  84.3   5.1 84.4   5.2 84.4   5.3 84.5   5.4 84.6   5.5 84.7   5.6 84.8   5.7
  84.9   5.8 85.0   5.9 85.0   6.0 85.1   6.1 85.2   6.3 85.3   6.4 85.4   6.5
  85.5   6.6 85.6   6.7 85.7   6.8 85.8   6.9 85.9   7.1 86.0   7.2 86.1   7.3
  86.2   7.4 86.3   7.5 86.5   7.6
   6 20 82  0.0
  72.5 321.4 72.4 321.4 72.3 321.3 72.3 321.3 72.2 321.3 72.1 321.2 72.1 321.2
  72.0 321.2 71.9 321.3 71.9 321.4 71.9 321.5 71.8 321.6 71.8 321.7 71.7 321.8
  71.7 322.0 71.7 322.1 71.6 322.2 71.6 322.4 71.5 322.5 71.5 322.6 71.4 322.8
  71.3 322.9 71.3 323.0 71.2 323.2 71.1 323.3 71.0 323.4 70.9 323.6 70.8 323.7
  70.7 323.8 70.6 324.0 70.4 324.1 70.3 324.2 70.2 324.4 70.0 324.5 69.9 324.6
  69.7 324.9 69.6 325.2 69.4 325.5 69.3 325.7 69.1 326.0 68.9 326.2 68.7 326.5
  68.6 326.7 68.4 326.9 68.2 327.2 68.0 327.4 67.8 327.7 67.7 328.0 67.5 328.4
  67.4 328.8 67.2 329.1 67.1 329.5 66.9 329.8 66.8 330.1 66.6 330.5 66.4 330.8
  66.3 331.1 66.1 331.4 65.9 331.7 65.8 332.1 65.6 332.5 65.5 332.9 65.3 333.3
  65.1 333.7 65.0 334.0 64.8 334.4 64.7 334.7 64.5 335.0 64.3 335.4 64.2 335.7
  64.0 336.0 63.8 336.3 63.7 336.7 63.6 337.1 63.4 337.4 63.3 337.8 63.2 338.1
  63.1 338.4 62.9 338.6 62.8 338.9 62.6 339.1 62.5 339.3 62.4 339.5 62.2 339.7
  62.1 339.8 61.9 339.9 61.8 340.1 61.7 340.3 61.6 340.4 61.6 340.6 61.5 340.8
  61.5 341.0 61.4 341.1 61.4 341.3 61.4 341.4 61.3 341.6 61.3 341.7 61.3 341.9
  61.3 342.1 61.2 342.2 61.2 342.4 61.2 342.6 61.2 342.8 61.2 343.0 61.2 343.2
  61.2 343.5 61.2 343.7 61.2 344.0 61.2 344.3 61.2 344.5 61.2 344.8 61.2 345.0
  61.2 345.2 61.2 345.4 61.1 345.6 61.1 345.7 61.1 345.9 61.1 346.0 61.0 346.0
  61.0 346.1 60.9 346.2 60.9 346.2 60.9 346.2 60.8 346.2 60.8 346.2 60.7 346.2
  60.6 346.2 60.6 346.2 60.5 346.2 60.5 346.2 60.4 346.2 60.4 346.2 60.3 346.2
  60.2 346.2 60.2 346.1 60.1 346.1 60.1 346.2 60.0 346.2 60.0 346.3 60.0 346.3
  59.9 346.4 59.9 346.4 59.9 346.5 59.9 346.5 59.9 346.6 59.9 346.7 59.9 346.8
  59.9 346.8 59.9 346.9 59.9 346.9 60.0 347.0 60.0 347.0 60.0 347.1 60.1 347.2
  60.2 347.3 60.2 347.5 60.3 347.6 60.4 347.7 60.5 347.9 60.6 348.0 60.8 348.2
  61.0 348.3 61.3 348.4 61.5 348.6 61.7 348.7 61.9 348.9 62.2 349.0 62.4 349.2
  62.7 349.5 62.9 349.7 63.1 350.0 63.4 350.2 63.6 350.5 63.8 350.7 64.1 350.9
  64.3 351.2 64.5 351.5 64.7 351.7 65.0 351.9 65.2 352.1 65.4 352.3 65.7 352.5
  65.9 352.7 66.1 353.0 66.3 353.3 66.6 353.7 66.8 354.0 67.0 354.3 67.2 354.7
  67.5 355.0 67.7 355.4 67.9 355.7 68.1 356.0 68.4 356.5 68.6 356.9 68.9 357.3
  69.2 357.7 69.5 358.1 69.8 358.5 70.1 358.9 70.4 359.4 70.7 359.9 71.0   0.4
  71.2   0.6 71.5   0.7 71.8   0.9 72.1   1.0 72.3   1.2 72.6   1.4 72.9   1.6
  73.1   1.8 73.4   2.0 73.7   2.3 73.9   2.5 74.1   2.7 74.4   2.9 74.7   3.1
  74.9   3.4 75.1   3.6 75.4   3.8 75.6   4.0 75.9   4.2 76.2   4.4 76.5   4.5
  76.8   4.7 77.1   4.9 77.4   5.0 77.7   5.2 78.0   5.4 78.4   5.5 78.7   5.7
  79.0   5.9 79.2   6.0 79.5   6.2 79.7   6.4 79.8   6.5 80.0   6.7 80.2   6.9
  80.4   7.1 80.5   7.2 80.6   7.4
   6 21 82  0.0
  72.5 321.4 72.4 321.2 72.3 320.9 72.2 320.7 72.2 320.5 72.1 320.3 72.0 320.1
  71.9 319.9 71.9 319.7 71.8 319.5 71.7 319.3 71.7 319.1 71.6 318.9 71.5 318.7
  71.5 318.5 71.4 318.4 71.3 318.3 71.2 318.2 71.2 318.1 71.1 318.0 71.0 318.0
  70.9 318.0 70.8 318.0 70.7 318.0 70.6 318.0 70.4 318.1 70.3 318.1 70.2 318.2
  70.1 318.3 70.0 318.4 69.9 318.6 69.8 318.8 69.7 319.0 69.6 319.2 69.5 319.4
  69.4 319.7 69.3 320.0 69.2 320.3 69.1 320.5 69.0 320.8 68.9 321.1 68.8 321.4
  68.6 321.7 68.5 322.0 68.3 322.3 68.2 322.6 68.0 322.9 67.8 323.2 67.7 323.6
  67.5 324.0 67.3 324.4 67.1 324.8 66.9 325.2 66.7 325.6 66.5 326.0 66.3 326.3
  66.1 326.7 65.9 327.0 65.7 327.6 65.5 328.1 65.3 328.6 65.1 329.1 64.9 329.6
  64.7 330.2 64.5 330.7 64.4 331.2 64.2 331.7 64.0 332.1 63.9 332.6 63.7 333.3
  63.6 333.9 63.4 334.6 63.3 335.2 63.2 335.8 63.0 336.4 62.8 337.0 62.7 337.6
  62.5 338.2 62.3 338.7 62.1 339.3 61.9 339.8 61.7 340.4 61.5 341.1 61.3 341.7
  61.1 342.2 60.9 342.7 60.7 343.2 60.5 343.6 60.3 344.0 60.1 344.4 59.9 344.8
  59.7 345.2 59.5 345.5 59.3 345.9 59.0 346.2 58.8 346.5 58.6 346.7 58.4 346.9
  58.2 347.1 58.0 347.3 57.8 347.4 57.6 347.5 57.4 347.6 57.2 347.6 57.1 347.6
  56.9 347.7 56.8 347.7 56.7 347.7 56.5 347.6 56.4 347.6 56.4 347.6 56.3 347.6
  56.2 347.6 56.2 347.6 56.1 347.6 56.1 347.6 56.1 347.6 56.1 347.6 56.2 347.6
  56.2 347.6 56.3 347.6 56.4 347.7 56.4 347.7 56.5 347.7 56.5 347.7 56.5 347.8
  56.5 347.8 56.5 347.9 56.5 347.9 56.5 348.0 56.4 348.0 56.2 348.1 56.0 348.2
  55.8 348.2 55.5 348.0 55.3 347.9 55.2 347.7 55.0 347.6 54.9 347.4 54.7 347.3
  54.5 347.2 54.3 347.0 54.1 346.9 53.9 346.8 53.6 346.6 53.4 346.3 53.2 346.1
  52.9 345.8 52.7 345.6 52.5 345.4 52.3 345.2 52.2 345.0 52.0 344.8 51.9 344.7
  51.8 344.3 51.7 343.9 51.6 343.6 51.5 343.3 51.4 342.9 51.4 342.6 51.3 342.3
  51.2 341.9 51.1 341.6 51.0 341.3 50.9 340.9 50.8 340.6 50.8 340.3 50.7 339.9
  50.5 339.6 50.4 339.3 50.3 338.9 50.2 338.6 50.0 338.4 49.9 338.1 49.8 337.6
  49.7 337.2 49.5 336.8 49.4 336.5 49.3 336.1 49.1 335.8 49.0 335.4 48.8 335.2
  48.6 334.9 48.5 334.6 48.3 334.3 48.1 334.0 48.0 333.7 47.8 333.2 47.6 332.7
  47.5 332.2 47.3 331.7 47.1 331.3 46.9 330.8 46.6 330.3 46.4 329.8 46.2 329.3
  46.0 328.8 45.8 328.1 45.6 327.4 45.4 326.7 45.3 326.0 45.1 325.3 44.9 324.6
  44.8 323.9 44.8 323.2 44.7 322.5 44.7 321.9 44.7 321.3 44.6 320.7 44.6 320.3
  44.6 319.8 44.6 319.4 44.7 319.0 44.8 318.6 44.9 318.3 45.0 318.0 45.0 317.7
  45.1 317.4 45.2 317.1 45.2 316.8 45.3 316.5 45.3 316.2 45.3 315.9 45.3 315.6
  45.4 315.3 45.4 315.0 45.4 314.7 45.4 314.5 45.4 314.2 45.4 313.9 45.4 313.7
  45.4 313.4 45.3 313.2 45.3 312.9 45.3 312.6 45.3 312.4 45.2 312.1 45.2 311.8
  45.3 311.5 45.3 311.2 45.3 310.9
   6 22 82  0.0
  72.5 321.4 72.6 321.2 72.7 321.1 72.9 320.9 73.0 320.7 73.1 320.5 73.2 320.3
  73.4 320.0 73.5 319.8 73.6 319.6 73.8 319.3 73.9 319.0 74.1 318.8 74.2 318.5
  74.4 318.3 74.5 318.1 74.6 317.9 74.7 317.7 74.8 317.5 74.9 317.3 74.9 317.2
  75.0 317.0 75.0 316.9 75.0 316.8 75.0 316.7 75.0 316.6 75.0 316.5 75.0 316.5
  75.0 316.4 75.0 316.4 75.0 316.3 75.0 316.3 75.0 316.3 75.0 316.2 75.0 316.2
  74.9 316.2 74.9 316.2 74.9 316.2 74.9 316.2 74.9 316.3 74.9 316.3 74.9 316.3
  74.9 316.4 74.9 316.4 74.9 316.5 74.9 316.6 74.9 316.6 74.9 316.7 74.9 316.8
  74.9 316.9 74.9 317.0 74.9 317.1 74.9 317.1 74.9 317.2 75.0 317.2 75.0 317.2
  75.0 317.2 75.1 317.2 75.1 317.1 75.2 317.1 75.2 317.0 75.3 316.9 75.3 316.8
  75.4 316.7 75.4 316.7 75.5 316.6 75.5 316.5 75.6 316.5 75.6 316.4 75.6 316.4
  75.6 316.3 75.7 316.3 75.7 316.3 75.7 316.2 75.7 316.2 75.7 316.2 75.7 316.3
  75.7 316.3 75.7 316.4 75.7 316.5 75.7 316.6 75.7 316.7 75.6 316.8 75.6 316.9
  75.6 317.1 75.6 317.3 75.5 317.4 75.5 317.6 75.5 317.7 75.5 317.7 75.4 317.8
  75.4 317.8 75.4 317.9 75.4 317.9 75.4 317.9 75.4 317.8 75.3 317.8 75.3 317.7
  75.3 317.6 75.3 317.6 75.3 317.5 75.3 317.5 75.3 317.4 75.3 317.3 75.3 317.3
  75.3 317.2 75.3 317.2 75.2 317.1 75.2 317.1 75.2 317.0 75.2 317.0 75.2 316.9
  75.2 316.9 75.2 316.9 75.1 316.8 75.1 316.8 75.1 316.8 75.0 316.8 75.0 316.7
  75.0 316.7 74.9 316.7 74.9 316.7 74.8 316.7 74.8 316.7 74.7 316.7 74.7 316.6
  74.7 316.6 74.6 316.6 74.6 316.5 74.6 316.5 74.6 316.5 74.6 316.4 74.6 316.4
  74.6 316.3 74.7 316.3 74.7 316.2 74.7 316.2 74.7 316.2 74.8 316.2 74.8 316.2
  74.9 316.3 74.9 316.3 75.0 316.4 75.1 316.5 75.1 316.5 75.2 316.7 75.3 316.8
  75.4 316.9 75.5 317.0 75.5 317.1 75.6 317.2 75.7 317.3 75.8 317.3 75.9 317.4
  76.0 317.5 76.1 317.6 76.2 317.3 76.3 316.9 76.4 316.6 76.5 316.2 76.6 315.9
  76.7 315.6 76.8 315.3 76.8 314.9 76.9 314.6 76.9 314.4 77.0 314.1 77.0 313.8
  77.1 313.6 77.1 313.3 77.2 313.1 77.3 312.9 77.3 312.8 77.4 312.6 77.5 312.5
  77.6 312.4 77.7 312.3 77.8 312.3 77.9 312.3 78.0 312.3 78.1 312.3 78.2 311.7
  78.4 311.0 78.5 310.3 78.6 309.6 78.7 309.0 78.8 308.3 78.9 307.6 79.0 306.9
  79.0 306.2 79.1 305.5 79.2 304.8 79.2 304.0 79.3 303.3 79.3 302.6 79.3 301.8
  79.3 301.1 79.3 300.4 79.3 299.7 79.3 299.0 79.2 298.3 79.1 297.5 79.1 296.8
  79.0 296.1 78.9 295.4 78.8 294.7 78.7 294.1 78.6 293.4 78.4 292.7 78.3 292.1
  78.2 291.4 78.1 290.8 78.0 290.2 77.9 290.1 77.8 290.0 77.7 289.9 77.6 289.8
  77.5 289.7 77.4 289.6 77.3 289.5 77.2 289.4 77.1 289.2 77.1 289.0 77.0 288.8
  77.0 288.6 76.9 288.4 76.9 288.1 76.9 287.8 76.8 287.5 76.6 287.2 76.5 286.8
  76.4 286.5 76.3 286.1 76.1 285.7 76.0 285.2 75.9 285.1 75.8 284.9 75.6 284.7
  75.5 284.5 75.4 284.2 75.2 284.0
   6 23 82  0.0
  72.5 321.4 72.5 321.4 72.4 321.3 72.4 321.3 72.4 321.3 72.4 321.2 72.5 321.2
  72.5 321.1 72.5 321.1 72.5 321.1 72.6 321.0 72.6 321.0 72.7 321.0 72.7 320.9
  72.8 320.9 72.9 320.8 73.0 320.8 73.1 320.7 73.2 320.6 73.3 320.5 73.4 320.4
  73.6 320.3 73.7 320.2 73.9 320.1 74.0 320.0 74.2 319.8 74.4 319.6 74.6 319.4
  74.8 319.2 74.9 319.0 75.1 318.8 75.3 318.6 75.5 318.3 75.6 318.1 75.8 317.9
  76.0 317.6 76.1 317.4 76.3 317.2 76.5 317.0 76.6 316.9 76.8 316.7 76.9 316.6
  77.0 316.5 77.1 316.4 77.2 316.3 77.2 316.3 77.3 316.2 77.4 316.2 77.4 316.2
  77.4 316.2 77.5 316.2 77.5 316.2 77.5 316.3 77.6 316.3 77.6 316.4 77.6 316.4
  77.7 316.5 77.7 316.5 77.8 316.6 77.8 316.7 77.8 316.8 77.9 316.8 77.9 316.9
  78.0 317.0 78.0 317.0 78.1 317.0 78.1 316.9 78.2 316.8 78.3 316.7 78.3 316.6
  78.4 316.4 78.5 316.2 78.6 316.0 78.7 315.8 78.7 315.6 78.7 315.3 78.8 315.0
  78.8 314.6 78.9 314.3 78.9 313.9 78.9 313.4 79.0 312.9 79.0 312.4 79.1 311.9
  79.1 311.3 79.1 310.7 79.1 310.1 79.1 309.6 79.1 309.1 79.1 308.7 79.1 308.3
  79.1 307.9 79.0 307.6 78.9 307.3 78.8 307.1 78.8 306.9 78.7 306.8 78.6 306.7
  78.5 306.6 78.3 306.6 78.2 306.5 78.1 306.5 78.0 306.5 77.9 306.6 77.8 306.7
  77.7 306.9 77.6 307.0 77.5 307.3 77.4 307.5 77.3 307.7 77.2 308.0 77.1 308.2
  77.0 308.3 77.0 308.5 76.9 308.6 76.8 308.7 76.7 308.7 76.7 308.8 76.6 308.8
  76.5 308.8 76.4 308.7 76.3 308.7 76.2 308.6 76.1 308.5 76.0 308.4 75.9 308.6
  75.8 308.8 75.7 308.9 75.6 309.0 75.5 309.2 75.3 309.3 75.2 309.4 75.2 309.5
  75.1 309.6 74.9 309.7 74.8 309.8 74.7 309.8 74.6 309.9 74.5 310.0 74.4 310.0
  74.2 310.1 74.1 310.2 74.0 310.2 73.8 310.5 73.7 310.8 73.6 311.0 73.5 311.3
  73.3 311.5 73.2 311.7 73.1 312.0 73.1 312.2 73.0 312.4 73.0 312.7 72.9 312.9
  72.9 313.1 72.9 313.3 72.9 313.5 72.9 313.7 72.9 313.9 72.9 314.1 72.9 314.4
  72.9 314.6 72.9 314.9 72.9 315.1 72.9 315.4 72.9 315.7 73.0 316.0 73.0 316.3
  73.1 316.6 73.1 316.9 73.2 317.2 73.2 317.6 73.3 317.9 73.4 318.2 73.4 318.5
  73.5 318.8 73.6 319.0 73.6 319.3 73.7 319.6 73.8 319.9 73.8 320.1 73.9 320.4
  74.0 320.7 74.2 320.7 74.3 320.8 74.4 320.9 74.5 321.0 74.6 321.1 74.7 321.2
  74.8 321.3 74.8 321.4 74.9 321.5 75.0 321.7 75.1 321.8 75.2 321.9 75.3 322.1
  75.4 322.3 75.5 322.5 75.6 322.7 75.7 323.0 75.8 323.3 75.9 323.6 76.1 323.9
  76.2 323.8 76.4 323.8 76.5 323.8 76.7 323.8 76.8 323.8 77.0 323.9 77.1 323.9
  77.3 324.0 77.4 324.2 77.6 324.3 77.7 324.5 77.9 324.7 78.0 325.0 78.2 324.7
  78.4 324.4 78.6 324.1 78.7 323.8 78.9 323.6 79.0 323.4 79.2 323.3 79.3 323.2
  79.5 323.1 79.6 323.0 79.8 323.0 79.9 323.0 80.1 323.0 80.2 322.4 80.4 321.7
  80.6 321.0 80.8 320.3 80.9 319.6 81.0 318.8 81.2 318.1 81.3 317.3 81.5 316.5
  81.6 315.7 81.7 314.9 81.9 314.1
   6 24 82  0.0
  72.5 321.4 72.5 321.5 72.5 321.6 72.5 321.6 72.6 321.7 72.6 321.8 72.6 321.9
  72.6 322.0 72.7 322.1 72.7 322.2 72.7 322.3 72.8 322.4 72.8 322.5 72.9 322.7
  72.9 322.8 72.9 322.8 73.0 322.9 73.0 323.0 73.0 323.0 73.0 323.0 73.0 323.1
  73.0 323.1 73.0 323.0 73.0 323.0 73.0 323.0 73.0 322.9 73.0 322.9 73.0 322.8
  73.0 322.7 73.0 322.7 73.0 322.6 73.1 322.6 73.1 322.5 73.1 322.4 73.2 322.4
  73.3 322.3 73.3 322.2 73.4 322.2 73.5 322.1 73.6 322.0 73.7 321.9 73.8 321.8
  73.9 321.7 74.1 321.6 74.2 321.4 74.4 321.2 74.6 321.0 74.8 320.8 75.0 320.6
  75.2 320.4 75.4 320.2 75.6 320.0 75.8 319.8 76.0 319.6 76.1 319.3 76.4 319.1
  76.5 318.9 76.7 318.7 76.9 318.5 77.1 318.3 77.3 318.1 77.4 317.9 77.6 317.7
  77.7 317.6 77.9 317.4 78.0 317.3 78.1 317.1 78.3 317.0 78.4 316.9 78.5 316.8
  78.6 316.7 78.6 316.6 78.7 316.5 78.8 316.5 78.8 316.5 78.9 316.4 79.0 316.4
  79.0 316.4 79.1 316.4 79.1 316.4 79.2 316.4 79.3 316.4 79.3 316.4 79.4 316.4
  79.4 316.4 79.5 316.4 79.6 316.4 79.6 316.4 79.7 316.4 79.8 316.3 79.8 316.2
  79.9 316.1 80.0 316.0 80.0 315.8 80.1 315.5 80.2 315.1 80.2 314.7 80.3 314.3
  80.4 313.9 80.4 313.4 80.5 313.0 80.6 312.6 80.7 312.1 80.8 311.6 80.8 311.2
  80.8 310.7 80.9 310.2 80.9 309.6 81.0 309.1 81.0 308.6 81.0 308.1 81.1 307.6
  81.1 307.2 81.1 306.9 81.1 306.6 81.1 306.4 81.0 306.2 81.0 306.1 81.0 306.0
  81.0 306.0 81.0 306.0 80.9 306.1 80.9 306.2 80.9 306.3 80.9 306.3 80.9 306.4
  80.9 306.5 80.9 306.6 80.9 306.7 80.9 306.8 80.9 306.8 80.9 306.9 80.9 307.0
  81.0 307.1 81.0 307.2 81.0 307.2 81.1 307.1 81.1 307.1 81.2 306.9 81.2 306.8
  81.3 306.6 81.4 306.3 81.4 306.1 81.5 305.8 81.6 305.4 81.7 305.0 81.8 304.6
  81.9 304.2 81.9 303.7 82.0 303.3 82.0 302.7 82.0 302.2 82.0 301.6 82.1 301.0
  82.1 300.4 82.1 299.8 82.0 299.3 82.0 298.7 81.9 298.1 81.8 297.5 81.8 296.8
  81.7 296.2 81.6 295.5 81.4 294.8 81.3 294.0 81.1 293.3 80.9 292.6 80.7 291.8
  80.5 291.1 80.2 290.3 80.0 289.6 79.7 289.2 79.5 288.7 79.3 288.3 79.1 287.8
  78.9 287.4 78.7 287.0 78.5 286.5 78.3 286.1 78.1 285.6 77.9 285.2 77.8 284.9
  77.6 284.5 77.4 284.2 77.3 283.8 77.1 283.5 77.0 283.1 76.8 282.7 76.7 282.3
  76.5 281.9 76.4 281.4 76.2 281.0 76.1 280.5 75.9 280.0 75.8 279.7 75.7 279.4
  75.6 279.1 75.5 278.9 75.5 278.7 75.4 278.4 75.3 278.3 75.2 278.1 75.1 277.9
  75.0 277.8 75.0 277.7 74.9 277.6 74.8 277.5 74.7 277.4 74.6 277.4 74.6 277.4
  74.5 277.5 74.4 277.5 74.4 277.6 74.3 277.8 74.3 277.9 74.2 278.1 74.2 278.3
  74.1 278.6 74.0 278.8 74.0 279.1 73.9 279.8 73.9 280.4 73.8 281.1 73.8 281.9
  73.7 282.6 73.6 283.4 73.6 284.2 73.5 285.0 73.4 285.8 73.4 286.6 73.3 287.4
  73.3 288.1 73.2 288.9 73.1 289.6 73.1 290.3 73.0 290.9 73.0 291.6 72.9 292.2
  72.9 292.8 72.9 293.4 72.9 293.9
   6 25 82  0.0
  72.5 321.4 72.5 321.5 72.5 321.6 72.5 321.7 72.5 321.8 72.5 321.9 72.5 322.0
  72.6 322.1 72.6 322.1 72.7 322.2 72.7 322.3 72.8 322.4 72.9 322.4 72.9 322.5
  73.0 322.6 73.1 322.6 73.2 322.7 73.2 322.8 73.3 322.8 73.4 322.9 73.4 322.9
  73.5 323.0 73.5 323.1 73.6 323.1 73.6 323.2 73.6 323.2 73.7 323.3 73.7 323.3
  73.7 323.4 73.8 323.4 73.8 323.5 73.9 323.6 73.9 323.7 74.0 323.8 74.0 323.9
  74.1 323.9 74.2 323.9 74.2 323.8 74.3 323.8 74.3 323.8 74.4 323.7 74.4 323.6
  74.5 323.5 74.5 323.4 74.5 323.3 74.6 323.1 74.6 323.0 74.6 322.8 74.6 322.6
  74.6 322.4 74.6 322.2 74.7 322.0 74.7 321.8 74.7 321.6 74.8 321.4 74.9 321.2
  74.9 321.1 75.0 320.9 75.1 320.8 75.2 320.6 75.4 320.5 75.5 320.3 75.6 320.2
  75.8 320.0 75.9 319.9 76.1 319.7 76.2 319.4 76.4 319.1 76.6 318.8 76.8 318.4
  77.0 318.1 77.2 317.8 77.4 317.4 77.7 317.1 77.9 316.8 78.1 316.5 78.3 316.0
  78.6 315.6 78.8 315.2 78.9 314.8 79.1 314.4 79.3 314.1 79.5 313.7 79.7 313.3
  79.8 313.0 80.0 312.7 80.1 312.3 80.3 311.9 80.4 311.5 80.6 311.0 80.7 310.6
  80.8 310.2 81.0 309.8 81.1 309.5 81.2 309.1 81.3 308.8 81.4 308.5 81.5 308.3
  81.6 308.0 81.7 307.8 81.7 307.6 81.8 307.4 81.9 307.3 81.9 307.2 82.0 307.1
  82.0 307.0 82.1 306.4 82.1 305.7 82.2 305.1 82.2 304.6 82.3 304.1 82.3 303.5
  82.3 303.0 82.3 302.5 82.3 302.1 82.3 301.6 82.3 301.2 82.3 300.8 82.3 300.4
  82.3 300.1 82.3 299.7 82.3 299.4 82.3 299.2 82.3 298.9 82.2 298.7 82.2 298.6
  82.2 298.4 82.1 298.4 82.1 298.3 82.1 298.3 82.0 298.3 82.0 298.3 81.9 298.1
  81.9 297.9 81.9 297.8 81.8 297.8 81.8 297.8 81.7 297.9 81.7 298.0 81.6 298.2
  81.5 298.4 81.5 298.6 81.4 298.9 81.3 299.3 81.2 299.6 81.1 300.0 81.1 300.4
  81.0 300.7 81.0 301.1 80.9 301.4 80.9 301.7 80.8 302.0 80.8 302.3 80.7 302.5
  80.7 302.8 80.6 303.1 80.6 303.3 80.5 303.6 80.5 303.8 80.4 303.9 80.4 304.0
  80.4 304.1 80.4 304.1 80.5 304.0 80.5 304.0 80.5 303.9 80.4 303.7 80.4 303.5
  80.4 303.3 80.4 303.1 80.4 302.8 80.3 302.5 80.3 302.2 80.2 301.9 80.2 301.5
  80.1 301.2 80.1 300.8 80.0 300.4 79.9 300.1 79.8 299.8 79.7 299.4 79.5 299.1
  79.3 298.7 79.1 298.3 78.9 297.9 78.7 297.5 78.5 297.1 78.2 296.7 78.0 296.3
  77.7 296.1 77.5 296.0 77.2 295.8 77.0 295.7 76.7 295.5 76.4 295.3 76.1 295.1
  75.9 294.9 75.7 294.9 75.5 294.9 75.2 294.9 75.1 294.9 74.9 294.9 74.7 294.9
  74.5 294.8 74.4 294.8 74.2 294.7 74.1 294.7 73.9 294.6 73.8 294.8 73.7 294.9
  73.6 295.1 73.5 295.2 73.4 295.4 73.3 295.6 73.2 295.8 73.1 295.9 73.0 296.1
  73.0 296.3 72.9 296.5 72.9 296.7 72.8 297.0 72.7 297.3 72.7 297.6 72.6 297.9
  72.5 298.2 72.4 298.6 72.3 298.9 72.3 299.3 72.2 299.7 72.1 300.1 72.0 300.6
  71.9 301.0 71.9 301.5 71.8 301.9 71.7 302.4 71.7 302.8 71.6 303.2 71.6 303.7
  71.5 304.1 71.5 304.5 71.4 304.9
   6 26 82  0.0
  72.5 321.4 72.5 321.3 72.5 321.2 72.5 321.2 72.6 321.2 72.6 321.2 72.6 321.2
  72.7 321.2 72.7 321.2 72.8 321.2 72.8 321.3 72.9 321.4 73.0 321.5 73.1 321.6
  73.1 321.7 73.2 321.8 73.3 321.9 73.4 321.9 73.4 322.0 73.5 322.1 73.6 322.2
  73.6 322.3 73.7 322.3 73.7 322.4 73.8 322.5 73.8 322.6 73.8 322.6 73.9 322.7
  73.9 322.8 74.0 322.8 74.1 322.8 74.2 322.8 74.3 322.8 74.4 322.9 74.5 322.9
  74.6 323.0 74.8 323.0 74.9 323.1 75.0 323.2 75.2 323.3 75.3 323.4 75.4 323.5
  75.5 323.6 75.6 323.6 75.7 323.7 75.8 323.8 75.9 323.9 76.0 324.0 76.0 324.0
  76.1 324.0 76.2 323.9 76.3 323.7 76.4 323.6 76.4 323.5 76.5 323.3 76.6 323.1
  76.7 322.9 76.8 322.7 76.9 322.4 77.0 322.2 77.1 321.9 77.2 321.6 77.2 321.3
  77.3 321.0 77.4 320.6 77.5 320.2 77.6 319.8 77.6 319.4 77.7 319.0 77.7 318.6
  77.8 318.1 77.9 317.7 77.9 317.2 77.9 316.7 78.0 316.2 78.0 315.8 78.1 315.1
  78.2 314.4 78.2 313.7 78.3 313.0 78.4 312.4 78.5 311.7 78.5 311.0 78.6 310.4
  78.7 309.8 78.7 309.2 78.8 308.5 78.9 307.9 79.0 307.3 79.0 306.7 79.1 306.0
  79.2 305.4 79.3 304.8 79.4 304.1 79.5 303.5 79.5 302.8 79.6 302.1 79.7 301.5
  79.7 300.8 79.8 300.2 79.9 299.5 79.9 298.9 80.0 298.3 80.0 297.8 80.0 297.2
  80.1 296.6 80.1 296.0 80.1 295.4 80.1 294.8 80.2 294.3 80.2 293.8 80.2 293.3
  80.2 292.9 80.2 292.6 80.2 292.3 80.2 292.0 80.2 291.8 80.2 291.6 80.1 291.5
  80.1 291.4 80.0 291.4 80.0 291.4 79.9 291.5 79.9 291.7 79.8 291.9 79.7 292.1
  79.7 292.4 79.6 292.7 79.5 293.0 79.4 293.3 79.3 293.6 79.2 293.9 79.1 294.3
  78.9 294.7 78.8 295.0 78.7 295.3 78.5 295.6 78.3 295.9 78.2 296.1 78.0 296.4
  77.9 296.6 77.8 296.7 77.6 296.8 77.5 296.9 77.4 297.0 77.3 297.2 77.1 297.3
  77.0 297.3 76.8 297.3 76.7 297.3 76.6 297.2 76.4 297.2 76.3 297.0 76.1 296.9
  75.9 296.7 75.8 296.6 75.6 296.4 75.5 296.3 75.3 296.1 75.2 296.0 74.9 295.8
  74.7 295.7 74.5 295.6 74.2 295.6 74.0 295.5 73.7 295.4 73.5 295.3 73.3 295.2
  73.1 295.1 72.9 295.0 72.7 295.0 72.5 294.9 72.3 294.9 72.1 294.8 72.0 294.8
  71.8 294.8 71.7 294.8 71.5 294.8 71.4 294.9 71.3 294.9 71.2 294.9 71.1 295.0
  70.9 295.0 70.8 295.1 70.7 295.1 70.6 295.2 70.5 295.2 70.4 295.3 70.3 295.3
  70.2 295.4 70.1 295.4 70.0 295.5 70.0 295.5 69.9 295.5 69.8 295.4 69.7 295.4
  69.6 295.4 69.6 295.4 69.5 295.4 69.4 295.4 69.3 295.4 69.3 295.4 69.2 295.5
  69.1 295.5 69.1 295.6 69.0 295.6 68.9 295.7 68.8 295.8 68.8 295.9 68.7 296.0
  68.6 296.2 68.5 296.3 68.4 296.5 68.3 296.7 68.1 296.9 68.0 297.1 67.9 297.4
  67.7 297.7 67.6 298.0 67.5 298.3 67.3 298.6 67.2 298.8 67.1 299.1 66.9 299.4
  66.8 299.6 66.6 299.8 66.5 300.1 66.4 300.3 66.3 300.5 66.2 300.7 66.1 300.9
  66.1 301.1 66.0 301.2 66.0 301.4 65.9 301.4 65.9 301.5 65.9 301.5 65.8 301.5
  65.8 301.5 65.8 301.5 65.8 301.5
   6 27 82  0.0
  72.5 321.4 72.4 321.4 72.3 321.4 72.3 321.4 72.2 321.4 72.2 321.4 72.1 321.4
  72.1 321.3 72.0 321.3 72.0 321.3 72.0 321.2 72.0 321.3 72.0 321.4 71.9 321.5
  71.9 321.6 71.9 321.7 71.9 321.8 71.9 321.9 71.9 321.9 71.9 322.0 71.9 322.1
  71.8 322.2 71.8 322.3 71.8 322.3 71.8 322.4 71.8 322.5 71.8 322.6 71.7 322.6
  71.7 322.7 71.7 322.8 71.7 322.9 71.7 323.0 71.7 323.1 71.8 323.2 71.8 323.3
  71.8 323.4 71.8 323.5 71.9 323.6 71.9 323.7 71.9 323.8 72.0 323.9 72.0 324.0
  72.0 324.1 72.0 324.2 72.0 324.3 71.9 324.4 71.9 324.4 71.9 324.5 71.8 324.6
  71.8 324.7 71.8 324.7 71.7 324.8 71.7 324.8 71.7 324.9 71.6 324.9 71.6 324.9
  71.6 324.9 71.6 325.0 71.5 325.0 71.5 325.0 71.5 325.0 71.5 324.9 71.5 324.9
  71.5 324.9 71.5 324.9 71.5 324.9 71.4 324.9 71.4 324.9 71.4 324.9 71.3 324.8
  71.3 324.8 71.3 324.8 71.2 324.8 71.2 324.8 71.1 324.8 71.1 324.8 71.0 324.8
  71.0 324.8 71.0 324.8 70.9 324.9 70.9 324.9 70.8 325.0 70.8 325.0 70.8 325.1
  70.8 325.2 70.7 325.3 70.7 325.4 70.7 325.4 70.6 325.5 70.6 325.5 70.6 325.5
  70.5 325.6 70.5 325.6 70.4 325.6 70.4 325.6 70.3 325.5 70.3 325.5 70.2 325.5
  70.2 325.4 70.1 325.4 70.1 325.3 70.0 325.2 70.0 325.2 69.9 325.0 69.9 324.9
  69.9 324.8 69.8 324.7 69.8 324.5 69.8 324.4 69.8 324.2 69.8 324.1 69.7 323.9
  69.7 323.8 69.7 323.6 69.7 323.5 69.8 323.3 69.8 323.1 69.8 323.0 69.8 322.8
  69.8 322.6 69.8 322.4 69.9 322.3 69.9 322.1 69.9 321.9 70.0 321.7 70.0 321.5
  70.0 321.3 70.0 321.0 70.1 320.8 70.1 320.5 70.1 320.2 70.1 320.0 70.2 319.6
  70.2 319.3 70.3 319.0 70.3 318.7 70.3 318.5 70.3 318.2 70.3 318.0 70.2 317.7
  70.2 317.5 70.1 317.3 70.1 317.1 70.0 316.9 69.9 316.7 69.8 316.6 69.7 316.5
  69.6 316.4 69.5 316.3 69.4 316.2 69.3 316.1 69.2 316.0 69.1 315.9 69.1 315.9
  69.0 315.8 68.9 315.8 68.9 315.7 68.8 315.7 68.7 315.7 68.6 315.7 68.6 315.7
  68.5 315.7 68.4 315.7 68.3 315.7 68.2 315.8 68.2 315.9 68.1 315.9 68.0 316.0
  67.8 316.2 67.7 316.4 67.6 316.6 67.4 316.8 67.3 317.0 67.2 317.2 67.0 317.5
  66.9 317.7 66.8 318.0 66.7 318.3 66.6 318.6 66.5 318.9 66.4 319.3 66.3 319.6
  66.2 320.0 66.1 320.3 65.9 320.7 65.7 321.1 65.6 321.5 65.4 321.9 65.3 322.4
  65.1 322.8 65.0 323.2 64.8 323.7 64.7 324.2 64.5 324.7 64.3 325.1 64.2 325.6
  64.0 326.1 63.8 326.6 63.6 327.2 63.5 327.8 63.4 328.4 63.2 329.0 63.0 329.7
  62.8 330.3 62.7 331.0 62.5 331.7 62.3 332.3 62.1 333.0 62.0 333.7 61.8 334.5
  61.7 335.2 61.5 336.0 61.4 336.7 61.2 337.5 60.9 338.2 60.7 338.9 60.5 339.6
  60.2 340.2 59.9 340.8 59.6 341.5 59.3 342.1 59.0 342.7 58.7 343.3 58.3 343.8
  58.0 344.4 57.6 344.9 57.2 345.5 56.8 345.9 56.4 346.4 55.8 346.7 55.3 347.1
  54.8 347.5 54.2 347.8 53.6 348.0 53.0 348.2 52.5 348.4 52.0 348.5 51.5 348.5
  50.9 348.6 50.4 348.6 49.8 348.5
   6 28 82  0.0
  72.5 321.4 72.4 321.2 72.4 320.9 72.3 320.7 72.3 320.5 72.2 320.3 72.1 320.2
  72.1 320.0 72.0 319.9 71.9 319.9 71.8 319.9 71.8 319.9 71.7 319.9 71.6 319.9
  71.6 320.0 71.5 320.0 71.4 320.0 71.4 320.1 71.3 320.1 71.2 320.1 71.1 320.2
  71.1 320.2 71.0 320.3 70.9 320.4 70.8 320.4 70.8 320.5 70.7 320.5 70.6 320.6
  70.5 320.7 70.5 320.8 70.4 320.8 70.3 320.9 70.3 321.0 70.2 321.1 70.2 321.2
  70.1 321.3 70.1 321.4 70.0 321.4 70.0 321.5 69.9 321.7 69.9 321.9 69.8 322.1
  69.7 322.2 69.6 322.4 69.6 322.6 69.5 322.8 69.4 322.9 69.3 323.1 69.2 323.3
  69.1 323.4 68.9 323.6 68.8 323.7 68.7 323.9 68.6 324.0 68.5 324.1 68.4 324.2
  68.2 324.3 68.0 324.4 67.9 324.5 67.7 324.5 67.6 324.6 67.5 324.6 67.3 324.6
  67.2 324.7 67.1 324.7 66.9 324.7 66.8 324.8 66.6 324.8 66.5 324.8 66.3 324.8
  66.1 324.8 66.0 324.8 65.8 324.8 65.7 324.8 65.5 324.8 65.4 324.8 65.2 324.8
  65.1 324.8 64.9 324.7 64.8 324.7 64.7 324.6 64.5 324.6 64.4 324.5 64.3 324.4
  64.1 324.3 64.0 324.2 63.9 324.1 63.8 324.1 63.7 324.0 63.6 323.9 63.5 323.9
  63.5 323.8 63.5 323.7 63.4 323.6 63.4 323.5 63.4 323.4 63.4 323.3 63.4 323.2
  63.4 323.1 63.4 323.0 63.4 322.9 63.3 322.8 63.3 322.6 63.3 322.5 63.3 322.4
  63.3 322.2 63.3 322.1 63.3 321.9 63.3 321.8 63.3 321.6 63.3 321.4 63.3 321.3
  63.3 321.2 63.3 321.1 63.3 321.0 63.3 320.9 63.3 320.8 63.3 320.7 63.2 320.6
  63.2 320.6 63.2 320.5 63.2 320.5 63.1 320.5 63.1 320.4 63.1 320.4 63.0 320.4
  62.9 320.4 62.9 320.4 62.8 320.3 62.7 320.3 62.7 320.3 62.6 320.3 62.5 320.3
  62.4 320.3 62.3 320.4 62.2 320.4 62.1 320.4 62.0 320.4 61.9 320.6 61.8 320.9
  61.6 321.1 61.5 321.3 61.4 321.6 61.3 321.8 61.2 322.0 61.0 322.2 60.9 322.4
  60.8 322.7 60.6 322.9 60.5 323.1 60.4 323.4 60.2 323.7 60.1 323.9 59.9 324.2
  59.8 324.6 59.7 325.0 59.5 325.3 59.4 325.7 59.2 326.1 59.1 326.5 59.0 326.9
  58.8 327.4 58.7 327.8 58.5 328.2 58.4 328.7 58.3 329.1 58.2 329.6 58.1 330.1
  57.9 330.6 57.8 331.0 57.7 331.4 57.6 331.8 57.5 332.2 57.4 332.7 57.3 333.2
  57.3 333.7 57.2 334.1 57.1 334.6 57.0 335.2 56.9 335.7 56.8 336.2 56.7 336.8
  56.6 337.3 56.5 337.9 56.4 338.4 56.3 338.9 56.2 339.4 56.1 339.9 56.0 340.4
  55.8 340.8 55.7 341.2 55.5 341.5 55.4 341.8 55.2 342.2 55.0 342.5 54.9 342.8
  54.7 343.0 54.6 343.3 54.4 343.5 54.3 343.8 54.1 344.0 53.9 344.2 53.7 344.2
  53.5 344.1 53.3 344.1 53.1 344.1 52.9 344.0 52.7 343.9 52.5 343.9 52.3 343.8
  52.2 343.7 52.0 343.6 51.8 343.2 51.6 342.9 51.5 342.5 51.3 342.1 51.2 341.7
  51.0 341.3 50.9 340.9 50.8 340.5 50.7 340.0 50.6 339.6 50.5 339.2 50.5 338.7
  50.4 338.2 50.4 337.7 50.4 337.2 50.4 336.7 50.4 336.1 50.5 335.5 50.5 334.9
  50.5 334.4 50.5 333.8 50.6 333.3 50.7 332.7 50.8 332.1 50.9 331.6 51.0 331.0
  51.2 330.5 51.3 330.0 51.5 329.5
   6 29 82  0.0
  72.5 321.4 72.5 321.2 72.5 321.0 72.5 320.8 72.5 320.5 72.5 320.3 72.5 320.1
  72.5 319.9 72.5 319.7 72.6 319.5 72.6 319.3 72.6 319.1 72.6 318.9 72.6 318.7
  72.6 318.5 72.6 318.3 72.6 318.1 72.5 318.0 72.5 317.8 72.5 317.6 72.4 317.4
  72.3 317.3 72.3 317.1 72.2 317.0 72.1 316.8 72.0 316.7 71.9 316.5 71.8 316.5
  71.7 316.5 71.6 316.4 71.6 316.4 71.5 316.4 71.4 316.3 71.3 316.3 71.3 316.3
  71.2 316.3 71.1 316.3 71.1 316.2 71.0 316.2 70.9 316.2 70.9 316.2 70.8 316.2
  70.8 316.2 70.7 316.2 70.7 316.2 70.7 316.2 70.6 316.2 70.6 316.2 70.5 316.2
  70.5 316.2 70.5 316.2 70.5 316.3 70.5 316.3 70.4 316.4 70.4 316.5 70.4 316.5
  70.4 316.6 70.4 316.8 70.5 316.9 70.5 317.0 70.5 317.1 70.5 317.3 70.5 317.4
  70.6 317.6 70.6 317.7 70.6 317.9 70.6 318.1 70.6 318.3 70.6 318.4 70.6 318.6
  70.7 318.8 70.7 319.0 70.7 319.2 70.7 319.4 70.7 319.5 70.7 319.7 70.7 319.9
  70.8 320.1 70.7 320.3 70.7 320.4 70.7 320.6 70.7 320.8 70.7 320.9 70.7 321.1
  70.7 321.3 70.7 321.4 70.7 321.6 70.6 321.8 70.6 321.9 70.6 322.1 70.6 322.2
  70.6 322.3 70.5 322.5 70.5 322.6 70.4 322.7 70.4 322.8 70.3 323.0 70.3 323.1
  70.2 323.2 70.2 323.3 70.1 323.4 70.1 323.4 70.1 323.5 70.0 323.6 70.0 323.6
  70.0 323.7 70.0 323.7 70.0 323.8 70.1 323.8 70.1 323.8 70.1 323.8 70.1 323.9
  70.2 323.9 70.2 323.9 70.2 323.9 70.2 323.9 70.2 323.9 70.2 323.9 70.3 323.9
  70.3 323.9 70.3 323.9 70.3 323.9 70.3 324.0 70.3 324.0 70.3 324.0 70.3 324.0
  70.3 324.1 70.2 324.1 70.2 324.2 70.1 324.3 70.1 324.3 70.1 324.4 70.0 324.5
  70.0 324.6 69.9 324.6 69.9 324.5 69.8 324.5 69.8 324.4 69.7 324.4 69.7 324.3
  69.6 324.3 69.6 324.3 69.5 324.2 69.5 324.2 69.4 324.1 69.3 324.1 69.3 324.0
  69.2 324.0 69.2 323.9 69.1 323.9 69.1 323.8 69.1 323.7 69.0 323.6 69.0 323.5
  69.0 323.4 68.9 323.3 68.9 323.2 68.9 323.1 68.8 323.0 68.8 322.9 68.8 322.8
  68.7 322.7 68.7 322.6 68.7 322.4 68.7 322.3 68.6 322.2 68.6 322.0 68.6 321.9
  68.6 321.8 68.6 321.6 68.5 321.5 68.5 321.3 68.5 321.1 68.5 321.0 68.4 320.8
  68.4 320.6 68.4 320.4 68.3 320.2 68.3 320.0 68.3 319.8 68.3 319.5 68.3 319.3
  68.2 319.1 68.2 318.9 68.2 318.6 68.1 318.5 68.1 318.3 68.0 318.1 67.9 318.1
  67.8 318.1 67.7 318.1 67.6 318.1 67.5 318.1 67.4 318.1 67.3 318.1 67.2 318.2
  67.0 318.2 66.9 318.3 66.8 318.4 66.7 318.4 66.5 318.5 66.4 318.6 66.3 318.7
  66.1 318.8 66.0 318.9 65.9 319.3 65.8 319.7 65.6 320.0 65.5 320.4 65.3 320.8
  65.1 321.1 65.0 321.5 64.8 321.8 64.6 322.1 64.5 322.5 64.3 322.8 64.1 323.1
  63.9 323.4 63.8 324.0 63.6 324.5 63.4 325.1 63.3 325.7 63.1 326.2 62.9 326.8
  62.8 327.4 62.6 327.9 62.4 328.5 62.2 329.1 62.0 329.6 61.8 330.2 61.6 330.8
  61.4 331.4 61.2 332.0 61.1 332.6 60.9 333.2 60.7 333.8 60.5 334.4 60.4 335.1
  60.2 335.7 60.0 336.3 59.9 337.0
   6 30 82  0.0
  72.5 321.4 72.4 321.4 72.3 321.4 72.2 321.4 72.1 321.5 72.0 321.5 71.9 321.6
  71.9 321.8 71.8 322.0 71.8 322.1 71.7 322.3 71.7 322.4 71.6 322.5 71.6 322.7
  71.6 322.8 71.6 322.9 71.5 322.9 71.5 323.0 71.5 323.0 71.5 323.0 71.5 323.0
  71.5 323.0 71.5 322.9 71.5 322.8 71.5 322.7 71.5 322.6 71.5 322.5 71.5 322.4
  71.5 322.3 71.5 322.2 71.5 322.1 71.5 322.1 71.5 322.0 71.5 321.9 71.5 321.9
  71.5 321.8 71.6 321.8 71.6 321.8 71.6 321.7 71.6 321.7 71.5 321.7 71.5 321.6
  71.5 321.6 71.5 321.6 71.4 321.5 71.4 321.5 71.3 321.4 71.3 321.4 71.2 321.4
  71.2 321.3 71.1 321.3 71.0 321.3 71.0 321.3 70.9 321.2 70.8 321.2 70.8 321.2
  70.7 321.2 70.6 321.2 70.5 321.2 70.5 321.2 70.4 321.2 70.3 321.2 70.2 321.3
  70.2 321.3 70.1 321.3 70.0 321.3 69.9 321.4 69.9 321.6 69.8 321.7 69.7 321.8
  69.6 321.9 69.6 322.0 69.5 322.1 69.4 322.2 69.4 322.3 69.3 322.4 69.2 322.5
  69.2 322.6 69.1 322.7 69.0 322.8 69.0 322.9 68.9 323.1 68.8 323.2 68.8 323.3
  68.7 323.4 68.6 323.6 68.6 323.7 68.5 323.8 68.4 323.9 68.3 324.1 68.1 324.2
  67.9 324.3 67.8 324.4 67.6 324.6 67.4 324.7 67.2 324.8 67.0 325.0 66.8 325.1
  66.6 325.2 66.3 325.3 66.1 325.4 65.9 325.5 65.7 325.6 65.6 325.7 65.4 325.8
  65.2 325.9 65.1 325.9 64.9 326.0 64.8 326.0 64.6 326.1 64.5 326.1 64.4 326.2
  64.2 326.2 64.1 326.2 64.0 326.3 63.9 326.4 63.7 326.5 63.6 326.6 63.5 326.7
  63.4 326.8 63.3 326.9 63.1 327.0 63.0 327.1 62.9 327.2 62.8 327.2 62.7 327.3
  62.6 327.4 62.5 327.4 62.4 327.5 62.3 327.5 62.2 327.5 62.1 327.6 62.0 327.6
  61.9 327.7 61.8 327.8 61.7 327.8 61.7 327.9 61.6 328.0 61.6 328.1 61.5 328.2
  61.4 328.3 61.4 328.4 61.3 328.6 61.3 328.7 61.3 328.8 61.2 328.9 61.2 329.0
  61.1 329.1 61.1 329.2 61.1 329.4 61.0 329.5 61.0 329.6 60.9 329.7 60.9 329.9
  60.8 330.0 60.8 330.1 60.8 330.3 60.7 330.4 60.7 330.6 60.6 330.7 60.6 330.9
  60.5 331.1 60.5 331.3 60.4 331.5 60.4 331.7 60.3 331.9 60.3 332.1 60.2 332.4
  60.1 332.6 60.0 332.8 59.9 333.2 59.8 333.6 59.7 334.0 59.6 334.4 59.5 334.8
  59.4 335.2 59.3 335.5 59.2 335.9 59.1 336.2 59.0 336.5 58.9 336.9 58.9 337.2
  58.8 337.5 58.8 337.9 58.7 338.2 58.6 338.6 58.6 339.0 58.5 339.4 58.4 339.8
  58.4 340.2 58.3 340.6 58.3 341.0 58.2 341.3 58.2 341.7 58.1 342.1 58.0 342.5
  58.0 342.9 57.9 343.5 57.8 344.0 57.8 344.5 57.8 345.0 57.7 345.5 57.7 346.0
  57.7 346.5 57.6 346.9 57.6 347.3 57.5 347.7 57.5 348.1 57.4 348.4 57.4 348.8
  57.4 349.1 57.3 349.4 57.3 349.7 57.2 350.0 57.1 350.2 57.1 350.5 57.0 350.7
  56.9 350.9 56.8 351.1 56.6 351.3 56.5 351.4 56.3 351.5 56.2 351.6 56.0 351.7
  55.8 351.7 55.6 351.7 55.4 351.7 55.2 351.7 55.0 351.7 54.7 351.6 54.5 351.6
  54.2 351.6 54.0 351.5 53.7 351.4 53.5 351.3 53.2 351.2 53.0 351.1 52.7 351.0
  52.5 350.8 52.2 350.7 52.0 350.6
