   3  1 82  0.0
  72.5 321.4 72.4 321.0 72.3 320.5 72.2 320.1 72.1 319.6 72.0 319.2 71.9 319.0
  71.8 318.9 71.7 318.7 71.6 318.6 71.5 318.4 71.4 318.3 71.3 318.1 71.1 318.0
  71.0 317.9 70.9 317.9 70.8 317.9 70.7 318.0 70.7 318.2 70.6 318.3 70.5 318.6
  70.4 318.8 70.3 319.2 70.3 319.5 70.2 320.0 70.2 320.4 70.1 320.9 70.0 321.3
  69.9 322.2 69.8 323.2 69.7 324.1 69.6 325.0 69.6 325.8 69.5 326.6 69.4 327.4
  69.3 328.2 69.3 328.9 69.2 329.6 69.2 330.2 69.1 330.8 69.1 331.4 69.0 332.0
  69.0 332.5 69.0 333.0 69.1 333.5 69.1 334.0 69.1 334.4 69.2 334.8 69.3 335.3
  69.4 335.7 69.5 336.1 69.6 336.6 69.7 337.2 69.8 337.8 69.9 338.4 70.0 339.1
  70.1 339.6 70.2 340.1 70.2 340.7 70.3 341.2 70.3 341.8 70.3 342.4 70.3 343.0
  70.3 343.7 70.3 344.3 70.2 344.9 70.1 345.5 70.0 346.1 69.9 347.0 69.8 347.8
  69.7 348.6 69.5 349.4 69.2 350.1 69.0 350.9 68.8 351.5 68.5 352.2 68.2 352.8
  67.8 353.3 67.5 353.9 67.1 354.5 66.7 355.0 66.3 355.4 65.8 355.9 65.4 356.2
  65.0 356.5 64.6 356.8 64.2 357.1 63.8 357.3 63.4 357.3 63.0 357.2 62.5 357.2
  62.1 357.1 61.7 357.0 61.3 356.8 60.9 356.5 60.5 356.2 60.1 355.9 59.6 355.6
  59.1 355.3 58.6 354.9 58.1 354.5 57.6 354.1 57.1 353.7 56.6 353.2 56.1 352.7
  55.5 352.3 55.0 351.7 54.4 351.1 53.8 350.5 53.2 349.6 52.7 348.8 52.2 347.9
  52.1 346.9 52.0 345.9 51.8 344.8 51.7 343.6 51.9 342.5 52.1 341.3 52.3 340.1
  52.5 338.8 52.8 337.5 53.2 336.1 53.5 334.7 53.7 333.4 53.9 332.1 54.1 330.8
  54.2 329.4 54.3 328.1 54.4 326.8 54.4 325.5 54.4 324.4 54.3 323.2 54.2 322.2
  54.1 321.1 54.0 320.2 53.9 319.2 53.7 318.6 53.5 317.9 53.3 317.3 53.0 316.7
  52.8 316.2 52.5 315.6 52.2 315.1 51.8 314.6 51.4 314.4 51.1 314.1 50.6 313.8
  50.2 313.6 49.7 313.3 49.3 313.1 48.8 312.9 48.2 312.8 47.7 312.6 47.1 312.3
  46.6 312.1 46.0 311.8 45.5 311.4 45.0 311.0 44.5 310.6 43.9 310.3 43.4 309.8
  42.8 309.4 42.3 309.0 41.6 308.6 41.0 308.0 40.4 307.5 39.8 307.0 39.2 306.2
  38.6 305.4 38.0 304.6 37.3 303.7 37.0 302.7 36.7 301.8 36.4 300.8 36.0 299.9
  36.1 299.0 36.1 298.2 36.2 297.3 36.3 296.5 36.4 295.6 36.7 294.8 36.9 294.0
  37.2 293.2 37.5 292.4 37.8 291.7 38.1 291.0 38.5 290.6 39.0 290.2 39.4 289.8
  39.9 289.5 40.5 289.1 41.0 288.9 41.5 288.8 41.9 288.6 42.3 288.5 42.7 288.4
  42.9 288.3 43.2 288.3 43.4 288.3 43.6 288.2 43.7 288.2 43.8 288.2 43.9 288.3
  44.0 288.3 44.1 288.3 44.2 288.3 44.3 288.2 44.3 288.1 44.3 288.0 44.3 287.8
  44.4 287.6 44.6 287.4 44.6 287.1 44.7 286.8 44.7 286.4 44.8 286.0 44.8 285.6
  44.8 285.2 44.7 284.7 44.7 284.3 44.6 283.8 44.7 283.4 44.7 282.9 44.7 282.4
  44.7 281.9 44.7 281.5 44.6 281.0 44.5 280.5 44.4 280.1 44.2 279.7 44.2 279.3
  44.2 278.8 44.1 278.4 44.1 278.1 44.0 277.7 43.9 277.3 43.8 277.0 43.6 276.7
  43.5 276.4 43.3 276.1 43.1 275.8
   3  2 82  0.0
  72.5 321.4 72.5 320.1 72.5 318.9 72.5 317.7 72.5 316.6 72.5 315.4 72.5 314.4
  72.5 313.3 72.4 312.3 72.4 311.4 72.3 310.5 72.3 309.6 72.2 308.8 72.2 308.0
  72.1 307.2 72.1 306.5 72.0 305.8 71.9 305.2 71.9 304.7 71.8 304.2 71.8 303.8
  71.7 303.3 71.6 302.9 71.5 302.5 71.4 302.2 71.3 301.9 71.3 301.5 71.2 301.2
  71.2 300.9 71.1 300.6 71.1 300.4 71.1 300.1 71.1 299.8 71.1 299.6 71.1 299.4
  71.1 299.1 71.1 298.9 71.2 298.7 71.2 298.5 71.3 298.3 71.3 298.1 71.4 297.9
  71.4 297.8 71.4 297.6 71.5 297.4 71.5 297.3 71.5 297.2 71.5 297.0 71.5 296.9
  71.6 296.8 71.6 296.6 71.6 296.5 71.6 296.3 71.6 296.1 71.6 295.9 71.6 295.6
  71.6 295.4 71.6 295.1 71.6 294.8 71.6 294.5 71.6 294.1 71.7 293.8 71.7 293.4
  71.7 293.1 71.7 292.7 71.6 292.4 71.6 292.0 71.5 291.6 71.5 291.3 71.4 290.9
  71.3 290.6 71.2 290.3 71.1 290.0 71.0 289.7 70.9 289.4 70.8 289.1 70.6 288.8
  70.5 288.5 70.4 288.3 70.2 288.0 70.1 287.8 69.9 287.6 69.7 287.4 69.6 287.3
  69.4 287.2 69.2 287.0 69.0 286.9 68.8 286.8 68.6 286.7 68.4 286.6 68.1 286.5
  67.9 286.4 67.7 286.4 67.5 286.4 67.3 286.4 67.1 286.5 66.9 286.5 66.7 286.6
  66.6 286.7 66.4 286.7 66.2 286.8 66.0 286.9 65.8 287.0 65.7 287.3 65.5 287.6
  65.4 287.9 65.2 288.2 64.9 288.5 64.6 288.8 64.3 289.2 64.0 289.5 63.7 289.9
  63.4 290.3 63.2 290.7 62.9 291.2 62.6 291.6 62.3 292.1 62.0 292.5 61.7 293.0
  61.4 293.5 61.1 294.0 60.8 294.5 60.5 295.0 60.1 295.5 59.8 296.0 59.5 296.4
  59.1 296.8 58.8 297.2 58.4 297.6 57.9 297.9 57.5 298.2 57.0 298.6 56.5 298.9
  56.0 299.2 55.6 299.5 55.2 300.0 54.9 300.5 54.5 301.0 54.2 301.5 53.9 302.0
  53.6 302.6 53.3 303.3 53.1 304.0 52.9 304.6 52.5 305.2 52.1 305.8 51.7 306.3
  51.3 306.8 50.9 307.2 50.5 307.6 50.1 308.0 49.5 308.4 48.9 308.5 48.2 308.7
  47.5 308.9 46.9 308.7 46.2 308.6 45.5 308.5 44.8 308.0 44.1 307.6 43.6 307.1
  43.2 306.3 42.8 305.5 42.4 304.7 42.0 303.9 41.8 303.0 41.6 302.1 41.3 301.3
  41.1 300.5 40.8 299.8 40.7 299.2 40.6 298.6 40.4 298.1 40.2 297.7 40.0 297.3
  39.8 296.7 39.5 296.3 39.2 295.8 39.1 295.4 39.1 295.0 39.0 294.7 39.0 294.4
  38.9 294.0 38.9 293.7 38.9 293.3 38.8 292.9 38.9 292.5 38.9 292.1 38.9 291.7
  39.1 291.3 39.2 290.9 39.4 290.5 39.6 290.1 39.7 289.7 39.9 289.3 40.1 288.9
  40.2 288.7 40.4 288.5 40.6 288.3 40.8 288.1 41.0 287.9 41.0 287.6 41.0 287.4
  41.0 287.1 41.0 286.9 41.0 286.6 40.9 286.3 41.0 286.0 41.0 285.7 41.1 285.4
  41.2 285.0 41.4 284.6 41.5 284.2 41.7 283.7 41.7 283.2 41.8 282.6 41.8 282.0
  41.8 281.4 41.9 280.7 42.0 280.0 42.1 279.3 42.2 278.8 42.3 278.1 42.4 277.5
  42.5 276.8 42.6 276.0 42.7 275.2 42.8 274.3 42.9 273.4 42.9 272.5 43.0 271.6
  43.2 270.6 43.3 269.7 43.5 268.8 43.7 267.9 43.9 267.0 44.1 266.2 44.3 265.3
  44.5 264.3 44.7 263.4 44.9 262.5
   3  3 82  0.0
  72.5 321.4 72.5 320.7 72.6 319.9 72.6 319.2 72.6 318.4 72.7 317.6 72.7 316.9
  72.7 316.1 72.7 315.3 72.7 314.5 72.7 313.7 72.7 312.9 72.7 312.1 72.7 311.3
  72.7 310.5 72.7 309.7 72.7 308.8 72.7 308.0 72.6 307.1 72.6 306.2 72.5 305.4
  72.4 304.5 72.4 303.7 72.3 302.9 72.2 302.1 72.1 301.3 72.0 300.6 71.9 300.0
  71.8 299.4 71.7 298.9 71.6 298.4 71.5 298.0 71.4 297.5 71.4 297.1 71.3 296.7
  71.2 296.3 71.1 295.9 71.0 295.5 71.0 295.1 70.9 294.7 70.8 294.4 70.7 294.1
  70.7 293.8 70.6 293.5 70.5 293.2 70.4 293.0 70.3 292.7 70.2 292.5 70.1 292.3
  70.0 292.1 69.9 291.9 69.9 291.7 69.8 291.4 69.7 291.2 69.7 291.0 69.6 290.8
  69.6 290.5 69.5 290.3 69.5 290.1 69.4 289.8 69.4 289.6 69.4 289.3 69.4 289.1
  69.3 288.8 69.3 288.5 69.3 288.2 69.3 287.9 69.2 287.5 69.1 287.2 69.1 286.8
  69.0 286.5 69.0 286.1 68.9 285.7 68.8 285.3 68.8 284.9 68.7 284.5 68.7 284.1
  68.6 283.7 68.6 283.3 68.5 283.0 68.4 282.6 68.3 282.2 68.2 281.9 68.1 281.6
  68.0 281.2 68.0 280.9 67.9 280.8 67.8 280.7 67.7 280.6 67.6 280.5 67.5 280.4
  67.4 280.3 67.3 280.2 67.2 280.2 67.1 280.2 67.0 280.2 66.8 280.2 66.7 280.2
  66.6 280.2 66.4 280.2 66.3 280.2 66.2 280.2 66.0 280.1 65.9 280.0 65.7 279.9
  65.5 279.8 65.4 279.6 65.2 279.4 65.0 279.2 64.8 279.0 64.7 278.8 64.5 278.6
  64.4 278.4 64.2 278.1 64.1 277.9 64.0 277.6 63.9 277.4 63.9 277.1 63.8 276.8
  63.8 276.5 63.8 276.1 63.8 275.8 63.8 275.4 63.8 275.0 63.9 274.6 63.9 274.1
  64.0 273.6 64.1 273.2 64.2 272.6 64.3 272.1 64.4 271.5 64.5 270.8 64.7 270.2
  64.8 269.4 65.0 268.7 65.1 267.9 65.4 267.1 65.6 266.4 65.9 265.6 66.2 264.8
  66.5 264.3 66.7 263.7 67.2 263.1 67.6 262.6 68.1 262.0 68.6 261.6 69.0 261.2
  69.5 260.7 70.0 260.3 70.4 259.8 71.0 259.5 71.5 259.1 72.1 258.7 72.7 258.4
  73.3 258.1 73.8 257.7 74.3 257.3 74.9 257.3 75.5 257.2 76.0 257.2 76.5 257.1
  77.0 257.4 77.5 257.7 78.0 258.0 78.5 258.8 79.0 259.6 79.5 260.4 79.8 261.3
  80.1 262.2 80.5 263.5 80.9 264.8 81.2 266.1 81.4 267.5 81.7 268.9 81.9 270.4
  82.1 272.0 82.4 273.7 82.6 275.4 82.7 277.3 82.9 279.1 83.0 281.0 83.1 282.8
  83.2 284.6 83.3 286.4 83.3 288.2 83.4 289.8 83.4 291.4 83.4 292.9 83.4 294.4
  83.4 295.7 83.4 297.0 83.4 298.1 83.3 299.2 83.3 300.2 83.2 301.1 83.2 301.9
  83.1 302.6 83.0 303.3 83.0 303.9 82.9 304.4 82.8 304.8 82.6 305.2 82.5 305.5
  82.3 305.8 82.2 306.0 82.0 306.1 81.8 306.3 81.7 305.8 81.5 305.3 81.4 304.8
  81.2 304.5 81.0 304.2 80.9 303.9 80.7 303.7 80.5 303.5 80.4 303.3 80.2 303.2
  80.0 303.1 79.8 303.0 79.7 302.5 79.5 301.9 79.4 301.5 79.2 301.0 79.0 300.6
  78.8 300.2 78.6 299.9 78.4 299.5 78.2 299.2 78.0 299.0 77.8 298.7 77.6 298.2
  77.5 297.7 77.3 297.2 77.1 296.8 76.9 296.4 76.7 296.0 76.6 295.7 76.5 295.3
  76.4 295.0 76.4 294.7 76.4 294.4
   3  4 82  0.0
  72.5 321.4 72.6 321.0 72.7 320.7 72.8 320.3 72.9 319.9 72.9 319.5 73.0 319.1
  73.1 318.6 73.2 318.2 73.3 317.7 73.4 317.3 73.5 316.8 73.6 316.3 73.8 315.7
  73.9 315.1 74.0 314.6 74.0 314.0 74.1 313.5 74.2 313.0 74.3 312.5 74.4 312.0
  74.5 311.5 74.5 311.0 74.6 310.5 74.6 310.0 74.7 309.5 74.7 308.9 74.8 308.4
  74.8 307.9 74.8 307.4 74.9 306.8 74.9 306.3 75.0 305.8 75.0 305.2 75.1 304.7
  75.2 304.1 75.2 303.5 75.3 303.0 75.4 302.4 75.4 301.8 75.5 301.2 75.5 300.6
  75.6 299.9 75.7 299.3 75.8 298.7 75.8 298.0 75.9 297.4 76.0 296.7 76.1 296.4
  76.2 296.1 76.4 295.8 76.5 295.6 76.7 295.4 76.9 295.2 77.0 295.1 77.2 294.9
  77.4 294.9 77.5 294.8 77.7 294.8 77.9 294.8 78.1 294.9 78.3 295.7 78.5 296.4
  78.6 297.2 78.8 298.1 78.9 298.9 79.1 299.8 79.2 300.7 79.3 301.6 79.4 302.5
  79.5 303.4 79.6 304.4 79.7 305.3 79.8 306.2 79.8 307.1 79.9 307.9 80.0 308.8
  80.0 309.6 80.1 311.0 80.1 312.4 80.2 313.8 80.3 315.2 80.3 316.6 80.4 317.9
  80.4 319.2 80.5 320.5 80.6 321.7 80.6 322.9 80.7 323.9 80.8 325.0 80.9 325.9
  81.0 326.9 81.2 327.7 81.3 328.6 81.4 329.4 81.5 330.2 81.6 330.9 81.8 331.6
  81.9 332.2 82.0 332.8 82.1 333.4 82.2 335.4 82.3 337.4 82.4 339.3 82.5 341.2
  82.6 343.1 82.6 344.9 82.7 346.7 82.7 348.4 82.8 350.0 82.8 351.5 82.9 352.9
  82.9 354.2 83.0 355.4 83.0 356.6 83.1 357.6 83.1 358.5 83.2 359.3 83.3   0.0
  83.3   0.1 83.4   0.1 83.5   0.2 83.6   0.2 83.6   0.3 83.7   0.3 83.7   0.3
  83.8   0.4 83.8   0.4 83.9   0.4 83.9   0.5 84.0   0.5 84.0   0.5 84.0   0.5
  84.1   0.6 84.1   0.8 84.1   0.9 84.2   1.0 84.2   1.1 84.2   1.3 84.2   1.4
  84.3   1.5 84.3   1.5 84.3   1.6 84.4   1.7 84.4   1.8 84.4   1.8 84.5   1.9
  84.5   1.9 84.5   2.0 84.5   2.0 84.6   2.0 84.6   2.0 84.6   2.1 84.6   2.1
  84.7   2.1 84.7   2.1 84.7   2.0 84.7   2.0 84.7   2.0 84.8   2.0 84.8   2.0
  84.8   2.1 84.9   2.1 84.9   2.1 84.9   2.2 85.0   2.3 85.0   2.3 85.1   2.4
  85.1   2.5 85.2   2.6 85.2   2.8 85.3   2.9 85.3   3.0 85.4   3.2 85.5   3.4
  85.5   3.5 85.6   3.7 85.6   3.9 85.7   4.1 85.8   4.4 85.9   4.6 85.9   4.8
  86.0   5.1 86.0   5.3 86.2   5.6 86.3   5.8 86.4   6.1 86.4   6.3 86.5   6.6
  86.6   6.8 86.7   7.0 86.8   7.3 86.8   7.5 86.9   7.8 87.0   8.0 87.1   8.3
  87.1   8.5 87.2   8.8 87.2   9.0 87.3   9.2 87.3   9.5 87.4   9.7 87.4  10.0
  87.5  10.2 87.5  10.4 87.5  10.7 87.6  10.9 87.6  11.1 87.6  11.4 87.6  11.6
  87.7  11.9 87.7  12.1 87.7  12.3 87.7  12.6 87.7  12.8 87.7  13.0 87.7  13.3
  87.7  13.5 87.7  13.7 87.7  14.0 87.7  14.2 87.7  14.4 87.7  14.7 87.7  14.9
  87.7  15.1 87.6  15.4 87.6  15.6 87.6  15.8 87.6  16.0 87.5  16.3 87.5  16.5
  87.5  16.7 87.5  16.9 87.5  17.1 87.5  17.3 87.5  17.5 87.5  17.7 87.5  17.8
  87.5  18.0 87.5  18.1 87.5  18.2
   3  5 82  0.0
  72.5 321.4 72.2 320.9 71.9 320.4 71.6 320.3 71.3 320.1 71.0 320.0 70.6 319.8
  70.2 319.6 69.8 319.4 69.4 319.5 69.0 319.6 68.6 319.7 68.2 319.7 67.8 319.7
  67.4 320.1 67.0 320.5 66.7 320.7 66.3 320.8 66.0 320.9 65.7 321.1 65.3 321.2
  65.1 321.2 64.8 321.1 64.5 320.9 64.2 320.7 64.0 320.3 63.8 320.1 63.5 319.9
  63.3 319.6 63.0 319.4 62.8 319.2 62.6 318.9 62.4 318.6 62.2 318.3 62.1 318.0
  61.9 317.6 61.9 317.2 61.8 316.8 61.8 316.4 61.7 316.0 61.6 315.6 61.5 315.2
  61.4 314.8 61.4 314.5 61.3 314.1 61.3 313.8 61.2 313.4 61.2 313.1 61.3 312.7
  61.3 312.3 61.3 311.9 61.3 311.5 61.3 311.2 61.4 310.8 61.4 310.5 61.5 310.1
  61.5 309.7 61.6 309.4 61.7 309.0 61.8 308.6 61.9 308.2 62.0 307.8 62.1 307.6
  62.2 307.4 62.3 307.2 62.4 307.1 62.5 307.0 62.5 306.9 62.6 306.8 62.6 306.8
  62.6 306.7 62.6 306.7 62.6 306.8 62.7 306.8 62.7 306.9 62.7 307.0 62.7 307.1
  62.7 307.2 62.7 307.3 62.8 307.5 62.8 307.7 62.9 307.9 62.9 308.1 62.9 308.3
  63.0 308.6 63.0 308.8 63.1 309.1 63.1 309.4 63.2 309.7 63.3 310.1 63.3 310.4
  63.4 310.8 63.5 311.1 63.6 311.5 63.7 311.9 63.8 312.4 63.8 312.8 63.9 313.3
  63.9 313.9 63.9 314.4 63.9 315.0 63.9 315.6 63.9 316.3 63.9 317.0 63.9 317.8
  63.9 318.6 63.9 319.4 63.9 320.2 63.9 321.1 63.8 322.1 63.8 323.1 63.8 324.2
  63.7 325.3 63.6 326.4 63.4 327.4 63.2 328.5 62.9 329.4 62.6 330.3 62.2 331.1
  61.8 331.8 61.3 332.1 60.8 332.2 60.2 332.4 59.6 332.6 59.0 332.4 58.4 332.2
  57.8 332.1 57.2 331.5 56.6 330.9 56.0 330.4 55.4 329.4 54.8 328.5 54.2 327.6
  53.6 326.8 53.0 325.7 52.4 324.7 51.8 323.7 51.3 322.5 50.8 321.3 50.2 320.2
  49.6 319.2 49.2 317.9 48.7 316.7 48.2 315.5 47.9 314.3 47.6 312.8 47.2 311.3
  47.1 309.9 46.9 308.6 46.7 307.2 46.8 305.8 46.9 304.4 46.9 303.1 47.3 301.7
  47.8 300.5 48.3 299.3 49.1 298.7 50.0 298.1 50.9 297.5 51.8 297.4 52.7 297.2
  53.5 297.3 54.3 297.4 55.1 297.7 55.9 298.1 56.6 298.5 57.2 299.2 57.8 300.0
  58.3 300.9 58.8 301.9 59.2 303.1 59.5 304.3 59.7 305.7 59.8 307.0 59.9 308.4
  59.8 309.7 59.6 311.0 59.5 312.2 59.3 313.4 59.1 314.5 58.9 315.6 58.6 316.7
  58.4 317.6 58.1 318.4 57.8 319.1 57.5 319.3 57.3 319.5 57.1 319.6 56.8 319.7
  56.6 319.7 56.4 319.6 56.1 319.5 55.9 319.4 55.7 319.0 55.5 318.6 55.3 318.2
  55.2 317.9 55.0 317.5 54.8 317.2 54.7 316.9 54.5 316.5 54.4 316.2 54.3 315.9
  54.0 315.6 53.6 315.5 53.3 315.4 52.9 315.3 52.5 315.2 52.1 315.1 51.7 315.0
  51.2 315.0 50.7 315.0 50.1 315.0 49.6 314.9 49.0 314.8 48.3 314.7 47.7 314.6
  47.0 314.3 46.3 314.1 45.6 313.8 44.9 313.3 44.2 312.8 43.4 312.3 42.7 311.6
  42.0 310.9 41.4 310.1 40.8 309.2 40.2 308.2 39.6 307.2 39.2 306.1 38.9 305.1
  38.5 304.0 38.1 302.9 37.8 301.9 37.5 301.1 37.2 300.3 36.9 299.5 36.6 298.7
  36.4 297.9 36.1 297.2 35.9 296.5
   3  6 82  0.0
  72.5 321.4 72.5 321.8 72.5 322.1 72.4 322.4 72.4 322.7 72.3 322.8 72.1 322.9
  72.0 322.9 71.8 323.1 71.6 323.1 71.3 323.2 71.1 323.2 70.8 323.1 70.4 323.1
  70.1 323.0 69.7 322.9 69.4 323.3 69.1 323.7 68.7 324.1 68.5 324.5 68.2 324.9
  68.0 325.2 67.7 326.0 67.4 326.7 67.1 327.3 66.8 327.9 66.4 328.4 66.0 328.8
  65.6 329.2 65.1 329.6 64.7 329.9 64.2 330.2 63.6 330.4 63.0 330.6 62.4 330.8
  61.7 331.0 61.0 331.0 60.2 331.1 59.3 331.1 58.6 330.8 57.8 330.5 57.1 330.0
  56.5 329.5 55.9 329.1 55.3 328.5 54.8 328.0 54.0 327.5 53.1 327.1 52.3 326.7
  51.4 326.4 50.6 325.9 49.8 325.3 49.2 324.5 48.7 323.6 48.0 322.8 47.3 321.9
  46.7 320.9 46.1 320.0 45.6 319.2 44.8 318.4 43.9 317.7 43.1 317.0 42.4 316.3
  41.7 315.5 41.1 314.8 40.5 314.1 39.9 313.3 39.5 312.7 39.0 312.1 38.6 311.4
  38.1 310.8 37.7 310.2 37.2 309.7 36.7 309.2 36.3 308.6 35.9 308.1 35.6 307.6
  35.3 307.2 35.0 306.7 34.7 306.3 34.5 305.9 34.2 305.5 34.0 305.1 33.8 304.7
  33.7 304.5 33.5 304.2 33.3 304.0 33.1 303.7 32.9 303.5 32.8 303.2 32.6 302.9
  32.5 302.6 32.4 302.3 32.4 302.0 32.3 301.7 32.3 301.4 32.3 301.0 32.3 300.7
  32.3 300.4 32.3 300.1 32.3 299.8 32.4 299.4 32.5 299.0 32.5 298.7 32.6 298.3
  32.7 297.9 32.8 297.5 32.9 297.1 33.0 296.7 33.1 296.3 33.2 295.9 33.3 295.5
  33.4 295.1 33.5 294.7 33.5 294.3 33.6 293.9 33.7 293.4 33.7 293.0 33.8 292.5
  33.8 292.1 33.9 291.7 33.9 291.3 33.9 290.8 33.9 290.4 33.8 290.0 33.8 289.5
  33.7 289.1 33.7 288.6 33.6 288.2 33.5 287.6 33.5 287.1 33.4 286.6 33.4 286.0
  33.3 285.3 33.3 284.7 33.2 284.1 33.1 283.5 33.0 282.9 32.9 282.3 32.7 281.8
  32.5 281.3 32.3 280.8 32.1 280.3 31.9 279.8 31.7 279.3 31.5 278.7 31.2 278.2
  31.0 277.6 30.8 277.1 30.5 276.5 30.3 276.0 30.1 275.4 29.9 274.9 29.7 274.4
  29.4 273.8 29.2 273.3 29.0 272.7 28.7 272.1 28.5 271.5 28.3 270.9 28.1 270.3
  28.0 269.7 27.8 269.1 27.6 268.6 27.4 268.0 27.2 267.4 27.1 266.9 27.1 266.3
  27.0 265.7 26.9 265.2 26.8 264.6 26.7 264.1 26.6 263.6 26.6 263.1 26.7 262.6
  26.7 262.1 26.7 261.7 26.7 261.2 26.8 260.8 26.8 260.3 26.9 259.9 27.0 259.5
  27.1 259.1 27.2 258.7 27.2 258.4 27.3 258.0 27.4 257.7 27.4 257.3 27.5 257.0
  27.5 256.7 27.6 256.4 27.6 256.0 27.6 255.7 27.5 255.4 27.4 255.1 27.3 254.8
  27.2 254.4 27.1 254.1 27.0 253.8 26.8 253.4 26.7 253.1 26.5 252.7 26.3 252.4
  26.1 252.0 25.9 251.6 25.7 251.2 25.4 250.9 25.1 250.5 24.8 250.1 24.6 249.7
  24.3 249.3 24.0 248.9 23.8 248.5 23.5 248.1 23.3 247.7 23.0 247.3 22.8 246.9
  22.5 246.5 22.3 246.2 22.0 245.8 21.8 245.3 21.5 245.0 21.3 244.7 21.0 244.3
  20.7 244.0 20.5 243.6 20.3 243.2 20.0 242.8 19.8 242.4-99.9 -99.9-99.9 -99.9
 -99.9 -99.9-99.9 -99.9-99.9 -99.9-99.9 -99.9-99.9 -99.9-99.9 -99.9-99.9 -99.9
 -99.9 -99.9-99.9 -99.9-99.9 -99.9
   3  7 82  0.0
  72.5 321.4 72.5 321.6 72.5 321.9 72.5 322.2 72.5 322.6 72.6 323.0 72.7 323.5
  72.8 324.1 72.9 324.7 73.0 325.5 73.1 326.3 73.2 327.3 73.4 328.4 73.4 329.6
  73.5 330.9 73.5 332.2 73.4 333.6 73.3 335.0 73.2 336.5 73.0 337.9 72.8 339.3
  72.5 340.6 72.1 341.9 71.7 343.1 71.3 344.4 70.6 345.5 70.0 346.4 69.3 346.8
  68.7 347.0 68.0 347.1 67.3 346.8 66.6 346.6 65.9 346.3 65.2 345.8 64.4 345.4
  63.6 345.1 62.8 344.7 61.9 344.5 61.0 344.1 60.2 343.7 59.2 343.3 58.3 342.8
  57.5 342.3 56.8 341.7 56.1 341.2 55.5 340.6 54.9 340.0 54.4 339.5 53.8 339.0
  53.3 338.4 52.8 337.9 52.2 337.3 51.7 336.8 51.3 336.1 50.8 335.4 50.3 334.7
  49.8 333.9 49.3 333.0 48.8 332.1 48.3 331.2 47.7 330.3 47.2 329.4 46.7 328.5
  46.2 327.6 45.6 326.8 45.0 325.9 44.5 325.0 43.9 324.1 43.4 323.2 42.9 322.3
  42.3 321.4 41.8 320.4 41.3 319.6 40.8 318.8 40.3 318.0 39.9 317.1 39.4 316.4
  38.9 315.7 38.5 314.9 38.1 314.1 37.6 313.3 37.2 312.5 36.8 311.8 36.6 311.0
  36.5 310.2 36.3 309.4 36.1 308.6 35.9 307.7 35.8 307.1 35.7 306.4 35.6 305.7
  35.4 305.1 35.2 304.4 35.0 303.7 35.0 303.0 34.9 302.2 34.9 301.5 34.8 300.8
  34.8 300.0 34.7 299.3 34.7 298.6 34.8 298.0 34.7 297.3 34.7 296.6 34.6 295.9
  34.6 295.3 34.7 294.6 34.7 293.9 34.6 293.3 34.6 292.7 34.5 292.0 34.5 291.4
  34.6 290.8 34.6 290.3 34.7 289.7 34.7 289.2 34.7 288.7 34.6 288.2 34.6 287.7
  34.6 287.2 34.5 286.8 34.4 286.4 34.3 286.0 34.3 285.6 34.2 285.2 34.1 284.8
  34.0 284.4 34.0 284.1 33.9 283.6 33.9 283.2 33.9 282.8 33.8 282.4 33.8 282.1
  33.8 281.7 33.7 281.3 33.7 281.0 33.6 280.6 33.5 280.3 33.5 280.0 33.5 279.7
  33.6 279.4 33.7 279.1 33.7 278.8 33.8 278.5 33.8 278.2 33.9 277.9 33.9 277.6
  34.0 277.3 34.0 277.0 34.0 276.8 34.0 276.6 34.0 276.4 34.0 276.3 34.0 276.1
  34.0 275.9 34.0 275.5 34.1 275.3 34.1 275.1 34.2 275.0 34.2 274.8 34.2 274.6
  34.2 274.4 34.2 274.3 34.2 274.1 34.2 273.9 34.2 273.8 34.2 273.6 34.2 273.5
  34.1 273.3 34.1 273.2 34.0 273.0 33.9 272.9 33.8 272.5 33.7 272.2 33.6 271.9
  33.5 271.5 33.5 271.2 33.5 270.9 33.4 270.6 33.3 270.3 33.2 270.1 33.1 269.8
  33.0 269.5 32.8 269.3 32.7 269.0 32.5 268.8 32.3 268.6 32.1 268.4 31.9 268.2
  31.6 267.7 31.6 267.3 31.6 266.9 31.6 266.4 31.6 266.0 31.5 265.7 31.5 265.3
  31.4 264.9 31.3 264.6 31.2 264.3 31.1 264.0 31.0 263.8 31.1 263.5 31.2 263.3
  31.3 263.1 31.4 262.9 31.4 262.7 31.5 262.6 31.6 262.4 31.6 262.2 31.7 262.0
  31.7 261.8 31.7 261.6 31.7 261.4 31.7 261.2 31.7 261.0 31.7 260.8 31.7 260.6
  31.7 260.4 31.6 260.2 31.6 260.0 31.5 259.8 31.5 259.6 31.5 259.4 31.5 259.1
  31.4 258.9 31.4 258.7 31.3 258.4 31.2 258.2 31.1 258.0 31.0 257.7 30.9 257.4
  30.8 257.2 30.7 256.9 30.7 256.7 30.6 256.4 30.5 256.1 30.4 255.9 30.2 255.6
  30.1 255.3 29.9 255.1 29.8 254.8
   3  8 82  0.0
  72.5 321.4 72.5 321.9 72.5 322.5 72.5 323.0 72.4 323.6 72.4 324.2 72.4 324.7
  72.3 325.3 72.2 325.8 72.1 326.3 72.1 326.8 72.0 327.3 71.9 327.7 71.9 328.2
  71.8 328.5 71.6 328.8 71.5 329.0 71.4 329.2 71.3 329.3 71.1 329.3 71.0 329.2
  70.9 329.1 70.7 329.0 70.6 328.7 70.5 328.5 70.3 328.1 70.2 327.9 70.1 327.8
  70.1 327.7 70.1 327.7 70.1 327.8 70.2 328.0 70.3 328.2 70.3 328.5 70.4 328.9
  70.4 329.4 70.5 330.0 70.7 330.6 70.8 331.3 70.9 332.0 70.9 332.8 70.9 333.7
  70.9 334.6 70.9 335.7 70.9 336.8 70.7 338.0 70.5 339.3 70.2 340.6 69.7 341.9
  69.3 342.7 68.7 343.4 68.2 344.0 67.6 344.4 66.8 344.4 66.1 344.3 65.3 344.3
  64.5 343.8 63.7 343.5 62.9 343.0 61.9 342.7 61.0 342.3 59.9 342.0 58.9 341.5
  58.0 340.9 57.1 340.2 56.3 339.5 55.6 338.8 54.9 338.0 54.3 337.3 53.8 336.5
  53.2 335.8 52.7 335.2 52.1 334.6 51.6 334.1 51.1 333.5 50.5 332.9 50.0 332.2
  49.5 331.4 49.0 330.5 48.5 329.6 48.0 328.7 47.5 327.8 47.0 326.9 46.4 325.9
  45.9 324.9 45.3 324.1 44.8 323.2 44.2 322.2 43.7 321.2 43.2 320.3 42.6 319.3
  42.2 318.3 41.7 317.3 41.2 316.4 40.8 315.4 40.4 314.4 40.0 313.4 39.7 312.2
  39.3 311.3 39.0 310.3 38.8 309.2 38.5 308.1 38.3 307.0 38.2 305.8 38.1 304.5
  38.1 303.2 38.0 301.9 37.9 300.9 37.9 299.8 37.8 298.6 37.7 297.5 37.7 296.4
  37.7 295.2 37.8 294.0 37.8 292.9 37.9 291.7 38.1 290.5 38.2 289.1 38.3 287.7
  38.4 286.3 38.5 284.9 38.7 283.6 38.8 282.3 38.9 281.0 39.1 279.8 39.2 278.7
  39.4 277.5 39.6 276.4 39.7 275.3 39.9 274.3 40.0 273.3 40.2 272.2 40.3 271.1
  40.4 270.1 40.4 269.1 40.5 268.1 40.6 267.2 40.6 266.4 40.6 265.6 40.7 264.8
  40.7 264.0 40.8 263.3 40.8 262.6 40.9 261.9 40.9 261.3 40.9 260.6 41.0 260.0
  41.0 259.3 41.0 258.7 41.1 258.1 41.1 257.5 41.2 256.8 41.2 256.2 41.3 255.7
  41.3 255.1 41.3 254.5 41.3 253.9 41.3 253.4 41.3 252.9 41.3 252.4 41.3 251.9
  41.2 251.5 41.1 251.1 41.0 250.7 40.9 250.3 40.8 250.0 40.7 249.6 40.7 249.3
  40.6 249.0 40.5 248.7 40.4 248.5 40.4 248.2 40.3 247.9 40.2 247.6 40.1 247.3
  40.0 247.1 39.8 246.8 39.7 246.6 39.7 246.4 39.6 246.2 39.5 245.9 39.4 245.7
  39.3 245.5 39.3 245.2 39.2 245.0 39.2 244.8 39.1 244.6 39.1 244.4 39.0 244.2
  39.0 244.0 38.9 243.8 38.9 243.6 38.8 243.5 38.8 243.3 38.7 243.1 38.7 242.9
  38.6 242.7 38.5 242.5 38.5 242.3 38.4 242.0 38.3 241.8 38.2 241.5 38.1 241.2
  38.0 240.9 37.9 240.6 37.8 240.4 37.6 240.1 37.5 239.8 37.4 239.5 37.3 239.2
  37.1 238.8 37.0 238.5 36.8 238.1 36.7 237.7 36.5 237.3 36.3 236.9 36.2 236.4
  36.0 235.9 35.8 235.4 35.7 235.0 35.5 234.6 35.3 234.1 35.1 233.6 35.0 233.1
  34.8 232.5 34.6 232.0 34.5 231.4 34.4 230.7 34.3 230.1 34.2 229.4 34.2 228.7
  34.1 228.0 34.0 227.3 34.0 226.6 33.9 226.0 33.9 225.4 33.8 224.8 33.7 224.2
  33.7 223.6 33.6 223.1 33.5 222.5
   3  9 82  0.0
  72.5 321.4 72.5 322.6 72.4 323.8 72.4 325.0 72.3 326.2 72.2 327.4 72.1 328.7
  72.0 329.9 71.8 331.4 71.7 332.8 71.5 334.3 71.3 335.8 71.1 337.2 70.8 338.7
  70.5 340.0 70.2 341.1 69.8 342.1 69.3 343.0 68.9 343.7 68.4 344.3 67.8 344.8
  67.3 345.1 66.7 345.3 66.0 345.5 65.4 345.6 64.8 345.6 64.1 345.6 63.5 345.5
  62.8 345.2 62.2 344.8 61.7 344.4 61.1 343.7 60.6 343.0 60.1 342.3 59.6 341.5
  59.2 340.4 58.7 339.4 58.3 338.3 57.8 337.1 57.4 335.7 57.0 334.2 56.6 332.7
  56.1 331.1 55.7 329.6 55.3 327.8 54.9 325.9 54.5 324.1 54.0 322.3 53.7 320.5
  53.4 318.6 53.2 316.8 53.0 315.0 52.8 313.2 52.7 311.5 52.6 309.8 52.4 308.1
  52.2 306.5 52.0 304.9 51.8 303.4 51.7 301.9 51.5 300.3 51.4 298.8 51.3 297.4
  51.2 296.0 51.1 294.7 51.1 293.4 51.1 292.2 51.2 291.1 51.3 289.9 51.3 288.7
  51.4 287.6 51.4 286.4 51.4 285.1 51.4 283.8 51.3 282.5 51.3 281.3 51.3 280.2
  51.2 279.0 51.3 277.9 51.3 276.7 51.3 275.6 51.3 274.4 51.3 273.2 51.3 272.1
  51.4 270.9 51.6 269.7 51.8 268.7 51.9 267.6 52.3 266.7 52.7 265.7 53.1 264.8
  53.5 263.9 53.9 263.1 54.3 262.3 54.8 261.4 55.2 260.6 55.6 259.9 56.1 259.1
  56.7 258.3 57.2 257.5 57.7 256.7 58.2 255.9 58.7 255.0 59.2 254.2 59.7 253.3
  60.2 252.5 60.8 251.6 61.3 250.7 61.9 249.9 62.5 249.1 63.1 248.3 63.7 247.4
  64.3 246.5 64.9 245.5 65.5 244.5 66.1 243.4 66.7 242.3 67.4 241.2 68.0 240.0
  68.6 238.8 69.2 237.5 69.9 236.2 70.5 234.9 71.1 233.4 71.7 231.9 72.2 230.3
  72.7 228.8 73.2 227.2 73.7 225.5 74.1 223.8 74.6 222.1 75.0 220.3 75.4 218.4
  75.8 216.4 76.2 214.3 76.5 212.2 76.9 210.0 77.2 207.7 77.5 205.3 77.7 202.8
  77.9 200.3 78.1 197.7 78.3 195.3 78.4 192.8 78.5 190.3 78.5 187.8 78.5 185.3
  78.5 182.8 78.5 180.4 78.4 178.0 78.3 175.7 78.2 173.5 78.1 171.3 77.8 169.3
  77.6 167.2 77.4 165.2 77.2 163.3 76.9 161.5 76.6 159.8 76.3 158.2 76.0 156.6
  75.7 155.1 75.5 153.6 75.2 152.1 75.0 150.6 74.7 149.2 74.4 147.8 74.2 146.3
  73.9 144.9 73.7 143.6 73.5 142.4 73.2 141.2 73.0 139.9 72.8 138.7 72.6 137.6
  72.4 136.4 72.2 135.3 71.9 134.2 71.8 133.2 71.6 132.2 71.4 131.2 71.3 130.1
  71.2 129.1 71.0 128.1 70.9 127.1 70.7 126.1 70.6 125.2 70.4 124.2 70.3 123.3
  70.2 122.4 70.1 121.5 70.0 120.6 69.9 119.5 69.8 118.4 69.7 117.3 69.6 116.2
  69.5 115.1 69.4 114.0 69.4 112.9 69.3 111.7 69.2 110.6 69.2 109.5 69.2 108.3
  69.2 107.2 69.3 106.0 69.3 104.7 69.4 103.5 69.4 102.2 69.5 100.9 69.5  99.7
  69.6  98.4 69.7  97.1 69.8  95.8 70.0  94.5 70.1  93.3 70.3  92.3 70.4  91.4
  70.6  90.4 70.9  89.5 71.1  88.6 71.2  87.7 71.5  86.8 71.7  86.0 72.0  85.2
  72.2  84.4 72.4  84.1 72.7  83.8 72.9  83.5 73.2  83.3 73.4  83.1 73.7  82.9
  73.9  82.8 74.1  82.7 74.3  83.2 74.5  83.7 74.6  84.2 74.8  84.8 74.9  85.4
  75.0  86.1 75.1  86.8 75.2  87.6
   3 10 82  0.0
  72.5 321.4 72.3 321.9 72.1 322.5 72.0 323.1 71.8 323.9 71.7 324.7 71.5 325.5
  71.3 326.2 71.1 327.0 71.0 327.8 70.8 328.5 70.6 329.3 70.4 330.0 70.1 330.7
  69.9 331.5 69.7 332.1 69.5 332.7 69.3 333.3 69.1 334.0 68.8 334.6 68.6 335.3
  68.4 335.9 68.2 336.6 67.9 337.2 67.7 337.6 67.4 338.1 67.2 338.5 66.9 339.0
  66.7 339.5 66.4 340.0 66.1 340.5 65.6 341.1 65.2 341.1 64.8 341.1 64.3 341.1
  63.8 341.2 63.4 340.6 62.9 340.0 62.5 339.4 62.1 338.8 61.6 338.2 61.2 337.0
  60.8 335.8 60.5 334.6 60.1 333.3 59.8 332.0 59.4 330.0 59.3 327.9 59.5 325.7
  59.7 323.6 60.1 321.5 60.5 320.3 60.9 319.0 61.3 317.9 61.8 316.8 62.2 315.7
  62.5 315.3 62.9 314.9 63.2 314.5 63.5 314.1 63.8 313.8 64.0 313.5 64.3 313.5
  64.5 313.5 64.7 313.6 64.9 313.7 65.1 313.8 65.2 313.9 65.3 314.0 65.4 314.2
  65.5 314.3 65.6 314.5 65.6 314.7 65.6 315.0 65.7 315.2 65.7 315.3 65.8 315.5
  65.8 315.5 65.8 315.6 65.9 315.6 66.0 315.5 66.0 315.4 66.1 315.4 66.2 315.3
  66.3 315.3 66.4 315.1 66.4 315.0 66.5 314.9 66.6 314.8 66.6 314.6 66.7 314.5
  66.7 314.3 66.7 314.2 66.7 314.0 66.7 313.8 66.6 313.6 66.6 313.4 66.5 313.1
  66.4 312.9 66.3 312.8 66.2 312.7 66.0 312.7 65.8 312.6 65.6 312.7 65.4 312.8
  65.2 313.0 65.0 313.3 64.8 313.6 64.5 314.0 64.3 314.5 64.0 315.2 63.7 315.8
  63.5 316.5 63.2 317.3 62.9 318.1 62.6 318.9 62.2 319.8 61.7 320.6 61.2 321.2
  60.6 321.7 60.0 322.1 59.2 322.0 58.4 322.0 57.5 321.9 56.7 321.3 55.8 320.7
  55.0 319.7 54.3 318.6 53.7 317.5 53.1 316.1 52.4 314.6 52.0 313.2 51.6 311.8
  51.5 310.2 51.4 308.6 51.3 307.1 51.6 305.7 51.8 304.4 52.1 303.2 52.6 302.2
  53.0 301.3 53.5 300.4 53.9 299.6 54.4 298.8 54.8 298.3 55.1 297.7 55.5 297.2
  55.8 296.8 56.0 296.3 56.3 296.1 56.5 296.0 56.6 295.8 56.8 295.6 56.9 295.4
  56.9 295.3 57.0 295.1 57.0 295.0 57.0 294.8 57.0 294.7 57.0 294.5 57.0 294.3
  56.9 294.0 56.9 293.8 56.8 293.5 56.7 293.2 56.7 292.9 56.6 292.5 56.4 292.2
  56.3 291.9 56.3 291.5 56.2 291.2 56.1 290.8 56.0 290.5 55.9 290.3 55.7 290.2
  55.6 290.0 55.4 289.8 55.2 289.6 55.0 289.5 54.8 289.3 54.6 289.2 54.3 289.1
  54.0 288.9 53.8 288.8 53.5 288.7 53.3 288.6 53.0 288.4 52.7 288.3 52.4 288.2
  52.2 288.0 51.9 287.9 51.6 287.6 51.2 287.4 50.9 287.1 50.6 286.8 50.2 286.5
  49.9 286.2 49.7 285.7 49.4 285.1 49.2 284.6 49.0 284.1 48.8 283.5 48.5 283.0
  48.2 282.4 47.9 281.8 47.6 281.0 47.4 280.1 47.2 279.3 47.0 278.4 46.8 277.6
  46.6 276.7 46.5 275.8 46.4 275.0 46.3 274.1 46.1 273.2 46.0 272.3 45.8 271.3
  45.8 270.4 45.7 269.4 45.7 268.5 45.6 267.6 45.7 266.7 45.7 265.8 45.7 264.9
  45.7 264.0 45.7 263.2 45.8 262.3 45.9 261.4 46.0 260.6 46.0 259.7 46.2 258.6
  46.5 257.6 46.7 256.6 46.8 255.7 47.1 254.8 47.2 254.0 47.4 253.2 47.5 252.4
  47.6 251.6 47.8 250.7 47.9 249.9
   3 11 82  0.0
  72.5 321.4 72.7 322.0 72.9 322.5 73.1 323.2 73.3 323.8 73.5 324.5 73.6 325.2
  73.7 325.9 73.8 326.7 73.9 327.4 74.0 328.2 74.1 328.9 74.2 329.7 74.2 330.4
  74.3 331.2 74.3 332.0 74.3 332.7 74.3 333.5 74.2 334.3 74.2 335.0 74.1 335.8
  74.1 336.6 74.0 337.3 74.0 338.1 74.0 338.9 73.9 339.8 73.9 340.7 73.8 341.6
  73.7 342.6 73.7 343.6 73.6 344.6 73.4 345.5 73.2 346.5 73.0 347.5 72.8 348.5
  72.5 349.4 72.2 350.2 71.8 351.0 71.5 351.7 71.1 352.4 70.6 352.9 70.1 353.5
  69.5 354.0 68.9 354.3 68.3 354.6 67.6 354.9 67.0 355.0 66.3 355.1 65.6 355.2
  64.8 355.0 64.1 354.9 63.3 354.8 62.6 354.4 61.9 354.1 61.2 353.4 60.5 352.8
  59.8 352.2 59.2 351.3 58.7 350.4 58.2 349.5 57.7 348.6 57.2 347.5 57.0 346.3
  56.8 345.1 56.5 343.8 56.4 342.5 56.4 341.0 56.3 339.5 56.2 337.9 56.2 336.1
  56.1 334.1 56.0 332.1 55.9 329.9 55.9 327.6 56.0 325.2 56.0 323.0 56.1 320.8
  56.2 318.8 56.3 316.9 56.4 315.2 56.4 313.6 56.5 312.1 56.5 310.7 56.6 309.3
  56.6 308.0 56.6 306.7 56.6 305.4 56.6 304.2 56.6 302.9 56.6 301.7 56.6 300.5
  56.6 299.3 56.6 298.1 56.5 296.9 56.5 295.6 56.5 294.4 56.4 293.2 56.3 292.0
  56.1 290.8 55.9 289.7 55.7 288.5 55.6 287.3 55.5 286.1 55.4 285.0 55.3 283.9
  55.2 282.9 55.1 281.8 55.1 280.8 55.0 279.9 54.9 278.9 54.9 278.0 54.9 277.1
  54.8 276.3 54.8 275.4 54.9 274.5 55.0 273.7 55.1 272.8 55.2 271.9 55.3 271.0
  55.4 270.1 55.5 269.1 55.6 268.0 55.7 267.0 55.9 265.9 56.2 264.9 56.5 264.1
  56.9 263.2 57.3 262.4 57.7 261.4 58.1 260.4 58.5 259.6 59.0 258.7 59.4 257.8
  59.8 256.7 60.2 255.7 60.7 255.0 61.2 254.3 61.7 253.6 62.2 252.8 62.8 252.2
  63.3 251.6 63.8 250.8 64.2 250.0 64.7 249.3 65.1 248.6 65.5 247.7 65.9 246.8
  66.4 245.8 66.8 245.1 67.3 244.3 67.7 243.5 68.2 242.5 68.7 241.7 69.1 240.8
  69.6 239.8 70.0 238.7 70.5 237.6 71.0 236.5 71.4 235.3 71.8 233.9 72.3 232.5
  72.8 231.3 73.2 230.0 73.7 228.6 74.2 227.1 74.6 225.9 75.1 224.5 75.5 222.9
  75.9 221.3 76.3 219.5 76.7 218.0 77.0 216.4 77.4 214.7 77.7 212.8 78.0 210.9
  78.3 208.8 78.6 206.9 78.8 205.0 79.1 202.9 79.3 200.6 79.5 198.1 79.7 195.5
  79.8 192.8 79.9 190.1 80.0 187.3 80.1 185.0 80.1 182.7 80.1 180.4 80.1 178.2
  80.0 175.9 79.9 173.7 79.8 171.0 79.7 168.3 79.6 165.7 79.4 163.3 79.2 161.0
  79.0 158.8 78.8 156.8 78.6 155.0 78.3 153.2 78.1 151.7 77.8 150.2 77.6 148.4
  77.4 146.7 77.2 145.1 77.0 143.6 76.8 142.1 76.6 140.7 76.3 139.2 76.1 137.8
  75.9 136.5 75.7 134.8 75.4 133.1 75.2 131.5 75.0 129.8 74.7 128.2 74.5 126.7
  74.2 125.1 73.9 123.7 73.7 122.1 73.5 120.6 73.2 119.2 73.0 117.8 72.8 116.5
  72.6 115.2 72.4 114.0 72.2 112.7 72.1 111.5 71.9 110.3 71.8 109.1 71.7 107.9
  71.7 106.7 71.6 105.6 71.5 104.6 71.5 103.5 71.5 102.5 71.5 101.5 71.4 100.4
  71.4  99.4 71.5  98.4 71.6  97.4
   3 12 82  0.0
  72.5 321.4 72.6 322.6 72.8 323.9 72.9 325.2 73.0 326.4 73.1 327.8 73.2 329.1
  73.3 330.4 73.4 331.8 73.5 333.2 73.6 334.6 73.6 336.1 73.6 337.6 73.6 339.1
  73.6 340.6 73.6 342.1 73.5 343.6 73.4 345.1 73.2 346.6 73.0 348.0 72.8 349.4
  72.5 350.7 72.2 352.0 71.9 353.2 71.5 354.3 71.2 355.4 70.8 356.4 70.3 357.2
  69.8 358.0 69.3 358.6 68.8 359.1 68.3 359.6 67.7   0.0 67.2   0.1 66.6   0.2
  65.9   0.4 65.3   0.5 64.7   0.6 64.0   0.7 63.4   0.8 62.7   0.8 62.1   0.8
  61.4   0.8 60.8   0.7 60.1   0.6 59.4   0.4 58.8   0.2 58.2 359.9 57.6 359.4
  57.1 358.7 56.6 357.9 56.1 357.1 55.7 356.2 55.3 355.2 55.1 354.1 54.8 353.1
  54.6 352.0 54.6 350.8 54.6 349.7 54.5 348.5 54.4 347.3 54.5 346.1 54.5 344.8
  54.5 343.5 54.6 342.0 54.6 340.6 54.6 339.0 54.7 337.4 54.7 335.7 54.8 334.0
  54.9 332.3 55.0 330.6 55.0 328.8 55.1 327.0 55.1 325.3 55.0 323.6 54.9 321.9
  54.8 320.2 54.7 318.7 54.5 317.2 54.3 315.7 53.9 314.4 53.6 313.0 53.3 311.8
  52.8 310.5 52.3 309.4 51.9 308.3 51.4 307.1 50.9 306.0 50.4 304.9 49.9 303.8
  49.4 302.7 48.9 301.6 48.4 300.6 48.0 299.6 47.5 298.5 47.1 297.5 46.6 296.6
  46.1 295.8 45.5 295.0 44.9 294.1 44.2 293.3 43.6 292.5 42.9 291.6 42.3 290.8
  41.6 290.1 41.0 289.3 40.4 288.6 39.7 287.9 39.3 287.2 38.8 286.5 38.4 285.9
  37.9 285.3 37.5 284.7 37.0 284.0 36.6 283.4 36.4 282.8 36.1 282.2 35.9 281.7
  35.7 281.1 35.5 280.5 35.3 279.9 35.0 279.4 34.8 278.9 34.5 278.4 34.2 278.0
  34.0 277.5 33.7 277.1 33.5 276.7 33.3 276.3 33.0 275.9 32.9 275.5 32.7 275.1
  32.6 274.7 32.5 274.4 32.4 274.0 32.3 273.6 32.1 273.2 32.0 272.8 31.9 272.4
  31.7 272.1 31.6 271.8 31.4 271.6 31.2 271.4 31.0 271.1 30.8 270.9 30.7 270.7
  30.5 270.4 30.3 270.1 30.1 269.7 30.0 269.3 29.8 269.0 29.6 268.7 29.4 268.4
  29.3 268.1 29.1 267.7 28.9 267.4 28.8 267.1 28.6 266.7 28.5 266.3 28.4 266.0
  28.2 265.6 28.1 265.2 28.0 264.8 28.0 264.3 27.9 264.1 27.8 263.8 27.8 263.5
  27.7 263.3 27.7 263.0 27.6 262.7 27.6 262.4 27.6 262.1 27.5 261.9 27.5 261.6
  27.5 261.3 27.4 261.0 27.4 260.7 27.4 260.5 27.3 260.2 27.3 259.9 27.3 259.6
  27.4 259.3 27.4 259.0 27.4 258.8 27.5 258.5 27.5 258.2 27.5 257.9 27.5 257.6
  27.6 257.3 27.6 257.0 27.6 256.7 27.6 256.4 27.7 256.1 27.7 255.8 27.7 255.5
  27.8 255.2 27.8 254.8 27.8 254.5 27.8 254.1 27.8 253.7 27.8 253.4 27.9 252.9
  27.9 252.5 27.9 252.1 27.9 251.6 27.9 251.1 27.9 250.6 27.9 250.1 28.0 249.7
  28.0 249.2 28.0 248.7 28.0 248.1 28.1 247.5 28.1 247.0 28.2 246.4 28.3 245.8
  28.4 245.2 28.4 244.7 28.5 244.1 28.6 243.5 28.6 242.9 28.7 242.3 28.7 241.7
  28.8 241.1 28.8 240.5 28.9 239.8 28.9 239.2 29.0 238.6 29.0 237.9 29.0 237.3
  29.0 236.6 29.0 236.0 29.1 235.3 29.0 234.7 29.0 234.0 29.0 233.4 28.9 232.7
  28.8 232.1 28.8 231.4 28.7 230.8
   3 13 82  0.0
  72.5 321.4 72.4 322.5 72.3 323.7 72.3 324.9 72.2 326.2 72.2 327.5 72.2 328.9
  72.3 330.3 72.3 331.8 72.3 333.4 72.4 335.0 72.4 336.8 72.4 338.6 72.4 340.5
  72.3 342.4 72.3 344.4 72.1 346.3 71.9 348.2 71.6 349.8 71.4 351.2 71.1 352.6
  70.6 354.0 70.2 355.2 69.7 356.3 69.1 356.8 68.5 357.3 67.8 357.7 67.2 357.6
  66.7 357.4 66.1 357.4 65.6 357.3 65.1 356.8 64.7 356.4 64.3 356.0 63.9 355.6
  63.6 354.8 63.4 354.0 63.1 353.2 62.9 352.4 62.7 351.6 62.5 350.8 62.3 350.0
  62.1 349.1 61.9 348.3 61.8 347.1 61.5 345.8 61.3 344.6 61.1 343.4 60.9 342.3
  60.7 341.1 60.5 340.0 60.4 338.9 60.2 337.8 60.0 336.7 59.9 335.6 59.8 334.0
  59.7 332.4 59.5 330.7 59.5 329.0 59.5 327.2 59.6 325.5 59.7 323.7 60.0 321.9
  60.3 320.7 60.6 319.4 61.0 318.2 61.4 317.0 61.8 315.8 62.1 314.7 62.5 314.1
  62.8 313.5 63.2 312.9 63.5 312.4 63.9 311.8 64.1 311.2 64.3 310.9 64.6 310.6
  64.8 310.2 65.0 309.9 65.3 309.5 65.5 309.1 65.7 308.7 65.9 308.3 66.2 307.9
  66.3 307.6 66.4 307.2 66.6 306.9 66.8 306.6 66.9 306.3 67.1 306.0 67.3 305.7
  67.5 305.4 67.7 305.1 67.9 304.8 68.1 304.6 68.3 304.6 68.5 304.6 68.8 304.7
  69.0 304.7 69.3 304.8 69.5 304.9 69.7 305.0 69.9 305.2 70.0 305.3 70.2 305.7
  70.4 306.1 70.5 306.5 70.7 307.0 70.8 307.4 70.9 307.9 71.0 308.3 71.1 308.7
  71.2 309.1 71.3 309.5 71.4 309.8 71.4 310.0 71.5 310.2 71.5 310.4 71.6 310.5
  71.6 310.6 71.6 310.6 71.6 310.6 71.6 310.6 71.6 310.6 71.6 310.6 71.6 310.5
  71.6 310.5 71.6 310.5 71.6 310.5 71.6 310.5 71.6 310.6 71.6 310.6 71.6 310.6
  71.7 310.6 71.7 310.7 71.7 310.7 71.7 310.7 71.8 310.8 71.8 310.9 71.8 310.9
  71.9 311.0 71.9 311.1 72.0 311.1 72.0 311.2 72.1 311.5 72.1 311.8 72.2 312.1
  72.3 312.4 72.3 312.7 72.4 313.0 72.5 313.4 72.6 313.7 72.8 314.1 72.9 314.6
  73.0 315.0 73.2 315.5 73.3 316.1 73.5 316.7 73.7 317.2 73.8 317.8 73.9 318.4
  73.9 319.0 73.9 319.5 73.9 320.1 74.0 320.6 73.9 321.2 73.9 321.7 73.9 322.2
  73.8 322.8 73.7 323.3 73.6 323.8 73.5 324.2 73.4 324.6 73.3 324.8 73.2 325.0
  73.1 325.1 72.9 325.1 72.7 325.0 72.5 324.8 72.2 324.5 71.9 324.1 71.7 324.0
  71.4 323.9 71.0 323.8 70.7 323.7 70.3 323.6 70.0 323.5 69.6 323.9 69.3 324.3
  69.0 324.7 68.7 325.0 68.5 325.4 68.2 325.7 67.9 326.0 67.5 326.6 67.2 327.2
  66.9 327.6 66.5 328.0 66.1 328.2 65.7 328.5 65.2 328.8 64.8 329.1 64.3 329.4
  63.7 329.6 63.2 329.9 62.6 330.2 61.9 330.3 61.3 330.3 60.7 330.1 60.1 329.9
  59.5 329.7 59.0 329.3 58.5 328.9 58.0 328.4 57.6 328.0 57.2 327.6 56.5 327.3
  55.8 326.9 55.1 326.7 54.5 326.3 53.9 326.0 53.4 325.5 53.0 325.0 52.6 324.4
  52.3 323.8 51.8 323.1 51.4 322.3 51.0 321.6 50.7 320.8 50.4 320.1 50.1 319.4
  49.4 318.7 48.8 318.1 48.2 317.4 47.7 316.7 47.2 315.9 46.6 315.2 46.1 314.4
  45.6 313.6 45.2 312.8 44.8 312.1
   3 14 82  0.0
  72.5 321.4 72.4 322.1 72.4 322.9 72.4 323.7 72.3 324.5 72.3 325.4 72.3 326.3
  72.3 327.2 72.3 328.2 72.3 329.2 72.3 330.2 72.3 331.3 72.3 332.4 72.4 333.5
  72.4 334.7 72.4 335.9 72.5 337.2 72.5 338.5 72.5 339.8 72.4 341.1 72.4 342.4
  72.3 343.8 72.2 345.1 72.0 346.4 71.8 347.6 71.6 348.7 71.3 349.8 71.0 350.9
  70.6 352.0 70.3 353.0 69.8 354.0 69.4 354.7 68.9 355.4 68.4 356.0 67.9 356.5
  67.2 356.8 66.6 357.0 65.9 357.1 65.2 357.1 64.5 356.9 63.8 356.7 63.2 356.4
  62.7 355.9 62.1 355.4 61.6 354.8 61.1 353.9 60.6 353.0 60.2 352.0 59.7 350.9
  59.2 350.0 58.8 349.0 58.4 347.9 58.1 346.8 57.9 345.6 57.6 344.3 57.4 342.9
  57.3 341.4 57.1 339.8 57.0 338.1 56.8 336.4 56.7 334.7 56.6 333.0 56.6 331.3
  56.7 329.6 56.7 327.9 56.9 326.0 57.0 324.2 57.1 322.4 57.2 320.6 57.4 318.9
  57.6 317.2 57.7 315.6 57.9 314.1 58.1 312.8 58.3 311.6 58.5 310.5 58.7 309.5
  58.8 308.5 59.0 307.5 59.1 306.5 59.1 305.5 59.2 304.6 59.2 303.6 59.3 302.6
  59.3 301.7 59.4 300.7 59.4 299.7 59.4 298.8 59.5 297.8 59.6 296.8 59.6 295.8
  59.7 294.8 59.8 293.8 59.9 292.8 60.0 291.8 60.2 291.0 60.3 290.3 60.4 289.6
  60.5 288.9 60.6 288.2 60.7 287.5 60.9 286.8 61.0 286.1 61.1 285.5 61.2 284.8
  61.3 284.2 61.4 283.6 61.5 283.1 61.6 282.5 61.8 282.0 61.9 281.4 62.0 280.9
  62.1 280.4 62.2 280.1 62.3 279.9 62.5 279.6 62.6 279.4 62.8 279.2 62.9 279.0
  63.1 278.7 63.2 278.6 63.3 278.4 63.5 278.2 63.6 278.0 63.7 277.8 63.8 277.6
  63.9 277.4 64.0 277.2 64.1 277.1 64.2 277.0 64.2 276.9 64.3 276.8 64.3 276.7
  64.4 276.6 64.4 276.4 64.4 276.3 64.4 276.1 64.4 276.0 64.5 275.8 64.5 275.6
  64.5 275.4 64.6 275.2 64.6 274.9 64.6 274.7 64.6 274.4 64.6 274.2 64.6 273.9
  64.6 273.6 64.6 273.4 64.6 273.1 64.6 272.8 64.7 272.6 64.7 272.3 64.8 272.0
  65.0 271.7 65.2 271.4 65.3 271.1 65.5 270.8 65.8 270.5 66.0 270.2 66.2 269.9
  66.4 269.8 66.7 269.7 66.9 269.6 67.1 269.5 67.4 269.4 67.6 269.3 67.9 269.1
  68.1 269.0 68.4 269.2 68.6 269.3 68.9 269.5 69.1 269.6 69.4 269.7 69.6 269.9
  69.8 270.0 70.0 270.1 70.3 270.5 70.5 270.8 70.7 271.1 70.9 271.5 71.0 271.8
  71.2 272.1 71.3 272.5 71.4 272.8 71.5 273.1 71.7 273.3 71.8 273.6 71.9 273.8
  72.0 274.0 72.2 274.3 72.3 274.5 72.5 274.7 72.7 274.9 72.9 275.1 73.0 275.2
  73.2 275.4 73.4 275.5 73.6 275.7 73.8 275.8 74.0 275.9 74.3 276.2 74.5 276.4
  74.7 276.6 74.9 276.8 75.1 276.9 75.3 277.1 75.5 277.4 75.7 277.7 75.9 278.0
  76.1 278.4 76.3 279.1 76.4 279.8 76.6 280.6 76.7 281.5 76.7 282.4 76.8 283.3
  76.9 284.2 76.9 285.2 76.9 286.2 76.9 287.1 76.8 288.0 76.8 288.9 76.7 289.8
  76.7 290.6 76.6 291.3 76.5 292.1 76.5 292.8 76.4 293.4 76.3 294.0 76.2 294.5
  76.2 295.1 76.1 295.6 76.0 296.0 75.9 296.4 75.8 296.7 75.7 297.0 75.6 297.4
  75.5 297.7 75.4 298.0 75.3 298.2
   3 15 82  0.0
  72.5 321.4 72.4 321.6 72.3 321.8 72.2 322.0 72.2 322.3 72.1 322.6 72.1 323.0
  72.0 323.4 72.0 323.8 72.0 324.3 72.0 325.0 72.0 325.6 72.1 326.3 72.1 327.0
  72.1 327.7 72.2 328.5 72.2 329.3 72.2 330.2 72.3 331.1 72.3 332.0 72.4 333.0
  72.4 334.0 72.5 335.1 72.5 336.2 72.6 337.4 72.6 338.5 72.6 339.8 72.6 341.0
  72.6 342.3 72.6 343.5 72.5 344.8 72.4 346.0 72.3 347.2 72.2 348.4 72.0 349.6
  71.8 350.7 71.6 351.7 71.4 352.8 71.2 353.7 70.9 354.7 70.6 355.6 70.3 356.4
  70.0 357.3 69.7 358.1 69.4 358.8 69.1 359.6 68.8   0.4 68.5   0.7 68.3   1.0
  68.0   1.3 67.7   1.6 67.4   1.9 67.1   2.2 66.7   2.4 66.3   2.6 65.9   2.8
  65.5   3.0 65.0   3.1 64.5   3.2 64.0   3.2 63.5   3.3 62.9   3.3 62.4   3.4
  61.9   3.4 61.5   3.3 61.1   3.2 60.7   3.1 60.3   2.9 60.0   2.7 59.7   2.4
  59.4   2.0 59.2   1.7 59.0   1.2 58.8   0.7 58.6   0.3 58.5 359.7 58.2 358.8
  58.0 357.8 57.8 356.6 57.6 355.5 57.4 354.3 57.2 353.0 57.1 351.6 57.0 350.2
  56.9 348.6 56.8 347.0 56.7 345.3 56.5 343.7 56.3 342.0 56.2 340.3 56.0 338.6
  55.9 336.8 55.8 335.0 55.8 333.0 55.8 331.1 55.8 329.1 55.8 327.1 55.8 325.2
  55.8 323.3 55.9 321.5 55.9 319.8 56.0 318.1 56.1 316.5 56.2 314.9 56.3 313.4
  56.3 312.0 56.3 310.6 56.3 309.3 56.3 308.0 56.3 306.7 56.2 305.5 56.2 304.3
  56.1 303.2 56.1 302.0 56.1 300.8 56.2 299.6 56.2 298.4 56.2 297.2 56.3 296.0
  56.3 294.7 56.4 293.5 56.4 292.2 56.4 291.0 56.5 289.9 56.5 288.8 56.6 287.7
  56.7 286.7 56.7 285.6 56.8 284.6 56.9 283.7 57.0 282.7 57.1 281.7 57.2 280.8
  57.3 279.9 57.4 279.0 57.6 278.1 57.7 277.3 57.9 276.5 58.0 275.7 58.2 275.1
  58.3 274.5 58.5 273.9 58.6 273.3 58.8 272.8 59.0 272.2 59.1 271.7 59.3 271.2
  59.5 270.7 59.7 270.3 59.9 269.8 60.1 269.3 60.3 269.0 60.5 268.8 60.7 268.5
  60.9 268.2 61.1 267.9 61.4 267.6 61.7 267.4 61.9 267.1 62.2 266.8 62.5 266.5
  62.8 266.3 63.1 266.0 63.3 265.7 63.6 265.3 63.8 265.0 64.1 264.6 64.4 264.4
  64.6 264.2 64.9 264.0 65.2 263.8 65.6 263.6 66.0 263.4 66.4 263.1 66.8 263.0
  67.3 262.9 67.7 262.8 68.1 262.7 68.5 262.6 68.9 262.6 69.4 262.6 69.8 262.5
  70.1 262.5 70.6 262.6 70.9 262.6 71.3 262.7 71.7 262.8 72.0 262.9 72.4 263.1
  72.8 263.4 73.1 263.7 73.4 264.0 73.8 264.4 74.0 264.8 74.2 265.2 74.5 265.8
  74.7 266.4 75.0 267.1 75.2 267.8 75.4 268.6 75.5 269.3 75.6 270.1 75.7 270.9
  75.8 271.8 75.9 272.6 76.0 273.5 76.0 274.3 76.1 275.2 76.2 276.1 76.2 277.0
  76.2 277.8 76.3 278.7 76.4 279.5 76.5 280.3 76.5 281.2 76.6 282.0 76.6 282.8
  76.7 283.6 76.8 284.5 76.8 285.3 76.8 286.1 76.9 286.8 76.9 287.6 76.9 288.3
  76.9 289.0 76.9 289.7 76.9 290.3 76.9 290.9 76.9 291.5 76.9 292.1 76.8 292.7
  76.7 293.3 76.7 293.9 76.6 294.5 76.5 295.2 76.4 295.8 76.3 296.5 76.1 297.1
  75.9 297.8 75.7 298.3 75.5 298.8
   3 16 82  0.0
  72.5 321.4 72.4 321.1 72.4 320.7 72.3 320.4 72.3 320.1 72.2 319.8 72.1 319.5
  71.9 319.2 71.8 319.0 71.6 318.7 71.4 318.5 71.3 318.3 71.1 318.1 70.9 317.9
  70.7 317.7 70.6 317.6 70.4 317.5 70.3 317.5 70.1 317.5 70.0 317.5 69.9 317.6
  69.8 317.8 69.7 318.1 69.7 318.5 69.6 318.9 69.6 319.4 69.6 319.9 69.6 320.4
  69.6 321.0 69.6 321.6 69.7 322.3 69.7 323.1 69.8 323.9 69.8 324.8 69.9 325.8
  70.1 326.8 70.2 327.7 70.3 328.7 70.5 329.7 70.6 330.8 70.7 332.0 70.8 333.2
  70.9 334.4 71.0 335.7 71.1 337.0 71.1 338.3 71.1 339.6 71.2 340.9 71.1 342.2
  71.1 343.4 71.1 344.7 71.0 345.9 70.9 347.0 70.8 348.2 70.6 349.3 70.4 350.3
  70.2 351.3 70.0 352.3 69.7 353.1 69.5 353.8 69.2 354.5 69.0 355.2 68.7 355.9
  68.5 356.6 68.2 357.3 67.9 358.0 67.7 358.6 67.5 359.3 67.3   0.1 67.0   0.4
  66.8   0.7 66.6   1.0 66.3   1.4 66.1   1.7 65.9   2.1 65.6   2.3 65.3   2.6
  65.0   2.8 64.7   3.0 64.3   3.2 64.0   3.4 63.6   3.5 63.1   3.6 62.7   3.7
  62.2   3.8 61.7   3.8 61.2   3.9 60.8   3.8 60.4   3.8 60.0   3.7 59.6   3.5
  59.3   3.3 59.1   3.0 58.8   2.7 58.6   2.4 58.4   2.0 58.2   1.6 58.0   1.1
  57.9   0.6 57.7   0.0 57.6 359.5 57.4 358.4 57.2 357.3 57.1 356.1 56.9 354.9
  56.8 353.7 56.6 352.3 56.5 350.9 56.5 349.4 56.4 347.8 56.3 346.2 56.1 344.5
  56.0 342.9 55.9 341.2 55.7 339.5 55.6 337.6 55.5 335.8 55.5 333.9 55.5 331.9
  55.5 329.9 55.5 328.0 55.5 326.0 55.5 324.1 55.5 322.2 55.6 320.5 55.6 318.8
  55.7 317.2 55.8 315.6 55.8 314.1 55.9 312.6 55.9 311.2 55.9 309.8 55.8 308.5
  55.8 307.2 55.7 305.9 55.7 304.6 55.6 303.3 55.6 302.1 55.6 300.8 55.6 299.5
  55.6 298.2 55.6 296.9 55.7 295.6 55.7 294.3 55.7 293.0 55.8 291.7 55.8 290.5
  55.8 289.3 55.9 288.2 55.9 287.1 56.0 286.0 56.0 284.9 56.1 284.0 56.2 283.0
  56.3 282.0 56.3 281.1 56.4 280.2 56.5 279.3 56.7 278.4 56.8 277.6 57.0 276.8
  57.1 276.0 57.2 275.2 57.4 274.5 57.5 273.7 57.7 273.0 57.8 272.4 57.9 271.7
  58.1 271.0 58.3 270.5 58.5 270.1 58.7 269.6 58.9 269.1 59.1 268.7 59.3 268.2
  59.5 267.8 59.7 267.4 60.0 266.9 60.3 266.7 60.6 266.4 60.9 266.1 61.2 265.8
  61.5 265.6 61.7 265.2 62.0 264.9 62.3 264.6 62.5 264.3 62.8 264.0 63.2 263.7
  63.5 263.3 63.9 263.0 64.3 262.6 64.7 262.4 65.1 262.2 65.5 262.0 65.9 261.8
  66.3 261.6 66.8 261.4 67.2 261.3 67.6 261.2 68.0 261.0 68.5 260.9 68.9 260.9
  69.3 260.8 69.7 260.7 70.1 260.7 70.5 260.6 70.9 260.6 71.3 260.6 71.7 260.7
  72.0 260.7 72.4 260.8 72.8 261.0 73.1 261.1 73.4 261.4 73.8 261.6 74.1 261.9
  74.4 262.4 74.7 262.9 75.0 263.5 75.3 264.0 75.5 264.7 75.7 265.3 75.9 266.0
  76.0 266.7 76.2 267.5 76.4 268.4 76.5 269.4 76.6 270.3 76.7 271.3 76.9 272.2
  76.9 273.2 77.0 274.1 77.1 275.0 77.2 275.9 77.3 276.8 77.4 277.7 77.5 278.6
  77.6 279.5 77.7 280.4 77.7 281.3
   3 17 82  0.0
  72.5 321.4 72.5 320.5 72.4 319.7 72.3 318.9 72.2 318.1 72.1 317.3 72.0 316.6
  71.9 316.2 71.8 315.8 71.6 315.4 71.4 315.0 71.3 314.7 71.1 314.3 70.9 314.0
  70.7 313.7 70.6 313.4 70.4 313.0 70.2 312.7 70.1 312.4 69.9 312.1 69.7 311.9
  69.5 311.7 69.2 311.6 68.9 311.4 68.6 311.2 68.3 311.0 68.0 310.9 67.7 310.7
  67.5 310.6 67.2 310.5 66.9 310.4 66.7 310.3 66.4 310.2 66.1 310.1 65.9 309.9
  65.6 309.9 65.3 309.8 65.1 309.6 64.8 309.5 64.6 309.5 64.4 309.4 64.2 309.4
  64.0 309.3 63.9 309.3 63.8 309.3 63.6 309.2 63.5 309.1 63.4 309.1 63.4 309.0
  63.3 308.9 63.3 308.8 63.3 308.6 63.3 308.4 63.3 308.2 63.4 308.0 63.3 307.7
  63.2 307.4 63.2 307.1 63.1 306.7 63.1 306.3 63.2 305.9 63.2 305.5 63.3 305.0
  63.4 304.6 63.5 304.2 63.6 303.7 63.5 303.3 63.4 303.0 63.2 302.6 63.1 302.3
  63.1 301.9 63.0 301.6 62.9 301.3 62.9 301.0 62.9 300.7 62.9 300.4 62.9 300.1
  62.9 299.7 62.8 299.4 62.8 299.1 62.7 298.8 62.6 298.5 62.6 298.2 62.6 297.9
  62.6 297.6 62.7 297.2 62.8 296.9 62.8 296.5 63.0 296.1 63.1 295.7 63.2 295.3
  63.2 294.9 63.3 294.5 63.4 294.0 63.5 293.5 63.7 293.0 63.9 292.5 64.0 291.9
  64.2 291.6 64.3 291.3 64.4 291.0 64.5 290.8 64.6 290.6 64.7 290.5 64.8 290.3
  64.9 290.2 65.0 290.2 65.1 290.1 65.2 290.1 65.2 290.2 65.3 290.2 65.3 290.3
  65.4 290.4 65.4 290.5 65.4 290.7 65.4 290.9 65.4 291.1 65.4 291.3 65.4 291.6
  65.4 291.9 65.4 292.2 65.3 292.6 65.2 292.9 65.2 293.1 65.1 293.4 65.0 293.6
  65.0 293.7 64.9 293.9 64.9 294.0 64.9 294.0 64.8 294.0 64.8 294.0 64.8 293.9
  64.7 293.8 64.7 293.7 64.7 293.6 64.7 293.4 64.7 293.2 64.7 293.0 64.7 292.8
  64.7 292.6 64.8 292.3 64.8 292.1 64.8 291.8 64.9 291.4 64.9 291.1 65.0 290.7
  65.0 290.4 65.1 290.0 65.1 289.6 65.2 289.1 65.2 288.7 65.3 288.2 65.3 287.7
  65.4 287.2 65.4 286.7 65.5 286.2 65.5 285.7 65.6 285.2 65.7 284.6 65.7 284.1
  65.8 283.7 65.9 283.2 65.9 282.7 66.0 282.2 66.1 281.9 66.2 281.5 66.3 281.2
  66.5 280.9 66.6 280.6 66.7 280.2 66.8 279.9 66.9 279.7 67.0 279.4 67.0 279.2
  67.1 279.0 67.2 278.7 67.2 278.6 67.3 278.4 67.3 278.2 67.4 278.1 67.5 278.0
  67.5 277.8 67.6 277.7 67.6 277.6 67.7 277.5 67.8 277.4 67.8 277.3 67.9 277.2
  68.0 277.1 68.0 277.0 68.1 276.7 68.2 276.4 68.3 276.1 68.3 275.8 68.4 275.5
  68.5 275.2 68.6 274.9 68.7 274.6 68.7 274.3 68.8 274.0 68.9 273.7 68.9 273.5
  69.0 273.2 69.1 272.9 69.1 272.6 69.2 272.4 69.2 272.1 69.3 271.9 69.5 271.7
  69.6 271.5 69.8 271.3 69.9 271.2 70.1 271.1 70.3 270.9 70.5 270.8 70.7 270.7
  70.8 270.6 71.0 270.6 71.2 270.5 71.4 270.5 71.6 270.5 71.8 270.6 72.0 270.6
  72.2 270.6 72.5 270.7 72.7 270.8 72.9 270.9 73.1 271.1 73.3 271.3 73.5 271.5
  73.7 271.8 73.9 272.1 74.1 272.5 74.2 272.9 74.4 273.5 74.5 274.0 74.7 274.7
  74.9 275.3 75.0 276.1 75.1 276.9
   3 18 82  0.0
  72.5 321.4 72.2 321.0 72.0 320.5 71.8 320.1 71.6 319.7 71.4 319.4 71.2 319.0
  71.1 318.7 70.9 318.4 70.8 318.0 70.7 317.7 70.6 317.4 70.5 317.1 70.4 316.9
  70.3 316.6 70.2 316.3 70.1 316.0 69.9 315.6 69.8 315.5 69.6 315.4 69.4 315.3
  69.2 315.1 69.1 315.0 68.9 314.9 68.7 314.7 68.5 314.6 68.3 314.4 68.1 314.3
  68.0 314.1 67.8 314.2 67.7 314.3 67.5 314.4 67.3 314.4 67.2 314.5 67.0 314.5
  66.9 314.5 66.8 314.4 66.6 314.4 66.5 314.4 66.4 314.3 66.2 314.3 66.1 314.3
  65.9 314.2 65.8 314.4 65.7 314.5 65.5 314.7 65.4 314.8 65.2 314.9 65.1 315.0
  64.9 315.1 64.7 315.2 64.6 315.2 64.4 315.3 64.2 315.3 64.0 315.3 63.9 315.3
  63.7 315.4 63.5 315.4 63.4 315.4 63.2 315.4 63.0 315.4 62.9 315.4 62.7 315.3
  62.6 315.2 62.5 315.2 62.4 315.1 62.4 315.0 62.4 314.9 62.4 314.8 62.4 314.7
  62.4 314.6 62.5 314.5 62.6 314.4 62.7 314.2 62.9 314.1 63.0 313.9 63.2 313.7
  63.4 313.5 63.6 313.3 63.9 313.1 64.1 312.8 64.3 312.9 64.6 312.9 64.9 313.0
  65.1 313.0 65.4 313.1 65.6 313.1 65.9 313.2 66.1 313.3 66.3 313.6 66.5 314.0
  66.6 314.4 66.8 314.8 67.0 315.3 67.1 315.8 67.2 316.3 67.3 316.9 67.4 317.5
  67.5 318.2 67.5 318.9 67.6 319.6 67.6 320.4 67.7 321.2 67.7 322.1 67.8 322.9
  67.8 323.8 67.8 324.6 67.8 325.5 67.9 326.4 67.9 327.2 67.9 328.1 67.9 328.9
  68.0 329.7 68.0 330.5 68.1 331.3 68.1 332.2 68.2 333.0 68.3 333.8 68.3 334.5
  68.4 335.3 68.4 336.0 68.4 336.8 68.4 337.5 68.4 338.3 68.5 339.1 68.5 339.9
  68.5 340.8 68.4 341.7 68.3 342.6 68.2 343.5 68.1 344.5 67.9 345.4 67.6 346.0
  67.4 346.5 67.2 347.0 66.9 347.5 66.7 347.9 66.4 348.3 66.0 348.6 65.6 348.9
  65.1 348.6 64.7 348.2 64.3 347.8 64.0 347.3 63.7 346.9 63.5 346.0 63.2 345.1
  62.9 344.3 62.6 343.6 62.5 342.8 62.3 342.1 62.1 341.4 61.9 340.7 61.8 339.5
  61.7 338.3 61.6 337.1 61.5 335.9 61.6 334.7 61.6 333.5 61.6 332.3 61.6 331.1
  61.6 329.9 61.7 328.7 61.8 327.4 61.9 326.2 62.1 324.9 62.2 324.3 62.4 323.8
  62.7 323.1 63.1 322.6 63.4 322.0 63.8 321.4 64.2 320.9 64.6 321.0 65.0 321.1
  65.4 321.3 65.7 321.3 66.1 321.4 66.4 322.0 66.8 322.5 67.1 323.0 67.4 323.5
  67.7 324.1 67.8 324.7 67.9 325.3 67.9 326.0 68.0 326.7 68.0 327.5 68.1 328.4
  68.0 329.3 67.9 330.0 67.8 330.8 67.7 331.6 67.6 332.4 67.5 333.1 67.3 333.8
  67.2 334.4 67.1 334.9 66.9 335.4 66.7 335.9 66.5 336.3 66.4 336.7 66.2 337.0
  66.0 337.4 65.8 337.6 65.6 337.5 65.5 337.4 65.3 337.3 65.1 337.1 64.9 337.0
  64.7 336.9 64.5 336.8 64.3 336.7 64.1 336.6 63.9 336.5 63.8 335.9 63.6 335.3
  63.5 334.6 63.4 333.9 63.3 333.2 63.2 332.4 63.0 331.7 63.0 330.9 63.0 330.1
  63.0 329.2 63.0 328.3 63.1 327.4 63.3 326.4 63.5 325.5 63.8 324.4 64.0 323.4
  64.5 323.3 65.0 323.3 65.5 323.3 65.9 323.4 66.3 323.6 66.7 324.4 66.8 325.4
  67.0 326.3 67.1 327.4 67.2 328.5
   3 19 82  0.0
  72.5 321.4 72.3 320.3 72.2 319.4 72.0 318.4 71.7 317.7 71.5 317.0 71.3 316.4
  71.1 315.7 70.8 315.1 70.5 314.5 70.3 314.0 70.0 313.5 69.7 313.0 69.5 312.4
  69.2 312.0 68.9 311.5 68.6 311.2 68.4 310.8 68.1 310.5 67.8 310.2 67.5 310.1
  67.2 310.0 67.0 310.0 66.7 309.9 66.5 309.8 66.2 309.8 66.0 309.8 65.8 310.0
  65.5 310.3 65.3 310.6 65.1 310.9 64.8 311.2 64.6 311.5 64.3 311.9 64.0 312.2
  63.7 312.6 63.4 313.2 63.0 313.8 62.7 314.3 62.4 314.9 62.0 315.5 61.7 316.0
  61.3 316.8 61.0 317.5 60.6 318.2 60.2 318.8 59.8 319.5 59.4 320.2 59.0 320.8
  58.7 321.4 58.3 322.0 57.9 322.5 57.5 323.0 57.1 323.5 56.6 323.9 56.1 324.3
  55.8 324.6 55.5 324.9 55.2 325.1 54.8 325.3 54.4 325.5 54.0 325.7 53.6 325.7
  53.2 325.7 52.8 325.7 52.5 325.7 52.2 325.6 51.9 325.6 51.6 325.3 51.4 325.1
  51.1 324.9 51.0 324.7 50.8 324.5 50.7 324.3 50.6 324.1 50.4 324.0 50.0 323.8
  49.6 323.6 49.2 323.2 48.8 322.9 48.4 322.6 48.0 322.3 47.6 322.1 47.2 321.7
  46.9 321.3 46.5 320.9 46.2 320.5 45.9 320.1 45.6 319.6 45.1 319.1 44.7 318.6
  44.2 318.1 43.8 317.6 43.5 317.0 43.1 316.5 42.8 316.0 42.3 315.4 41.9 314.9
  41.5 314.4 41.2 313.8 40.8 313.2 40.5 312.6 40.2 312.0 39.9 311.4 39.6 310.8
  39.4 310.2 39.2 309.5 38.9 308.9 38.7 308.3 38.6 307.7 38.5 307.1 38.4 306.6
  38.3 306.0 38.2 305.4 38.1 304.8 38.0 304.3 37.9 303.7 37.8 303.2 37.7 302.8
  37.6 302.3 37.5 301.8 37.3 301.3 37.2 300.9 37.1 300.4 37.0 299.9 36.8 299.5
  36.6 299.0 36.4 298.6 36.2 298.1 36.0 297.7 35.8 297.2 35.7 296.8 35.5 296.4
  35.3 296.0 35.1 295.6 35.1 295.2 35.0 294.8 34.9 294.4 34.8 294.0 34.8 293.6
  34.7 293.2 34.6 292.8 34.5 292.3 34.4 291.9 34.4 291.5 34.4 291.1 34.5 290.7
  34.5 290.3 34.4 289.9 34.4 289.6 34.3 289.2 34.3 288.8 34.2 288.4 34.1 288.0
  34.0 287.6 33.9 287.3 33.9 287.0 33.8 286.7 33.7 286.4 33.7 286.1 33.6 285.8
  33.5 285.5 33.4 285.2 33.3 284.9 33.2 284.6 33.2 284.3 33.1 284.1 33.0 283.8
  32.8 283.5 32.7 283.3 32.6 283.0 32.5 282.7 32.4 282.4 32.3 282.1 32.3 281.9
  32.2 281.6 32.1 281.3 32.0 280.9 32.0 280.6 31.9 280.4 31.9 280.2 31.8 280.0
  31.7 279.8 31.6 279.6 31.5 279.3 31.4 279.1 31.3 278.9 31.2 278.7 31.1 278.5
  31.0 278.2 30.9 278.0 30.8 277.8 30.7 277.6 30.6 277.3 30.5 277.1 30.4 276.9
  30.4 276.6 30.3 276.4 30.2 276.1 30.2 275.9 30.1 275.6 30.0 275.4 29.9 275.2
  29.8 275.0 29.7 274.8 29.7 274.7 29.6 274.5 29.5 274.3 29.4 274.1 29.3 274.0
  29.3 273.8 29.2 273.7 29.1 273.5 29.1 273.4 29.0 273.2 28.9 273.1 28.8 273.0
  28.8 272.9 28.7 272.8 28.6 272.7 28.6 272.6 28.5 272.5 28.5 272.3 28.4 272.2
  28.4 272.1 28.3 272.0 28.3 271.8 28.3 271.7 28.2 271.5 28.2 271.4 28.2 271.2
  28.2 271.1 28.2 270.9 28.2 270.7 28.2 270.5 28.2 270.3 28.2 270.1 28.2 269.9
  28.2 269.7 28.2 269.5 28.2 269.3
   3 20 82  0.0
  72.5 321.4 72.2 320.9 71.9 320.4 71.7 320.1 71.4 319.8 71.1 319.5 70.8 319.1
  70.5 318.7 70.3 318.3 70.0 317.9 69.7 317.8 69.4 317.6 69.2 317.4 68.9 317.2
  68.6 317.0 68.4 316.8 68.1 316.5 67.9 316.3 67.6 316.5 67.4 316.6 67.2 316.8
  66.9 317.0 66.7 317.2 66.5 317.3 66.2 317.5 66.0 317.7 65.8 318.2 65.5 318.6
  65.3 319.1 65.0 319.5 64.8 319.8 64.5 320.1 64.3 320.4 64.1 320.6 63.8 320.7
  63.6 321.3 63.4 321.9 63.1 322.5 62.9 323.1 62.7 323.7 62.4 324.3 62.3 324.8
  62.1 325.4 61.9 325.8 61.7 326.5 61.5 327.1 61.4 327.7 61.2 328.1 61.1 328.6
  61.1 328.9 61.0 329.2 61.0 329.6 61.0 329.9 61.0 330.2 61.0 330.5 61.0 330.7
  61.0 331.0 61.1 331.2 61.1 331.5 61.2 331.7 61.2 331.9 61.3 332.1 61.5 332.3
  61.8 332.4 62.0 332.6 62.3 332.7 62.6 332.7 62.9 332.8 63.1 332.9 63.4 333.0
  63.7 333.0 64.0 333.1 64.4 333.2 64.7 333.4 65.1 333.5 65.4 333.6 65.7 333.7
  66.0 333.9 66.3 333.9 66.6 334.0 66.9 334.1 67.2 334.2 67.5 334.3 67.7 334.3
  68.0 334.4 68.2 334.4 68.5 334.4 68.7 334.4 69.0 334.4 69.2 334.4 69.4 334.5
  69.6 334.6 69.8 334.7 70.0 334.8 70.2 334.9 70.4 334.9 70.6 334.9 70.7 334.9
  70.9 334.9 71.1 335.0 71.3 335.0 71.4 335.1 71.6 335.2 71.8 335.2 72.0 335.4
  72.2 335.5 72.3 335.4 72.5 335.4 72.7 335.3 72.9 335.3 73.1 335.3 73.2 335.3
  73.4 335.4 73.5 335.6 73.6 335.8 73.8 336.1 74.0 336.4 74.1 336.8 74.3 337.1
  74.5 337.5 74.7 337.9 74.9 338.3 75.0 338.8 75.1 339.4 75.3 340.0 75.4 340.7
  75.5 341.4 75.6 342.2 75.7 343.1 75.7 344.0 75.8 344.9 75.8 345.9 75.8 346.9
  75.9 347.9 75.9 349.0 75.9 350.1 75.9 351.2 75.9 352.3 75.9 353.4 75.8 354.5
  75.8 355.6 75.8 356.6 75.8 357.7 75.7 358.7 75.7 359.6 75.6   0.5 75.6   0.8
  75.5   1.0 75.4   1.2 75.3   1.4 75.3   1.6 75.2   1.8 75.0   2.0 74.9   2.2
  74.8   2.4 74.7   2.6 74.5   2.8 74.4   3.0 74.2   3.1 74.0   3.3 73.8   3.5
  73.7   3.6 73.5   3.8 73.3   4.0 73.1   4.2 72.9   4.4 72.6   4.6 72.4   4.7
  72.1   4.9 71.9   5.1 71.6   5.3 71.3   5.5 71.0   5.7 70.7   5.9 70.3   6.1
  69.8   6.3 69.4   6.4 69.0   6.5 68.5   6.6 68.0   6.7 67.5   6.8 67.0   6.8
  66.5   6.8 66.0   6.8 65.5   6.8 65.1   6.8 64.6   6.8 64.2   6.8 63.7   6.7
  63.4   6.6 63.0   6.5 62.7   6.3 62.4   6.1 62.1   5.9 61.8   5.7 61.6   5.4
  61.4   5.1 61.2   4.8 61.0   4.5 60.8   4.2 60.7   3.9 60.5   3.6 60.4   3.2
  60.2   2.9 60.1   2.6 60.0   2.2 60.0   1.9 59.9   1.4 59.9   1.0 59.8   0.6
  59.8   0.1 59.8 359.7 59.8 359.0 59.9 358.2 59.9 357.4 60.0 356.6 60.1 355.9
  60.1 355.1 60.2 354.3 60.2 353.5 60.2 352.7 60.1 352.0 60.1 351.2 60.0 350.4
  60.0 349.7 59.9 348.7 59.9 347.7 59.9 346.6 59.9 345.5 59.9 344.5 59.9 343.3
  59.9 342.2 59.9 340.9 59.9 339.7 59.9 338.3 59.8 336.9 59.8 335.5 59.7 334.0
  59.6 332.4 59.5 330.6 59.5 328.8
   3 21 82  0.0
  72.5 321.4 72.0 321.1 71.6 320.8 71.2 321.1 70.8 321.4 70.4 321.6 70.0 321.8
  69.6 322.0 69.3 322.7 69.0 323.5 68.7 324.1 68.4 324.8 68.2 325.4 67.9 325.9
  67.6 326.8 67.4 327.7 67.1 328.4 66.8 329.1 66.5 329.8 66.1 330.3 65.8 330.8
  65.5 331.5 65.2 332.1 64.9 332.7 64.7 333.2 64.4 333.7 64.2 334.2 64.0 334.6
  63.7 335.2 63.5 335.8 63.3 336.3 63.2 336.9 63.1 337.5 63.1 338.1 63.0 338.8
  62.9 339.4 62.9 340.1 62.9 340.9 62.8 341.6 62.8 342.3 62.8 343.1 62.8 343.8
  62.8 344.6 62.8 345.3 62.8 346.0 62.9 346.7 62.9 347.4 63.0 348.0 63.0 348.7
  63.1 349.3 63.2 349.8 63.2 350.4 63.4 350.9 63.5 351.5 63.6 352.0 63.8 352.5
  63.9 353.0 64.1 353.4 64.2 353.9 64.4 354.4 64.6 355.0 64.8 355.5 65.1 356.0
  65.3 356.4 65.4 356.9 65.6 357.3 65.8 357.8 65.9 358.1 66.1 358.5 66.3 358.8
  66.6 359.1 66.8 359.4 67.0 359.7 67.3 360.0 67.5   0.3 67.7   0.4 67.9   0.6
  68.1   0.7 68.3   1.0 68.5   1.2 68.7   1.4 68.9   1.7 69.1   2.0 69.3   2.2
  69.5   2.5 69.8   2.8 70.0   3.2 70.1   3.5 70.3   3.7 70.5   4.0 70.6   4.3
  70.7   4.5 70.7   4.7 70.8   5.0 70.8   5.2 70.8   5.4 70.8   5.6 70.8   5.8
  70.8   5.9 70.8   6.1 70.8   6.3 70.8   6.4 70.8   6.6 70.7   6.7 70.7   6.9
  70.7   7.0 70.7   7.1 70.7   7.2 70.7   7.4 70.6   7.5 70.6   7.6 70.6   7.7
  70.6   7.9 70.5   8.0 70.4   8.2 70.2   8.3 70.1   8.5 69.9   8.7 69.8   8.8
  69.6   8.9 69.5   9.0 69.3   9.1 69.1   9.2 69.0   9.3 68.8   9.3 68.6   9.4
  68.4   9.5 68.3   9.5 68.1   9.5 67.9   9.6 67.8   9.5 67.7   9.5 67.5   9.4
  67.4   9.4 67.2   9.4 67.1   9.3 66.9   9.3 66.8   9.2 66.6   9.2 66.5   9.2
  66.3   9.1 66.1   9.1 66.0   9.1 65.8   9.0 65.7   8.9 65.6   8.8 65.4   8.7
  65.3   8.7 65.1   8.6 65.0   8.5 64.8   8.5 64.6   8.4 64.4   8.3 64.2   8.3
  64.0   8.2 63.8   8.2 63.6   8.0 63.4   7.9 63.1   7.7 62.8   7.6 62.4   7.5
  62.1   7.4 61.7   7.3 61.4   7.1 61.0   6.9 60.7   6.7 60.4   6.5 60.0   6.3
  59.7   6.2 59.3   5.8 59.0   5.5 58.7   5.1 58.4   4.8 58.1   4.4 57.8   4.1
  57.5   3.5 57.4   2.9 57.4   2.3 57.4   1.7 57.3   1.1 57.3   0.5 57.3 359.9
  57.5 358.8 57.7 357.7 57.9 356.7 58.2 355.8 58.6 355.2 59.0 354.5 59.5 353.9
  59.9 353.2 60.4 352.6 60.8 352.0 61.1 351.3 61.3 350.6 61.5 349.8 61.6 349.0
  61.7 348.1 61.7 347.2 61.6 346.2 61.4 345.2 61.3 344.2 61.2 343.1 61.2 342.0
  61.2 340.9 61.3 339.8 61.5 338.6 61.7 337.4 61.9 336.3 62.0 335.1 62.2 334.4
  62.4 333.8 62.6 333.1 62.7 332.5 62.9 331.9 63.1 331.4 63.3 330.8 63.5 330.3
  63.7 329.8 64.0 329.3 64.2 328.7 64.4 328.8 64.6 328.8 64.8 328.8 65.0 328.8
  65.3 328.9 65.5 328.9 65.7 329.0 66.0 329.1 66.2 329.2 66.5 329.7 66.7 330.3
  66.9 330.9 67.1 331.5 67.3 332.1 67.3 332.7 67.4 333.3 67.4 333.8 67.4 334.3
  67.4 334.8 67.4 335.3 67.4 335.7
   3 22 82  0.0
  72.5 321.4 72.2 321.1 71.9 320.9 71.6 321.3 71.3 321.7 71.0 322.2 70.7 322.6
  70.4 323.1 70.1 323.6 69.8 324.0 69.5 325.2 69.3 326.4 69.0 327.7 68.8 328.9
  68.5 330.2 68.3 331.3 68.0 332.5 67.8 333.6 67.5 335.0 67.2 336.4 66.9 337.7
  66.6 338.9 66.2 340.1 65.8 341.3 65.4 342.4 65.0 343.4 64.5 344.2 64.1 344.9
  63.7 345.5 63.3 345.8 62.9 346.1 62.5 346.4 62.1 346.6 61.7 346.7 61.4 346.7
  61.1 346.6 60.8 346.6 60.5 346.6 60.3 346.5 60.0 346.6 59.8 346.6 59.7 346.6
  59.6 346.6 59.5 346.6 59.4 346.6 59.3 346.7 59.3 346.8 59.3 346.9 59.4 347.1
  59.4 347.3 59.4 347.5 59.5 347.8 59.5 348.0 59.5 348.3 59.4 348.6 59.3 348.9
  59.3 349.2 59.2 349.6 59.0 349.9 58.9 350.2 58.8 350.6 58.6 350.9 58.5 351.2
  58.3 351.5 58.2 351.8 58.1 352.0 58.0 352.3 57.8 352.2 57.7 352.1 57.7 352.0
  57.6 351.9 57.6 351.7 57.6 351.6 57.6 351.4 57.6 351.2 57.6 351.1 57.6 350.9
  57.6 350.8 57.7 350.7 57.8 350.5 57.9 350.4 58.0 350.3 58.1 350.2 58.2 350.3
  58.4 350.4 58.5 350.5 58.7 350.6 58.9 350.6 59.2 350.7 59.4 350.7 59.7 350.7
  60.0 350.7 60.3 350.7 60.6 350.8 61.0 350.9 61.3 351.0 61.7 351.1 62.1 351.1
  62.5 351.4 62.9 351.7 63.3 352.0 63.6 352.4 64.0 352.8 64.3 353.3 64.7 353.9
  65.1 354.6 65.4 355.3 65.8 356.2 66.1 357.0 66.3 357.9 66.6 358.8 66.8 359.7
  67.1   0.7 67.2   1.0 67.2   1.4 67.3   1.7 67.4   2.0 67.4   2.4 67.4   2.7
  67.4   3.0 67.4   3.3 67.3   3.6 67.3   3.9 67.3   4.2 67.1   4.4 66.9   4.6
  66.7   4.8 66.5   5.0 66.3   5.2 66.1   5.4 65.8   5.5 65.6   5.6 65.3   5.8
  65.1   5.9 64.8   6.0 64.5   6.1 64.1   6.2 63.8   6.2 63.4   6.3 63.0   6.3
  62.6   6.3 62.2   6.3 61.7   6.3 61.2   6.2 60.7   6.2 60.1   6.1 59.5   6.0
  58.9   5.9 58.3   5.8 57.6   5.6 56.9   5.4 56.2   5.1 55.5   4.8 54.8   4.3
  54.1   3.8 53.4   3.2 52.8   2.6 52.2   1.9 51.6   1.1 51.1   0.4 50.6 359.7
  50.1 358.6 49.7 357.4 49.2 356.4 48.9 355.4 48.4 354.3 48.1 353.1 47.7 351.9
  47.4 350.7 47.1 349.5 46.9 348.3 46.7 347.0 46.5 345.7 46.4 344.3 46.3 342.9
  46.3 341.5 46.3 340.1 46.2 338.7 46.2 337.3 46.2 336.0 46.3 334.7 46.4 333.4
  46.5 332.2 46.5 331.1 46.7 330.0 46.9 329.0 47.0 328.0 47.2 327.0 47.3 326.1
  47.4 325.2 47.5 324.3 47.6 323.3 47.5 322.5 47.4 321.6 47.4 320.8 47.3 320.0
  47.2 319.2 47.0 318.4 46.8 317.6 46.6 316.9 46.4 316.1 46.2 315.3 46.1 314.6
  45.9 313.8 45.7 313.2 45.6 312.6 45.4 312.0 45.3 311.4 45.2 310.8 45.2 310.1
  45.2 309.5 45.1 308.8 45.1 308.1 45.1 307.4 45.0 306.7 45.0 306.0 44.9 305.2
  44.9 304.5 44.8 303.7 44.7 303.0 44.5 302.2 44.4 301.4 44.2 300.6 44.0 299.8
  43.8 298.9 43.7 298.2 43.5 297.5 43.3 296.8 43.1 296.1 42.9 295.3 42.7 294.6
  42.5 293.9 42.2 293.2 42.0 292.5 41.8 292.0 41.5 291.4 41.3 290.8 41.1 290.2
  40.9 289.5 40.6 288.9 40.5 288.3
   3 23 82  0.0
  72.5 321.4 72.3 321.6 72.1 321.7 71.9 321.8 71.7 321.9 71.5 321.9 71.3 322.0
  71.1 322.1 70.8 322.2 70.6 322.3 70.4 322.5 70.1 322.6 69.9 322.8 69.7 323.1
  69.5 323.5 69.2 324.0 69.0 324.5 68.8 325.0 68.7 325.6 68.5 326.2 68.3 326.9
  68.2 327.6 68.0 328.4 67.9 329.2 67.7 330.1 67.6 331.0 67.4 331.9 67.3 332.8
  67.1 333.8 66.9 334.7 66.7 335.7 66.5 336.7 66.3 337.6 66.1 338.6 65.8 339.6
  65.6 340.2 65.3 340.9 64.9 341.6 64.6 342.2 64.2 342.9 63.8 343.5 63.4 343.7
  62.9 344.0 62.5 344.3 62.0 344.6 61.5 344.5 61.0 344.4 60.4 344.4 59.8 344.4
  59.3 344.0 58.7 343.7 58.1 343.3 57.5 343.0 56.9 342.3 56.3 341.7 55.8 341.1
  55.3 340.2 54.8 339.4 54.1 338.6 53.4 337.8 52.8 336.9 52.1 336.0 51.4 335.2
  50.8 334.1 50.1 333.1 49.5 332.1 48.9 331.2 48.3 330.2 47.7 329.2 47.1 328.3
  46.5 327.4 45.9 326.5 45.3 325.7 44.6 324.9 44.0 324.1 43.4 323.3 42.9 322.5
  42.3 321.8 41.8 321.0 41.2 320.3 40.7 319.6 40.3 318.8 39.8 318.1 39.4 317.4
  38.9 316.7 38.4 316.1 37.9 315.4 37.7 314.7 37.5 314.1 37.2 313.5 36.9 312.8
  36.6 312.2 36.3 311.6 36.2 311.0 36.1 310.3 36.0 309.7 35.9 309.2 35.7 308.5
  35.5 307.9 35.6 307.3 35.6 306.7 35.6 306.2 35.5 305.6 35.5 305.0 35.4 304.4
  35.2 303.9 35.4 303.2 35.5 302.6 35.5 301.9 35.6 301.3 35.6 300.6 35.7 300.0
  35.9 299.3 36.1 298.7 36.2 298.2 36.4 297.7 36.5 297.2 36.6 296.7 36.6 296.1
  36.7 295.5 36.8 294.8 36.9 294.1 36.9 293.3 37.0 292.5 37.1 291.7 37.3 290.8
  37.5 289.9 37.7 289.0 37.8 288.1 38.0 287.1 38.2 286.1 38.4 285.3 38.6 284.4
  38.7 283.4 38.8 282.4 38.9 281.4 39.0 280.4 39.0 279.4 39.1 278.3 39.1 277.2
  39.2 276.2 39.1 275.1 39.2 274.0 39.2 272.9 39.2 271.9 39.2 270.8 39.2 269.8
  39.2 268.8 39.1 267.9 39.1 267.0 39.0 266.1 39.0 265.2 38.9 264.4 38.8 263.6
  38.9 262.8 39.0 262.0 39.2 261.2 39.3 260.5 39.5 259.8 39.6 259.1 39.8 258.5
  39.9 257.9 40.0 257.3 40.1 256.9 40.2 256.4 40.3 255.9 40.4 255.5 40.6 255.0
  40.8 254.6 40.9 254.1 41.1 253.6 41.2 253.2 41.3 252.7 41.3 252.2 41.3 251.7
  41.3 251.3 41.3 250.8 41.2 250.4 41.1 250.0 41.0 249.6 40.9 249.2 40.7 248.8
  40.5 248.5 40.4 248.1 40.2 247.8 40.0 247.5 39.9 247.2 39.7 247.0 39.6 246.8
  39.4 246.6 39.2 246.4 38.9 246.3 38.7 246.1 38.4 246.0 38.1 245.9 37.8 245.7
  37.5 245.6 37.1 245.5 36.8 245.3 36.4 245.1 36.0 244.9 35.6 244.7 35.2 244.5
  34.9 244.2 34.5 243.9 34.0 243.6 33.5 243.3 33.1 243.0 32.7 242.7 32.3 242.4
  31.9 242.1 31.5 241.7 31.2 241.2 30.9 240.8 30.6 240.3 30.3 239.8 30.3 239.4
  30.4 238.9 30.5 238.4 30.6 237.9 30.7 237.5 30.8 237.0 30.9 236.6 31.1 236.1
  31.2 235.7 31.6 235.3 32.0 234.9 32.4 234.7 32.8 234.6 33.2 234.4 33.6 234.2
  34.0 234.1 34.4 234.0 34.7 233.9 35.1 233.9 35.4 233.8 35.8 233.8 36.1 233.8
  36.4 233.7 36.7 233.6 37.0 233.6
   3 24 82  0.0
  72.5 321.4 72.4 322.4 72.4 323.4 72.3 324.4 72.1 325.4 71.9 326.3 71.7 327.3
  71.6 328.4 71.3 329.3 71.0 330.3 70.8 331.1 70.5 331.9 70.2 332.7 69.8 333.3
  69.4 334.0 69.1 334.6 68.8 335.0 68.4 335.3 68.1 335.5 67.8 335.7 67.5 335.6
  67.3 335.4 67.0 335.2 66.8 334.9 66.6 334.6 66.4 334.2 66.2 333.8 66.0 333.5
  65.8 333.3 65.6 333.1 65.4 332.9 65.2 332.8 65.0 332.7 64.7 332.7 64.5 332.6
  64.2 332.6 63.9 332.6 63.7 332.3 63.4 332.0 63.2 331.7 62.9 331.4 62.7 331.1
  62.5 330.7 62.2 330.4 62.0 330.1 61.8 329.7 61.6 328.7 61.3 327.7 61.2 326.7
  61.1 325.6 60.9 324.6 60.8 323.7 60.7 322.9 60.7 322.1 60.6 321.3 60.6 320.6
  60.6 319.8 60.7 319.1 60.8 318.4 61.0 317.7 61.1 317.1 61.3 316.4 61.5 315.9
  61.7 315.4 61.9 314.9 62.1 314.5 62.3 314.5 62.5 314.7 62.6 314.9 62.8 315.2
  62.9 315.5 63.0 315.9 63.1 316.3 63.0 316.9 63.0 317.5 63.0 318.3 63.0 319.1
  62.9 319.9 62.9 320.9 62.8 321.9 62.6 323.0 62.5 324.1 62.1 325.2 61.8 326.4
  61.5 327.2 61.1 328.1 60.6 328.9 60.0 329.6 59.4 329.9 58.8 330.3 58.2 330.6
  57.6 330.9 57.0 330.7 56.3 330.6 55.6 330.5 54.9 330.1 54.2 329.7 53.4 329.3
  52.7 328.7 51.9 328.1 51.2 327.3 50.5 326.5 49.8 325.8 49.1 325.0 48.3 324.2
  47.6 323.5 47.0 322.7 46.4 322.0 45.8 321.3 45.1 320.6 44.5 319.8 44.0 319.1
  43.5 318.4 43.0 317.6 42.5 316.9 42.0 316.3 41.4 315.6 41.2 315.0 40.9 314.3
  40.6 313.7 40.3 313.1 39.9 312.6 39.6 312.0 39.5 311.4 39.5 310.8 39.3 310.2
  39.2 309.7 38.9 309.1 38.7 308.6 38.4 308.1 38.0 307.5 37.9 307.0 37.7 306.4
  37.6 305.8 37.4 305.3 37.2 304.7 37.0 304.1 36.8 303.5 36.8 302.9 36.8 302.4
  36.8 301.8 36.7 301.2 36.6 300.7 36.5 300.1 36.4 299.5 36.4 299.0 36.4 298.3
  36.4 297.7 36.4 297.0 36.4 296.4 36.4 295.7 36.5 294.9 36.6 294.2 36.7 293.4
  36.8 292.6 36.9 291.7 37.0 290.8 37.2 289.9 37.3 289.0 37.4 288.2 37.5 287.3
  37.6 286.5 37.7 285.6 37.8 284.8 37.8 284.0 37.8 283.2 37.8 282.4 37.8 281.5
  37.8 280.7 37.7 279.9 37.7 279.1 37.6 278.2 37.5 277.4 37.4 276.6 37.3 275.8
  37.1 275.0 36.9 274.1 36.7 273.3 36.4 272.4 36.1 271.5 35.8 270.5 35.4 269.7
  35.1 268.9 34.8 268.0 34.5 267.2 34.2 266.3 33.8 265.5 33.5 264.9 33.1 264.2
  32.7 263.5 32.4 262.8 32.1 262.0 31.8 261.2 31.5 260.5 31.2 259.8 31.1 259.0
  30.9 258.3 30.8 257.6 30.5 256.9 30.3 256.2 30.0 255.5 29.8 254.9 29.5 254.2
  29.3 253.5 29.0 252.7 28.7 251.9 28.5 251.1 28.3 250.3 28.0 249.5 27.7 248.7
  27.5 247.9 27.2 247.0 27.0 246.1 26.7 245.2 26.5 244.1 26.2 242.8 26.2 241.6
  26.2 240.2 26.1 238.9 26.3 237.7 26.5 236.6 26.7 235.6 27.0 234.7 27.2 233.9
  27.5 233.0 27.8 232.3 28.0 231.5 28.4 230.7 28.8 229.8 29.2 229.0 29.6 228.3
  30.0 227.6 30.4 226.9 30.9 226.4 31.3 225.8 31.8 225.3 32.2 224.9 32.7 224.5
  33.2 224.1 33.6 223.8 34.0 223.5
   3 25 82  0.0
  72.5 321.4 72.4 321.4 72.3 321.5 72.1 321.6 72.0 321.7 71.9 321.9 71.8 322.1
  71.6 322.3 71.5 322.6 71.4 322.9 71.2 323.2 71.1 323.5 70.9 323.9 70.8 324.3
  70.6 324.7 70.5 325.2 70.4 325.7 70.3 326.3 70.2 327.0 70.0 327.7 69.9 328.6
  69.8 329.0 69.7 329.5 69.5 330.1 69.4 330.7 69.2 331.4 69.0 332.1 68.8 332.7
  68.5 333.4 68.2 334.1 67.8 334.7 67.5 334.8 67.1 335.0 66.7 335.3 66.2 335.5
  65.6 335.9 65.1 336.0 64.3 336.3 63.5 336.4 62.7 336.1 61.9 335.8 61.2 335.2
  60.5 334.7 59.8 334.2 59.2 333.5 58.5 332.9 57.7 332.4 56.9 331.7 56.2 331.0
  55.3 330.5 54.5 329.8 53.6 329.1 52.7 328.3 51.8 327.6 51.2 326.9 50.6 326.3
  49.9 325.7 49.2 325.2 48.6 324.7 48.0 324.3 47.4 323.9 47.0 323.5 46.7 323.2
  46.3 322.9 45.9 322.7 45.5 322.5 45.1 322.3 44.7 322.1 44.3 321.9 43.8 321.8
  43.2 321.7 42.7 321.6 42.0 321.6 41.3 321.5 40.6 321.4 39.9 321.2 39.1 321.0
  38.4 320.7 37.6 320.4 36.9 320.0 36.3 319.5 35.7 319.0 35.1 318.4 34.5 317.7
  33.8 317.0 33.2 316.1 32.6 315.1 32.2 314.2 31.8 313.3 31.5 312.1 31.1 311.0
  31.1 309.8 31.1 308.7 31.0 307.6 31.2 306.5 31.4 305.4 31.5 304.4 31.6 303.3
  32.0 302.2 32.4 301.2 32.8 300.3 33.1 299.3 33.6 298.3 34.0 297.3 34.5 296.5
  34.9 295.6 35.4 294.7 35.9 293.8 36.3 292.9 36.8 292.2 37.2 291.4 37.7 290.7
  38.1 289.9 38.5 289.4 38.9 288.9 39.3 288.3 39.7 287.8 40.0 287.2 40.3 286.6
  40.6 286.1 40.8 285.6 41.1 285.1 41.3 284.6 41.6 284.0 41.9 283.3 42.1 282.7
  42.4 282.2 42.8 281.7 43.1 281.2 43.4 280.6 43.8 280.0 44.1 279.4 44.4 278.9
  44.8 278.4 45.1 277.9 45.4 277.3 45.7 276.7 46.0 276.0 46.3 275.5 46.6 275.0
  46.8 274.4 47.1 273.9 47.4 273.3 47.7 272.7 47.9 272.0 48.2 271.4 48.5 270.9
  48.7 270.4 48.9 270.0 49.1 269.5 49.2 269.1 49.3 268.7 49.4 268.2 49.5 267.8
  49.6 267.4 49.7 267.0 49.7 266.7 49.8 266.3 49.8 266.0 49.8 265.6 49.8 265.3
  49.8 265.0 49.8 264.7 49.7 264.4 49.7 264.2 49.6 263.9 49.6 263.7 49.5 263.5
  49.5 263.3 49.4 263.1 49.3 263.0 49.3 262.8 49.2 262.7 49.1 262.5 49.1 262.4
  49.0 262.3 48.9 262.1 48.8 262.0 48.8 261.8 48.7 261.7 48.6 261.6 48.6 261.5
  48.5 261.3 48.5 261.2 48.4 261.2 48.4 261.1 48.4 261.0 48.4 261.0 48.4 260.9
  48.5 260.9 48.5 260.9 48.6 260.9 48.6 260.9 48.7 260.9 48.8 260.9 48.9 261.0
  48.9 261.0 49.0 261.1 49.0 261.3 49.1 261.4 49.1 261.5 49.1 261.7 49.2 261.9
  49.2 262.1 49.2 262.3 49.2 262.6 49.2 262.8 49.2 263.0 49.1 263.2 49.1 263.4
  49.0 263.5 48.9 263.6 48.8 263.7 48.6 263.8 48.5 263.8 48.3 263.8 48.1 263.8
  47.9 263.8 47.7 263.7 47.4 263.7 47.2 263.6 46.9 263.5 46.6 263.5 46.4 263.4
  46.1 263.3 45.8 263.2 45.5 263.1 45.3 263.0 45.0 263.0 44.7 262.9 44.5 262.8
  44.3 262.7 44.0 262.6 43.8 262.5 43.6 262.4 43.4 262.4 43.2 262.3 43.1 262.3
  42.9 262.3 42.8 262.3 42.6 262.4
   3 26 82  0.0
  72.5 321.4 72.5 321.4 72.5 321.4 72.5 321.4 72.5 321.4 72.5 321.4 72.5 321.4
  72.5 321.4 72.4 321.4 72.4 321.4 72.3 321.4 72.3 321.4 72.2 321.4 72.2 321.5
  72.1 321.5 72.0 321.5 71.9 321.5 71.9 321.6 71.8 321.6 71.7 321.7 71.6 321.8
  71.5 321.8 71.4 321.8 71.3 321.9 71.2 321.9 71.1 321.9 70.9 321.9 70.8 322.0
  70.6 322.1 70.5 322.3 70.3 322.5 70.2 322.7 70.0 322.9 69.8 323.0 69.7 323.1
  69.5 323.3 69.3 323.4 69.1 323.6 68.9 323.8 68.8 324.0 68.6 324.3 68.4 324.6
  68.3 324.9 68.2 325.3 68.1 325.7 68.0 326.1 67.9 326.0 67.8 325.9 67.8 325.8
  67.8 325.7 67.8 325.6 67.7 325.7 67.7 325.8 67.6 326.0 67.5 326.3 67.4 326.7
  67.3 327.1 67.2 327.6 67.0 328.2 66.7 328.8 66.4 329.5 66.0 330.3 65.7 331.0
  65.4 331.4 65.1 331.7 64.7 331.9 64.4 332.1 63.9 332.2 63.5 332.2 63.0 332.1
  62.6 332.0 62.1 332.0 61.7 331.9 61.3 331.8 60.9 331.7 60.4 331.5 60.0 331.3
  59.5 330.9 59.0 330.5 58.5 330.0 58.0 329.5 57.5 329.0 57.0 328.4 56.4 327.7
  56.1 327.1 55.7 326.4 55.3 325.8 54.9 325.2 54.5 324.7 54.0 324.1 53.6 323.6
  53.3 323.3 53.1 323.0 52.8 322.7 52.5 322.5 52.2 322.3 51.8 322.1 51.5 322.2
  51.2 322.3 50.9 322.3 50.6 322.3 50.3 322.2 50.0 322.0 49.6 322.1 49.3 322.1
  49.0 322.1 48.6 322.0 48.2 322.0 47.8 321.9 47.4 322.0 47.1 322.0 46.7 322.0
  46.3 321.9 46.0 321.7 45.7 321.6 45.3 321.4 45.0 321.1 44.7 320.8 44.3 320.4
  44.0 320.0 43.7 319.5 43.3 319.2 43.0 318.9 42.7 318.6 42.4 318.2 42.1 317.9
  41.8 317.5 41.5 317.2 41.3 317.0 41.1 316.7 40.8 316.4 40.6 316.1 40.4 315.7
  40.2 315.4 40.0 315.0 39.9 314.5 39.7 314.2 39.5 313.8 39.4 313.4 39.2 313.0
  39.1 312.5 39.0 312.0 38.9 311.5 38.8 311.0 38.8 310.5 38.9 309.9 38.9 309.3
  38.9 308.8 39.0 308.3 39.1 307.8 39.2 307.3 39.4 306.8 39.7 306.3 39.9 305.8
  40.2 305.4 40.5 304.9 40.8 304.4 41.2 304.0 41.5 303.5 41.9 303.1 42.2 302.7
  42.6 302.4 43.1 302.1 43.5 301.7 43.9 301.4 44.4 301.1 44.9 300.9 45.4 300.6
  46.0 300.3 46.5 300.1 47.0 299.9 47.5 299.6 47.9 299.4 48.3 299.2 48.7 299.0
  49.2 298.9 49.6 298.7 50.0 298.5 50.5 298.3 51.0 298.2 51.5 298.0 52.0 297.8
  52.4 297.7 52.9 297.5 53.4 297.3 53.9 297.1 54.3 297.0 54.8 296.8 55.2 296.7
  55.6 296.6 56.1 296.6 56.5 296.6 56.9 296.6 57.3 296.7 57.7 296.8 58.0 296.9
  58.4 297.0 58.7 297.1 58.9 297.2 59.2 297.4 59.4 297.5 59.6 297.7 59.8 297.9
  60.0 298.2 60.1 298.4 60.3 298.7 60.4 298.9 60.5 299.3 60.7 299.7 60.8 300.1
  60.8 300.7 60.8 301.3 60.9 302.0 60.9 302.7 60.9 303.6 61.0 304.5 60.9 305.5
  60.8 306.5 60.7 307.6 60.6 308.6 60.3 309.7 60.1 310.7 59.8 311.8 59.6 313.0
  59.2 314.3 58.9 315.4 58.5 316.6 58.0 317.6 57.5 318.6 56.9 319.6 56.3 320.4
  55.8 321.1 55.3 321.6 54.8 322.0 54.3 322.4 53.8 322.7 53.3 322.8 52.8 322.9
  52.3 323.0 51.9 323.1 51.5 323.0
   3 27 82  0.0
  72.5 321.4 72.5 321.4 72.4 321.4 72.4 321.4 72.4 321.4 72.4 321.5 72.3 321.6
  72.3 321.7 72.3 321.8 72.3 322.0 72.3 322.2 72.3 322.4 72.3 322.6 72.3 322.9
  72.3 323.1 72.3 323.4 72.3 323.6 72.3 323.8 72.3 324.0 72.3 324.2 72.3 324.4
  72.3 324.5 72.3 324.6 72.3 324.7 72.3 324.8 72.4 324.8 72.4 324.9 72.4 324.9
  72.4 325.0 72.3 325.0 72.3 325.1 72.3 325.1 72.2 325.2 72.1 325.2 72.1 325.3
  72.0 325.3 71.9 325.4 71.8 325.6 71.7 325.7 71.6 325.8 71.5 325.9 71.4 325.9
  71.3 326.0 71.2 326.0 71.1 326.0 70.9 325.9 70.8 325.9 70.6 325.8 70.5 325.7
  70.3 325.6 70.1 325.6 69.9 325.5 69.8 325.5 69.6 325.4 69.4 325.4 69.2 325.4
  69.0 325.4 68.8 325.4 68.6 325.4 68.4 325.5 68.1 325.5 67.9 325.6 67.7 325.3
  67.5 325.1 67.3 324.9 67.1 324.7 66.9 324.5 66.8 324.4 66.6 324.2 66.5 324.1
  66.4 324.0 66.3 323.9 66.4 323.8 66.5 323.8 66.6 323.8 66.7 323.8 66.8 324.0
  66.9 324.2 66.8 324.4 66.7 324.8 66.6 325.2 66.4 325.6 66.3 326.2 66.2 326.8
  66.0 327.5 65.9 328.3 65.6 328.8 65.3 329.3 64.9 329.6 64.6 329.9 64.3 330.2
  63.9 330.3 63.6 330.4 63.3 330.4 63.0 330.4 62.6 330.4 62.3 330.4 61.9 330.5
  61.5 330.4 61.1 330.3 60.7 330.2 60.3 330.0 59.8 329.8 59.4 329.4 58.9 329.0
  58.5 328.5 58.0 328.0 57.7 327.4 57.3 326.7 57.0 326.1 56.7 325.4 56.3 324.7
  56.0 324.0 55.6 323.5 55.4 322.9 55.2 322.4 54.9 321.8 54.7 321.3 54.4 320.7
  54.1 320.2 53.7 319.6 53.5 319.4 53.2 319.2 52.9 318.9 52.6 318.5 52.3 318.2
  52.0 317.7 51.7 317.3 51.4 317.1 51.1 316.9 50.8 316.7 50.5 316.4 50.2 316.1
  49.8 315.8 49.5 315.7 49.2 315.5 48.9 315.3 48.6 315.0 48.3 314.7 48.0 314.3
  47.8 313.9 47.5 313.6 47.3 313.2 47.0 312.8 46.8 312.4 46.6 312.0 46.3 311.5
  46.1 311.1 45.9 310.7 45.7 310.3 45.5 310.0 45.4 309.7 45.2 309.3 45.0 308.9
  44.9 308.6 44.8 308.2 44.7 307.8 44.6 307.5 44.5 307.1 44.5 306.7 44.5 306.4
  44.5 306.1 44.6 305.7 44.7 305.4 44.8 305.1 45.0 304.8 45.2 304.5 45.4 304.2
  45.7 303.9 45.9 303.6 46.2 303.3 46.5 303.0 46.8 302.8 47.1 302.5 47.4 302.3
  47.8 302.0 48.1 301.8 48.5 301.6 48.8 301.4 49.2 301.2 49.6 301.0 50.0 300.8
  50.4 300.6 50.8 300.4 51.2 300.3 51.6 300.1 51.9 299.9 52.2 299.7 52.4 299.4
  52.7 299.2 52.9 298.9 53.1 298.7 53.4 298.4 53.6 298.2 53.8 297.9 54.0 297.6
  54.3 297.3 54.5 296.9 54.8 296.6 55.1 296.2 55.4 295.8 55.6 295.3 55.9 294.9
  56.1 294.5 56.4 293.9 56.6 293.3 56.9 292.7 57.2 292.2 57.4 291.6 57.6 291.1
  57.8 290.5 58.0 290.0 58.1 289.5 58.3 288.8 58.4 288.1 58.6 287.4 58.6 286.6
  58.7 285.8 58.7 284.9 58.8 284.1 58.9 283.2 58.9 282.2 58.9 281.3 59.0 280.3
  59.0 279.3 59.0 278.3 59.1 277.3 59.2 276.2 59.2 275.2 59.2 274.1 59.2 273.1
  59.2 272.0 59.2 270.9 59.1 269.9 59.1 268.8 59.1 267.7 59.1 266.6 59.2 265.5
  59.2 264.4 59.3 263.2 59.5 262.0
   3 28 82  0.0
  72.5 321.4 72.5 321.1 72.6 320.9 72.6 320.7 72.6 320.4 72.7 320.2 72.7 320.0
  72.6 319.8 72.6 319.6 72.5 319.4 72.5 319.2 72.4 319.0 72.4 318.9 72.3 318.7
  72.2 318.6 72.2 318.5 72.1 318.4 72.0 318.2 72.0 318.1 71.9 317.8 71.9 317.4
  71.8 317.0 71.8 316.6 71.8 316.2 71.7 315.7 71.7 315.2 71.7 314.7 71.7 314.3
  71.7 313.9 71.7 313.5 71.6 313.1 71.6 312.8 71.6 312.5 71.6 312.2 71.6 311.9
  71.5 311.7 71.5 311.4 71.4 311.3 71.4 311.1 71.3 310.9 71.3 310.8 71.2 310.6
  71.1 310.5 71.1 310.4 71.0 310.3 70.9 310.2 70.9 310.1 70.8 310.1 70.7 310.0
  70.7 310.0 70.6 309.9 70.5 309.9 70.5 309.8 70.4 309.7 70.4 309.7 70.3 309.6
  70.3 309.6 70.2 309.5 70.2 309.4 70.2 309.3 70.2 309.3 70.1 309.2 70.1 309.1
  70.1 309.0 70.1 309.0 70.1 308.9 70.0 308.8 70.0 308.8 70.0 308.7 70.0 308.7
  70.0 308.6 70.0 308.5 70.0 308.4 70.0 308.3 70.0 308.1 70.0 308.0 69.9 307.9
  69.9 307.8 69.9 307.8 70.0 307.7 70.0 307.6 70.0 307.6 70.0 307.6 70.0 307.6
  70.0 307.8 70.1 308.1 70.0 308.4 70.0 308.7 70.0 308.9 70.0 309.2 70.0 309.5
  70.0 309.8 70.1 310.1 70.1 310.5 70.1 310.8 70.1 311.1 70.2 311.4 70.2 311.7
  70.3 312.1 70.4 312.5 70.4 312.9 70.4 313.3 70.4 313.8 70.4 314.3 70.4 314.8
  70.3 315.4 70.2 316.0 70.1 316.5 69.9 317.1 69.8 317.7 69.6 318.3 69.4 318.8
  69.3 319.2 69.1 319.6 68.9 320.0 68.7 320.3 68.5 320.5 68.3 320.7 68.1 320.8
  67.9 320.8 67.7 320.8 67.5 320.7 67.2 320.6 67.0 320.6 66.8 320.6 66.6 320.7
  66.4 320.7 66.2 320.9 65.9 321.0 65.8 321.1 65.6 321.2 65.4 321.3 65.3 321.4
  65.1 321.5 65.0 321.7 64.9 321.8 64.8 322.0 64.7 322.2 64.6 322.4 64.5 322.6
  64.5 322.9 64.4 323.2 64.4 323.5 64.4 323.8 64.4 324.1 64.2 324.5 64.1 324.9
  64.0 325.4 63.9 325.1 63.7 324.9 63.6 324.7 63.5 324.6 63.4 324.6 63.2 324.6
  63.1 324.7 63.0 324.8 62.8 325.0 62.7 325.2 62.6 325.5 62.4 325.9 62.3 326.3
  62.2 326.9 62.1 327.5 61.9 328.2 61.7 328.2 61.4 328.3 61.2 328.5 60.9 328.7
  60.6 329.1 60.4 329.5 60.1 330.0 59.7 330.5 59.4 330.3 59.0 330.2 58.6 330.1
  58.2 330.1 57.7 330.1 57.1 329.6 56.6 329.2 55.9 328.8 55.3 328.0 54.6 327.3
  54.2 326.6 53.8 325.9 53.3 324.9 52.9 324.0 52.3 323.1 52.1 322.3 51.9 321.6
  51.6 320.7 51.2 319.8 51.3 319.0 51.3 318.3 51.4 317.6 51.4 317.1 51.5 316.6
  51.5 316.1 51.5 315.8 51.8 315.5 52.1 315.3 52.4 315.2 52.7 315.2 52.9 315.3
  53.2 315.4 53.4 315.5 53.6 315.7 53.8 315.8 54.1 316.0 54.3 316.2 54.3 316.4
  54.4 316.7 54.5 316.9 54.6 317.1 54.7 317.3 54.8 317.5 54.9 317.7 55.0 317.9
  55.2 318.1 55.4 318.3 55.5 318.5 55.7 318.7 55.8 318.9 56.0 319.2 56.1 319.4
  56.3 320.1 56.3 320.9 56.3 321.7 56.3 322.5 56.3 323.5 56.2 324.4 56.0 325.4
  55.7 325.8 55.4 326.1 55.1 326.5 54.8 326.8 54.5 327.1 54.2 327.4 53.8 327.7
  53.4 327.6 53.1 327.7 52.7 327.7
   3 29 82  0.0
  72.5 321.4 72.3 320.5 72.0 319.7 71.8 318.9 71.6 317.9 71.4 317.1 71.2 316.3
  71.0 315.6 70.8 315.0 70.5 314.4 70.3 314.0 70.1 313.6 69.8 313.3 69.5 313.0
  69.3 312.7 69.0 312.5 68.7 312.2 68.5 311.9 68.3 311.6 68.0 311.3 67.8 310.9
  67.5 310.6 67.3 310.3 67.1 309.9 66.9 309.5 66.6 309.1 66.4 308.6 66.2 308.2
  66.0 307.8 65.7 307.3 65.4 306.8 65.1 306.4 64.8 305.9 64.5 305.3 64.1 304.8
  63.8 304.2 63.5 303.6 63.1 302.9 62.7 302.2 62.3 301.6 61.8 301.1 61.4 300.5
  61.0 299.9 60.6 299.3 60.2 298.7 59.8 298.0 59.4 297.3 59.1 296.6 58.7 295.8
  58.5 295.0 58.2 294.1 58.0 293.3 57.8 292.6 57.7 291.9 57.6 291.2 57.6 290.4
  57.6 289.7 57.7 288.9 57.7 288.2 57.7 287.4 57.9 286.6 58.1 285.8 58.2 284.9
  58.4 284.0 58.7 283.1 59.0 282.3 59.2 281.5 59.5 280.7 59.8 280.0 60.0 279.3
  60.4 278.5 60.7 277.7 61.0 276.9 61.3 276.2 61.6 275.5 61.9 274.8 62.2 274.1
  62.6 273.3 62.9 272.5 63.3 271.7 63.6 270.9 63.9 270.2 64.3 269.5 64.6 268.7
  65.0 267.9 65.3 267.2 65.7 266.5 66.1 265.9 66.4 265.2 66.8 264.6 67.2 263.9
  67.6 263.4 67.9 262.8 68.3 262.3 68.7 261.7 69.0 261.1 69.4 260.5 69.7 259.9
  70.1 259.4 70.5 258.7 70.8 258.0 71.2 257.2 71.5 256.5 71.8 255.7 72.2 255.0
  72.5 254.0 72.8 253.0 73.2 252.1 73.5 251.1 73.8 250.1 74.1 249.1 74.5 248.0
  74.9 246.8 75.3 245.6 75.6 244.4 75.9 243.1 76.3 241.7 76.6 240.3 77.0 238.7
  77.3 237.1 77.7 235.5 78.0 233.7 78.3 231.9 78.6 230.1 78.9 228.2 79.3 226.2
  79.6 224.2 79.9 222.0 80.2 219.8 80.5 217.4 80.8 214.8 81.1 212.0 81.4 209.0
  81.7 205.8 81.9 202.5 82.1 199.0 82.3 195.5 82.4 192.0 82.5 188.3 82.6 184.7
  82.6 181.1 82.6 177.5 82.5 174.1 82.4 170.8 82.3 167.7 82.1 164.7 82.0 161.8
  81.9 158.8 81.7 155.8 81.5 153.0 81.4 150.2 81.2 147.6 81.0 145.0 80.9 142.6
  80.7 140.2 80.5 137.9 80.3 135.6 80.1 133.3 79.9 131.1 79.7 128.9 79.6 126.8
  79.4 124.6 79.2 122.5 79.0 120.3 78.9 118.2 78.7 116.1 78.5 113.9 78.4 111.7
  78.2 109.5 78.1 107.3 78.0 105.1 78.0 102.9 78.0 101.1 77.9  99.3 78.0  97.5
  78.1  95.3 78.2  93.1 78.3  90.9 78.4  88.6 78.5  86.2 78.6  83.8 78.7  81.4
  78.7  78.9 78.8  78.5 78.9  78.0 79.0  77.6 79.1  77.2 79.2  76.7 79.2  76.4
  79.3  76.0 79.3  75.6 79.3  75.3 79.4  75.0 79.4  74.7 79.4  74.4 79.4  74.1
  79.4  73.8 79.4  73.6 79.4  73.3 79.3  73.1 79.3  72.9 79.3  72.7 79.2  72.4
  79.2  72.3 79.1  72.1 79.0  71.9 79.0  71.8 78.9  71.6 78.8  71.5 78.7  71.4
  78.7  71.3 78.6  71.2 78.5  71.1 78.4  71.0 78.3  71.0 78.2  70.9 78.1  70.9
  78.0  70.9 77.9  70.8 77.8  70.8 77.7  70.8 77.6  70.8 77.4  70.7 77.3  70.6
  77.1  70.6 77.0  70.5 76.8  70.3 76.6  70.2 76.5  70.0 76.3  69.9 76.1  69.7
  75.9  69.5 75.7  69.3 75.5  69.1 75.3  68.8 75.2  68.6 75.0  68.3 74.9  68.0
  74.7  67.7 74.5  67.4 74.4  67.1
   3 30 82  0.0
  72.5 321.4 72.5 320.6 72.4 319.8 72.3 319.0 72.3 318.1 72.1 317.2 72.0 316.2
  71.9 315.2 71.8 314.4 71.7 313.4 71.6 312.3 71.5 311.2 71.5 309.9 71.5 308.6
  71.5 307.4 71.5 306.2 71.5 305.1 71.6 304.1 71.6 303.2 71.7 302.3 71.8 301.6
  71.9 300.9 72.0 300.3 72.1 299.6 72.3 299.0 72.4 298.5 72.6 298.0 72.7 297.5
  72.8 297.1 73.0 296.8 73.1 296.5 73.2 296.3 73.3 296.1 73.4 296.0 73.5 295.9
  73.7 295.9 73.8 295.9 73.9 296.0 74.0 296.1 74.1 296.1 74.1 296.1 74.2 296.1
  74.2 296.1 74.3 296.1 74.3 296.1 74.3 296.0 74.3 296.0 74.4 295.9 74.4 295.8
  74.5 295.7 74.5 295.5 74.5 295.4 74.5 295.3 74.6 295.1 74.6 294.9 74.6 294.8
  74.6 294.6 74.6 294.4 74.6 294.2 74.6 293.9 74.6 293.7 74.6 293.5 74.5 293.2
  74.5 293.0 74.6 292.9 74.6 292.7 74.6 292.5 74.6 292.4 74.7 292.3 74.7 292.2
  74.7 292.2 74.8 292.1 74.9 292.1 74.9 292.1 75.0 292.2 75.1 292.3 75.1 292.4
  75.2 292.5 75.2 292.7 75.2 292.9 75.2 293.2 75.3 293.5 75.3 293.8 75.3 294.1
  75.3 294.5 75.3 294.9 75.2 295.2 75.2 295.5 75.2 295.8 75.2 296.1 75.1 296.3
  75.0 296.5 74.9 296.7 74.9 296.8 74.8 296.9 74.7 297.0 74.6 297.1 74.5 297.2
  74.4 297.2 74.3 297.2 74.1 297.2 74.0 297.1 73.9 297.1 73.8 297.0 73.7 296.9
  73.6 296.8 73.5 296.7 73.4 296.5 73.3 296.3 73.2 296.1 73.1 295.9 72.9 295.6
  72.8 295.4 72.7 295.2 72.6 295.0 72.5 294.7 72.4 294.5 72.2 294.3 72.1 294.0
  72.0 293.8 71.9 293.5 71.8 293.3 71.7 293.1 71.6 292.9 71.5 292.7 71.4 292.5
  71.4 292.3 71.3 292.1 71.3 291.9 71.3 291.7 71.3 291.5 71.3 291.3 71.3 291.1
  71.4 290.9 71.4 290.7 71.5 290.6 71.5 290.5 71.5 290.4 71.5 290.3 71.6 290.2
  71.6 290.2 71.6 290.2 71.7 290.2 71.7 290.2 71.7 290.3 71.7 290.4 71.8 290.5
  71.8 290.6 71.8 290.7 71.8 290.8 71.8 290.9 71.8 291.0 71.8 291.2 71.8 291.3
  71.8 291.5 71.8 291.7 71.8 291.8 71.8 292.0 71.8 292.2 71.8 292.4 71.8 292.6
  71.7 292.8 71.7 293.0 71.6 293.3 71.6 293.5 71.5 293.7 71.4 294.0 71.3 294.2
  71.2 294.5 71.1 294.7 71.0 295.0 70.9 295.2 70.8 295.4 70.7 295.7 70.6 295.9
  70.5 296.1 70.4 296.3 70.3 296.6 70.2 296.8 70.1 297.0 70.0 297.2 69.9 297.4
  69.9 297.6 69.8 297.8 69.7 298.1 69.6 298.3 69.6 298.5 69.5 298.7 69.5 298.9
  69.4 299.1 69.4 299.4 69.3 299.6 69.3 299.8 69.2 300.0 69.1 300.3 68.9 300.5
  68.8 300.7 68.6 300.9 68.5 301.0 68.3 301.2 68.2 301.4 68.1 301.5 68.0 301.7
  67.9 301.9 67.9 301.8 67.8 301.8 67.7 301.7 67.7 301.7 67.6 301.7 67.6 301.7
  67.6 301.8 67.5 301.8 67.5 301.9 67.5 301.9 67.4 302.0 67.4 302.2 67.4 302.3
  67.4 302.5 67.4 302.7 67.4 302.9 67.4 303.1 67.3 303.4 67.3 303.7 67.3 304.0
  67.2 304.3 67.1 304.7 67.1 305.1 67.0 305.5 66.9 305.9 66.8 306.4 66.7 306.8
  66.6 307.3 66.5 307.7 66.4 308.2 66.3 308.6 66.2 309.0 66.1 309.4 66.0 309.8
  65.9 310.2 65.7 310.7 65.6 311.1
   3 31 82  0.0
  72.5 321.4 72.4 321.1 72.4 320.7 72.3 320.5 72.2 320.2 72.1 320.0 72.0 319.8
  71.9 320.0 71.8 320.2 71.6 320.4 71.4 320.7 71.2 320.9 71.0 321.2 70.8 321.5
  70.5 321.7 70.3 321.9 70.1 322.0 69.8 322.0 69.6 322.3 69.4 322.5 69.1 322.7
  68.9 322.8 68.6 322.9 68.3 323.0 68.0 323.0 67.7 323.0 67.4 323.2 67.1 323.2
  66.8 323.1 66.4 322.9 66.0 322.7 65.6 322.6 65.2 322.4 64.7 322.2 64.2 321.9
  63.7 321.6 63.2 321.5 62.6 321.3 61.9 321.2 61.3 321.2 60.6 321.1 59.8 321.1
  59.0 320.9 58.2 320.8 57.2 320.7 56.3 320.3 55.3 319.9 54.6 319.3 53.8 318.7
  53.1 318.1 52.3 317.4 51.6 316.7 50.8 315.9 50.2 315.1 49.5 314.3 48.8 313.5
  48.2 312.7 47.6 311.8 46.8 311.0 46.1 310.1 45.3 309.2 44.6 308.3 43.9 307.4
  43.2 306.6 42.5 305.7 41.8 304.8 41.2 303.8 40.6 302.9 40.1 301.8 39.6 300.7
  39.1 299.7 38.6 298.6 38.2 297.5 37.8 296.4 37.4 295.4 37.0 294.4 36.7 293.5
  36.3 292.5 36.0 291.5 35.7 290.6 35.5 289.6 35.3 288.7 35.0 287.7 34.9 286.7
  34.8 285.7 34.7 284.6 34.6 283.6 34.5 282.6 34.5 281.6 34.5 280.6 34.5 279.6
  34.7 278.6 34.9 277.6 35.0 276.7 35.2 275.8 35.6 274.9 35.9 274.0 36.3 273.2
  36.6 272.4 37.0 271.6 37.4 270.8 37.9 270.1 38.4 269.4 38.9 268.8 39.4 268.2
  39.9 267.5 40.4 266.9 40.9 266.4 41.4 265.8 41.9 265.3 42.4 264.7 42.9 264.2
  43.4 263.7 43.8 263.3 44.2 262.8 44.7 262.4 45.1 262.0 45.6 261.5 46.0 261.1
  46.4 260.6 46.8 260.3 47.2 259.9 47.5 259.5 47.9 259.0 48.2 258.6 48.6 258.3
  49.0 258.0 49.3 257.7 49.7 257.3 50.0 256.9 50.4 256.6 50.7 256.3 51.1 255.9
  51.3 255.5 51.6 255.1 51.9 254.7 52.2 254.4 52.5 254.0 52.8 253.6 53.1 253.2
  53.4 252.7 53.8 252.3 54.1 251.9 54.3 251.4 54.6 251.0 54.9 250.5 55.2 250.0
  55.5 249.6 55.8 249.2 56.2 248.8 56.5 248.2 56.9 247.7 57.2 247.1 57.5 246.6
  57.9 246.0 58.2 245.5 58.6 244.8 59.0 244.2 59.4 243.5 59.7 243.0 60.1 242.4
  60.5 241.9 60.8 241.3 61.2 240.8 61.6 240.3 62.0 239.9 62.3 239.4 62.6 238.9
  62.9 238.3 63.2 237.8 63.5 237.2 63.8 236.7 64.1 236.2 64.4 235.5 64.7 234.8
  65.0 234.2 65.2 233.5 65.5 232.9 65.8 232.2 66.1 231.5 66.4 230.7 66.7 229.8
  67.0 228.9 67.3 228.0 67.6 227.1 67.8 226.1 68.0 225.2 68.1 224.2 68.3 223.2
  68.5 222.3 68.6 221.3 68.7 220.3 68.8 219.4 68.8 218.5 68.8 217.6 68.8 216.8
  68.8 215.9 68.8 215.1 68.7 214.4 68.6 213.6 68.5 212.9 68.4 212.2 68.3 211.6
  68.1 210.9 67.9 210.3 67.7 209.7 67.5 209.0 67.3 208.4 67.1 207.8 66.8 207.2
  66.5 206.7 66.2 206.2 65.9 205.6 65.6 205.1 65.2 204.5 64.9 204.0 64.6 203.4
  64.2 202.9 63.8 202.4 63.4 201.9 63.0 201.4 62.6 201.0 62.1 200.5 61.6 200.1
  61.0 199.6 60.5 199.1 60.0 198.7 59.4 198.1 58.8 197.6 58.1 197.1 57.3 196.7
  56.6 196.1 55.8 195.6 55.1 195.0 54.3 194.4 53.5 193.9 52.7 193.2 51.9 192.4
  51.0 191.5 50.3 190.5 49.4 189.6
