   5  1 64  0.0
  72.5 321.4 72.5 320.3 72.5 319.1 72.4 317.8 72.3 316.5 72.3 315.1 72.2 313.7
  72.1 312.1 72.2 310.5 72.1 308.7 72.1 306.8 72.0 304.6 71.9 302.6 71.4 300.3
  71.0 297.9 70.4 295.5 69.7 293.0 69.2 290.8 68.6 288.3 68.0 285.6 67.4 282.9
  66.6 280.5 65.8 278.0 65.0 276.0 64.2 273.9 63.3 271.9 62.7 270.3 62.1 268.6
  61.5 267.1 61.0 265.7 60.5 264.3 59.9 263.0 59.4 261.9 58.9 260.8 58.3 259.6
  58.0 258.3 57.7 256.9 57.5 255.6 57.4 254.3 57.2 253.0 57.1 251.7 57.1 250.3
  57.0 248.9 56.9 247.5 56.8 246.2 56.6 244.9 56.5 243.7 56.2 242.6 55.9 241.5
  55.6 240.2 55.4 239.0 55.0 237.8 54.7 236.7 54.3 235.6 53.9 234.6 53.6 233.3
  53.2 232.1 52.9 230.9 52.5 229.7 52.1 228.5 51.7 227.3 51.2 225.9 50.7 224.4
  50.2 223.1 49.6 221.8 49.0 220.4 48.4 219.0 47.8 217.6 47.2 216.0 46.7 214.4
  46.2 212.8 45.6 211.2 45.3 209.4 45.0 207.7 45.0 206.0 45.0 204.4 44.9 202.8
  45.0 201.3 45.1 199.9 45.4 198.5 45.7 197.1 46.0 195.7 46.5 194.3 47.0 192.8
  47.5 191.3 48.2 189.7 49.0 188.0 49.8 186.3 50.7 184.8 51.6 183.0 52.3 181.3
  53.0 179.4 53.4 177.6 53.7 175.7 53.8 173.9 53.9 172.2 54.1 170.5 54.0 168.8
  54.0 167.2 53.9 165.6 53.8 164.0 53.8 162.4 53.6 160.9 53.5 159.4 53.1 157.9
  52.7 156.6 52.4 155.4 51.6 154.3 50.7 153.0 49.9 151.8 48.8 150.2 47.8 148.6
  46.9 147.1 45.8 145.6 44.7 144.1 43.8 142.5 42.8 141.0 41.9 139.4 41.0 137.8
  40.1 136.2 39.2 134.5 38.6 132.7 38.1 130.9 37.9 129.0 37.6 127.5 37.6 126.1
  37.6 124.7 37.5 123.4 37.7 122.0 38.0 120.7 38.2 119.4 38.9 118.0 39.6 116.6
  40.3 115.2 41.0 113.9 41.7 112.6 42.4 111.3 43.0 110.1 43.6 109.1 44.3 108.0
  45.1 107.2 45.8 106.3 46.5 105.5 47.3 104.7 48.1 103.9 48.6 103.3 49.0 102.7
  49.4 102.1 49.9 101.5 50.3 100.8 50.7 100.4 51.2 100.1 51.6  99.7 51.8  99.4
  52.0  99.0 52.3  98.9 52.5  98.8 52.8  98.7 53.1  98.6 53.5  98.5 53.8  98.4
  54.1  98.3 54.4  98.3 54.8  98.4 55.2  98.5 55.6  98.6 56.0  98.7 56.5  98.8
  56.9  98.9 57.4  99.0 57.9  99.1 58.3  99.1 58.8  98.9 59.2  98.6 59.6  98.3
  60.0  98.0 60.3  97.7 60.7  97.2 61.0  96.7 61.4  96.2 61.7  95.7 62.0  95.1
  62.3  94.6 62.6  93.9 62.9  93.1 63.3  92.4 63.6  91.6 63.9  90.7 64.1  89.9
  64.4  88.9 64.8  88.0 64.9  87.0 65.1  86.1 65.3  85.1 65.5  84.2 65.7  83.2
  65.8  82.2 65.8  81.2 65.9  80.3 65.9  79.3 65.9  78.9 65.8  78.5 65.8  78.1
  65.8  77.7 65.9  77.2 65.9  76.8 66.0  76.4 66.0  76.0 66.0  75.5 66.0  75.1
  66.0  74.6 66.0  74.2 66.0  73.8 66.0  73.4 66.0  72.9 66.0  72.6 66.1  72.2
  66.1  71.8 66.1  71.5 66.1  71.1 66.1  70.7 66.1  70.4 66.1  70.0 66.1  69.6
  66.1  69.2 66.1  68.8 66.2  68.4 66.2  68.1 66.2  67.7 66.3  67.3 66.3  66.9
  66.4  66.5 66.4  66.1 66.5  65.7 66.6  65.3 66.7  64.9 66.8  64.4 66.9  64.0
  67.0  63.5 67.2  63.1 67.3  62.6
   5  2 64  0.0
  72.5 321.4 72.0 320.3 71.6 319.1 71.2 318.0 70.9 316.9 70.5 315.8 70.3 314.5
  70.0 313.2 69.8 311.9 69.7 310.8 69.7 309.5 69.6 308.2 69.5 306.9 69.6 305.4
  69.6 303.9 69.7 302.2 69.8 300.5 69.9 298.7 70.1 296.8 70.3 294.9 70.7 292.8
  71.0 290.5 71.3 287.9 71.6 284.9 71.9 281.5 72.1 277.6 72.2 274.4 72.3 271.2
  72.3 268.1 72.3 265.2 72.4 262.4 72.5 259.9 72.7 257.5 72.9 255.2 73.2 252.9
  73.6 250.8 74.0 248.7 74.4 246.7 74.8 245.5 75.3 244.3 75.7 243.3 76.1 242.4
  76.6 242.3 77.0 242.4 77.4 242.6 77.7 243.1 78.0 243.7 78.3 245.2 78.6 247.1
  78.7 249.3 78.8 251.6 78.8 253.7 78.7 255.6 78.6 257.3 78.4 258.7 78.2 259.8
  78.0 260.5 77.7 261.0 77.3 261.3 77.0 261.3 76.6 261.1 76.2 260.5 75.7 260.1
  75.3 259.9 74.9 259.7 74.5 259.5 74.1 259.2 73.7 258.9 73.2 258.9 72.8 258.8
  72.3 258.7 71.9 258.5 71.4 258.6 70.9 258.5 70.3 258.4 69.7 258.2 69.1 258.0
  68.4 257.8 67.7 257.5 67.0 257.3 66.2 257.1 65.4 256.8 64.6 256.7 63.8 256.7
  63.0 256.8 62.1 257.0 61.2 257.2 60.3 257.3 59.3 257.4 58.4 257.4 57.4 257.5
  56.5 257.3 55.6 257.3 54.8 257.1 54.0 256.9 53.3 256.8 52.7 256.4 52.1 256.1
  51.6 255.7 51.2 255.2 50.8 254.7 50.4 254.1 50.0 253.6 49.7 253.2 49.3 252.8
  49.0 252.5 48.7 252.2 48.4 252.0 48.4 251.8 48.3 251.7 48.3 251.6 48.3 251.4
  48.2 251.2 48.2 251.0 48.1 250.8 48.0 250.6 47.9 250.3 47.8 249.9 47.7 249.5
  47.6 249.0 47.5 248.6 47.3 248.1 47.2 247.6 47.4 247.0 47.5 246.5 47.5 245.9
  47.6 245.2 47.6 244.5 47.7 243.8 47.6 242.9 47.5 241.9 47.4 240.8 47.2 239.6
  47.4 238.2 47.5 236.8 47.6 235.3 48.0 233.6 48.3 232.1 48.6 230.4 48.9 228.6
  49.1 226.7 49.3 224.6 49.6 222.6 49.7 220.6 49.9 218.5 50.0 216.4 50.0 214.3
  49.9 212.3 49.8 210.1 49.5 207.9 49.2 205.7 49.0 203.6 48.7 201.5 48.5 199.4
  48.3 197.5 48.2 195.6 48.1 193.8 47.9 192.1 47.8 190.3 47.6 188.6 47.5 186.8
  47.3 185.1 47.2 183.4 47.1 181.7 47.0 179.9 47.0 178.1 46.9 176.3 47.0 174.4
  46.8 172.6 46.6 170.9 46.4 169.2 46.1 167.7 45.9 166.2 45.6 164.4 45.3 162.7
  45.1 161.0 44.8 159.4 44.7 157.8 44.5 156.4 44.3 155.0 44.2 153.8 44.0 152.6
  43.9 151.5 43.9 150.1 43.9 148.7 43.9 147.4 43.9 146.0 43.9 144.7 43.9 143.3
  44.0 141.9 44.1 141.1 44.1 140.3 44.0 139.5 44.3 138.8 44.6 138.1 44.9 137.4
  45.2 136.7 45.5 136.1 45.7 135.4 46.2 134.7 46.7 134.3 47.2 134.0 47.6 133.6
  48.1 133.2 48.5 133.1 49.0 133.0 49.4 132.9 49.8 132.7 50.2 132.5 50.6 132.5
  51.0 132.5 51.3 132.5 51.7 132.4 52.0 132.4 52.3 132.3 52.6 132.3 52.8 132.3
  53.1 132.3 53.3 132.3 53.5 132.3 53.7 132.3 54.0 132.3 54.2 132.3 54.4 132.5
  54.6 132.6 54.8 132.8 55.0 133.0 55.2 133.2 55.4 133.4 55.6 133.6 55.8 133.8
  56.0 133.9 56.2 133.9 56.4 134.1 56.7 134.2 57.0 134.4 57.2 134.5 57.5 134.6
  57.8 134.8 58.0 134.9 58.3 135.2
   5  3 64  0.0
  72.5 321.4 71.9 321.4 71.3 321.3 70.7 321.2 70.2 321.0 69.6 320.8 69.1 320.6
  68.6 320.4 68.1 320.2 67.7 320.0 67.3 319.8 67.0 319.7 66.7 319.6 66.4 319.5
  66.1 319.4 65.8 319.2 65.6 319.1 65.4 319.0 65.2 318.9 65.1 318.8 64.9 318.7
  64.8 318.5 64.7 318.4 64.6 318.3 64.6 318.1 64.6 317.9 64.6 317.8 64.6 317.7
  64.6 317.6 64.6 317.5 64.6 317.5 64.7 317.6 64.7 317.7 64.8 317.8 64.9 318.0
  65.0 318.2 65.0 318.5 65.1 318.8 65.3 319.1 65.4 319.5 65.5 319.8 65.6 320.2
  65.8 320.6 66.0 321.0 66.3 321.0 66.5 321.0 66.7 321.1 67.0 321.1 67.2 321.2
  67.5 321.3 67.8 321.3 68.0 321.4 68.2 321.4 68.5 321.0 68.7 320.6 68.9 320.3
  69.2 319.9 69.4 319.6 69.8 319.4 70.1 319.1 70.5 318.3 71.0 317.5 71.4 316.6
  71.8 315.6 72.1 314.6 72.6 313.2 73.0 311.6 73.3 310.0 73.7 308.3 74.0 306.5
  74.2 304.9 74.5 303.2 74.6 301.6 74.8 300.0 74.7 298.4 74.7 296.8 74.7 295.1
  74.5 293.4 74.4 291.7 74.1 289.9 73.8 288.1 73.7 286.0 73.4 283.9 73.1 281.9
  72.9 279.9 72.4 277.9 71.9 276.2 71.4 274.6 70.8 273.1 70.2 271.8 69.3 270.6
  68.4 269.5 67.4 268.5 66.5 267.6 65.4 266.7 64.3 265.9 63.1 265.1 62.0 264.6
  60.9 264.2 59.8 263.8 58.7 263.6 57.7 263.3 56.8 263.2 56.0 263.0 55.2 263.1
  54.5 263.1 53.7 263.2 53.1 263.4 52.5 263.7 51.9 264.0 51.5 264.4 51.1 264.9
  50.7 265.5 50.4 266.0 50.1 266.6 49.8 267.3 49.5 268.0 49.3 268.7 48.8 269.4
  48.4 270.1 47.9 270.8 47.5 271.5 47.1 272.2 46.5 272.8 46.0 273.3 45.4 273.7
  44.8 274.1 44.2 274.5 43.5 274.8 42.9 274.9 42.2 274.9 41.4 275.0 40.7 274.8
  40.0 274.6 39.2 274.3 38.5 274.0 37.8 273.7 37.2 273.3 36.5 272.9 35.9 272.5
  35.4 271.9 34.6 271.3 33.8 270.7 33.2 269.8 32.6 268.8 32.0 267.7 31.3 266.6
  30.7 265.4 30.1 264.2 29.5 263.0 29.2 261.9 28.8 260.7 28.4 259.6 28.2 258.5
  27.9 257.3 27.6 256.3 27.3 255.2 27.2 254.1 27.1 253.0 27.0 251.9 27.1 250.9
  27.2 249.9 27.3 249.0 27.4 248.1 27.4 247.3 27.5 246.5 27.6 245.7 27.7 245.0
  27.8 244.3 27.8 243.5 28.1 242.8 28.4 242.0 28.6 241.3 28.9 240.6 29.2 239.9
  29.4 239.3 29.6 238.8 29.9 238.3 30.1 237.8 30.4 237.3 30.7 236.8 31.0 236.4
  31.3 236.0 31.6 235.6 31.8 235.3 32.1 235.0 32.4 234.5 32.8 234.1 33.2 233.7
  33.7 233.4 34.2 233.1 34.9 232.7 35.5 232.4 36.3 232.1 37.1 231.9 37.7 231.6
  38.3 231.4 39.0 231.2 39.7 231.0 40.4 230.9 41.2 230.8 42.0 230.8 42.9 230.8
  43.7 230.9 44.6 230.9 45.4 231.0 46.2 231.1 47.0 231.1 47.6 231.3 48.3 231.4
  48.9 231.4 49.4 231.3 49.9 231.3 50.5 231.2 51.0 230.8 51.5 230.4 52.1 229.9
  52.7 229.2 53.2 228.4 53.8 227.5 54.3 226.6 54.8 225.4 55.2 224.2 55.7 222.9
  56.0 221.5 56.2 220.1 56.5 218.3 56.6 216.4 56.6 214.6 56.5 212.7 56.3 210.8
  55.9 208.9 55.5 207.3 55.0 205.6 54.4 203.9 53.6 202.1 52.9 200.6 52.3 199.1
  51.5 197.6 50.8 196.3 50.2 195.0
   5  4 64  0.0
  72.5 321.4 72.0 320.8 71.5 320.5 71.0 320.3 70.5 320.0 69.9 319.8 69.3 319.9
  68.7 320.0 68.1 320.1 67.6 320.2 67.0 320.7 66.4 321.2 65.8 321.6 65.3 322.2
  64.7 322.7 64.2 323.2 63.6 323.5 63.2 323.9 62.7 324.3 62.4 324.6 62.1 324.8
  61.9 325.0 61.7 325.3 61.5 325.5 61.4 325.7 61.3 325.8 61.2 326.0 61.1 326.3
  61.0 326.5 60.9 326.8 60.8 327.1 60.7 327.4 60.6 327.8 60.6 328.2 60.6 328.6
  60.7 329.1 60.8 329.5 60.8 330.0 60.9 330.4 60.9 330.8 60.9 331.3 60.9 331.7
  60.9 332.1 60.9 332.5 60.8 332.8 60.8 333.1 60.6 333.4 60.5 333.6 60.3 333.8
  60.1 334.0 59.9 334.1 59.6 334.3 59.4 334.4 59.1 334.4 58.8 334.3 58.4 334.2
  58.1 333.9 57.7 333.6 57.3 333.3 56.9 332.9 56.4 332.6 55.9 332.1 55.4 331.9
  54.8 331.7 54.2 331.4 53.5 331.2 52.9 331.0 52.2 330.8 51.4 330.6 50.7 330.4
  49.9 330.1 49.2 329.7 48.5 329.2 47.7 328.8 47.0 328.0 46.2 327.3 45.4 326.5
  44.6 325.5 43.9 324.5 43.2 323.4 42.6 322.1 42.0 320.8 41.5 319.5 41.4 317.9
  41.2 316.3 41.1 314.7 41.2 312.9 41.2 311.1 41.3 309.2 41.5 307.5 42.0 305.9
  42.6 304.6 43.1 303.5 43.9 302.6 44.6 301.8 45.4 301.1 46.1 300.6 46.7 300.1
  47.4 299.6 48.1 299.2 48.8 298.8 49.5 298.5 50.3 298.2 51.1 298.0 51.9 297.8
  52.7 297.7 53.5 297.4 54.3 297.3 55.2 297.0 56.0 296.6 56.9 296.2 57.8 295.8
  58.6 295.4 59.4 295.0 60.2 294.5 61.0 293.9 61.9 293.1 62.7 292.4 63.5 291.3
  64.2 290.2 65.0 288.9 65.8 287.6 66.3 286.2 66.9 284.8 67.5 283.3 67.8 281.6
  68.2 279.9 68.3 278.0 68.4 276.0 68.3 274.0 68.2 272.0 68.0 270.0 67.8 268.5
  67.6 267.1 67.2 265.8 66.8 264.5 66.4 263.2 65.9 261.9 65.4 261.0 64.9 260.1
  64.3 259.2 63.7 258.3 63.1 257.8 62.5 257.2 61.8 256.7 61.2 256.6 60.5 256.5
  59.7 256.3 58.9 256.3 58.1 256.2 57.3 256.2 56.5 256.1 55.8 256.1 55.1 256.0
  54.4 255.9 53.7 255.8 53.1 255.7 52.6 255.7 52.0 255.7 51.4 255.7 50.9 255.8
  50.4 255.8 49.9 255.9 49.4 256.0 48.8 256.1 48.3 256.1 47.7 256.2 47.1 256.1
  46.6 256.0 46.0 255.9 45.7 255.8 45.5 255.7 45.2 255.7 45.0 255.7 44.8 255.8
  44.6 255.8 44.5 255.9 44.3 255.9 44.2 256.0 43.6 256.2 42.9 256.3 42.3 256.5
  41.6 256.7 40.9 256.7 40.1 256.7 39.3 256.7 38.5 256.4 37.7 256.0 36.8 255.4
  36.5 254.7 36.0 254.1 35.5 253.5 34.9 252.6 34.2 251.7 34.2 250.7 34.2 249.7
  34.1 248.8 34.0 247.8 34.3 246.4 34.6 245.4 34.9 244.5 35.1 243.5 35.8 242.6
  36.6 241.6 37.3 241.1 38.0 240.6 38.7 240.5 39.4 240.3 40.0 240.1 40.6 240.2
  41.1 240.3 41.6 240.4 42.1 240.5 42.5 241.0 42.9 241.5 43.3 242.1 43.6 242.6
  43.9 243.3 44.2 243.9 44.5 244.7 44.2 245.4 43.8 246.1 43.5 246.5 43.1 246.9
  42.7 247.3 42.2 247.6 41.7 247.9 41.2 248.0 40.6 248.0 39.9 248.0 39.2 247.8
  38.4 247.6 37.5 247.4 36.5 246.5 35.5 245.7 34.5 244.2 33.6 242.6 33.2 240.8
  32.8 238.9 32.8 237.1 32.8 235.4
   5  5 64  0.0
  72.5 321.4 72.0 320.5 71.5 319.9 71.0 319.3 70.5 318.6 70.0 317.9 69.6 317.3
  69.2 317.0 68.8 316.7 68.4 316.4 68.1 316.2 67.8 316.1 67.5 316.4 67.2 316.7
  66.9 317.1 66.6 317.4 66.2 317.8 65.9 318.2 65.5 319.0 65.1 319.9 64.7 320.7
  64.4 321.5 64.0 322.3 63.6 323.5 63.2 324.6 62.9 325.7 62.6 326.7 62.2 327.7
  61.9 328.5 61.7 329.6 61.5 330.5 61.4 331.3 61.2 332.1 61.2 332.8 61.3 333.5
  61.3 334.2 61.3 334.9 61.3 335.6 61.3 336.2 61.4 336.9 61.5 337.6 61.6 338.3
  61.6 339.0 61.7 339.7 61.7 340.5 61.6 341.2 61.5 341.9 61.4 342.6 61.2 343.3
  61.0 343.9 60.7 344.4 60.3 344.8 59.8 345.1 59.3 345.3 58.8 345.4 58.2 345.4
  57.5 345.4 56.8 344.9 56.1 344.5 55.4 344.0 54.5 343.2 53.6 342.4 52.6 341.5
  51.6 340.7 50.5 339.7 49.5 338.7 48.4 337.4 47.4 336.1 46.4 334.3 45.6 332.6
  44.8 330.6 44.4 328.6 43.9 326.7 43.8 324.9 43.6 323.2 43.5 321.5 43.4 319.9
  43.4 318.3 43.3 316.8 43.3 315.2 43.4 313.7 43.5 312.3 43.5 311.0 43.8 309.9
  44.2 308.9 44.6 308.5 45.1 308.1 45.6 307.7 46.2 307.3 46.9 307.2 47.7 307.1
  48.4 307.0 49.2 307.2 50.0 307.4 50.9 307.9 51.7 308.4 52.3 309.1 53.0 309.9
  53.6 310.8 54.0 311.8 54.4 312.8 54.5 313.8 54.5 314.7 54.5 315.7 54.4 316.5
  54.1 317.3 53.7 318.0 53.3 319.0 52.8 319.9 52.2 320.7 51.5 321.3 50.8 321.8
  50.1 322.2 49.3 322.5 48.6 322.5 47.8 322.5 47.0 322.1 46.3 321.7 45.6 321.3
  44.9 320.6 44.2 320.0 43.6 319.4 42.8 318.6 42.1 317.7 41.4 316.8 40.8 315.8
  40.5 314.8 40.1 313.7 39.8 312.5 39.5 311.3 39.2 309.9 39.0 308.6 38.7 307.2
  38.7 305.7 38.7 304.3 38.6 302.9 38.8 301.6 39.1 300.3 39.4 299.2 39.8 298.1
  40.3 297.1 40.8 296.3 41.3 295.5 41.9 294.8 42.4 294.0 43.1 293.5 43.8 293.0
  44.4 292.5 45.2 292.2 46.0 291.9 46.6 291.6 47.2 291.6 47.9 291.5 48.6 291.5
  49.3 291.7 50.1 292.0 50.7 292.5 51.3 293.1 51.9 293.7 52.4 294.3 53.0 294.9
  53.5 295.5 54.1 296.1 54.5 296.5 54.9 296.9 55.3 297.3 55.7 297.7 56.2 298.1
  56.7 298.2 57.2 298.4 57.7 298.6 58.2 298.8 58.8 298.7 59.4 298.7 59.9 298.6
  60.4 298.6 60.9 298.3 61.4 298.1 61.9 297.9 62.4 297.7 62.8 297.5 63.2 297.3
  63.7 297.2 64.1 297.0 64.5 296.7 64.9 296.5 65.3 296.2 65.6 295.9 66.0 295.6
  66.3 295.3 66.6 294.7 67.0 294.2 67.3 293.7 67.6 293.2 68.0 292.8 68.2 292.3
  68.6 291.6 68.8 291.0 69.0 290.3 69.2 289.5 69.4 288.8 69.6 288.0 69.7 287.2
  69.8 286.3 69.9 285.4 70.0 284.5 70.0 283.6 70.1 282.4 70.0 281.3 70.0 280.1
  70.0 279.0 69.9 278.1 69.8 277.3 69.7 276.5 69.6 275.7 69.5 274.9 69.3 274.1
  69.1 273.4 69.0 272.7 68.8 272.0 68.7 271.3 68.5 270.7 68.3 270.1 68.2 269.6
  68.0 269.1 67.8 268.8 67.6 268.6 67.4 268.4 67.1 268.4 66.9 268.3 66.6 268.3
  66.3 268.1 66.0 268.0 65.8 267.8 65.5 267.5 65.2 267.2 64.8 266.8 64.4 266.4
  63.9 266.0 63.5 265.3 62.9 264.6
   5  6 64  0.0
  72.5 321.4 72.1 321.1 71.7 320.8 71.3 320.7 71.0 320.6 70.6 320.4 70.3 320.1
  69.9 319.8 69.5 319.6 69.2 319.3 68.8 318.9 68.5 318.6 68.1 318.1 67.8 317.6
  67.6 317.2 67.4 316.8 67.2 316.4 67.0 315.9 66.5 315.5 66.1 315.1 65.7 314.7
  65.4 314.8 65.0 315.0 64.7 315.4 64.4 315.8 64.0 316.3 63.9 316.9 63.9 318.2
  63.8 319.6 63.7 320.9 63.7 322.2 63.8 323.6 63.8 325.0 63.9 326.4 64.0 327.8
  64.1 328.8 64.3 329.9 64.4 330.9 64.5 331.9 64.6 332.9 64.7 333.8 64.8 334.8
  65.0 335.7 65.1 336.7 65.2 337.6 65.3 338.6 65.5 339.5 65.6 340.5 65.7 341.5
  65.7 342.5 65.8 343.6 65.8 344.7 65.8 345.7 65.7 346.8 65.7 347.8 65.7 348.8
  65.5 349.8 65.4 350.6 65.3 351.4 65.2 352.1 65.0 352.7 64.7 353.3 64.5 353.7
  64.2 354.1 63.9 354.4 63.6 354.8 63.3 355.1 62.9 355.3 62.6 355.4 62.2 355.4
  61.8 355.4 61.3 355.2 60.9 355.0 60.4 354.7 59.9 354.4 59.4 354.0 58.9 353.6
  58.4 353.3 57.9 352.9 57.4 352.3 57.0 351.6 56.4 351.0 55.8 350.3 55.3 349.4
  54.8 348.5 54.3 347.6 53.5 346.7 52.8 345.7 52.1 344.7 51.4 343.8 50.5 342.8
  49.5 341.8 48.6 340.6 47.8 339.5 46.8 338.1 45.9 336.7 45.0 335.0 44.2 333.2
  43.4 331.4 42.9 329.6 42.4 327.7 42.0 325.9 41.6 324.1 41.2 322.5 40.9 320.8
  40.6 319.1 40.4 317.3 40.1 315.5 39.8 313.6 39.5 311.9 39.3 310.2 39.0 308.6
  38.8 307.1 38.7 305.6 38.7 304.3 38.6 303.0 38.8 301.9 39.1 301.0 39.4 300.2
  39.7 299.5 40.1 298.9 40.6 298.2 41.0 297.7 41.5 297.2 42.1 296.8 42.7 296.3
  43.3 295.9 43.6 295.5 43.9 295.2 44.2 294.9 44.6 294.5 44.9 294.1 45.3 293.8
  45.7 293.5 46.1 293.3 46.6 293.0 47.2 292.8 47.8 292.7 48.4 292.5 49.1 292.4
  49.8 292.3 50.5 292.3 51.3 292.2 52.1 292.2 52.9 292.2 53.8 292.2 54.7 292.2
  55.6 292.2 56.5 292.3 57.5 292.2 58.4 292.2 59.3 292.1 60.2 291.9 60.8 291.6
  61.4 291.2 62.0 290.9 62.6 290.5 63.3 289.9 64.0 289.3 64.6 288.5 65.3 287.5
  65.6 286.5 66.0 285.4 66.3 284.3 66.8 283.0 66.9 281.8 67.1 280.5 67.3 279.2
  67.2 277.9 67.1 276.6 67.1 275.1 66.7 273.7 66.4 272.3 66.1 270.8 65.5 269.5
  64.9 268.5 64.4 267.5 63.6 266.6 62.9 265.9 62.1 265.4 61.3 264.9 60.6 264.6
  59.8 264.3 59.0 264.1 58.2 263.9 57.3 263.7 56.4 263.7 55.6 263.6 54.8 263.8
  54.1 264.0 53.5 264.3 52.9 264.7 52.4 265.1 51.9 265.6 51.4 266.1 51.0 266.6
  50.6 267.2 50.2 267.7 49.8 268.3 49.4 269.0 48.9 269.7 48.4 270.3 47.9 270.9
  47.4 271.5 46.8 272.1 46.3 272.6 45.7 273.1 45.2 273.4 44.6 273.7 44.1 273.9
  43.5 274.1 43.0 274.2 42.4 274.2 41.9 274.2 41.4 274.1 40.9 274.1 40.4 274.0
  40.0 273.9 39.5 273.8 39.1 273.7 38.7 273.5 38.2 273.4 37.8 273.3 37.4 273.1
  37.0 272.9 36.7 272.7 36.3 272.5 36.0 272.3 35.7 271.9 35.6 271.5 35.5 271.1
  35.4 270.7 35.3 270.3 35.2 269.9 35.1 269.5 35.0 269.1 34.9 268.7 34.9 268.3
  34.8 268.0 34.6 267.6 34.4 267.3
   5  7 64  0.0
  72.5 321.4 72.2 321.1 72.0 320.8 71.8 320.9 71.6 320.9 71.3 321.0 71.1 321.0
  70.9 321.1 70.7 321.1 70.5 321.2 70.2 321.3 70.0 321.3 69.8 321.5 69.5 321.7
  69.3 321.9 69.1 322.1 68.8 322.3 68.6 322.5 68.4 322.6 68.2 322.8 68.0 323.0
  67.8 323.1 67.6 323.3 67.5 323.4 67.3 323.5 67.1 323.6 67.0 323.7 66.9 323.8
  66.8 324.0 66.8 324.2 66.9 324.4 66.9 324.7 67.0 325.0 67.0 325.3 67.1 325.7
  67.1 326.2 67.2 326.7 67.2 327.2 67.3 327.9 67.3 328.6 67.4 329.3 67.5 330.1
  67.6 331.0 67.6 331.9 67.7 332.9 67.8 334.0 67.9 335.2 68.0 336.4 68.2 337.2
  68.3 338.1 68.5 339.0 68.6 339.9 68.7 340.8 68.9 341.8 69.0 342.7 69.2 343.5
  69.3 344.4 69.4 345.2 69.5 346.0 69.6 346.7 69.7 347.4 69.8 348.0 69.9 348.6
  70.0 349.1 70.1 349.1 70.2 349.1 70.2 349.1 70.3 349.1 70.3 349.1 70.3 349.1
  70.3 349.2 70.2 349.2 70.2 349.2 70.1 349.2 70.1 349.2 70.0 349.3 70.0 349.3
  69.9 349.7 69.9 350.0 69.8 350.3 69.8 350.6 69.8 350.9 69.8 351.2 69.8 351.5
  69.8 351.8 69.8 352.1 69.7 352.5 69.7 352.8 69.6 353.1 69.6 353.4 69.5 353.8
  69.4 354.1 69.4 354.5 69.3 354.8 69.2 355.2 69.1 355.6 69.0 356.0 68.9 356.4
  68.8 356.7 68.7 357.0 68.6 357.2 68.5 357.4 68.4 357.5 68.2 357.6 68.1 357.6
  67.9 357.6 67.8 357.5 67.6 357.5 67.4 357.4 67.3 357.3 67.1 357.2 66.9 357.1
  66.8 357.0 66.6 356.9 66.5 356.7 66.4 356.6 66.3 356.4 66.2 356.2 66.1 356.0
  66.1 355.8 65.9 355.6 65.8 355.2 65.8 354.8 65.7 354.5 65.6 354.2 65.5 353.9
  65.5 353.6 65.4 353.4 65.4 353.2 65.4 353.0 65.3 352.9 65.3 352.8 65.3 352.8
  65.3 352.8 65.3 352.8 65.3 352.8 65.3 352.9 65.3 353.0 65.4 353.1 65.4 353.2
  65.4 353.4 65.5 353.6 65.5 353.9 65.6 354.1 65.6 354.5 65.7 354.8 65.7 355.2
  65.8 355.6 65.8 356.0 65.8 356.4 65.8 356.7 65.7 357.0 65.7 357.3 65.6 357.6
  65.5 357.8 65.4 358.0 65.2 358.2 65.1 358.3 65.0 358.4 64.8 358.6 64.7 358.7
  64.6 358.8 64.4 359.0 64.3 359.1 64.2 359.3 64.0 359.4 63.9 359.5 63.8 359.6
  63.7 359.6 63.6 359.6 63.5 359.6 63.3 359.7 63.2 359.7 63.0 359.8 62.9 359.9
  62.7   0.1 62.5   0.1 62.3   0.2 62.0   0.3 61.8   0.4 61.5   0.4 61.2   0.4
  60.9   0.4 60.6   0.4 60.3   0.4 60.0   0.4 59.7   0.3 59.4   0.1 59.1 359.9
  58.8 359.6 58.5 359.3 58.2 359.0 57.9 358.6 57.6 358.0 57.3 357.3 57.0 356.7
  56.7 356.0 56.4 355.4 56.1 354.8 55.9 354.1 55.7 353.3 55.5 352.5 55.3 351.7
  55.2 350.9 55.2 350.0 55.2 349.1 55.2 348.2 55.1 347.2 55.0 346.3 54.9 345.3
  54.8 344.4 54.7 343.4 54.5 342.5 54.4 341.7 54.2 340.9 54.0 340.1 53.9 339.3
  53.7 338.3 53.5 337.4 53.2 336.5 52.9 335.6 52.6 334.8 52.3 333.9 52.0 333.1
  51.7 332.1 51.3 331.2 51.3 330.3 51.3 329.4 51.3 328.6 51.3 327.8 51.5 327.1
  51.6 326.4 51.7 325.8 51.9 325.2 52.0 324.7 52.1 324.2 52.1 323.7 52.3 323.2
  52.4 322.7 52.5 322.3 52.6 322.0
   5  8 64  0.0
  72.5 321.4 72.3 320.8 72.1 320.2 72.0 319.7 71.8 319.7 71.6 319.7 71.4 319.8
  71.2 319.9 71.1 320.1 70.9 320.2 70.8 320.4 70.7 320.7 70.6 321.0 70.5 321.3
  70.4 321.5 70.3 321.8 70.2 322.1 70.1 322.3 70.0 322.6 69.9 323.0 69.8 323.4
  69.7 323.8 69.6 324.2 69.5 324.5 69.5 324.9 69.4 325.2 69.4 325.6 69.3 325.9
  69.3 326.3 69.2 326.8 69.2 327.2 69.1 327.7 69.1 328.2 69.1 328.7 69.2 329.3
  69.2 329.8 69.3 330.4 69.3 331.1 69.4 331.7 69.4 332.4 69.5 333.1 69.5 333.9
  69.6 334.6 69.6 335.5 69.6 336.4 69.7 337.3 69.7 338.2 69.7 339.2 69.7 340.3
  69.8 341.4 69.8 342.5 69.8 343.7 69.9 344.9 70.0 346.1 70.0 347.3 70.1 348.4
  70.1 349.5 70.2 350.5 70.3 351.5 70.3 352.4 70.4 353.3 70.5 354.2 70.5 355.0
  70.7 355.7 70.8 356.5 70.9 357.2 71.1 357.9 71.2 358.6 71.4 359.2 71.6 359.8
  71.8   0.4 72.0   0.6 72.2   0.6 72.4   0.7 72.6   0.8 72.8   0.8 73.0   0.8
  73.2   0.8 73.4   0.8 73.6   0.8 73.7   0.8 73.9   0.7 74.0   0.6 74.1   0.6
  74.2   0.3 74.3   0.1 74.4 359.9 74.5 358.9 74.6 358.0 74.7 357.1 74.8 356.1
  74.9 355.1 74.9 354.1 74.9 353.1 75.0 352.1 75.0 351.1 75.0 350.1 75.0 349.0
  74.9 348.0 74.9 347.1 74.9 346.1 74.8 345.2 74.8 344.3 74.7 343.4 74.6 342.6
  74.5 341.7 74.4 340.9 74.3 340.1 74.2 339.3 74.0 338.5 73.8 337.7 73.6 337.2
  73.4 336.7 73.2 336.1 73.0 335.6 72.6 335.2 72.3 334.7 71.9 334.4 71.5 334.4
  71.2 334.6 70.8 334.7 70.4 334.9 70.1 335.1 69.8 335.3 69.5 335.6 69.3 336.0
  69.2 336.4 69.1 336.9 69.0 337.3 68.9 337.8 68.8 338.4 68.8 339.0 68.8 339.6
  68.8 340.3 68.6 340.9 68.4 341.5 68.3 342.0 68.2 342.5 68.0 342.9 67.9 343.3
  67.8 343.5 67.8 343.6 67.7 343.7 67.7 343.7 67.6 343.7 67.6 343.6 67.6 343.5
  67.6 343.4 67.5 343.3 67.5 343.1 67.5 342.9 67.5 342.7 67.5 342.5 67.4 342.2
  67.4 341.9 67.4 341.6 67.4 341.3 67.4 340.9 67.4 340.5 67.4 340.1 67.4 339.7
  67.5 339.3 67.6 338.8 67.7 338.3 67.8 337.9 67.9 337.4 68.0 336.9 68.1 336.4
  68.2 336.2 68.3 335.9 68.6 335.7 68.9 335.4 69.1 335.1 69.4 334.7 69.6 334.3
  69.8 333.9 69.9 333.5 70.1 333.0 70.2 332.3 70.3 331.5 70.4 330.7 70.5 329.9
  70.6 329.1 70.7 328.4 70.8 327.6 71.0 326.9 71.1 326.2 71.3 325.4 71.4 324.7
  71.5 323.9 71.8 323.2 72.0 322.4 72.2 321.6 72.5 320.8 72.7 320.0 72.9 319.2
  73.3 318.5 73.6 317.7 73.9 316.9 74.2 316.2 74.5 315.3 74.8 314.4 75.1 313.4
  75.4 312.5 75.6 311.5 75.9 310.4 76.2 309.4 76.5 308.3 76.7 307.2 77.0 306.0
  77.2 304.7 77.4 303.4 77.7 302.1 77.9 300.7 78.1 299.2 78.3 298.0 78.6 296.8
  78.8 295.6 79.0 294.3 79.2 293.0 79.3 291.7 79.5 290.4 79.6 289.1 79.7 287.9
  79.8 286.7 79.8 285.6 79.9 284.6 80.0 283.6 80.0 282.8 80.1 282.2 80.2 281.6
  80.2 281.0 80.2 280.2 80.3 279.5 80.3 278.7 80.3 277.8 80.3 276.9 80.3 276.0
  80.3 275.1 80.3 274.1 80.2 273.1
   5  9 64  0.0
  72.5 321.4 72.2 321.3 71.9 321.2 71.7 320.8 71.5 320.4 71.2 319.9 71.0 319.5
  70.8 319.0 70.6 318.5 70.3 318.0 70.1 317.4 69.9 316.8 69.7 316.4 69.5 316.0
  69.4 315.6 69.2 315.3 69.1 315.0 68.9 314.8 68.8 314.6 68.7 314.4 68.5 314.4
  68.4 314.4 68.3 314.4 68.3 314.5 68.2 314.6 68.1 314.8 68.0 315.1 68.0 315.3
  67.9 316.0 67.8 316.6 67.7 317.3 67.7 318.0 67.6 318.8 67.5 319.5 67.5 320.4
  67.5 321.2 67.5 322.1 67.4 322.9 67.4 323.8 67.4 324.6 67.5 325.4 67.5 326.1
  67.6 326.9 67.7 327.5 67.7 328.2 67.8 328.8 67.9 329.4 67.9 330.0 68.0 330.6
  68.0 331.3 68.1 331.9 68.1 332.7 68.2 333.4 68.2 334.2 68.3 335.0 68.4 335.8
  68.5 336.7 68.6 337.6 68.7 338.6 68.8 339.6 68.9 340.7 69.0 341.8 69.1 342.9
  69.2 344.1 69.2 345.4 69.2 346.7 69.3 348.0 69.3 349.3 69.3 350.7 69.3 352.2
  69.1 353.6 69.0 355.1 68.9 356.5 68.8 357.8 68.6 359.0 68.4   0.1 68.1   0.5
  67.8   0.8 67.6   1.0 67.3   1.2 67.1   1.3 66.9   1.4 66.6   1.5 66.4   1.6
  66.2   1.7 66.0   1.8 65.8   1.8 65.6   1.9 65.4   1.9 65.2   1.9 65.0   2.0
  64.8   2.0 64.6   2.0 64.4   2.0 64.2   2.0 64.0   2.0 63.9   2.1 63.7   2.1
  63.6   2.1 63.4   2.2 63.2   2.2 63.1   2.3 62.9   2.4 62.7   2.5 62.5   2.6
  62.2   2.7 62.0   2.8 61.7   2.9 61.4   3.0 61.1   3.2 60.8   3.3 60.5   3.4
  60.1   3.6 59.8   3.7 59.5   3.7 59.1   3.7 58.8   3.7 58.4   3.7 58.1   3.7
  57.7   3.7 57.3   3.5 57.0   3.2 56.6   3.0 56.2   2.7 55.7   2.5 55.3   1.9
  54.9   1.3 54.4   0.8 53.9   0.2 53.5 359.3 53.0 357.8 52.4 356.3 51.9 354.7
  51.5 352.7 51.0 350.7 50.6 348.8 50.2 346.8 49.8 344.9 49.5 343.0 49.1 341.0
  48.8 339.1 48.5 337.3 48.2 335.6 48.0 334.0 47.8 332.3 47.6 330.7 47.5 329.1
  47.5 327.6 47.4 326.2 47.4 324.8 47.4 323.5 47.4 322.2 47.3 320.9 47.3 319.6
  47.2 318.4 47.0 317.1 46.9 316.0 46.8 314.9 46.8 313.8 46.8 312.9 46.8 312.0
  46.9 311.2 47.3 310.5 47.7 309.8 48.2 309.1 48.8 308.5 49.4 307.9 50.1 307.3
  50.9 306.6 51.7 306.0 52.6 305.5 53.5 305.2 54.5 305.0 55.4 305.1 56.3 305.2
  57.2 305.3 58.1 305.3 58.9 305.1 59.6 304.9 60.3 304.6 61.0 304.0 61.7 303.4
  62.3 302.7 62.9 301.8 63.5 300.8 64.0 299.6 64.5 298.3 65.0 296.7 65.4 294.9
  66.1 292.9 66.7 290.8 67.4 288.5 68.1 286.1 68.7 283.2 69.1 279.9 69.3 276.4
  69.3 272.7 69.3 269.1 69.1 265.6 68.9 262.4 68.7 259.4 68.5 256.6 68.3 254.1
  68.1 251.8 67.8 249.7 67.6 248.2 67.3 246.9 67.0 245.8 66.8 244.8 66.5 243.8
  66.2 243.0 66.0 242.2 65.7 241.7 65.4 241.2 65.1 240.8 64.8 240.3 64.5 239.9
  64.2 239.4 63.9 239.0 63.7 238.6 63.4 238.2 63.2 237.7 63.0 237.3 62.8 236.8
  62.6 236.3 62.4 235.9 62.2 235.4 62.0 234.9 61.8 234.4 61.6 233.8 61.4 233.4
  61.2 233.0 61.0 232.6 60.8 232.3 60.6 232.0 60.4 231.8 60.2 231.6 60.0 231.4
  59.9 231.2 59.7 231.0 59.6 230.8
   5 10 64  0.0
  72.5 321.4 72.2 321.3 71.9 321.2 71.6 321.0 71.3 320.8 71.1 320.6 70.8 320.4
  70.6 320.2 70.4 320.0 70.2 319.8 70.0 319.6 69.9 319.4 69.7 319.0 69.6 318.5
  69.4 318.0 69.3 317.4 69.1 316.9 69.0 316.3 68.8 315.7 68.8 315.1 68.8 314.4
  68.7 313.7 68.7 313.0 68.6 312.2 68.6 311.3 68.7 310.4 68.8 309.5 68.9 308.6
  69.0 307.6 69.2 306.7 69.3 305.7 69.5 304.8 69.6 303.7 69.9 302.7 70.2 301.6
  70.4 300.5 70.7 299.3 71.1 298.1 71.4 296.7 71.7 295.3 72.0 293.7 72.2 292.0
  72.5 290.1 72.7 288.0 72.8 285.9 73.0 283.6 73.0 281.3 73.1 278.9 73.1 276.6
  73.0 274.3 73.0 272.0 72.9 269.7 72.8 267.5 72.8 265.3 72.7 263.2 72.6 261.1
  72.4 259.1 72.3 257.2 72.1 255.3 71.9 253.6 71.7 251.4 71.4 249.4 71.2 247.4
  70.9 245.5 70.5 243.7 70.2 241.8 69.8 240.1 69.5 238.2 69.1 236.4 68.8 234.6
  68.4 232.8 68.0 231.0 67.6 229.2 67.3 227.6 67.0 226.0 66.7 224.5 66.4 223.1
  66.2 221.8 66.0 220.6 65.7 219.4 65.5 218.4 65.3 217.4 65.1 216.5 64.8 215.6
  64.6 214.7 64.3 214.0 64.1 213.3 63.8 212.7 63.5 211.9 63.3 211.1 63.1 210.5
  62.9 209.9 62.7 209.3 62.4 208.8 62.1 208.4 61.8 207.9 61.7 207.2 61.5 206.5
  61.3 205.8 61.1 205.2 60.9 204.5 60.7 204.0 60.7 203.4 60.6 202.8 60.6 202.3
  60.5 201.8 60.4 201.3 60.2 200.8 60.1 200.4 59.9 199.9 59.8 199.3 59.7 198.6
  59.6 198.0 59.5 197.5 59.4 197.0 59.3 196.5 59.1 196.0 59.0 195.6 58.7 195.2
  58.5 194.9 58.1 194.7 57.6 194.5 57.1 193.7 56.5 193.1 55.8 192.6 55.1 191.7
  54.7 190.8 54.2 190.1 53.7 189.4 53.3 188.5 52.8 187.6 52.9 186.7 53.0 185.9
  53.1 185.2 53.2 184.4 53.4 183.5 53.9 182.6 54.5 181.6 55.1 180.8 55.7 180.0
  56.5 179.0 57.3 178.2 58.1 177.3 58.8 176.6 59.4 175.7 60.1 174.7 60.7 174.1
  61.3 173.4 61.9 172.7 62.3 171.8 62.9 171.3 63.5 170.8 64.0 170.2 64.5 169.9
  64.9 169.7 65.3 169.5 65.7 169.2 66.0 168.9 66.3 169.0 66.6 169.2 66.8 169.3
  67.0 169.3 67.2 169.4 67.3 169.4 67.5 169.4 67.6 169.3 67.7 169.2 67.7 169.1
  67.8 169.0 67.8 168.8 67.8 168.6 67.9 168.4 67.9 168.1 68.0 167.8 68.2 167.6
  68.5 167.4 68.7 167.1 69.0 166.8 69.3 166.5 69.6 166.1 70.0 165.8 70.3 165.4
  70.7 165.1 71.0 164.7 71.4 164.4 71.7 164.1 72.0 163.7 72.5 163.5 72.9 163.3
  73.3 163.2 73.7 163.0 74.1 162.9 74.5 163.1 74.9 163.3 75.2 163.5 75.5 163.7
  75.7 163.9 75.9 164.0 76.1 164.1 76.2 164.3 76.3 164.4 76.4 164.4 76.6 164.4
  76.7 164.4 76.8 164.2 76.9 164.1 77.0 163.9 77.2 163.8 77.4 163.7 77.6 163.6
  77.8 163.5 78.0 163.4 78.2 163.2 78.5 163.0 78.7 162.8 78.9 162.5 79.1 162.3
  79.4 162.1 79.6 161.8 79.7 161.6 79.9 161.4 80.1 161.1 80.2 160.8 80.4 160.5
  80.5 160.3 80.6 160.0 80.7 159.8 80.8 159.6 80.9 159.5 81.0 159.3 81.1 159.3
  81.1 159.5 81.2 159.9 81.2 160.5 81.2 161.3 81.1 162.3 81.1 163.5 81.0 165.0
  80.9 166.7 80.7 168.6 80.4 170.6
   5 11 64  0.0
  72.5 321.4 72.1 320.6 71.6 319.8 71.3 319.4 71.0 319.1 70.7 318.7 70.4 318.4
  70.2 318.0 70.0 317.7 69.8 317.6 69.7 317.5 69.5 317.4 69.4 317.3 69.3 317.3
  69.2 317.2 69.1 317.1 69.0 316.9 68.9 316.7 68.9 316.4 68.8 316.1 68.8 315.8
  68.9 315.4 69.0 315.0 69.2 314.5 69.3 314.0 69.4 313.4 69.5 312.8 69.6 312.2
  69.7 311.5 69.9 310.9 70.1 310.2 70.3 309.7 70.5 309.2 70.7 308.6 70.8 308.1
  71.0 307.7 71.2 307.2 71.4 306.8 71.6 306.2 71.8 305.7 72.0 305.0 72.2 304.3
  72.3 303.5 72.6 302.7 72.8 301.7 73.0 300.7 73.2 299.6 73.4 298.4 73.7 297.2
  73.9 295.8 74.1 294.3 74.3 292.7 74.5 290.9 74.6 289.0 74.8 286.9 74.9 284.7
  75.1 282.4 75.2 280.1 75.4 277.6 75.6 275.2 75.8 272.8 76.0 270.5 76.3 268.7
  76.5 266.9 76.8 265.3 77.0 263.7 77.3 262.2 77.5 260.8 77.7 259.5 77.9 258.3
  78.1 257.1 78.3 255.9 78.4 254.8 78.5 253.8 78.7 252.8 78.8 252.0 78.8 251.3
  78.9 250.6 79.0 250.1 79.0 249.6 79.1 249.3 79.1 249.0 79.2 248.9 79.2 248.8
  79.2 248.9 79.3 249.0 79.3 249.1 79.3 249.1 79.3 249.2 79.3 249.2 79.2 249.2
  79.2 249.2 79.1 249.1 79.0 249.1 78.9 249.0 78.8 248.9 78.7 248.8 78.5 248.6
  78.3 248.4 78.2 248.2 78.0 247.9 77.8 247.5 77.6 247.0 77.4 246.5 77.2 246.0
  77.0 245.5 76.7 244.9 76.5 244.3 76.2 243.8 75.9 243.2 75.6 242.4 75.4 241.5
  75.0 240.7 74.7 239.8 74.4 238.9 74.0 238.0 73.7 237.1 73.3 236.1 72.9 235.1
  72.6 234.2 72.2 233.3 71.7 232.4 71.3 231.6 71.0 230.9 70.6 230.3 70.2 229.7
  69.9 229.1 69.5 228.6 69.2 228.2 68.8 227.8 68.5 227.5 68.2 227.2 67.8 227.0
  67.5 227.0 67.2 227.0 66.8 227.0 66.5 227.0 66.1 227.1 65.7 227.2 65.4 227.3
  65.0 227.5 64.7 227.8 64.4 228.1 64.0 228.4 63.6 228.8 63.3 229.2 63.0 229.6
  62.6 230.0 62.2 230.4 61.8 230.8 61.4 231.2 61.0 231.6 60.5 231.9 60.0 232.3
  59.5 232.7 59.0 232.7 58.5 232.8 58.0 232.8 57.5 232.4 57.0 232.0 56.6 231.6
  56.1 231.1 55.5 230.6 55.1 230.0 54.7 229.2 54.4 228.4 54.1 227.5 53.7 226.5
  53.4 225.5 53.1 224.3 52.8 223.1 52.6 221.7 52.5 220.3 52.4 218.7 52.1 217.0
  51.8 215.1 51.2 213.4 50.6 211.7 49.9 209.7 49.2 208.1 48.5 206.3 48.1 204.3
  47.7 202.2 47.4 200.5 47.0 198.9 46.7 197.2 46.3 195.5 46.0 193.9 45.6 192.6
  45.2 191.3 45.0 190.0 44.8 188.8 44.6 187.6 44.6 186.5 44.5 185.6 44.5 184.7
  44.3 183.8 44.4 183.0 44.5 182.2 44.6 181.4 44.7 180.6 44.8 180.0 45.1 179.3
  45.5 178.7 46.0 178.1 46.5 177.6 47.1 176.7 47.8 175.8 48.6 175.0 49.6 174.1
  50.7 173.3 51.9 172.7 53.2 172.1 54.6 171.5 55.6 170.9 56.6 170.3 57.5 169.8
  58.4 169.3 59.2 168.8 59.8 168.2 60.4 167.6 60.9 166.7 61.3 165.9 61.8 165.1
  62.3 164.3 62.7 163.3 63.2 162.3 63.6 161.3 64.1 160.4 64.6 159.5 65.0 158.4
  65.4 157.3 65.9 156.0 66.3 154.6 66.8 153.1 67.3 151.6 67.5 149.9 67.7 148.3
  68.0 146.6 67.9 145.1 67.9 143.5
   5 12 64  0.0
  72.5 321.4 72.1 320.5 71.7 319.6 71.3 318.7 70.9 317.8 70.6 317.0 70.3 316.1
  70.0 315.2 69.7 314.4 69.4 313.6 69.2 312.8 69.0 312.0 68.8 311.2 68.7 310.4
  68.5 309.6 68.4 308.7 68.3 307.7 68.2 306.7 68.1 305.6 68.1 304.5 68.0 303.3
  68.0 302.1 68.0 300.9 67.9 299.7 67.9 298.5 67.9 297.3 67.9 296.1 67.9 294.9
  67.9 293.7 67.9 292.5 68.0 291.3 68.0 290.1 68.0 288.9 68.1 287.5 68.1 286.2
  68.2 284.7 68.3 283.3 68.4 281.8 68.5 280.3 68.5 278.8 68.6 277.2 68.7 275.7
  68.8 274.1 68.8 272.5 68.9 270.9 68.9 269.3 68.9 267.7 69.0 266.2 69.0 264.6
  69.1 263.1 69.1 261.6 69.2 260.2 69.2 258.9 69.2 257.6 69.2 256.3 69.3 255.0
  69.3 253.8 69.3 252.5 69.2 251.3 69.2 250.0 69.2 248.8 69.1 247.5 69.0 246.3
  68.9 245.1 68.8 244.0 68.7 242.9 68.6 241.9 68.5 240.9 68.3 240.0 68.1 239.0
  67.9 238.2 67.7 237.2 67.5 236.1 67.3 235.2 67.0 234.2 66.7 233.2 66.4 232.1
  66.1 231.0 65.7 229.9 65.3 228.6 65.0 227.2 64.4 225.8 64.0 224.2 63.5 222.9
  63.0 221.6 62.5 220.1 62.0 218.6 61.8 217.1 61.7 216.0 61.6 215.0 61.7 214.0
  61.9 213.0 62.0 212.1 62.2 210.6 62.5 209.3 62.9 208.1 63.2 207.0 63.6 206.0
  64.0 205.2 64.4 204.6 64.9 203.2 65.4 202.0 65.8 201.0 66.3 200.1 66.9 198.9
  67.3 197.7 67.8 196.5 68.2 195.4 68.6 193.6 69.0 191.9 69.3 190.4 69.7 189.1
  70.0 187.9 70.3 186.7 70.7 185.6 71.0 184.5 71.3 183.6 71.6 182.8 71.9 182.1
  72.2 181.4 72.5 180.4 72.8 179.5 73.0 178.5 73.3 177.5 73.6 176.4 73.9 175.3
  74.1 174.1 74.4 172.7 74.6 171.1 74.8 169.5 75.0 167.7 75.1 165.8 75.1 163.9
  75.1 161.8 75.1 159.7 74.9 157.8 74.8 156.0 74.5 154.3 74.3 152.7 74.0 151.3
  73.7 150.0 73.3 148.9 73.0 147.9 72.6 147.0 72.2 146.2 71.8 145.5 71.5 144.7
  71.1 144.0 70.7 143.4 70.3 142.7 69.9 142.2 69.4 141.7 69.0 141.3 68.5 140.9
  68.0 140.7 67.6 140.5 67.1 140.6 66.6 140.7 66.0 140.8 65.4 140.9 64.9 141.1
  64.3 141.3 63.6 141.4 63.0 141.6 62.4 141.8 61.7 142.0 61.1 142.2 60.4 142.4
  59.8 142.5 59.1 142.6 58.4 142.8 57.8 143.0 57.2 143.1 56.6 143.3 56.1 143.6
  55.6 143.9 55.2 144.0 54.9 144.1 54.4 144.3 54.0 144.5 53.6 144.2 53.2 143.9
  53.1 143.7 53.0 143.5 52.9 143.3 52.7 143.2 52.5 143.1 52.4 143.0 52.2 142.9
  51.9 142.9 51.7 142.8 51.5 142.7 51.3 142.6 51.1 142.7 50.9 142.7 50.7 142.8
  50.5 142.8 50.2 142.9 50.0 143.0 49.7 142.7 49.4 142.5 49.1 142.4 48.8 142.2
  48.4 142.1 48.0 142.1 47.6 142.0 47.2 141.9 46.8 141.7 46.4 141.6 45.9 141.5
  45.4 141.2 45.0 140.9 44.5 140.6 43.9 140.4 43.4 139.9 43.0 139.5 42.5 139.2
  42.1 138.9 41.6 138.7 41.1 138.3 40.6 137.9 40.1 137.6 39.5 137.4 38.9 136.9
  38.2 136.6 37.4 136.2 36.5 135.6 36.2 134.9 35.7 134.2 35.3 133.2 34.7 132.2
  34.2 131.2 34.3 130.1 34.4 129.0 34.4 128.0 35.0 126.9 35.5 125.8 36.1 124.7
  36.7 124.3 37.3 123.8 38.1 123.4
   5 13 64  0.0
  72.5 321.4 72.2 320.6 71.9 319.9 71.7 318.8 71.5 317.6 71.3 316.4 71.2 315.2
  71.0 314.0 70.8 312.8 70.7 311.6 70.5 310.4 70.4 309.3 70.2 308.1 70.1 307.0
  69.9 305.9 69.8 304.5 69.6 303.2 69.6 301.8 69.5 300.5 69.4 299.1 69.4 297.7
  69.4 296.3 69.5 294.9 69.5 293.5 69.6 292.0 69.6 290.5 69.6 289.1 69.7 287.6
  69.7 286.1 69.6 284.6 69.6 283.1 69.6 281.5 69.6 280.0 69.6 278.4 69.6 276.8
  69.7 275.2 69.8 273.6 69.9 272.1 70.0 270.6 70.1 269.1 70.3 268.0 70.5 266.9
  70.6 265.7 70.8 264.6 71.0 263.5 71.1 262.3 71.2 261.2 71.4 260.2 71.5 259.1
  71.7 258.1 71.8 257.1 71.9 256.2 72.1 255.2 72.2 254.5 72.2 253.7 72.3 253.0
  72.4 252.3 72.6 251.7 72.6 251.1 72.7 250.4 72.8 249.8 72.9 249.2 73.0 248.6
  73.1 248.0 73.2 247.3 73.3 246.6 73.3 246.0 73.4 245.3 73.5 244.6 73.6 243.9
  73.7 243.2 73.8 242.6 73.9 241.8 74.1 241.1 74.2 240.6 74.3 240.1 74.4 239.6
  74.5 239.2 74.6 238.7 74.7 238.3 74.9 237.8 75.0 237.4 75.1 237.0 75.2 236.6
  75.3 236.2 75.4 235.8 75.6 235.4 75.7 235.0 75.8 234.7 75.9 234.3 76.0 234.0
  76.2 233.3 76.3 232.7 76.4 232.1 76.5 231.4 76.6 230.8 76.7 230.2 76.8 229.6
  76.9 229.1 77.0 228.7 77.0 228.4 77.1 228.2 77.0 228.1 77.0 228.1 76.9 228.3
  76.8 228.5 76.7 228.8 76.5 229.1 76.3 229.5 76.0 230.0 75.7 231.0 75.4 231.8
  75.1 232.4 74.8 233.0 74.4 233.4 73.9 233.7 73.5 233.7 73.0 233.5 72.6 233.3
  72.0 233.0 71.5 232.7 71.0 231.8 70.4 230.9 69.8 229.9 69.2 228.4 68.7 226.9
  68.2 225.3 67.7 223.7 67.4 221.9 67.2 220.1 66.9 218.2 66.9 216.2 67.0 214.2
  67.3 212.0 67.7 209.8 68.2 207.7 68.9 205.3 69.5 202.9 70.1 200.6 70.8 198.4
  71.5 196.4 72.1 194.4 72.8 192.8 73.5 191.2 74.0 189.6 74.6 188.2 75.3 186.7
  75.8 185.1 76.2 183.5 76.7 182.0 77.2 180.3 77.6 178.5 78.0 176.5 78.3 174.4
  78.6 172.3 78.9 170.1 79.0 167.8 79.1 165.4 79.1 163.1 79.1 160.9 79.1 158.7
  78.9 156.7 78.8 154.7 78.6 152.9 78.5 151.2 78.2 149.6 77.9 148.3 77.7 147.0
  77.4 146.0 77.0 145.0 76.7 144.2 76.4 143.3 76.0 142.5 75.6 141.6 75.3 140.9
  74.9 140.1 74.6 139.4 74.1 138.7 73.7 138.0 73.3 137.4 72.9 136.9 72.5 136.4
  72.1 135.9 71.6 135.4 71.2 135.3 70.7 135.1 70.3 135.0 69.8 134.8 69.4 134.9
  68.9 134.9 68.5 135.0 68.0 135.0 67.5 135.0 67.1 135.2 66.6 135.3 66.0 135.3
  65.4 135.3 64.8 135.3 64.2 135.2 63.5 135.1 62.9 135.1 62.3 135.1 61.7 135.1
  61.1 135.3 60.5 135.5 60.0 135.7 59.5 135.9 59.1 136.2 58.7 136.6 58.4 136.9
  58.0 137.2 57.7 137.6 57.4 137.5 57.1 137.5 56.8 137.3 56.5 137.1 56.1 136.8
  55.9 136.5 55.6 135.9 55.3 135.4 54.9 134.9 54.6 134.4 54.2 134.0 53.8 133.6
  53.5 133.1 53.1 132.6 52.7 132.1 52.4 131.6 52.0 131.1 51.8 130.5 51.5 129.9
  51.2 129.2 50.9 128.6 50.6 128.0 50.2 127.3 49.8 126.7 49.5 125.9 49.2 125.1
  48.9 124.3 48.6 123.3 48.5 122.4
   5 14 64  0.0
  72.5 321.4 72.5 321.1 72.5 320.8 72.4 320.5 72.4 320.2 72.3 319.9 72.2 319.5
  72.2 319.2 72.1 318.8 72.0 318.4 71.9 317.3 71.8 316.2 71.6 315.1 71.6 313.9
  71.5 312.8 71.4 311.7 71.4 310.6 71.4 309.5 71.3 308.4 71.3 307.3 71.2 306.2
  71.2 305.1 71.2 304.0 71.2 302.8 71.2 301.7 71.2 300.7 71.2 299.6 71.3 298.6
  71.3 297.6 71.4 296.7 71.4 295.7 71.5 294.8 71.5 293.9 71.5 292.9 71.6 292.0
  71.6 291.1 71.6 290.2 71.6 289.3 71.5 288.3 71.5 287.3 71.5 286.3 71.5 285.2
  71.5 284.2 71.6 283.1 71.6 282.0 71.6 280.8 71.7 279.7 71.7 278.6 71.7 277.5
  71.8 276.4 71.8 275.3 71.9 274.1 71.9 272.9 72.0 271.7 72.1 270.7 72.3 269.7
  72.4 268.8 72.6 267.8 72.8 266.9 73.0 266.0 73.2 265.1 73.4 264.2 73.7 263.2
  73.8 262.3 74.0 261.3 74.2 260.3 74.4 259.3 74.5 258.3 74.7 257.3 74.9 256.3
  75.1 255.3 75.3 254.3 75.5 253.3 75.7 252.4 75.9 251.4 76.1 250.5 76.3 249.3
  76.5 248.1 76.7 246.9 76.9 245.8 77.1 244.7 77.3 243.6 77.4 242.6 77.6 241.6
  77.8 240.7 78.0 239.7 78.2 238.8 78.4 237.5 78.6 236.1 78.9 234.8 79.1 233.4
  79.4 232.1 79.7 230.8 80.0 229.4 80.3 228.1 80.6 226.2 81.0 224.3 81.4 222.2
  81.7 220.0 82.1 217.7 82.6 215.2 83.0 212.5 83.4 209.5 83.8 206.1 84.1 202.4
  84.5 199.6 84.8 196.7 85.1 193.6 85.4 190.3 85.7 186.8 85.9 182.9 86.1 178.5
  86.4 176.6 86.7 174.3 86.9 171.6 87.1 168.4 87.3 164.7 87.5 160.5 87.7 155.6
  87.8 150.1 88.0 144.1 88.1 137.7 88.3 131.1 88.5 124.3 88.7 117.5 88.9 110.7
  89.1 103.7 89.3  96.1 89.5  85.9 89.6  72.2 89.5  72.1 89.5  71.9 89.4  71.8
  89.3  71.7 89.2  71.6 89.2  71.5 89.2  71.4 89.1  71.2 89.1  71.1 89.1  71.0
  89.1  70.9 89.0  70.7 89.0  70.6 89.0  70.5 88.9  70.3 88.9  70.2 88.9  70.1
  88.8  70.0 88.8  69.9 88.8  69.8 88.8  69.7 88.7  69.6 88.7  69.6 88.7  69.5
  88.7  69.5 88.7  69.5 88.6  69.5 88.6  69.5 88.6  69.5 88.6  69.5 88.5  69.5
  88.5  69.5 88.5  69.5 88.4  69.5 88.4  69.6 88.4  69.6 88.3  69.6 88.3  69.7
  88.3  69.7 88.2  69.8 88.2  69.8 88.2  69.9 88.1  70.0 88.1  70.0 88.0  70.1
  88.0  70.2 88.0  70.3 87.9  70.4 87.9  70.5 87.9  70.7 87.8  70.8 87.8  70.9
  87.7  71.0 87.7  71.2 87.6  71.3 87.5  71.4 87.5  71.5 87.4  71.6 87.4  71.7
  87.3  71.8 87.2  71.9 87.2  72.0 87.1  72.1 87.0  72.2 87.0  72.3 86.9  72.3
  86.8  72.4 86.7  72.5 86.6  72.6 86.5  72.7 86.3  72.7 86.2  72.8 86.1  72.9
  85.9  73.0 85.8  73.1 85.7  73.2 85.6  73.3 85.5  73.4 85.4  73.5 85.2  73.5
  85.1  73.6 84.9  73.7 84.8  73.8 84.6  73.8 84.4  73.9 84.2  73.9 83.9  74.0
  83.7  74.1 83.5  74.2 83.3  74.3 83.0  74.3 82.8  74.4 82.5  74.5 82.3  74.6
  82.0  74.6 81.7  74.8 81.5  75.0 81.2  75.2 81.0  75.3 80.7  75.5 80.5  75.7
  80.3  75.9 80.0  76.0 79.7  76.2 79.5  76.3 79.3  76.5 79.1  76.6 78.9  76.7
  78.7  76.9 78.5  77.0 78.3  77.2
   5 15 64  0.0
  72.5 321.4 72.5 321.0 72.6 320.6 72.7 320.2 72.8 319.9 72.9 319.6 73.0 319.4
  73.1 319.2 73.3 319.0 73.5 318.9 73.6 318.8 73.8 318.8 74.1 318.8 74.3 319.0
  74.5 319.3 74.7 319.5 74.9 319.8 75.1 320.0 75.2 320.3 75.2 320.6 75.3 320.8
  75.3 321.1 75.3 321.3 75.3 321.6 75.3 321.8 75.3 322.1 75.2 322.3 75.2 322.5
  75.1 322.7 75.0 322.8 74.8 322.9 74.7 323.0 74.5 323.0 74.3 323.0 74.1 323.0
  73.9 322.9 73.7 322.4 73.4 321.9 73.2 321.4 72.9 320.8 72.7 320.2 72.4 319.7
  72.2 319.1 72.0 318.4 71.8 317.8 71.6 316.6 71.5 315.3 71.3 314.0 71.2 312.8
  71.1 311.5 71.0 310.2 70.9 309.0 70.7 307.8 70.6 306.6 70.5 305.4 70.4 304.3
  70.3 303.2 70.2 302.1 70.1 301.0 70.0 300.0 69.9 298.9 69.9 297.8 69.8 296.6
  69.8 295.5 69.8 294.3 69.8 293.2 69.8 292.0 69.8 290.7 69.9 289.5 69.9 288.2
  69.9 286.9 69.9 285.6 70.0 284.4 70.0 283.1 70.0 281.8 70.0 280.7 70.0 279.5
  70.1 278.4 70.1 277.2 70.2 276.0 70.2 274.9 70.3 273.7 70.4 272.5 70.5 271.3
  70.7 270.2 71.0 269.1 71.2 267.9 71.4 266.8 71.6 265.6 71.8 264.4 71.9 263.2
  72.1 262.1 72.3 261.1 72.5 260.2 72.7 259.3 72.8 258.4 73.0 257.5 73.2 256.7
  73.4 255.8 73.5 255.0 73.6 254.1 73.8 253.3 73.9 252.6 74.1 251.9 74.2 251.1
  74.3 250.3 74.4 249.6 74.5 248.9 74.7 248.3 74.8 247.6 75.0 247.0 75.1 246.4
  75.2 245.8 75.4 245.2 75.5 244.6 75.7 244.0 75.8 243.4 75.9 242.8 76.1 242.2
  76.3 241.3 76.5 240.5 76.7 239.7 76.8 238.9 77.0 238.1 77.2 237.3 77.4 236.6
  77.6 235.8 77.8 235.0 78.0 234.3 78.2 233.5 78.4 232.3 78.6 231.0 78.9 229.7
  79.1 228.4 79.4 227.1 79.6 225.6 79.9 224.2 80.1 222.6 80.4 220.5 80.7 218.2
  81.0 215.9 81.4 213.3 81.7 210.7 82.1 207.8 82.5 204.7 82.9 201.2 83.3 197.2
  83.6 192.9 83.9 187.9 84.2 182.4 84.4 177.8 84.6 172.9 84.8 167.7 84.8 162.4
  84.8 157.2 84.7 152.3 84.6 147.9 84.3 144.2 84.0 141.0 83.7 137.5 83.4 134.6
  83.1 132.3 82.8 130.4 82.4 129.0 81.9 127.8 81.6 126.8 81.3 126.1 80.9 125.6
  80.4 125.2 79.9 124.9 79.5 124.6 79.0 124.4 78.4 124.3 77.9 124.2 77.4 123.9
  76.9 123.7 76.5 123.5 76.0 123.3 75.5 123.1 75.1 122.6 74.7 122.0 74.4 121.4
  74.0 120.9 73.6 120.0 73.3 119.2 73.0 118.5 72.7 117.9 72.3 117.5 72.0 117.1
  71.7 116.3 71.4 115.6 71.2 114.9 71.0 114.2 70.9 113.5 70.7 112.8 70.6 112.1
  70.5 111.4 70.6 110.6 70.6 109.9 70.7 109.0 70.7 108.2 70.8 107.4 70.9 106.5
  71.0 105.6 71.2 104.7 71.3 103.8 71.4 102.9 71.5 102.0 71.6 101.0 71.7 100.0
  71.8  99.0 71.7  98.0 71.6  96.9 71.6  95.8 71.5  94.7 71.3  93.7 71.2  92.6
  71.0  91.5 70.9  90.4 70.8  89.3 70.7  88.1 70.7  87.0 70.6  85.7 70.7  84.4
  70.7  83.0 70.7  81.5 70.8  80.0 70.8  79.4 70.7  78.8 70.7  78.2 70.7  77.7
  70.7  77.1 70.7  76.6 70.8  76.0 70.8  75.5 70.8  74.9 70.8  74.4 70.7  73.9
  70.7  73.4 70.7  72.9 70.7  72.4
   5 16 64  0.0
  72.5 321.4 72.3 320.1 72.2 318.9 72.0 317.9 71.7 316.8 71.5 315.8 71.2 314.9
  70.9 314.1 70.5 313.3 70.2 312.6 69.8 311.9 69.5 311.3 69.1 310.8 68.8 310.3
  68.4 309.8 68.0 309.3 67.6 309.0 67.1 308.6 66.7 308.2 66.2 307.8 65.8 307.3
  65.4 307.0 64.9 306.6 64.4 306.2 63.9 305.8 63.4 305.5 62.9 305.2 62.3 304.8
  61.8 304.5 61.2 304.2 60.7 303.9 60.3 303.5 59.8 303.1 59.3 302.8 58.7 302.5
  58.0 302.1 57.2 301.8 56.4 301.5 55.5 301.1 54.7 300.6 54.0 300.0 53.5 299.0
  53.1 298.0 52.6 296.9 52.2 295.8 51.9 294.5 51.6 293.0 51.3 291.5 51.3 290.0
  51.2 288.4 51.1 286.9 51.2 285.4 51.3 284.0 51.7 282.6 52.0 281.3 52.3 280.1
  52.7 279.0 53.3 277.9 53.9 276.9 54.5 275.9 55.2 275.1 55.8 274.3 56.4 273.5
  57.0 272.7 57.5 272.0 58.0 271.3 58.4 270.6 58.8 269.9 59.2 269.3 59.6 268.6
  59.9 267.9 60.2 267.1 60.5 266.3 60.8 265.3 61.1 264.4 61.3 263.4 61.4 262.3
  61.6 261.3 61.8 260.3 61.9 259.3 62.0 258.2 62.1 257.2 62.2 256.2 62.3 255.2
  62.4 254.1 62.5 252.9 62.6 251.8 62.6 250.7 62.6 249.5 62.7 248.4 62.7 247.2
  62.7 246.1 62.7 245.0 62.7 243.8 62.6 242.7 62.6 241.6 62.5 240.5 62.4 239.4
  62.3 238.4 62.2 237.5 62.0 236.7 61.8 235.9 61.6 235.1 61.3 234.4 61.1 233.8
  60.7 233.2 60.4 232.7 60.1 232.2 59.7 231.7 59.2 231.0 58.7 230.4 58.1 229.8
  57.5 229.2 56.9 228.3 56.3 227.4 55.5 226.6 54.7 225.2 53.9 223.9 53.3 222.1
  52.6 220.2 52.0 218.2 51.5 216.2 51.1 214.1 50.9 212.3 50.6 210.6 50.3 209.1
  50.1 207.8 50.0 206.6 49.9 205.6 49.7 204.8 49.6 204.0 49.5 203.3 49.5 202.7
  49.4 202.2 49.3 201.7 49.2 201.3 49.0 200.9 48.9 200.5 48.7 200.1 48.5 199.8
  48.3 199.4 48.1 199.0 47.8 198.6 47.5 198.2 47.2 197.8 46.8 197.3 46.5 196.9
  46.2 196.4 45.9 196.0 45.8 195.5 45.7 195.1 45.6 194.7 45.5 194.3 45.5 193.9
  45.5 193.6 45.6 193.3 45.7 193.0 45.8 192.7 45.9 192.4 46.1 192.0 46.2 191.7
  46.3 191.3 46.5 190.9 46.6 190.5 46.8 190.1 47.0 189.7 47.2 189.4 47.5 189.0
  47.8 188.7 48.1 188.3 48.5 188.1 48.9 187.9 49.3 187.7 49.7 187.5 50.1 187.3
  50.6 187.1 51.2 186.9 51.8 186.7 52.4 186.5 53.0 186.2 53.7 186.0 54.4 185.7
  55.1 185.3 55.8 185.0 56.4 184.6 57.0 184.1 57.6 183.6 58.1 183.1 58.7 182.7
  59.2 182.2 59.7 181.7 60.2 181.3 60.7 180.8 61.2 180.3 61.6 179.7 61.9 179.2
  62.2 178.5 62.5 177.9 62.8 177.3 63.1 176.6 63.3 176.0 63.5 175.2 63.7 174.5
  63.8 173.8 64.1 173.1 64.3 172.7 64.5 172.2 64.8 171.7 64.9 171.2 65.1 170.7
  65.3 170.2 65.6 169.6 65.8 169.1 66.1 168.5 66.3 168.1 66.6 167.5 66.9 167.0
  67.2 166.3 67.4 165.7 67.7 165.1 67.9 164.5 68.0 163.8 68.2 163.1 68.2 162.4
  68.3 161.6 68.3 160.9 68.3 160.1 68.3 159.4 68.1 158.7 67.9 158.0 67.8 157.6
  67.6 157.3 67.4 157.0 67.3 156.6 67.1 156.3 67.0 156.0 66.8 155.7 66.6 155.3
  66.4 155.0 66.3 154.6 66.1 154.2
   5 17 64  0.0
  72.5 321.4 72.1 320.2 71.6 319.1 71.1 318.3 70.5 317.5 69.8 316.9 69.2 316.4
  68.5 316.0 67.7 315.7 66.9 315.5 66.1 315.3 65.3 315.1 64.6 315.1 63.9 315.0
  63.2 315.0 62.6 315.2 62.1 315.3 61.6 315.5 61.2 315.7 60.7 316.0 60.3 316.2
  59.7 316.5 59.1 316.7 58.5 316.9 57.9 317.1 57.2 317.0 56.6 316.9 55.9 316.8
  55.3 316.4 54.7 316.0 54.0 315.6 53.6 315.2 53.2 314.4 52.7 313.6 52.2 312.8
  51.7 312.0 51.5 310.7 51.2 309.4 50.9 308.1 50.7 306.7 50.7 305.3 50.7 303.8
  50.8 302.3 50.9 300.8 51.0 299.4 51.3 298.0 51.6 296.6 51.8 295.3 52.5 294.0
  53.1 293.0 53.8 291.9 54.4 290.9 54.9 290.1 55.5 289.2 56.0 288.4 56.6 287.7
  57.1 287.0 57.6 286.2 58.1 285.5 58.6 284.9 59.2 284.2 59.7 283.5 60.2 282.8
  60.7 282.2 61.1 281.6 61.5 281.0 61.9 280.4 62.2 279.8 62.5 279.2 62.8 278.6
  63.1 278.0 63.4 277.4 63.6 276.8 63.9 276.1 64.1 275.4 64.3 274.8 64.4 274.1
  64.6 273.5 64.7 272.8 64.9 272.1 65.0 271.5 65.1 270.8 65.2 270.2 65.3 269.5
  65.4 268.9 65.6 268.3 65.7 267.6 65.8 266.9 65.8 266.2 65.9 265.5 66.0 264.7
  66.0 264.0 66.1 263.3 66.2 262.6 66.3 261.9 66.4 261.3 66.5 260.6 66.5 259.9
  66.7 259.2 66.8 258.5 66.9 257.8 67.0 257.0 67.1 256.3 67.2 255.5 67.3 254.7
  67.4 254.0 67.5 253.2 67.5 252.4 67.6 251.6 67.7 250.8 67.9 250.0 68.0 249.2
  68.1 248.4 68.1 247.8 68.3 247.2 68.4 246.6 68.5 246.0 68.6 245.4 68.7 244.8
  68.8 244.2 68.9 243.6 69.1 243.1 69.2 242.5 69.4 241.8 69.5 241.1 69.7 240.4
  69.8 239.7 69.9 238.9 70.0 238.1 70.2 237.3 70.3 236.6 70.4 235.9 70.6 235.1
  70.8 234.4 71.0 233.6 71.2 232.9 71.4 232.2 71.6 231.5 71.9 230.8 72.2 230.1
  72.4 229.5 72.7 228.9 73.0 228.3 73.3 227.8 73.7 227.3 74.1 226.8 74.5 226.0
  74.8 225.2 75.2 224.3 75.5 223.4 75.9 222.5 76.2 221.6 76.6 220.3 77.0 218.9
  77.3 217.4 77.7 215.9 78.0 214.3 78.3 212.7 78.7 210.7 79.0 208.6 79.4 206.4
  79.7 204.2 80.0 201.8 80.2 199.3 80.5 196.6 80.8 193.8 81.0 190.9 81.1 188.0
  81.1 185.1 81.1 182.2 81.1 179.5 80.9 176.9 80.8 174.3 80.7 172.0 80.5 169.7
  80.4 167.6 80.1 165.7 80.0 163.8 79.8 162.4 79.7 161.1 79.6 159.8 79.5 158.5
  79.4 157.1 79.3 155.6 79.2 154.0 79.1 152.3 78.9 150.5 78.6 148.7 78.3 146.8
  77.9 145.0 77.6 143.8 77.1 142.6 76.6 141.4 76.0 140.3 75.4 139.3 74.8 138.8
  74.2 138.3 73.6 137.8 73.1 137.8 72.5 137.8 71.9 137.8 71.3 138.3 70.6 138.8
  70.0 139.2 69.3 139.6 68.6 139.9 67.8 140.2 67.3 140.8 66.8 141.5 66.3 142.2
  65.8 142.8 65.3 143.9 64.9 145.1 64.4 146.3 63.9 147.4 63.4 148.6 62.8 149.7
  62.3 150.9 61.7 152.0 61.1 152.6 60.7 153.3 60.2 153.9 59.6 154.5 59.1 154.8
  58.6 155.1 58.1 155.5 57.5 155.9 57.0 156.1 56.3 156.4 55.5 156.7 54.7 156.5
  54.0 156.3 53.3 156.2 52.6 155.9 52.1 155.5 51.6 155.2 51.2 154.7 50.7 154.1
  50.3 153.6 50.0 153.1 49.6 152.3
   5 18 64  0.0
  72.5 321.4 72.2 320.4 71.8 319.4 71.5 318.9 71.0 318.4 70.6 317.9 70.1 317.4
  69.5 317.0 68.9 316.7 68.2 316.4 67.6 316.1 66.9 316.0 66.2 315.7 65.5 315.5
  64.9 315.6 64.4 315.8 63.9 316.0 63.6 316.5 63.3 316.9 63.0 317.4 62.8 318.0
  62.5 318.7 62.4 319.4 62.2 320.2 62.0 321.2 61.9 322.2 61.7 323.1 61.5 324.2
  61.2 325.3 60.9 326.4 60.6 327.4 60.3 328.5 60.0 329.5 59.6 330.2 59.3 330.9
  59.0 331.5 58.6 332.1 58.3 332.5 58.0 333.0 57.7 333.4 57.4 333.5 57.1 333.6
  56.7 333.7 56.4 333.9 56.0 334.1 55.6 334.1 55.3 334.2 55.0 334.2 54.6 334.3
  54.3 334.4 54.0 334.5 53.7 334.6 53.4 334.5 53.1 334.4 52.7 334.3 52.4 334.2
  52.0 334.1 51.6 333.9 51.2 333.8 50.7 333.7 50.2 333.7 49.6 333.6 49.1 333.6
  48.5 333.5 47.8 333.6 47.2 333.5 46.5 333.5 45.7 333.5 44.9 333.3 44.0 333.1
  43.1 332.9 42.2 332.4 41.2 331.9 40.4 331.2 39.6 330.5 38.8 329.7 37.9 328.9
  37.1 328.1 36.2 327.3 35.9 326.4 35.5 325.4 35.1 324.3 34.7 323.2 34.8 322.1
  34.9 321.0 35.0 319.9 35.6 318.8 36.2 317.8 36.8 316.7 37.4 315.6 38.2 314.4
  38.9 313.3 39.6 312.2 40.3 311.0 40.9 310.1 41.6 309.1 42.2 308.3 42.9 307.7
  43.5 307.1 44.0 306.5 44.6 306.2 45.2 305.9 45.8 305.6 46.3 305.3 46.9 305.2
  47.4 305.2 47.9 305.1 48.3 305.1 48.8 305.2 49.2 305.2 49.6 305.3 49.9 305.4
  50.2 305.6 50.4 305.7 50.6 305.8 50.7 306.0 50.8 306.3 50.8 306.6 50.9 306.9
  50.9 307.3 50.8 307.8 50.7 308.3 50.5 308.8 50.2 309.3 50.0 309.8 49.8 310.3
  49.5 310.8 49.3 311.3 49.1 311.8 48.8 312.3 48.5 312.8 48.2 313.2 47.8 313.6
  47.5 313.9 47.2 314.2 46.8 314.4 46.5 314.6 46.1 314.8 45.7 314.9 45.4 314.6
  45.0 314.4 44.7 314.1 44.3 313.8 44.0 313.4 43.6 312.8 43.3 312.2 42.9 311.6
  42.4 310.9 41.8 310.3 41.3 309.3 40.8 308.2 40.3 307.1 40.0 306.0 39.7 304.8
  39.4 303.3 39.3 301.8 39.1 300.2 38.9 298.5 38.9 296.9 38.8 295.2 39.0 293.6
  39.2 292.0 39.5 290.5 39.9 289.1 40.2 287.7 40.6 286.6 41.0 285.5 41.4 284.4
  41.7 283.3 42.1 282.3 42.5 281.3 42.9 280.3 43.3 279.4 43.6 278.4 44.0 277.5
  44.4 276.6 44.8 275.8 45.1 275.0 45.5 274.1 45.8 273.3 46.2 272.6 46.6 271.9
  47.1 271.2 47.5 270.5 48.0 269.8 48.4 269.2 48.9 268.5 49.4 267.9 49.8 267.3
  50.2 266.8 50.6 266.2 51.0 265.7 51.4 265.1 51.7 264.6 52.1 264.1 52.5 263.7
  52.9 263.3 53.3 262.9 53.6 262.6 53.9 262.3 54.3 261.9 54.6 261.6 54.8 261.3
  55.1 261.0 55.4 260.7 55.6 260.5 55.8 260.2 56.0 259.9 56.2 259.7 56.3 259.4
  56.5 259.2 56.6 259.0 56.7 258.7 56.9 258.5 57.0 258.3 57.1 258.1 57.1 257.9
  57.2 257.6 57.3 257.4 57.4 257.3 57.4 257.1 57.4 256.9 57.5 256.8 57.5 256.6
  57.5 256.5 57.5 256.4 57.5 256.3 57.5 256.3 57.5 256.2 57.5 256.2 57.5 256.2
  57.5 256.2 57.5 256.2 57.5 256.2 57.5 256.2 57.5 256.2 57.5 256.3 57.5 256.3
  57.5 256.4 57.5 256.5 57.5 256.5
   5 19 64  0.0
  72.5 321.4 72.2 320.5 71.9 319.5 71.6 319.1 71.2 318.6 70.9 318.1 70.6 317.5
  70.2 316.9 69.8 316.3 69.5 316.2 69.1 316.1 68.7 316.0 68.3 315.8 67.9 315.6
  67.6 315.9 67.2 316.2 67.0 316.5 66.7 316.8 66.5 317.2 66.3 317.5 66.1 317.8
  65.9 318.2 65.8 318.7 65.6 319.3 65.5 319.8 65.3 320.2 65.1 320.7 65.0 321.2
  64.8 321.8 64.6 322.3 64.4 322.8 64.1 323.4 63.9 324.0 63.7 324.9 63.5 325.8
  63.3 326.8 63.1 327.8 62.9 328.7 62.7 329.7 62.4 330.7 62.1 331.6 61.8 332.5
  61.4 333.3 60.9 334.1 60.4 334.8 59.8 335.4 59.1 335.8 58.3 336.1 57.6 336.4
  56.7 336.6 55.8 336.8 54.8 336.7 53.8 336.5 52.8 336.0 51.8 335.6 50.8 335.0
  49.9 334.4 49.0 333.5 48.2 332.6 47.4 331.8 46.7 330.6 46.1 329.4 45.6 328.0
  45.5 326.6 45.4 325.2 45.3 323.7 45.5 322.2 45.7 320.8 45.9 319.4 46.1 318.0
  46.2 316.6 46.3 315.2 46.5 313.8 46.6 312.5 46.6 311.1 46.8 309.8 46.9 308.5
  47.0 307.3 47.2 306.0 47.3 304.8 47.5 303.6 47.8 302.5 48.1 301.3 48.5 300.1
  48.9 298.9 49.4 297.8 49.9 296.8 50.3 295.8 50.7 294.7 51.1 293.6 51.5 292.6
  51.9 291.6 52.3 290.6 52.7 289.7 53.2 288.7 53.7 287.7 53.9 286.7 54.3 285.7
  54.6 284.8 55.0 283.8 55.2 282.9 55.4 281.9 55.7 280.9 56.0 279.8 56.2 278.9
  56.5 277.9 56.7 276.9 57.0 275.8 57.0 274.7 57.1 273.6 57.1 272.5 57.2 271.4
  57.0 270.3 56.9 269.3 56.8 268.2 56.8 267.1 56.6 266.0 56.5 265.0 56.4 264.0
  56.2 262.9 56.0 261.9 55.8 260.8 55.6 259.8 55.4 258.8 55.2 257.9 55.1 257.1
  54.9 256.3 54.7 255.5 54.5 254.8 54.2 254.1 54.0 253.5 53.7 252.8 53.5 252.1
  53.2 251.4 52.8 250.8 52.3 250.2 51.9 249.6 51.5 248.8 51.1 247.9 50.6 247.1
  50.1 246.3 49.6 245.5 49.2 244.6 48.8 243.7 48.2 242.8 47.6 241.9 47.0 240.9
  46.5 239.8 45.9 238.8 45.3 237.6 44.8 236.4 44.3 235.1 43.9 233.8 43.5 232.6
  43.2 231.3 42.9 230.0 42.6 228.5 42.3 227.0 42.3 225.5 42.2 224.0 42.3 222.5
  42.3 221.0 42.3 219.6 42.4 218.2 42.4 216.9 42.4 215.6 42.5 214.4 42.6 213.1
  42.7 211.8 42.7 210.6 42.7 209.3 42.6 208.2 42.5 207.0 42.4 206.0 42.2 204.9
  42.0 203.9 41.9 203.0 41.7 202.0 41.5 201.0 41.3 200.1 41.1 199.1 40.9 198.2
  40.7 197.3 40.4 196.5 40.2 195.7 39.9 194.9 39.7 194.0 39.4 193.0 39.2 192.2
  39.0 191.3 38.7 190.5 38.4 189.8 38.2 189.0 37.9 188.3 37.7 187.5 37.5 186.7
  37.4 186.0 37.2 185.2 37.1 184.5 37.0 183.8 36.9 183.1 36.9 182.4 36.9 181.7
  36.9 181.0 36.9 180.3 36.9 179.6 36.9 178.9 37.0 178.3 37.1 177.6 37.1 177.0
  37.2 176.3 37.3 175.7 37.6 175.1 37.9 174.6 38.1 174.0 38.4 173.5 38.6 173.1
  38.8 172.6 39.0 172.2 39.2 171.7 39.5 171.2 39.8 170.6 40.1 170.1 40.3 169.5
  40.5 168.9 40.7 168.3 40.8 167.6 40.8 166.8 40.8 165.9 40.8 164.9 40.8 163.8
  41.0 162.7 41.1 161.7 41.3 160.6 41.4 159.5 41.8 158.4 42.1 157.4 42.4 156.3
  42.7 155.1 43.1 153.9 43.5 152.6
   5 20 64  0.0
  72.5 321.4 72.3 321.3 72.0 321.1 71.8 320.9 71.5 321.3 71.3 321.6 71.1 321.9
  70.9 322.1 70.6 322.3 70.4 322.4 70.1 322.5 69.9 322.5 69.6 323.2 69.4 323.9
  69.2 324.5 69.0 325.2 68.8 325.8 68.5 326.4 68.3 326.9 68.1 327.4 67.9 327.9
  67.7 328.9 67.4 329.9 67.1 330.8 66.9 331.7 66.6 332.5 66.2 333.2 65.8 333.9
  65.3 335.0 64.9 336.1 64.4 337.1 63.9 338.0 63.3 339.3 62.7 340.4 62.1 341.5
  61.5 342.6 60.8 343.7 60.1 344.7 59.5 345.7 59.0 346.4 58.4 347.1 57.9 347.8
  57.3 348.2 56.9 348.6 56.4 349.0 55.9 349.4 55.4 349.7 54.9 350.0 54.4 350.4
  53.8 350.8 53.3 350.9 52.7 351.0 52.1 351.0 51.6 351.0 51.0 350.7 50.4 350.4
  49.8 350.1 49.2 349.7 48.5 349.3 47.8 349.0 47.1 348.6 46.3 348.4 45.5 348.1
  44.8 347.7 44.2 347.4 43.5 347.0 42.8 346.6 42.2 346.2 41.6 345.9 41.0 345.6
  40.4 345.3 39.8 345.1 39.2 344.7 38.7 344.4 38.2 344.1 37.6 343.8 37.3 343.4
  37.0 343.0 36.6 342.6 36.3 342.3 35.8 341.9 35.4 341.4 34.9 340.9 34.5 340.5
  33.9 340.0 33.7 339.4 33.4 338.9 33.0 338.4 32.6 337.8 32.2 337.3 31.8 336.7
  31.3 336.1 30.9 335.5 30.7 334.9 30.4 334.2 30.2 333.5 29.9 332.8 29.6 332.2
  29.2 331.7 29.2 331.2 29.2 330.6 29.2 330.0 29.1 329.5 29.0 328.9 28.8 328.2
  28.7 327.6 28.9 326.9 29.1 326.3 29.2 325.7 29.4 325.0 29.5 324.4 29.6 323.8
  30.1 323.2 30.5 322.4 31.0 321.7 31.4 320.9 31.9 320.2 32.4 319.5 33.0 318.7
  33.6 318.0 34.2 317.3 34.8 316.6 35.5 315.9 36.2 315.2 36.9 314.5 37.7 313.8
  38.4 313.0 39.2 312.2 40.0 311.4 40.5 310.6 41.1 309.8 41.7 309.1 42.3 308.3
  42.9 307.7 43.2 307.1 43.5 306.5 43.8 305.9 44.2 305.3 44.5 304.7 44.9 304.2
  45.3 303.6 45.5 303.1 45.7 302.6 45.9 302.1 46.2 301.6 46.4 301.2 46.7 300.8
  47.0 300.3 47.4 299.9 47.5 299.5 47.6 299.0 47.8 298.6 47.9 298.1 48.2 297.7
  48.4 297.1 48.7 296.5 49.0 295.9 48.9 295.3 48.8 294.6 48.8 294.0 48.9 293.3
  49.0 292.5 49.1 291.8 49.0 291.0 49.0 290.2 49.0 289.4 49.0 288.6 49.1 287.7
  48.9 286.9 48.7 286.1 48.6 285.2 48.5 284.4 48.5 283.5 48.3 282.6 48.1 281.7
  48.0 280.8 47.9 279.8 47.8 279.3 47.6 278.8 47.5 278.3 47.3 277.8 47.2 277.3
  47.1 276.8 47.0 276.3 46.9 275.8 46.8 275.4 46.7 274.9 46.6 274.4 46.6 274.0
  46.5 273.5 46.5 273.1 46.4 272.6 46.4 272.2 46.4 271.8 46.3 271.5 46.2 271.0
  46.2 270.6 46.1 270.2 46.1 269.7 46.0 269.2 46.0 268.7 46.0 268.2 46.0 267.7
  45.9 267.2 45.9 266.8 45.8 266.3 45.7 265.9 45.7 265.4 45.7 265.0 45.7 264.5
  45.7 264.1 45.7 263.7 45.6 263.2 45.5 262.8 45.4 262.3 45.3 261.9 45.2 261.4
  45.2 260.9 45.2 260.4 45.1 259.9 45.1 259.4 45.0 258.9 45.0 258.4 44.9 257.9
  44.9 257.3 44.9 256.7 44.9 256.1 44.9 255.6 44.9 255.0 44.9 254.3 45.0 253.7
  45.0 253.1 45.1 252.6 45.2 252.0 45.3 251.4 45.4 250.9 45.6 250.3 45.7 249.8
  45.8 249.3 46.0 248.7 46.1 248.2
   5 21 64  0.0
  72.5 321.4 72.3 321.9 72.2 322.4 72.0 322.9 71.9 324.0 71.6 325.2 71.4 326.4
  71.2 327.5 71.0 328.7 70.7 329.8 70.4 330.9 70.2 332.0 69.8 333.1 69.5 334.5
  69.2 335.8 68.9 337.0 68.5 338.1 68.1 339.1 67.8 340.0 67.4 341.0 67.0 341.9
  66.6 342.8 66.2 343.7 65.8 344.6 65.4 345.5 65.0 346.5 64.6 347.5 64.2 348.5
  63.9 349.6 63.6 350.5 63.3 351.5 63.1 352.6 62.8 353.6 62.4 354.7 62.1 355.7
  61.8 356.7 61.4 357.4 60.9 358.0 60.4 358.5 59.9 359.0 59.4 359.1 58.9 359.2
  58.4 359.3 57.8 359.4 57.4 359.1 56.9 358.9 56.3 358.6 55.8 358.4 55.3 357.8
  54.8 357.2 54.3 356.6 53.8 356.1 53.3 355.2 52.8 354.3 52.4 353.5 51.9 352.6
  51.5 351.5 51.1 350.4 50.7 349.4 50.4 348.3 50.0 347.3 49.5 346.3 49.1 345.3
  48.7 344.3 48.2 343.4 47.8 342.4 47.4 341.3 47.1 340.3 46.7 339.3 46.4 338.3
  46.2 337.3 45.9 336.3 45.7 335.3 45.6 334.3 45.5 333.3 45.4 332.2 45.3 331.1
  45.5 330.0 45.6 328.8 45.7 327.6 46.0 326.4 46.4 325.1 46.7 323.7 47.1 322.2
  47.4 320.7 47.8 319.2 48.0 317.6 48.2 316.0 48.5 314.5 48.6 313.0 48.8 311.5
  48.7 310.1 48.6 308.5 48.5 307.0 48.4 305.4 48.2 303.8 48.1 302.2 48.0 300.5
  47.9 299.0 47.9 297.3 47.9 295.7 47.8 294.1 47.7 292.5 47.7 291.0 47.5 289.5
  47.4 288.0 47.2 286.5 46.9 284.9 46.7 283.4 46.4 281.8 46.1 280.3 45.8 278.9
  45.7 277.6 45.5 276.3 45.4 275.1 45.3 273.8 45.2 272.5 45.1 271.2 45.1 269.8
  45.1 268.5 45.1 267.1 45.1 265.7 45.2 264.3 45.2 262.9 45.3 261.6 45.4 260.3
  45.5 259.0 45.6 257.8 45.7 256.5 45.8 255.3 45.9 254.0 46.0 252.8 46.1 251.6
  46.0 250.1 46.0 248.7 45.9 247.6 45.8 246.5 45.6 245.4 45.4 244.4 45.2 243.4
  44.9 242.4 44.6 241.5 44.3 240.5 43.9 239.6 43.4 238.8 42.9 238.1 42.4 237.3
  41.9 236.6 41.4 235.9 40.9 235.2 40.4 234.6 39.9 233.9 39.4 233.1 38.9 232.3
  38.4 231.4 38.0 230.5 37.5 229.5 37.1 228.5 36.7 227.5 36.4 226.4 36.2 225.3
  36.1 224.3 35.9 223.3 36.0 222.4 36.1 221.4 36.3 220.5 36.4 219.5 36.7 218.6
  37.0 217.8 37.2 216.9 37.5 216.2 37.8 215.4 38.2 214.8 38.6 214.0 39.0 213.3
  39.4 212.6 39.9 212.0 40.3 211.4 40.8 210.8 41.3 210.2 41.8 209.7 42.3 209.2
  42.9 208.6 43.4 208.1 44.0 207.6 44.4 207.2 44.9 206.8 45.3 206.4 45.8 206.0
  46.2 205.6 46.7 205.2 47.2 204.9 47.8 204.6 48.3 204.3 48.9 204.1 49.5 203.8
  50.0 203.5 50.5 203.1 51.0 202.8 51.5 202.5 51.9 202.2 52.4 201.8 52.9 201.5
  53.4 201.2 53.8 200.9 54.2 200.5 54.7 200.4 55.2 200.2 55.6 200.1 56.1 199.9
  56.4 199.8 56.8 199.6 57.1 199.5 57.4 199.3 57.7 199.1 58.1 198.9 58.4 198.8
  58.7 198.6 59.0 198.4 59.3 198.2 59.6 198.1 60.0 197.9 60.3 197.7 60.7 197.5
  61.0 197.3 61.4 197.1 61.8 197.0 62.1 196.8 62.5 196.6 62.9 196.4 63.3 196.2
  63.7 196.0 64.0 195.9 64.3 195.4 64.6 194.9 64.8 194.4 65.1 193.9 65.3 193.4
  65.5 192.9 65.8 192.3 66.0 191.8
   5 22 64  0.0
  72.5 321.4 72.2 322.0 72.0 322.5 71.7 323.0 71.4 323.5 71.1 324.1 70.8 324.6
  70.4 325.1 70.1 325.5 69.7 326.0 69.3 326.3 68.9 326.7 68.4 327.0 68.0 327.4
  67.5 327.8 67.1 328.0 66.7 328.2 66.3 328.4 65.9 328.7 65.5 328.6 65.1 328.5
  64.7 328.5 64.2 328.5 63.8 328.5 63.3 328.4 62.8 328.3 62.4 328.3 61.9 328.2
  61.4 328.2 61.0 328.2 60.6 328.1 60.1 327.9 59.8 327.7 59.5 327.5 59.3 327.3
  59.0 327.0 58.7 326.7 58.3 326.3 58.0 325.9 57.7 325.6 57.4 325.3 57.1 325.0
  56.9 324.7 56.6 324.3 56.3 323.9 56.1 323.6 55.9 323.1 55.7 322.6 55.5 322.0
  55.2 321.5 54.9 320.9 54.6 320.4 54.4 319.8 54.0 319.3 53.7 318.9 53.3 318.3
  53.0 317.7 52.6 317.2 52.2 316.7 51.7 316.3 51.3 315.7 50.8 315.1 50.3 314.5
  49.8 314.0 49.3 313.2 48.7 312.3 48.2 311.5 47.7 310.7 47.3 309.7 46.9 308.7
  46.4 307.7 46.1 306.6 45.8 305.6 45.5 304.6 45.2 303.6 45.0 302.6 44.8 301.7
  44.5 300.7 44.3 299.8 44.3 298.9 44.4 298.0 44.4 297.1 44.4 296.3 44.4 295.5
  44.5 294.7 44.6 293.9 44.7 293.2 44.9 292.4 45.0 291.7 45.1 291.0 45.3 290.2
  45.4 289.5 45.6 288.7 45.7 288.0 45.9 287.3 46.2 286.5 46.4 285.8 46.7 285.2
  46.9 284.5 47.1 283.7 47.5 283.0 47.8 282.2 48.2 281.3 48.5 280.4 48.7 279.3
  49.1 278.2 49.5 277.2 49.9 276.1 50.3 275.1 50.9 274.0 51.5 272.9 52.0 271.9
  52.6 270.7 53.1 269.6 53.6 268.5 54.1 267.3 54.5 266.1 54.9 264.9 55.3 263.8
  55.7 262.6 56.0 261.4 56.4 260.3 56.7 259.2 57.0 258.1 57.2 257.0 57.5 255.9
  57.6 254.8 57.7 253.7 57.9 252.6 58.0 251.5 58.0 250.3 58.1 249.3 58.2 248.3
  58.3 247.4 58.3 246.4 58.4 245.3 58.5 244.3 58.6 243.3 58.7 242.2 58.7 241.1
  58.8 240.1 58.8 239.0 58.8 237.9 58.8 236.8 58.7 235.7 58.6 234.5 58.5 233.4
  58.4 232.3 58.3 231.2 58.1 230.0 57.9 228.9 57.8 227.7 57.5 226.6 57.2 225.4
  56.8 224.1 56.5 222.9 56.1 221.5 55.7 220.2 55.3 218.9 55.0 217.5 54.7 216.2
  54.4 214.9 54.3 213.5 54.1 212.0 54.0 210.3 53.9 208.6 53.9 206.8 53.7 205.0
  53.5 202.9 53.2 200.8 52.9 198.6 52.7 196.5 52.5 194.5 52.3 192.6 52.1 190.8
  52.0 189.1 51.8 187.7 51.7 186.4 51.6 185.1 51.3 183.8 51.3 182.5 51.2 181.2
  51.0 180.0 50.8 178.9 50.7 177.8 50.5 176.7 50.2 175.7 50.1 174.7 49.8 173.7
  49.5 172.8 49.1 171.8 48.9 170.9 48.5 169.9 48.2 169.0 47.8 168.1 47.3 167.0
  47.0 166.0 46.6 164.9 46.2 163.8 46.0 162.7 45.8 161.5 45.5 160.2 45.2 158.9
  45.1 157.6 45.0 156.3 44.8 155.1 44.8 153.9 44.8 152.8 44.7 151.7 44.9 150.7
  45.1 149.8 45.3 148.8 45.5 148.0 45.8 147.1 46.0 146.2 46.2 145.3 46.5 144.4
  46.7 143.5 47.0 142.7 47.3 141.8 47.7 141.1 48.0 140.3 48.4 139.6 48.9 138.9
  49.3 138.3 49.8 137.6 50.2 137.0 50.7 136.5 51.3 135.9 51.8 135.4 52.4 134.9
  53.1 134.4 53.7 134.0 54.4 133.5 55.1 133.1 55.8 132.7 56.4 132.4 57.1 132.0
  57.7 131.7 58.1 131.4 58.5 131.1
   5 23 64  0.0
  72.5 321.4 72.3 321.2 72.0 321.0 71.7 320.8 71.5 320.8 71.2 320.9 70.8 320.9
  70.5 321.0 70.1 321.2 69.7 321.3 69.3 321.5 68.9 321.6 68.5 321.8 68.1 321.9
  67.6 322.0 67.2 322.0 66.8 322.0 66.3 321.9 65.9 321.8 65.5 321.7 65.0 321.5
  64.6 321.3 64.1 321.1 63.7 320.9 63.2 320.8 62.8 320.6 62.4 320.5 62.0 320.3
  61.6 320.1 61.3 320.0 60.9 320.0 60.6 319.8 60.3 319.6 60.0 319.3 59.8 318.9
  59.5 318.5 59.3 318.1 59.0 317.6 58.8 317.1 58.6 316.5 58.5 316.0 58.2 315.4
  57.9 314.8 57.7 314.1 57.4 313.4 57.3 312.6 57.1 311.8 56.7 310.9 56.3 310.1
  55.8 309.2 55.4 308.5 54.9 307.9 54.4 307.4 53.9 306.8 53.5 306.1 53.1 305.3
  52.7 304.5 52.4 303.7 52.0 302.8 51.6 301.6 51.3 300.4 51.0 299.2 50.7 297.9
  50.4 296.7 50.1 295.4 49.9 294.2 49.8 292.9 49.7 291.7 49.8 290.5 50.0 289.2
  50.1 288.0 50.4 286.7 50.7 285.5 51.1 284.3 51.4 283.1 51.8 282.0 52.3 280.9
  52.8 279.9 53.3 278.9 53.9 278.0 54.5 277.1 55.0 276.3 55.7 275.6 56.3 275.0
  57.0 274.4 57.7 273.8 58.4 273.2 59.1 272.6 59.8 272.0 60.4 271.3 60.9 270.6
  61.5 270.0 62.0 269.3 62.6 268.6 63.2 268.0 63.6 267.3 64.1 266.6 64.5 266.0
  65.0 265.3 65.4 264.5 65.8 263.7 66.2 262.7 66.6 262.1 66.9 261.4 67.2 260.6
  67.5 259.8 67.7 259.0 67.8 258.1 68.0 257.1 68.1 256.1 68.3 255.7 68.3 255.2
  68.4 254.7 68.5 254.2 68.6 253.6 68.7 253.1 68.8 252.4 69.0 251.8 69.1 251.0
  69.2 250.3 69.3 249.5 69.4 248.7 69.5 247.9 69.6 247.1 69.6 246.4 69.7 245.6
  69.8 245.0 69.9 244.3 69.9 243.7 69.9 243.1 69.9 242.6 69.9 242.1 70.0 241.6
  70.0 241.1 70.0 240.7 70.0 240.2 70.1 240.0 70.1 239.7 70.0 239.5 70.0 239.2
  70.1 239.0 70.1 238.8 70.1 238.6 70.2 238.5 70.2 238.3 70.3 238.2 70.4 238.1
  70.5 237.9 70.6 237.8 70.7 237.7 70.8 237.5 70.9 237.4 71.0 237.3 71.1 237.1
  71.2 237.0 71.4 236.8 71.5 236.7 71.6 236.5 71.8 236.3 71.9 236.1 72.1 235.9
  72.2 235.9 72.3 235.8 72.4 235.7 72.6 235.6 72.7 235.5 72.8 235.4 73.0 235.3
  73.1 235.2 73.3 235.1 73.5 235.0 73.6 234.9 73.8 234.7 73.9 234.6 74.1 234.4
  74.2 234.1 74.4 233.8 74.6 233.5 74.7 233.1 74.8 232.8 75.0 232.5 75.1 232.1
  75.2 231.7 75.3 231.3 75.4 230.8 75.5 230.2 75.6 229.6 75.7 228.9 75.7 228.2
  75.8 227.4 75.9 226.6 75.9 225.6 76.0 224.6 76.0 223.6 76.0 222.1 76.0 220.6
  76.0 219.0 75.9 217.4 75.8 216.0 75.7 214.5 75.6 213.1 75.4 211.7 75.2 210.2
  75.0 208.8 74.8 207.4 74.6 206.0 74.4 204.7 74.1 203.4 73.9 202.1 73.7 200.9
  73.5 199.8 73.3 198.7 73.1 197.6 72.9 196.6 72.7 195.7 72.5 194.8 72.4 194.0
  72.2 193.2 72.0 192.4 71.7 191.6 71.6 190.7 71.4 189.9 71.1 189.2 70.8 188.5
  70.4 188.0 70.1 187.5 69.7 187.0 69.3 186.3 68.8 185.6 68.2 185.1 67.5 184.6
  66.8 183.4 66.2 182.5 65.4 181.7 64.5 180.4 63.6 179.5 62.7 178.0 61.6 176.8
  60.4 175.2 59.4 173.8 58.2 171.9
   5 24 64  0.0
  72.5 321.4 72.0 322.4 71.5 323.3 71.0 324.1 70.3 324.9 69.7 325.4 69.0 325.9
  68.3 326.4 67.6 326.9 66.9 327.4 66.1 328.0 65.1 328.7 64.1 329.2 63.0 329.8
  61.9 329.8 60.8 329.3 59.6 328.9 58.4 328.1 57.2 327.4 56.0 326.4 54.8 325.5
  53.5 324.4 52.2 323.0 51.2 321.7 50.1 320.0 49.0 318.3 48.3 316.4 47.5 314.6
  47.0 312.8 46.4 311.0 46.3 309.4 46.1 307.9 46.3 306.4 46.5 305.0 46.7 303.7
  47.1 302.4 47.5 301.1 47.9 299.8 48.3 298.5 48.8 297.5 49.3 296.5 49.8 295.4
  50.5 294.3 51.2 293.5 51.8 292.6 52.4 291.8 53.0 291.1 53.5 290.3 54.0 289.6
  54.5 288.8 55.0 288.1 55.4 287.3 55.8 286.4 56.1 285.5 56.5 284.6 56.8 283.6
  57.1 282.6 57.3 281.6 57.6 280.5 57.8 279.4 58.0 278.2 58.2 277.1 58.5 275.9
  58.8 274.6 59.0 273.3 59.3 271.9 59.6 270.4 59.8 268.9 60.1 267.3 60.3 266.1
  60.5 264.9 60.8 263.7 61.0 262.5 61.2 261.4 61.4 260.2 61.6 259.1 61.7 258.0
  61.8 256.9 61.9 255.8 61.8 254.8 61.8 253.8 61.7 252.8 61.6 251.8 61.5 250.8
  61.3 249.9 61.1 248.9 60.9 248.0 60.7 247.2 60.4 246.4 60.2 245.6 59.9 244.9
  59.6 244.0 59.3 243.2 59.1 242.5 58.8 241.8 58.5 241.2 58.2 240.6 57.9 240.1
  57.6 239.4 57.3 238.8 57.0 238.2 56.6 237.7 56.2 237.2 55.7 236.8 55.1 236.2
  54.5 235.7 53.9 235.2 53.2 234.5 52.4 233.9 51.6 233.3 50.7 232.5 49.9 231.7
  49.1 230.8 48.4 229.9 47.6 229.0 46.9 228.1 46.1 227.2 45.9 226.2 45.6 225.2
  45.3 224.1 45.0 223.0 45.2 222.0 45.4 221.0 45.6 220.1 45.8 219.2 46.2 218.4
  46.7 217.9 47.1 217.5 47.6 217.1 48.0 216.7 48.5 216.6 48.9 216.6 49.4 216.6
  49.9 216.7 50.3 216.7 50.8 216.8 51.2 216.9 51.5 217.1 51.9 217.3 52.2 217.5
  52.4 217.8 52.7 218.2 52.9 218.6 53.0 219.1 53.1 219.6 53.2 220.2 53.0 220.8
  52.7 221.4 52.4 222.0 52.1 222.6 51.8 223.1 51.5 223.5 51.1 223.9 50.8 224.3
  50.2 224.7 49.7 225.1 49.1 225.1 48.5 225.0 47.9 225.0 47.2 224.4 46.5 223.7
  46.0 223.1 45.5 222.5 44.9 221.2 44.4 219.8 44.3 218.2 44.1 216.6 43.9 214.9
  44.0 212.7 44.1 211.0 44.7 209.3 45.3 207.7 46.2 206.1 47.1 204.9 48.1 203.8
  49.2 202.9 50.3 202.0 51.5 201.4 52.6 200.7 53.8 200.1 54.8 199.5 56.0 198.8
  57.0 198.0 57.9 197.2 58.8 196.4 59.6 195.6 60.4 194.8 61.2 194.0 62.0 193.2
  62.7 192.3 63.4 191.4 64.2 190.4 65.0 189.5 65.8 188.4 66.5 187.2 67.1 186.1
  67.6 185.0 68.1 183.7 68.4 182.8 68.8 181.9 69.1 181.0 69.4 180.0 69.7 179.0
  70.0 177.9 70.3 177.1 70.7 176.2 71.0 175.4 71.3 174.5 71.6 173.6 71.9 172.7
  72.2 171.9 72.6 171.1 72.9 170.4 73.2 169.7 73.6 169.0 74.0 168.4 74.4 167.8
  74.9 167.1 75.4 166.4 75.9 165.7 76.4 165.0 77.0 163.9 77.6 162.8 78.1 161.6
  78.6 160.1 79.2 158.5 79.7 156.9 80.1 155.3 80.6 153.6 81.1 152.0 81.6 150.0
  82.0 147.6 82.3 144.9 82.8 142.0 83.1 138.8 83.4 135.3 83.6 131.6 83.9 128.0
  84.1 124.6 84.4 121.0 84.6 117.2
   5 25 64  0.0
  72.5 321.4 72.5 321.1 72.6 320.9 72.6 320.8 72.6 320.8 72.7 320.8 72.7 320.8
  72.7 321.0 72.8 321.2 72.8 321.4 72.8 321.7 72.8 322.1 72.9 322.5 72.9 323.0
  72.9 323.5 72.8 324.0 72.6 324.6 72.3 325.2 71.9 325.8 71.5 326.0 71.1 326.4
  70.7 326.8 70.1 327.3 69.5 327.9 69.0 328.1 68.3 328.5 67.5 328.8 66.8 328.7
  66.0 328.7 65.2 328.8 64.4 328.6 63.5 328.5 62.7 328.3 61.7 328.1 60.7 327.4
  59.8 326.8 59.0 325.8 58.0 324.7 57.1 323.7 56.4 322.6 55.7 321.6 55.0 320.5
  54.1 319.5 53.7 318.4 53.3 317.2 52.9 316.1 52.4 314.9 52.4 313.8 52.4 312.7
  52.4 311.6 52.7 310.7 52.9 309.8 53.2 308.9 53.5 308.2 53.8 307.5 54.2 306.8
  54.7 306.5 55.2 306.2 55.7 305.9 56.2 305.7 56.8 305.7 57.3 305.8 57.8 305.8
  58.2 306.0 58.5 306.1 58.8 306.2 59.0 306.4 59.1 306.5 59.3 306.8 59.3 307.0
  59.4 307.3 59.4 307.5 59.4 307.8 59.3 308.2 59.2 308.5 59.1 308.7 58.9 309.0
  58.8 309.2 58.6 309.4 58.3 309.6 58.0 309.7 57.7 309.8 57.4 310.0 57.0 310.1
  56.6 310.2 56.1 310.3 55.5 310.3 55.0 310.1 54.4 310.0 53.8 309.7 53.2 309.2
  52.5 308.7 51.8 308.2 51.1 307.4 50.3 306.6 49.6 305.9 48.8 304.8 47.9 303.8
  47.2 302.5 46.4 301.2 45.7 300.0 45.2 298.6 44.7 297.1 44.3 295.7 44.1 294.3
  43.9 292.9 43.7 291.3 43.7 289.7 43.7 288.1 43.7 286.5 44.1 285.1 44.5 283.9
  45.1 282.6 45.7 281.4 46.2 280.2 46.7 279.1 47.4 278.1 48.0 277.0 48.6 276.0
  49.2 275.3 49.9 274.6 50.6 273.9 51.2 273.3 51.9 272.6 52.5 272.0 53.1 271.5
  53.7 271.0 54.2 270.5 54.8 270.0 55.4 269.5 55.9 269.1 56.5 268.7 57.1 268.2
  57.6 267.7 58.0 267.2 58.3 266.7 58.7 266.0 59.1 265.4 59.5 264.7 59.9 264.1
  60.3 263.6 60.6 262.8 60.9 262.2 61.2 261.5 61.5 260.8 61.9 260.2 62.2 259.5
  62.5 258.6 62.7 257.7 62.9 256.7 63.2 255.7 63.2 254.7 63.2 253.6 63.3 252.5
  63.3 251.4 63.1 250.2 63.0 249.0 62.8 247.9 62.6 246.7 62.4 245.7 62.2 244.6
  62.1 243.7 61.9 242.7 61.7 242.0 61.5 241.4 61.3 240.8 61.1 240.2 60.9 239.6
  60.6 239.1 60.3 238.7 60.0 238.2 59.7 237.7 59.5 237.4 59.2 237.1 59.0 236.8
  58.7 236.5 58.4 236.1 58.1 235.8 57.8 235.5 57.4 235.4 57.0 235.2 56.7 235.2
  56.3 235.0 55.8 234.9 55.4 234.9 55.0 234.9 54.6 234.9 54.2 234.8 53.7 234.7
  53.3 234.6 52.8 234.4 52.2 234.3 51.7 234.1 51.1 233.9 50.5 233.8 49.9 233.6
  49.3 233.5 48.7 233.3 48.1 233.1 47.5 232.8 46.9 232.6 46.3 232.3 45.7 232.0
  45.3 231.7 44.8 231.5 44.4 231.2 43.9 231.0 43.5 231.0 43.0 230.9 42.5 230.8
  41.9 230.6 41.4 230.5 40.8 230.4 40.2 230.2 39.5 230.0 38.8 229.7 38.1 229.4
  37.4 229.0 36.6 228.6 35.9 228.1 35.1 227.4 34.4 226.6 33.8 225.9 33.1 224.8
  32.5 223.7 32.2 222.5 31.9 221.2 31.6 219.8 31.5 218.3 31.4 216.9 31.3 215.6
  31.9 214.4 32.6 213.4 33.2 212.7 34.0 212.1 34.8 211.6 35.5 211.4 36.2 211.1
  36.8 211.0 37.5 210.9 38.2 210.7
   5 26 64  0.0
  72.5 321.4 72.7 320.9 72.9 320.5 73.1 320.1 73.3 319.7 73.4 319.4 73.6 319.2
  73.8 318.9 73.9 318.8 74.1 318.6 74.3 319.0 74.6 319.5 74.8 320.0 75.0 320.6
  75.3 321.3 75.5 322.0 75.6 322.7 75.8 323.6 75.9 324.4 76.1 325.3 76.2 326.6
  76.3 327.9 76.4 329.3 76.5 330.7 76.6 332.3 76.7 333.9 76.7 335.5 76.7 337.0
  76.7 338.4 76.5 339.7 76.4 340.7 76.1 341.5 75.7 342.2 75.4 342.5 74.9 342.7
  74.4 342.9 73.8 342.9 73.2 342.2 72.4 341.6 71.6 341.1 70.9 340.2 70.0 339.6
  69.2 339.0 68.4 338.4 67.5 337.9 66.7 337.2 65.9 336.6 65.0 335.9 64.3 335.2
  63.5 334.5 62.7 333.6 61.9 332.8 61.1 332.0 60.3 331.2 59.4 330.4 58.6 329.5
  57.7 328.6 56.8 327.5 56.0 326.3 55.2 325.3 54.3 324.2 53.5 323.1 52.8 322.2
  52.1 321.2 51.4 320.2 50.6 318.9 50.2 317.7 49.7 316.4 49.2 314.8 49.0 313.2
  48.7 311.7 48.7 310.1 48.7 308.7 48.8 307.4 49.0 306.1 49.2 304.9 49.5 303.7
  49.7 302.6 50.0 301.4 50.3 300.3 50.6 299.3 50.9 298.4 51.2 297.5 51.5 296.7
  51.9 295.8 52.3 295.0 52.8 294.3 53.2 293.7 53.6 293.0 54.0 292.2 54.4 291.6
  54.8 291.0 55.1 290.3 55.5 289.6 55.8 288.8 56.1 288.0 56.3 287.2 56.5 286.3
  56.8 285.4 57.0 284.4 57.2 283.4 57.5 282.3 57.7 281.2 57.9 280.0 58.2 278.7
  58.6 277.6 58.8 276.3 59.1 275.1 59.4 273.7 59.6 272.4 59.9 270.9 60.2 269.5
  60.6 268.4 60.9 267.2 61.2 266.1 61.5 264.9 61.8 263.8 62.1 262.6 62.4 261.8
  62.6 261.0 62.9 260.3 63.2 259.5 63.4 258.7 63.6 257.9 63.8 257.2 63.9 256.4
  64.1 255.7 64.1 255.1 64.1 254.6 64.1 254.0 64.1 253.5 64.1 253.0 64.1 252.5
  64.0 252.0 64.0 251.6 63.8 250.9 63.7 250.2 63.6 249.5 63.4 248.9 63.2 248.3
  63.1 247.7 62.9 247.2 62.7 246.6 62.5 246.2 62.4 245.7 62.1 245.3 61.9 245.0
  61.7 244.5 61.4 244.0 61.2 243.6 60.9 243.2 60.6 242.9 60.3 242.6 60.0 242.4
  59.6 241.9 59.2 241.4 58.8 241.0 58.3 240.6 57.7 240.3 57.2 239.6 56.7 239.0
  56.1 238.4 55.4 238.0 54.8 237.4 54.1 236.8 53.3 236.3 52.5 235.8 51.6 235.2
  50.7 234.6 49.7 234.0 48.8 233.2 47.8 232.4 46.9 231.4 46.1 230.4 45.3 229.4
  44.5 228.4 43.6 227.2 43.1 226.1 42.5 224.9 42.0 223.6 41.7 222.3 41.4 220.9
  41.1 219.5 41.1 218.1 41.0 216.7 41.0 215.3 41.4 214.0 41.9 212.6 42.3 211.3
  43.1 210.3 43.9 209.2 44.7 208.2 45.6 207.5 46.4 206.8 47.4 206.3 48.4 205.8
  49.4 205.4 50.5 205.0 51.5 204.9 52.5 204.8 53.5 204.8 54.5 204.9 55.4 205.0
  56.3 205.1 57.1 205.0 57.9 204.9 58.6 204.8 59.3 204.4 60.0 204.0 60.6 203.5
  61.3 202.7 61.9 201.8 62.5 201.0 63.2 199.9 63.8 198.7 64.4 197.5 65.0 196.0
  65.5 194.3 65.9 192.6 66.3 190.8 66.6 188.8 66.9 186.8 67.1 184.8 67.3 182.9
  67.3 181.1 67.4 179.3 67.4 177.6 67.3 176.1 67.3 174.6 67.1 173.2 66.9 171.8
  66.5 170.5 66.1 169.2 65.7 167.9 65.1 166.6 64.6 165.2 64.0 163.9 63.4 162.6
  62.9 161.2 62.3 159.7 61.6 158.3
   5 27 64  0.0
  72.5 321.4 72.2 320.1 72.0 318.8 71.7 317.8 71.5 316.9 71.3 316.0 71.1 315.1
  71.0 314.3 70.8 313.4 70.7 312.6 70.5 311.9 70.4 311.1 70.3 310.3 70.2 309.6
  70.1 308.8 70.0 308.0 69.9 307.3 69.9 306.8 69.9 306.4 69.8 306.0 69.8 305.5
  69.7 305.1 69.7 304.6 69.6 304.2 69.6 303.8 69.6 303.3 69.5 302.9 69.5 302.5
  69.4 302.1 69.4 301.7 69.3 301.3 69.3 300.9 69.2 300.6 69.2 300.2 69.1 299.9
  69.1 299.6 69.0 299.2 69.0 298.9 69.0 298.6 68.9 298.2 68.9 297.8 68.9 297.3
  68.8 296.8 68.8 296.3 68.8 295.8 68.8 295.3 68.8 294.7 68.9 294.1 68.9 293.5
  68.9 292.8 68.9 292.2 68.9 291.5 68.9 290.9 68.9 290.2 69.0 289.6 69.0 288.9
  69.0 288.3 69.0 287.6 69.0 286.9 69.0 286.2 69.0 285.5 69.0 284.8 68.9 284.1
  68.9 283.4 69.0 282.8 69.0 282.1 69.0 281.5 69.0 280.8 69.0 280.2 69.1 279.5
  69.2 278.9 69.2 278.3 69.3 277.7 69.4 277.0 69.4 276.4 69.4 275.8 69.5 275.3
  69.6 274.7 69.7 274.2 69.7 273.6 69.8 273.2 69.9 272.7 70.0 272.3 70.0 271.9
  70.2 271.2 70.4 270.5 70.6 269.8 70.7 269.1 70.8 268.3 70.9 267.5 71.2 266.6
  71.4 265.7 71.5 264.8 71.7 263.8 71.9 262.8 72.0 261.7 72.2 260.7 72.3 259.7
  72.4 258.7 72.6 257.6 72.7 256.4 72.8 255.2 72.9 254.0 72.9 252.7 73.0 251.4
  73.0 250.1 73.1 248.7 73.1 247.3 73.0 245.9 73.0 244.5 72.9 243.1 72.9 241.9
  72.8 240.6 72.8 239.4 72.7 238.2 72.7 237.1 72.6 236.0 72.5 234.8 72.4 233.7
  72.4 232.6 72.3 231.5 72.2 230.4 72.1 229.3 72.0 228.2 71.9 227.4 71.8 226.6
  71.6 225.8 71.5 225.1 71.4 224.3 71.3 223.6 71.2 222.9 71.1 222.2 71.0 221.5
  70.9 220.7 70.8 220.1 70.8 219.4 70.7 218.7 70.6 218.1 70.5 217.5 70.4 217.0
  70.3 216.4 70.2 215.8 70.1 215.3 70.0 214.8 69.9 214.6 69.8 214.3 69.6 214.1
  69.5 213.8 69.4 213.5 69.2 213.3 69.1 213.0 68.9 212.7 68.7 212.4 68.6 212.2
  68.4 211.9 68.2 211.6 67.9 211.2 67.7 210.9 67.5 210.5 67.3 210.1 67.0 209.6
  66.8 209.0 66.5 208.4 66.2 207.8 65.9 207.1 65.6 206.2 65.3 205.2 65.0 204.2
  64.7 203.2 64.4 202.2 64.0 201.2 63.7 200.1 63.4 198.5 63.1 196.9 62.7 195.3
  62.4 193.7 62.0 192.0 61.7 190.4 61.3 188.4 60.9 186.4 60.6 184.5 60.1 182.6
  59.6 180.9 59.0 178.9 58.3 177.1 57.5 175.5 56.6 173.6 55.6 172.0 54.7 170.2
  53.8 168.5 52.9 166.7 52.1 164.9 51.3 163.1 50.7 161.4 50.0 159.8 49.5 158.2
  48.9 156.8 48.4 155.3 48.1 153.8 47.8 152.2 47.6 150.4 47.5 148.5 47.3 146.7
  47.2 144.9 47.0 143.1 47.0 141.4 47.1 139.7 47.5 138.1 48.0 136.5 48.6 135.2
  49.4 133.9 50.2 132.6 51.1 131.4 51.8 130.3 52.6 129.1 53.3 128.2 54.0 127.3
  54.6 126.8 55.2 126.2 55.8 125.7 56.4 125.0 57.0 124.6 57.6 124.1 58.2 123.6
  58.6 123.3 59.0 122.8 59.4 122.4 59.8 121.8 60.2 121.3 60.5 120.9 60.9 120.5
  61.3 120.1 61.6 119.7 61.9 119.3 62.3 119.0 62.6 118.8 62.9 118.7 63.3 118.6
  63.6 118.5 63.9 118.4 64.2 118.3
   5 28 64  0.0
  72.5 321.4 72.5 320.6 72.6 319.8 72.7 318.9 72.7 318.0 72.8 317.1 72.8 316.2
  72.9 315.3 73.0 314.3 73.1 313.3 73.2 312.3 73.2 311.3 73.4 310.2 73.5 309.1
  73.6 308.0 73.6 306.8 73.7 305.6 73.8 304.3 73.9 303.0 74.0 301.6 74.1 300.2
  74.3 298.7 74.4 297.1 74.5 295.5 74.6 293.8 74.7 292.0 74.7 290.2 74.7 288.3
  74.7 286.5 74.7 284.7 74.6 282.8 74.6 281.0 74.5 279.2 74.4 277.4 74.3 275.7
  74.1 274.0 74.0 272.4 73.9 270.4 73.7 268.6 73.6 266.8 73.4 265.2 73.3 263.8
  73.1 262.5 73.0 261.2 72.9 260.1 72.7 259.1 72.6 258.2 72.6 257.4 72.5 256.7
  72.4 256.0 72.3 255.4 72.2 254.9 72.1 254.4 72.0 253.9 71.8 253.7 71.7 253.5
  71.5 253.3 71.4 253.1 71.2 252.9 71.0 252.6 70.8 252.4 70.6 252.2 70.4 251.9
  70.2 251.6 70.0 251.3 69.8 250.8 69.5 250.4 69.3 249.9 69.1 249.4 68.8 249.0
  68.5 248.5 68.2 248.0 67.9 247.5 67.6 246.9 67.4 246.3 67.1 245.8 66.8 245.3
  66.5 244.8 66.2 244.4 65.9 244.0 65.8 243.5 65.6 243.1 65.4 242.6 65.3 242.2
  65.2 241.8 65.1 241.4 65.0 241.0 64.9 240.5 64.8 240.1 64.7 239.7 64.6 239.3
  64.6 238.9 64.6 238.5 64.5 238.1 64.5 237.7 64.5 237.3 64.4 236.9 64.4 236.5
  64.4 236.1 64.3 235.8 64.2 235.5 64.1 235.1 63.9 234.9 63.8 234.9 63.6 234.9
  63.4 234.9 63.2 235.0 63.0 235.0 62.8 235.1 62.5 235.2 62.3 235.2 62.0 235.3
  61.8 235.3 61.5 235.2 61.3 235.1 61.0 235.0 60.8 234.7 60.6 234.4 60.3 234.1
  60.1 233.7 59.9 233.2 59.7 232.2 59.5 231.1 59.3 230.0 59.0 228.9 58.8 227.8
  58.6 226.6 58.4 225.5 58.3 224.2 58.2 223.0 58.1 221.6 58.0 220.3 58.0 218.8
  57.9 217.1 57.8 215.2 57.6 213.3 57.6 211.3 57.6 209.2 57.6 207.0 57.6 204.8
  57.7 202.4 57.6 200.0 57.5 197.6 57.2 195.2 56.7 192.9 56.2 190.6 55.8 188.4
  55.4 186.4 55.1 184.4 54.8 182.5 54.4 180.6 53.9 178.9 53.3 177.5 52.8 176.1
  52.1 174.8 51.5 173.5 50.9 172.4 50.3 171.3 49.8 170.3 49.3 169.3 48.8 168.4
  48.2 167.4 48.0 166.4 47.7 165.4 47.4 164.3 47.1 163.3 47.1 162.2 47.1 161.2
  47.0 160.3 46.9 159.5 47.1 158.7 47.2 158.0 47.2 157.4 47.3 156.9 47.3 156.4
  47.3 155.9 47.4 155.5 47.4 155.1 47.4 154.7 47.4 154.3 47.3 153.9 47.2 153.6
  47.1 153.2 47.0 152.8 46.9 152.3 46.8 151.8 46.9 151.3 47.0 150.7 47.0 150.1
  47.1 149.4 47.1 148.6 47.2 147.9 47.3 147.1 47.3 146.2 47.4 145.4 47.5 144.6
  47.6 143.7 48.0 142.9 48.3 142.0 48.7 141.5 49.1 140.9 49.5 140.3 49.9 139.7
  50.4 139.0 51.0 138.5 51.6 138.0 52.1 137.4 52.6 137.0 53.2 136.5 53.7 136.1
  54.2 135.5 54.7 135.2 55.2 134.9 55.7 134.6 56.2 134.2 56.7 134.1 57.2 134.1
  57.7 134.1 58.3 134.0 58.8 134.1 59.3 134.2 59.9 134.3 60.4 134.3 61.0 134.4
  61.5 134.5 62.1 134.5 62.7 134.6 63.2 134.7 63.8 134.8 64.4 134.9 65.0 135.1
  65.6 135.3 66.2 135.5 66.7 135.5 67.3 135.5 67.8 135.5 68.3 135.5 68.8 135.2
  69.3 134.9 69.7 134.6 70.2 134.3
   5 29 64  0.0
  72.5 321.4 72.7 319.7 72.8 318.0 72.9 316.4 73.0 314.8 73.1 313.2 73.1 311.5
  73.2 309.9 73.3 308.2 73.3 306.4 73.4 304.7 73.5 303.0 73.7 301.3 73.9 299.6
  74.1 297.8 74.3 297.0 74.4 296.0 74.6 295.0 74.7 293.9 74.8 292.7 75.0 291.5
  75.0 290.2 75.0 288.9 75.1 287.6 75.1 286.2 75.0 284.8 75.0 283.4 75.0 282.1
  74.9 280.7 74.9 279.4 74.7 278.1 74.6 276.9 74.5 275.7 74.3 274.6 74.2 273.5
  74.0 272.4 73.8 271.5 73.6 269.8 73.5 268.3 73.3 266.9 73.1 265.5 72.9 264.2
  72.7 262.9 72.6 261.7 72.4 260.5 72.2 259.3 72.0 258.2 71.9 257.2 71.7 255.9
  71.7 254.7 71.6 253.6 71.6 252.6 71.5 251.6 71.6 250.8 71.7 249.9 71.8 249.1
  71.8 248.4 71.9 247.7 72.1 247.0 72.3 246.2 72.5 245.5 72.7 244.6 72.9 243.9
  73.2 243.1 73.4 242.4 73.7 241.6 73.9 240.9 74.0 240.3 74.2 239.4 74.5 238.6
  74.7 237.8 74.9 236.9 75.1 236.0 75.4 235.1 75.6 234.1 75.8 233.2 76.0 232.4
  76.1 231.5 76.3 230.5 76.5 229.5 76.7 228.5 76.8 227.6 76.9 226.7 77.1 225.9
  77.2 225.0 77.3 224.3 77.4 223.5 77.4 222.7 77.5 221.8 77.5 221.0 77.6 220.1
  77.6 219.3 77.6 218.4 77.7 217.5 77.7 216.6 77.7 215.7 77.7 214.8 77.8 213.8
  77.8 212.8 77.8 211.8 77.8 210.9 77.7 209.9 77.7 208.9 77.7 207.9 77.6 207.0
  77.5 206.0 77.4 205.1 77.4 204.2 77.3 203.4 77.2 202.5 77.2 201.6 77.2 200.7
  77.2 199.7 77.2 198.6 77.3 197.5 77.3 196.2 77.4 194.9 77.5 193.4 77.6 191.7
  77.6 189.9 77.7 187.8 77.6 185.5 77.5 182.9 77.3 180.3 77.1 177.7 76.8 175.1
  76.3 172.6 75.8 170.4 75.3 167.9 74.8 165.4 74.4 162.9 74.0 160.4 73.6 157.5
  73.3 154.5 72.8 151.5 72.3 148.6 71.7 145.8 71.1 143.0 70.4 140.3 69.7 137.8
  69.0 135.4 68.3 133.1 67.5 131.0 67.0 128.9 66.4 126.9 66.3 125.0 66.1 123.2
  66.2 121.5 66.3 119.7 66.5 117.9 66.7 116.1 66.8 114.2 67.0 112.4 67.1 110.6
  67.2 108.7 67.3 106.8 67.5 104.8 67.7 102.9 67.9 100.8 68.1  98.8 68.4  96.9
  68.7  94.9 69.0  92.8 69.2  90.7 69.5  88.4 69.8  86.1 70.2  83.7 70.6  81.6
  71.0  79.4 71.4  78.6 71.8  77.9 72.2  77.1 72.7  76.6 73.0  76.0 73.4  75.5
  73.8  74.9 74.1  74.4 74.6  74.0 75.0  73.7 75.3  73.3 75.7  73.0 76.0  72.7
  76.4  72.5 76.8  72.3 77.1  72.1 77.5  71.9 78.0  71.7 78.4  71.6 79.0  71.5
  79.5  71.4 80.0  71.3 80.7  71.2 81.3  71.2 81.9  71.1 82.5  71.1 83.2  71.1
  83.9  71.2 84.4  71.2 85.1  71.4 85.7  71.6 86.2  71.8 86.9  72.1 87.4  72.4
  87.8  72.7 88.1  73.0 88.5  73.4 88.9  73.7 89.2  74.0 89.4  74.3 89.6  74.6
  89.8  74.9 89.9  75.2 89.9 255.5 89.7 173.1 89.4 193.6 89.1 204.5 88.8 210.8
  88.5 214.6 88.1 216.8 87.7 218.0 87.4 218.8 87.1 219.2 86.7 219.4 86.3 219.4
  85.9 219.3 85.5 219.2 85.2 219.1 84.9 218.9 84.5 218.6 84.1 218.4 83.7 218.0
  83.4 217.4 83.1 216.8 82.7 216.1 82.4 215.4 82.1 214.6 81.7 213.8 81.5 212.7
  81.2 211.7 80.9 210.6 80.7 209.6
   5 30 64  0.0
  72.5 321.4 72.8 320.1 73.2 318.7 73.4 317.3 73.6 316.0 73.7 314.6 73.8 313.2
  73.9 311.8 73.8 310.3 73.8 308.8 73.8 307.3 73.6 305.8 73.5 304.2 73.3 302.6
  73.1 301.1 72.9 299.6 72.7 298.2 72.5 296.8 72.3 295.5 72.0 294.1 71.8 292.8
  71.6 291.1 71.4 289.3 71.1 287.6 70.9 285.9 70.6 284.3 70.4 282.8 70.1 281.4
  69.9 280.1 69.6 278.8 69.5 277.6 69.3 276.3 69.0 275.2 68.9 274.0 68.7 272.8
  68.5 271.7 68.3 270.6 68.1 269.4 67.9 268.3 67.8 267.6 67.7 266.9 67.6 266.2
  67.4 265.5 67.3 264.8 67.1 264.1 66.9 263.4 66.7 262.7 66.6 262.1 66.4 261.4
  66.2 260.8 65.9 260.2 65.7 259.6 65.5 259.2 65.4 258.7 65.3 258.2 65.1 257.8
  64.9 257.4 64.7 257.0 64.5 256.7 64.3 256.3 64.1 256.0 63.9 255.7 63.8 255.2
  63.8 254.7 63.7 254.2 63.7 253.7 63.7 253.2 63.6 252.7 63.6 252.1 63.6 251.5
  63.7 250.9 63.7 250.2 63.8 249.5 63.9 248.8 64.0 248.0 64.1 247.2 64.3 246.7
  64.6 246.1 64.8 245.5 65.1 244.9 65.4 244.3 65.7 243.6 66.0 242.9 66.4 242.4
  66.7 242.0 67.1 241.5 67.5 241.0 67.8 240.4 68.2 239.8 68.5 239.4 68.9 238.9
  69.3 238.5 69.6 238.1 70.0 237.6 70.3 237.2 70.6 236.9 71.0 236.7 71.3 236.6
  71.6 236.5 71.8 236.4 72.1 236.3 72.3 236.1 72.5 236.0 72.7 236.0 73.0 236.0
  73.2 236.1 73.3 236.2 73.4 236.5 73.6 236.8 73.7 237.2 73.8 237.5 73.8 237.9
  73.9 238.3 74.0 238.6 74.1 238.6 74.2 238.7 74.3 238.7 74.4 238.7 74.4 238.7
  74.5 238.7 74.6 238.7 74.7 238.6 74.7 238.5 74.8 238.4 74.8 238.3 74.9 238.1
  74.9 237.9 75.0 237.7 75.0 237.5 75.0 237.2 75.1 236.9 75.1 236.5 75.1 236.2
  75.1 235.8 75.1 235.4 75.0 235.0 74.9 234.5 74.9 234.1 74.8 233.7 74.7 233.2
  74.5 232.7 74.4 232.2 74.3 231.7 74.1 231.2 73.9 230.6 73.7 230.3 73.5 230.0
  73.3 229.7 73.2 229.4 73.0 229.2 72.8 229.0 72.7 228.8 72.5 228.7 72.3 228.6
  72.2 228.6 72.0 228.5 71.9 228.5 71.7 228.6 71.6 228.6 71.4 228.7 71.3 228.8
  71.2 228.9 71.0 229.0 70.8 229.1 70.7 229.2 70.5 229.3 70.3 229.5 70.1 229.6
  69.8 229.8 69.6 229.9 69.4 229.9 69.2 230.0 68.9 229.9 68.7 229.9 68.4 229.7
  68.1 229.6 67.9 229.4 67.6 229.2 67.3 229.0 67.0 228.7 66.8 228.4 66.5 228.1
  66.2 227.8 65.9 227.5 65.7 227.1 65.5 226.7 65.2 226.3 65.0 225.9 64.7 225.5
  64.5 225.1 64.2 224.7 63.9 224.3 63.6 223.5 63.5 222.6 63.4 221.8 63.2 221.0
  63.1 220.2 63.0 219.4 63.0 218.6 62.9 217.8 62.9 217.0 62.9 216.2 62.9 215.4
  63.0 214.5 63.1 213.6 63.2 212.5 63.3 211.4 63.4 210.2 63.4 208.8 63.5 207.4
  63.5 205.8 63.5 204.1 63.5 202.3 63.5 200.5 63.5 198.6 63.4 196.8 63.3 195.0
  63.1 193.2 62.9 191.6 62.6 190.0 62.4 188.6 62.1 187.2 61.8 185.9 61.5 184.0
  61.2 182.2 60.8 180.6 60.5 179.1 60.1 177.8 59.7 176.6 59.3 174.9 58.8 173.5
  58.3 172.1 57.8 170.9 57.3 169.4 56.8 168.1 56.3 166.9 55.8 165.7 55.3 164.5
  54.7 163.4 54.4 162.4 54.1 161.5
   5 31 64  0.0
  72.5 321.4 72.6 319.3 72.5 317.3 72.5 315.3 72.4 313.3 72.2 311.4 72.0 309.6
  71.8 307.9 71.6 306.6 71.4 305.4 71.3 304.1 71.1 302.9 70.9 301.8 70.7 300.7
  70.5 299.7 70.4 298.8 70.2 297.9 70.1 297.2 69.9 296.5 69.7 296.3 69.6 296.2
  69.4 296.1 69.2 296.1 69.1 296.1 68.9 296.2 68.7 296.2 68.5 296.2 68.3 296.1
  68.1 295.9 67.9 295.6 67.7 296.1 67.4 296.6 67.2 297.1 66.9 297.4 66.6 297.7
  66.2 298.0 65.8 298.1 65.5 299.4 65.1 300.5 64.7 301.6 64.2 302.6 63.7 303.5
  63.3 304.8 62.7 306.0 62.1 306.9 61.4 307.8 60.7 308.5 60.0 309.2 59.2 309.7
  58.4 310.2 57.5 310.6 56.6 311.0 55.6 311.3 54.7 311.5 53.7 311.6 52.7 311.4
  51.8 311.1 50.9 310.5 50.0 309.8 49.2 309.1 48.4 308.0 47.8 306.9 46.7 305.8
  45.7 304.6 44.8 303.5 43.7 302.3 42.8 301.2 42.0 300.0 41.3 298.7 41.0 297.4
  40.8 296.0 40.6 294.5 40.5 292.9 40.4 291.2 40.2 289.5 40.1 287.7 40.0 286.0
  39.9 284.2 39.9 282.9 40.0 281.7 40.2 280.1 40.4 278.4 40.7 276.9 41.0 275.5
  41.3 274.2 41.6 272.9 41.8 271.8 42.0 270.7 42.2 269.2 42.4 267.9 42.6 266.7
  42.7 265.7 42.9 264.7 43.1 263.8 43.2 263.0 43.3 262.2 43.5 261.5 43.6 260.8
  43.8 260.2 43.9 259.6 43.9 259.1 43.9 258.5 43.9 258.0 43.9 257.5 43.9 257.0
  43.9 256.5 43.9 256.0 43.9 255.5 43.8 255.1 43.8 254.6 43.7 254.2 43.6 253.7
  43.4 253.3 43.3 252.9 43.1 252.4 42.9 252.0 42.7 251.5 42.4 251.0 42.1 250.5
  41.8 250.0 41.6 249.6 41.3 249.2 41.0 248.8 40.6 248.4 40.3 247.9 39.9 247.4
  39.5 247.0 39.1 246.6 38.6 246.2 38.2 245.7 37.7 245.3 37.1 245.0 36.6 244.6
  36.0 244.3 35.4 244.0 34.7 243.7 33.8 243.5 33.0 243.2 32.2 243.0 31.4 242.7
  30.6 242.5 29.9 242.2 29.2 241.9 28.6 241.5 28.1 241.2 27.5 240.8 27.1 240.5
  26.6 240.2 26.2 239.8 25.6 239.4 25.1 239.2 24.6 239.0 24.1 238.7 23.5 238.4
  23.0 238.2 22.5 238.0 22.0 237.8 21.5 237.7 21.0 237.6 20.6 237.5 20.2 237.4
  19.9 237.3-99.9 -99.9-99.9 -99.9-99.9 -99.9-99.9 -99.9-99.9 -99.9-99.9 -99.9
 -99.9 -99.9-99.9 -99.9-99.9 -99.9-99.9 -99.9-99.9 -99.9-99.9 -99.9-99.9 -99.9
 -99.9 -99.9-99.9 -99.9-99.9 -99.9-99.9 -99.9-99.9 -99.9-99.9 -99.9-99.9 -99.9
 -99.9 -99.9-99.9 -99.9-99.9 -99.9-99.9 -99.9-99.9 -99.9-99.9 -99.9-99.9 -99.9
 -99.9 -99.9-99.9 -99.9-99.9 -99.9-99.9 -99.9-99.9 -99.9-99.9 -99.9-99.9 -99.9
 -99.9 -99.9-99.9 -99.9-99.9 -99.9-99.9 -99.9-99.9 -99.9-99.9 -99.9-99.9 -99.9
 -99.9 -99.9-99.9 -99.9-99.9 -99.9-99.9 -99.9-99.9 -99.9-99.9 -99.9-99.9 -99.9
 -99.9 -99.9-99.9 -99.9-99.9 -99.9-99.9 -99.9-99.9 -99.9-99.9 -99.9-99.9 -99.9
 -99.9 -99.9-99.9 -99.9-99.9 -99.9-99.9 -99.9-99.9 -99.9-99.9 -99.9-99.9 -99.9
 -99.9 -99.9-99.9 -99.9-99.9 -99.9-99.9 -99.9-99.9 -99.9-99.9 -99.9-99.9 -99.9
 -99.9 -99.9-99.9 -99.9-99.9 -99.9-99.9 -99.9-99.9 -99.9-99.9 -99.9-99.9 -99.9
 -99.9 -99.9-99.9 -99.9-99.9 -99.9
