  10  1 64  0.0
  72.5 321.4 72.4 319.6 72.4 317.6 72.3 315.7 72.3 313.7 72.2 311.6 72.2 309.5
  72.2 307.2 72.3 304.9 72.3 302.5 72.4 300.0 72.5 297.3 72.7 294.6 72.8 291.8
  73.0 288.9 73.2 286.0 73.4 283.1 73.8 280.2 74.1 277.4 74.7 274.8 75.2 272.1
  75.9 269.4 76.5 266.6 77.3 264.0 78.1 261.2 78.9 259.0 79.5 256.4 80.1 253.6
  80.7 251.5 81.1 249.1 81.6 246.4 82.0 243.3 82.3 240.0 82.7 237.4 83.1 234.5
  83.4 231.1 83.7 227.4 83.9 223.1 84.1 218.4 84.4 215.0 84.7 211.0 84.9 206.4
  85.1 201.5 85.2 196.2 85.4 190.6 85.4 185.1 85.4 179.6 85.4 174.4 85.3 169.4
  85.2 164.8 85.1 160.4 85.0 156.1 84.9 152.0 84.8 147.9 84.6 143.9 84.5 140.0
  84.4 136.2 84.3 132.4 84.1 128.8 84.0 125.3 83.9 122.2 83.7 119.3 83.6 116.6
  83.5 114.1 83.3 111.8 83.2 109.6 83.1 107.5 83.0 105.5 82.9 103.5 82.8 101.6
  82.7  99.8 82.6  98.0 82.4  96.2 82.3  94.5 82.2  92.9 82.1  91.3 82.1  89.8
  82.0  88.3 81.9  87.2 81.9  86.0 81.9  84.8 81.9  83.6 81.9  82.3 81.9  80.8
  81.9  79.4 82.0  79.1 82.1  78.9 82.2  78.7 82.3  78.6 82.4  78.4 82.5  78.2
  82.7  78.0 82.8  77.8 82.9  77.6 83.0  77.4 83.2  77.2 83.3  77.0 83.5  76.9
  83.6  76.7 83.7  76.5 83.9  76.3 84.0  76.2 84.2  76.0 84.4  75.9 84.5  75.8
  84.7  75.7 84.8  75.7 85.0  75.6 85.1  75.6 85.2  75.6 85.3  75.5 85.5  75.5
  85.6  75.5 85.8  75.5 85.9  75.5 86.1  75.5 86.3  75.6 86.6  75.7 86.9  75.8
  87.1  76.0 87.4  76.1 87.6  76.2 87.7  76.3 87.9  76.4 88.1  76.5 88.3  76.6
  88.5  76.7 88.7  76.8 88.9  76.8 89.1  76.9 89.2  77.0 89.4  77.0 89.5  77.1
  89.6  77.1 89.8  77.1 89.9  77.2 90.0  77.3 89.9 257.4 89.4 223.5 89.1 203.8
  88.8 194.3 88.6 189.5 88.2 186.9 87.8 185.4 87.5 184.3 87.1 183.4 86.7 182.8
  86.2 182.4 85.7 182.1 85.3 180.9 84.8 179.9 84.4 179.1 83.8 178.5 83.4 177.3
  82.9 176.4 82.3 175.6 81.7 174.9 81.2 173.6 80.6 172.6 79.9 171.8 79.3 170.5
  78.7 169.5 77.9 168.8 77.2 167.1 76.4 165.6 75.7 164.2 75.1 162.1 74.4 160.1
  73.7 158.2 73.2 156.1 72.7 154.0 72.2 152.0 71.9 150.1 71.7 148.1 71.5 146.2
  71.3 144.4 71.2 142.8 71.2 141.2 71.2 139.7 71.3 138.3 71.4 137.1 71.5 136.0
  71.6 135.0 71.9 134.0 72.1 133.1 72.4 132.3 72.8 131.5 73.2 130.7 73.6 129.9
  74.0 129.1 74.5 129.0 75.1 129.0 75.6 129.0 76.2 129.0 76.8 130.0 77.5 130.9
  78.1 131.7 78.8 133.2 79.3 134.7 79.9 136.2 80.3 137.8 80.8 139.8 81.2 141.9
  81.5 144.2 81.7 146.5 81.8 148.9 81.9 151.5 82.0 154.2 82.1 157.1 82.0 160.2
  81.9 163.4 81.8 166.1 81.6 168.7 81.3 171.4 81.1 173.9 80.8 176.5 80.5 179.0
  80.1 181.4 79.7 183.7 79.4 184.7 79.0 185.6 78.6 186.4 78.2 187.1 77.7 187.7
  77.3 187.3 76.9 186.9 76.5 186.5 76.1 186.2 75.7 185.8 75.3 184.7 74.9 183.7
  74.6 182.6 74.2 181.5 73.9 180.4 73.7 179.0 73.4 177.7 73.1 176.5 72.8 175.2
  72.5 174.0 72.1 172.8 71.8 171.6
  10  2 64  0.0
  72.5 321.4 72.3 319.3 72.2 317.2 72.1 315.3 72.0 313.3 72.0 311.5 72.1 309.6
  72.1 307.6 72.3 305.7 72.4 303.7 72.6 301.7 72.7 299.6 72.9 297.5 73.1 295.3
  73.3 293.1 73.5 290.9 73.7 288.6 73.9 286.5 74.2 284.3 74.4 282.1 74.7 279.9
  74.9 277.8 75.2 275.7 75.4 273.6 75.7 271.5 76.0 269.4 76.2 267.4 76.5 265.8
  76.9 264.1 77.3 262.4 77.5 260.7 77.8 258.9 78.1 257.0 78.3 255.7 78.6 254.4
  78.8 252.9 79.1 251.3 79.3 249.5 79.5 247.6 79.7 245.6 79.9 243.5 80.0 241.3
  80.3 239.7 80.5 238.1 80.7 236.3 80.9 234.3 81.1 232.1 81.3 229.7 81.5 227.2
  81.7 224.5 81.9 221.7 82.0 218.8 82.3 216.3 82.5 213.6 82.7 210.6 82.9 207.3
  83.0 203.8 83.2 200.0 83.3 196.0 83.3 191.8 83.4 187.4 83.4 183.0 83.4 178.6
  83.4 174.4 83.3 170.5 83.2 166.8 83.1 163.3 82.9 160.1 82.8 157.2 82.6 154.4
  82.4 151.8 82.3 149.4 82.1 147.0 81.9 144.8 81.8 142.7 81.6 140.6 81.5 138.6
  81.3 136.6 81.2 134.7 81.0 132.8 80.9 131.0 80.7 129.3 80.6 127.6 80.4 125.9
  80.2 124.3 80.0 122.7 79.8 121.2 79.6 120.0 79.5 118.9 79.3 117.7 79.2 116.6
  79.1 115.4 78.9 114.3 78.8 113.1 78.6 112.0 78.5 110.9 78.4 109.8 78.2 108.7
  78.1 107.6 77.9 106.6 77.8 105.6 77.7 104.5 77.5 103.5 77.4 102.5 77.3 101.5
  77.1 100.5 77.0  99.4 76.9  98.4 76.8  97.4 76.7  96.4 76.6  95.4 76.5  94.5
  76.5  93.6 76.4  92.8 76.3  92.0 76.3  91.3 76.2  90.6 76.1  90.0 76.1  89.4
  76.0  88.9 76.0  88.4 75.9  87.8 75.9  87.2 75.8  86.6 75.8  86.0 75.8  85.3
  75.8  84.6 75.7  83.9 75.7  83.2 75.7  82.4 75.7  81.7 75.7  80.9 75.7  80.2
  75.7  79.4 75.8  79.2 75.8  79.0 75.8  78.8 75.9  78.6 75.9  78.5 76.0  78.3
  76.1  78.1 76.2  77.9 76.3  77.7 76.4  77.5 76.5  77.3 76.6  77.2 76.7  77.0
  76.8  76.8 76.9  76.7 77.0  76.5 77.1  76.4 77.2  76.3 77.3  76.3 77.4  76.2
  77.5  76.2 77.6  76.1 77.7  76.1 77.8  76.1 77.9  76.1 78.0  76.1 78.1  76.1
  78.2  76.0 78.3  75.9 78.3  75.8 78.4  75.6 78.4  75.5 78.5  75.3 78.5  75.1
  78.5  74.9 78.5  74.7 78.5  74.5 78.5  74.3 78.5  74.1 78.4  73.9 78.4  73.8
  78.3  73.6 78.3  73.4 78.2  73.2 78.1  73.1 77.9  72.9 77.8  72.9 77.7  72.9
  77.5  72.8 77.4  72.8 77.2  72.7 77.1  72.6 76.9  72.5 76.8  72.3 76.6  72.2
  76.4  72.0 76.3  71.8 76.1  71.6 75.9  71.4 75.8  71.4 75.6  71.3 75.4  71.3
  75.2  71.2 75.0  71.1 74.7  71.0 74.4  70.9 74.0  70.7 73.6  70.6 73.1  70.6
  72.6  70.7 72.1  70.7 71.4  70.7 70.8  70.7 70.2  70.8 69.5  70.8 68.8  70.8
  68.1  70.9 67.4  70.9 66.7  70.8 66.0  70.8 65.3  70.5 64.7  70.2 64.0  69.9
  63.3  69.4 62.8  68.9 62.2  68.5 61.7  68.0 61.3  67.5 60.9  67.0 60.5  66.5
  60.2  66.0 59.8  65.6 59.5  65.2 59.3  64.8 59.0  64.4 58.8  64.0 58.6  63.6
  58.4  63.2 58.1  62.9 57.9  62.5 57.6  62.2 57.4  61.8 57.1  61.5 56.9  61.1
  56.6  60.8 56.3  60.5 56.1  60.2
  10  3 64  0.0
  72.5 321.4 71.9 320.6 71.4 320.5 70.8 320.3 70.2 319.9 69.9 319.4 69.5 319.5
  69.2 319.4 68.8 319.2 68.4 318.9 68.0 318.5 67.6 318.7 67.1 318.7 66.6 318.7
  66.1 318.6 65.6 318.4 65.1 318.6 64.6 318.7 64.1 318.7 63.6 318.6 63.2 318.9
  62.7 319.0 62.1 319.1 61.6 319.0 61.0 319.6 60.5 320.3 59.5 320.7 58.5 321.3
  57.4 321.7 56.2 321.7 54.9 321.5 53.6 320.9 52.3 320.0 51.1 319.1 50.3 317.6
  49.5 316.1 48.6 314.3 47.9 312.4 47.3 310.5 47.0 308.6 46.7 306.8 46.8 305.1
  46.8 303.4 46.8 301.8 46.7 300.2 46.6 298.7 46.6 297.2 46.6 295.6 46.9 294.1
  47.1 292.6 47.4 291.2 47.7 289.8 47.9 288.5 48.1 287.1 48.2 286.1 48.3 285.1
  48.4 284.1 48.4 283.1 48.6 282.1 48.9 281.2 49.2 280.3 49.5 279.4 50.0 278.5
  50.6 277.8 51.0 277.1 51.5 276.2 51.8 275.3 52.1 274.4 52.5 273.7 52.8 273.1
  53.1 272.4 53.5 271.8 54.0 271.3 54.6 270.7 55.1 270.6 55.7 270.5 56.2 270.3
  56.8 270.3 57.3 270.2 57.8 270.1 58.3 270.0 58.8 270.0 59.3 270.1 59.8 270.2
  60.3 270.3 60.9 270.6 61.4 270.8 61.9 271.1 62.4 271.3 62.9 271.4 63.4 271.5
  64.0 271.6 64.5 271.6 65.0 271.6 65.6 271.6 66.1 271.6 66.7 271.6 67.3 271.6
  67.8 271.6 68.3 271.6 68.8 271.5 69.2 271.5 69.6 271.5 69.9 271.5 70.2 271.5
  70.4 271.4 70.7 271.3 70.9 271.2 71.1 271.1 71.2 271.1 71.4 271.2 71.6 271.2
  71.8 271.2 72.0 271.3 72.3 271.1 72.5 271.0 72.8 270.9 73.1 270.9 73.3 270.9
  73.6 271.0 73.9 271.1 74.2 271.3 74.5 271.1 74.8 271.0 75.1 270.9 75.4 270.9
  75.7 271.0 75.9 271.1 76.2 271.3 76.5 271.3 76.7 271.3 77.0 271.5 77.2 271.8
  77.4 272.2 77.6 272.7 77.7 273.3 77.9 273.9 78.0 274.7 78.3 274.9 78.5 275.3
  78.7 275.8 78.9 276.3 79.1 277.0 79.3 277.7 79.6 278.5 79.8 279.5 80.0 280.4
  80.2 280.7 80.3 281.0 80.5 281.3 80.7 281.6 80.9 282.1 81.1 282.5 81.2 283.0
  81.4 283.5 81.7 284.1 81.8 284.7 82.0 285.3 82.2 285.8 82.4 286.2 82.6 286.6
  82.8 286.9 83.0 287.1 83.1 287.3 83.3 287.5 83.5 287.5 83.6 287.5 83.8 287.5
  83.9 287.3 84.0 287.1 84.2 286.5 84.3 285.7 84.4 284.8 84.5 283.8 84.7 282.7
  84.8 281.5 84.9 280.2 84.9 278.7 85.1 277.0 85.3 275.1 85.4 273.0 85.5 270.5
  85.6 267.7 85.7 264.7 85.8 261.4 85.8 257.7 85.8 253.8 85.7 249.6 85.6 245.3
  85.5 240.8 85.4 236.4 85.2 232.1 85.0 228.2 84.8 224.6 84.5 221.3 84.2 218.1
  83.9 215.1 83.7 212.4 83.4 209.9 83.1 207.5 82.8 205.1 82.5 202.9 82.2 200.8
  81.8 198.8 81.5 197.1 81.2 195.5 80.9 193.9 80.6 192.3 80.3 190.8 79.9 189.4
  79.6 188.1 79.3 186.8 78.9 185.6 78.5 184.4 78.1 183.2 77.7 182.2 77.4 180.8
  77.1 179.3 76.7 177.9 76.4 176.4 76.0 175.0 75.5 173.7 75.1 172.0 74.7 170.4
  74.2 168.8 73.8 167.2 73.4 165.6 73.0 164.0 72.6 162.3 72.2 160.7 71.9 159.0
  71.6 157.5 71.3 155.9 71.0 154.4 70.8 152.8 70.6 151.1 70.4 149.5 70.3 147.9
  70.2 146.3 70.1 144.8 70.1 143.3
  10  4 64  0.0
  72.5 321.4 72.1 319.0 71.7 316.7 71.3 314.3 71.1 312.0 70.8 309.8 70.7 307.6
  70.6 305.6 70.6 303.6 70.7 301.6 70.8 299.8 71.0 298.0 71.2 296.3 71.4 294.7
  71.7 293.1 71.9 291.7 72.2 290.3 72.4 289.2 72.7 288.2 72.9 287.2 73.1 286.3
  73.3 285.4 73.5 284.5 73.7 283.7 73.9 283.0 74.0 282.3 74.2 281.8 74.4 281.3
  74.6 280.8 74.7 280.3 74.9 279.6 75.0 279.0 75.0 278.3 75.1 277.5 75.2 276.7
  75.2 275.9 75.3 275.0 75.3 274.1 75.4 273.2 75.4 272.2 75.5 271.2 75.5 270.1
  75.6 269.0 75.7 267.9 75.7 266.8 75.7 265.6 75.8 264.4 75.8 263.2 75.8 261.9
  75.8 260.5 75.8 259.2 75.8 257.9 75.7 256.7 75.7 255.5 75.7 254.3 75.7 253.2
  75.6 252.1 75.6 251.0 75.6 249.9 75.6 248.8 75.6 247.7 75.7 246.6 75.8 245.5
  75.9 244.3 76.0 243.1 76.1 241.9 76.2 240.9 76.3 240.0 76.5 238.9 76.7 237.9
  76.8 236.8 76.9 235.7 77.1 234.5 77.3 233.4 77.4 232.1 77.6 230.9 77.7 229.5
  77.9 228.1 78.0 226.7 78.2 225.5 78.4 224.3 78.6 223.1 78.8 221.8 79.0 220.4
  79.2 219.0 79.4 217.5 79.6 216.0 79.8 214.3 80.0 212.6 80.2 211.0 80.5 209.2
  80.7 207.2 80.9 205.1 81.1 202.7 81.3 200.2 81.4 197.5 81.6 194.6 81.7 191.5
  81.8 188.3 81.8 184.9 81.8 181.6 81.8 178.2 81.8 174.9 81.7 171.6 81.6 168.4
  81.5 165.3 81.4 162.3 81.3 159.5 81.1 156.9 80.9 154.4 80.7 152.0 80.5 149.9
  80.3 147.9 80.1 146.0 79.9 144.2 79.7 142.5 79.5 140.9 79.4 139.3 79.2 137.7
  79.1 136.2 78.9 134.7 78.8 133.2 78.6 131.8 78.5 130.4 78.3 129.1 78.1 127.9
  77.9 126.7 77.8 125.6 77.6 124.6 77.4 123.6 77.3 122.7 77.1 121.9 76.9 121.1
  76.7 120.4 76.5 119.6 76.3 118.9 76.2 118.1 76.0 117.3 75.9 116.5 75.8 115.8
  75.7 115.1 75.6 114.4 75.5 113.6 75.4 112.8 75.3 111.9 75.1 111.0 75.0 110.1
  74.9 109.1 74.7 108.1 74.6 107.1 74.5 106.1 74.3 105.0 74.2 103.9 74.0 102.9
  73.9 101.8 73.8 100.6 73.6  99.4 73.5  98.2 73.4  97.1 73.2  96.0 73.1  95.1
  73.0  94.2 72.9  93.4 72.8  92.7 72.7  92.0 72.6  91.3 72.6  90.7 72.5  90.1
  72.5  89.6 72.5  89.0 72.4  88.5 72.4  87.9 72.4  87.3 72.4  86.7 72.4  86.0
  72.4  85.3 72.4  84.6 72.4  83.9 72.4  83.2 72.4  82.5 72.3  81.7 72.3  81.0
  72.3  80.3 72.3  79.6 72.3  79.4 72.3  79.2 72.3  79.0 72.4  78.8 72.4  78.6
  72.5  78.5 72.6  78.3 72.7  78.1 72.8  77.9 72.9  77.8 73.1  77.6 73.2  77.5
  73.3  77.3 73.4  77.2 73.6  77.1 73.7  77.0 73.8  76.9 73.9  76.8 74.0  76.7
  74.1  76.7 74.3  76.7 74.4  76.7 74.5  76.7 74.5  76.7 74.6  76.7 74.7  76.7
  74.8  76.7 74.8  76.7 74.9  76.8 74.9  76.8 75.0  76.9 75.0  76.9 75.0  76.9
  75.0  77.0 75.0  77.1 75.0  77.1 74.9  77.2 74.9  77.2 74.8  77.3 74.6  77.4
  74.5  77.4 74.3  77.5 74.1  77.5 73.8  77.6 73.5  77.8 73.2  78.0 72.9  78.2
  72.5  78.4 72.2  78.6 71.8  78.7 71.4  78.9 71.0  79.0 70.5  79.1 70.0  79.2
  69.5  79.1 68.9  79.1 68.3  79.1
  10  5 64  0.0
  72.5 321.4 72.0 318.6 71.4 317.0 70.9 315.4 70.2 313.8 69.5 312.3 68.9 311.6
  68.1 310.9 67.3 310.1 66.5 310.0 65.6 309.8 64.7 310.0 63.7 310.0 62.6 310.3
  61.6 310.5 60.5 311.0 59.4 311.3 58.4 311.7 57.4 311.9 56.4 311.8 55.5 311.7
  54.6 311.3 53.8 310.8 52.9 310.3 52.0 309.9 51.0 309.7 50.1 309.1 49.3 308.6
  48.6 307.6 47.9 306.7 47.4 305.5 46.9 304.3 46.5 303.2 46.1 302.1 45.6 301.0
  45.2 300.1 44.9 299.2 44.3 298.3 43.8 297.4 43.4 296.5 43.0 295.6 42.5 294.6
  42.0 293.5 41.7 292.4 41.4 291.3 41.1 290.1 40.8 289.0 40.5 287.8 40.2 286.8
  39.8 285.8 39.5 284.9 39.2 284.0 39.0 283.1 38.7 282.1 38.5 281.2 38.3 280.2
  38.1 279.3 38.0 278.4 37.8 277.7 37.6 277.0 37.4 276.4 37.3 275.8 37.2 275.2
  37.1 274.6 37.0 274.1 36.9 273.6 36.8 273.1 36.7 272.6 36.5 272.1 36.4 271.7
  36.4 271.3 36.3 270.9 36.2 270.5 36.1 270.2 36.1 269.9 36.0 269.6 35.9 269.2
  35.8 268.8 35.7 268.5 35.6 268.2 35.5 267.8 35.5 267.5 35.4 267.2 35.4 266.9
  35.3 266.7 35.3 266.4 35.2 266.1 35.2 265.8 35.1 265.6 35.1 265.3 35.0 265.0
  35.0 264.7 34.9 264.5 34.9 264.2 34.9 263.9 34.8 263.7 34.8 263.4 34.7 263.2
  34.7 262.9 34.7 262.6 34.7 262.4 34.6 262.1 34.6 261.9 34.6 261.6 34.6 261.3
  34.6 261.1 34.6 260.8 34.7 260.5 34.7 260.3 34.7 260.0 34.8 259.8 34.8 259.5
  34.9 259.2 35.0 258.9 35.1 258.6 35.2 258.3 35.2 258.0 35.3 257.7 35.4 257.3
  35.5 257.0 35.6 256.6 35.7 256.2 35.8 255.8 35.9 255.5 36.0 255.1 36.0 254.7
  36.1 254.5 36.1 254.2 36.2 254.0 36.3 253.7 36.3 253.4 36.4 253.1 36.4 252.8
  36.5 252.5 36.5 252.2 36.6 251.9 36.6 251.6 36.6 251.3 36.6 251.0 36.7 250.7
  36.7 250.4 36.7 250.1 36.7 249.8 36.8 249.5 36.8 249.2 36.8 248.9 36.9 248.6
  36.9 248.3 36.9 248.0 36.9 247.7 36.9 247.3 36.9 247.0 36.9 246.7 36.9 246.4
  36.9 246.0 36.9 245.7 37.0 245.4 37.0 245.0 37.0 244.7 37.1 244.4 37.1 244.1
  37.1 243.7 37.1 243.4 37.0 243.1 36.9 242.7 36.9 242.4 36.8 242.1 36.7 241.8
  36.7 241.4 36.6 241.1 36.5 240.8 36.5 240.5 36.5 240.1 36.4 239.8 36.3 239.4
  36.2 239.1 36.0 238.8 35.9 238.4 35.8 238.2 35.7 237.9 35.6 237.6 35.5 237.4
  35.4 237.1 35.3 236.9 35.2 236.6 35.1 236.4 35.0 236.1 34.9 235.8 34.8 235.5
  34.6 235.3 34.5 235.0 34.3 234.7 34.0 234.4 33.8 234.2 33.6 233.9 33.4 233.7
  33.2 233.6 33.1 233.4 33.0 233.3 32.9 233.2 32.8 233.1 32.8 233.0 32.9 233.0
  32.9 233.0 33.0 233.0 33.2 233.0 33.3 233.0 33.5 233.1 33.7 233.2 33.9 233.3
  34.1 233.4 34.3 233.4 34.6 233.5 34.9 233.6 35.2 233.8 35.5 233.9 35.9 234.1
  36.3 234.3 36.6 234.4 37.0 234.4 37.3 234.5 37.6 234.6 37.9 234.7 38.1 234.8
  38.4 234.7 38.6 234.7 38.8 234.6 39.0 234.6 39.1 234.7 39.3 234.7 39.5 234.8
  39.6 234.9 39.8 235.0 40.0 235.2 40.2 234.9 40.4 234.6 40.6 234.4 40.8 234.2
  41.0 234.0 41.2 233.8 41.3 233.6
  10  6 64  0.0
  72.5 321.4 72.4 321.5 72.2 321.6 72.1 321.7 71.9 321.7 71.7 322.2 71.5 322.7
  71.3 323.3 71.1 324.0 70.9 324.8 70.7 325.6 70.5 326.6 70.3 327.8 70.0 329.0
  69.9 330.2 69.7 331.8 69.6 333.4 69.4 334.9 69.2 336.4 68.8 337.8 68.4 339.0
  68.1 340.2 67.5 341.2 66.9 342.6 66.3 344.0 65.6 345.3 64.7 346.1 63.7 346.7
  62.6 346.8 61.5 346.8 60.4 346.4 59.3 346.1 58.3 345.6 57.3 345.2 56.4 345.1
  55.5 345.0 54.6 344.9 53.7 344.9 52.8 344.5 51.9 344.1 51.1 343.5 50.0 343.0
  49.0 342.4 48.0 341.8 47.1 341.1 46.2 340.5 45.3 339.9 44.6 339.2 43.9 338.6
  43.2 337.9 42.5 337.2 41.9 336.5 41.3 335.8 41.0 335.1 40.7 334.4 40.4 333.7
  40.1 333.0 39.8 332.3 39.5 331.7 39.4 331.2 39.2 330.6 39.0 330.1 38.8 329.5
  38.6 328.9 38.3 328.3 38.1 327.7 38.2 327.0 38.2 326.3 38.3 325.6 38.3 324.9
  38.4 324.2 38.4 323.5 38.7 322.7 39.0 321.9 39.3 321.1 39.6 320.2 39.9 319.3
  40.2 318.5 40.5 317.5 40.8 316.6 41.0 315.6 41.4 314.7 41.7 313.8 42.0 312.9
  42.4 312.0 42.9 311.1 43.3 310.2 43.8 309.3 44.3 308.4 44.8 307.5 45.3 306.5
  45.7 305.6 46.2 304.7 46.7 303.6 47.1 302.6 47.5 301.6 48.0 300.5 48.4 299.5
  48.8 298.4 49.2 297.2 49.6 296.2 50.1 295.1 50.5 294.1 50.9 293.1 51.3 292.2
  51.6 291.2 51.9 290.3 52.1 289.4 52.4 288.4 52.7 287.5 52.8 286.6 53.0 285.7
  53.2 284.7 53.4 283.8 53.5 282.9 53.5 282.0 53.6 281.0 53.6 280.1 53.7 279.2
  53.8 278.3 53.9 277.4 54.1 276.6 54.3 275.6 54.5 274.6 54.6 273.7 54.8 272.8
  55.0 271.9 55.0 271.0 55.0 270.2 55.0 269.3 55.1 268.5 55.1 267.7 55.0 266.8
  54.9 266.0 54.9 265.2 54.9 264.5 55.0 263.8 54.9 263.2 54.9 262.6 55.0 261.9
  55.0 261.4 55.2 260.8 55.3 260.2 55.5 259.6 55.4 258.9 55.4 258.3 55.5 257.7
  55.6 257.0 55.7 256.3 55.8 255.6 55.9 254.8 55.9 254.1 56.1 253.3 56.2 252.8
  56.4 252.2 56.6 251.6 56.7 251.0 56.8 250.5 56.9 249.9 57.0 249.3 57.2 248.7
  57.3 248.1 57.5 247.5 57.6 246.9 57.7 246.3 57.8 245.6 58.0 245.0 58.1 244.3
  58.3 243.9 58.5 243.5 58.6 243.1 58.8 242.6 59.0 242.1 59.2 241.6 59.4 241.1
  59.5 240.6 59.7 240.0 59.9 239.4 60.0 238.8 60.2 238.3 60.3 237.9 60.5 237.4
  60.6 236.9 60.8 236.4 60.9 235.9 61.0 235.4 61.1 234.9 61.2 234.4 61.3 233.8
  61.4 233.3 61.5 232.8 61.5 232.3 61.6 231.8 61.7 231.3 61.8 230.7 61.8 230.1
  61.9 229.4 61.9 228.7 62.0 227.9 62.1 227.1 62.2 226.6 62.3 226.1 62.4 225.6
  62.5 225.1 62.6 224.6 62.7 224.1 62.8 223.6 62.9 223.0 63.0 222.4 63.1 221.7
  63.1 221.0 63.2 220.3 63.3 219.6 63.3 218.9 63.3 218.2 63.3 217.5 63.3 216.8
  63.3 216.2 63.2 215.5 63.1 214.9 63.0 214.4 62.8 213.9 62.7 213.4 62.5 212.9
  62.3 212.5 62.1 212.2 61.8 211.9 61.6 211.2 61.4 210.6 61.1 210.1 60.9 209.6
  60.5 209.1 60.2 208.6 59.7 208.2 59.3 207.4 58.9 206.7 58.4 206.0 57.8 205.4
  57.3 204.5 56.7 203.8 56.0 203.1
  10  7 64  0.0
  72.5 321.4 72.6 322.0 72.6 322.7 72.7 323.3 72.7 323.8 72.7 324.4 72.7 325.0
  72.7 325.5 72.7 326.0 72.7 326.5 72.8 327.0 72.8 327.5 72.8 328.0 72.8 328.4
  72.8 328.8 72.8 329.3 72.8 329.8 72.8 330.3 72.7 330.9 72.7 331.4 72.7 331.9
  72.7 332.5 72.6 333.0 72.6 333.6 72.6 334.1 72.5 334.6 72.5 335.1 72.4 335.6
  72.3 336.0 72.2 336.3 72.0 336.6 71.8 337.6 71.5 338.8 71.2 340.0 70.9 341.2
  70.3 342.4 69.7 343.6 69.0 345.2 68.1 346.4 67.1 347.4 66.1 348.1 64.9 348.7
  63.7 348.8 62.6 348.4 61.4 348.2 60.3 347.4 59.2 346.8 58.1 345.9 56.9 345.0
  55.9 344.1 54.9 343.2 54.1 342.4 53.4 341.6 52.6 340.9 51.9 340.2 51.1 339.5
  50.7 338.7 50.3 338.0 49.8 337.2 49.3 336.4 48.7 335.7 48.8 334.9 48.8 334.1
  48.9 333.3 48.9 332.6 48.9 331.8 49.5 331.0 50.1 330.2 50.6 329.4 51.2 328.6
  51.7 327.7 52.6 326.8 53.4 326.0 54.3 325.3 55.0 324.8 55.7 324.2 56.2 323.6
  56.8 323.2 57.4 322.7 57.9 322.1 58.3 321.5 58.7 320.8 59.0 320.1 59.2 319.2
  59.7 318.2 60.2 317.1 60.6 315.9 61.2 314.6 61.7 313.3 62.3 311.9 62.7 310.6
  63.2 309.4 63.7 308.2 64.2 306.9 64.6 306.1 65.1 305.3 65.5 304.5 65.9 303.6
  66.3 302.8 66.6 302.2 66.9 301.6 67.2 301.0 67.4 300.4 67.7 299.8 67.9 299.1
  68.1 298.4 68.3 297.8 68.6 297.0 68.8 296.3 69.0 295.6 69.2 294.8 69.3 294.0
  69.6 293.2 69.8 292.4 70.0 291.5 70.2 290.7 70.4 289.6 70.6 288.6 70.8 287.5
  71.0 286.3 71.2 285.2 71.4 284.0 71.5 282.8 71.7 281.6 71.8 280.4 71.9 279.1
  72.1 277.9 72.2 276.5 72.3 275.1 72.4 273.7 72.5 272.4 72.6 271.1 72.6 269.8
  72.7 268.5 72.8 267.2 72.8 265.9 72.8 264.5 72.9 263.2 72.9 261.8 72.9 260.4
  72.9 259.0 72.9 257.6 72.9 256.1 72.9 254.7 72.9 253.2 72.9 251.7 72.9 250.3
  73.0 248.9 73.0 247.6 73.0 246.3 73.0 245.0 73.0 243.8 73.0 242.6 72.9 241.4
  72.9 240.3 72.9 239.2 72.9 238.1 72.8 237.0 72.8 235.9 72.8 234.8 72.8 233.8
  72.8 232.8 72.8 231.8 72.8 230.9 72.8 230.0 72.8 229.1 72.8 228.3 72.7 227.5
  72.8 226.8 72.8 226.0 72.8 225.3 72.8 224.6 72.9 223.9 73.0 223.2 73.0 222.5
  73.1 221.8 73.2 221.1 73.3 220.4 73.4 219.7 73.5 219.0 73.6 218.3 73.7 217.6
  73.8 216.9 73.9 216.3 74.0 215.6 74.1 215.1 74.2 214.7 74.3 214.2 74.3 213.8
  74.4 213.5 74.4 213.1 74.5 212.8 74.5 212.5 74.5 212.2 74.5 211.9 74.6 211.5
  74.6 211.2 74.6 210.8 74.6 210.4 74.6 209.9 74.7 209.5 74.7 209.0 74.7 208.5
  74.6 207.9 74.7 207.4 74.7 206.8 74.7 206.2 74.7 205.7 74.7 205.2 74.7 204.6
  74.8 204.1 74.8 203.7 74.9 203.2 74.9 202.8 75.0 202.4 75.1 202.1 75.2 201.7
  75.3 201.4 75.5 201.1 75.6 200.8 75.6 200.4 75.7 200.0 75.8 199.6 75.9 199.1
  76.0 198.6 76.0 198.1 76.1 197.2 76.1 196.3 76.2 195.3 76.2 194.3 76.3 193.2
  76.3 192.1 76.3 190.8 76.4 189.5 76.4 188.1 76.5 186.6 76.5 184.9 76.5 183.2
  76.6 181.3 76.6 179.3 76.6 177.2
  10  8 64  0.0
  72.5 321.4 72.4 322.5 72.4 323.6 72.3 324.7 72.3 325.8 72.3 326.9 72.2 327.9
  72.2 329.0 72.2 330.1 72.2 331.2 72.2 332.3 72.2 333.4 72.2 334.6 72.1 335.8
  72.1 337.0 72.0 338.3 71.8 339.4 71.7 340.5 71.5 341.6 71.2 342.7 71.0 343.8
  70.7 345.0 70.3 346.1 69.9 347.2 69.5 348.0 69.0 348.8 68.4 349.5 67.8 350.2
  67.2 350.5 66.5 350.8 65.8 351.1 65.2 351.1 64.5 351.1 63.7 351.2 63.0 350.9
  62.2 350.7 61.4 350.5 60.7 349.7 59.9 348.9 59.2 347.7 58.7 346.4 58.1 345.2
  57.5 344.1 56.9 342.5 56.5 341.0 56.0 339.4 55.7 337.7 55.3 335.6 55.1 333.4
  54.8 331.2 54.6 329.0 54.3 326.9 54.0 324.9 53.7 322.5 53.3 320.2 53.0 317.8
  52.6 315.5 52.2 313.2 51.8 311.1 51.3 308.6 50.7 306.2 49.9 303.9 49.2 301.4
  48.4 299.1 47.7 297.0 47.0 294.8 46.4 292.8 45.8 290.9 45.2 289.0 44.6 287.2
  44.0 285.5 43.3 283.7 42.9 281.9 42.5 280.1 42.0 278.3 41.7 276.6 41.4 274.8
  41.3 272.9 41.3 271.0 41.6 269.1 41.9 267.3 42.5 265.4 43.0 263.6 43.6 261.9
  44.2 260.2 44.9 258.7 45.6 257.3 46.3 255.8 47.2 254.5 48.0 253.2 48.8 251.9
  49.6 250.8 50.4 249.6 51.2 248.6 51.9 247.6 52.5 246.5 53.2 245.6 53.7 244.6
  54.3 243.5 54.8 242.7 55.2 241.8 55.7 240.9 56.1 239.9 56.5 239.1 56.8 238.3
  57.1 237.4 57.4 236.6 57.6 235.8 57.8 234.9 57.9 234.1 58.0 233.3 58.2 232.7
  58.3 232.2 58.4 231.7 58.5 231.2 58.6 230.7 58.7 230.2 58.7 229.7 58.8 229.3
  58.9 228.9 58.9 228.4 59.0 228.0 59.0 227.6 59.1 227.3 59.1 227.1 59.2 226.8
  59.2 226.7 59.3 226.5 59.3 226.5 59.4 226.4 59.4 226.5 59.4 226.6 59.4 226.7
  59.5 226.9 59.5 227.1 59.5 227.4 59.4 227.6 59.3 227.9 59.2 228.1 59.1 228.4
  58.8 228.7 58.6 228.9 58.3 229.2 58.0 229.4 57.6 229.6 57.1 229.8 56.6 229.9
  56.1 230.0 55.6 230.1 55.2 229.7 54.7 229.3 54.3 228.9 54.0 228.4 53.7 227.2
  53.5 225.9 53.4 224.5 53.3 223.1 53.0 221.5 52.8 219.9 52.5 218.4 52.2 216.9
  52.0 215.5 51.6 213.5 51.3 211.6 51.0 209.9 50.7 208.3 50.3 206.7 50.0 205.3
  49.6 203.3 49.3 201.2 49.0 199.2 48.8 197.4 48.7 195.6 48.7 193.9 48.6 192.2
  48.5 190.6 48.5 189.2 48.4 187.8 48.5 186.4 48.5 185.2 48.5 184.0 48.5 182.9
  48.7 181.8 48.9 180.7 49.1 179.5 49.4 178.3 49.7 177.0 49.9 175.6 50.3 174.3
  50.7 173.5 51.0 172.8 51.4 172.0 51.8 171.3 52.3 170.5 52.9 170.0 53.4 169.5
  53.9 169.0 54.3 168.5 54.7 168.0 55.1 167.6 55.5 167.2 55.9 166.8 56.2 166.5
  56.6 166.3 57.0 166.1 57.4 166.0 57.8 165.9 58.1 165.7 58.5 165.5 58.8 165.3
  59.1 165.0 59.3 164.8 59.6 164.5 59.8 164.2 60.0 163.9 60.3 163.5 60.5 163.3
  60.8 163.0 61.1 162.8 61.4 162.6 61.7 162.4 62.0 162.3 62.4 162.3 62.7 162.4
  63.0 162.5 63.3 162.6 63.6 162.7 63.9 162.9 64.2 163.1 64.4 163.4 64.7 163.6
  64.9 163.9 65.1 164.2 65.3 164.5 65.4 164.7 65.6 165.0 65.7 165.2 65.8 165.4
  65.9 165.6 66.0 165.8 66.1 166.1
  10  9 64  0.0
  72.5 321.4 72.4 322.5 72.2 323.7 72.1 325.0 72.0 326.3 71.9 327.7 71.8 329.2
  71.7 330.8 71.7 332.6 71.7 334.4 71.7 336.3 71.7 338.3 71.8 340.4 71.8 342.5
  71.9 344.6 71.9 346.8 71.8 348.9 71.7 351.0 71.5 353.0 71.3 354.9 71.0 356.6
  70.5 358.2 70.0 359.7 69.5   1.0 68.9   1.4 68.2   1.8 67.5   2.2 66.8   2.5
  66.1   2.8 65.3   3.1 64.6   3.2 64.0   3.4 63.3   3.4 62.7   3.5 62.0   3.5
  61.3   3.4 60.7   3.3 59.9   3.2 59.2   2.9 58.5   2.6 57.7   2.3 57.0   1.7
  56.2   1.1 55.4   0.4 54.6 359.7 53.9 358.3 53.1 356.7 52.4 355.0 51.8 353.3
  51.1 351.2 50.7 349.0 50.3 346.7 50.1 344.3 49.9 342.1 49.9 340.1 49.8 338.2
  49.9 336.3 49.9 334.3 50.1 332.3 50.3 329.9 50.6 327.4 50.7 324.8 50.8 322.1
  50.6 319.4 50.3 316.8 50.0 314.2 49.7 311.6 49.3 309.2 48.9 306.8 48.3 304.4
  47.7 302.1 46.9 300.1 46.1 298.1 45.2 296.2 44.3 294.4 43.5 292.6 42.6 290.7
  41.7 288.9 40.8 287.1 40.0 285.4 39.2 283.8 38.7 282.1 38.1 280.5 37.5 278.8
  37.1 277.4 36.6 275.9 36.7 274.4 36.8 272.9 36.8 271.5 37.3 270.0 37.7 268.7
  38.2 267.5 38.8 266.1 39.4 264.7 40.1 263.5 40.7 262.1 41.3 260.9 42.0 259.7
  42.6 258.6 43.3 257.4 44.0 256.2 44.8 255.0 45.6 253.9 46.4 252.9 47.3 251.8
  48.0 250.8 48.8 249.8 49.6 248.8 50.4 247.8 51.0 246.7 51.7 245.7 52.4 244.7
  53.1 243.7 53.6 242.7 54.2 241.6 54.7 240.6 55.3 239.5 55.7 238.4 56.1 237.3
  56.6 236.1 57.0 234.9 57.2 233.7 57.5 232.5 57.7 231.3 57.8 230.1 57.8 229.0
  57.9 227.8 57.8 226.7 57.7 225.6 57.7 224.6 57.7 223.7 57.5 222.8 57.3 222.0
  57.2 221.2 57.0 220.5 56.9 219.8 56.6 219.1 56.3 218.4 56.1 217.8 55.8 217.2
  55.5 216.4 55.3 215.6 54.9 214.8 54.5 214.1 54.1 213.4 53.7 212.6 53.3 211.7
  52.9 210.8 52.4 210.0 51.9 209.1 51.4 208.2 50.9 207.2 50.4 206.2 49.8 205.2
  49.3 204.0 48.8 202.8 48.2 201.5 47.6 200.3 47.0 198.8 46.5 197.3 46.1 195.8
  46.0 194.4 45.9 192.6 45.8 191.0 45.8 189.3 45.9 187.8 46.1 186.2 46.4 184.8
  46.5 183.4 46.9 182.0 47.2 180.6 47.5 179.3 47.9 178.0 48.3 176.7 48.7 175.5
  49.1 174.3 49.5 173.2 49.9 172.1 50.2 171.0 50.6 169.9 51.0 168.8 51.4 167.8
  51.8 166.8 52.2 165.9 52.6 164.8 53.0 163.7 53.4 162.6 53.8 161.6 54.2 160.7
  54.7 159.4 55.0 158.1 55.3 156.9 55.7 155.8 55.8 154.7 56.0 153.7 56.2 152.9
  56.4 151.9 56.4 151.1 56.4 150.3 56.5 149.6 56.5 148.9 56.6 148.3 56.8 147.8
  56.8 147.3 56.8 146.8 56.9 146.4 56.9 146.0 57.0 145.5 57.0 145.1 57.0 144.7
  56.9 144.2 56.9 143.8 56.7 143.3 56.4 142.9 56.1 142.4 55.7 142.0 55.3 141.7
  54.9 141.4 54.5 141.0 54.0 140.7 53.5 140.4 53.0 140.1 52.5 139.8 51.8 139.5
  51.1 139.0 50.3 138.7 49.5 138.3 48.7 137.8 47.9 137.2 47.2 136.6 46.7 135.9
  45.9 135.2 45.3 134.3 44.8 133.4 44.4 132.4 44.0 131.3 43.7 130.1 43.4 129.3
  43.1 128.3 42.9 127.3 42.9 126.3
  10 10 64  0.0
  72.5 321.4 72.7 322.3 72.8 323.2 72.9 324.2 73.0 325.3 73.1 326.5 73.2 327.8
  73.3 329.2 73.3 330.7 73.4 332.4 73.4 334.2 73.5 336.2 73.5 338.5 73.6 341.0
  73.6 343.6 73.6 346.3 73.5 349.0 73.4 351.6 73.2 354.2 72.9 356.7 72.5 359.0
  72.1   1.2 71.6   1.8 71.1   2.5 70.6   3.1 70.0   3.8 69.4   4.3 68.7   4.9
  67.9   5.5 67.2   5.8 66.4   6.3 65.5   6.7 64.7   7.0 63.8   7.3 63.0   7.4
  62.1   7.6 61.3   7.8 60.5   7.9 59.8   8.0 59.2   7.8 58.6   7.7 58.1   7.5
  57.5   7.3 57.0   7.0 56.4   6.6 55.8   6.2 55.2   5.6 54.6   5.1 54.0   4.5
  53.3   3.9 52.8   3.2 52.2   2.5 51.6   1.7 51.0   0.9 50.4 359.9 49.8 358.4
  49.3 356.5 48.8 354.4 48.6 352.1 48.3 349.4 48.6 346.5 49.0 343.4 49.4 340.3
  49.8 337.4 50.4 334.9 51.1 332.3 51.8 329.7 52.4 327.2 52.7 324.5 53.1 321.9
  53.1 319.2 53.1 316.6 53.0 314.1 52.8 311.5 52.5 309.1 52.3 306.8 51.8 304.7
  51.2 302.6 50.5 300.6 49.7 298.8 49.0 297.0 48.3 295.3 47.7 293.7 47.1 292.0
  46.6 290.4 46.0 289.0 45.4 287.6 44.7 286.2 43.9 284.8 43.2 283.3 42.7 281.8
  42.3 280.3 42.0 278.9 41.9 277.3 41.9 275.9 42.1 274.5 42.3 273.2 42.5 271.9
  43.0 270.6 43.6 269.5 44.1 268.3 44.7 267.2 45.6 266.1 46.4 265.0 47.2 264.0
  48.1 263.0 49.0 261.8 50.0 260.8 50.9 259.7 51.8 258.5 52.8 257.3 53.8 256.1
  54.7 255.0 55.7 253.9 56.6 252.8 57.6 251.8 58.5 250.7 59.4 249.7 60.2 248.6
  61.0 247.4 61.6 246.1 62.1 244.7 62.7 243.3 63.2 241.9 63.7 240.6 64.2 239.2
  64.7 237.9 65.1 236.5 65.5 235.0 65.8 233.6 66.1 232.2 66.3 230.5 66.5 228.8
  66.6 227.0 66.6 225.2 66.6 223.5 66.7 221.8 66.7 220.2 66.7 218.5 66.7 216.9
  66.7 215.3 66.7 213.6 66.6 211.9 66.5 210.2 66.5 208.5 66.4 206.7 66.2 205.0
  66.1 203.2 65.9 201.4 65.8 200.1 65.7 198.7 65.6 197.3 65.5 195.8 65.4 194.3
  65.2 192.8 65.1 191.2 64.9 189.5 64.8 187.8 64.6 186.0 64.5 184.1 64.3 182.2
  64.1 180.1 63.9 178.0 63.6 176.2 63.3 174.2 63.0 172.3 62.6 170.5 62.1 168.7
  61.7 167.1 61.3 165.5 60.9 164.0 60.6 162.5 60.2 161.0 59.9 159.6 59.6 158.4
  59.3 157.2 59.0 156.0 58.8 154.8 58.7 153.6 58.5 152.3 58.3 150.9 58.2 149.4
  58.1 147.9 58.2 146.5 58.3 144.9 58.4 143.4 58.5 141.8 58.7 140.3 58.8 138.7
  58.9 137.2 59.0 135.7 59.0 134.2 59.0 132.7 59.0 131.3 59.0 129.9 59.0 128.4
  59.0 127.0 59.0 125.5 59.0 123.9 59.0 122.3 58.9 120.7 58.9 119.1 58.6 117.5
  58.4 116.0 58.1 114.6 57.6 113.4 57.1 112.4 56.6 111.4 56.1 110.5 55.5 109.7
  55.0 108.9 54.5 108.2 54.0 107.6 53.5 107.1 53.0 106.6 52.5 106.2 51.9 105.9
  51.4 105.6 50.9 105.4 50.4 105.1 50.0 104.8 49.5 104.5 49.1 104.2 48.7 103.8
  48.3 103.5 48.0 103.1 47.7 102.7 47.3 102.3 47.0 102.0 46.7 101.7 46.4 101.3
  46.0 101.0 45.8 100.7 45.5 100.4 45.2 100.1 45.0  99.8 44.9  99.5 44.7  99.2
  44.6  98.8 44.5  98.4 44.3  97.9
  10 11 64  0.0
  72.5 321.4 72.2 321.7 71.9 322.1 71.6 322.6 71.3 323.1 71.0 323.7 70.8 324.3
  70.6 325.0 70.4 325.7 70.1 326.4 69.9 327.2 69.7 328.0 69.5 328.9 69.4 329.8
  69.3 330.7 69.2 331.7 69.1 332.7 69.1 333.7 69.1 334.7 69.1 335.8 69.1 336.9
  69.0 338.1 68.9 339.3 68.9 340.6 68.6 342.0 68.3 343.3 68.0 344.7 67.6 345.9
  67.3 347.2 67.0 348.4 66.5 349.5 66.1 350.6 65.6 351.6 65.2 352.3 64.7 352.9
  64.2 353.4 63.6 353.8 63.1 354.1 62.6 354.4 62.1 354.6 61.7 354.8 61.3 354.8
  60.8 354.7 60.4 354.6 60.0 354.5 59.6 354.2 59.3 353.8 58.9 353.3 58.6 352.8
  58.3 352.2 58.0 351.6 57.8 350.9 57.6 350.0 57.5 349.2 57.4 348.3 57.3 347.4
  57.3 346.5 57.4 345.5 57.4 344.4 57.5 343.2 57.6 341.9 57.7 340.4 57.8 338.8
  58.0 337.1 58.2 336.0 58.4 334.8 58.6 333.5 58.8 332.2 59.0 330.8 59.2 329.4
  59.3 327.9 59.3 326.4 59.4 324.7 59.4 323.0 59.5 321.2 59.5 319.4 59.6 317.6
  59.7 315.8 59.8 313.9 59.9 312.0 60.0 310.1 60.1 308.7 60.1 307.2 59.9 305.7
  59.6 303.9 59.2 302.2 58.7 300.7 58.2 299.4 57.8 298.3 57.3 297.0 56.8 295.9
  56.3 294.8 55.9 293.9 55.4 292.9 54.9 291.9 54.4 291.1 53.9 290.3 53.4 289.4
  52.8 288.4 52.3 287.6 51.8 286.8 51.4 285.8 51.0 284.8 50.5 284.0 50.1 283.2
  49.7 282.5 49.2 281.6 48.7 280.8 48.1 280.1 47.5 279.3 47.2 278.3 46.9 277.3
  46.7 276.3 46.5 275.3 46.7 274.3 46.9 273.2 47.1 272.2 47.2 271.1 47.9 269.9
  48.4 268.8 49.0 267.8 49.9 266.8 50.8 265.8 51.6 264.9 52.5 263.9 53.6 263.1
  54.6 262.1 55.6 261.4 56.6 260.5 57.5 259.9 58.5 259.2 59.4 258.6 60.3 258.0
  61.2 257.4 62.0 256.8 62.9 256.1 63.6 255.4 64.4 254.6 65.2 253.8 65.8 252.9
  66.4 251.9 67.0 250.8 67.5 249.7 67.9 248.4 68.3 247.2 68.6 245.8 69.0 244.3
  69.3 242.8 69.6 241.1 70.0 239.3 70.2 237.3 70.5 235.3 70.6 233.2 70.7 231.0
  70.8 228.7 70.8 226.3 70.7 223.8 70.6 221.4 70.4 219.0 70.3 216.5 70.1 214.0
  69.9 211.6 69.7 209.0 69.5 206.4 69.3 203.8 69.0 201.3 68.7 198.8 68.4 196.4
  68.1 193.9 67.8 191.6 67.4 189.2 67.1 186.9 66.8 184.6 66.4 182.2 66.1 180.0
  65.7 177.7 65.3 175.6 65.0 173.5 64.6 171.6 64.3 169.7 64.0 168.0 63.8 166.6
  63.6 165.4 63.3 164.3 63.0 163.3 62.8 162.4 62.6 161.5 62.4 160.6 62.1 159.7
  62.0 158.9 61.8 157.8 61.6 156.7 61.4 155.6 61.4 154.4 61.3 153.2 61.2 152.0
  61.4 150.7 61.5 149.5 61.6 148.2 61.6 146.9 61.9 145.5 62.1 144.1 62.3 142.9
  62.6 141.8 63.0 140.8 63.3 139.7 63.8 138.6 64.2 137.5 64.6 136.8 65.0 136.0
  65.4 135.1 65.8 134.1 66.2 133.0 66.6 132.4 66.9 131.8 67.3 131.1 67.7 130.4
  68.2 129.7 68.6 129.3 69.1 128.9 69.5 128.4 69.8 127.9 70.2 127.5 70.6 127.0
  71.0 126.6 71.4 126.2 71.7 125.9 72.1 125.6 72.5 125.4 72.8 125.3 73.2 125.1
  73.6 124.8 74.0 124.4 74.3 123.9 74.8 123.1 75.2 122.3 75.7 121.4 76.1 120.4
  76.6 119.9 77.2 119.4 77.7 119.0
  10 12 64  0.0
  72.5 321.4 71.9 321.7 71.3 322.1 70.8 322.4 70.3 322.8 69.8 323.3 69.3 323.6
  68.9 324.0 68.6 324.4 68.4 324.9 68.2 325.4 68.1 326.0 68.0 326.7 67.9 327.2
  67.9 327.7 67.8 328.2 68.0 328.8 68.1 329.5 68.3 330.5 68.4 331.6 68.5 332.7
  68.7 334.0 68.9 335.3 69.1 336.8 69.2 338.4 69.3 340.2 69.3 342.1 69.2 344.1
  69.1 346.1 69.0 348.1 68.7 350.0 68.4 351.9 68.1 353.7 67.7 355.4 67.4 357.3
  66.9 359.0 66.5   0.8 66.0   1.5 65.5   2.1 64.9   2.8 64.4   3.5 63.9   4.1
  63.2   4.7 62.6   5.3 62.0   5.9 61.4   6.3 60.8   6.8 60.2   7.3 59.5   7.8
  59.0   8.1 58.2   8.5 57.5   8.8 56.9   9.0 56.3   9.2 55.6   9.3 55.0   9.4
  54.4   9.4 53.8   9.5 53.3   9.4 52.7   9.3 52.2   9.2 51.7   9.1 51.3   8.9
  50.9   8.7 50.6   8.5 50.2   8.4 49.9   8.2 49.6   8.0 49.5   7.8 49.4   7.6
  49.3   7.4 49.2   7.2 49.1   7.1 49.0   7.0 48.9   6.8 48.7   6.6 48.5   6.3
  48.3   6.0 48.1   5.7 47.8   5.3 47.5   4.9 47.2   4.4 46.8   3.9 46.8   3.3
  46.8   2.7 46.8   2.1 46.8   1.5 46.7   0.9 46.7   0.2 46.6 359.5 46.9 358.4
  47.1 357.1 47.2 355.6 47.5 353.9 47.8 352.0 48.0 349.9 48.5 347.7 49.3 345.3
  50.0 342.6 50.6 339.9 51.3 337.4 52.1 334.9 52.9 332.6 53.6 330.1 54.2 327.4
  54.6 324.8 55.0 322.1 55.2 319.3 55.3 316.6 55.4 314.0 55.5 311.5 55.3 309.0
  55.2 306.7 54.7 304.5 54.2 302.5 53.5 300.6 52.8 298.7 51.9 297.0 51.1 295.2
  50.2 293.5 49.3 292.0 48.3 290.3 47.4 288.8 46.5 287.1 45.6 285.7 44.6 284.2
  43.7 282.7 43.0 281.1 42.3 279.4 42.1 277.8 41.9 276.1 41.7 274.3 41.8 272.7
  41.9 271.1 42.5 269.6 43.2 268.2 43.9 266.9 44.8 265.6 45.9 264.4 46.9 263.3
  48.0 262.2 49.2 261.2 50.3 260.2 51.5 259.3 52.7 258.4 53.9 257.4 55.1 256.4
  56.2 255.5 57.3 254.7 58.4 253.8 59.5 253.0 60.5 252.1 61.5 251.1 62.4 250.1
  63.4 248.9 64.3 247.6 65.1 246.0 65.8 244.3 66.5 242.6 67.1 240.6 67.7 238.6
  68.2 236.6 68.7 234.4 69.1 232.2 69.4 229.8 69.7 227.3 69.9 224.7 70.1 221.9
  70.3 219.0 70.4 215.9 70.3 212.8 70.3 209.8 70.1 206.9 69.8 204.2 69.5 201.9
  69.2 199.6 68.9 197.4 68.6 195.3 68.2 193.4 67.9 191.5 67.7 190.1 67.4 188.7
  67.1 187.4 66.8 186.0 66.5 184.7 66.2 183.3 65.9 181.9 65.6 180.8 65.2 179.7
  64.8 178.5 64.4 177.2 64.0 175.8 63.5 175.3 62.9 174.7 62.3 174.0 61.7 173.3
  61.0 173.3 60.3 173.1 59.5 172.8 58.7 173.0 57.9 173.0 57.1 173.0 56.3 173.0
  55.5 172.9 54.7 172.8 53.9 172.6 53.1 172.3 52.4 172.0 51.4 171.7 50.4 171.1
  49.5 170.6 48.7 169.8 47.9 169.1 47.3 168.3 46.7 167.5 45.7 166.7 44.7 165.9
  43.6 165.1 42.6 164.2 41.8 163.2 40.5 162.1 39.4 161.0 38.4 159.7 37.3 158.4
  36.3 157.0 35.5 155.5 34.4 154.2 33.5 152.5 32.8 151.2 32.4 149.8 32.0 148.3
  31.6 147.4 31.7 146.5 31.7 145.8 31.6 145.0 31.6 144.3 31.5 143.7 31.5 143.0
  31.6 142.3 31.6 141.7 31.7 141.0
  10 13 64  0.0
  72.5 321.4 71.8 320.7 71.2 320.3 70.5 320.1 69.7 319.9 68.9 319.8 68.0 319.6
  67.1 319.5 66.1 319.1 65.2 318.7 64.3 318.2 63.4 317.7 62.5 317.4 61.5 317.1
  60.5 317.1 59.5 317.1 58.6 316.9 57.7 316.6 56.8 316.1 56.0 315.5 55.0 314.8
  54.0 314.2 53.0 313.5 52.0 312.8 51.1 312.1 50.1 311.3 49.1 310.4 48.1 309.4
  47.2 308.5 46.3 307.5 45.3 306.5 44.4 305.5 43.5 304.5 42.8 303.4 41.9 302.3
  41.1 301.3 40.3 300.3 39.5 299.3 38.3 298.4 37.4 297.4 36.6 296.4 36.0 295.2
  35.6 294.2 35.2 293.1 34.9 292.0 34.9 290.8 34.8 289.7 34.7 288.5 34.5 287.3
  34.7 286.1 34.8 284.9 34.8 283.7 34.9 282.5 34.9 281.4 35.0 280.4 35.0 279.4
  35.0 278.4 35.1 277.6 35.1 276.7 35.2 275.9 35.3 275.1 35.4 274.3 35.6 273.5
  35.8 272.8 36.0 272.1 36.2 271.5 36.4 270.6 36.8 269.8 37.1 269.1 37.6 268.4
  38.1 267.8 38.5 267.2 38.9 266.6 39.5 266.0 40.0 265.4 40.7 264.8 41.4 264.2
  42.2 263.7 42.7 263.2 43.2 262.7 43.8 262.3 44.4 261.9 45.1 261.5 45.8 261.2
  46.6 260.9 47.3 260.6 48.1 260.3 48.9 260.0 49.4 259.6 49.8 259.3 50.3 258.9
  50.8 258.6 51.4 258.3 52.0 257.9 52.6 257.6 53.3 257.3 54.0 257.1 54.8 256.8
  55.5 256.6 56.3 256.3 57.1 255.9 57.7 255.5 58.2 255.1 58.9 254.5 59.5 254.0
  60.2 253.4 60.9 252.7 61.6 251.9 62.1 251.2 62.7 250.3 63.3 249.4 63.9 248.4
  64.4 247.5 64.7 246.1 65.1 244.7 65.4 243.2 65.6 241.6 65.8 240.1 66.0 238.5
  66.1 236.8 66.2 235.1 66.2 233.4 66.3 231.7 66.2 230.0 66.1 228.3 66.1 226.7
  65.9 225.1 65.7 223.7 65.3 222.4 64.9 221.3 64.5 220.2 64.0 219.2 63.4 218.8
  62.7 218.4 62.0 217.9 61.3 217.4 60.7 217.1 60.0 216.7 59.4 216.4 58.7 216.0
  57.9 215.5 57.1 215.2 56.3 214.8 55.5 214.4 54.8 214.3 54.2 214.1 53.6 213.9
  53.2 214.2 52.8 214.6 52.4 215.0 52.1 215.6 51.8 216.2 51.4 217.4 51.0 218.6
  50.6 219.9 50.2 221.3 49.6 222.6 48.9 223.9 48.2 225.2 47.2 226.2 46.1 226.8
  45.0 227.3 43.8 227.6 42.6 227.7 41.4 227.8 40.1 227.7 38.8 227.6 37.6 227.3
  36.3 226.8 35.1 226.3 34.1 225.5 33.3 224.7 32.6 223.7 31.9 222.6 31.2 221.6
  30.6 220.6 30.0 219.5 29.5 218.4 29.0 217.4 28.5 216.5 27.9 215.5 27.9 214.6
  27.9 213.7 27.8 212.9 27.8 212.0 28.2 211.1 28.5 210.2 28.8 209.3 29.1 208.5
  29.4 207.6 29.8 206.8 30.1 206.1 30.5 205.3 30.9 204.5 31.4 203.7 31.8 202.9
  32.3 202.2 32.8 201.4 33.4 200.6 34.1 199.9 34.8 199.3 35.5 198.8 36.3 198.2
  37.3 197.7 38.3 197.1 39.5 196.5 40.6 195.9 41.1 195.3 41.6 194.6 42.1 194.1
  42.7 193.4 43.3 192.7 43.9 192.1 44.5 191.5 44.8 190.9 45.0 190.3 45.4 189.7
  45.7 189.1 46.1 188.6 46.6 188.0 47.1 187.4 47.3 186.9 47.6 186.3 47.9 185.7
  48.2 185.1 48.6 184.5 49.1 183.9 49.2 183.3 49.3 182.7 49.5 182.1 49.8 181.5
  50.0 180.8 50.3 180.3 50.7 179.7 50.6 179.2 50.6 178.6 50.7 178.0 50.8 177.5
  51.0 176.9 51.2 176.3 51.5 175.7
  10 14 64  0.0
  72.5 321.4 71.5 321.8 70.6 322.3 69.7 322.8 68.8 323.2 67.8 323.5 66.8 323.9
  65.8 324.2 64.9 324.6 63.9 325.0 62.9 325.2 61.8 325.5 60.7 325.6 59.6 325.7
  58.5 325.3 57.5 324.9 56.6 324.1 55.7 323.4 54.7 322.4 53.7 321.4 52.7 320.2
  51.8 319.1 51.1 317.6 50.4 316.1 49.7 314.4 49.7 312.5 49.6 310.6 49.6 308.8
  49.6 307.0 49.5 305.3 49.5 303.6 49.4 301.9 49.4 300.1 49.5 298.4 49.6 296.7
  49.8 294.9 50.0 293.0 50.1 291.1 50.2 288.7 50.4 286.4 50.6 284.2 50.8 282.1
  51.1 280.2 51.4 278.4 51.9 276.8 52.3 275.3 52.9 273.9 53.4 272.5 54.0 271.2
  54.5 269.9 55.1 268.8 55.6 267.7 56.0 266.6 56.4 265.6 56.9 264.7 57.3 263.8
  57.7 262.9 58.0 262.1 58.4 261.3 58.8 260.4 59.2 259.6 59.5 258.7 59.7 257.9
  59.9 257.2 60.1 256.5 60.2 255.6 60.3 254.8 60.2 254.0 60.2 253.1 60.2 252.3
  60.1 251.4 60.0 250.5 59.9 249.6 59.8 249.0 59.7 248.4 59.6 247.7 59.4 247.1
  59.3 246.5 59.2 245.8 59.0 245.1 58.9 244.5 58.7 243.8 58.6 243.1 58.4 242.5
  58.3 241.8 58.1 241.2 58.0 240.6 57.8 239.9 57.6 239.2 57.4 238.6 57.3 237.8
  57.1 237.1 56.9 236.4 56.6 235.6 56.5 234.8 56.3 234.1 56.2 233.3 56.0 232.4
  55.8 231.7 55.7 231.0 55.5 230.2 55.3 229.4 55.0 228.7 54.8 227.9 54.6 227.0
  54.4 226.2 54.3 225.4 54.1 224.5 54.0 223.6 53.9 222.3 53.8 221.0 53.7 219.8
  53.6 218.5 53.4 217.3 53.3 216.0 53.1 214.6 52.9 213.2 52.8 211.7 52.6 210.1
  52.5 208.5 52.4 206.8 52.0 205.3 51.7 203.9 51.0 202.5 50.4 201.2 49.8 200.1
  49.2 198.9 48.5 197.6 47.8 196.4 47.2 195.0 46.4 193.5 45.5 192.0 44.4 190.4
  43.2 188.7 42.3 186.9 41.5 184.8 40.9 182.5 40.7 180.1 40.5 177.5 40.5 175.0
  40.6 172.6 40.7 170.3 40.8 168.1 40.8 165.9 41.0 163.7 41.2 161.6 41.4 159.6
  41.5 157.8 41.6 156.1 41.7 154.4 41.6 152.8 41.6 151.3 41.5 149.8 41.3 148.4
  41.2 147.0 40.9 145.6 40.6 144.2 40.4 142.8 40.1 141.4 39.7 139.9 39.4 138.6
  39.0 137.1 38.6 135.7 38.3 134.3 37.9 132.8 37.6 131.5 37.3 130.1 37.1 128.9
  36.8 127.6 36.7 126.5 36.5 125.3 36.3 124.2 36.2 123.1 36.3 122.1 36.4 121.0
  36.6 119.9 36.7 118.8 36.8 117.8 37.0 116.7 37.1 115.6 37.1 114.5 37.2 113.4
  37.2 112.4 37.3 111.4 37.5 110.4 37.6 109.5 37.8 108.7 38.0 107.9 38.2 107.1
  38.4 106.4 38.6 105.6 38.7 104.9 38.9 104.2 39.0 103.5 39.1 102.8 39.2 102.1
  39.3 101.4 39.4 100.8 39.6 100.1 39.7  99.5 39.9  98.8 40.0  98.2 40.1  97.6
  40.1  97.0 40.2  96.4 40.2  95.7 40.3  95.1 40.3  94.4 40.4  93.7 40.5  93.1
  40.6  92.4 40.6  91.7 40.9  90.9 41.2  90.2 41.5  89.5 41.8  88.8 42.2  88.1
  42.5  87.5 42.8  86.9 43.1  86.3 43.4  85.6 43.7  85.0 43.9  84.3 44.1  83.6
  44.2  83.0 44.3  82.4 44.4  81.7 44.5  81.1 44.6  80.4 44.7  79.6 44.7  79.1
  44.7  78.5 44.6  78.0 44.6  77.4 44.6  76.8 44.6  76.2 44.6  75.6 44.6  75.0
  44.6  74.4 44.6  73.8 44.6  73.2
  10 15 64  0.0
  72.5 321.4 72.0 321.3 71.4 321.4 70.8 321.6 70.2 321.8 69.5 322.0 68.8 322.3
  68.1 322.6 67.4 322.9 66.7 323.3 66.1 323.7 65.4 324.0 64.8 324.3 64.0 324.5
  63.3 324.7 62.6 324.7 61.9 324.7 61.2 324.4 60.5 324.1 59.8 323.9 59.1 323.4
  58.4 322.9 57.6 322.6 56.8 322.0 56.0 321.5 55.2 320.5 54.5 319.4 53.7 318.3
  53.1 316.7 52.4 315.0 51.8 313.3 51.3 311.5 50.8 309.6 50.3 307.7 49.8 305.8
  49.3 303.8 48.8 301.8 48.4 299.7 48.2 297.8 48.0 295.9 47.9 294.2 47.9 292.6
  47.9 290.9 47.9 289.2 48.0 287.6 48.1 285.9 48.2 284.5 48.4 283.2 48.8 281.9
  49.3 280.8 49.7 279.6 50.3 278.5 50.8 277.4 51.4 276.4 51.9 275.3 52.6 274.2
  53.3 273.2 54.0 272.3 54.8 271.4 55.6 270.6 56.3 269.8 57.1 269.1 57.8 268.3
  58.5 267.4 59.1 266.8 59.6 266.0 60.1 265.3 60.6 264.6 61.1 264.0 61.5 263.3
  61.8 262.6 62.2 261.8 62.5 261.2 62.9 260.5 63.2 259.8 63.4 259.1 63.6 258.4
  63.8 257.6 63.9 256.7 64.1 255.9 64.1 255.2 64.1 254.6 64.1 253.9 64.1 253.3
  64.1 252.6 64.1 252.0 64.0 251.3 63.9 250.6 63.8 249.6 63.6 248.6 63.5 247.5
  63.4 246.5 63.3 245.3 63.2 244.2 63.0 243.1 63.0 241.9 63.0 240.8 63.0 239.7
  63.0 238.8 63.0 237.9 63.1 237.0 63.0 236.3 63.0 235.6 63.0 234.9 63.0 234.4
  63.0 233.9 63.0 233.5 63.0 233.1 62.9 232.8 62.8 232.5 62.7 232.3 62.6 232.0
  62.5 231.8 62.5 231.6 62.5 231.5 62.5 231.3 62.4 231.2 62.3 231.0 62.3 230.9
  62.2 230.8 62.0 230.8 61.9 230.7 61.8 230.4 61.6 230.2 61.4 230.0 61.2 229.8
  61.0 229.7 60.7 229.7 60.4 229.7 60.1 229.8 59.7 229.9 59.3 229.9 58.9 229.9
  58.5 230.0 58.0 230.2 57.5 230.3 57.0 230.1 56.5 229.9 56.0 229.8 55.4 229.5
  54.9 229.3 54.3 229.2 53.7 229.2 53.1 228.8 52.5 228.5 51.9 228.3 51.3 227.6
  51.1 227.0 50.8 226.4 50.5 225.7 50.2 225.0 49.9 224.3 49.6 223.3 49.5 222.3
  49.4 221.3 49.2 220.2 49.0 219.2 49.0 218.0 49.0 216.9 49.0 215.7 49.1 214.5
  49.2 213.2 49.2 211.9 49.1 210.6 49.0 209.2 48.9 207.9 48.7 206.5 48.4 205.3
  48.2 204.0 47.8 202.9 47.7 201.6 47.6 200.3 47.4 199.0 47.6 197.7 47.7 196.5
  47.9 195.2 48.3 194.0 48.7 193.0 49.1 191.9 49.5 190.9 50.0 189.9 50.6 188.9
  51.1 187.8 51.4 186.7 51.7 185.7 52.0 184.7 52.4 183.7 52.6 182.6 52.9 181.6
  53.2 180.7 53.7 179.7 54.0 178.7 54.4 177.7 54.9 176.5 55.4 175.3 55.7 174.2
  56.1 173.1 56.5 171.7 56.8 170.4 57.1 169.2 57.5 168.0 57.7 166.8 58.0 165.6
  58.4 164.3 58.7 162.9 58.9 161.6 59.0 160.3 59.2 159.1 59.3 158.0 59.4 156.9
  59.5 155.8 59.5 154.8 59.5 153.8 59.6 152.9 59.6 152.0 59.6 151.2 59.5 150.4
  59.4 149.6 59.2 148.9 59.1 148.2 59.1 147.5 58.8 146.9 58.6 146.3 58.4 145.7
  58.2 145.2 58.0 144.7 57.7 144.5 57.5 144.3 57.3 144.1 57.1 144.0 56.8 143.9
  56.5 143.7 56.2 143.6 55.9 143.5 55.6 143.5 55.3 143.5 55.0 143.5 54.7 143.5
  54.4 143.4 54.0 143.4 53.7 143.4
  10 16 64  0.0
  72.5 321.4 72.0 322.0 71.5 322.7 71.0 323.3 70.6 324.0 70.1 324.7 69.6 325.3
  69.1 326.0 68.7 326.8 68.3 327.6 67.9 328.5 67.4 329.5 66.8 330.5 66.3 331.5
  65.7 332.5 65.0 333.1 64.2 333.7 63.5 334.3 62.7 334.3 62.0 334.3 61.2 333.7
  60.5 333.1 59.7 332.5 59.0 331.3 58.3 330.0 57.6 328.8 57.0 327.0 56.5 325.1
  56.0 323.4 55.7 321.8 55.3 319.8 55.1 318.0 54.8 316.4 54.5 314.9 54.2 313.6
  53.8 312.4 53.4 311.0 53.0 309.6 52.7 308.2 52.3 306.9 52.2 305.7 52.0 304.5
  51.9 303.3 51.9 302.0 51.9 300.8 51.9 299.7 51.9 298.6 51.9 297.6 51.9 296.6
  51.9 295.7 52.0 294.8 52.2 294.0 52.4 293.3 52.6 292.5 52.9 291.8 53.1 291.0
  53.4 290.3 53.6 289.5 53.9 288.8 54.2 288.0 54.5 287.4 54.8 286.7 55.1 286.1
  55.5 285.6 55.9 285.0 56.3 284.5 56.7 284.1 57.2 283.7 57.6 283.4 58.1 283.0
  58.5 282.6 58.9 282.2 59.3 281.7 59.7 281.3 60.1 281.0 60.5 280.7 60.9 280.4
  61.3 280.2 61.8 280.1 62.2 280.0 62.6 279.8 63.1 279.7 63.6 279.6 64.0 279.6
  64.5 279.4 65.0 279.3 65.4 279.2 65.9 279.3 66.3 279.3 66.7 279.4 67.1 279.5
  67.5 279.7 67.8 279.9 68.1 280.2 68.5 280.4 68.9 280.6 69.3 280.9 69.7 281.2
  70.0 281.6 70.4 281.8 70.7 282.1 70.9 282.3 71.2 282.6 71.4 283.0 71.6 283.4
  71.8 283.9 71.9 284.4 72.0 284.9 72.1 285.0 72.2 285.0 72.3 285.1 72.4 285.3
  72.5 285.4 72.6 285.7 72.7 285.9 72.8 286.2 72.9 286.6 73.0 287.0 73.1 287.4
  73.2 287.9 73.3 288.4 73.3 288.9 73.4 289.5 73.5 290.1 73.5 290.6 73.5 291.2
  73.5 291.7 73.5 292.2 73.4 292.6 73.4 293.1 73.4 293.5 73.3 293.9 73.2 294.3
  73.1 294.7 73.0 295.1 72.9 295.4 72.7 295.8 72.5 296.2 72.4 296.6 72.2 297.1
  72.0 297.5 71.8 297.9 71.6 298.3 71.4 298.7 71.2 299.1 70.9 299.5 70.6 299.8
  70.4 300.1 70.2 300.3 70.1 300.5 69.9 300.7 69.8 301.0 69.6 301.3 69.5 301.6
  69.4 301.8 69.3 302.0 69.2 302.2 69.1 302.4 69.0 302.6 68.9 302.7 68.9 302.9
  68.8 303.2 68.8 303.4 68.8 303.7 68.8 304.0 68.8 304.3 68.8 304.6 68.9 305.0
  69.0 305.3 69.0 305.8 69.1 306.3 69.1 306.8 69.2 307.5 69.3 308.2 69.3 309.0
  69.4 310.0 69.4 311.0 69.5 312.2 69.5 313.4 69.5 314.8 69.5 316.3 69.4 317.9
  69.4 319.5 69.3 321.1 69.2 322.6 69.1 324.1 69.1 325.5 69.0 326.9 69.0 328.2
  69.0 329.4 69.0 330.6 69.0 331.8 69.1 332.8 69.1 333.9 69.2 335.0 69.3 336.0
  69.3 337.0 69.4 337.9 69.4 338.9 69.5 339.8 69.5 340.7 69.5 341.5 69.4 342.3
  69.4 343.1 69.4 343.8 69.3 344.6 69.1 345.3 68.9 346.0 68.7 346.7 68.5 347.5
  68.2 348.2 67.8 349.0 67.3 349.3 66.9 349.6 66.5 350.0 66.0 350.3 65.6 350.7
  65.2 350.5 64.7 350.4 64.3 350.3 63.7 350.2 63.2 349.7 62.7 349.3 62.1 349.0
  61.4 348.6 60.8 347.8 60.4 347.0 59.9 346.2 59.4 344.9 58.8 343.5 58.4 342.3
  58.0 341.0 57.5 339.4 57.2 337.8 56.9 336.3 56.5 334.7 56.3 333.1 56.1 331.4
  55.9 329.7 55.6 327.5 55.3 325.3
  10 17 64  0.0
  72.5 321.4 72.2 320.7 71.8 320.0 71.5 318.9 71.1 318.0 70.7 317.1 70.3 316.4
  70.0 315.7 69.6 314.6 69.3 313.6 68.9 312.6 68.6 311.7 68.3 310.8 68.0 309.9
  67.7 308.7 67.3 307.7 67.1 306.8 66.8 305.9 66.5 305.2 66.2 304.5 65.9 303.9
  65.7 303.2 65.6 302.4 65.5 301.7 65.4 301.0 65.2 300.3 65.1 299.7 65.2 299.0
  65.4 298.3 65.5 297.6 65.6 296.9 65.6 296.2 65.7 295.5 66.0 294.7 66.3 294.2
  66.6 293.6 66.8 293.1 67.1 292.5 67.3 291.8 67.7 291.2 68.0 290.7 68.4 290.3
  68.8 289.9 69.1 289.6 69.5 289.2 69.8 289.0 70.1 288.7 70.4 288.6 70.6 288.6
  70.9 288.6 71.1 288.6 71.4 288.7 71.7 288.8 72.0 288.9 72.3 289.1 72.6 289.6
  72.9 290.3 73.2 291.2 73.5 292.4 73.5 293.8 73.6 295.4 73.6 297.2 73.4 299.0
  73.2 300.8 72.7 302.5 72.2 304.0 71.5 305.4 70.8 306.4 70.1 307.2 69.5 308.1
  68.8 308.5 68.2 309.0 67.5 309.5 67.0 309.9 66.4 310.3 65.8 310.7 65.3 311.0
  64.8 311.4 64.3 311.8 63.8 312.2 63.1 312.5 62.4 312.8 61.7 313.1 61.1 313.0
  60.4 312.9 59.8 312.9 59.1 312.2 58.5 311.6 58.1 311.1 57.7 310.6 57.3 309.5
  56.9 308.5 56.5 307.6 56.3 306.6 56.1 305.7 55.9 304.9 55.6 303.4 55.4 301.9
  55.3 300.6 55.1 299.4 55.1 298.2 55.1 297.2 55.2 296.2 55.2 295.3 55.4 294.4
  55.5 293.5 55.7 292.6 55.8 291.7 56.0 290.8 56.3 290.8 56.5 290.8 56.7 290.7
  56.9 290.6 57.1 290.4 57.3 290.1 57.4 289.8 57.6 289.4 57.7 288.9 57.8 288.3
  57.9 287.7 58.2 287.0 58.4 287.0 58.6 287.0 58.9 286.9 59.1 286.8 59.4 286.6
  59.6 286.4 59.8 286.1 60.1 285.8 60.3 286.0 60.5 286.2 60.7 286.4 60.9 286.5
  61.0 286.6 61.2 286.7 61.3 286.7 61.5 286.7 61.6 286.8 61.8 286.7 61.9 286.7
  62.0 286.6 62.1 287.0 62.3 287.3 62.4 287.6 62.5 287.9 62.6 288.2 62.6 288.4
  62.6 288.6 62.6 288.8 62.6 289.1 62.6 289.3 62.6 289.5 62.5 289.6 62.5 289.8
  62.5 290.0 62.5 290.2 62.5 290.4 62.5 290.6 62.5 290.7 62.5 290.9 62.4 291.0
  62.4 291.1 62.4 291.2 62.4 291.3 62.4 291.4 62.3 291.5 62.3 291.5 62.3 291.5
  62.3 291.5 62.3 291.5 62.2 291.5 62.2 291.4 62.1 291.4 62.1 291.3 62.0 291.2
  61.9 291.1 61.8 290.6 61.7 290.0 61.6 289.5 61.5 289.1 61.3 288.7 61.1 288.3
  60.9 287.9 60.9 287.6 60.9 287.3 60.9 287.0 60.8 286.7 60.8 286.5 60.7 286.2
  60.7 286.0 60.6 285.9 60.5 285.7 60.4 285.6 60.2 285.4 60.1 285.3 60.0 285.2
  59.8 284.7 59.7 284.2 59.5 283.8 59.5 283.5 59.5 283.2 59.5 282.9 59.5 282.6
  59.5 282.4 59.5 282.2 59.4 282.0 59.4 281.8 59.4 281.6 59.4 281.4 59.4 281.2
  59.4 281.0 59.4 280.8 59.3 280.7 59.3 280.5 59.3 280.3 59.4 280.2 59.4 280.0
  59.5 279.8 59.6 279.6 59.7 279.5 59.8 279.3 59.9 279.1 60.0 278.9 60.1 278.6
  60.1 278.5 60.2 278.4 60.3 278.2 60.3 278.0 60.4 277.8 60.4 277.5 60.5 277.3
  60.5 277.1 60.5 276.9 60.6 276.8 60.6 276.6 60.7 276.6 60.7 276.5 60.8 276.5
  60.8 276.5 60.9 276.6 60.9 276.7
  10 18 64  0.0
  72.5 321.4 72.2 320.6 71.8 319.7 71.6 319.2 71.3 318.5 71.0 317.8 70.7 317.0
  70.3 316.1 69.8 315.2 69.5 314.8 69.1 314.3 68.7 313.8 68.2 313.3 67.6 312.8
  67.1 312.8 66.7 312.7 66.2 312.5 65.7 312.2 65.3 312.3 64.8 312.2 64.4 312.1
  63.9 311.9 63.7 311.9 63.4 311.9 63.1 311.9 62.8 311.8 62.5 311.7 62.2 311.6
  61.9 311.3 61.7 311.6 61.4 311.9 61.2 312.1 60.8 312.3 60.5 312.4 60.2 312.5
  59.9 312.6 59.6 313.0 59.3 313.4 59.0 313.8 58.8 314.1 58.5 314.3 58.2 314.5
  58.0 314.6 57.7 314.9 57.5 315.1 57.2 315.2 57.0 315.3 56.7 315.4 56.4 315.4
  56.2 315.3 55.9 315.2 55.6 315.1 55.2 314.9 54.8 314.6 54.3 314.3 53.8 314.0
  53.2 313.8 52.5 313.5 51.9 313.2 51.2 313.0 50.4 312.8 49.7 312.6 49.0 312.3
  48.3 312.0 47.7 311.6 47.1 311.1 46.5 310.6 45.8 310.1 45.1 309.5 44.3 308.9
  43.6 308.3 42.8 307.5 42.1 306.8 41.4 306.0 40.8 305.2 40.3 304.2 39.8 303.3
  39.7 302.3 39.5 301.3 39.3 300.4 39.1 299.4 38.9 298.5 38.7 297.6 38.4 296.7
  38.1 295.8 38.0 294.9 37.8 294.1 37.7 293.2 37.6 292.3 37.5 291.4 37.7 290.4
  37.8 289.6 38.0 288.7 38.1 287.8 38.4 286.8 38.7 285.9 39.0 284.9 39.3 284.0
  39.6 283.2 39.8 282.3 40.1 281.6 40.3 280.6 40.5 279.7 40.7 278.8 40.8 278.0
  41.0 277.2 41.2 276.4 41.4 275.7 41.6 275.1 41.7 274.4 41.9 273.9 42.1 273.3
  42.2 272.8 42.4 272.2 42.6 271.7 42.6 271.3 42.7 271.0 42.8 270.7 42.9 270.4
  43.0 270.1 43.1 269.9 43.2 269.7 43.3 269.6 43.4 269.4 43.5 269.2 43.5 269.0
  43.6 268.9 43.7 268.7 43.7 268.6 43.8 268.4 43.8 268.3 43.9 268.1 43.9 268.0
  44.1 267.8 44.3 267.7 44.5 267.5 44.7 267.3 44.8 267.2 44.9 267.0 45.0 266.8
  45.0 266.6 45.0 266.4 44.9 266.3 44.8 266.0 44.6 265.8 44.4 265.6 44.2 265.4
  43.9 265.2 43.6 264.8 43.4 264.4 43.1 264.0 42.8 263.7 42.6 263.3 42.4 262.9
  42.1 262.5 41.8 262.1 41.5 261.7 41.1 261.2 40.8 260.8 40.5 260.3 40.2 259.8
  40.2 259.2 40.1 258.7 40.1 258.1 40.0 257.5 40.0 256.8 39.9 256.1 39.8 255.3
  39.9 254.6 40.0 253.8 40.1 253.1 40.1 252.3 40.2 251.5 40.4 250.8 40.7 250.1
  40.8 249.3 41.0 248.6 41.1 247.9 41.2 247.2 41.3 246.5 41.4 245.9 41.4 245.2
  41.5 244.6 41.5 244.0 41.6 243.3 41.8 242.7 41.9 242.1 42.0 241.4 42.1 240.8
  42.2 239.9 42.3 239.1 42.4 238.2 42.5 237.4 42.5 236.5 42.6 235.7 42.6 234.9
  42.6 234.0 42.6 233.2 42.6 232.4 42.6 231.6 42.7 230.7 42.8 229.9 42.9 229.1
  43.0 228.3 43.1 227.5 43.5 226.8 43.8 226.0 44.1 225.2 44.4 224.4 44.6 223.4
  44.9 222.4 45.1 221.4 45.3 220.3 45.5 219.2 45.7 218.1 45.8 217.0 46.0 215.9
  46.2 214.6 46.3 213.4 46.5 212.1 46.7 210.9 46.6 209.7 46.6 208.4 46.6 207.0
  46.3 205.6 46.1 204.2 46.0 202.7 45.7 201.3 45.6 199.9 45.3 198.5 45.0 197.1
  44.7 195.7 44.1 194.2 43.5 192.8 43.1 191.4 42.4 189.9 41.8 188.4 41.3 186.8
  41.0 185.1 40.7 183.2 40.6 181.3
  10 19 64  0.0
  72.5 321.4 72.4 320.2 72.3 319.0 72.3 317.7 72.3 316.5 72.3 315.2 72.3 313.9
  72.3 312.6 72.3 311.2 72.4 309.8 72.5 308.3 72.5 306.8 72.5 305.3 72.6 303.7
  72.6 302.1 72.7 300.5 72.7 298.8 72.8 297.1 72.8 295.4 72.9 293.7 72.9 291.9
  72.9 290.2 72.9 288.4 72.9 286.7 72.8 285.0 72.7 283.3 72.6 281.7 72.4 280.1
  72.3 278.5 72.2 277.0 72.0 275.5 71.8 274.8 71.7 274.1 71.5 273.4 71.3 272.7
  71.0 272.0 70.8 271.4 70.6 270.8 70.3 270.1 70.1 269.4 69.8 268.7 69.6 268.5
  69.3 268.3 69.0 268.0 68.7 267.7 68.5 267.4 68.2 267.0 68.0 266.5 67.7 266.6
  67.4 266.7 67.1 266.8 66.8 266.8 66.5 266.9 66.2 267.0 65.9 267.1 65.6 267.5
  65.3 267.9 65.0 268.2 64.7 268.6 64.4 269.0 64.1 269.3 63.7 269.7 63.5 270.0
  63.2 270.2 62.9 270.5 62.7 270.8 62.5 271.1 62.2 271.4 62.1 271.8 61.9 272.1
  61.8 272.1 61.7 272.2 61.6 272.3 61.6 272.4 61.5 272.5 61.4 272.5 61.4 272.5
  61.3 272.5 61.2 272.5 61.1 272.4 61.0 272.3 60.9 272.2 60.8 272.0 60.7 271.9
  60.4 271.7 60.2 271.5 59.9 271.3 59.7 270.5 59.6 269.6 59.5 268.8 59.4 267.9
  59.3 267.1 59.2 266.2 59.1 265.3 59.1 264.4 59.0 263.5 58.8 262.7 58.6 261.8
  58.3 261.0 58.1 260.1 57.8 259.3 57.5 258.4 57.1 257.5 56.7 256.6 56.3 255.6
  55.8 254.7 55.4 253.7 54.9 252.7 54.4 251.7 53.9 250.7 53.4 249.7 52.9 248.6
  52.4 247.6 51.9 246.6 51.3 245.8 50.7 245.0 50.1 244.3 49.4 243.6 48.7 243.0
  47.9 242.4 47.2 241.7 46.4 241.1 45.7 240.4 45.1 239.7 44.4 239.1 43.7 238.5
  43.0 238.0 42.2 237.6 41.5 237.2 40.7 236.9 39.9 236.6 39.1 236.3 38.3 236.0
  37.6 235.6 36.9 235.3 36.3 235.0 35.6 234.7 34.9 234.3 34.3 233.9 33.7 233.4
  33.2 232.9 32.7 232.4 32.3 231.8 32.5 231.1 32.6 230.4 32.6 229.6 32.7 228.7
  32.7 227.9 33.0 226.9 33.3 226.0 33.5 225.1 33.7 224.2 33.8 223.3 34.1 222.4
  34.4 221.3 34.7 220.2 34.9 219.2 35.2 218.2 35.4 217.3 35.6 216.3 35.7 215.4
  36.0 214.4 36.2 213.4 36.4 212.2 36.7 211.0 37.0 210.0 37.4 209.0 37.8 208.1
  38.2 207.3 38.7 206.2 39.2 205.1 39.7 204.0 40.3 203.0 41.0 201.7 41.6 200.5
  42.4 199.4 43.1 198.0 43.8 196.7 44.5 195.3 45.1 193.6 45.8 191.8 46.1 190.1
  46.5 188.2 46.8 186.3 46.8 184.5 46.9 182.7 46.7 181.0 46.4 179.3 45.9 177.5
  45.4 175.7 44.9 173.9 44.4 172.0 43.9 170.1 43.5 168.4 43.1 166.8 42.4 165.1
  41.7 163.4 41.0 161.9 40.2 160.4 39.5 158.8 38.7 157.5 37.8 156.2 37.0 155.1
  36.1 154.0 35.2 152.7 34.3 151.4 33.6 150.0 33.0 148.8 32.4 147.4 32.1 146.0
  31.8 144.6 31.4 143.4 31.2 142.2 31.0 140.9 30.7 139.6 30.6 138.3 30.5 136.9
  30.4 135.4 30.5 134.0 30.6 132.7 30.7 131.5 30.9 130.3 31.0 129.1 31.2 128.0
  31.4 126.9 31.6 125.9 31.8 124.9 32.0 123.9 32.5 122.8 33.1 121.9 33.6 121.0
  34.2 120.2 34.8 119.5 35.2 118.7 35.6 118.0 36.1 117.3 36.5 116.6 37.0 115.8
  37.4 115.1 37.8 114.3 38.2 113.6
  10 20 64  0.0
  72.5 321.4 72.3 319.2 72.2 317.1 72.0 315.0 71.8 313.0 71.6 311.5 71.4 310.0
  71.3 308.6 71.1 307.3 71.0 306.1 70.8 304.9 70.7 303.8 70.5 302.7 70.3 301.6
  70.2 300.5 70.1 299.5 70.0 298.4 69.9 298.1 69.8 297.7 69.8 297.4 69.7 297.1
  69.6 296.7 69.6 296.4 69.5 296.1 69.5 295.8 69.4 295.6 69.3 295.3 69.2 295.1
  69.1 294.9 69.0 294.8 68.8 294.6 68.7 294.5 68.6 294.4 68.4 294.3 68.3 294.2
  68.1 294.2 67.9 294.1 67.8 294.3 67.6 294.5 67.5 294.7 67.4 294.8 67.2 294.8
  67.1 294.9 67.0 294.9 67.0 294.8 66.9 294.8 66.8 294.7 66.8 294.6 66.8 294.5
  66.8 294.3 66.9 294.1 66.9 294.0 67.0 293.8 67.1 293.5 67.3 293.3 67.5 293.1
  67.7 292.8 68.0 292.5 68.2 292.2 68.6 291.4 68.7 290.6 68.9 289.7 69.2 288.8
  69.4 287.9 69.5 287.0 69.6 286.1 69.7 285.2 69.8 284.3 70.0 283.3 70.1 282.0
  70.2 280.6 70.4 279.1 70.2 277.7 70.2 276.2 70.1 274.8 69.9 273.3 69.8 272.5
  69.7 271.7 69.5 271.0 69.2 270.2 69.0 269.5 68.8 268.9 68.6 268.2 68.4 267.6
  68.1 267.1 67.8 266.6 67.5 266.7 67.1 266.9 66.8 267.0 66.5 267.2 66.2 267.3
  65.9 267.4 65.6 267.8 65.3 268.2 65.1 268.5 64.9 268.9 64.8 269.2 64.6 269.6
  64.5 269.9 64.4 270.2 64.3 270.5 64.2 270.7 64.1 270.9 64.1 271.0 64.0 271.1
  64.0 271.2 64.0 271.3 63.9 271.5 63.9 271.6 64.0 271.7 64.0 271.6 64.1 271.5
  64.2 271.3 64.3 271.0 64.5 270.7 64.7 270.3 64.9 269.8 65.2 269.3 65.5 268.7
  65.8 268.0 66.1 267.3 66.3 266.5 66.5 265.7 66.7 264.8 66.9 264.0 67.0 263.1
  67.0 262.2 67.1 261.3 67.2 260.5 67.2 259.6 67.2 258.7 67.3 257.9 67.3 257.0
  67.3 256.2 67.4 255.3 67.4 254.5 67.5 253.6 67.5 252.8 67.6 252.0 67.7 251.2
  67.8 250.3 67.9 249.5 68.0 248.6 68.1 247.8 68.2 247.2 68.3 246.6 68.4 246.1
  68.6 245.6 68.7 245.0 68.8 244.5 68.9 244.0 69.0 243.5 69.1 243.0 69.1 242.5
  69.2 242.0 69.2 241.5 69.3 241.0 69.3 240.5 69.4 239.9 69.4 239.4 69.5 238.8
  69.5 238.2 69.5 237.6 69.6 237.0 69.6 236.3 69.6 235.6 69.7 234.9 69.8 234.2
  69.9 233.5 70.1 232.7 70.2 232.3 70.3 231.9 70.4 231.5 70.5 231.0 70.6 230.6
  70.7 230.2 70.7 229.8 70.8 229.4 70.8 229.0 70.8 228.6 70.8 228.1 70.8 227.7
  70.8 227.3 70.8 226.9 70.7 226.6 70.7 226.2 70.6 225.9 70.6 225.5 70.5 225.2
  70.5 224.9 70.4 224.5 70.4 224.2 70.3 223.8 70.2 223.5 70.1 223.1 69.9 222.7
  69.8 222.3 69.7 221.9 69.6 221.4 69.5 220.9 69.4 220.4 69.3 219.9 69.1 219.3
  69.0 218.7 68.8 218.1 68.6 217.4 68.4 216.8 68.3 216.2 68.1 215.7 67.9 215.1
  67.7 214.6 67.5 214.1 67.3 213.5 67.1 213.0 66.9 212.5 66.7 212.1 66.5 211.6
  66.2 211.2 66.0 210.7 65.7 210.3 65.5 209.8 65.2 209.3 65.0 208.9 64.8 208.5
  64.6 208.1 64.3 207.8 64.1 207.5 63.8 207.2 63.5 207.1 63.3 207.1 63.0 207.0
  62.7 207.0 62.5 207.0 62.2 207.0 61.9 207.0 61.7 207.2 61.4 207.3 61.1 207.4
  60.9 207.5 60.6 207.6 60.3 207.7
  10 21 64  0.0
  72.5 321.4 72.0 319.0 71.4 316.8 70.9 314.9 70.3 313.2 69.6 311.8 69.0 310.5
  68.4 309.4 67.6 308.3 66.8 307.2 66.2 306.1 65.5 305.0 64.8 303.6 64.2 302.3
  63.6 301.2 62.8 300.1 62.0 299.2 61.3 298.4 60.6 297.7 59.8 297.0 59.0 296.2
  58.1 295.4 57.4 294.7 56.7 293.8 56.0 292.8 55.2 292.0 54.8 290.9 54.2 289.9
  53.6 288.9 53.0 287.7 52.6 286.6 52.1 285.6 51.6 284.6 50.9 283.6 50.7 282.7
  50.3 281.8 49.9 281.0 49.4 280.3 48.9 279.6 48.7 278.9 48.5 278.2 48.3 277.6
  48.0 277.0 47.7 276.4 47.3 275.6 47.1 274.8 46.9 274.1 46.6 273.4 46.3 272.7
  45.9 272.0 45.5 271.0 45.5 270.0 45.5 269.0 45.5 268.1 45.4 267.1 45.7 266.1
  46.0 265.1 46.2 264.1 46.5 263.3 46.9 262.6 47.3 261.8 47.7 261.1 48.0 260.4
  48.4 259.7 48.9 259.0 49.3 258.3 49.7 257.6 50.1 256.9 50.5 256.2 50.9 255.5
  51.4 254.8 51.9 254.2 52.4 253.5 52.9 252.8 53.4 252.2 53.9 251.5 54.4 250.9
  55.0 250.2 55.5 249.5 56.0 248.8 56.6 248.1 57.2 247.4 57.6 246.6 58.0 245.9
  58.5 245.3 58.9 244.8 59.4 244.2 59.8 243.7 60.1 243.1 60.5 242.8 60.8 242.4
  61.1 242.1 61.5 241.7 61.8 241.3 62.1 240.9 62.4 240.8 62.7 240.6 63.0 240.5
  63.3 240.3 63.5 240.2 63.8 240.0 64.0 239.9 64.2 239.9 64.3 240.0 64.6 240.1
  64.8 240.2 65.0 240.3 65.2 240.4 65.4 240.5 65.6 240.6 65.8 240.8 66.0 240.9
  66.1 241.0 66.3 241.1 66.5 241.1 66.6 241.2 66.7 241.2 66.9 241.3 67.0 241.3
  67.1 241.4 67.2 241.5 67.3 241.6 67.4 241.7 67.4 241.7 67.5 241.7 67.5 241.7
  67.6 241.7 67.6 241.7 67.6 241.6 67.6 241.6 67.6 241.5 67.5 241.4 67.5 241.2
  67.4 241.1 67.4 241.0 67.3 240.9 67.3 240.8 67.2 240.7 67.2 240.7 67.1 240.7
  67.1 240.7 67.1 240.8 67.1 240.8 67.1 240.9 67.1 241.0 67.1 241.2 67.0 241.3
  67.0 241.3 67.0 241.4 67.0 241.4 67.0 241.3 67.0 241.3 67.0 241.2 67.0 241.1
  67.0 240.9 67.0 240.8 66.9 240.6 66.9 240.3 66.9 240.1 66.9 239.9 66.8 239.6
  66.8 239.3 66.7 239.0 66.7 238.7 66.6 238.4 66.6 238.0 66.5 237.7 66.5 237.3
  66.4 236.9 66.4 236.5 66.3 236.1 66.3 235.7 66.2 235.3 66.2 234.8 66.1 234.3
  66.1 233.8 66.0 233.3 66.0 232.8 66.0 232.3 66.0 231.6 65.9 230.9 65.9 230.3
  65.9 229.6 65.9 229.0 65.9 228.4 65.9 227.9 65.8 227.3 65.8 226.8 65.8 226.3
  65.8 225.8 65.8 225.3 65.7 224.8 65.7 224.4 65.7 223.9 65.7 223.5 65.6 223.2
  65.6 222.9 65.5 222.6 65.5 222.4 65.5 222.1 65.4 221.9 65.4 221.8 65.3 221.6
  65.3 221.5 65.3 221.3 65.3 221.2 65.2 221.1 65.2 221.0 65.2 220.8 65.2 220.7
  65.3 220.6 65.3 220.4 65.3 220.2 65.4 220.1 65.4 219.9 65.5 219.7 65.6 219.5
  65.7 219.3 65.8 219.1 65.8 218.9 65.9 218.7 65.9 218.5 66.0 218.4 66.0 218.2
  66.0 217.7 66.0 217.3 66.0 216.8 66.0 216.3 66.0 216.1 65.9 215.8 65.8 215.6
  65.7 215.3 65.6 215.0 65.5 214.7 65.4 214.4 65.3 214.0 65.2 213.6 65.0 213.2
  64.9 212.8 64.7 212.3 64.5 211.9
  10 22 64  0.0
  72.5 321.4 73.3 321.2 74.0 321.0 74.7 320.5 75.2 320.0 75.6 319.6 76.0 319.1
  76.3 318.7 76.6 318.0 76.8 317.3 77.0 316.6 77.2 315.9 77.4 315.4 77.5 314.8
  77.6 314.1 77.7 313.3 77.8 312.3 77.8 311.3 77.9 310.1 77.9 308.9 77.9 307.7
  78.0 306.5 78.0 305.3 78.0 304.2 78.1 303.2 78.1 302.3 78.2 301.3 78.2 300.4
  78.3 299.6 78.4 298.7 78.5 297.8 78.7 297.0 78.8 296.2 78.9 295.3 79.0 294.4
  79.2 293.5 79.3 292.6 79.4 291.6 79.6 290.5 79.8 289.4 79.9 288.1 80.1 286.8
  80.3 285.7 80.6 284.6 80.8 283.5 81.1 282.2 81.3 280.9 81.6 279.4 81.9 277.9
  82.2 276.2 82.5 274.9 82.8 273.5 83.2 272.1 83.5 270.6 83.7 268.9 84.0 267.1
  84.2 265.2 84.6 264.2 84.9 263.1 85.1 261.9 85.4 260.5 85.6 259.0 85.8 257.6
  86.0 256.4 86.3 257.8 86.7 259.9 86.9 262.7 87.2 266.4 87.4 271.2 87.6 277.4
  87.7 285.0 87.6 293.0 87.5 300.7 87.4 307.6 87.1 313.1 86.8 317.3 86.5 320.6
  86.0 323.1 85.5 325.0 85.1 325.1 84.7 325.3 84.3 325.4 83.8 325.5 83.5 325.1
  83.2 324.8 82.8 324.7 82.4 324.5 82.0 324.3 81.6 324.0 81.3 323.2 81.0 322.4
  80.6 321.6 80.3 320.8 80.0 320.1 79.7 318.7 79.4 317.3 79.2 316.0 79.0 314.7
  78.8 313.4 78.6 312.3 78.3 311.2 78.2 310.2 78.0 309.2 77.8 307.8 77.7 306.4
  77.6 305.0 77.5 303.6 77.5 302.2 77.4 300.7 77.4 299.2 77.4 297.7 77.3 296.0
  77.3 294.3 77.3 292.6 77.2 290.8 77.2 288.9 77.1 287.0 77.0 285.1 77.0 283.1
  76.9 281.0 76.8 278.9 76.5 276.8 76.3 274.6 76.1 272.4 75.9 270.1 75.8 267.5
  75.6 264.9 75.4 262.3 75.2 259.7 75.1 257.2 75.0 254.7 74.9 252.3 74.8 250.0
  74.8 247.6 74.9 245.2 74.9 242.7 75.0 240.3 75.0 237.7 75.1 235.1 75.1 232.4
  75.2 229.8 75.2 227.3 75.2 224.9 75.1 222.6 75.1 220.3 75.1 218.1 75.1 216.1
  75.1 214.2 75.1 212.3 75.0 210.6 74.9 209.1 74.8 207.6 74.7 206.3 74.5 205.1
  74.3 204.0 74.1 203.0 73.9 202.1 73.7 201.7 73.5 201.3 73.3 200.9 73.1 200.5
  72.9 200.2 72.6 199.8 72.5 199.4 72.3 199.1 72.1 198.7 71.9 198.4 71.7 198.1
  71.5 197.9 71.3 197.6 71.1 197.4 70.9 197.1 70.7 196.7 70.5 196.4 70.3 196.0
  70.1 195.6 69.9 195.2 69.7 194.8 69.5 194.4 69.3 194.0 69.0 193.6 68.8 193.2
  68.6 192.8 68.3 192.4 68.1 191.9 67.8 191.4 67.6 191.1 67.4 190.7 67.2 190.3
  67.0 189.9 66.7 189.5 66.6 189.0 66.4 188.5 66.2 188.0 66.0 187.5 65.8 187.0
  65.6 186.5 65.5 186.1 65.4 185.7 65.3 185.2 65.2 184.8 65.1 184.4 65.0 183.9
  64.9 183.5 64.9 183.1 64.8 182.8 64.8 182.4 64.7 182.1 64.6 181.7 64.5 181.4
  64.4 181.1 64.3 180.8 64.2 180.5 64.1 180.3 64.0 180.0 63.9 179.8 63.8 179.5
  63.7 179.2 63.6 178.9 63.5 178.7 63.5 178.5 63.4 178.4 63.3 178.3 63.2 178.2
  63.2 178.2 63.1 178.3 63.1 178.4 63.0 178.6 62.9 178.8 62.9 179.2 62.8 179.5
  62.8 179.8 62.7 180.2 62.7 180.5 62.6 180.8 62.5 181.2 62.4 181.5 62.3 181.8
  62.3 182.1 62.2 182.4 62.1 182.7
  10 23 64  0.0
  72.5 321.4 72.9 320.7 73.4 319.9 73.9 319.2 74.3 318.3 74.9 317.5 75.4 316.6
  75.9 315.7 76.4 314.6 76.9 313.4 77.4 312.1 77.8 310.6 78.2 309.1 78.6 307.8
  78.9 306.3 79.2 304.7 79.4 303.0 79.6 301.1 79.8 299.1 80.0 297.0 80.1 294.9
  80.3 292.9 80.4 290.8 80.6 288.7 80.7 286.4 80.9 284.2 81.0 282.0 81.2 279.9
  81.4 278.0 81.7 276.0 81.9 274.2 82.2 272.3 82.5 270.1 82.8 267.9 83.1 265.5
  83.4 263.0 83.7 260.4 84.0 257.7 84.2 254.9 84.5 251.7 84.8 248.2 85.1 244.6
  85.4 240.8 85.7 236.8 85.9 232.7 86.2 228.3 86.5 223.2 86.9 217.3 87.1 210.3
  87.3 202.2 87.5 193.6 87.6 184.5 87.8 174.8 87.9 164.6 88.1 153.6 88.2 140.9
  88.3 125.8 88.4 108.3 88.3  89.4 88.0  71.0 87.8  70.4 87.6  69.8 87.4  69.2
  87.2  68.6 86.9  68.0 86.7  67.5 86.3  67.0 86.0  66.5 85.7  66.0 85.4  65.5
  85.1  65.0 84.8  64.6 84.4  64.2 84.0  63.8 83.6  63.4 83.3  63.1 82.9  62.8
  82.5  62.4 82.1  62.1 81.6  61.8 81.2  61.4 80.8  61.1 80.4  60.7 79.9  60.4
  79.6  60.0 79.2  59.6 78.8  59.2 78.5  58.9 78.2  58.5 78.0  58.2 77.8  57.8
  77.6  57.5 77.5  57.2 77.4  56.9 77.3  56.7 77.2  56.4 77.2  56.2 77.1  56.0
  77.0  55.8 77.0  55.5 76.9  55.3 76.8  55.1 76.7  54.9 76.6  54.7 76.5  54.4
  76.4  54.2 76.3  54.0 76.2  53.8 76.1  53.6 76.1  53.3 76.0  53.1 76.0  52.9
  76.0  52.7 76.1  52.5 76.2  52.3 76.4  52.1 76.6  51.9 76.6  51.8 76.7  51.6
  76.9  51.5 77.0  51.3 77.3  51.2 77.5  51.0 77.8  50.9 78.0  50.8 78.4  50.5
  78.8  50.3 79.1  50.1 79.5  49.8 79.8  49.6 80.1  49.3 80.5  49.0 80.9  48.6
  81.3  48.2 81.8  47.8 82.1  47.4 82.6  47.0 83.1  46.5 83.5  46.0 83.9  45.6
  84.3  45.1 84.8  44.6 85.2  44.0 85.6  43.5 85.9  43.0 86.1  42.4 86.5  42.0
  86.9  41.6 87.2  41.2 87.5  40.8 87.7  40.4 87.9  40.0 88.1  39.7 88.3  39.3
  88.5  38.9 88.7  38.6 88.8  38.2 88.9  37.9 88.9  37.6 89.0  37.2 89.0  36.9
  89.0  36.6 89.0  36.3 89.0  35.9 88.9  35.6 88.9  35.4 88.9  35.1 88.9  34.8
  88.9  34.5 88.9  34.2 88.9  34.0 88.9  33.6 88.8  33.3 88.8  32.9 88.8  32.6
  88.8  32.1 88.8  31.7 88.7  31.2 88.7  30.7 88.6  30.2 88.6  29.7 88.5  29.1
  88.5  28.6 88.4  28.0 88.3  27.5 88.3  26.9 88.2  26.3 88.1  25.8 88.0  25.2
  87.9  24.7 87.8  24.1 87.8  23.5 87.7  23.0 87.6  22.4 87.5  21.9 87.4  21.3
  87.3  20.8 87.2  20.2 87.1  19.7 86.9  19.1 86.8  18.6 86.7  18.0 86.6  17.5
  86.5  17.0 86.4  16.4 86.2  15.9 86.1  15.4 86.0  14.9 85.9  14.3 85.8  13.7
  85.8  13.1 85.8  12.6 85.7  12.1 85.7  11.6 85.7  11.1 85.7  10.6 85.7  10.2
  85.7   9.8 85.6   9.4 85.6   9.0 85.6   8.6 85.6   8.1 85.6   7.7 85.6   7.3
  85.5   6.8 85.5   6.3 85.4   5.9 85.4   5.4 85.3   5.0 85.2   4.5 85.2   4.0
  85.2   3.6 85.1   3.1 85.1   2.7 85.1   2.2 85.1   1.8 85.2   1.4 85.3   0.9
  85.4   0.5 85.5   0.1 85.7 359.7
  10 24 64  0.0
  72.5 321.4 72.5 320.8 72.5 320.2 72.5 319.6 72.5 318.9 72.4 318.3 72.4 317.6
  72.4 317.0 72.4 316.4 72.3 315.7 72.3 315.1 72.3 314.5 72.2 314.0 72.2 313.5
  72.1 313.0 72.2 312.5 72.2 311.9 72.3 311.4 72.4 310.9 72.6 310.3 72.8 309.7
  73.0 309.1 73.2 308.5 73.5 307.9 73.7 307.3 73.9 306.6 74.1 305.9 74.3 305.0
  74.6 304.1 74.8 303.2 75.0 302.2 75.1 301.1 75.3 300.0 75.3 298.8 75.4 297.6
  75.5 296.3 75.6 295.0 75.6 293.7 75.6 292.4 75.6 291.1 75.5 289.9 75.5 288.8
  75.5 287.6 75.4 286.6 75.4 285.5 75.3 284.5 75.3 283.5 75.2 282.5 75.1 281.5
  75.0 280.6 74.9 279.7 74.9 278.8 74.8 277.9 74.8 277.1 74.7 276.3 74.7 275.6
  74.7 274.8 74.7 274.0 74.7 273.3 74.7 272.5 74.7 271.7 74.7 270.9 74.7 270.1
  74.7 269.4 74.7 268.6 74.7 267.9 74.7 267.2 74.7 266.5 74.6 265.8 74.6 265.1
  74.7 264.3 74.7 263.6 74.7 262.8 74.7 262.0 74.8 261.1 74.8 260.1 74.8 259.2
  74.9 258.2 74.9 257.2 75.0 256.1 75.0 255.0 75.0 253.9 75.0 252.8 75.1 251.6
  75.1 250.4 75.0 249.2 75.0 247.9 75.0 246.7 74.9 245.5 74.8 244.3 74.8 243.2
  74.7 242.1 74.5 241.1 74.4 240.2 74.3 239.3 74.2 238.5 74.1 237.8 73.9 237.2
  73.8 236.5 73.7 235.8 73.7 235.0 73.6 234.3 73.6 233.5 73.5 232.8 73.5 232.0
  73.4 231.3 73.3 230.6 73.2 229.9 73.1 229.2 73.0 228.5 72.9 227.7 72.8 226.9
  72.6 226.1 72.5 225.2 72.3 224.2 72.1 223.3 72.0 222.3 71.8 221.2 71.7 220.1
  71.5 219.0 71.3 217.9 71.1 216.8 70.9 215.7 70.8 214.6 70.6 213.6 70.3 212.5
  70.1 211.5 69.9 210.4 69.7 209.6 69.5 208.9 69.3 208.1 69.1 207.3 69.0 206.5
  68.9 205.6 68.7 204.7 68.6 203.7 68.6 202.7 68.5 201.6 68.5 200.5 68.4 199.4
  68.5 198.2 68.5 196.9 68.6 195.6 68.7 194.3 68.8 192.9 68.9 191.5 69.1 190.1
  69.3 188.6 69.4 187.0 69.5 185.4 69.6 183.9 69.7 182.3 69.7 180.7 69.8 179.2
  69.7 177.8 69.7 176.5 69.7 175.3 69.5 174.2 69.4 173.2 69.3 172.3 69.2 171.6
  69.0 170.9 68.8 170.3 68.6 169.7 68.5 169.2 68.3 168.8 68.2 168.3 68.0 167.9
  67.9 167.5 67.7 166.9 67.5 166.2 67.4 165.6 67.2 165.0 67.1 164.3 66.9 163.7
  66.7 163.1 66.4 162.5 66.1 161.9 65.7 161.3 65.4 160.7 65.0 160.2 64.6 159.7
  64.1 159.2 63.6 158.7 63.1 158.1 62.6 157.6 62.1 157.1 61.6 156.6 61.2 156.1
  60.7 155.6 60.1 155.3 59.5 154.9 58.8 154.5 58.0 154.2 57.2 153.9 56.5 153.1
  55.9 152.3 55.4 151.0 54.8 149.6 54.2 148.3 53.8 147.1 53.4 145.6 53.0 144.2
  52.6 142.8 52.0 141.4 51.5 140.1 51.0 138.6 50.4 137.1 49.9 135.6 49.5 134.2
  49.1 132.8 48.7 131.4 48.5 129.9 48.3 128.4 48.1 126.8 47.9 125.2 47.7 123.9
  47.6 122.6 47.4 121.3 47.2 120.0 47.1 118.7 46.9 117.4 46.8 116.1 46.6 114.8
  46.4 113.5 46.2 112.2 46.0 110.8 45.8 109.7 45.5 108.6 45.4 107.4 45.2 106.1
  44.9 104.8 44.7 103.6 44.6 102.3 44.4 101.0 44.3  99.8 44.3  98.5 44.3  97.2
  44.3  95.9 44.3  94.5 44.3  93.1
  10 25 64  0.0
  72.5 321.4 72.4 321.0 72.4 320.5 72.4 320.0 72.4 319.4 72.4 318.8 72.4 318.2
  72.4 317.6 72.4 316.9 72.4 316.3 72.4 315.6 72.5 314.8 72.5 314.1 72.6 313.4
  72.6 312.6 72.6 311.9 72.7 311.2 72.7 310.6 72.8 309.9 72.8 309.2 72.8 308.6
  72.9 307.9 73.0 307.2 73.0 306.6 73.1 305.9 73.2 305.2 73.2 304.6 73.3 304.0
  73.4 303.4 73.6 302.9 73.7 302.4 73.8 302.0 73.9 301.6 74.0 301.2 74.2 300.6
  74.3 300.1 74.4 299.6 74.6 299.1 74.8 298.6 74.9 298.1 75.1 297.6 75.2 297.1
  75.4 296.5 75.5 296.0 75.6 295.5 75.6 294.9 75.7 294.4 75.7 293.9 75.7 293.4
  75.7 292.9 75.7 292.3 75.7 291.7 75.7 291.0 75.7 290.3 75.6 289.5 75.6 288.8
  75.6 287.9 75.6 287.1 75.5 286.2 75.5 285.3 75.5 284.5 75.5 283.6 75.5 282.7
  75.5 281.8 75.5 281.0 75.4 280.2 75.4 279.4 75.4 278.6 75.4 277.9 75.4 277.1
  75.4 276.4 75.4 275.7 75.4 275.0 75.4 274.3 75.4 273.6 75.4 273.0 75.4 272.3
  75.4 271.7 75.4 271.0 75.5 270.3 75.5 269.7 75.5 269.0 75.5 268.3 75.5 267.5
  75.5 266.8 75.5 266.0 75.5 265.3 75.5 264.6 75.4 263.9 75.4 263.2 75.4 262.5
  75.4 261.7 75.3 260.9 75.3 260.1 75.3 259.1 75.3 258.2 75.3 257.1 75.3 256.0
  75.3 254.8 75.3 253.6 75.3 252.3 75.3 251.0 75.3 249.6 75.3 248.1 75.3 246.6
  75.3 245.1 75.3 243.5 75.2 241.9 75.1 240.3 75.1 238.6 75.0 237.0 74.8 235.5
  74.8 234.1 74.7 232.7 74.7 231.3 74.7 230.0 74.7 228.7 74.7 227.4 74.7 226.2
  74.8 224.9 74.9 223.7 75.0 222.5 75.0 221.2 75.1 220.0 75.1 218.7 75.1 217.5
  75.0 216.2 74.9 215.0 74.8 213.8 74.7 212.6 74.5 211.5 74.3 210.4 74.0 209.4
  73.8 208.4 73.5 206.8 73.3 205.3 73.1 203.8 72.8 202.4 72.5 201.1 72.3 199.8
  71.9 198.6 71.6 197.0 71.3 195.5 70.9 194.1 70.6 192.7 70.2 191.3 69.8 190.0
  69.5 188.0 69.1 186.1 68.8 184.3 68.5 182.6 68.2 180.9 67.8 179.4 67.5 177.7
  67.2 176.1 66.8 174.6 66.5 173.3 66.1 172.0 65.7 170.9 65.3 169.5 64.8 168.3
  64.3 167.2 63.9 166.1 63.4 164.8 62.9 163.6 62.5 162.3 62.0 161.1 61.5 159.7
  61.2 158.3 60.8 157.0 60.4 155.7 60.1 154.5 59.8 153.4 59.5 152.2 59.1 151.0
  58.8 149.9 58.5 148.7 58.2 147.6 58.1 146.4 58.0 145.4 57.8 143.9 57.9 142.5
  58.0 141.2 58.1 140.4 58.2 139.7 58.5 139.1 58.7 138.5 59.0 137.8 59.3 137.3
  59.6 136.7 59.9 136.1 60.2 135.5 60.6 135.4 60.9 135.4 61.1 135.3 61.4 135.3
  61.6 135.3 61.8 135.4 61.9 135.5 62.1 135.7 62.2 136.0 62.2 136.3 62.1 136.7
  62.1 137.0 62.0 137.4 61.8 137.9 61.7 138.5 61.5 139.0 61.4 139.6 61.2 140.2
  60.9 140.8 60.7 141.3 60.4 141.9 60.1 142.4 59.8 142.8 59.4 143.1 59.1 143.5
  58.7 143.8 58.4 144.1 57.8 144.3 57.3 143.7 56.8 143.1 56.4 142.5 55.9 141.8
  55.3 140.5 54.8 139.3 54.2 138.1 53.5 137.0 52.8 135.5 52.3 134.1 51.7 132.8
  51.2 131.1 50.9 129.5 50.6 127.8 50.5 126.1 50.3 124.4 50.1 122.7 49.9 120.9
  49.8 119.2 49.7 117.5 49.6 115.9
  10 26 64  0.0
  72.5 321.4 72.1 320.0 71.8 318.7 71.4 317.2 71.1 315.8 70.8 314.6 70.5 313.6
  70.2 312.6 69.9 311.8 69.8 310.6 69.6 309.6 69.5 308.6 69.4 307.7 69.5 306.9
  69.5 306.1 69.5 305.4 69.5 304.8 69.5 304.2 69.6 303.7 69.6 303.2 69.7 302.8
  69.8 302.4 69.9 302.0 70.0 301.7 70.1 301.5 70.2 301.1 70.3 300.7 70.4 300.3
  70.5 299.9 70.5 299.4 70.6 299.0 70.6 298.6 70.6 298.2 70.7 297.8 70.7 297.4
  70.8 297.0 70.8 296.6 70.8 296.3 70.9 295.9 70.9 295.5 71.0 295.2 71.1 294.7
  71.2 294.3 71.3 293.9 71.3 293.5 71.4 293.0 71.5 292.6 71.6 292.1 71.7 291.7
  71.8 291.2 71.9 290.8 72.1 290.4 72.2 289.9 72.3 289.5 72.4 289.0 72.6 288.6
  72.7 288.2 72.8 287.8 73.0 287.5 73.1 287.1 73.2 286.8 73.3 286.4 73.5 286.1
  73.5 285.8 73.6 285.5 73.7 285.3 73.7 285.0 73.8 284.8 73.8 284.6 73.8 284.4
  73.8 284.2 73.8 284.0 73.7 283.9 73.7 283.8 73.6 283.6 73.5 283.4 73.5 283.1
  73.4 282.7 73.4 282.4 73.3 281.9 73.2 281.5 73.1 281.0 73.0 280.5 72.9 279.9
  72.9 279.4 72.9 278.8 72.8 278.3 72.7 277.7 72.7 277.2 72.6 276.6 72.5 276.1
  72.4 275.5 72.3 275.0 72.3 274.4 72.2 273.8 72.1 273.2 72.0 272.6 71.9 271.9
  71.9 270.9 71.8 269.8 71.8 268.8 71.8 267.6 71.8 266.5 71.8 265.3 71.9 263.9
  71.9 262.5 72.0 261.0 72.0 259.4 72.0 257.7 72.0 256.4 72.1 255.1 72.2 253.7
  72.4 252.1 72.5 250.5 72.7 248.7 72.9 246.8 73.1 244.9 73.3 242.8 73.4 240.6
  73.6 238.3 73.7 235.9 73.9 233.5 74.0 231.1 74.1 228.7 74.2 226.9 74.4 225.1
  74.5 223.3 74.6 221.6 74.7 219.9 74.8 218.2 74.9 216.6 75.0 215.1 75.1 213.6
  75.2 212.2 75.3 210.8 75.4 209.4 75.5 208.2 75.5 206.9 75.6 205.7 75.6 204.5
  75.6 203.4 75.5 202.3 75.5 201.3 75.4 200.3 75.3 199.3 75.2 198.4 75.0 197.6
  74.8 196.8 74.7 196.1 74.5 195.4 74.3 194.8 74.1 194.1 73.9 193.5 73.7 192.6
  73.5 191.6 73.4 190.6 73.2 189.6 73.1 188.6 72.9 187.7 72.9 186.9 72.7 186.2
  72.6 185.6 72.5 185.1 72.3 184.8 72.1 184.5 71.9 184.3 71.7 183.2 71.5 182.2
  71.3 181.2 71.1 180.3 71.0 179.4 70.9 178.6 70.9 177.8 70.8 177.0 70.7 176.2
  70.6 175.5 70.6 174.8 70.7 174.2 70.6 173.5 70.6 172.9 70.6 172.3 70.5 171.7
  70.6 171.2 70.6 170.7 70.6 170.3 70.5 170.0 70.5 169.6 70.4 169.4 70.3 169.2
  70.1 169.0 69.9 168.9 69.7 168.5 69.5 168.2 69.2 167.9 68.9 167.7 68.6 167.5
  68.3 167.4 67.9 167.2 67.5 166.7 67.0 166.3 66.5 165.9 65.9 165.6 65.2 164.5
  64.5 163.6 63.8 162.7 63.0 161.2 62.2 159.8 61.5 158.6 60.8 156.9 60.0 155.3
  59.2 153.5 58.4 151.8 57.7 150.2 56.9 148.4 56.1 146.6 55.5 145.0 54.9 143.2
  54.7 141.4 54.4 139.8 54.4 138.2 54.2 136.8 54.1 135.6 54.2 134.4 54.3 133.4
  54.4 132.4 54.5 131.4 55.0 130.5 55.4 129.6 55.9 128.7 56.4 127.8 57.0 127.3
  57.6 126.7 58.1 126.1 58.6 125.7 59.0 125.2 59.4 124.8 59.8 124.3 60.1 123.8
  60.5 123.3 60.9 122.8 61.2 122.2
  10 27 64  0.0
  72.5 321.4 71.8 319.3 71.2 317.7 70.5 316.1 69.8 314.5 69.1 313.4 68.4 312.1
  67.7 310.9 67.1 310.0 66.6 309.1 66.0 308.1 65.5 307.1 65.1 306.5 64.8 305.9
  64.5 305.2 64.2 304.6 63.9 303.9 63.8 303.5 63.7 303.1 63.5 302.7 63.4 302.3
  63.3 301.8 63.2 301.4 63.0 300.9 62.9 300.5 62.7 300.1 62.5 299.6 62.4 299.2
  62.4 298.8 62.3 298.4 62.2 298.0 62.1 297.7 62.0 297.3 61.9 296.9 61.7 296.6
  61.6 296.2 61.4 295.9 61.5 295.5 61.6 295.2 61.7 294.9 61.8 294.7 61.9 294.5
  62.0 294.3 62.1 294.1 62.2 294.2 62.2 294.3 62.3 294.5 62.4 294.7 62.5 294.9
  62.6 295.2 62.6 295.5 62.7 295.8 62.7 296.0 62.5 296.3 62.2 296.5 61.9 296.6
  61.6 296.5 61.2 296.3 60.8 296.1 60.3 296.0 60.0 295.8 59.6 295.7 59.3 295.0
  58.8 294.3 58.4 293.7 57.9 293.2 57.4 292.2 56.9 291.2 56.8 290.2 56.7 289.2
  56.5 288.1 56.4 287.0 56.5 285.8 56.6 284.5 56.7 283.2 57.1 281.8 57.4 280.4
  57.6 278.9 58.2 277.4 58.8 276.7 59.4 275.9 60.1 275.0 60.9 274.7 61.6 274.4
  62.3 274.1 62.9 274.3 63.5 274.3 64.0 274.3 64.4 274.3 64.8 274.4 65.1 274.4
  65.4 274.5 65.7 274.6 66.0 274.6 66.2 274.7 66.4 275.0 66.6 275.4 66.8 275.8
  67.0 276.2 66.9 276.5 66.9 276.7 66.8 276.8 66.7 276.9 66.6 276.8 66.5 276.7
  66.4 276.5 66.2 276.2 66.1 275.8 66.1 275.4 66.1 274.8 66.1 274.2 66.1 273.5
  66.0 272.7 66.0 271.9 66.3 271.1 66.5 270.1 66.6 269.0 66.8 267.9 67.1 266.7
  67.3 265.4 67.5 263.9 67.8 262.4 68.1 260.8 68.4 259.2 68.9 257.6 69.3 255.7
  69.7 253.7 70.0 251.6 70.4 249.7 70.8 247.7 71.1 245.5 71.4 243.1 71.8 240.6
  72.2 238.0 72.6 236.1 72.9 234.1 73.2 232.1 73.5 230.0 73.7 227.8 73.9 225.7
  74.0 223.6 74.2 222.1 74.3 220.6 74.5 219.1 74.6 217.6 74.8 216.2 75.0 214.8
  75.1 213.5 75.3 212.2 75.4 211.0 75.6 209.8 75.7 208.7 75.8 207.6 75.9 206.6
  76.0 205.6 76.1 204.7 76.2 203.6 76.3 202.6 76.3 201.5 76.3 200.6 76.3 199.6
  76.3 198.7 76.3 197.9 76.2 197.1 76.2 196.3 76.1 195.6 76.1 195.0 76.0 194.3
  75.9 193.8 75.8 193.3 75.7 192.8 75.5 192.3 75.4 191.8 75.3 191.3 75.2 190.8
  75.1 190.3 75.0 189.8 74.9 189.3 74.8 188.8 74.8 188.3 74.7 187.8 74.7 187.2
  74.7 186.8 74.7 186.5 74.7 186.2 74.6 186.1 74.6 186.0 74.5 186.0 74.5 186.2
  74.4 186.3 74.3 186.6 74.1 186.9 74.0 187.3 73.8 187.8 73.7 187.5 73.5 187.2
  73.4 186.8 73.3 186.4 73.1 185.9 73.0 185.4 72.8 184.9 72.7 184.3 72.6 183.7
  72.5 183.0 72.5 182.3 72.4 181.5 72.3 180.9 72.3 180.3 72.3 179.7 72.3 179.2
  72.3 178.7 72.3 178.2 72.3 177.8 72.3 177.5 72.3 177.1 72.3 176.8 72.3 176.5
  72.3 176.2 72.3 176.0 72.3 175.7 72.2 175.4 72.2 175.0 72.2 174.7 72.2 174.4
  72.2 174.0 72.2 173.6 72.2 173.2 72.3 172.8 72.3 172.3 72.4 171.9 72.4 171.4
  72.5 171.0 72.5 170.6 72.5 170.3 72.5 169.9 72.6 169.6 72.6 169.3 72.6 169.0
  72.7 168.7 72.7 168.4 72.7 168.2
  10 28 64  0.0
  72.5 321.4 72.2 320.2 71.9 319.1 71.7 318.0 71.4 317.0 71.1 316.1 70.8 315.2
  70.5 314.5 70.2 313.8 69.8 313.1 69.5 312.5 69.1 311.9 68.9 311.4 68.6 310.9
  68.2 310.3 67.9 309.7 67.6 309.2 67.2 308.5 66.9 307.9 66.6 307.3 66.4 306.6
  66.1 305.9 65.8 305.1 65.5 304.4 65.3 303.6 65.1 302.8 65.0 302.0 64.9 301.2
  64.8 300.3 64.7 299.4 64.7 298.6 64.7 297.7 64.7 296.8 64.7 295.9 64.8 295.1
  64.9 294.2 65.0 293.4 65.1 292.6 65.3 291.8 65.4 291.1 65.5 290.4 65.7 289.7
  65.9 289.0 66.0 288.4 66.2 287.6 66.4 286.9 66.6 286.2 66.7 285.4 66.9 284.7
  67.1 284.0 67.3 283.2 67.5 282.4 67.6 281.6 67.8 280.8 67.9 279.9 68.1 279.0
  68.2 277.8 68.3 276.7 68.4 275.5 68.5 274.4 68.6 273.2 68.7 272.1 68.7 270.9
  68.8 269.8 68.8 268.7 68.9 267.7 68.9 266.6 68.9 265.6 68.9 264.6 69.0 263.6
  69.0 262.6 69.0 261.6 69.1 260.7 69.1 259.8 69.2 259.0 69.3 258.2 69.3 257.4
  69.4 256.6 69.5 255.8 69.6 255.0 69.7 254.2 69.8 253.4 69.9 252.5 70.0 251.6
  70.1 250.7 70.2 249.8 70.3 248.9 70.5 248.1 70.6 247.2 70.8 246.5 71.0 245.7
  71.2 245.1 71.4 244.4 71.6 243.8 71.8 243.2 72.0 242.6 72.2 242.1 72.4 241.4
  72.7 240.8 72.9 240.2 73.1 239.6 73.3 239.0 73.5 238.4 73.7 237.9 73.9 237.4
  74.0 237.0 74.2 236.3 74.4 235.7 74.6 235.0 74.7 234.4 74.9 233.7 75.0 233.1
  75.1 232.3 75.3 231.6 75.4 230.9 75.5 230.1 75.6 229.3 75.7 228.5 75.8 227.7
  75.9 226.9 75.9 226.1 76.0 225.3 76.0 224.4 76.0 223.4 76.0 222.0 76.1 220.5
  76.1 219.0 76.1 217.4 76.1 215.8 76.1 214.3 76.0 212.8 76.0 211.3 75.9 210.3
  75.8 209.3 75.7 208.5 75.7 207.6 75.6 206.9 75.4 206.1 75.3 205.4 75.2 204.8
  75.0 204.1 74.9 203.5 74.8 202.9 74.7 202.4 74.5 201.8 74.4 201.3 74.3 200.8
  74.2 200.3 74.1 199.9 74.0 199.5 74.0 199.1 73.9 198.9 73.9 198.8 73.9 198.6
  73.9 198.5 73.9 198.3 73.9 198.2 73.9 198.0 73.9 197.9 73.9 197.8 73.9 197.7
  73.9 197.6 73.9 197.5 73.9 197.5 73.9 197.5 73.9 197.5 73.9 197.5 73.9 197.5
  73.9 197.5 73.8 197.5 73.8 197.5 73.8 197.5 73.7 197.5 73.6 197.5 73.6 197.4
  73.5 197.4 73.4 197.3 73.3 197.2 73.2 197.1 73.1 197.0 72.9 196.8 72.8 196.7
  72.6 196.5 72.4 196.4 72.2 196.2 72.0 196.0 71.7 196.2 71.4 196.3 71.1 196.4
  70.7 196.5 70.3 196.6 69.8 196.6 69.3 196.8 68.7 197.0 68.1 196.9 67.4 196.8
  66.8 196.5 66.1 196.1 65.3 195.7 64.6 195.2 63.8 194.7 62.9 194.0 61.9 193.4
  60.9 192.4 59.8 191.4 58.7 189.9 57.6 188.4 56.7 186.5 55.9 184.6 55.2 182.7
  54.5 180.9 53.7 179.3 53.0 177.8 52.2 176.4 51.4 175.0 50.7 173.6 50.0 172.2
  49.3 170.8 48.8 169.4 48.3 168.1 47.8 166.7 47.4 165.3 47.0 163.9 46.6 162.4
  46.2 161.0 45.8 159.6 45.6 158.2 45.5 156.9 45.3 155.6 45.2 154.3 45.2 153.1
  45.1 151.9 45.0 150.6 44.9 149.4 44.7 148.3 44.6 147.1 44.6 145.9 44.6 144.8
  44.5 143.6 44.6 142.5 44.7 141.4
  10 29 64  0.0
  72.5 321.4 71.9 319.9 71.3 318.8 70.8 317.7 70.3 316.6 69.8 315.5 69.4 314.7
  69.0 313.8 68.6 313.0 68.2 312.3 67.8 311.5 67.5 310.9 67.3 310.4 67.0 309.8
  66.7 309.3 66.4 308.7 66.1 308.2 65.8 307.7 65.7 307.2 65.6 306.8 65.4 306.3
  65.3 305.9 65.2 305.4 65.0 304.9 64.9 304.4 64.8 304.0 64.8 303.5 64.8 302.9
  64.8 302.4 64.8 301.9 64.9 301.3 64.9 300.7 64.9 300.1 64.9 299.5 65.0 298.9
  65.1 298.2 65.2 297.6 65.3 297.0 65.4 296.3 65.5 295.6 65.7 294.9 65.8 294.1
  66.0 293.4 66.1 292.6 66.3 291.8 66.5 291.0 66.7 290.2 66.9 289.4 67.2 288.5
  67.4 287.7 67.7 286.9 68.0 286.1 68.2 285.3 68.5 284.3 68.8 283.4 69.1 282.4
  69.4 281.5 69.7 280.6 70.0 279.7 70.2 278.8 70.3 277.8 70.5 276.8 70.7 275.9
  70.9 274.9 71.0 274.0 71.1 273.0 71.3 272.1 71.4 271.2 71.6 270.3 71.7 269.4
  71.9 268.6 72.0 267.7 72.2 267.0 72.4 266.2 72.6 265.5 72.8 264.7 73.0 264.0
  73.2 263.4 73.5 262.7 73.8 262.1 74.1 261.4 74.4 260.7 74.7 259.9 75.1 259.1
  75.4 258.3 75.8 257.5 76.1 256.7 76.5 255.6 76.8 254.5 77.2 253.4 77.6 252.3
  77.9 251.1 78.2 249.9 78.6 248.1 79.0 246.2 79.3 244.2 79.7 242.2 80.0 240.1
  80.3 237.8 80.7 234.6 81.0 231.3 81.4 227.7 81.7 224.0 82.0 220.3 82.3 216.4
  82.6 211.9 82.9 207.3 83.1 202.8 83.2 198.2 83.4 193.8 83.5 189.3 83.6 184.6
  83.7 179.8 83.7 175.0 83.7 170.3 83.7 165.6 83.7 161.1 83.6 156.7 83.6 152.5
  83.6 148.5 83.5 144.7 83.5 141.0 83.5 137.3 83.4 133.8 83.4 130.4 83.3 127.0
  83.3 123.6 83.3 120.3 83.2 117.0 83.1 113.7 83.1 110.5 83.0 107.3 82.9 104.1
  82.8 101.0 82.7  97.8 82.6  94.6 82.5  91.3 82.5  87.9 82.3  84.5 82.3  81.1
  82.1  77.6 82.0  77.1 81.9  76.8 81.8  76.4 81.7  76.1 81.6  75.8 81.4  75.5
  81.3  75.2 81.1  74.9 81.0  74.6 80.9  74.3 80.7  74.0 80.6  73.7 80.5  73.5
  80.4  73.2 80.3  72.9 80.2  72.6 80.1  72.3 80.0  72.0 79.9  71.8 79.8  71.5
  79.7  71.3 79.5  71.0 79.4  70.7 79.2  70.4 79.1  70.1 78.9  69.8 78.7  69.5
  78.6  69.2 78.4  68.8 78.2  68.5 78.0  68.1 77.9  67.8 77.7  67.6 77.6  67.3
  77.4  67.1 77.3  66.9 77.2  66.7 77.1  66.5 77.0  66.3 77.0  66.1 76.9  65.9
  76.8  65.7 76.8  65.4 76.7  65.2 76.6  65.0 76.5  64.8 76.4  64.6 76.3  64.4
  76.3  64.2 76.2  64.0 76.1  63.8 75.9  63.6 75.8  63.5 75.7  63.3 75.6  63.2
  75.5  63.0 75.5  62.9 75.4  62.8 75.3  62.6 75.3  62.5 75.2  62.4 75.2  62.3
  75.2  62.2 75.2  62.1 75.2  62.0 75.1  61.9 75.1  61.7 75.1  61.6 75.0  61.4
  75.0  61.1 75.0  60.9 74.9  60.6 74.9  60.3 74.8  60.0 74.7  59.7 74.7  59.3
  74.6  58.9 74.5  58.5 74.5  58.2 74.4  57.8 74.3  57.4 74.2  57.0 74.1  56.6
  74.1  56.2 74.0  55.8 73.9  55.5 73.8  55.2 73.7  54.9 73.6  54.5 73.4  54.2
  73.3  53.9 73.2  53.7 73.1  53.4 73.0  53.2 73.0  52.9 72.9  52.7 72.8  52.5
  72.7  52.3 72.6  52.1 72.5  51.9
  10 30 64  0.0
  72.5 321.4 71.9 320.0 71.4 318.7 70.8 317.4 70.3 316.2 69.9 314.9 69.5 313.9
  69.2 312.9 68.8 311.8 68.6 310.8 68.4 309.7 68.2 308.6 68.1 307.4 68.0 306.3
  67.9 305.3 67.8 304.4 67.6 303.5 67.6 302.6 67.5 301.7 67.4 300.9 67.3 300.1
  67.3 299.3 67.3 298.4 67.3 297.6 67.3 296.8 67.3 296.0 67.4 295.2 67.5 294.5
  67.5 293.8 67.6 293.1 67.7 292.4 67.8 291.8 67.9 291.2 68.0 290.6 68.2 289.6
  68.3 288.7 68.4 287.7 68.4 286.7 68.5 285.7 68.5 284.8 68.5 283.9 68.5 282.9
  68.5 282.0 68.5 281.1 68.5 280.2 68.5 279.3 68.4 278.4 68.3 277.5 68.2 276.6
  68.1 275.8 67.9 274.9 67.8 274.3 67.7 273.7 67.6 273.1 67.5 272.6 67.4 272.0
  67.4 271.5 67.3 271.0 67.2 270.5 67.2 270.1 67.1 269.6 67.1 269.1 67.0 268.6
  67.0 268.2 67.0 267.7 66.9 267.2 66.8 266.7 66.7 266.3 66.6 265.8 66.6 265.3
  66.5 264.9 66.4 264.5 66.4 264.0 66.3 263.6 66.2 263.2 66.0 262.9 65.9 262.5
  65.8 262.2 65.7 261.8 65.6 261.4 65.5 261.1 65.4 260.7 65.3 260.4 65.2 260.1
  65.1 259.7 65.1 259.4 65.0 259.1 65.0 258.7 64.9 258.3 64.9 258.0 64.9 257.6
  64.9 257.2 64.9 256.8 64.9 256.4 64.9 256.0 64.9 255.6 65.0 255.2 65.1 254.8
  65.2 254.4 65.3 253.9 65.4 253.5 65.5 253.0 65.6 252.5 65.7 252.0 65.9 251.6
  66.0 251.1 66.2 250.7 66.3 250.3 66.4 249.8 66.6 249.4 66.7 249.0 66.9 248.5
  67.0 248.1 67.2 247.6 67.3 247.1 67.4 246.6 67.6 246.1 67.8 245.6 67.9 245.1
  68.1 244.6 68.3 244.2 68.5 243.9 68.7 243.5 68.9 243.1 69.0 242.6 69.2 242.1
  69.3 241.6 69.5 241.1 69.6 240.6 69.8 240.0 69.9 239.5 70.0 238.9 70.2 238.6
  70.3 238.4 70.5 238.1 70.7 237.8 70.9 237.6 71.1 237.3 71.3 237.1 71.5 236.8
  71.7 236.6 71.9 236.3 72.1 236.0 72.4 235.6 72.6 235.1 72.9 234.6 73.2 234.1
  73.5 233.7 73.7 233.2 74.0 232.8 74.2 232.4 74.4 231.7 74.7 230.9 75.0 230.2
  75.3 229.5 75.5 228.8 75.7 228.1 75.9 227.4 76.1 226.6 76.4 225.4 76.6 224.2
  76.8 222.8 77.0 221.5 77.1 220.1 77.2 218.6 77.3 217.1 77.4 215.7 77.4 214.2
  77.4 212.7 77.4 211.2 77.4 209.8 77.4 208.4 77.3 206.9 77.3 205.6 77.2 204.3
  77.1 203.0 77.1 201.8 77.0 200.8 76.9 199.8 76.8 198.8 76.8 198.0 76.7 197.2
  76.7 196.4 76.6 195.7 76.6 195.1 76.5 194.4 76.5 193.8 76.5 193.1 76.4 192.5
  76.4 191.9 76.4 191.3 76.5 190.7 76.5 190.1 76.6 189.5 76.7 188.8 76.7 188.2
  76.8 187.6 76.9 187.0 77.0 186.3 77.1 185.7 77.2 185.1 77.3 184.4 77.4 183.8
  77.4 183.1 77.5 182.5 77.6 181.8 77.7 181.2 77.8 180.6 77.8 180.1 77.9 179.6
  77.9 179.1 78.0 178.7 78.0 178.3 78.0 177.7 78.1 177.1 78.1 176.5 78.1 175.9
  78.1 175.4 78.1 174.9 78.1 174.4 78.1 173.8 78.1 173.3 78.1 172.8 78.1 172.4
  78.2 171.9 78.2 171.5 78.2 171.1 78.3 170.7 78.3 170.3 78.4 170.0 78.4 169.7
  78.4 169.5 78.5 169.3 78.5 169.2 78.5 169.2 78.4 169.1 78.4 169.1 78.4 169.2
  78.3 169.3 78.3 169.4 78.2 169.6
  10 31 64  0.0
  72.5 321.4 71.8 319.6 71.2 318.1 70.7 316.6 70.1 315.0 69.6 313.5 69.2 312.4
  68.7 311.3 68.3 310.3 68.0 309.3 67.6 308.7 67.2 308.2 66.8 307.7 66.5 307.3
  66.3 306.9 66.0 306.5 65.8 306.0 65.6 305.7 65.4 305.4 65.1 305.0 64.9 304.6
  64.7 304.2 64.5 303.8 64.3 303.4 64.1 302.9 63.9 302.5 63.8 301.8 63.5 301.2
  63.3 300.6 63.0 300.0 62.7 299.5 62.4 299.0 61.9 298.5 61.5 297.7 60.9 297.1
  60.3 296.5 59.6 296.0 58.8 295.1 58.1 294.2 57.3 293.4 56.6 292.3 55.8 291.2
  55.3 289.8 54.6 288.5 53.9 287.3 53.3 285.8 52.7 284.3 51.9 282.8 51.5 280.9
  51.0 278.9 51.0 277.1 50.9 275.4 51.0 273.8 51.1 272.4 51.2 271.1 51.4 269.7
  51.5 268.4 51.7 267.0 51.9 265.6 52.1 264.3 52.4 263.3 52.6 262.4 52.8 261.5
  53.0 260.7 53.2 260.0 53.5 259.2 53.8 258.4 54.0 257.6 54.3 257.2 54.5 256.7
  54.6 256.3 54.8 255.8 55.1 255.3 55.5 254.8 55.7 254.3 55.9 253.7 56.1 253.1
  56.2 252.7 56.3 252.2 56.4 251.8 56.5 251.3 56.7 250.9 56.8 250.4 56.9 249.9
  57.0 249.5 57.1 249.1 57.1 248.6 57.2 248.2 57.2 247.7 57.4 247.2 57.5 246.6
  57.6 246.1 57.7 245.5 57.7 244.9 57.7 244.3 57.7 243.8 57.9 243.2 58.0 242.6
  58.1 242.1 58.2 241.6 58.3 241.1 58.4 240.7 58.5 240.2 58.6 239.8 58.8 239.4
  58.9 239.0 59.0 238.6 59.2 238.2 59.3 237.9 59.3 237.5 59.4 237.2 59.5 236.8
  59.5 236.5 59.6 236.1 59.6 235.8 59.7 235.5 59.8 235.1 59.9 234.8 60.0 234.5
  60.1 234.2 60.1 233.8 60.2 233.5 60.2 233.1 60.2 232.8 60.2 232.5 60.2 232.1
  60.2 231.8 60.2 231.6 60.1 231.3 60.0 231.0 59.9 230.8 59.9 230.5 59.7 230.2
  59.6 229.9 59.5 229.6 59.4 229.3 59.3 229.1 59.1 228.9 59.0 228.6 58.9 228.4
  58.8 228.2 58.7 228.1 58.5 227.9 58.5 227.8 58.4 227.7 58.3 227.5 58.2 227.4
  58.1 227.3 58.0 227.3 57.8 227.0 57.7 226.8 57.5 226.6 57.3 226.4 57.1 226.2
  56.9 226.1 56.6 225.9 56.2 225.8 55.9 225.7 55.5 225.3 55.0 225.0 54.5 224.8
  53.9 224.6 53.3 223.9 53.1 223.2 52.8 222.6 52.6 222.0 52.4 221.4 52.3 220.8
  52.1 220.2 52.0 219.6 52.0 218.2 51.9 216.9 51.7 215.7 51.7 214.6 51.7 213.5
  51.6 212.4 51.6 211.3 51.7 210.2 51.9 209.1 52.0 207.9 52.2 206.7 52.3 205.9
  52.4 205.1 52.4 204.2 52.4 203.3 52.5 202.4 52.5 201.5 52.6 200.5 52.6 199.5
  52.6 198.5 52.6 197.5 52.6 196.4 52.5 195.3 52.7 194.2 52.8 193.0 52.8 191.7
  53.2 190.4 53.5 189.0 53.8 187.7 54.3 186.2 54.7 185.0 55.2 183.8 55.6 182.5
  56.1 181.2 56.5 180.1 56.9 179.1 57.3 178.0 57.7 177.0 58.1 175.9 58.5 175.3
  58.9 174.6 59.2 173.9 59.6 173.2 59.9 172.4 60.1 171.5 60.4 171.3 60.6 171.0
  60.8 170.7 61.0 170.4 61.2 170.0 61.3 169.6 61.5 169.2 61.6 168.7 61.7 168.2
  61.8 167.7 62.0 167.1 62.2 167.0 62.3 166.9 62.5 166.8 62.6 166.7 62.8 166.6
  62.9 166.4 63.1 166.1 63.2 165.8 63.4 165.5 63.6 165.1 63.7 164.6 63.9 164.1
  64.1 163.5 64.2 163.2 64.4 162.8
