  12  1 83  0.0
  72.5 321.4 71.9 321.5 71.3 322.0 70.7 322.4 70.0 322.8 69.3 323.2 68.7 324.1
  68.0 325.1 67.4 325.9 66.8 327.1 66.2 328.3 65.4 329.3 64.6 330.2 63.7 331.0
  62.9 331.5 62.0 331.9 61.0 332.0 59.9 332.2 58.8 332.2 57.6 332.3 56.4 331.9
  55.5 331.7 54.6 331.0 53.6 330.3 52.7 329.5 51.6 328.6 50.6 327.8 49.8 327.0
  49.1 326.2 48.3 325.4 47.6 324.6 46.9 323.6 46.8 322.6 46.6 321.5 46.5 320.4
  46.3 319.3 46.4 318.1 46.5 317.0 46.6 316.0 47.1 314.9 47.6 313.9 48.2 313.0
  48.7 312.4 49.2 311.8 50.1 311.2 51.0 310.9 51.8 310.6 52.6 310.3 53.4 310.5
  54.1 310.7 54.7 311.2 55.2 311.8 55.7 312.5 55.7 313.2 55.7 314.0 55.7 314.9
  55.7 315.8 55.6 316.8 55.1 317.6 54.5 318.3 53.8 319.0 53.0 319.3 52.2 319.6
  51.2 319.9 50.2 319.9 49.2 319.8 48.1 319.5 47.0 319.1 45.8 318.2 44.7 317.1
  43.6 315.9 42.8 314.3 41.9 312.6 41.0 310.5 40.7 308.3 40.5 305.9 40.6 303.4
  41.1 300.9 41.4 298.3 42.2 295.8 43.2 293.7 44.2 291.6 45.1 290.0 46.0 288.4
  47.0 287.4 47.8 286.3 48.5 285.2 49.1 284.7 49.8 284.3 50.4 283.8 50.7 283.9
  51.1 284.1 51.6 284.3 52.1 284.5 52.6 285.2 53.0 286.0 53.5 286.8 53.8 287.7
  54.2 288.7 54.4 289.6 54.6 290.5 54.8 291.5 54.9 292.5 54.9 293.4 54.7 294.4
  54.6 295.3 54.3 296.1 53.9 296.9 53.3 297.8 52.6 298.5 51.9 299.1 51.2 299.6
  50.5 299.9 49.7 300.1 48.9 300.1 48.2 299.9 47.3 299.7 46.4 299.3 45.3 298.8
  44.0 298.3 42.5 297.8 40.7 297.1 39.1 295.8 37.8 294.1 36.7 292.3 35.7 290.2
  35.2 288.4 34.6 286.6 33.8 284.8 32.9 283.2 32.1 281.3 31.4 279.2 31.5 276.7
  31.7 274.4 32.1 272.5 32.5 271.0 32.8 269.7 33.1 268.5 33.3 267.3 33.9 266.2
  34.5 265.1 35.2 264.2 35.9 263.2 36.6 262.2 37.4 261.3 38.2 260.4 38.9 259.4
  39.5 258.5 40.1 257.6 40.8 256.6 41.4 255.7 42.0 254.8 42.5 253.9 43.2 253.0
  43.9 252.1 44.6 251.2 45.1 250.2 45.7 249.3 46.3 248.3 46.8 247.5 47.1 246.6
  47.4 245.8 47.7 245.0 48.1 244.1 48.4 243.4 48.5 242.7 48.7 241.9 48.8 241.2
  49.0 240.4 49.3 239.7 49.3 238.9 49.3 238.2 49.4 237.4 49.4 236.6 49.5 235.8
  49.4 235.0 49.3 234.2 49.2 233.3 49.1 232.4 49.1 231.5 48.9 230.5 48.7 229.4
  48.6 228.3 48.5 227.1 48.2 225.9 48.0 224.7 47.8 223.5 47.5 222.2 47.2 220.9
  46.9 219.6 46.4 218.3 46.0 216.9 45.6 215.5 45.1 213.9 44.5 212.4 44.0 210.9
  43.4 209.3 42.8 207.9 42.1 206.4 41.4 204.9 40.7 203.5 40.1 202.1 39.5 200.6
  38.8 199.2 38.2 197.8 37.5 196.3 36.8 194.9 36.3 193.4 35.8 191.8 35.6 190.3
  35.3 188.7 35.0 187.2 34.9 185.7 34.7 184.2 34.4 182.7 34.2 181.1 34.0 179.6
  34.0 178.0 34.0 176.5 34.0 174.9 34.2 173.4 34.5 171.9 34.7 170.4 35.0 168.9
  35.2 167.4 35.5 165.9 35.8 164.4 36.1 162.9 36.4 161.3 36.7 159.8 36.8 158.3
  37.0 156.9 37.1 155.5 37.2 154.2 37.3 152.9 37.4 151.6 37.5 150.4 37.5 149.2
  37.6 148.1 37.7 147.0 37.8 145.9
  12  2 83  0.0
  72.5 321.4 72.3 323.1 72.0 324.6 71.7 326.0 71.4 327.1 71.1 328.1 70.7 329.1
  70.3 330.1 69.9 331.1 69.5 331.7 69.2 332.5 68.8 333.3 68.5 334.2 68.2 335.3
  67.8 336.1 67.4 336.2 66.8 336.3 66.2 336.4 65.6 336.6 64.9 336.4 64.1 336.3
  63.2 336.4 62.2 336.3 61.1 336.4 59.9 336.3 58.7 335.9 57.7 335.5 56.7 334.7
  55.8 333.9 55.0 333.0 54.2 332.0 53.7 330.9 53.3 330.0 52.8 329.1 52.3 328.1
  51.8 327.1 51.6 326.2 51.5 325.2 51.4 324.0 51.2 322.8 51.4 321.5 51.5 320.2
  51.6 318.8 52.0 317.5 52.5 316.2 52.9 314.9 53.4 313.6 53.9 312.2 54.4 310.8
  54.8 309.4 55.2 307.9 55.5 306.4 55.8 304.9 56.2 303.3 56.6 301.8 57.0 300.3
  57.4 298.7 57.7 297.1 58.1 295.4 58.4 293.7 58.8 291.9 59.2 290.2 59.7 288.5
  60.2 287.0 60.7 285.4 61.3 284.0 61.9 282.7 62.5 281.4 63.1 280.1 63.7 278.9
  64.3 277.6 64.8 276.6 65.5 275.7 66.1 274.9 66.8 274.2 67.6 273.5 68.3 272.7
  69.1 271.6 69.7 270.5 70.4 269.5 71.2 267.9 71.8 266.4 72.4 264.8 73.1 262.7
  73.8 260.6 74.4 258.5 75.1 256.0 75.7 253.4 76.2 250.8 76.6 248.2 77.0 245.5
  77.3 242.9 77.5 240.3 77.7 237.8 77.8 235.2 77.9 232.7 78.0 230.2 78.0 227.7
  77.9 225.3 77.9 223.1 77.8 221.1 77.6 219.2 77.4 217.4 77.3 215.7 77.0 214.1
  76.8 212.7 76.6 211.2 76.3 209.9 76.0 208.6 75.8 207.4 75.5 206.2 75.2 205.0
  74.9 203.9 74.6 202.8 74.2 201.8 73.9 200.8 73.6 199.7 73.3 198.7 73.0 197.7
  72.6 196.6 72.3 195.6 72.0 194.6 71.7 193.7 71.4 192.8 71.2 191.9 71.0 190.9
  70.8 190.0 70.6 189.1 70.4 188.1 70.2 187.2 70.2 186.3 70.1 185.4 70.1 184.5
  70.0 183.6 70.1 182.7 70.2 181.8 70.2 180.9 70.3 180.1 70.3 179.2 70.5 178.3
  70.6 177.3 70.7 176.4 70.8 175.5 70.9 174.5 71.0 173.5 71.1 172.6 71.2 171.7
  71.2 170.8 71.3 169.9 71.3 169.1 71.4 168.3 71.4 167.5 71.3 166.7 71.3 166.0
  71.2 165.4 71.1 164.8 71.1 164.2 71.0 163.7 70.8 163.2 70.7 162.7 70.5 162.3
  70.3 161.9 70.2 161.5 70.0 161.1 69.8 160.8 69.7 160.4 69.6 160.1 69.4 159.8
  69.2 159.5 69.0 159.3 68.7 159.1 68.4 159.0 68.2 158.9 67.9 158.8 67.6 158.7
  67.3 158.7 67.0 158.7 66.7 158.7 66.4 158.8 66.1 158.9 65.8 159.1 65.5 159.1
  65.2 159.0 64.9 159.0 64.7 158.9 64.4 158.9 64.1 158.8 63.9 158.7 63.7 158.4
  63.5 158.1 63.4 157.7 63.2 157.4 63.1 157.1 63.0 156.8 62.9 156.5 62.8 156.2
  62.8 155.9 62.6 155.6 62.4 155.4 62.3 155.1 62.2 154.8 62.2 154.6 62.1 154.3
  62.1 154.0 62.2 153.7 62.2 153.5 62.3 153.2 62.4 152.9 62.4 152.7 62.5 152.4
  62.6 152.1 62.7 151.8 62.9 151.6 63.0 151.3 63.2 151.0 63.4 150.7 63.6 150.4
  63.8 150.0 64.0 149.6 64.2 149.3 64.4 148.9 64.6 148.5 64.7 148.0 64.9 147.6
  65.0 147.1 65.2 146.6 65.3 146.1 65.5 145.5 65.6 144.9 65.8 144.3 65.9 143.7
  66.1 142.9 66.2 142.4 66.3 141.8 66.5 141.1 66.6 140.5 66.7 139.8 66.8 139.2
  66.8 138.5 66.9 137.8 66.9 137.2
  12  3 83  0.0
  72.5 321.4 72.1 321.9 71.8 322.4 71.5 323.1 71.1 323.8 70.8 324.4 70.5 325.0
  70.2 325.5 69.8 326.0 69.5 326.6 69.2 327.2 68.8 327.6 68.4 328.0 67.9 328.3
  67.4 328.6 66.9 328.9 66.3 329.0 65.7 329.1 65.0 329.0 64.3 328.8 63.5 328.6
  62.7 328.1 61.9 327.6 61.2 326.8 60.6 326.0 60.0 325.3 59.4 324.3 58.8 323.3
  58.3 322.2 57.9 321.0 57.4 319.9 57.2 318.6 56.9 317.4 56.7 316.1 56.4 314.7
  56.5 313.3 56.6 311.9 56.9 310.5 57.1 309.0 57.4 307.6 57.7 306.2 58.0 304.9
  58.4 303.6 58.7 302.3 59.0 301.1 59.3 299.8 59.5 298.6 59.8 297.5 60.1 296.3
  60.4 295.0 60.7 293.7 60.9 292.4 61.2 291.1 61.4 289.8 61.7 288.4 62.0 287.1
  62.2 285.8 62.5 284.4 62.8 283.0 63.0 281.5 63.2 280.2 63.4 278.8 63.5 277.5
  63.6 276.3 63.7 275.1 63.8 274.0 63.9 272.9 63.9 271.9 64.0 270.9 64.1 269.8
  64.2 268.8 64.3 267.8 64.3 266.9 64.4 266.0 64.4 265.2 64.5 264.5 64.5 263.9
  64.6 263.3 64.7 262.8 64.8 262.4 64.8 262.0 64.9 261.6 64.9 261.3 64.9 261.0
  64.9 260.8 64.9 260.6 64.9 260.5 64.9 260.4 65.0 260.3 65.0 260.3 65.1 260.4
  65.1 260.4 65.2 260.6 65.3 260.7 65.4 261.0 65.6 261.2 65.7 261.5 65.9 261.8
  66.0 262.1 66.2 262.2 66.4 262.2 66.6 262.2 66.8 262.2 67.0 262.2 67.3 262.2
  67.5 262.2 67.8 262.2 68.1 262.2 68.5 261.8 69.0 261.5 69.4 261.2 69.8 260.9
  70.3 260.6 70.8 259.6 71.2 258.6 71.7 257.7 72.1 256.9 72.6 255.4 72.9 253.9
  73.2 252.6 73.6 251.2 73.9 250.0 74.1 248.7 74.4 246.7 74.7 244.7 74.9 242.8
  75.1 241.0 75.2 239.1 75.3 237.3 75.4 235.5 75.4 233.7 75.4 231.9 75.4 230.0
  75.3 228.2 75.3 226.4 75.2 224.6 75.1 222.9 75.0 221.3 74.8 219.6 74.6 218.1
  74.3 216.6 74.1 215.1 73.8 213.7 73.5 212.4 73.2 211.1 72.9 209.8 72.6 208.5
  72.3 207.3 71.9 206.2 71.6 205.3 71.3 204.4 71.0 203.5 70.7 202.6 70.4 201.6
  70.1 200.6 69.8 199.6 69.4 198.9 69.1 198.0 68.7 197.2 68.4 196.4 68.1 195.5
  67.8 194.7 67.5 194.2 67.3 193.6 67.1 193.1 66.9 192.5 66.6 191.9 66.5 191.2
  66.4 190.6 66.2 189.9 66.1 189.3 66.0 188.6 65.8 188.4 65.7 188.1 65.6 187.8
  65.6 187.6 65.5 187.3 65.4 186.9 65.4 186.6 65.3 186.2 65.2 185.8 65.2 185.4
  65.1 184.9 65.0 184.5 65.0 184.0 64.9 183.5 64.8 183.0 64.7 182.5 64.7 182.0
  64.6 181.6 64.5 181.1 64.4 180.6 64.2 180.1 64.1 179.7 64.0 179.2 63.8 179.2
  63.7 179.1 63.5 179.1 63.4 179.0 63.3 178.9 63.1 178.9 63.0 178.8 62.8 178.7
  62.7 178.6 62.5 178.5 62.4 178.4 62.2 178.2 62.0 178.1 61.8 178.6 61.6 179.1
  61.4 179.6 61.2 179.9 61.0 180.3 60.8 180.5 60.5 180.7 60.2 180.7 59.9 180.7
  59.6 181.3 59.2 181.9 58.8 182.3 58.4 182.5 58.0 182.6 57.6 182.6 57.1 183.2
  56.6 183.6 56.0 183.7 55.4 183.6 54.8 183.8 54.0 183.8 53.2 183.6 52.3 183.7
  51.4 183.8 50.5 183.7 49.7 183.6 48.9 183.2 48.2 182.7 47.5 182.1 46.9 181.3
  46.4 180.4 45.9 179.6 45.2 178.7
  12  4 83  0.0
  72.5 321.4 72.4 322.2 72.2 323.0 72.1 323.8 72.0 324.7 72.0 325.6 72.0 326.6
  72.0 327.5 72.0 328.4 72.1 329.3 72.2 330.1 72.3 331.0 72.3 331.8 72.4 332.6
  72.5 333.3 72.7 334.1 72.8 334.8 72.9 335.5 73.0 336.1 73.1 336.7 73.2 337.3
  73.3 337.8 73.4 338.3 73.4 338.8 73.5 339.2 73.6 339.5 73.6 339.9 73.6 340.2
  73.7 340.4 73.6 340.6 73.6 340.8 73.5 340.9 73.4 341.0 73.2 341.1 73.1 341.1
  72.8 341.1 72.5 341.1 72.2 341.0 71.9 341.0 71.6 340.6 71.2 340.2 70.9 339.8
  70.5 339.4 70.1 339.0 69.6 338.5 69.1 337.6 68.6 336.8 68.0 336.0 67.3 335.2
  66.5 334.4 65.6 333.7 64.8 333.1 64.0 332.5 63.2 331.8 62.3 331.0 61.5 330.2
  60.7 329.3 59.9 328.4 59.1 327.5 58.2 326.6 57.3 325.7 56.5 325.0 55.6 324.2
  54.9 323.4 54.4 322.5 53.9 321.5 53.4 320.5 52.9 319.5 52.6 318.6 52.2 317.7
  51.8 316.8 51.3 316.0 50.8 315.3 50.1 314.7 49.4 314.1 48.8 313.1 48.2 312.1
  47.6 311.1 47.1 309.4 46.7 307.8 46.2 306.3 45.7 304.9 45.1 302.9 44.5 301.0
  44.0 299.1 43.6 296.7 43.1 294.4 42.8 292.2 42.4 290.1 41.9 288.1 41.5 286.0
  41.0 284.0 40.5 281.9 39.9 279.8 39.5 277.7 39.2 275.5 38.9 273.3 38.7 271.3
  38.4 269.3 38.2 267.4 38.0 265.7 37.9 263.9 37.9 262.2 37.9 260.5 38.0 258.8
  38.0 257.1 38.1 255.6 38.3 254.2 38.4 252.8 38.6 251.3 39.0 249.9 39.4 248.4
  39.8 246.9 40.4 245.5 40.9 244.1 41.4 242.6 42.2 241.3 43.0 240.0 43.9 238.6
  44.9 237.4 46.0 236.2 47.2 235.2 48.4 234.3 49.6 233.6 50.7 232.8 51.8 232.2
  52.8 231.5 53.6 230.9 54.5 230.2 55.3 229.5 56.2 228.8 57.0 228.1 57.7 227.2
  58.4 226.4 59.0 225.6 59.5 224.6 59.9 223.7 60.2 222.6 60.4 221.7 60.6 220.7
  60.8 219.7 60.9 218.7 60.9 217.7 61.0 216.7 61.0 215.6 61.0 214.4 61.0 213.4
  60.9 212.4 60.8 211.5 60.6 210.6 60.4 209.9 60.2 209.2 60.0 208.7 59.8 208.0
  59.6 207.4 59.3 206.8 59.0 206.2 58.8 205.7 58.5 205.3 58.3 204.9 58.0 204.5
  57.7 204.2 57.5 203.6 57.3 203.1 57.1 202.6 56.8 202.2 56.6 201.8 56.4 201.5
  56.2 201.2 55.9 201.0 55.7 200.5 55.4 200.0 55.2 199.7 54.9 199.4 54.7 199.1
  54.4 198.9 54.1 198.8 53.8 198.7 53.5 198.2 53.3 197.8 53.0 197.4 52.7 197.1
  52.4 196.8 52.1 196.5 51.8 196.2 51.5 195.5 51.3 194.9 51.0 194.3 50.7 193.8
  50.5 193.2 50.2 192.8 49.9 192.3 49.7 191.4 49.7 190.6 49.6 189.6 49.6 188.6
  49.5 187.6 49.6 186.5 49.8 185.4 49.9 184.3 50.0 183.2 50.5 182.0 51.1 181.5
  51.7 181.0 52.2 180.4 52.8 180.6 53.3 180.9 53.8 181.1 54.3 181.4 54.7 182.5
  55.1 183.6 55.6 184.6 55.5 185.6 55.4 186.6 55.2 187.4 55.0 188.3 54.6 189.0
  54.2 189.7 53.7 190.5 53.1 190.6 52.4 190.7 51.8 190.8 51.0 190.5 50.3 190.2
  49.5 189.9 48.8 189.2 48.1 188.4 47.3 187.5 47.0 186.4 46.6 185.3 46.1 184.1
  45.6 182.8 45.6 181.6 45.4 180.3 45.3 178.9 45.5 177.4 45.8 175.9 46.5 174.3
  47.2 172.9 47.9 171.5 48.9 170.2
  12  5 83  0.0
  72.5 321.4 72.4 321.3 72.4 321.3 72.4 321.2 72.3 321.2 72.3 321.3 72.2 321.4
  72.2 321.5 72.1 321.6 72.1 321.8 72.1 322.1 72.0 322.3 72.0 322.7 71.9 323.0
  71.9 323.4 71.9 323.8 71.8 324.3 71.9 324.8 71.9 325.4 72.0 326.1 72.0 326.8
  72.1 327.6 72.1 328.4 72.3 329.3 72.5 330.2 72.6 331.2 72.8 332.2 73.0 333.1
  73.2 334.1 73.4 335.1 73.6 336.0 73.7 337.0 73.9 338.0 74.1 338.9 74.3 339.5
  74.4 340.1 74.6 340.7 74.7 341.3 74.9 341.9 75.0 342.5 75.2 343.0 75.3 343.6
  75.4 344.1 75.6 344.6 75.7 345.0 75.8 345.4 75.9 345.8 76.1 346.2 76.2 346.8
  76.4 347.4 76.5 348.0 76.6 348.5 76.7 349.0 76.8 349.5 76.9 349.9 77.0 350.3
  77.1 350.6 77.2 350.8 77.2 351.1 77.3 351.2 77.3 351.3 77.4 351.4 77.4 351.5
  77.4 351.7 77.4 352.0 77.4 352.4 77.3 352.9 77.3 353.4 77.2 353.9 77.0 354.6
  76.9 355.2 76.7 355.9 76.5 356.6 76.2 357.3 75.9 357.8 75.6 357.8 75.3 357.7
  75.0 357.5 74.6 357.1 74.3 356.6 73.9 356.0 73.6 355.3 73.2 354.6 72.8 353.9
  72.4 353.3 71.8 352.8 71.3 352.3 70.8 351.9 70.1 351.4 69.4 351.0 68.7 350.4
  68.0 349.8 67.3 349.3 66.6 348.5 65.9 347.8 65.2 347.0 64.4 346.3 63.6 345.7
  62.8 345.1 61.9 344.6 61.0 344.1 60.2 343.6 59.1 343.1 58.0 342.6 57.0 342.0
  56.0 341.5 55.0 340.9 54.1 340.4 53.1 339.9 52.1 339.5 51.0 339.0 49.9 338.6
  48.8 338.2 47.8 337.8 46.7 337.4 45.7 337.0 44.7 336.5 43.6 336.0 42.7 335.3
  41.7 334.6 40.6 333.9 39.4 333.2 38.3 332.3 37.1 331.5 36.1 330.4 35.2 329.3
  34.3 327.9 33.8 326.4 33.4 324.8 32.9 323.1 32.7 321.4 32.4 319.6 32.6 317.7
  32.8 315.6 33.5 313.6 34.2 311.8 35.0 310.1 35.8 308.6 36.7 307.1 37.4 305.6
  38.2 304.2 39.0 302.8 39.7 301.3 40.5 299.9 41.2 298.6 42.0 297.3 42.7 296.0
  43.5 295.0 44.0 294.0 44.5 292.9 45.0 292.1 45.5 291.3 45.9 290.5 46.3 289.6
  46.8 289.1 47.3 288.6 47.8 288.1 48.3 287.6 48.5 287.4 48.8 287.3 49.0 287.1
  49.2 287.0 49.4 286.8 49.5 286.6 49.7 286.4 49.8 286.2 50.0 286.0 50.1 285.8
  50.3 286.0 50.5 286.1 50.7 286.3 50.9 286.4 51.2 286.6 51.6 286.7 51.9 286.9
  52.3 287.0 52.7 287.3 53.2 287.6 53.6 288.0 54.1 288.4 54.6 288.6 55.1 288.9
  55.6 289.3 56.1 289.7 56.5 289.8 56.9 290.0 57.3 290.3 57.6 290.6 57.9 290.9
  58.2 291.4 58.5 291.3 58.8 291.3 59.0 291.4 59.2 291.4 59.4 291.6 59.6 291.7
  59.8 291.9 59.9 292.1 60.0 292.4 60.0 292.6 60.1 292.4 60.1 292.3 60.1 292.1
  60.2 292.1 60.2 292.1 60.3 292.1 60.3 292.1 60.4 292.2 60.4 292.4 60.4 292.5
  60.5 292.7 60.5 292.9 60.5 293.1 60.5 293.4 60.5 293.6 60.5 293.9 60.5 294.2
  60.5 294.5 60.6 294.8 60.6 295.1 60.6 295.3 60.7 295.5 60.8 295.6 60.9 295.8
  61.1 295.9 61.3 296.0 61.5 296.1 61.8 296.1 62.2 296.2 62.6 296.4 63.1 296.5
  63.6 296.6 64.1 296.6 64.7 296.6 65.4 296.6 66.0 296.6 66.6 296.5 67.3 296.5
  68.0 296.5 68.7 296.6 69.4 296.6
  12  6 83  0.0
  72.5 321.4 72.3 321.4 72.2 321.4 72.0 321.4 71.9 321.4 71.8 321.3 71.7 321.1
  71.6 321.0 71.5 320.9 71.4 320.8 71.3 320.7 71.2 320.7 71.1 320.6 71.0 320.6
  70.9 320.6 70.9 320.6 70.8 320.5 70.7 320.5 70.7 320.4 70.6 320.4 70.6 320.3
  70.5 320.3 70.5 320.2 70.5 320.2 70.5 320.1 70.5 320.0 70.4 320.0 70.3 319.9
  70.2 320.0 70.1 320.0 70.0 320.1 70.0 320.0 70.0 320.0 69.9 319.9 69.7 319.9
  69.6 319.9 69.5 319.9 69.4 319.9 69.3 320.0 69.3 320.1 69.3 320.2 69.3 320.4
  69.3 320.6 69.3 320.9 69.3 321.2 69.3 321.6 69.3 322.0 69.2 322.5 69.2 323.1
  69.2 323.7 69.1 324.3 69.2 325.1 69.3 325.8 69.3 326.6 69.4 327.4 69.4 328.2
  69.5 329.0 69.6 329.8 69.7 330.6 69.7 331.4 69.8 332.2 69.8 333.0 69.8 333.8
  69.8 334.5 69.8 335.2 69.8 335.9 69.8 336.6 69.7 337.2 69.6 337.7 69.4 338.2
  69.3 338.7 69.1 339.1 69.0 339.4 68.7 339.7 68.5 340.0 68.2 340.1 67.7 340.2
  67.3 340.1 66.7 339.9 66.2 339.8 65.6 339.6 65.0 339.1 64.3 338.6 63.5 338.2
  62.7 337.3 61.9 336.6 61.0 335.5 60.3 334.5 59.5 333.6 58.8 332.5 58.0 331.4
  57.5 330.4 56.9 329.2 56.3 328.1 55.7 327.1 55.4 326.0 55.1 325.0 54.8 324.0
  54.8 323.1 54.6 322.2 54.5 321.3 54.3 320.5 54.0 319.6 54.0 318.8 54.0 318.0
  54.0 317.1 53.9 316.4 53.9 315.8 54.0 315.1 54.1 314.5 54.2 313.5 54.3 312.4
  54.3 311.4 54.5 310.4 54.6 309.4 54.7 308.5 54.7 307.6 54.9 306.7 55.0 305.9
  55.1 305.1 55.3 304.4 55.4 303.8 55.6 303.0 55.7 302.3 55.9 301.6 56.0 300.8
  56.2 299.6 56.4 298.3 56.5 297.1 56.7 296.0 56.9 295.0 57.1 294.0 57.3 293.1
  57.5 292.2 57.8 291.4 58.1 290.7 58.4 289.7 58.7 288.7 59.1 287.9 59.4 287.1
  59.8 286.4 60.2 285.7 60.7 284.8 61.2 283.9 61.6 283.0 62.1 282.3 62.6 281.1
  63.2 280.0 63.8 279.0 64.2 278.0 64.6 276.7 65.0 275.5 65.3 274.4 65.6 273.3
  66.0 272.4 66.5 271.1 66.7 269.8 67.0 268.7 67.3 267.8 67.5 266.9 67.7 266.2
  68.0 265.6 68.2 265.0 68.6 263.9 68.7 262.8 68.9 261.8 69.2 260.9 69.4 260.1
  69.7 259.4 69.7 258.7 69.8 258.1 69.9 257.5 70.0 257.0 70.2 255.7 70.2 254.5
  70.2 253.4 70.3 252.4 70.5 251.4 70.5 250.5 70.6 249.6 70.7 248.8 70.8 248.1
  70.9 247.4 70.9 246.8 71.0 246.2 71.0 245.7 71.1 245.2 71.2 244.8 71.3 244.5
  71.4 244.2 71.5 243.9 71.6 243.7 71.7 243.6 71.8 243.4 71.9 243.3 72.0 243.2
  72.1 243.0 72.2 242.0 72.3 241.0 72.5 240.1 72.6 239.2 72.7 238.3 72.8 237.5
  72.9 236.6 73.0 235.8 73.1 234.9 73.2 234.1 73.3 233.3 73.4 232.4 73.5 231.6
  73.5 230.8 73.5 229.9 73.5 229.1 73.5 228.2 73.5 227.3 73.5 226.4 73.4 225.5
  73.4 224.6 73.4 223.8 73.3 222.9 73.2 222.1 73.1 221.3 73.1 220.5 73.0 219.7
  72.9 219.0 72.8 218.2 72.6 217.5 72.6 216.8 72.5 216.1 72.4 215.4 72.2 214.7
  72.1 214.1 71.9 213.5 71.8 213.0 71.7 212.5 71.6 212.1 71.4 211.6 71.3 211.3
  71.1 210.9 71.0 210.6 70.8 210.3
  12  7 83  0.0
  72.5 321.4 72.4 320.8 72.3 320.2 72.3 319.7 72.1 319.1 71.9 318.7 71.8 318.0
  71.6 317.5 71.5 317.0 71.3 316.5 71.1 316.2 70.9 315.8 70.7 315.5 70.4 315.3
  70.1 315.0 69.8 314.8 69.6 314.4 69.3 314.0 69.0 313.6 68.8 313.2 68.5 312.8
  68.3 312.5 68.0 312.1 67.8 311.8 67.6 311.2 67.3 310.8 67.1 310.3 66.8 309.9
  66.5 309.5 66.3 309.2 66.0 308.9 65.7 308.5 65.4 308.0 65.1 307.6 64.8 307.2
  64.5 306.8 64.3 306.3 64.0 305.9 63.7 305.5 63.4 304.9 63.2 304.3 62.9 303.7
  62.5 303.2 62.2 302.7 61.8 302.2 61.5 301.5 61.3 300.7 61.0 299.8 60.8 298.8
  60.6 297.8 60.3 296.7 60.1 295.6 59.9 294.6 59.6 293.3 59.5 292.0 59.3 290.6
  59.2 289.2 59.1 287.6 59.0 286.0 58.9 284.3 58.9 282.6 58.7 280.9 58.6 279.4
  58.4 277.8 58.3 276.2 58.2 274.5 58.1 272.8 58.1 271.0 58.0 269.1 58.0 267.2
  58.0 265.7 57.9 264.2 57.9 262.8 57.8 261.6 57.9 260.5 57.9 259.4 58.0 258.3
  58.2 256.8 58.4 255.3 58.6 254.0 58.8 252.7 59.0 251.6 59.2 250.5 59.3 249.5
  59.4 248.5 59.6 247.7 59.7 246.9 59.9 246.1 60.0 245.3 60.2 244.4 60.5 243.5
  60.6 242.6 60.8 241.8 61.0 241.0 61.2 240.3 61.5 239.6 61.6 239.0 61.7 238.4
  61.8 237.8 61.9 237.3 62.0 236.7 62.2 236.0 62.4 235.4 62.4 234.8 62.4 234.2
  62.4 233.6 62.4 233.2 62.4 232.7 62.4 232.3 62.4 231.9 62.2 231.6 62.0 231.2
  61.8 230.9 61.6 230.9 61.3 230.8 61.1 230.8 60.8 230.7 60.6 230.6 60.3 230.4
  60.0 230.3 59.7 230.3 59.4 230.3 59.0 230.3 58.7 230.3 58.3 230.3 58.0 230.3
  57.6 230.4 57.3 230.5 56.9 230.6 56.5 230.6 56.1 230.7 55.7 230.7 55.2 230.7
  54.8 230.7 54.4 230.8 54.0 230.8 53.6 230.7 53.3 230.7 53.0 230.6 52.8 230.5
  52.5 230.5 52.4 230.4 52.2 230.4 52.1 230.3 52.1 230.3 52.1 230.3 52.2 230.3
  52.3 230.4 52.4 230.5 52.6 230.6 52.8 230.8 53.1 231.0 53.3 231.3 53.6 231.6
  53.9 232.1 54.4 232.6 55.0 232.9 55.5 233.4 56.0 233.8 56.4 234.3 56.9 234.6
  57.4 235.0 57.9 235.3 58.4 235.7 58.9 236.0 59.5 236.4 60.0 236.8 60.6 236.8
  61.2 236.9 61.7 236.9 62.2 237.0 62.7 236.6 63.3 236.2 63.9 235.8 64.3 235.5
  64.8 234.6 65.3 233.7 65.8 232.9 66.3 232.1 66.9 230.8 67.2 229.6 67.6 228.4
  67.9 227.2 68.1 225.9 68.4 224.4 68.6 222.7 68.7 221.1 68.8 219.4 68.8 217.7
  68.7 216.0 68.5 214.3 68.4 212.7 68.2 211.1 67.8 209.6 67.5 208.7 67.1 207.8
  66.7 207.0 66.1 206.2 65.6 205.5 65.1 205.1 64.5 204.6 64.0 204.1 63.5 204.0
  62.9 203.9 62.3 203.7 61.7 203.5 61.1 203.8 60.4 204.0 59.7 204.0 59.0 204.5
  58.3 204.8 57.6 205.0 56.8 205.4 56.1 205.7 55.3 205.8 54.5 206.2 53.6 206.5
  52.7 207.1 51.7 207.4 50.7 207.7 49.7 207.9 48.6 208.1 47.7 208.2 46.7 208.3
  45.8 208.3 44.9 208.5 43.9 208.7 42.8 208.9 41.7 209.1 40.6 209.2 39.5 209.3
  38.3 209.2 37.2 209.0 36.2 208.6 35.1 208.1 34.2 207.4 33.2 206.7 32.4 205.7
  31.6 204.7 30.9 203.5 30.6 202.3
  12  8 83  0.0
  72.5 321.4 72.3 321.0 72.2 320.6 72.1 320.2 72.0 319.8 71.7 319.4 71.4 318.9
  71.1 318.5 70.9 318.1 70.6 317.7 70.3 317.3 70.0 316.9 69.7 316.4 69.4 316.0
  69.1 315.6 68.6 315.2 68.0 314.8 67.4 314.4 66.9 314.1 66.4 313.7 66.0 313.3
  65.5 312.9 65.1 312.4 64.7 312.0 64.1 311.5 63.5 311.1 63.0 310.6 62.5 310.1
  62.1 309.6 61.7 308.9 61.4 308.4 61.1 307.7 60.6 307.1 60.1 306.4 59.7 305.7
  59.3 305.0 59.0 304.4 58.6 303.7 58.1 302.9 57.7 302.1 57.3 301.4 56.9 300.5
  56.6 299.7 56.1 298.7 55.7 297.7 55.3 296.9 54.9 296.0 54.5 295.1 54.1 294.1
  53.7 293.1 53.3 292.3 53.0 291.4 52.6 290.4 52.3 289.4 51.9 288.4 51.6 287.5
  51.3 286.7 51.0 285.8 50.7 285.0 50.4 284.2 50.1 283.3 49.9 282.5 49.8 281.8
  49.6 281.0 49.4 280.2 49.3 279.3 49.1 278.4 48.9 277.5 48.7 276.6 48.5 275.6
  48.2 274.6 47.9 273.6 47.6 272.8 47.3 271.9 47.1 271.1 46.9 270.2 46.6 269.3
  46.4 268.4 46.2 267.4 46.0 266.5 45.8 265.8 45.6 265.1 45.4 264.4 45.1 263.7
  44.9 263.0 44.7 262.3 44.4 261.5 44.2 260.8 44.0 260.0 43.8 259.3 43.6 258.6
  43.5 258.0 43.4 257.3 43.2 256.6 43.1 255.9 42.9 255.1 42.8 254.3 42.6 253.5
  42.5 252.7 42.3 251.8 42.0 251.0 41.8 250.1 41.6 249.3 41.4 248.5 41.3 247.7
  41.1 246.9 40.9 246.1 40.7 245.3 40.7 244.4 40.6 243.5 40.4 242.5 40.2 241.6
  40.1 240.7 40.1 239.7 39.8 238.7 39.5 237.7 39.3 236.6 39.2 235.5 39.0 234.3
  38.9 233.1 38.8 231.8 38.4 230.5 38.1 229.2 37.8 227.8 37.3 226.3 36.9 224.8
  36.6 223.2 36.5 221.5 36.3 219.9 36.4 218.3 36.4 216.6 36.3 214.9 36.0 213.1
  35.6 211.4 35.4 209.7 35.3 208.0 35.0 206.4 35.0 205.0 35.0 203.7 34.9 202.6
  34.9 201.5 34.8 200.4 34.6 199.4 34.6 198.4 34.5 197.4 34.4 196.4 34.3 195.5
  34.5 194.6 34.5 193.7 34.6 192.9 34.6 192.1 34.6 191.3 34.7 190.6 34.8 189.8
  34.9 189.1 34.9 188.4 34.9 187.8 35.2 187.2 35.5 186.5 35.8 185.8 36.0 185.1
  36.2 184.4 36.4 183.5 36.8 182.6 37.2 181.7 37.6 180.8 37.9 179.9 38.3 179.1
  38.7 178.0 39.0 177.0 39.4 176.0 39.9 175.0 40.4 173.9 40.8 172.7 41.3 171.5
  41.7 170.3 42.2 169.1 42.6 167.9 43.0 166.6 43.4 165.4 43.9 164.2 44.5 163.1
  44.9 162.0 45.4 160.9 46.0 159.8 46.3 158.7 46.6 157.7 47.0 156.7 47.3 155.7
  47.5 154.7 47.7 153.7 47.9 152.8 48.2 151.9 48.3 151.2 48.4 150.4 48.6 149.7
  48.7 148.8 48.9 148.0 48.8 147.1 48.7 146.2 48.6 145.3 48.5 144.4 48.5 143.6
  48.2 142.8 48.0 142.0 47.8 141.3 47.6 140.6 47.4 139.9 47.1 139.2 46.8 138.5
  46.5 137.7 46.3 137.0 46.0 136.2 45.8 135.5 45.4 134.8 45.0 134.1 44.6 133.5
  44.2 132.9 43.8 132.2 43.5 131.6 43.2 130.9 43.0 130.2 42.7 129.5 42.4 128.8
  42.1 128.2 41.8 127.5 41.6 127.0 41.3 126.6 41.0 126.2 40.7 125.8 40.4 125.5
  40.2 125.1 39.9 124.8 39.6 124.4 39.3 124.1 39.1 123.8 39.0 123.5 38.8 123.2
  38.7 122.9 38.5 122.7 38.3 122.5
  12  9 83  0.0
  72.5 321.4 72.4 320.2 72.4 319.1 72.0 318.0 71.7 317.1 71.4 316.0 71.0 314.9
  70.5 313.9 70.1 312.9 69.7 311.9 69.2 310.8 68.7 309.6 68.2 308.3 67.8 306.9
  67.2 305.6 66.6 304.4 66.0 303.3 65.3 302.5 64.7 301.6 64.1 300.7 63.5 299.7
  62.9 299.0 62.4 298.1 61.9 297.1 61.3 296.6 60.8 295.9 60.3 295.1 59.7 294.3
  59.2 294.3 58.7 294.2 58.3 294.0 57.8 293.7 57.4 293.8 57.0 293.7 56.5 293.5
  56.1 293.2 55.7 292.7 55.2 292.3 54.8 292.0 54.4 291.6 54.0 291.1 53.7 290.6
  53.3 290.3 53.0 289.9 52.6 289.5 52.2 289.0 51.9 288.5 51.5 288.0 51.2 287.4
  50.8 286.7 50.4 286.1 50.0 285.4 49.6 284.7 49.2 284.0 48.8 283.3 48.4 282.6
  48.0 281.8 47.6 281.0 47.2 280.2 46.8 279.3 46.3 278.5 45.8 277.6 45.2 276.7
  44.7 275.8 44.2 275.0 43.6 274.2 43.1 273.2 42.5 272.3 41.9 271.5 41.4 270.4
  40.7 269.4 40.1 268.5 39.3 267.6 38.6 266.4 37.8 265.3 37.0 263.9 36.4 262.6
  35.7 261.3 35.1 259.7 34.7 258.2 34.3 256.7 33.8 255.2 33.7 253.6 33.5 251.9
  33.8 250.3 34.1 248.7 34.4 247.5 35.0 246.3 35.4 245.1 35.9 243.9 36.4 242.7
  37.0 241.7 37.5 240.7 38.1 239.8 38.7 239.0 39.4 238.2 40.0 237.4 40.5 236.6
  41.1 235.8 41.6 235.0 42.1 234.2 42.6 233.3 43.1 232.4 43.5 231.4 44.0 230.5
  44.6 229.4 45.1 228.4 45.5 227.2 45.9 226.1 46.3 225.0 46.7 223.8 47.0 222.6
  47.4 221.3 47.8 220.1 48.1 218.9 48.5 217.6 48.8 216.4 49.1 215.2 49.3 214.0
  49.5 212.8 49.6 211.5 49.7 210.3 49.7 209.0 49.8 207.8 49.7 206.6 49.6 205.5
  49.5 204.4 49.4 203.4 49.1 202.3 48.9 201.3 48.6 200.2 48.4 199.0 48.2 197.7
  48.0 196.5 47.8 195.2 47.5 194.1 47.2 192.9 46.9 191.8 46.5 190.6 46.1 189.4
  45.7 188.1 45.3 186.7 45.1 185.3 44.8 183.8 44.5 182.3 44.3 180.8 43.9 179.4
  43.6 178.3 43.1 177.1 42.6 175.8 42.4 174.5 42.1 173.0 41.7 171.5 41.6 169.9
  41.6 168.1 41.5 166.4 41.4 164.5 41.4 162.6 41.2 160.6 40.9 158.6 40.9 156.7
  40.8 154.8 40.9 152.9 41.0 151.0 41.1 149.0 41.2 146.9 41.3 144.8 41.5 142.7
  41.7 140.7 41.9 138.7 42.0 136.8 42.3 134.6 42.6 132.5 42.9 130.4 43.3 128.5
  43.8 126.7 44.4 125.1 45.0 123.4 45.6 121.7 46.2 120.3 46.9 118.6 47.5 117.2
  48.1 116.0 48.8 114.6 49.4 113.5 50.1 112.4 50.9 111.0 51.6 109.8 52.3 108.6
  53.0 107.1 53.7 105.8 54.4 104.5 55.2 102.7 55.9 100.9 56.7  99.4 57.3  97.4
  57.9  95.7 58.5  94.0 59.0  91.8 59.4  89.7 59.9  87.6 60.2  85.6 60.7  83.1
  61.0  80.6 61.3  78.1 61.6  76.9 61.9  75.8 62.0  74.8 62.1  73.5 62.2  72.2
  62.3  71.0 62.3  69.8 62.3  68.7 62.3  67.5 62.3  66.4 62.2  65.2 62.2  64.1
  62.2  62.9 62.1  61.8 62.0  60.6 61.9  59.5 61.7  58.6 61.5  57.6 61.3  56.7
  61.1  55.8 60.8  54.8 60.4  53.9 60.1  53.0 59.7  52.1 59.3  51.3 58.9  50.5
  58.5  49.7 58.1  48.9 57.8  48.1 57.5  47.4 57.1  46.7 56.7  46.1 56.4  45.4
  56.1  44.7 55.8  44.1 55.5  43.5
  12 10 83  0.0
  72.5 321.4 72.1 321.4 71.8 321.4 71.4 321.4 71.1 321.3 70.7 321.2 70.3 321.0
  69.9 320.8 69.5 320.6 69.0 320.4 68.6 320.1 68.1 319.8 67.4 319.5 66.6 319.4
  65.9 319.3 65.2 319.2 64.5 319.2 63.7 319.0 62.9 319.0 62.0 318.9 61.1 318.8
  60.1 318.6 59.1 318.4 58.1 318.2 57.0 317.9 55.8 317.5 54.7 316.9 53.6 316.4
  52.6 315.7 51.2 314.9 50.0 314.0 48.9 312.7 47.8 311.5 46.4 310.2 44.9 308.9
  43.6 307.4 42.1 305.8 40.8 304.0 39.7 301.9 38.8 300.1 38.0 298.1 37.2 296.0
  36.5 294.1 35.8 292.1 35.1 290.2 34.5 288.1 33.9 285.9 33.5 284.2 33.0 282.4
  32.8 280.6 32.6 278.8 32.5 277.1 32.3 275.3 32.3 273.5 32.3 271.7 32.4 270.0
  32.5 268.4 32.7 267.0 32.9 265.6 33.2 264.2 33.4 263.0 33.7 261.8 34.0 260.7
  34.3 259.5 34.5 258.3 34.8 257.1 35.1 255.9 35.4 254.8 35.6 253.7 35.9 252.6
  36.2 251.6 36.5 250.5 36.8 249.4 37.1 248.4 37.4 247.4 37.7 246.4 38.0 245.3
  38.4 244.2 38.7 243.1 38.9 241.9 39.1 240.8 39.3 239.7 39.5 238.6 39.6 237.5
  39.8 236.3 40.0 235.2 39.9 234.1 39.9 233.0 39.9 231.8 39.6 230.7 39.4 229.6
  39.2 228.5 39.0 227.4 38.6 226.3 38.1 225.2 37.7 224.1 37.3 222.9 36.9 221.7
  36.5 220.6 36.1 219.5 35.8 218.5 35.5 217.5 35.1 216.5 34.7 215.5 34.5 214.5
  34.1 213.5 33.8 212.4 33.4 211.5 33.3 210.5 33.3 209.5 33.2 208.5 33.1 207.5
  33.3 206.5 33.4 205.5 33.4 204.5 33.4 203.5 33.6 202.5 33.8 201.5 34.0 200.6
  34.2 199.4 34.6 198.3 35.0 197.3 35.4 196.2 35.6 195.1 35.8 194.0 36.1 192.9
  36.3 191.8 36.6 190.7 36.9 189.5 37.2 188.4 37.6 187.2 37.6 186.1 37.6 184.9
  37.7 183.7 37.6 182.5 37.6 181.2 37.6 179.9 37.6 178.5 37.5 177.1 37.5 175.7
  37.2 174.3 36.9 172.7 36.7 171.2 36.4 169.5 36.1 167.8 35.7 166.0 35.4 164.3
  35.1 162.5 34.7 160.5 34.3 158.5 33.8 156.4 33.4 154.5 33.0 152.4 32.6 150.3
  32.2 148.2 31.9 146.1 31.5 144.2 31.1 142.2 30.7 140.1 30.3 138.1 30.0 136.2
  29.6 134.3 29.4 132.5 29.2 130.7 29.1 129.0 29.0 127.3 29.0 125.7 29.0 124.2
  28.9 122.7 28.9 121.2 28.9 119.9 29.0 118.6 29.2 117.5 29.3 116.4 29.4 115.5
  29.6 114.5 29.7 113.7 29.9 112.8 30.1 112.0 30.2 111.2 30.4 110.5 30.5 109.7
  30.7 109.0 30.9 108.4 31.1 107.7 31.3 107.1 31.5 106.5 31.7 106.0 31.9 105.4
  32.1 104.9 32.3 104.3 32.5 103.8 32.6 103.2 32.8 102.6 32.9 102.1 33.0 101.5
  33.2 101.0 33.4 100.6 33.6 100.1 33.7  99.7 33.9  99.2 34.1  98.8 34.2  98.3
  34.4  97.7 34.6  97.1 34.7  96.6 34.9  96.0 35.1  95.4 35.1  94.9 35.2  94.4
  35.3  93.9 35.4  93.4 35.5  92.9 35.6  92.3 35.7  91.8 35.8  91.3 35.9  90.8
  36.0  90.3 36.1  89.6 36.2  89.0 36.3  88.4 36.4  87.8 36.5  87.2 36.6  86.7
  36.7  86.1 36.9  85.6 37.0  85.1 37.1  84.6 37.2  84.1 37.3  83.7 37.4  83.2
  37.6  82.8 37.7  82.4 37.8  81.9 38.0  81.5 38.1  81.2 38.2  80.7 38.3  80.2
  38.4  79.7 38.5  79.3 38.6  78.9
  12 11 83  0.0
  72.5 321.4 72.4 322.0 72.2 322.6 72.1 323.1 72.0 323.7 71.9 324.2 71.7 324.8
  71.6 325.3 71.5 325.8 71.4 326.3 71.2 326.7 71.1 327.2 71.0 327.6 70.9 328.0
  70.7 328.3 70.6 328.6 70.4 328.8 70.3 329.0 70.1 329.2 70.0 329.3 69.8 329.3
  69.6 329.2 69.4 329.2 69.2 329.0 69.0 328.9 68.8 328.7 68.5 328.5 68.3 328.2
  68.0 327.9 67.7 327.5 67.3 327.3 66.9 327.0 66.5 326.6 66.0 326.3 65.5 325.9
  65.0 325.5 64.5 325.2 63.9 324.9 63.3 324.3 62.8 323.8 62.0 323.3 61.2 322.9
  60.4 322.4 59.5 322.0 58.7 321.5 57.9 321.1 57.1 320.5 56.3 319.9 55.1 319.4
  53.9 318.7 52.8 318.0 51.7 317.2 50.6 316.3 49.7 315.3 48.6 314.1 47.5 312.9
  46.6 311.6 45.2 310.3 43.9 309.0 42.8 307.7 41.4 306.1 40.2 304.4 39.3 302.4
  38.4 300.7 37.7 298.8 37.0 297.2 36.3 295.4 35.6 293.5 35.0 291.8 34.4 289.8
  33.8 287.7 33.3 286.0 32.9 284.2 32.4 282.3 32.2 280.5 31.9 278.7 31.8 277.3
  31.6 275.8 31.6 274.3 31.5 272.8 31.5 271.3 31.6 269.9 31.6 268.5 31.7 267.2
  31.9 265.9 32.1 264.7 32.3 263.4 32.6 262.1 32.8 260.8 33.0 259.6 33.2 258.4
  33.4 257.2 33.7 256.1 33.9 255.0 34.1 253.9 34.4 252.8 34.7 251.7 34.9 250.7
  35.2 249.7 35.5 248.7 35.8 247.7 36.1 246.7 36.4 245.7 36.7 244.6 37.0 243.6
  37.2 242.5 37.4 241.5 37.6 240.4 37.9 239.4 38.0 238.4 38.2 237.2 38.4 236.1
  38.7 234.9 38.7 233.8 38.8 232.7 38.9 231.6 38.7 230.5 38.5 229.4 38.3 228.3
  38.2 227.3 37.7 226.2 37.4 225.1 37.0 224.0 36.6 222.9 36.2 221.8 35.9 220.7
  35.5 219.8 35.1 218.8 34.7 217.9 34.3 216.9 33.8 216.0 33.4 215.1 33.0 214.2
  32.5 213.2 32.0 212.3 31.6 211.3 31.5 210.5 31.3 209.7 31.1 209.0 30.9 208.2
  30.7 207.5 30.6 206.8 30.4 206.0 30.1 205.3 29.9 204.5 29.6 204.1 29.3 203.6
  29.2 203.2 29.1 202.8 28.9 202.3 28.8 201.9 28.6 201.5 28.4 201.1 28.2 200.6
  28.0 200.1 27.8 199.6 27.8 199.5 27.7 199.3 27.7 199.1 27.6 198.9 27.5 198.6
  27.4 198.4 27.3 198.1 27.2 197.7 27.1 197.4 27.0 197.0 26.9 196.6 26.7 196.2
  26.6 195.7 26.6 195.2 26.6 194.8 26.7 194.4 26.7 194.0 26.8 193.7 26.8 193.4
  26.9 193.1 27.0 193.0 27.1 192.8 27.2 192.8 27.3 192.8 27.4 192.9 27.6 193.0
  27.7 193.2 27.8 193.4 28.0 193.7 28.1 194.0 28.2 193.9 28.3 193.9 28.4 193.9
  28.5 193.9 28.6 194.1 28.7 194.2 28.8 194.5 28.9 194.8 29.0 195.1 29.1 195.4
  29.3 195.8 29.4 196.1 29.1 196.5 28.8 196.8 28.4 197.1 28.0 197.4 27.4 197.4
  26.8 197.4 26.0 197.4 25.1 197.3 24.3 196.9 23.4 196.5 22.6 195.8 22.2 194.9
  21.8 194.1 21.4 193.1 21.1 192.0 21.4 190.7 21.8 189.5 22.2 188.5 22.6 187.5
  23.4 186.6 24.3 185.8 25.1 185.1 26.0 184.4 26.7 183.7 27.3 183.0 27.9 182.2
  28.6 181.4 29.3 180.6 30.1 179.9 30.7 179.2 31.4 178.6 32.2 178.0 32.9 177.4
  33.6 176.7 34.2 176.1 34.8 175.3 35.2 174.6 35.7 173.8 36.1 173.0 36.6 172.1
  37.0 171.2 37.5 170.3 37.9 169.4
  12 12 83  0.0
  72.5 321.4 72.3 321.8 72.1 322.2 71.9 322.6 71.8 323.0 71.6 323.4 71.5 323.8
  71.3 324.2 71.2 324.6 71.0 325.1 70.9 325.5 70.8 326.0 70.7 326.5 70.6 326.9
  70.4 327.4 70.3 328.0 70.2 328.5 70.1 329.1 70.0 329.6 69.9 330.3 69.8 331.1
  69.7 331.8 69.6 332.5 69.4 333.2 69.2 333.9 69.0 334.6 68.8 335.2 68.6 335.8
  68.4 336.3 68.1 336.8 67.8 337.1 67.5 337.3 67.2 337.5 66.9 337.5 66.5 337.5
  66.2 337.5 65.8 337.4 65.4 337.0 65.0 336.7 64.6 336.3 64.3 335.9 63.8 335.4
  63.4 334.6 63.0 333.8 62.5 333.1 62.0 332.4 61.5 331.4 60.7 330.4 59.9 329.5
  59.1 328.3 58.3 327.2 57.3 326.1 56.4 324.8 55.4 323.6 54.4 322.2 53.3 320.9
  52.3 319.4 51.1 317.9 50.0 316.3 48.9 314.6 47.8 312.9 46.7 311.2 45.6 309.5
  44.6 307.7 43.5 305.9 42.6 304.0 41.7 302.0 40.8 300.2 40.0 298.2 39.3 296.3
  38.5 294.5 37.9 292.6 37.3 290.8 37.0 288.8 36.7 286.8 36.5 284.9 36.3 283.1
  36.3 281.4 36.1 279.8 36.3 278.1 36.4 276.5 36.5 274.9 37.0 273.2 37.5 271.6
  38.1 270.1 38.8 268.5 39.5 267.1 40.0 265.7 40.5 264.3 41.1 262.9 41.7 261.6
  42.3 260.2 43.0 258.9 43.6 257.6 44.3 256.3 45.0 254.8 45.5 253.3 46.0 251.9
  46.4 250.6 46.8 249.1 47.3 247.6 47.8 246.3 48.2 245.0 48.7 243.5 49.1 242.1
  49.4 240.8 49.9 239.6 50.2 238.4 50.6 237.0 51.0 235.7 51.3 234.6 51.6 233.6
  52.0 232.9 52.5 231.8 52.7 230.8 53.0 230.0 53.3 229.4 53.7 228.8 54.1 228.3
  54.7 227.2 54.9 226.3 55.2 225.6 55.6 224.9 56.1 224.4 56.6 223.6 56.8 222.8
  57.2 222.2 57.5 221.6 57.9 221.1 58.3 220.7 58.8 220.0 59.3 219.3 59.6 218.7
  59.8 218.1 60.1 217.6 60.4 216.7 60.8 215.9 60.9 215.1 61.1 214.4 61.2 213.7
  61.4 213.0 61.6 212.3 61.8 211.6 61.7 210.9 61.6 210.3 61.5 209.7 61.4 209.1
  61.4 208.5 61.3 207.8 60.9 207.2 60.5 206.5 60.0 205.9 59.6 205.2 59.2 204.8
  58.7 204.4 58.3 204.0 57.5 203.5 56.8 203.3 56.1 203.0 55.3 202.6 54.6 202.5
  54.0 202.2 53.4 202.1 52.8 202.0 52.3 201.9 51.8 201.7 51.3 201.6 50.9 201.5
  50.6 201.4 50.3 201.3 50.0 201.2 49.7 201.1 49.4 201.0 49.2 200.8 48.9 200.6
  48.6 200.4 48.3 200.2 48.1 200.0 47.8 199.7 47.5 199.7 47.3 199.8 47.0 199.8
  46.8 199.8 46.5 199.7 46.3 199.6 46.0 199.4 45.8 199.1 45.5 199.0 45.3 198.7
  45.0 198.4 44.8 198.1 44.6 197.7 44.3 197.3 44.1 196.8 43.8 196.3 43.6 195.8
  43.4 195.2 43.1 194.6 42.9 194.0 42.6 193.4 42.3 192.8 42.0 192.2 41.7 191.6
  41.6 191.1 41.4 190.5 41.2 190.0 41.0 189.4 40.7 188.8 40.4 188.2 40.1 187.4
  39.9 186.7 39.6 185.8 39.3 184.9 38.9 184.1 38.4 183.2 38.0 182.3 37.6 181.3
  37.1 180.0 36.7 178.7 36.6 177.3 36.5 175.9 36.5 174.4 36.5 172.8 36.5 171.1
  36.4 169.3 36.3 167.6 36.2 165.8 36.1 164.1 36.0 162.4 36.0 160.8 35.9 159.2
  35.9 157.6 35.8 155.9 35.7 154.2 35.6 152.5 35.5 150.8 35.5 149.2 35.6 147.6
  35.6 146.2 35.7 144.7 35.8 143.4
  12 13 83  0.0
  72.5 321.4 72.2 322.0 71.9 322.5 71.6 322.8 71.4 323.1 71.1 323.3 70.9 323.6
  70.7 323.8 70.4 324.1 70.2 324.3 70.0 324.5 69.8 324.7 69.6 324.7 69.4 324.6
  69.2 324.6 69.0 324.6 68.8 324.7 68.7 324.7 68.5 324.8 68.4 324.9 68.3 325.1
  68.3 325.2 68.2 325.5 68.2 325.7 68.1 326.0 68.1 326.3 68.1 326.7 68.1 327.1
  68.1 327.5 68.1 327.9 68.1 328.5 68.1 329.0 68.1 329.6 68.0 330.1 68.0 330.8
  68.0 331.4 68.0 331.9 67.9 332.4 67.8 333.0 67.7 333.5 67.6 334.1 67.5 334.7
  67.4 335.3 67.3 335.9 67.1 336.5 66.8 337.1 66.5 337.6 66.2 338.1 65.9 338.6
  65.5 338.7 65.1 338.7 64.7 338.7 64.3 338.6 63.8 338.5 63.3 337.8 62.8 337.1
  62.3 336.3 61.8 335.6 61.3 334.3 60.8 333.1 60.3 331.8 59.8 330.6 59.3 329.0
  58.7 327.5 58.1 326.2 57.4 325.0 56.7 323.5 56.0 322.2 55.3 320.9 54.5 319.2
  53.8 317.7 52.9 316.1 52.0 314.6 51.3 313.2 50.5 311.6 49.9 309.9 49.3 308.1
  48.6 306.3 48.0 304.7 47.3 303.1 46.9 301.4 46.4 299.8 46.0 298.4 45.7 296.9
  45.4 295.0 45.3 293.0 45.2 291.1 45.2 289.1 45.1 287.2 45.0 285.5 44.9 283.7
  44.9 282.1 44.9 280.4 44.9 278.7 45.2 276.8 45.4 274.9 45.8 272.8 46.2 270.8
  46.6 268.8 47.0 266.9 47.3 265.1 47.7 263.4 48.2 261.7 48.8 259.7 49.3 257.8
  49.8 255.8 50.3 254.0 50.8 252.2 51.4 250.5 51.9 248.9 52.5 247.4 53.0 245.9
  53.6 244.4 54.1 242.8 54.7 241.5 55.3 240.2 55.9 238.8 56.5 237.5 57.1 236.5
  57.8 235.5 58.3 234.5 59.0 233.9 59.6 233.2 60.2 232.5 60.8 232.1 61.4 231.6
  62.0 231.0 62.7 230.7 63.3 230.3 63.9 230.0 64.4 229.7 65.0 229.4 65.6 229.1
  66.1 228.8 66.6 228.5 67.2 228.3 67.7 228.1 68.2 227.9 68.7 227.9 69.2 227.9
  69.6 228.0 70.1 228.1 70.6 228.4 71.1 228.8 71.5 229.1 72.0 229.5 72.6 230.1
  73.1 230.8 73.6 231.6 74.1 232.5 74.6 233.7 75.1 235.0 75.5 236.4 76.0 237.8
  76.4 239.2 76.9 240.6 77.3 242.1 77.8 243.7 78.1 245.4 78.5 247.1 78.8 248.8
  79.1 250.6 79.4 252.5 79.6 254.4 79.8 256.3 80.0 258.2 80.1 260.1 80.3 261.5
  80.5 262.7 80.6 264.0 80.8 265.3 80.9 266.6 81.0 268.0 81.0 269.4 81.1 270.8
  81.2 272.3 81.2 273.7 81.2 275.0 81.2 276.4 81.2 277.7 81.2 278.9 81.2 280.1
  81.2 281.2 81.2 282.4 81.1 283.5 81.1 284.6 81.0 285.7 80.9 286.7 80.8 287.8
  80.7 288.8 80.6 289.8 80.5 290.7 80.3 291.7 80.2 292.6 80.0 293.5 79.8 294.5
  79.6 294.9 79.5 295.4 79.3 295.9 79.1 296.4 78.8 296.8 78.6 297.3 78.3 297.7
  78.0 298.2 77.7 298.1 77.4 298.1 77.1 298.1 76.8 298.2 76.5 298.3 76.1 298.4
  75.7 298.6 75.4 298.8 75.1 299.1 74.8 299.4 74.4 299.7 74.1 300.1 73.8 300.5
  73.4 300.8 73.1 301.1 72.8 301.4 72.4 301.7 72.1 302.0 71.7 302.4 71.4 302.6
  71.1 302.8 70.8 303.1 70.5 303.3 70.2 303.6 69.9 303.9 69.6 303.7 69.3 303.5
  69.1 303.2 68.8 303.0 68.6 302.7 68.4 302.5 68.1 302.2 67.9 301.9 67.8 301.4
  67.6 301.0 67.5 300.5 67.3 300.1
  12 14 83  0.0
  72.5 321.4 72.2 321.8 72.0 322.2 71.8 322.6 71.6 323.0 71.4 323.4 71.2 323.9
  71.0 324.3 70.9 324.8 70.9 325.3 70.8 325.8 70.8 326.4 70.7 327.0 70.6 327.7
  70.6 328.4 70.6 329.1 70.6 329.9 70.6 330.8 70.6 331.6 70.6 332.6 70.6 333.5
  70.6 334.5 70.5 335.4 70.5 336.4 70.3 337.3 70.2 338.2 70.1 339.0 70.0 339.8
  69.8 340.5 69.7 341.2 69.5 341.7 69.3 342.2 69.2 342.6 69.0 343.0 68.8 343.3
  68.7 343.6 68.6 343.9 68.5 344.2 68.3 344.5 68.2 344.8 68.0 345.2 67.9 345.5
  67.7 345.7 67.5 345.9 67.3 346.2 67.0 346.5 66.8 346.9 66.5 347.3 66.2 347.8
  65.8 348.3 65.5 348.5 65.1 348.8 64.6 349.0 64.2 349.1 63.7 349.3 63.2 349.1
  62.7 348.8 62.1 348.6 61.4 348.4 60.8 347.7 60.3 347.1 59.7 346.5 59.1 345.4
  58.6 344.4 58.1 343.3 57.8 342.1 57.6 340.6 57.3 339.1 57.1 337.6 56.9 336.0
  56.7 334.5 56.6 332.9 56.5 331.3 56.5 329.7 56.5 328.1 56.4 326.5 56.3 324.9
  56.2 323.4 55.9 321.9 55.7 320.2 55.4 318.4 55.1 316.7 54.8 315.0 54.5 313.4
  54.1 311.7 53.7 310.0 53.3 308.1 52.8 306.3 52.3 304.5 51.8 302.8 51.2 300.9
  50.7 299.0 50.2 297.2 49.7 295.3 49.2 293.2 48.7 291.1 48.2 289.1 47.7 287.0
  47.2 284.9 46.8 282.8 46.6 280.6 46.4 278.4 46.4 276.1 46.5 273.9 46.6 271.6
  46.9 269.5 47.1 267.4 47.6 265.5 48.0 263.7 48.6 261.5 49.2 259.4 49.7 257.5
  50.4 255.7 50.9 253.7 51.5 251.9 51.9 250.2 52.4 248.5 52.8 246.8 53.3 245.2
  53.7 243.7 54.1 242.2 54.5 240.7 54.9 239.3 55.2 238.0 55.5 236.8 55.8 235.7
  56.1 234.6 56.4 233.6 56.7 232.6 57.1 231.6 57.4 230.8 57.8 230.0 58.2 229.3
  58.7 228.4 59.2 227.6 59.6 226.8 60.1 226.1 60.6 225.4 61.2 224.7 61.7 224.0
  62.2 223.3 62.8 222.6 63.3 221.8 63.9 221.1 64.5 220.4 65.1 219.5 65.6 218.6
  66.1 217.7 66.6 216.8 67.2 216.0 67.8 215.2 68.2 214.3 68.7 213.7 69.1 213.1
  69.6 212.4 70.0 211.8 70.3 211.1 70.6 210.7 70.8 210.4 71.1 210.0 71.4 209.7
  71.7 209.4 72.0 209.1 72.3 208.8 72.6 208.9 72.9 209.1 73.2 209.2 73.4 209.3
  73.7 209.5 74.0 209.7 74.3 210.2 74.6 210.7 74.9 211.3 75.2 211.9 75.5 212.6
  75.8 213.3 76.1 214.1 76.4 214.9 76.8 215.8 77.1 216.7 77.4 217.7 77.8 218.7
  78.1 219.8 78.5 220.5 78.9 221.2 79.3 221.9 79.7 222.6 80.1 223.4 80.5 223.7
  80.9 223.8 81.3 223.9 81.6 223.9 82.0 223.7 82.2 223.5 82.6 222.9 83.0 222.2
  83.3 221.4 83.6 220.5 83.9 219.4 84.2 218.1 84.5 215.8 84.7 213.0 84.9 209.6
  85.1 205.6 85.2 201.1 85.2 196.2 85.2 191.2 85.1 186.3 84.9 181.5 84.7 177.1
  84.4 173.0 84.1 169.3 83.6 166.2 83.1 163.3 82.6 160.9 82.0 158.7 81.4 156.2
  80.8 153.9 80.2 151.8 79.4 150.0 78.7 148.1 78.1 146.3 77.4 144.7 76.8 143.4
  76.1 142.3 75.4 141.2 74.8 140.4 74.3 139.7 73.7 139.0 73.1 138.4 72.6 137.9
  72.1 137.4 71.6 136.9 71.1 136.6 70.7 136.2 70.2 135.9 69.8 135.6 69.3 135.4
  68.9 135.1 68.4 134.7 68.0 134.4
  12 15 83  0.0
  72.5 321.4 72.4 321.5 72.2 321.6 72.1 321.8 72.0 321.9 71.8 322.1 71.7 322.3
  71.6 322.5 71.5 322.7 71.3 323.0 71.2 323.3 71.0 323.6 70.8 324.0 70.7 324.4
  70.7 324.8 70.7 325.2 70.7 325.6 70.7 326.1 70.8 326.6 70.8 327.2 70.8 327.7
  70.8 328.3 70.9 329.0 71.0 329.7 71.1 330.5 71.1 331.4 71.2 332.3 71.3 333.3
  71.3 334.4 71.4 335.5 71.4 336.7 71.4 337.9 71.4 339.1 71.4 340.3 71.3 341.5
  71.1 342.7 71.0 343.8 70.8 344.9 70.5 346.0 70.2 346.9 70.0 347.8 69.7 348.5
  69.3 349.1 68.9 349.5 68.5 349.9 68.1 350.2 67.6 350.4 67.2 350.1 66.7 349.8
  66.2 349.5 65.6 349.2 65.1 348.6 64.7 348.0 64.1 347.4 63.6 346.9 63.2 346.0
  62.8 345.1 62.5 344.2 62.3 343.2 61.9 342.2 61.6 341.1 61.4 339.9 60.8 338.9
  60.2 338.0 59.5 337.1 59.0 335.9 58.2 334.8 57.3 333.7 56.5 332.5 55.9 331.3
  55.0 329.9 54.3 328.4 53.6 327.0 52.6 325.4 51.8 323.7 50.8 321.9 50.0 320.0
  49.0 318.0 48.2 316.0 47.4 313.8 46.6 311.7 45.9 309.5 45.2 307.4 44.6 305.1
  44.0 302.4 43.6 299.4 43.5 297.2 43.4 295.1 43.5 293.0 43.5 291.1 43.6 289.2
  43.6 287.5 43.7 285.7 43.8 284.0 43.9 282.4 44.1 280.9 44.3 279.1 44.5 277.5
  44.8 275.9 44.9 274.5 45.1 273.1 45.3 271.8 45.4 270.5 45.5 269.3 45.7 268.1
  45.9 267.0 46.0 266.0 46.1 264.8 46.3 263.6 46.3 262.5 46.3 261.4 46.3 260.4
  46.4 259.4 46.4 258.3 46.4 257.3 46.4 256.3 46.5 255.3 46.6 254.3 46.6 253.2
  46.7 252.2 46.8 251.3 46.7 250.3 46.7 249.4 46.7 248.6 46.7 247.7 46.6 246.9
  46.5 246.0 46.4 245.1 46.3 244.2 46.3 243.3 46.0 242.4 45.7 241.6 45.4 240.9
  45.2 240.1 44.9 239.4 44.4 238.7 43.9 238.0 43.5 237.5 43.0 237.1 42.5 236.6
  42.0 236.2 41.5 235.7 40.8 235.3 40.0 234.8 39.2 234.4 38.3 233.8 37.4 233.3
  36.6 232.5 35.9 231.6 35.0 230.5 34.3 229.4 33.6 228.1 33.1 226.8 32.6 225.5
  32.1 224.1 31.7 222.6 31.3 221.2 31.0 219.7 30.9 218.1 30.8 216.6 30.7 215.0
  30.8 213.5 30.9 211.9 31.1 210.4 31.2 208.8 31.3 207.2 31.6 205.6 31.9 204.0
  32.3 202.5 32.7 200.8 33.1 199.1 33.4 197.4 33.6 195.8 33.7 194.1 33.9 192.4
  34.1 190.7 34.2 188.8 34.3 186.9 34.3 184.9 34.3 182.9 34.3 180.8 34.3 178.7
  34.2 176.5 34.1 174.4 33.9 172.3 33.7 170.6 33.5 168.8 33.3 166.9 33.1 165.0
  32.8 163.1 32.6 161.2 32.4 159.3 32.1 157.4 31.7 155.4 31.4 153.8 31.1 152.1
  30.7 150.4 30.4 148.6 30.0 146.8 29.6 144.9 29.2 143.2 28.9 141.5 28.7 139.7
  28.6 138.0 28.4 136.3 28.3 134.7 28.2 133.2 28.1 131.8 28.1 130.4 28.1 129.1
  28.1 127.8 28.2 126.5 28.4 125.3 28.6 124.0 28.8 122.8 28.9 121.7 29.1 120.7
  29.2 119.7 29.3 118.8 29.5 117.9 29.6 117.0 29.8 116.2 30.0 115.3 30.2 114.5
  30.4 113.6 30.5 112.8 30.7 112.0 30.9 111.2 31.0 110.5 31.1 109.8 31.3 109.1
  31.4 108.5 31.6 107.9 31.7 107.3 31.8 106.7 31.9 106.1 32.0 105.5 32.1 104.9
  32.2 104.3 32.3 103.7 32.4 103.2
  12 16 83  0.0
  72.5 321.4 72.4 320.6 72.3 319.8 72.2 319.1 72.0 318.4 71.8 317.5 71.7 316.6
  71.6 315.8 71.3 314.9 71.0 314.2 70.8 313.4 70.6 312.7 70.4 312.0 70.2 311.4
  69.9 310.8 69.6 309.8 69.4 308.9 69.2 308.0 68.9 307.0 68.7 306.1 68.5 305.1
  68.4 304.2 68.3 303.1 68.2 302.1 68.0 301.0 68.0 299.9 67.5 298.5 67.2 297.1
  66.8 295.7 66.3 294.3 65.7 293.0 65.3 291.4 64.6 289.7 64.1 288.1 63.6 286.4
  62.9 284.7 62.2 282.9 61.5 281.2 60.8 279.3 60.0 277.4 59.3 275.3 58.7 273.3
  58.2 271.1 57.7 268.8 57.4 266.9 57.2 265.0 57.0 263.0 57.0 261.1 57.0 259.3
  57.0 257.5 57.0 255.8 57.1 254.2 57.2 252.6 57.3 251.1 57.5 249.5 57.6 248.0
  57.8 246.5 58.0 245.0 58.2 243.6 58.4 241.8 58.6 240.1 58.8 238.5 59.0 237.0
  59.2 235.7 59.3 234.4 59.5 233.3 59.6 232.2 59.8 231.3 59.9 230.4 60.0 229.6
  60.1 228.9 60.2 227.8 60.3 226.8 60.3 225.9 60.4 225.1 60.5 224.3 60.5 223.5
  60.6 222.8 60.6 222.2 60.6 221.5 60.6 220.9 60.6 220.3 60.7 219.8 60.6 219.3
  60.6 218.8 60.6 218.3 60.6 217.8 60.6 217.4 60.6 216.9 60.5 216.5 60.5 216.1
  60.4 215.7 60.3 215.4 60.1 215.0 60.0 214.7 59.8 214.5 59.6 214.3 59.5 214.1
  59.3 214.0 59.1 213.8 59.0 213.6 58.8 213.4 58.6 213.2 58.4 213.1 58.2 212.9
  58.0 212.7 57.8 212.5 57.7 212.5 57.5 212.5 57.3 212.4 57.1 212.4 57.0 212.3
  56.8 212.3 56.6 212.2 56.4 212.1 56.2 212.0 56.2 211.8 56.1 211.7 56.0 211.5
  56.0 211.4 55.9 211.4 55.8 211.5 55.8 211.5 55.7 211.6 55.6 211.6 55.6 211.7
  55.5 211.8 55.4 211.8 55.3 211.9 55.3 212.0 55.2 212.0 55.0 212.1 54.7 212.1
  54.5 212.2 54.2 212.3 53.9 212.4 53.6 212.6 53.3 212.9 53.0 213.1 52.7 213.3
  52.3 213.6 52.0 213.8 51.6 213.9 51.2 214.0 50.8 214.1 50.3 214.1 49.9 214.1
  49.5 213.9 49.1 213.7 48.7 213.4 48.3 213.0 47.9 212.6 47.5 211.9 47.2 211.1
  46.8 210.3 46.5 209.5 46.1 208.6 45.7 207.8 45.5 207.0 45.3 206.1 45.1 205.3
  44.9 204.3 44.7 203.4 44.8 202.4 44.9 201.4 44.9 200.4 45.0 199.5 45.1 198.5
  45.3 197.6 45.4 196.7 45.5 195.8 45.8 194.9 46.0 194.0 46.2 193.2 46.5 192.5
  46.8 191.8 46.9 191.1 47.1 190.4 47.2 189.7 47.4 189.0 47.5 188.3 47.7 187.5
  47.5 186.8 47.3 186.0 47.2 185.2 47.1 184.3 47.0 183.5 46.8 182.6 46.7 181.6
  46.5 180.6 46.4 179.6 46.2 178.5 46.1 177.4 45.9 176.2 45.8 175.2 45.6 174.1
  45.5 173.0 45.4 171.8 45.4 170.7 45.3 169.5 45.3 168.4 45.3 167.2 45.4 166.0
  45.4 164.7 45.5 163.5 45.6 162.3 45.6 161.1 45.7 159.9 45.8 158.8 46.0 157.6
  46.1 156.5 46.3 155.2 46.6 154.0 46.9 152.9 47.2 151.8 47.5 150.7 47.8 149.7
  48.2 148.7 48.5 147.6 48.8 146.6 49.2 145.6 49.6 144.6 50.0 143.8 50.4 143.0
  50.9 142.2 51.4 141.5 51.9 140.7 52.3 140.0 52.7 139.3 53.1 138.5 53.5 137.7
  53.9 137.1 54.3 136.4 54.8 136.0 55.2 135.6 55.6 135.1 56.0 134.6 56.3 134.1
  56.7 133.6 57.0 133.0 57.3 132.3
  12 17 83  0.0
  72.5 321.4 72.0 320.1 71.5 318.8 70.9 317.6 70.3 316.4 69.8 315.1 69.1 314.1
  68.4 313.0 67.8 311.9 67.1 311.2 66.4 310.4 65.7 309.4 65.2 309.1 64.6 308.7
  64.1 308.3 63.6 307.8 63.1 307.8 62.7 307.7 62.3 307.6 61.9 307.4 61.5 307.6
  61.2 307.7 60.8 307.7 60.4 307.7 60.0 307.7 59.7 307.5 59.3 307.4 59.0 307.2
  58.6 306.9 58.3 306.7 57.9 306.4 57.6 306.0 57.3 305.6 57.0 305.3 56.7 304.9
  56.3 304.6 56.0 304.4 55.7 303.9 55.4 303.4 55.1 302.9 54.8 302.3 54.5 301.6
  54.3 301.0 54.0 300.3 53.7 299.6 53.4 298.9 53.0 298.3 52.5 297.8 52.0 297.4
  51.4 297.2 50.8 296.9 50.2 296.7 49.6 296.3 49.1 295.9 48.7 295.5 48.3 295.0
  47.8 294.6 47.4 294.3 46.9 294.1 46.4 294.0 45.8 293.9 45.1 294.1 44.4 294.3
  43.7 294.4 43.0 294.4 42.2 294.5 41.5 294.5 40.8 294.3 40.1 294.0 39.4 293.8
  38.8 293.2 38.2 292.7 37.6 292.1 37.1 291.4 36.6 290.8 36.2 290.3 35.6 289.9
  35.0 289.6 34.3 289.3 33.5 289.1 32.7 288.9 31.8 288.7 30.9 288.2 30.0 287.6
  30.0 287.0 30.0 285.9 29.9 284.9 29.7 283.8 30.1 282.7 30.5 281.9 30.7 281.1
  30.9 280.4 31.0 279.7 31.6 279.0 32.3 278.2 33.0 277.8 33.5 277.4 34.1 277.0
  34.4 276.8 34.6 276.5 34.7 276.2 34.7 275.9 35.2 275.7 35.6 275.4 35.9 275.0
  36.2 274.7 36.4 274.4 36.5 274.1 36.6 273.7 36.7 273.3 36.6 273.0 36.5 272.6
  36.3 272.3 36.0 272.0 36.5 271.6 36.9 271.3 37.2 271.0 37.4 270.7 37.5 270.4
  37.6 270.2 37.6 269.9 37.5 269.7 37.4 269.5 37.2 269.3 36.9 269.0 36.6 268.8
  36.2 268.6 35.7 268.4 35.2 267.8 35.4 267.2 35.6 266.6 35.7 266.0 35.7 265.3
  35.6 264.7 35.5 264.0 35.3 263.3 35.8 262.6 36.1 261.8 36.4 261.5 36.6 261.1
  36.7 260.8 36.7 260.4 36.6 260.1 36.4 259.8 37.0 259.5 37.4 259.2 37.8 258.8
  38.0 258.4 38.2 258.2 38.3 257.9 38.3 257.7 38.3 257.3 38.1 257.0 37.9 256.6
  37.6 256.1 37.3 255.5 37.1 254.9 36.8 254.2 36.6 253.6 36.4 253.0 36.1 252.3
  35.8 251.7 35.8 250.6 35.7 249.6 35.6 248.6 35.3 247.6 35.2 246.5 35.0 245.5
  34.7 244.4 34.4 243.2 34.4 242.0 34.3 240.8 34.2 239.5 34.1 238.1 33.9 236.7
  33.7 235.2 33.7 233.6 33.6 231.9 33.8 230.1 34.0 228.2 34.2 226.4 34.4 224.5
  34.6 222.6 34.6 220.9 34.7 219.2 34.8 217.5 34.9 215.9 34.9 214.3 34.9 212.6
  34.9 210.9 34.7 209.1 34.6 207.2 34.5 205.3 34.3 203.3 34.3 201.3 34.3 199.3
  34.3 197.3 34.4 195.4 34.4 193.5 34.4 191.6 34.4 189.8 34.3 188.0 34.3 186.2
  34.3 184.3 34.2 182.5 34.1 180.6 34.0 178.8 33.9 177.0 33.9 175.2 33.9 173.5
  33.9 171.7 33.8 170.0 33.7 168.3 33.5 166.5 33.3 164.7 33.1 162.8 32.9 160.9
  32.8 159.1 32.7 157.3 32.5 155.7 32.3 154.1 32.1 152.5 31.9 150.9 31.7 149.3
  31.4 147.7 31.1 146.1 30.8 144.5 30.6 143.0 30.4 141.5 30.2 140.2 30.0 138.8
  29.6 137.4 29.3 135.9 29.1 134.4 28.9 132.9 28.7 131.4 28.7 129.9 28.7 128.4
  28.6 126.9 28.8 125.5 28.9 124.1
  12 18 83  0.0
  72.5 321.4 72.0 320.6 71.6 320.0 71.1 319.4 70.6 318.8 70.0 318.1 69.5 317.4
  69.0 317.0 68.5 316.6 68.1 316.2 67.6 315.7 67.1 315.6 66.5 315.5 66.0 315.4
  65.6 315.3 65.1 315.6 64.7 315.9 64.3 316.2 64.0 316.5 63.7 317.1 63.4 317.7
  63.0 318.3 62.7 318.9 62.3 319.5 61.9 320.1 61.7 320.9 61.5 321.5 61.2 322.0
  61.0 322.5 60.8 322.9 60.6 323.2 60.4 323.4 60.1 323.5 59.9 323.6 59.8 323.6
  59.6 323.5 59.4 323.3 59.3 323.1 59.2 322.9 59.2 322.7 59.2 322.4 59.3 322.0
  59.5 321.7 59.7 321.3 59.9 320.8 60.2 320.3 60.6 320.0 60.6 319.6 60.7 319.1
  60.9 318.6 61.1 318.1 61.3 317.5 61.6 316.9 61.9 316.2 62.2 315.5 62.3 314.8
  62.4 314.1 62.5 313.2 62.7 312.3 63.0 311.4 63.0 310.3 63.0 309.2 63.1 308.0
  62.9 306.7 62.9 305.5 62.8 304.1 62.9 302.8 62.7 301.4 62.5 299.9 62.0 298.5
  61.7 297.1 61.3 295.8 60.7 294.4 60.2 293.0 59.8 291.5 59.2 290.1 58.8 288.7
  58.4 287.1 57.9 285.6 57.5 284.3 57.2 283.0 56.8 281.7 56.4 280.3 56.1 278.9
  55.7 277.5 55.3 276.5 54.9 275.4 54.7 274.4 54.4 273.3 54.1 272.1 53.9 271.0
  53.7 270.4 53.6 269.7 53.4 269.1 53.2 268.5 53.1 267.9 53.0 267.3 52.9 266.7
  52.9 266.2 52.8 265.6 52.7 265.0 52.6 264.5 52.6 264.0 52.6 263.5 52.6 262.9
  52.6 262.4 52.6 261.9 52.5 261.5 52.5 261.0 52.5 260.5 52.5 260.1 52.5 259.6
  52.6 259.1 52.7 258.6 52.7 258.0 52.8 257.5 52.8 257.0 52.9 256.5 52.9 255.9
  53.0 255.4 53.2 254.9 53.3 254.5 53.4 254.0 53.5 253.4 53.5 252.9 53.6 252.4
  53.6 251.8 53.7 251.2 53.8 250.6 53.8 250.0 53.9 249.4 54.0 248.8 54.0 248.2
  54.1 247.6 54.2 246.9 54.3 246.2 54.4 245.5 54.4 244.9 54.4 244.2 54.4 243.6
  54.4 243.0 54.4 242.5 54.3 241.9 54.3 241.4 54.2 240.8 54.2 240.3 54.1 239.8
  54.0 239.3 53.8 238.8 53.7 238.4 53.5 238.0 53.3 237.6 53.0 237.3 52.8 237.0
  52.4 236.8 52.1 236.5 51.6 236.4 51.2 236.1 50.8 235.9 50.2 235.6 49.7 235.4
  49.1 235.0 48.5 234.7 47.9 234.4 47.2 233.8 46.5 233.3 45.8 232.7 45.1 231.8
  44.4 230.9 43.5 230.0 42.8 228.8 42.0 227.7 41.4 226.4 40.8 225.1 40.3 223.8
  40.1 222.5 40.0 221.1 39.8 219.8 39.8 218.5 39.8 217.2 39.8 215.9 40.0 214.6
  40.1 213.3 40.3 212.0 40.4 210.7 40.9 209.4 41.3 208.1 41.6 206.8 42.1 205.5
  42.4 204.1 42.7 202.8 43.2 201.4 43.6 200.1 44.0 198.7 44.6 197.3 45.2 195.9
  45.8 194.5 46.3 193.0 46.8 191.7 47.2 190.4 47.6 189.1 48.0 187.8 48.4 186.6
  48.8 185.5 49.1 184.3 49.5 183.1 49.8 181.9 50.1 180.6 50.3 179.5 50.5 178.5
  50.6 177.4 50.8 176.4 51.0 175.4 51.1 174.4 51.3 173.4 51.5 172.5 51.8 171.6
  51.9 170.7 52.1 169.9 52.3 169.4 52.4 168.9 52.6 168.4 52.8 167.8 52.7 167.3
  52.7 166.8 52.7 166.3 52.7 165.8 52.8 165.3 52.8 164.7 52.9 164.2 53.0 163.7
  53.0 163.2 53.1 162.7 53.1 162.3 53.2 161.8 53.3 161.4 53.3 160.9 53.5 160.5
  53.6 160.0 53.7 159.6 53.8 159.2
  12 19 83  0.0
  72.5 321.4 72.2 320.8 71.8 320.3 71.5 319.7 71.1 319.2 70.7 318.6 70.3 318.1
  69.9 317.5 69.5 317.0 69.2 316.5 68.8 316.0 68.4 315.5 68.0 315.0 67.6 314.5
  67.2 314.1 66.8 313.7 66.5 313.4 66.1 313.0 65.7 312.7 65.4 312.6 65.0 312.6
  64.7 312.5 64.4 312.5 64.1 312.5 63.8 312.5 63.5 312.7 63.2 312.9 63.0 313.1
  62.7 313.4 62.5 313.7 62.2 314.0 62.0 314.3 61.8 314.7 61.6 315.2 61.4 315.6
  61.2 316.1 61.0 316.6 60.9 317.2 60.7 317.8 60.5 318.3 60.3 319.0 60.1 319.6
  59.9 320.2 59.6 320.7 59.4 321.2 59.1 321.7 58.8 322.1 58.5 322.5 58.2 322.9
  57.8 323.3 57.5 323.0 57.2 322.7 56.9 322.4 56.7 322.1 56.4 321.7 56.2 321.4
  56.0 321.0 55.8 320.6 55.7 319.7 55.2 318.8 54.8 317.8 54.4 316.7 54.0 315.6
  53.5 314.5 53.1 312.7 52.8 311.0 52.4 309.2 52.1 307.4 51.6 305.6 51.2 303.6
  50.6 301.7 50.0 299.8 49.4 298.0 48.7 296.1 48.0 294.3 47.1 292.6 46.3 291.0
  45.2 289.6 44.2 288.2 43.0 286.9 41.9 285.5 40.6 284.1 39.4 282.7 38.1 281.3
  36.8 280.0 35.4 278.5 33.9 276.9 32.4 275.2 31.2 273.4 30.0 271.4 29.3 269.3
  28.6 267.2 28.5 265.0 28.4 262.9 28.9 260.8 29.4 258.8 30.3 256.9 31.4 255.4
  32.5 254.0 33.7 252.8 34.8 251.7 35.8 250.6 36.8 249.6 37.8 248.7 38.8 247.8
  39.7 247.0 40.6 246.2 41.4 245.4 42.2 244.5 43.0 243.6 43.7 242.6 44.3 241.6
  44.9 240.4 45.4 239.2 45.8 237.9 46.2 236.5 46.5 235.1 46.7 233.6 46.9 232.1
  47.1 230.6 47.1 229.1 47.2 227.5 47.1 226.0 47.0 224.5 46.9 223.0 46.7 221.6
  46.4 220.1 46.2 218.8 45.7 217.4 45.2 216.2 44.7 215.0 44.1 213.7 43.4 212.5
  42.8 211.2 42.1 209.9 41.4 208.7 40.7 207.6 40.0 206.4 39.3 205.5 38.5 204.5
  37.7 203.4 37.3 202.7 36.8 201.9 36.2 201.1 35.6 200.3 34.9 199.9 34.8 199.4
  34.7 198.9 34.4 198.3 34.2 197.6 33.8 196.9 33.4 196.3 32.9 195.7 33.0 195.0
  33.0 194.3 33.0 193.6 32.9 192.9 32.7 192.2 32.4 191.5 32.9 190.6 33.3 189.7
  33.6 188.7 33.8 187.6 34.6 186.5 35.3 185.5 36.0 184.6 36.7 183.9 37.5 183.1
  38.3 182.3 39.1 181.5 39.8 180.8 40.5 180.0 41.3 179.4 42.1 178.9 42.8 178.5
  43.4 178.2 44.1 177.8 44.7 177.6 45.3 177.4 45.8 177.3 46.3 177.1 46.8 177.0
  47.2 176.8 47.5 176.7 47.8 176.5 48.1 176.4 48.4 176.1 48.6 175.9 48.7 175.7
  48.9 175.5 49.0 175.3 49.1 175.0 49.1 174.8 49.2 174.6 49.2 174.4 49.2 174.2
  49.1 173.9 49.1 173.7 49.0 173.4 48.9 173.1 48.8 172.8 48.6 172.4 48.5 172.1
  48.3 171.8 48.3 171.4 48.3 171.0 48.3 170.5 48.2 170.1 48.2 169.5 48.1 169.0
  47.9 168.4 47.8 168.0 47.7 167.6 47.8 167.2 47.8 166.9 47.9 166.5 47.9 166.1
  47.9 165.8 47.9 165.3 47.8 164.7 47.7 164.0 47.6 163.2 47.7 162.4 47.7 161.4
  47.7 160.5 47.6 159.5 47.7 158.5 47.8 157.5 47.8 156.4 47.8 155.4 47.9 154.3
  48.0 153.2 48.0 152.1 48.1 150.7 48.3 149.4 48.5 148.0 48.8 146.6 49.1 145.3
  49.4 144.0 49.7 142.8 49.9 141.6
  12 20 83  0.0
  72.5 321.4 72.4 320.3 72.3 319.3 72.1 318.3 71.9 317.3 71.7 316.7 71.5 316.1
  71.3 315.5 71.0 314.8 70.8 314.2 70.5 313.6 70.2 312.9 70.0 312.3 69.7 311.9
  69.4 311.5 69.0 311.0 68.6 310.6 68.3 310.1 67.9 309.6 67.5 309.3 67.1 309.0
  66.8 308.6 66.4 308.2 66.0 307.7 65.6 307.6 65.2 307.3 64.8 307.1 64.4 306.9
  63.9 306.7 63.6 306.7 63.2 306.8 62.8 306.8 62.4 306.8 62.1 306.8 61.8 306.8
  61.5 307.0 61.2 307.2 60.9 307.4 60.7 307.6 60.4 307.7 60.2 307.9 60.0 308.0
  59.9 308.1 59.8 308.1 59.7 308.1 59.6 308.1 59.6 308.0 59.4 307.8 59.3 307.6
  59.2 307.4 59.2 307.2 59.1 307.0 59.0 306.8 59.0 306.6 59.0 306.4 59.0 306.3
  59.0 306.1 59.0 306.0 59.0 305.9 59.1 305.7 59.1 305.6 59.2 305.5 59.2 305.4
  59.3 305.3 59.3 305.2 59.4 305.1 59.4 305.0 59.5 305.0 59.5 304.9 59.6 304.9
  59.6 304.8 59.7 304.8 59.7 304.8 59.7 304.8 59.8 304.8 59.8 304.9 59.8 304.9
  59.8 305.0 59.8 305.1 59.7 305.2 59.7 305.4 59.6 305.5 59.5 305.7 59.4 305.9
  59.3 306.1 59.2 306.3 59.1 306.5 58.9 306.7 58.8 306.8 58.6 307.0 58.3 307.0
  58.1 307.1 57.8 307.1 57.5 306.6 57.2 306.2 56.8 305.7 56.4 305.3 56.0 304.9
  55.6 303.9 55.2 303.0 54.9 302.2 54.5 301.4 54.2 300.7 53.8 300.1 53.4 299.0
  53.1 298.0 52.8 297.0 52.5 296.2 52.2 295.3 51.9 294.6 51.6 293.6 51.2 292.7
  50.8 292.0 50.4 291.4 50.1 290.9 49.7 290.5 49.4 289.8 49.2 289.2 48.9 288.7
  48.7 288.2 48.6 287.7 48.5 287.3 48.3 286.9 48.2 286.5 48.0 286.3 47.8 285.9
  47.5 285.7 47.3 285.5 47.0 285.4 46.7 285.3 46.4 285.3 46.1 285.4 45.8 285.5
  45.5 285.5 45.3 285.5 45.1 285.4 44.9 285.3 44.7 285.2 44.5 285.1 44.3 284.9
  44.1 284.7 43.8 284.5 43.6 284.0 43.4 283.6 43.3 283.2 43.1 282.9 43.0 282.6
  42.8 282.3 42.6 282.1 42.4 281.9 42.1 281.7 41.9 281.6 41.6 281.5 41.4 281.5
  41.1 281.6 40.8 281.6 40.5 281.7 40.2 281.8 39.9 281.8 39.6 281.9 39.3 282.0
  39.0 282.1 38.6 282.2 38.3 282.2 37.9 282.3 37.5 282.3 37.1 282.4 36.6 282.4
  36.1 282.4 35.5 282.5 34.9 282.5 34.3 282.6 33.7 282.6 33.1 282.6 32.4 282.5
  31.8 282.4 31.1 282.0 30.4 281.6 29.7 281.1 29.0 280.3 28.3 279.5 27.7 278.6
  27.2 277.4 26.7 276.1 26.3 274.8 26.6 273.4 26.7 272.0 26.8 270.6 27.3 269.2
  27.7 267.9 28.5 266.5 29.3 265.1 30.2 263.8 31.1 262.6 32.0 261.4 33.0 260.4
  34.0 259.4 34.6 258.4 35.2 257.6 35.9 256.8 36.6 255.9 37.0 255.1 37.4 254.3
  37.9 253.5 38.5 252.8 39.1 252.0 39.3 251.2 39.5 250.4 39.7 249.6 39.9 248.8
  40.1 248.0 40.3 247.2 40.3 246.4 40.3 245.5 40.3 244.6 40.4 243.7 40.3 242.7
  40.2 241.7 40.1 240.7 40.0 239.7 39.7 238.7 39.3 237.7 39.0 236.6 38.8 235.6
  38.3 234.5 37.8 233.4 37.4 232.1 36.9 230.8 36.4 229.5 35.9 228.0 35.4 226.4
  34.9 224.9 34.4 223.3 33.9 221.6 33.4 220.1 33.0 218.6 32.6 217.1 32.3 215.6
  32.1 214.0 32.0 212.3 31.7 210.7
  12 21 83  0.0
  72.5 321.4 72.5 320.3 72.5 319.3 72.4 318.3 72.3 317.3 72.2 316.4 72.0 315.5
  71.8 314.7 71.5 314.7 71.2 314.7 71.0 314.7 70.7 314.7 70.4 314.7 70.1 314.7
  69.9 314.6 69.6 315.0 69.4 315.4 69.1 315.6 68.8 315.9 68.6 316.0 68.4 316.1
  68.3 316.2 68.1 316.2 67.9 316.2 67.8 316.7 67.7 317.0 67.5 317.4 67.4 317.7
  67.3 317.9 67.1 318.1 67.0 318.2 66.8 318.4 66.7 318.4 66.5 318.5 66.4 318.5
  66.3 318.5 66.1 318.5 66.0 318.4 65.9 318.4 65.8 318.7 65.6 318.9 65.5 319.2
  65.3 319.4 65.2 319.7 65.0 319.9 64.9 320.1 64.8 320.3 64.7 320.5 64.6 320.6
  64.5 320.8 64.3 320.9 64.2 321.1 64.1 321.2 64.0 321.3 63.9 321.8 63.7 322.4
  63.6 323.0 63.5 323.5 63.3 324.1 63.3 324.7 63.3 325.3 63.2 325.9 63.2 326.5
  63.1 327.1 63.1 327.8 63.0 328.4 63.0 329.0 63.0 329.5 63.0 330.1 62.9 330.7
  62.9 331.3 62.9 331.9 62.8 332.4 62.8 333.0 62.8 333.5 62.9 334.1 62.9 334.6
  62.9 335.1 62.8 335.5 62.8 335.9 62.8 336.3 62.8 336.7 62.7 337.1 62.7 337.4
  62.6 337.6 62.6 337.9 62.5 338.1 62.4 338.3 62.4 338.5 62.3 338.6 62.2 338.8
  62.0 338.9 61.9 339.0 61.8 339.4 61.6 339.7 61.5 340.1 61.3 340.4 61.1 340.7
  60.9 341.0 60.7 341.2 60.5 341.5 60.3 341.7 60.1 341.9 59.9 342.1 59.6 342.5
  59.4 343.0 59.1 343.3 58.9 343.7 58.6 344.0 58.2 344.2 57.8 344.5 57.4 345.0
  57.0 345.4 56.5 345.8 56.1 346.1 55.7 346.4 55.3 346.9 54.9 347.3 54.5 347.7
  54.2 348.0 53.6 348.4 53.0 348.8 52.4 349.1 51.8 349.4 51.3 349.4 50.7 349.4
  50.2 349.4 49.7 349.3 49.2 349.1 48.7 348.8 48.2 348.6 47.8 348.3 47.3 348.0
  46.8 347.6 46.3 347.3 45.9 346.8 45.4 346.2 45.0 345.4 44.6 344.6 44.3 343.7
  44.3 342.8 44.3 341.7 44.3 340.5 44.3 339.2 44.6 337.8 44.8 336.2 45.0 334.6
  45.5 332.9 46.0 331.0 46.8 329.2 47.5 327.2 48.4 325.1 49.2 323.1 50.0 320.9
  50.7 318.7 51.4 316.5 52.0 314.3 52.6 312.2 53.3 310.2 53.8 308.2 54.4 306.3
  54.8 304.6 55.2 303.0 55.4 301.4 55.5 299.8 55.4 298.3 55.3 296.9 55.1 295.5
  54.9 294.2 54.8 292.9 54.6 291.7 54.6 290.5 54.7 289.3 54.8 288.2 54.9 287.1
  55.2 286.0 55.5 285.0 55.8 284.0 56.2 283.0 56.5 282.1 56.9 281.3 57.4 280.4
  57.7 279.5 57.8 278.7 57.9 278.0 57.9 277.3 58.0 276.7 58.1 275.6 58.2 274.5
  58.2 273.4 58.3 272.3 58.4 271.2 58.4 270.0 58.5 268.7 58.6 267.5 58.6 266.2
  58.6 264.9 58.6 263.5 58.6 262.1 58.6 260.7 58.6 259.1 58.6 257.5 58.5 255.9
  58.4 254.2 58.4 252.6 58.3 251.0 58.3 249.5 58.3 248.0 58.3 246.6 58.4 245.1
  58.5 243.7 58.5 242.3 58.6 241.0 58.6 239.8 58.7 238.6 58.7 237.5 58.8 236.5
  58.8 235.6 58.8 234.7 58.8 233.8 58.9 233.0 58.9 232.2 58.9 231.4 58.8 230.7
  58.7 230.0 58.6 229.3 58.5 228.6 58.4 228.0 58.3 227.4 58.1 226.9 58.0 226.3
  57.8 226.2 57.6 226.1 57.4 225.9 57.2 225.7 57.0 225.5 56.7 225.2 56.5 224.9
  56.2 224.6 55.9 224.2 55.6 224.3
  12 22 83  0.0
  72.5 321.4 72.6 321.1 72.7 320.8 72.8 320.4 73.0 319.9 73.0 319.4 73.1 318.9
  73.1 318.3 73.2 317.7 73.3 317.0 73.4 316.3 73.4 315.6 73.5 314.9 73.5 314.2
  73.5 313.5 73.5 312.9 73.4 312.4 73.4 311.9 73.3 311.4 73.2 311.0 73.0 310.6
  72.8 310.2 72.6 309.9 72.4 309.6 72.1 309.3 71.8 309.0 71.5 309.1 71.2 309.3
  70.9 309.4 70.5 309.5 70.2 309.6 69.9 309.7 69.6 310.1 69.3 310.6 68.9 311.1
  68.6 311.6 68.3 312.1 68.0 312.6 67.7 313.1 67.5 313.6 67.2 314.2 66.9 314.7
  66.6 315.2 66.3 315.7 66.0 316.2 65.8 316.6 65.6 317.2 65.4 317.8 65.2 318.5
  65.0 319.0 64.8 319.6 64.6 320.1 64.4 320.6 64.3 321.1 64.2 321.6 64.1 322.0
  64.0 322.4 63.9 322.8 63.8 323.5 63.8 324.2 63.7 324.9 63.6 325.6 63.6 326.3
  63.5 327.0 63.5 327.7 63.4 328.4 63.4 329.1 63.3 329.8 63.3 330.5 63.3 331.3
  63.2 332.0 63.2 332.7 63.1 333.5 63.0 334.2 63.0 334.9 62.9 335.6 62.9 336.3
  62.8 337.1 62.7 337.8 62.7 338.5 62.6 339.2 62.6 339.9 62.5 340.6 62.4 341.3
  62.3 342.0 62.2 342.6 62.1 343.3 62.1 343.9 62.0 344.6 61.9 345.5 61.7 346.4
  61.6 347.3 61.5 348.2 61.3 349.0 61.2 349.8 61.0 350.6 60.8 351.3 60.6 352.0
  60.4 352.6 60.1 353.2 59.9 353.8 59.6 354.6 59.3 355.3 59.1 355.9 58.8 356.5
  58.5 357.1 58.2 357.6 57.9 358.1 57.6 358.5 57.2 358.9 56.9 359.2 56.5 359.6
  56.2 359.9 55.7   0.2 55.5   0.3 55.2   0.3 54.9   0.4 54.7   0.5 54.4   0.5
  54.1   0.5 53.8   0.6 53.5   0.6 53.2   0.6 52.9   0.6 52.6   0.6 52.3   0.6
  52.0   0.6 51.6   0.6 51.3   0.6 51.0   0.5 50.7   0.5 50.4   0.5 50.1   0.4
  49.8   0.4 49.5   0.3 49.2   0.3 48.8   0.2 48.4   0.2 48.0   0.1 47.6   0.0
  47.2 359.9 46.7 359.8 46.1 359.6 45.5 359.4 45.0 359.1 44.5 358.7 44.0 358.3
  43.4 357.7 42.9 357.2 42.4 356.6 41.9 356.0 41.5 355.3 41.0 354.6 40.5 353.8
  40.1 353.0 39.7 352.1 39.5 351.1 39.2 350.0 39.0 348.8 38.9 347.6 38.9 346.3
  38.9 344.9 39.0 343.4 39.3 341.9 39.6 340.3 39.9 338.8 40.4 337.4 41.0 335.8
  41.7 334.1 42.3 332.5 43.0 330.7 43.9 328.9 44.7 327.2 45.5 325.3 46.4 323.4
  47.1 321.4 47.9 319.4 48.5 317.5 49.1 315.4 49.6 313.3 50.1 311.4 50.6 309.3
  51.1 307.4 51.4 305.6 51.8 303.9 51.8 302.4 51.9 300.8 51.9 299.3 51.7 297.8
  51.4 296.4 51.2 294.8 50.9 293.3 50.6 291.9 50.4 290.4 50.2 289.0 50.0 287.6
  49.9 286.5 49.8 285.4 49.8 284.3 49.7 283.2 49.7 282.1 49.7 281.0 49.7 279.8
  49.5 278.7 49.3 277.7 49.1 276.6 49.0 275.6 48.8 274.6 48.6 273.6 48.5 272.6
  48.4 271.6 48.2 270.7 48.1 269.7 47.9 268.8 47.9 268.0 47.6 267.1 47.4 266.3
  47.1 265.5 46.9 264.8 46.7 264.1 46.6 263.4 46.4 262.7 46.2 262.0 46.1 261.3
  45.9 260.6 45.8 260.0 45.6 259.3 45.5 258.6 45.2 258.0 45.0 257.4 44.8 256.8
  44.6 256.2 44.5 255.5 44.3 254.9 44.2 254.2 44.0 253.5 43.9 252.8 43.9 252.1
  43.8 251.3 43.5 250.6 43.1 249.8
  12 23 83  0.0
  72.5 321.4 72.5 320.8 72.6 320.2 72.6 319.7 72.6 319.2 72.6 318.7 72.6 318.3
  72.6 317.9 72.6 317.5 72.6 317.2 72.6 316.9 72.6 316.6 72.6 316.4 72.6 316.3
  72.6 316.1 72.6 316.0 72.6 315.8 72.6 315.7 72.6 315.5 72.6 315.4 72.6 315.3
  72.6 315.2 72.5 315.1 72.5 315.0 72.5 314.9 72.5 314.8 72.4 314.7 72.4 314.5
  72.4 314.3 72.3 314.1 72.3 313.8 72.2 313.5 72.1 313.1 72.1 312.8 72.0 312.4
  71.9 312.2 71.8 311.9 71.7 311.7 71.6 311.6 71.4 311.4 71.3 311.3 71.1 311.2
  70.9 311.1 70.6 311.1 70.4 311.0 70.1 311.0 69.8 311.0 69.5 311.3 69.2 311.6
  68.9 311.9 68.6 312.2 68.3 312.5 68.0 312.8 67.7 313.3 67.4 313.8 67.1 314.3
  66.9 314.8 66.6 315.3 66.3 315.8 66.0 316.4 65.8 316.9 65.7 317.5 65.5 318.1
  65.3 318.7 65.1 319.3 64.9 319.9 64.7 320.5 64.6 321.1 64.5 321.7 64.4 322.2
  64.3 322.7 64.2 323.2 64.0 323.7 63.9 324.2 63.8 324.8 63.8 325.5 63.8 326.2
  63.7 326.9 63.7 327.6 63.6 328.3 63.6 329.0 63.5 329.7 63.4 330.4 63.3 331.0
  63.2 331.7 63.1 332.4 63.0 333.0 62.9 333.7 62.8 334.4 62.7 335.1 62.6 335.8
  62.5 336.4 62.3 337.1 62.2 337.8 62.1 338.4 61.9 339.1 61.8 339.9 61.7 340.6
  61.5 341.5 61.4 342.3 61.2 343.1 61.1 344.0 61.0 344.9 60.8 345.7 60.7 346.6
  60.5 347.5 60.3 348.4 60.1 349.2 59.9 350.1 59.7 350.9 59.4 351.7 59.2 352.5
  58.9 353.2 58.6 354.0 58.3 354.7 57.9 355.4 57.6 356.0 57.2 356.6 56.7 357.2
  56.3 357.7 55.8 358.2 55.3 358.4 54.7 358.7 54.2 358.9 53.7 359.1 53.1 359.2
  52.6 359.3 52.1 359.4 51.5 359.5 51.0 359.5 50.5 359.5 50.1 359.4 49.6 359.4
  49.2 359.2 48.7 359.1 48.3 359.0 47.9 358.9 47.5 358.6 47.1 358.3 46.7 358.1
  46.3 357.8 45.9 357.6 45.6 357.2 45.3 356.8 45.1 356.3 44.8 355.9 44.7 355.4
  44.6 354.9 44.4 354.5 44.2 354.0 44.0 353.5 43.8 353.0 43.6 352.2 43.4 351.5
  43.6 350.7 43.7 349.8 43.8 348.9 43.9 348.0 44.5 346.9 45.0 346.1 45.5 345.3
  45.8 344.4 46.2 343.5 46.9 342.8 47.5 342.0 48.0 341.2 48.5 340.6 49.0 340.0
  49.9 339.4 50.6 338.7 51.3 338.1 51.8 337.5 52.2 336.9 52.5 336.4 52.8 335.9
  53.3 335.3 53.8 334.7 54.2 334.1 54.5 333.6 54.9 333.1 55.2 332.6 55.4 332.1
  55.7 331.5 56.1 331.0 56.6 330.5 57.0 330.0 57.4 329.5 57.7 329.0 58.0 328.5
  58.4 328.1 58.7 327.6 58.9 327.2 59.2 326.7 59.4 326.3 59.6 325.9 59.8 325.4
  60.0 325.0 60.3 324.8 60.6 324.5 60.8 324.2 61.1 323.9 61.3 323.7 61.5 323.4
  61.7 323.1 61.9 322.8 62.1 322.5 62.3 322.5 62.5 322.4 62.7 322.4 62.9 322.4
  63.1 322.4 63.3 322.4 63.5 322.4 63.7 322.4 63.9 322.4 64.1 322.4 64.3 322.7
  64.5 323.0 64.7 323.3 64.9 323.6 65.1 323.9 65.3 324.3 65.6 324.6 66.0 325.1
  66.3 325.6 66.6 326.2 66.9 326.8 67.2 327.5 67.4 328.2 67.7 329.1 67.9 330.0
  68.0 331.1 68.2 332.1 68.3 333.2 68.3 334.3 68.3 335.4 68.3 336.5 68.2 337.6
  68.0 338.6 67.8 339.6 67.6 340.6
  12 24 83  0.0
  72.5 321.4 72.6 320.7 72.6 319.9 72.7 319.2 72.7 318.5 72.8 317.8 72.8 317.2
  72.9 316.5 72.9 315.9 73.0 315.3 73.1 314.6 73.2 314.0 73.3 313.3 73.4 312.6
  73.5 311.8 73.5 311.1 73.6 310.2 73.7 309.4 73.8 308.5 73.8 307.6 73.9 306.7
  73.9 305.7 74.0 304.7 74.0 303.6 74.2 302.9 74.4 302.3 74.6 301.6 74.7 300.8
  74.9 300.1 75.0 299.3 75.2 298.4 75.4 297.5 75.5 296.6 75.7 295.6 76.0 294.5
  76.2 293.4 76.5 292.6 76.8 291.8 77.1 291.0 77.4 290.0 77.7 289.0 78.0 287.9
  78.3 286.7 78.6 285.8 78.9 284.7 79.1 283.4 79.3 282.0 79.5 280.4 79.7 278.6
  80.0 276.7 80.2 274.8 80.6 273.0 81.0 270.9 81.3 268.5 81.6 265.6 81.9 262.2
  82.1 258.3 82.3 252.9 82.3 247.0 82.4 240.6 82.4 233.6 82.3 226.2 82.2 218.9
  82.0 212.1 81.7 204.7 81.3 198.2 80.8 192.8 80.2 188.4 79.5 184.9 78.9 181.4
  78.3 178.4 77.7 175.9 77.2 173.6 76.7 171.4 76.2 169.6 75.7 168.2 75.2 167.0
  74.8 166.0 74.4 165.2 73.9 164.5 73.6 163.9 73.2 163.4 72.8 162.9 72.5 162.5
  72.2 162.2 71.9 161.9 71.6 161.6 71.3 161.2 71.0 160.9 70.7 160.6 70.3 160.4
  70.0 160.1 69.7 160.2 69.3 160.2 69.0 160.3 68.7 160.5 68.3 160.7 68.0 160.9
  67.7 161.2 67.4 161.8 67.2 162.4 67.0 163.1 66.7 163.8 66.5 164.6 66.2 165.4
  65.8 166.1 65.5 166.9 65.1 167.7 64.7 168.5 64.2 169.3 63.6 170.1 63.1 171.2
  62.6 172.3 61.9 173.5 61.3 174.7 60.7 175.9 60.0 177.2 59.2 178.5 58.3 179.4
  57.5 180.4 56.5 181.0 55.5 181.8 54.6 182.2 53.7 182.8 52.9 183.0 52.0 183.2
  51.2 183.4 50.5 183.2 49.7 183.1 49.0 182.3 48.4 181.5 47.8 180.7 47.2 179.2
  46.8 177.7 46.4 176.1 46.0 174.5 45.6 173.1 45.3 171.0 45.0 169.0 44.7 167.0
  44.5 165.2 44.3 163.5 44.1 162.0 43.9 160.6 43.7 158.8 43.4 157.2 43.1 155.6
  42.7 154.2 42.2 153.0 41.8 151.9 41.4 150.1 41.0 148.4 40.6 146.8 40.3 145.3
  40.0 144.0 39.9 142.0 39.7 140.2 39.4 138.7 39.4 137.3 39.4 136.1 39.4 134.9
  39.7 133.7 40.0 132.6 40.2 131.5 40.7 131.1 41.2 130.6 41.8 130.2 42.4 129.8
  43.1 130.0 43.7 130.2 44.4 130.3 45.0 130.6 45.6 130.9 46.2 131.1 46.8 131.5
  47.3 131.9 47.8 132.3 48.1 132.7 48.4 133.4 48.8 134.2 49.1 135.0 49.4 135.9
  49.7 136.7 49.8 137.5 49.9 138.3 50.0 139.0 50.0 139.6 50.0 140.2 50.0 140.8
  50.0 141.4 49.9 142.0 49.8 142.6 49.6 143.1 49.5 143.6 49.3 144.1 49.3 144.6
  49.3 145.0 49.2 145.4 49.2 145.8 49.1 146.1 49.1 146.4 49.0 146.6 48.9 146.9
  48.9 147.1 48.8 147.3 48.7 147.5 48.6 147.6 48.5 147.7 48.4 147.8 48.4 147.9
  48.3 147.9 48.3 147.9 48.2 147.8 48.2 147.8 48.2 147.7 48.3 147.6 48.3 147.4
  48.3 147.2 48.4 147.1 48.4 146.9 48.5 146.8 48.5 146.7 48.6 146.6 48.7 146.6
  48.7 146.6 48.8 146.6 48.9 146.6 49.0 146.7 49.1 146.7 49.1 146.8 49.2 146.9
  49.3 147.0 49.3 147.0 49.4 147.0 49.4 147.0 49.4 147.0 49.3 146.9 49.3 146.8
  49.2 146.7 49.1 146.6 49.0 146.4
  12 25 83  0.0
  72.5 321.4 72.7 320.3 72.8 319.2 72.9 318.1 73.0 317.0 73.0 316.0 73.0 314.9
  73.0 313.9 73.0 313.0 72.9 312.1 72.9 311.3 72.9 310.4 72.8 309.6 72.8 308.8
  72.8 308.0 72.8 307.3 72.7 306.5 72.7 305.7 72.7 304.9 72.7 304.1 72.7 303.3
  72.8 302.5 72.8 301.7 72.8 300.8 72.9 300.0 73.0 299.1 73.1 298.3 73.3 297.5
  73.4 296.6 73.5 295.8 73.8 294.9 74.0 294.1 74.3 293.5 74.7 293.0 75.0 292.4
  75.4 291.9 75.9 291.3 76.5 290.7 77.1 290.3 77.7 289.9 78.3 289.4 78.9 288.9
  79.5 288.5 80.1 287.9 80.8 287.4 81.4 286.7 82.0 285.9 82.5 284.9 83.1 283.6
  83.6 282.0 84.0 280.1 84.6 277.4 85.2 273.8 85.7 269.2 86.1 263.3 86.6 254.2
  86.8 242.7 86.9 229.5 86.8 216.3 86.4 205.0 85.8 196.2 85.3 188.5 84.6 182.7
  83.8 178.5 83.1 175.1 82.3 172.5 81.3 170.5 80.4 169.1 79.4 168.0 78.5 167.6
  77.5 167.3 76.6 167.7 75.6 168.0 74.7 168.7 73.7 169.2 72.8 169.9 71.8 170.5
  70.9 171.4 70.0 172.3 69.0 173.7 68.0 175.0 67.0 176.2 65.9 177.7 64.8 179.1
  63.6 180.4 62.4 181.6 61.1 182.8 59.9 183.9 58.9 185.0 57.7 186.0 56.6 186.9
  55.6 187.8 54.7 188.4 53.6 189.1 52.6 189.3 51.7 189.5 50.8 189.4 49.9 189.3
  49.2 189.1 48.4 188.9 47.7 188.7 47.0 188.5 46.3 188.1 45.6 187.7 45.4 187.1
  45.1 186.3 44.9 185.5 44.6 184.7 44.4 183.7 44.2 182.8 44.0 181.8 43.9 180.9
  43.7 179.6 43.8 178.3 44.0 177.0 44.1 175.7 44.4 174.8 44.6 173.9 44.8 173.1
  45.0 172.3 45.2 171.5 45.3 170.7 45.3 169.9 45.4 169.2 45.4 168.4 45.4 167.6
  45.5 166.8 45.6 166.0 45.6 165.3 45.7 164.5 45.8 163.7 45.9 163.0 46.0 162.3
  46.1 161.7 46.2 161.3 46.3 160.9 46.4 160.6 46.6 160.2 46.7 159.9 46.8 159.6
  47.0 159.2 47.2 158.9 47.4 158.6 47.7 158.3 48.0 158.0 48.2 157.7 48.5 157.5
  48.8 157.4 49.1 157.2 49.4 157.1 49.6 157.0 49.8 156.9 50.1 156.8 50.3 156.7
  50.6 156.7 50.8 156.6 51.0 156.6 51.2 156.6 51.4 156.5 51.5 156.5 51.7 156.4
  51.9 156.4 52.0 156.3 52.2 156.0 52.2 155.7 52.3 155.3 52.4 154.9 52.5 154.5
  52.6 154.0 52.6 153.5 52.7 153.0 52.8 152.5 52.9 151.9 53.0 151.4 53.2 150.9
  53.4 150.4 53.6 149.9 53.7 149.4 54.0 149.0 54.2 148.5 54.4 148.4 54.7 148.3
  54.9 148.2 55.2 148.1 55.4 148.0 55.6 148.0 55.9 147.9 56.2 147.9 56.5 148.1
  56.7 148.4 56.9 148.7 57.1 149.0 57.2 149.3 57.4 149.6 57.6 149.9 57.7 150.2
  57.9 150.6 58.0 150.9 58.2 151.4 58.3 151.8 58.5 152.3 58.6 152.7 58.7 153.2
  58.7 153.6 58.8 154.1 58.9 154.6 59.0 155.0 59.1 155.5 59.1 156.1 59.2 156.6
  59.3 157.2 59.3 157.8 59.3 158.4 59.4 159.1 59.4 159.8 59.4 160.5 59.4 161.2
  59.4 162.0 59.3 162.7 59.3 163.5 59.3 164.4 59.2 165.2 59.2 166.1 59.1 167.0
  59.1 167.9 59.0 168.8 58.9 169.8 58.8 170.7 58.7 171.6 58.5 172.5 58.2 173.4
  57.9 174.3 57.5 174.9 57.2 175.4 56.9 176.0 56.5 176.5 56.0 176.9 55.5 177.3
  55.0 177.2 54.5 176.9 54.0 176.7
  12 26 83  0.0
  72.5 321.4 72.4 319.6 72.2 318.0 72.0 316.4 71.8 314.9 71.4 313.4 71.1 312.0
  70.7 310.5 70.2 309.2 69.8 307.8 69.4 306.3 69.0 304.7 68.6 303.1 68.3 301.3
  68.0 299.7 67.8 298.5 67.5 297.3 67.3 296.1 67.1 295.1 67.0 294.0 67.0 293.0
  66.9 292.1 66.9 291.2 66.9 290.3 67.0 289.4 67.0 288.6 67.1 287.9 67.3 287.1
  67.4 286.4 67.5 285.8 67.7 285.1 67.8 284.6 68.0 284.0 68.2 283.5 68.5 283.0
  68.8 282.4 69.1 281.9 69.5 281.4 69.8 281.0 70.2 280.6 70.6 280.1 71.0 279.7
  71.6 279.3 72.2 278.9 72.9 278.3 73.6 277.7 74.2 277.1 74.9 276.3 75.6 275.5
  76.4 274.6 77.2 273.4 78.0 272.2 78.9 270.6 79.8 268.6 80.6 266.2 81.5 262.9
  82.2 258.7 83.0 253.2 83.6 246.1 83.9 237.3 84.1 227.3 83.9 219.1 83.7 209.6
  83.3 201.5 82.7 195.0 81.9 189.9 81.2 185.6 80.3 182.2 79.3 179.7 78.2 178.0
  77.1 176.8 75.9 176.3 74.7 176.2 73.4 176.1 72.2 175.9 71.0 175.7 69.9 175.7
  68.9 175.8 67.8 176.0 66.8 176.5 65.8 177.1 64.8 177.8 63.8 178.5 62.9 179.0
  61.9 179.5 61.0 179.9 60.1 180.4 59.1 180.9 58.3 181.3 57.4 181.8 56.7 182.1
  56.0 182.5 55.4 182.9 54.8 183.1 54.3 183.3 53.8 183.5 53.3 183.4 52.8 183.2
  52.4 183.1 51.9 182.9 51.5 182.6 51.1 182.2 50.6 181.9 50.3 181.4 49.9 181.0
  49.6 180.4 49.3 179.8 48.9 179.2 48.5 178.5 48.2 177.7 47.8 176.9 47.5 176.1
  47.2 175.4 46.8 174.6 46.4 173.7 46.0 172.8 45.6 171.9 45.4 170.9 45.0 169.8
  44.7 168.7 44.4 167.5 44.0 166.4 43.6 165.3 43.2 164.2 42.9 163.1 42.7 162.1
  42.6 161.1 42.4 160.1 42.2 159.1 42.1 158.1 42.0 157.2 41.8 156.1 41.6 155.1
  41.4 154.1 41.2 153.2 41.1 152.4 40.9 151.5 40.9 150.8 40.9 150.1 40.9 149.4
  40.8 148.8 40.7 148.2 40.5 147.6 40.5 147.0 40.3 146.4 40.1 145.9 39.9 145.3
  39.6 144.3 39.4 143.3 39.5 142.4 39.6 141.4 39.6 140.4 39.6 139.5 39.8 138.4
  40.0 137.3 40.2 136.8 40.3 136.2 40.3 135.5 41.0 134.8 41.7 134.1 42.3 133.4
  42.9 133.2 43.4 132.9 43.9 132.6 44.3 132.2 44.7 132.3 45.0 132.5 45.3 132.6
  45.6 132.7 45.8 132.8 46.0 132.8 46.3 133.2 46.5 133.5 46.8 133.7 47.0 133.8
  47.2 133.8 47.5 133.8 47.6 133.7 47.8 133.5 48.0 133.2 48.1 132.8 48.2 132.6
  48.3 132.4 48.5 132.2 48.7 132.0 49.3 131.7 49.8 131.4 50.4 131.1 50.9 131.0
  51.5 130.8 51.9 130.6 52.4 130.3 52.8 130.1 53.3 130.0 53.7 129.7 54.1 129.5
  54.6 129.4 55.0 129.2 55.4 129.0 55.8 128.7 56.2 128.3 56.6 128.0 57.2 127.5
  57.8 126.9 58.4 126.3 59.0 126.0 59.6 125.6 60.0 125.1 60.5 124.8 60.8 124.3
  61.1 123.7 61.5 123.0 61.9 122.2 62.2 121.3 62.4 120.5 62.6 119.7 63.0 118.8
  63.3 117.8 63.6 116.7 63.8 115.5 64.0 114.2 64.2 113.0 64.4 111.6 64.4 110.2
  64.4 108.6 64.3 106.8 64.3 105.0 64.3 103.2 64.4 101.3 64.5  99.4 64.7  97.5
  64.8  95.5 64.7  93.7 64.6  91.8 64.3  90.0 64.0  88.3 63.7  86.6 63.4  84.7
  63.2  82.8 63.1  81.0 63.2  79.2
  12 27 83  0.0
  72.5 321.4 72.2 322.4 71.8 323.3 71.5 324.2 71.2 325.0 70.9 325.8 70.6 326.4
  70.2 327.0 69.8 327.4 69.4 328.3 68.9 329.0 68.3 329.7 67.6 330.3 66.8 331.3
  65.8 332.0 64.9 332.3 63.9 332.5 62.9 332.0 62.0 331.5 61.1 330.2 60.2 329.1
  59.5 328.0 58.6 326.4 57.6 325.1 56.7 323.6 55.2 322.4 53.9 321.0 52.6 319.4
  51.0 317.8 49.6 316.1 48.4 314.1 46.8 312.3 45.4 310.4 43.8 308.4 42.3 306.3
  40.6 304.0 39.1 301.5 37.2 299.0 35.8 296.6 34.5 293.9 33.6 291.0 32.9 288.1
  32.2 285.1 31.8 281.8 31.8 278.8 32.2 275.9 32.7 272.6 33.3 269.7 34.0 267.3
  34.8 265.4 35.8 263.3 36.5 261.5 37.3 259.6 38.0 257.9 38.7 256.5 39.5 254.8
  40.0 253.4 40.4 252.0 40.9 250.5 41.1 249.2 41.4 247.9 41.5 246.8 41.6 245.6
  41.7 244.5 41.9 243.4 42.0 242.3 42.2 241.3 42.4 240.4 42.6 239.4 42.7 238.5
  42.8 237.5 42.9 236.5 43.0 235.4 43.2 234.3 43.4 233.1 43.6 232.0 43.8 230.8
  44.2 229.6 44.5 228.7 44.9 227.7 45.2 226.8 45.6 225.9 46.1 225.1 46.6 224.7
  47.1 224.4 47.7 224.0 48.3 223.7 48.9 224.0 49.5 224.2 50.2 224.4 50.9 225.1
  51.6 225.8 52.3 226.5 53.0 227.3 53.8 228.2 54.5 229.0 55.3 229.7 56.1 230.3
  56.9 231.1 57.8 231.8 58.7 232.6 59.6 233.7 60.5 234.8 61.4 236.1 62.3 237.4
  63.2 238.7 64.1 240.0 65.0 241.2 65.9 242.5 66.7 243.7 67.6 244.9 68.5 246.2
  69.3 247.4 70.2 248.7 71.0 249.6 71.7 250.5 72.4 251.4 73.1 251.7 73.8 251.8
  74.5 251.9 75.3 251.4 76.1 250.7 76.9 249.2 77.6 247.5 78.3 245.5 79.0 242.3
  79.5 238.6 79.8 234.2 80.1 229.1 80.3 223.2 80.4 216.8 80.4 210.0 80.3 203.2
  80.0 196.6 79.6 191.1 79.0 186.4 78.4 182.5 77.7 179.1 77.1 176.6 76.4 174.3
  75.8 172.3 75.2 170.6 74.6 168.9 74.0 167.4 73.5 165.9 73.0 164.6 72.4 163.5
  71.9 162.6 71.4 162.0 71.0 161.4 70.6 160.9 70.2 160.4 69.8 159.9 69.5 159.7
  69.1 159.5 68.7 159.3 68.4 159.0 68.1 158.8 67.7 158.6 67.5 158.8 67.2 159.1
  66.9 159.4 66.7 159.7 66.4 160.1 66.2 160.5 66.0 160.9 65.9 161.3 65.7 161.9
  65.6 162.6 65.4 163.3 65.3 164.1 65.1 164.9 64.9 165.7 64.7 166.5 64.4 167.3
  64.2 168.1 63.8 168.9 63.4 169.7 63.0 170.5 62.5 171.4 62.1 172.3 61.6 173.3
  61.1 174.3 60.6 175.4 60.0 176.6 59.3 177.8 58.6 178.8 57.9 179.7 57.2 180.2
  56.3 180.8 55.4 181.4 54.6 181.8 53.8 182.1 53.0 182.3 52.3 182.4 51.6 182.6
  50.9 182.3 50.2 182.0 49.5 181.7 48.9 180.8 48.3 179.9 47.9 178.9 47.4 177.4
  47.0 175.8 46.6 174.2 46.2 172.7 45.7 171.3 45.4 169.2 45.1 167.3 44.8 165.4
  44.6 163.8 44.4 162.3 44.2 160.9 44.0 159.7 43.7 158.0 43.4 156.5 43.1 155.0
  42.7 153.8 42.2 152.7 41.7 151.8 41.3 150.1 40.9 148.5 40.5 147.0 40.3 145.7
  40.0 144.4 39.6 142.6 39.5 140.9 39.3 139.4 39.4 138.1 39.4 136.8 39.4 135.7
  39.8 134.7 40.2 133.6 40.5 133.1 40.9 132.5 41.2 132.0 41.5 131.5 42.1 131.0
  42.8 131.1 43.4 131.2 44.1 131.3
  12 28 83  0.0
  72.5 321.4 72.5 321.6 72.5 321.8 72.4 322.0 72.4 322.2 72.4 322.5 72.3 322.8
  72.2 323.1 72.1 323.4 72.0 323.8 71.9 324.2 71.9 324.5 71.8 324.9 71.7 325.3
  71.5 325.8 71.4 326.3 71.3 327.0 71.1 327.7 71.0 328.4 70.8 329.2 70.6 330.1
  70.4 331.1 70.2 332.1 69.9 333.2 69.7 333.7 69.4 334.2 69.1 334.6 68.7 335.0
  68.3 335.3 67.9 335.5 67.4 335.0 66.8 334.6 66.0 334.4 65.1 333.9 64.0 333.6
  62.7 333.6 61.1 332.9 59.5 331.3 58.1 328.7 56.8 326.4 55.7 323.7 54.5 321.3
  53.2 319.2 51.6 317.3 50.0 315.4 48.4 313.4 46.7 311.3 45.3 309.2 43.8 307.1
  42.6 304.8 41.2 302.7 39.9 300.5 38.4 298.2 37.1 296.1 35.7 293.6 34.8 290.8
  34.4 288.1 33.8 285.7 33.7 282.8 34.0 280.1 34.2 277.4 34.8 275.1 35.6 272.8
  36.5 270.6 37.5 268.7 38.4 266.8 39.4 265.2 40.3 263.6 41.4 262.6 42.3 261.5
  43.2 260.8 43.9 260.1 44.5 259.2 45.3 258.7 45.9 258.2 46.5 257.5 47.0 257.3
  47.6 257.1 48.1 256.8 48.7 256.9 49.2 257.0 49.8 257.1 50.4 257.2 51.0 257.6
  51.6 258.0 52.2 258.3 52.8 259.0 53.3 259.7 53.9 260.4 54.4 261.1 54.9 261.8
  55.5 262.6 55.9 263.3 56.4 264.1 56.9 264.6 57.4 265.2 57.8 265.7 58.2 266.3
  58.6 266.8 59.0 267.3 59.3 267.8 59.7 268.3 59.9 268.9 60.2 269.4 60.4 270.2
  60.6 270.9 60.8 271.6 61.0 272.4 61.1 273.1 61.3 273.9 61.4 274.7 61.5 275.4
  61.5 276.1 61.5 276.8 61.5 277.4 61.4 278.1 61.4 278.6 61.3 279.2 61.1 279.6
  61.0 280.1 60.7 280.5 60.5 280.8 60.2 281.0 59.8 281.1 59.5 281.4 59.2 281.5
  58.8 281.6 58.3 281.6 57.9 281.4 57.4 281.5 56.9 281.5 56.4 281.4 55.8 281.2
  55.2 281.0 54.6 280.7 54.0 280.4 53.3 279.9 52.6 279.4 51.8 278.9 51.0 278.2
  50.2 277.5 49.3 276.8 48.5 275.9 47.5 274.9 46.5 273.9 45.5 272.8 44.5 271.7
  43.4 270.6 42.4 269.3 41.4 267.9 40.4 266.4 39.4 264.9 38.5 263.2 37.9 261.5
  37.3 259.8 37.0 258.1 36.6 256.5 36.2 254.9 36.1 253.1 36.0 251.3 36.3 249.4
  36.5 247.4 36.9 245.3 37.4 243.4 38.1 241.5 38.8 239.6 39.8 237.8 40.9 236.2
  42.0 234.5 43.3 232.8 44.6 231.3 45.8 229.8 47.0 228.6 48.3 227.5 49.4 226.7
  50.5 226.0 51.6 225.6 52.8 225.3 54.0 224.9 55.1 224.5 56.2 224.1 57.3 223.8
  58.0 223.5 58.8 223.2 59.5 222.9 60.3 222.6 61.0 222.4 61.8 222.2 62.5 221.9
  63.3 221.6 64.0 221.2 64.8 220.9 65.6 220.5 66.3 220.0 67.1 219.5 67.6 219.0
  68.2 218.3 68.8 217.5 69.4 216.6 70.0 215.6 70.4 214.4 70.9 213.1 71.5 211.7
  71.8 210.1 72.1 208.4 72.5 206.4 72.8 204.4 73.0 202.4 73.0 200.3 73.1 198.3
  73.1 196.2 73.0 194.2 72.8 192.3 72.7 190.4 72.4 188.5 72.1 186.7 71.7 185.0
  71.4 183.5 70.9 182.2 70.5 180.9 70.1 179.8 69.6 178.7 69.2 177.9 68.8 177.2
  68.3 176.4 67.9 175.6 67.5 175.4 67.2 175.1 66.9 174.8 66.5 174.3 66.2 173.8
  65.9 173.4 65.6 173.5 65.4 173.6 65.1 173.6 64.8 173.6 64.6 173.5 64.3 173.3
  64.0 173.1 63.7 172.8 63.4 172.8
  12 29 83  0.0
  72.5 321.4 72.3 321.8 72.0 322.2 71.8 322.5 71.7 322.6 71.5 322.7 71.3 322.7
  71.1 322.7 70.9 322.7 70.7 322.6 70.5 322.5 70.3 322.4 70.1 322.2 69.9 322.0
  69.8 321.7 69.6 321.4 69.4 321.1 69.3 320.7 69.2 320.3 69.1 319.9 68.9 319.5
  68.7 319.1 68.5 318.6 68.3 318.2 68.1 317.8 67.9 317.3 67.8 316.8 67.7 316.2
  67.5 315.7 67.3 315.2 67.1 314.7 66.9 314.2 66.7 313.7 66.5 313.2 66.3 312.7
  66.2 312.2 66.1 311.7 65.9 311.1 65.7 310.5 65.5 309.9 65.3 309.3 65.1 308.7
  64.9 308.2 64.7 307.7 64.4 307.2 64.1 306.7 63.8 306.2 63.6 305.7 63.3 305.3
  63.1 304.8 62.8 304.4 62.6 304.0 62.4 303.6 62.2 303.3 62.0 303.0 61.8 302.7
  61.6 302.4 61.5 302.2 61.3 301.9 61.2 301.7 61.1 301.6 61.0 301.4 60.9 301.3
  60.8 301.4 60.7 301.4 60.6 301.6 60.4 301.8 60.3 302.2 60.1 302.5 59.9 303.0
  59.8 303.2 59.6 303.4 59.3 303.7 59.1 304.0 58.9 304.3 58.5 304.7 58.0 305.2
  57.6 305.6 57.1 305.5 56.5 305.2 55.9 305.0 55.2 304.4 54.4 303.7 53.6 303.1
  52.8 302.5 51.9 302.0 51.0 301.6 50.1 301.2 49.2 300.7 48.3 300.2 47.3 299.5
  46.4 298.8 45.4 297.9 44.2 296.7 43.0 295.5 41.8 293.9 40.4 291.8 39.2 289.7
  37.9 287.0 37.4 283.8 37.6 280.9 37.9 278.4 38.6 276.2 39.3 274.9 40.0 273.6
  40.7 272.2 41.3 271.1 41.9 270.0 42.4 268.9 43.0 267.9 43.3 267.0 43.6 266.0
  43.9 265.0 44.1 264.0 44.3 263.0 44.4 262.1 44.5 261.1 44.6 260.1 44.6 259.0
  44.8 257.8 44.9 256.5 45.0 255.1 45.5 253.5 45.9 251.9 46.5 250.3 47.2 249.5
  47.9 248.6 48.6 247.7 49.4 247.2 50.3 246.7 51.1 246.8 51.9 246.8 52.6 246.9
  53.3 247.5 53.9 248.1 54.2 248.7 54.5 249.7 54.9 250.6 55.3 251.5 55.7 252.4
  55.6 253.1 55.6 253.8 55.5 254.4 55.5 254.9 55.4 255.3 55.3 255.7 55.2 255.9
  55.1 256.1 54.6 256.2 54.2 256.2 53.8 256.2 53.4 255.9 53.3 255.5 53.2 255.0
  53.1 254.5 53.0 253.9 52.9 253.2 52.8 252.5 52.8 251.8 53.2 251.1 53.7 250.4
  54.1 249.8 54.5 249.6 55.0 249.4 55.4 249.2 55.9 248.8 56.3 248.5 56.7 248.6
  57.2 248.7 57.6 248.6 58.1 248.6 58.7 249.1 59.3 249.5 59.9 249.7 60.5 249.9
  61.2 250.5 61.9 250.9 62.7 251.1 63.5 251.9 64.3 252.5 65.0 253.8 65.7 255.1
  66.5 256.3 67.1 258.4 67.6 260.4 68.0 262.4 68.4 265.0 68.6 267.5 68.8 270.0
  68.6 272.5 68.2 274.9 67.7 277.1 67.1 279.6 66.3 281.8 65.3 283.8 64.2 285.1
  63.0 286.3 61.8 286.7 60.6 286.5 59.6 286.2 58.7 285.5 58.0 284.6 57.4 283.6
  57.2 282.4 56.9 281.1 56.7 279.5 56.8 277.9 56.9 276.2 57.0 274.4 57.3 272.7
  57.7 271.1 58.3 269.5 58.9 268.0 59.7 266.5 60.5 265.3 61.5 264.2 62.5 263.2
  63.4 262.4 64.3 261.6 65.3 261.1 66.3 260.5 67.3 260.3 68.4 260.0 69.3 259.8
  70.1 259.7 71.1 259.7 72.0 259.8 72.8 259.8 73.6 260.0 74.3 260.3 75.1 260.7
  75.8 261.2 76.4 261.7 77.1 262.0 77.7 262.4 78.3 262.8 78.9 262.6 79.5 262.5
  80.1 262.3 80.7 261.4 81.3 260.3
  12 30 83  0.0
  72.5 321.4 72.4 322.0 72.3 322.5 72.3 323.0 72.2 323.6 72.1 324.1 72.1 324.6
  72.1 325.1 72.1 325.6 72.1 326.1 72.1 326.7 72.1 327.2 72.1 327.7 72.1 328.2
  72.0 328.6 72.0 329.1 72.0 329.6 71.9 330.0 71.9 330.3 71.8 330.6 71.7 330.8
  71.6 331.0 71.5 331.2 71.4 331.3 71.3 331.4 71.1 331.5 71.0 331.5 70.8 331.5
  70.7 331.5 70.6 331.4 70.5 331.4 70.4 331.3 70.4 331.2 70.3 331.1 70.3 330.9
  70.2 330.8 70.2 330.6 70.3 330.4 70.3 330.2 70.3 330.0 70.4 329.8 70.4 329.7
  70.5 329.5 70.6 329.4 70.6 329.2 70.7 329.1 70.8 329.0 71.0 328.9 71.1 328.8
  71.2 328.7 71.3 328.7 71.4 328.7 71.4 328.8 71.5 328.9 71.5 329.1 71.5 329.3
  71.5 329.7 71.4 330.0 71.4 330.5 71.3 331.0 71.3 331.6 71.2 332.3 71.0 333.1
  70.9 333.8 70.7 334.7 70.5 335.5 70.3 336.4 70.1 337.2 69.7 338.1 69.4 338.4
  69.1 338.7 68.7 339.0 68.3 339.3 67.9 339.6 67.4 338.5 66.9 337.6 66.4 336.8
  65.7 336.1 65.0 334.9 64.1 334.1 62.9 333.5 61.6 332.4 60.2 330.6 58.8 328.9
  57.4 326.4 56.2 323.2 55.2 320.5 54.0 318.2 52.7 316.3 51.1 314.5 49.6 312.8
  48.0 310.8 46.7 308.9 45.3 307.1 44.3 305.1 43.1 303.3 42.2 301.3 41.2 299.5
  40.4 297.6 39.4 295.9 38.8 294.0 38.3 292.3 37.6 290.6 37.6 288.5 37.5 286.6
  37.7 284.9 37.9 283.3 38.3 281.7 38.7 280.4 39.1 279.1 39.8 277.9 40.6 276.8
  41.4 276.0 42.2 275.3 43.0 274.6 43.8 273.9 44.6 273.2 45.5 272.7 46.3 272.1
  47.2 271.7 48.0 271.2 48.7 270.7 49.4 270.5 49.9 270.3 50.5 270.0 51.0 270.2
  51.4 270.3 51.9 270.5 52.4 270.7 52.9 271.1 53.4 271.6 54.0 272.1 54.5 272.5
  55.1 273.2 55.6 273.9 56.2 274.6 56.7 275.4 57.2 276.2 57.6 277.1 57.9 278.0
  58.3 279.0 58.6 279.7 58.9 280.6 59.0 281.4 59.0 282.2 59.1 283.1 59.1 283.9
  59.1 284.8 58.9 285.6 58.8 286.4 58.6 287.2 58.3 287.9 58.1 288.6 57.7 289.3
  57.2 290.0 56.7 290.7 56.2 291.3 55.5 291.8 54.8 292.2 54.0 292.5 53.2 292.6
  52.3 292.6 51.4 292.5 50.4 292.0 49.5 291.6 48.5 290.8 47.5 290.0 46.5 288.9
  45.6 287.7 44.2 286.5 42.9 285.1 41.8 283.6 40.8 281.8 39.8 280.0 39.0 278.3
  38.4 276.5 37.8 274.7 37.2 273.0 36.6 271.2 35.9 269.1 35.3 267.2 35.0 265.1
  34.6 262.9 34.5 260.5 34.3 258.2 34.4 256.0 34.4 253.8 34.5 251.6 34.7 249.5
  35.0 247.5 35.3 245.6 35.7 243.9 36.1 242.3 36.6 240.5 37.1 238.8 37.6 237.3
  38.2 235.9 38.9 234.4 39.6 233.0 40.4 231.7 41.1 230.3 41.8 229.1 42.6 228.1
  43.5 226.9 44.1 226.0 44.7 225.1 45.4 224.3 46.2 223.7 46.5 223.1 46.8 222.5
  47.1 222.1 47.4 221.6 47.8 221.2 48.3 220.9 48.7 220.5 49.3 220.2 49.8 220.0
  49.9 219.7 49.9 219.5 50.0 219.2 50.0 219.0 50.1 218.8 50.1 218.7 50.1 218.6
  50.1 218.4 50.1 218.3 50.1 218.2 50.1 218.0 50.0 217.9 50.0 217.8 49.9 217.5
  49.9 217.2 49.8 216.9 49.7 216.7 49.7 216.4 49.6 216.2 49.5 216.0 49.3 215.7
  49.2 215.5 49.0 215.4 48.8 215.2
  12 31 83  0.0
  72.5 321.4 71.9 320.9 71.3 320.7 70.8 320.5 70.3 320.3 69.7 320.0 69.2 319.8
  68.7 319.5 68.1 319.2 67.5 318.8 66.9 318.5 66.2 318.1 65.4 317.7 64.5 317.3
  63.6 316.8 62.8 316.1 61.9 315.3 61.1 314.1 60.4 312.9 59.5 311.7 58.8 310.1
  58.0 308.6 57.2 307.3 56.2 305.9 55.1 304.7 53.9 303.1 52.8 301.0 51.7 299.1
  50.8 296.7 49.8 294.6 48.9 292.4 48.0 290.4 47.1 288.3 46.1 286.4 45.0 284.7
  43.8 282.8 42.8 280.6 41.8 278.3 41.2 276.1 40.6 274.2 40.2 272.4 39.8 270.7
  39.6 269.1 39.4 267.5 39.6 265.9 39.8 264.5 40.0 263.2 40.5 262.0 41.1 260.9
  41.7 259.9 42.3 259.0 42.9 257.9 43.5 256.9 44.2 255.9 44.9 255.1 45.7 254.3
  46.5 253.5 47.4 252.9 48.3 252.3 49.2 251.7 50.0 251.1 50.9 250.5 51.7 250.0
  52.6 249.4 53.5 248.8 54.4 248.3 55.3 247.7 56.2 247.1 57.1 246.5 58.0 245.9
  59.0 245.2 59.9 244.5 60.9 243.7 61.8 242.9 62.8 242.0 63.8 241.1 64.8 240.2
  65.9 239.1 66.8 238.0 67.8 236.7 68.8 235.4 69.7 233.7 70.6 231.9 71.5 229.8
  72.3 227.6 73.2 225.0 74.0 222.2 74.6 219.3 75.3 215.9 75.7 212.4 76.2 208.6
  76.5 204.4 76.7 200.0 76.7 195.6 76.5 191.1 76.3 186.7 75.9 182.4 75.4 178.5
  74.9 174.8 74.3 171.3 73.5 168.1 72.8 165.5 72.0 163.2 71.0 161.0 70.1 159.3
  69.1 157.7 68.1 156.4 67.1 155.2 66.2 154.4 65.2 153.6 64.2 153.1 63.2 152.7
  62.3 152.5 61.4 152.3 60.5 152.4 59.6 152.4 58.8 152.6 58.0 152.7 57.2 152.8
  56.4 153.0 55.6 153.2 54.8 153.3 54.0 153.4 53.2 153.4 52.5 153.2 51.8 153.0
  51.2 152.7 50.6 152.4 50.0 152.1 49.4 151.7 49.0 151.3 48.6 150.9 48.1 150.5
  47.7 150.1 47.3 149.7 46.9 149.2 46.5 148.7 46.0 148.2 45.6 147.7 45.3 147.3
  44.9 146.8 44.5 146.3 44.1 145.8 43.7 145.3 43.3 144.8 42.8 144.1 42.3 143.5
  41.7 142.9 41.2 142.3 40.6 141.7 40.0 141.1 39.4 140.3 38.8 139.5 38.5 138.7
  38.2 137.8 37.9 136.9 37.6 135.6 37.7 134.3 37.9 133.1 38.0 131.9 38.3 130.7
  38.5 129.8 38.8 128.9 39.0 128.0 39.2 127.1 39.2 126.2 39.2 125.1 39.2 124.0
  39.2 122.8 39.3 121.5 39.3 120.1 39.4 118.6 39.9 117.1 40.4 115.7 41.1 114.5
  41.9 113.5 42.7 112.4 43.6 111.8 44.3 111.1 45.0 110.8 45.8 110.5 46.5 110.1
  47.2 109.9 47.9 109.7 48.7 109.4 49.4 109.2 50.1 109.1 50.8 108.9 51.6 108.8
  52.3 108.7 53.0 108.5 53.7 108.3 54.4 108.2 55.1 107.8 55.7 107.4 56.3 107.0
  56.9 106.4 57.5 105.8 58.0 105.2 58.6 104.4 59.2 103.5 59.7 102.6 60.2 101.7
  60.7 100.6 61.3  99.5 61.7  98.4 62.1  97.3 62.5  96.0 62.9  94.7 63.2  93.4
  63.6  92.0 63.9  90.7 64.1  89.3 64.3  87.6 64.4  85.9 64.6  84.3 64.8  82.6
  65.0  80.9 65.3  79.2 65.4  78.5 65.6  77.8 65.8  77.1 66.1  76.5 66.3  75.7
  66.5  74.9 66.7  74.1 66.9  73.3 67.1  72.6 67.3  71.8 67.4  71.1 67.6  70.4
  67.8  69.7 68.1  69.1 68.4  68.2 68.7  67.3 69.0  66.4 69.3  65.6 69.6  64.8
  70.0  64.1 70.4  63.3 70.8  62.4
