   8  1 51  0.0
  72.5 321.4 72.1 321.5 71.8 321.6 71.5 321.5 71.2 321.3 70.8 321.2 70.5 321.1
  70.2 321.0 69.9 320.9 69.6 320.5 69.4 320.1 69.1 319.7 68.8 319.4 68.5 319.0
  68.3 318.6 68.0 318.3 67.8 318.0 67.6 317.5 67.4 317.0 67.2 316.6 67.0 316.2
  66.8 315.8 66.6 315.5 66.5 315.2 66.3 315.0 66.2 314.8 66.0 314.6 65.9 314.4
  65.7 314.2 65.6 314.1 65.5 314.0 65.3 314.0 65.2 313.9 65.1 314.0 65.0 314.0
  64.8 314.1 64.7 314.2 64.6 314.3 64.5 314.5 64.3 314.6 64.2 314.8 64.1 314.9
  64.0 315.1 63.9 315.2 63.8 315.3 63.7 315.5 63.5 315.7 63.4 315.9 63.3 316.1
  63.3 316.4 63.3 316.7 63.3 317.0 63.3 317.4 63.3 317.7 63.3 318.2 63.3 318.6
  63.3 319.1 63.3 319.6 63.3 320.2 63.3 320.8 63.2 321.5 63.2 322.2 63.1 322.8
  63.1 323.4 63.1 323.9 63.0 324.4 62.9 324.8 62.8 325.0 62.6 325.3 62.5 325.4
  62.4 325.5 62.3 325.5 62.1 325.5 62.0 325.4 62.0 325.2 61.9 325.0 61.8 324.8
  61.7 324.5 61.7 324.1 61.6 323.7 61.6 323.3 61.5 322.8 61.5 322.3 61.4 321.7
  61.4 321.2 61.3 320.6 61.2 320.0 61.2 319.5 61.0 319.0 60.8 318.5 60.6 318.1
  60.4 317.7 60.2 317.3 60.0 316.9 59.8 316.5 59.7 316.2 59.5 315.9 59.2 315.6
  59.0 315.3 58.7 315.0 58.5 314.7 58.2 314.3 58.0 314.0 57.8 313.6 57.6 313.1
  57.4 312.7 57.3 312.2 57.1 311.7 57.0 311.2 56.9 310.7 56.7 310.1 56.6 309.6
  56.6 309.1 56.5 308.6 56.4 308.0 56.4 307.5 56.2 307.0 56.0 306.5 55.9 306.1
  55.7 305.4 55.6 304.8 55.5 304.2 55.4 303.6 55.3 303.1 55.1 302.5 55.0 302.0
  54.9 301.4 54.8 300.9 54.7 300.4 54.7 299.9 54.6 299.4 54.6 298.9 54.5 298.4
  54.5 297.9 54.4 297.4 54.4 297.0 54.4 296.5 54.4 296.0 54.3 295.5 54.3 295.0
  54.2 294.6 54.2 294.1 54.2 293.6 54.2 293.1 54.3 292.5 54.3 292.0 54.4 291.4
  54.5 290.9 54.7 290.3 54.8 289.6 55.0 289.0 55.2 288.3 55.4 287.6 55.6 286.9
  55.9 286.1 56.2 285.3 56.5 284.9 56.9 284.4 57.2 284.0 57.5 283.5 57.9 283.1
  58.2 282.6 58.6 282.5 59.0 282.3 59.4 282.2 59.8 282.0 60.2 281.7 60.7 281.7
  61.1 281.5 61.5 281.4 62.0 281.2 62.4 281.0 62.8 280.7 63.2 280.4 63.5 280.1
  63.9 279.7 64.3 279.3 64.6 278.9 65.0 278.5 65.3 278.1 65.7 277.7 66.1 277.3
  66.4 276.9 66.8 276.5 67.2 276.1 67.5 275.6 67.9 275.1 68.2 274.6 68.6 274.0
  69.0 273.4 69.3 272.7 69.7 272.0 70.0 271.2 70.4 270.4 70.7 269.6 71.1 268.7
  71.4 267.8 71.7 266.8 71.9 265.8 72.2 264.7 72.5 263.8 72.7 262.8 72.9 261.7
  73.2 260.7 73.4 259.6 73.6 258.5 73.7 257.4 73.9 256.2 74.0 255.0 74.2 253.9
  74.3 252.7 74.4 251.5 74.4 250.2 74.5 249.0 74.6 247.6 74.6 246.3 74.6 244.9
  74.6 243.5 74.5 242.0 74.5 240.6 74.5 239.1 74.4 237.6 74.3 236.2 74.2 234.7
  74.1 233.2 74.0 231.8 73.8 230.4 73.6 229.1 73.5 227.7 73.3 226.4 73.0 225.2
  72.8 224.0 72.6 222.9 72.3 221.9 72.0 221.0 71.7 220.2 71.4 219.4 71.1 218.7
  70.8 218.0 70.4 217.4 70.1 216.8
   8  2 51  0.0
  72.5 321.4 72.2 321.4 71.8 321.5 71.5 321.3 71.2 321.2 70.9 321.1 70.5 320.9
  70.2 320.8 69.8 320.7 69.5 320.4 69.1 320.1 68.8 319.8 68.4 319.6 68.0 319.3
  67.7 319.0 67.4 318.6 67.1 318.1 66.8 317.7 66.5 317.2 66.3 316.7 66.0 316.2
  65.8 315.7 65.6 315.0 65.4 314.4 65.2 313.7 65.1 313.1 64.9 312.4 64.7 311.7
  64.6 311.0 64.5 310.4 64.3 309.7 64.2 309.0 64.1 308.4 64.0 307.7 63.9 307.2
  63.8 306.8 63.7 306.4 63.6 306.0 63.5 305.6 63.4 305.3 63.3 304.9 63.2 304.6
  63.2 304.4 63.1 304.1 63.0 303.9 63.0 303.7 63.1 303.5 63.1 303.3 63.2 303.1
  63.3 303.0 63.3 302.9 63.4 302.7 63.4 302.7 63.5 302.6 63.5 302.6 63.6 302.5
  63.6 302.6 63.7 302.6 63.7 302.7 63.8 302.8 63.8 302.9 63.9 303.0 63.9 303.2
  64.0 303.4 64.0 303.5 64.0 303.6 64.1 303.8 64.1 303.9 64.1 304.0 64.0 304.2
  63.8 304.4 63.7 304.6 63.6 304.9 63.4 305.1 63.3 305.4 63.2 305.6 63.0 305.9
  62.9 306.2 62.7 306.4 62.6 306.7 62.4 307.0 62.2 307.3 62.1 307.6 61.9 307.9
  61.7 308.0 61.6 308.0 61.5 308.1 61.3 308.2 61.2 308.3 61.1 308.4 60.9 308.6
  60.8 308.7 60.6 308.9 60.4 309.1 60.2 309.2 60.0 309.4 59.8 309.6 59.5 309.6
  59.3 309.6 59.0 309.6 58.6 309.7 58.3 309.7 57.9 309.8 57.5 309.8 57.0 309.7
  56.6 309.7 56.1 309.7 55.5 309.8 55.0 309.6 54.4 309.3 53.8 309.1 53.3 308.1
  52.8 307.1 52.6 306.1 52.4 305.2 52.1 304.2 51.9 303.3 51.8 302.1 51.6 301.0
  51.5 299.9 51.5 298.9 51.4 297.9 51.4 296.9 51.3 296.0 51.4 295.0 51.5 294.1
  51.6 293.2 51.7 292.4 51.8 291.6 52.3 290.8 52.7 290.3 53.2 289.8 53.7 289.4
  54.2 289.0 54.6 288.7 55.0 288.4 55.4 288.1 55.7 287.8 56.2 287.4 56.5 287.2
  56.9 286.9 57.2 286.7 57.4 286.5 57.7 286.3 57.9 286.0 58.1 285.9 58.3 285.6
  58.5 285.4 58.6 285.2 58.8 285.1 58.9 284.9 59.0 284.8 59.1 284.7 59.2 284.6
  59.3 284.5 59.4 284.4 59.5 284.4 59.6 284.4 59.7 284.4 59.8 284.4 59.9 284.3
  60.0 284.3 60.2 284.1 60.4 283.8 60.6 283.6 60.8 283.4 61.0 283.3 61.3 283.2
  61.5 283.1 61.8 283.0 62.0 282.9 62.3 282.7 62.6 282.6 62.9 282.5 63.1 282.4
  63.4 282.4 63.7 282.4 64.0 282.4 64.3 282.1 64.6 281.8 64.9 281.5 65.2 281.2
  65.5 280.9 65.8 280.5 66.0 280.2 66.3 279.5 66.6 278.7 66.9 278.0 67.2 277.3
  67.5 276.6 67.8 275.9 68.1 275.2 68.4 274.4 68.7 273.5 69.0 272.6 69.3 271.7
  69.5 270.8 69.8 269.9 70.1 269.0 70.3 268.0 70.6 266.9 70.8 265.9 71.1 264.8
  71.3 263.6 71.6 262.5 71.8 261.3 72.0 260.1 72.2 258.8 72.4 257.4 72.6 255.9
  72.8 254.4 72.9 252.9 73.1 251.3 73.2 249.8 73.3 248.2 73.3 246.6 73.4 245.1
  73.4 243.5 73.4 242.0 73.4 240.6 73.4 239.2 73.3 237.9 73.3 236.7 73.2 235.5
  73.0 234.4 72.9 233.3 72.8 232.3 72.6 231.4 72.4 230.5 72.2 229.7 72.0 228.9
  71.8 228.1 71.6 227.4 71.3 226.7 71.1 226.0 70.8 225.3 70.6 224.6 70.3 223.9
  70.0 223.2 69.7 222.5 69.4 221.9
   8  3 51  0.0
  72.5 321.4 72.3 321.4 72.1 321.4 71.8 321.4 71.6 321.3 71.4 321.1 71.2 321.0
  71.0 320.9 70.8 320.7 70.6 320.6 70.5 320.5 70.3 320.3 70.1 320.2 69.9 320.0
  69.7 319.7 69.4 319.4 69.2 319.1 69.0 318.8 68.8 318.5 68.5 318.2 68.3 317.9
  68.0 317.6 67.8 317.3 67.6 316.8 67.3 316.4 67.1 315.9 66.9 315.4 66.7 314.8
  66.4 314.3 66.2 313.7 66.0 313.1 65.9 312.4 65.7 311.6 65.5 310.8 65.4 310.0
  65.3 309.0 65.2 308.1 65.1 307.0 64.9 305.8 64.7 304.7 64.6 303.5 64.4 302.2
  64.2 301.0 64.0 299.7 63.9 298.5 63.8 297.4 63.7 296.3 63.6 295.1 63.6 294.0
  63.6 292.8 63.7 291.6 63.7 290.3 63.8 289.1 63.9 287.7 64.0 286.4 64.2 284.7
  64.3 283.1 64.4 281.5 64.6 280.0 64.7 278.6 64.9 277.3 65.1 276.1 65.3 275.0
  65.5 274.0 65.7 273.0 66.0 272.1 66.2 271.3 66.4 270.3 66.7 269.4 66.9 268.5
  67.2 267.7 67.4 266.9 67.7 266.1 67.9 265.4 68.2 264.7 68.5 263.9 68.8 263.2
  69.1 262.4 69.5 261.7 69.8 261.0 70.1 260.3 70.5 259.4 70.9 258.6 71.2 257.7
  71.6 256.9 71.9 256.0 72.2 255.1 72.5 254.2 72.8 253.3 73.1 252.3 73.3 251.4
  73.6 250.4 73.8 249.4 74.1 248.3 74.3 247.4 74.6 246.4 74.8 245.4 75.0 244.3
  75.2 243.3 75.4 242.1 75.6 241.0 75.8 239.8 76.0 238.5 76.2 237.2 76.4 236.0
  76.5 234.7 76.7 233.4 76.9 232.0 77.1 230.6 77.2 229.2 77.4 227.7 77.5 226.4
  77.7 225.1 77.8 223.8 77.9 222.6 78.0 221.5 78.1 220.6 78.3 219.8 78.4 219.0
  78.4 218.2 78.5 217.5 78.6 216.9 78.7 216.4 78.8 215.9 78.8 215.4 78.9 215.0
  78.9 214.7 79.0 214.5 79.0 214.3 79.0 214.2 79.1 214.2 79.1 214.2 79.1 214.3
  79.1 214.4 79.2 214.5 79.2 214.6 79.2 214.7 79.2 214.7 79.3 214.7 79.3 214.6
  79.4 214.6 79.4 214.5 79.4 214.3 79.5 214.2 79.5 214.0 79.6 213.7 79.6 213.5
  79.7 213.2 79.8 212.9 79.8 212.5 79.9 212.2 80.0 211.8 80.1 211.4 80.2 210.9
  80.3 210.4 80.4 209.9 80.5 209.4 80.6 208.9 80.8 208.4 80.9 208.0 81.0 207.5
  81.1 207.1 81.1 206.6 81.2 206.2 81.3 205.9 81.3 205.5 81.4 205.2 81.4 204.9
  81.5 204.6 81.5 204.3 81.6 204.1 81.6 203.9 81.6 203.7 81.6 203.5 81.6 203.4
  81.6 203.3 81.6 203.2 81.6 203.1 81.6 203.1 81.6 203.1 81.5 203.1 81.5 203.1
  81.5 203.1 81.4 203.2 81.4 203.1 81.4 203.1 81.5 203.1 81.5 203.0 81.5 203.0
  81.6 202.9 81.6 202.8 81.7 202.7 81.8 202.6 81.9 202.5 82.0 202.3 82.2 201.9
  82.4 201.5 82.6 201.1 82.7 200.6 82.9 200.1 83.2 199.5 83.4 198.9 83.6 198.3
  83.8 197.5 84.0 196.7 84.2 195.9 84.4 195.0 84.7 194.0 84.9 192.8 85.2 191.4
  85.3 189.8 85.5 188.0 85.6 186.0 85.7 183.8 85.8 181.5 85.8 179.0 85.8 176.4
  85.9 173.7 85.9 170.9 85.8 168.2 85.8 165.4 85.8 162.8 85.8 160.2 85.7 157.9
  85.7 155.6 85.6 153.6 85.6 151.8 85.5 150.1 85.4 148.6 85.2 147.4 85.1 146.3
  85.0 145.4 84.8 144.7 84.6 144.0 84.4 143.4 84.2 142.9 84.0 142.4 83.8 142.4
  83.6 142.5 83.5 142.6 83.3 142.6
   8  4 51  0.0
  72.5 321.4 72.3 321.3 72.1 321.2 71.9 321.1 71.8 320.9 71.6 320.9 71.4 320.8
  71.2 320.7 71.1 320.6 70.9 320.5 70.7 320.4 70.5 320.4 70.4 320.3 70.2 320.2
  70.0 320.2 69.8 320.1 69.7 320.0 69.5 319.9 69.2 319.8 69.0 319.7 68.7 319.5
  68.5 319.4 68.2 319.3 68.0 319.1 67.8 319.0 67.6 318.9 67.3 318.7 67.1 318.5
  67.0 318.3 66.8 318.1 66.6 317.9 66.4 317.6 66.3 317.3 66.2 317.0 66.1 316.6
  65.9 316.2 65.9 315.7 65.7 315.2 65.5 314.6 65.4 314.0 65.2 313.4 65.1 312.8
  64.9 312.1 64.8 311.4 64.6 310.7 64.4 310.0 64.2 309.2 64.0 308.4 63.8 307.6
  63.6 306.7 63.4 305.8 63.2 304.9 63.0 304.0 62.7 303.0 62.5 302.0 62.2 300.9
  62.0 299.9 61.8 299.0 61.5 298.2 61.3 297.4 61.0 296.5 60.8 295.7 60.5 294.9
  60.3 294.2 60.0 293.5 59.8 292.8 59.6 292.6 59.5 292.4 59.4 292.2 59.3 292.0
  59.3 291.8 59.2 291.5 59.2 291.3 59.2 291.1 59.2 290.8 59.3 290.5 59.3 290.3
  59.5 290.0 59.6 289.7 59.8 289.4 59.9 289.0 60.2 288.7 60.4 287.9 60.4 287.0
  60.5 286.2 60.5 285.4 60.6 284.6 60.7 283.9 60.6 283.2 60.6 282.6 60.5 282.1
  60.5 281.6 60.5 281.1 60.5 280.7 60.5 280.3 60.6 279.9 60.6 279.5 60.5 279.2
  60.5 278.9 60.6 278.6 60.6 278.3 60.6 278.0 60.6 277.7 60.7 277.4 60.7 277.2
  60.8 276.9 60.9 276.7 60.9 276.4 61.0 276.1 61.1 275.9 61.1 275.6 61.1 275.4
  61.1 275.2 61.1 274.9 61.1 274.7 61.1 274.5 61.2 274.3 61.3 274.2 61.3 274.0
  61.4 273.8 61.6 273.7 61.7 273.6 61.8 273.4 62.0 273.3 62.1 273.2 62.3 273.0
  62.5 272.7 62.7 272.5 62.9 272.3 63.1 272.0 63.3 271.8 63.4 271.5 63.5 271.3
  63.6 271.0 63.7 270.7 63.8 270.5 63.9 270.2 63.9 270.0 64.0 269.8 64.0 269.5
  64.1 268.9 64.1 268.2 64.1 267.6 64.1 266.9 64.0 266.3 64.0 265.8 63.9 265.6
  63.8 265.3 63.8 265.1 63.7 265.0 63.6 264.8 63.5 264.6 63.4 264.5 63.3 264.3
  63.2 264.2 63.1 264.1 63.0 264.0 62.9 263.9 62.8 263.8 62.8 263.8 62.8 263.7
  62.8 263.6 62.8 263.6 62.8 263.5 62.8 263.5 62.9 263.5 63.0 263.4 63.0 263.4
  63.1 263.4 63.2 263.4 63.3 263.4 63.5 263.4 63.6 263.5 63.7 263.5 63.9 263.6
  64.0 263.6 64.2 263.4 64.4 263.2 64.6 263.0 64.8 262.8 65.0 262.6 65.2 262.4
  65.4 262.2 65.6 261.9 65.8 261.6 66.0 261.3 66.1 260.9 66.3 260.3 66.5 259.6
  66.6 258.8 66.8 258.1 66.9 257.3 67.0 256.5 67.1 255.6 67.2 254.8 67.2 253.9
  67.3 253.0 67.3 252.2 67.3 251.3 67.4 250.5 67.4 249.7 67.4 248.8 67.5 248.1
  67.5 247.3 67.5 246.5 67.6 245.8 67.6 245.1 67.7 244.4 67.7 243.6 67.8 242.8
  67.8 242.0 67.9 241.2 68.0 240.4 68.1 239.6 68.1 238.7 68.2 237.7 68.3 236.8
  68.4 235.8 68.5 234.8 68.6 233.9 68.6 232.9 68.7 231.9 68.8 230.9 68.9 229.9
  69.0 228.8 69.1 227.8 69.1 226.8 69.2 225.7 69.3 224.7 69.4 223.6 69.5 222.6
  69.5 221.6 69.5 220.6 69.6 219.6 69.5 218.6 69.5 217.7 69.5 216.7 69.4 215.7
  69.3 214.8 69.2 213.8 69.1 212.9
   8  5 51  0.0
  72.5 321.4 72.4 321.2 72.2 321.1 72.1 320.9 72.0 320.8 71.9 320.6 71.7 320.4
  71.6 320.2 71.5 320.0 71.4 319.8 71.2 319.7 71.0 319.5 70.8 319.3 70.6 319.1
  70.4 319.0 70.2 318.8 70.0 318.6 69.8 318.5 69.6 318.4 69.3 318.3 69.1 318.2
  68.9 318.1 68.7 318.0 68.5 317.9 68.2 317.9 68.0 317.8 67.8 317.7 67.5 317.8
  67.3 317.9 67.0 317.9 66.8 318.0 66.5 318.1 66.2 318.2 65.9 318.3 65.6 318.6
  65.3 318.9 65.0 319.2 64.6 319.4 64.3 319.7 63.9 319.9 63.6 320.0 63.4 320.1
  63.1 320.2 62.9 320.3 62.7 320.3 62.5 320.3 62.3 320.2 62.1 320.1 61.9 320.0
  61.8 319.7 61.6 319.4 61.4 319.0 61.3 318.6 61.1 318.2 61.0 317.7 61.0 317.2
  60.9 316.6 60.9 316.0 60.9 315.4 60.8 314.7 60.7 314.0 60.6 313.2 60.5 312.4
  60.5 311.7 60.2 310.9 60.0 310.2 59.8 309.5 59.6 308.9 59.4 308.2 59.2 307.6
  58.9 306.9 58.6 306.3 58.3 305.8 58.0 305.2 57.8 304.6 57.5 304.1 57.3 303.6
  57.0 303.1 56.7 302.6 56.4 302.1 56.0 301.6 55.7 301.2 55.4 300.5 55.1 299.9
  54.6 299.3 54.1 298.7 53.7 298.1 53.3 297.2 53.0 296.4 52.7 295.5 52.4 294.7
  52.2 293.8 52.0 293.0 51.9 292.1 51.8 291.0 51.6 289.9 51.5 288.8 51.4 287.8
  51.3 286.7 51.1 285.7 51.0 284.7 50.8 283.8 50.7 282.9 50.5 282.0 50.3 281.1
  50.1 280.2 49.9 279.4 50.0 278.1 50.2 277.2 50.3 276.1 50.4 275.1 50.7 274.0
  51.1 272.9 51.3 271.8 51.7 270.8 52.0 269.8 52.3 268.8 52.6 268.0 52.9 267.3
  53.1 266.5 53.2 265.8 53.4 265.0 53.6 264.3 53.7 263.5 53.8 262.8 53.9 262.0
  54.0 261.3 54.1 260.5 54.1 259.9 54.3 259.2 54.4 258.5 54.6 257.9 54.7 257.3
  54.9 256.6 55.0 256.0 55.1 255.3 55.2 254.7 55.3 254.1 55.4 253.5 55.5 252.9
  55.5 252.4 55.6 251.8 55.6 251.3 55.6 250.8 55.5 250.3 55.5 249.8 55.4 249.2
  55.4 248.7 55.3 248.2 55.3 247.7 55.3 247.3 55.2 246.8 55.2 246.3 55.2 245.8
  55.2 245.4 55.2 244.9 55.2 244.4 55.2 244.0 55.3 243.5 55.4 243.0 55.4 242.5
  55.5 242.1 55.5 241.6 55.6 241.1 55.6 240.6 55.7 240.1 55.7 239.6 55.8 239.1
  55.9 238.6 56.0 238.2 56.1 237.7 56.2 237.4 56.2 237.1 56.3 236.8 56.4 236.4
  56.5 236.1 56.6 235.7 56.6 235.4 56.6 235.0 56.7 234.7 56.7 234.3 56.7 234.0
  56.8 233.6 56.8 233.4 56.8 233.1 56.9 233.0 56.9 232.8 56.9 232.7 57.0 232.6
  57.0 232.5 57.0 232.5 57.0 232.5 57.0 232.5 57.1 232.6 57.1 232.7 57.1 232.8
  57.1 232.9 57.1 233.1 57.1 233.3 57.1 233.5 57.1 233.8 57.1 234.0 57.1 234.3
  57.1 234.6 57.1 235.0 57.1 235.3 57.1 235.7 57.0 236.0 57.0 236.3 56.9 236.5
  56.7 236.7 56.6 236.9 56.4 237.1 56.2 237.2 56.0 237.3 55.8 237.4 55.6 237.1
  55.4 236.9 55.1 236.6 54.9 236.4 54.6 236.2 54.3 236.0 54.1 235.8 53.9 235.6
  53.7 235.2 53.5 234.9 53.3 234.6 53.0 234.3 52.7 234.1 52.4 233.8 52.1 233.6
  51.8 233.4 51.5 233.0 51.2 232.5 50.9 232.1 50.6 231.7 50.5 231.3 50.4 230.9
  50.3 230.6 50.2 230.2 50.1 229.9
   8  6 51  0.0
  72.5 321.4 72.4 321.5 72.3 321.5 72.2 321.5 72.1 321.5 72.0 321.5 71.9 321.5
  71.8 321.4 71.7 321.3 71.6 321.1 71.5 321.0 71.4 320.9 71.3 320.7 71.2 320.5
  71.1 320.3 70.9 320.2 70.8 320.0 70.6 319.8 70.4 319.7 70.2 319.5 70.0 319.3
  69.8 319.1 69.6 318.9 69.4 318.7 69.2 318.5 69.0 318.3 68.8 318.2 68.6 318.0
  68.4 317.8 68.2 317.7 68.0 317.5 67.8 317.4 67.6 317.3 67.5 317.3 67.3 317.3
  67.1 317.2 66.9 317.2 66.7 317.2 66.5 317.2 66.4 317.2 66.2 317.2 65.9 317.3
  65.7 317.3 65.5 317.5 65.3 317.6 65.1 317.7 64.9 317.8 64.7 318.0 64.4 318.2
  64.2 318.3 63.9 318.5 63.7 318.7 63.4 318.9 63.1 319.1 62.7 319.3 62.4 319.5
  62.0 319.7 61.5 319.8 61.1 320.0 60.6 320.1 60.0 320.3 59.4 320.4 58.8 320.3
  58.2 320.2 57.7 320.0 57.2 319.4 56.8 318.7 56.4 318.1 56.0 317.4 55.7 316.6
  55.4 315.5 55.1 314.4 54.9 313.2 54.7 312.1 54.4 311.0 54.1 309.9 53.8 308.9
  53.4 307.8 52.9 306.8 52.3 305.8 51.6 304.9 51.0 303.9 50.4 302.8 49.7 301.8
  49.1 300.6 48.5 299.3 48.2 298.0 48.0 296.7 47.8 295.4 47.8 294.2 47.8 292.9
  47.7 291.7 47.8 290.6 47.9 289.4 47.9 288.3 48.0 287.2 48.1 286.2 48.3 285.1
  48.5 284.0 48.8 282.9 49.1 281.8 49.4 280.8 49.7 279.7 50.1 278.7 50.4 277.7
  50.8 276.8 51.3 275.8 51.6 274.9 52.0 274.0 52.4 273.2 52.9 272.3 53.3 271.4
  53.5 270.5 53.8 269.7 54.1 268.8 54.4 268.0 54.7 267.2 55.0 266.4 55.3 265.6
  55.6 264.9 55.9 264.1 56.2 263.4 56.5 262.8 56.8 262.2 57.1 261.6 57.3 261.1
  57.6 260.6 57.9 260.1 58.2 259.6 58.4 259.1 58.6 258.6 58.8 258.1 59.0 257.6
  59.2 257.1 59.4 256.7 59.6 256.2 59.8 255.8 60.0 255.4 60.2 254.9 60.5 254.4
  60.8 253.9 61.0 253.4 61.3 252.9 61.6 252.5 61.9 252.0 62.3 251.6 62.6 251.0
  62.9 250.5 63.2 250.0 63.5 249.5 63.9 248.9 64.2 248.4 64.6 247.9 64.9 247.3
  65.2 246.8 65.5 246.2 65.8 245.7 66.1 245.0 66.4 244.4 66.7 243.8 67.0 243.1
  67.2 242.4 67.4 241.8 67.6 241.0 67.8 240.3 68.0 239.6 68.2 238.8 68.4 238.0
  68.6 237.1 68.7 236.3 68.9 235.5 69.1 234.6 69.2 233.8 69.4 233.0 69.5 232.2
  69.7 231.4 69.8 230.6 69.8 229.8 69.9 229.0 70.0 228.3 70.2 227.3 70.2 226.4
  70.2 225.5 70.2 224.6 70.3 223.8 70.2 222.9 70.1 222.1 70.0 221.4 70.0 220.6
  69.9 220.0 69.8 219.4 69.7 218.9 69.5 218.3 69.4 217.8 69.2 217.3 69.1 216.9
  68.9 216.4 68.7 215.9 68.5 215.5 68.3 215.1 68.0 214.6 67.8 214.2 67.5 213.8
  67.3 213.5 67.0 213.1 66.8 212.7 66.5 212.3 66.2 212.0 65.9 211.6 65.7 211.4
  65.4 211.1 65.1 210.9 64.8 210.6 64.5 210.3 64.2 210.0 63.9 209.7 63.6 209.5
  63.3 209.2 63.0 209.0 62.7 208.6 62.4 208.3 62.1 208.0 61.9 207.6 61.6 207.3
  61.4 207.0 61.2 206.7 61.0 206.3 60.8 206.0 60.5 205.6 60.3 205.2 60.1 204.8
  59.9 204.4 59.7 204.2 59.5 204.1 59.3 203.9 59.2 203.7 59.2 203.5 59.2 203.2
  59.1 202.9 59.1 202.6 59.0 202.3
   8  7 51  0.0
  72.5 321.4 72.4 321.4 72.3 321.5 72.3 321.6 72.2 321.7 72.1 321.7 72.1 321.9
  72.0 322.0 71.9 322.1 71.9 322.2 71.8 322.3 71.7 322.4 71.7 322.6 71.6 322.9
  71.5 323.1 71.5 323.3 71.4 323.4 71.3 323.6 71.3 323.7 71.2 323.9 71.1 324.0
  71.0 324.0 71.0 324.1 71.0 324.2 71.0 324.2 71.0 324.2 70.9 324.2 70.9 324.2
  70.9 324.1 70.9 324.0 70.8 324.0 70.7 323.9 70.6 323.7 70.5 323.6 70.4 323.5
  70.3 323.3 70.2 323.1 70.0 322.9 69.9 322.7 69.8 322.4 69.7 322.2 69.6 321.9
  69.4 321.6 69.3 321.4 69.2 321.2 69.1 320.9 69.0 320.7 68.8 320.5 68.7 320.3
  68.6 320.1 68.5 319.9 68.3 319.8 68.1 319.6 67.9 319.4 67.7 319.3 67.5 319.2
  67.3 319.2 67.1 319.1 67.0 319.1 66.8 319.0 66.6 319.0 66.4 319.0 66.2 319.0
  66.0 319.0 65.8 319.0 65.6 319.1 65.4 319.2 65.2 319.3 65.0 319.4 64.8 319.6
  64.6 319.7 64.4 319.9 64.1 320.0 64.0 320.2 63.8 320.3 63.7 320.5 63.5 320.6
  63.3 320.7 63.1 320.9 62.8 321.0 62.5 321.2 62.2 321.3 61.8 321.4 61.4 321.4
  60.9 321.5 60.4 321.5 59.8 321.5 59.3 321.4 58.8 321.2 58.3 321.0 57.9 320.7
  57.5 320.1 57.1 319.4 56.8 318.7 56.5 317.9 56.2 317.2 55.9 316.4 55.6 315.3
  55.4 314.2 55.2 313.1 54.9 312.1 54.7 311.0 54.3 310.1 53.8 309.2 53.4 308.1
  52.9 307.2 52.3 306.2 51.5 305.4 50.7 304.4 50.0 303.3 49.3 302.2 48.7 301.0
  48.1 299.8 47.9 298.6 47.7 297.4 47.5 296.2 47.3 295.0 47.2 293.8 47.1 292.6
  47.0 291.5 47.0 290.3 47.0 289.3 47.0 288.2 47.0 287.1 47.1 286.1 47.2 285.1
  47.3 284.1 47.4 283.1 47.7 282.1 48.0 281.2 48.3 280.2 48.6 279.2 49.0 278.2
  49.3 277.3 49.7 276.3 50.1 275.4 50.5 274.5 50.9 273.6 51.3 272.6 51.7 271.7
  52.0 270.8 52.3 269.8 52.6 269.0 53.0 268.1 53.4 267.2 53.7 266.4 54.0 265.6
  54.3 264.7 54.6 264.0 55.0 263.4 55.2 262.7 55.5 262.1 55.8 261.5 56.0 260.9
  56.3 260.4 56.6 260.0 56.7 259.6 56.9 259.1 57.0 258.7 57.2 258.3 57.4 257.8
  57.5 257.4 57.7 257.0 57.9 256.5 58.1 256.1 58.3 255.7 58.5 255.2 58.7 254.8
  58.9 254.4 59.2 254.1 59.4 253.7 59.7 253.3 60.0 253.0 60.3 252.7 60.7 252.3
  61.0 251.8 61.3 251.4 61.7 250.9 62.0 250.5 62.4 250.0 62.8 249.4 63.2 248.8
  63.5 248.3 63.9 247.7 64.1 247.1 64.4 246.5 64.7 246.0 64.9 245.4 65.2 244.8
  65.4 244.3 65.7 243.7 65.8 243.2 66.0 242.6 66.2 242.0 66.5 241.3 66.6 240.7
  66.8 240.0 67.0 239.4 67.2 238.7 67.4 238.1 67.6 237.5 67.8 236.9 67.9 236.3
  68.1 235.7 68.3 234.9 68.5 234.2 68.7 233.4 68.8 232.5 69.0 231.7 69.1 230.8
  69.2 229.9 69.3 229.0 69.4 228.2 69.4 227.2 69.4 226.3 69.4 225.4 69.4 224.5
  69.4 223.6 69.3 222.8 69.2 221.9 69.1 221.1 69.0 220.4 68.9 219.6 68.7 218.9
  68.5 218.3 68.3 217.7 68.2 217.0 68.0 216.4 67.8 215.9 67.5 215.4 67.3 214.9
  67.0 214.4 66.8 214.0 66.5 213.5 66.2 213.1 65.9 212.7 65.6 212.4 65.3 212.1
  64.9 211.8 64.6 211.5 64.3 211.2
   8  8 51  0.0
  72.5 321.4 72.4 321.4 72.4 321.4 72.3 321.3 72.2 321.3 72.2 321.3 72.1 321.2
  72.0 321.1 72.0 321.1 71.9 320.6 71.8 320.2 71.8 319.7 71.6 319.2 71.5 318.7
  71.3 318.3 71.1 317.9 71.0 317.5 70.8 317.1 70.7 316.8 70.5 316.6 70.3 316.3
  70.2 316.1 70.0 315.9 69.7 315.8 69.5 315.4 69.3 315.0 69.0 314.7 68.8 314.4
  68.6 314.2 68.3 313.9 68.1 313.7 67.9 313.5 67.8 313.1 67.6 312.7 67.5 312.4
  67.3 312.0 67.0 311.6 66.8 311.3 66.5 310.9 66.2 310.5 66.0 310.2 65.7 309.8
  65.5 309.3 65.2 308.9 64.9 308.5 64.7 308.1 64.4 307.7 64.0 307.3 63.5 306.8
  63.1 306.4 62.8 305.9 62.4 305.4 62.0 304.9 61.7 304.4 61.4 303.9 61.0 303.4
  60.7 302.9 60.3 302.3 60.0 301.7 59.8 301.2 59.5 300.6 59.3 300.0 59.1 299.4
  58.9 298.9 58.7 298.3 58.5 297.8 58.3 297.2 58.1 296.7 58.0 296.2 57.8 295.7
  57.8 295.2 57.8 294.7 57.8 294.3 57.8 293.8 57.8 293.4 57.8 293.0 57.9 292.5
  57.9 292.1 57.9 291.8 58.1 291.4 58.4 290.9 58.6 290.4 58.9 289.9 59.1 289.4
  59.3 289.0 59.6 288.5 59.8 288.0 60.0 287.5 60.2 287.0 60.4 286.3 60.7 285.6
  60.9 284.9 61.2 284.3 61.4 283.7 61.7 283.1 62.1 282.5 62.4 282.0 62.8 281.4
  63.2 280.9 63.6 280.4 63.9 280.0 64.3 279.6 64.8 279.0 65.2 278.4 65.5 277.8
  65.9 277.3 66.2 276.7 66.6 276.0 66.9 275.4 67.2 274.7 67.4 273.9 67.7 273.2
  67.9 272.4 68.1 271.6 68.4 270.8 68.7 270.0 68.9 269.2 69.2 268.4 69.4 267.6
  69.7 266.8 69.9 265.9 70.2 265.1 70.5 264.2 70.8 263.3 71.0 262.4 71.3 261.4
  71.5 260.5 71.8 259.5 72.0 258.4 72.3 257.3 72.5 256.1 72.7 254.8 72.9 253.5
  73.1 252.2 73.3 250.8 73.4 249.4 73.6 247.9 73.7 246.4 73.8 244.8 73.9 243.2
  74.0 241.5 74.1 239.9 74.2 238.3 74.3 236.7 74.4 235.1 74.5 233.5 74.6 231.9
  74.6 230.4 74.7 228.9 74.8 227.4 74.8 226.0 74.9 224.6 74.9 223.3 74.9 221.9
  75.0 220.6 75.0 219.4 75.1 218.1 75.1 217.0 75.1 215.8 75.1 214.7 75.2 213.6
  75.2 212.5 75.2 211.5 75.2 210.5 75.2 209.5 75.2 208.5 75.2 207.6 75.2 206.7
  75.2 205.8 75.2 205.0 75.1 204.2 75.1 203.4 75.0 202.6 75.0 201.8 74.9 201.1
  74.8 200.4 74.8 199.7 74.7 199.0 74.5 198.3 74.4 197.7 74.3 197.0 74.1 196.4
  74.0 195.8 73.8 195.3 73.7 194.7 73.5 194.2 73.4 193.7 73.2 193.2 73.0 192.8
  72.9 192.3 72.7 191.9 72.5 191.4 72.3 191.0 72.0 190.6 71.8 190.2 71.6 189.9
  71.4 189.5 71.2 189.2 71.0 188.9 70.9 188.6 70.7 188.4 70.5 188.2 70.3 187.9
  70.1 187.7 70.0 187.5 69.8 187.5 69.7 187.4 69.6 187.3 69.5 187.2 69.4 187.1
  69.3 187.0 69.3 186.9 69.2 186.8 69.2 186.7 69.2 186.6 69.2 186.5 69.2 186.4
  69.2 186.2 69.3 186.1 69.3 186.0 69.4 185.8 69.5 185.7 69.5 185.5 69.6 185.3
  69.7 185.1 69.8 184.9 70.0 184.7 70.1 184.4 70.2 184.1 70.4 183.8 70.5 183.5
  70.7 183.2 70.9 182.8 71.1 182.4 71.2 182.0 71.4 181.6 71.6 181.2 71.7 180.7
  71.9 180.2 72.1 179.7 72.3 179.4
   8  9 51  0.0
  72.5 321.4 72.5 321.7 72.5 322.0 72.4 322.2 72.4 322.5 72.4 322.7 72.4 322.9
  72.3 323.0 72.3 323.2 72.2 323.3 72.2 323.4 72.1 323.5 72.1 323.5 72.0 323.5
  72.0 323.5 71.9 323.2 71.8 322.9 71.7 322.6 71.6 322.3 71.6 322.0 71.5 321.7
  71.4 321.5 71.3 321.2 71.1 321.0 71.0 320.7 70.9 320.4 70.8 320.2 70.7 319.9
  70.5 319.6 70.2 319.3 70.0 319.0 69.8 318.7 69.5 318.1 69.3 317.5 69.1 316.9
  68.9 316.3 68.7 315.6 68.4 314.9 68.0 314.3 67.7 313.8 67.3 313.1 67.0 312.5
  66.7 312.0 66.3 311.4 65.8 310.9 65.4 310.5 65.0 310.1 64.6 309.7 64.2 309.4
  63.8 309.0 63.5 308.7 63.1 308.4 62.8 308.1 62.5 307.8 62.0 307.5 61.5 307.2
  61.0 306.8 60.6 306.5 60.2 306.2 59.7 305.8 59.3 305.5 59.0 305.2 58.6 304.8
  58.2 304.5 57.8 304.2 57.4 303.8 57.1 303.4 56.7 303.0 56.4 302.6 56.1 302.2
  55.8 301.7 55.4 301.1 55.1 300.5 54.8 299.9 54.7 299.3 54.6 298.7 54.4 298.1
  54.3 297.5 54.1 296.8 54.0 296.2 53.8 295.5 53.9 294.9 53.9 294.2 54.0 293.6
  54.1 292.9 54.1 292.2 54.1 291.6 54.4 290.9 54.7 290.3 54.9 289.6 55.2 289.0
  55.5 288.3 55.7 287.7 56.0 287.1 56.3 286.2 56.6 285.4 56.9 284.5 57.2 283.7
  57.4 282.8 57.7 281.9 57.9 281.0 58.1 280.1 58.4 279.1 58.7 278.2 59.0 277.3
  59.3 276.4 59.7 275.6 60.0 274.7 60.3 273.9 60.6 273.1 61.0 272.3 61.3 271.5
  61.5 270.7 61.8 269.9 62.0 269.1 62.3 268.3 62.6 267.5 62.8 266.7 63.0 265.9
  63.3 265.1 63.5 264.3 63.8 263.5 64.0 262.7 64.3 261.8 64.5 260.9 64.8 260.0
  65.1 259.1 65.3 258.2 65.6 257.3 65.9 256.4 66.1 255.5 66.3 254.4 66.5 253.3
  66.7 252.1 66.9 251.0 67.0 250.0 67.1 249.0 67.2 248.0 67.3 247.2 67.4 246.3
  67.5 245.5 67.6 244.7 67.7 243.9 67.8 243.2 67.9 242.4 68.0 241.7 68.1 241.0
  68.1 240.1 68.2 239.1 68.3 238.2 68.3 237.3 68.3 236.4 68.4 235.5 68.3 234.6
  68.3 233.7 68.2 232.9 68.2 232.0 68.1 231.1 67.9 230.2 67.8 229.6 67.7 229.0
  67.6 228.4 67.5 227.7 67.4 227.1 67.3 226.5 67.1 225.9 67.0 225.3 66.8 224.8
  66.7 224.2 66.6 223.7 66.4 223.2 66.2 222.8 66.1 222.3 65.9 221.9 65.7 221.9
  65.5 221.9 65.3 221.8 65.1 221.9 64.8 221.9 64.6 221.9 64.3 221.9 64.0 222.0
  63.7 222.2 63.4 222.4 63.1 222.6 62.8 222.7 62.4 222.9 62.1 223.1 61.7 223.2
  61.4 223.3 61.1 223.4 60.7 223.4 60.4 223.5 60.0 223.5 59.6 223.5 59.3 223.3
  59.0 223.1 58.6 222.9 58.3 222.6 57.9 222.3 57.6 222.0 57.3 221.6 57.0 221.2
  56.7 220.8 56.4 220.4 56.1 219.9 55.7 219.5 55.4 219.1 55.1 218.7 54.8 218.2
  54.5 217.7 54.3 217.3 54.1 216.8 53.8 216.3 53.7 215.6 53.5 215.0 53.4 214.3
  53.2 213.6 53.1 212.8 53.0 212.0 52.9 211.2 52.8 210.3 52.8 209.4 52.7 208.5
  52.6 207.5 52.6 206.4 52.6 205.4 52.6 204.4 52.6 203.3 52.6 202.3 52.6 201.4
  52.6 200.4 52.7 199.5 52.7 198.7 52.7 197.9 52.8 197.1 52.8 196.4 52.9 195.7
  52.9 195.1 52.9 194.5 52.9 193.9
   8 10 51  0.0
  72.5 321.4 72.5 321.5 72.5 321.7 72.6 321.8 72.6 322.1 72.6 322.3 72.7 322.6
  72.7 322.9 72.7 323.2 72.7 323.6 72.8 324.0 72.8 324.5 72.9 324.9 72.9 325.4
  73.0 325.9 73.1 326.4 73.1 326.8 73.2 327.2 73.3 327.6 73.3 328.0 73.4 328.3
  73.5 328.6 73.6 328.9 73.7 329.1 73.9 329.3 74.0 329.5 74.1 329.7 74.3 330.2
  74.4 330.7 74.6 331.2 74.7 331.7 74.9 332.1 75.1 332.6 75.3 333.0 75.5 333.4
  75.7 333.8 75.9 334.2 76.1 334.5 76.3 335.0 76.5 335.5 76.7 336.0 77.0 336.5
  77.2 336.9 77.3 337.4 77.5 337.9 77.7 338.3 77.9 338.8 78.0 339.2 78.2 339.5
  78.4 339.8 78.6 340.1 78.7 340.4 78.8 340.7 79.0 341.0 79.1 341.2 79.2 341.5
  79.4 341.8 79.5 342.1 79.6 342.3 79.7 342.6 79.8 342.9 79.8 343.1 79.9 343.4
  80.0 343.6 80.1 343.5 80.2 343.3 80.3 343.1 80.4 342.9 80.5 342.6 80.5 342.4
  80.6 342.1 80.7 341.8 80.8 341.5 80.9 341.2 81.0 340.8 81.1 340.5 81.2 340.1
  81.2 339.7 81.3 339.2 81.4 338.8 81.5 338.3 81.6 337.9 81.7 337.4 81.7 336.9
  81.8 336.3 81.9 335.8 82.0 335.3 82.0 334.7 82.1 334.0 82.2 333.3 82.2 332.5
  82.3 331.7 82.3 330.9 82.3 330.0 82.3 329.1 82.4 328.1 82.4 327.2 82.3 326.2
  82.3 325.2 82.2 324.2 82.2 323.2 82.1 322.2 81.9 321.1 81.8 320.4 81.8 319.6
  81.6 318.8 81.5 318.0 81.3 317.3 81.1 316.5 81.0 315.8 80.8 315.1 80.6 314.3
  80.4 313.6 80.2 312.9 80.0 312.2 79.8 311.8 79.6 311.5 79.4 311.1 79.2 310.8
  79.0 310.5 78.9 310.2 78.7 309.8 78.5 309.5 78.3 309.2 78.1 308.9 77.8 308.6
  77.7 308.7 77.5 308.8 77.3 308.9 77.1 308.9 76.9 309.0 76.6 309.1 76.4 309.1
  76.2 309.2 75.9 309.3 75.6 309.4 75.4 309.6 75.1 309.8 74.8 310.0 74.5 310.2
  74.1 310.4 73.8 310.6 73.4 310.8 73.0 311.0 72.6 311.1 72.2 311.3 71.8 311.5
  71.3 311.4 70.8 311.4 70.3 311.3 69.7 311.3 69.2 311.3 68.6 311.2 68.0 311.2
  67.5 311.1 66.9 311.3 66.4 311.5 65.9 311.7 65.5 312.1 65.1 312.5 64.7 312.8
  64.4 313.1 64.0 313.3 63.6 313.5 63.3 313.8 63.0 313.9 62.7 314.1 62.4 314.1
  62.1 314.2 61.8 314.1 61.6 313.9 61.3 313.6 61.1 313.3 60.9 312.9 60.7 312.5
  60.6 312.0 60.4 311.5 60.1 311.0 59.8 310.4 59.5 309.7 59.2 309.0 58.8 308.4
  58.5 307.8 58.0 307.2 57.5 306.7 57.1 306.2 56.6 305.7 56.1 305.2 55.6 304.8
  55.2 304.2 54.7 303.7 54.3 303.1 53.8 302.6 53.4 301.9 52.9 301.2 52.5 300.5
  52.1 299.8 51.7 299.0 51.3 298.1 50.9 297.2 50.6 296.3 50.2 295.3 49.9 294.3
  49.6 293.3 49.3 292.3 49.0 291.2 48.8 290.1 48.6 289.0 48.4 287.9 48.4 286.8
  48.3 285.7 48.3 284.6 48.2 283.5 48.4 282.4 48.5 281.3 48.5 280.2 48.6 279.1
  48.9 278.0 49.1 276.8 49.4 275.7 49.7 274.5 50.1 273.4 50.4 272.3 50.8 271.3
  51.2 270.2 51.6 269.2 52.0 268.2 52.5 267.4 52.9 266.6 53.3 265.8 53.6 265.1
  54.0 264.4 54.3 263.6 54.5 263.1 54.7 262.5 54.9 261.9 55.1 261.3 55.3 260.7
  55.5 260.1 55.6 259.5 55.8 259.0
   8 11 51  0.0
  72.5 321.4 72.5 321.1 72.5 320.7 72.5 320.4 72.5 320.0 72.5 319.7 72.4 319.3
  72.3 319.0 72.2 318.7 72.1 318.3 72.0 318.0 71.9 317.7 71.8 317.4 71.8 317.1
  71.7 316.7 71.6 316.4 71.5 316.1 71.5 315.8 71.3 315.5 71.0 315.3 70.8 315.0
  70.6 314.7 70.4 314.5 70.2 314.3 70.1 314.1 69.9 313.9 69.7 313.5 69.6 313.0
  69.4 312.6 69.3 312.1 69.1 311.7 68.8 311.2 68.5 310.8 68.2 310.3 67.9 309.9
  67.6 309.1 67.4 308.2 67.1 307.3 66.7 306.5 66.3 305.7 65.9 305.0 65.6 303.9
  65.2 302.8 64.8 301.8 64.3 300.8 63.9 299.8 63.6 298.6 63.3 297.3 63.0 296.0
  62.8 294.6 62.6 293.4 62.5 292.1 62.3 290.9 62.3 289.8 62.2 288.7 62.1 287.6
  62.1 286.7 62.0 285.8 61.9 284.9 61.9 284.1 61.9 283.3 61.9 282.7 62.0 282.0
  62.1 281.4 62.3 281.0 62.5 280.5 62.7 280.1 63.0 279.6 63.4 279.2 63.9 278.8
  64.4 278.4 64.9 278.0 65.5 277.6 66.0 277.2 66.7 276.9 67.3 276.6 67.9 276.4
  68.4 276.1 69.0 276.2 69.6 276.3 70.1 276.4 70.6 276.9 71.1 277.3 71.5 277.8
  72.0 278.4 72.3 279.0 72.7 279.8 73.0 280.6 73.2 281.4 73.4 282.4 73.6 283.4
  73.8 284.5 73.8 285.6 73.9 286.8 73.9 288.0 73.8 289.3 73.8 290.6 73.7 291.8
  73.6 293.1 73.5 294.3 73.3 295.5 73.2 296.6 73.0 297.7 72.8 298.7 72.5 299.6
  72.3 300.5 72.0 301.4 71.7 302.2 71.5 303.0 71.2 303.7 70.8 304.4 70.5 304.9
  70.1 305.4 69.7 305.8 69.3 305.9 68.8 306.0 68.4 306.1 67.9 306.1 67.4 305.9
  67.0 305.6 66.5 305.3 66.0 305.1 65.5 304.7 65.1 304.2 64.6 303.7 64.1 303.3
  63.6 302.9 63.1 302.3 62.7 301.8 62.3 301.2 61.9 300.7 61.6 300.0 61.3 299.4
  61.1 298.7 60.8 298.1 60.6 297.4 60.3 296.7 60.1 296.0 60.0 295.2 59.8 294.6
  59.7 294.0 59.6 293.4 59.6 292.8 59.5 292.1 59.4 291.5 59.5 290.8 59.6 290.2
  59.7 289.5 59.8 288.8 60.0 288.1 60.1 287.3 60.3 286.4 60.5 285.4 60.7 284.5
  60.9 283.6 61.1 282.7 61.4 281.8 61.7 280.9 61.9 280.1 62.2 279.3 62.6 278.5
  63.0 277.6 63.4 276.8 63.8 276.0 64.1 275.2 64.5 274.1 64.9 273.1 65.2 272.0
  65.6 271.0 65.9 269.9 66.2 268.9 66.5 267.8 66.9 266.7 67.2 265.6 67.5 264.5
  67.7 263.4 68.0 262.3 68.4 261.1 68.6 259.9 68.9 258.6 69.2 257.3 69.5 255.9
  69.7 254.5 69.9 253.1 70.1 251.7 70.3 250.1 70.5 248.6 70.7 247.0 70.9 245.4
  71.1 243.9 71.2 242.3 71.3 240.8 71.4 239.3 71.5 237.7 71.6 236.2 71.6 234.7
  71.6 233.2 71.7 231.8 71.6 230.5 71.6 229.2 71.5 227.9 71.4 226.8 71.3 225.7
  71.2 224.6 71.1 223.6 71.0 222.7 70.9 221.7 70.8 220.8 70.7 220.0 70.5 219.1
  70.4 218.3 70.2 217.5 70.1 216.7 70.0 216.0 69.8 215.2 69.7 214.4 69.5 213.6
  69.4 212.9 69.3 212.2 69.1 211.5 69.0 210.9 68.8 210.2 68.7 209.6 68.5 209.0
  68.4 208.4 68.3 207.8 68.2 207.2 68.0 206.7 67.9 206.1 67.8 205.8 67.7 205.5
  67.7 205.2 67.6 204.9 67.5 204.7 67.5 204.5 67.4 204.3 67.4 204.1 67.3 204.0
  67.3 203.9 67.3 203.8 67.3 203.8
   8 12 51  0.0
  72.5 321.4 72.4 320.9 72.4 320.4 72.4 319.9 72.2 319.4 72.1 318.9 72.0 318.4
  71.8 318.0 71.7 317.6 71.6 317.2 71.5 316.9 71.4 316.5 71.3 316.1 71.2 315.6
  71.0 315.2 70.7 314.8 70.5 314.4 70.3 314.0 70.1 313.6 69.9 313.2 69.7 312.8
  69.5 312.4 69.3 312.1 69.1 311.7 68.8 311.3 68.4 310.9 68.0 310.6 67.6 310.2
  67.3 309.7 67.0 309.3 66.7 308.8 66.4 308.3 66.0 307.8 65.5 307.3 65.1 306.7
  64.6 306.1 64.2 305.5 63.7 304.8 63.3 304.2 62.9 303.5 62.4 302.8 62.0 302.1
  61.5 301.5 61.1 300.9 60.7 300.3 60.2 299.6 59.9 298.9 59.6 298.4 59.3 297.8
  58.9 297.3 58.6 296.7 58.3 296.1 57.9 295.6 57.7 295.1 57.4 294.7 57.0 294.2
  56.7 293.7 56.4 293.3 56.0 292.8 55.7 292.4 55.3 291.9 55.0 291.5 54.6 291.0
  54.3 290.6 53.9 290.1 53.6 289.4 53.3 288.7 53.1 288.1 52.8 287.4 52.5 286.6
  52.3 285.9 52.0 285.2 51.7 284.4 51.5 283.6 51.2 282.9 50.9 282.1 50.6 281.3
  50.3 280.4 50.1 279.5 49.8 278.6 49.5 277.7 49.2 276.7 49.0 275.7 48.8 274.7
  48.7 273.6 48.5 272.5 48.4 271.5 48.5 270.5 48.5 269.4 48.6 268.4 48.6 267.4
  48.9 266.4 49.1 265.5 49.2 264.5 49.4 263.5 49.6 262.4 49.7 261.4 49.8 260.4
  49.9 259.3 50.0 258.3 50.1 257.4 50.2 256.4 50.3 255.5 50.4 254.5 50.6 253.5
  50.8 252.6 50.9 251.6 51.2 250.7 51.5 249.8 51.8 249.0 52.2 248.2 52.5 248.0
  52.8 247.8 53.1 247.5 53.5 247.2 53.7 246.9 54.0 246.6 54.3 246.6 54.6 246.7
  54.8 246.6 55.0 246.6 55.2 246.5 55.4 246.4 55.6 246.2 55.8 246.1 56.0 245.9
  56.1 245.6 56.3 245.9 56.5 246.2 56.6 246.4 56.8 246.7 56.9 246.9 57.0 247.1
  57.2 247.3 57.3 247.6 57.4 247.8 57.5 248.1 57.3 248.3 57.1 248.5 56.9 248.8
  56.6 249.0 56.3 249.2 56.0 249.4 55.6 249.0 55.2 248.6 54.7 248.3 54.3 248.0
  53.9 247.7 53.4 247.1 52.9 246.4 52.4 245.8 51.9 245.2 51.4 244.5 50.8 243.7
  50.5 242.8 50.2 242.0 49.8 241.2 49.5 240.3 49.1 239.4 49.2 238.5 49.2 237.6
  49.2 236.7 49.1 235.8 49.3 235.0 49.4 234.1 49.5 233.3 49.5 232.5 49.6 231.7
  49.7 231.0 49.7 230.2 49.8 229.5 49.8 228.8 49.9 228.1 49.9 227.5 49.9 226.8
  50.0 226.1 50.1 225.4 50.1 224.8 50.2 224.1 50.3 223.5 50.4 222.8 50.6 222.2
  50.8 221.6 50.9 221.0 51.1 220.4 51.3 219.8 51.4 219.1 51.5 218.5 51.7 217.9
  51.8 217.2 52.0 216.6 52.1 215.9 52.2 215.4 52.2 214.8 52.3 214.2 52.4 213.7
  52.5 213.1 52.7 212.5 52.8 211.9 52.9 211.3 53.0 210.7 53.1 210.1 53.2 209.4
  53.4 208.8 53.5 208.2 53.7 207.6 53.8 207.0 54.0 206.4 54.1 205.9 54.3 205.4
  54.5 205.0 54.7 204.5 54.9 204.1 55.1 203.7 55.3 203.3 55.5 202.9 55.7 202.5
  55.9 202.1 56.2 201.7 56.4 201.4 56.7 201.1 57.0 200.8 57.2 200.5 57.5 200.2
  57.8 199.9 58.0 199.6 58.1 199.3 58.3 198.8 58.5 198.3 58.7 197.8 58.9 197.2
  59.0 196.6 59.2 196.0 59.3 195.3 59.3 194.7 59.4 194.0 59.5 193.3 59.6 192.6
  59.7 191.9 59.8 191.3 59.8 190.6
   8 13 51  0.0
  72.5 321.4 72.4 320.9 72.3 320.4 72.2 320.0 72.0 319.5 71.8 319.0 71.7 318.6
  71.5 318.1 71.4 317.6 71.2 317.2 71.1 316.7 71.0 316.3 70.8 315.8 70.6 315.4
  70.3 315.0 70.1 314.5 69.8 314.1 69.6 313.8 69.4 313.5 69.2 313.2 69.0 312.9
  68.7 312.6 68.5 312.3 68.3 312.1 68.1 311.8 67.8 311.5 67.4 311.3 67.1 311.1
  66.8 310.9 66.5 310.7 66.2 310.5 65.9 310.3 65.6 310.1 65.3 309.8 65.0 309.6
  64.7 309.3 64.4 309.1 64.0 308.8 63.7 308.6 63.4 308.3 63.1 307.9 62.7 307.6
  62.4 307.2 62.0 306.9 61.6 306.5 61.3 306.2 60.9 305.8 60.5 305.5 60.1 305.1
  59.7 304.7 59.3 304.4 58.9 304.0 58.5 303.7 58.1 303.3 57.7 303.0 57.4 302.6
  57.0 302.2 56.6 301.8 56.2 301.4 55.7 301.0 55.3 300.5 54.8 300.0 54.4 299.5
  54.1 299.0 53.8 298.4 53.5 297.8 53.2 297.1 53.0 296.5 52.7 295.8 52.5 295.2
  52.3 294.6 52.2 293.9 52.0 293.3 51.8 292.5 51.6 291.8 51.5 291.0 51.4 290.2
  51.2 289.5 51.1 288.7 50.9 288.0 50.8 287.2 50.7 286.5 50.6 285.7 50.4 284.9
  50.2 284.0 50.1 283.2 49.9 282.3 49.8 281.4 49.7 280.5 49.6 279.5 49.4 278.5
  49.2 277.5 49.0 276.5 48.8 275.5 48.7 274.4 48.6 273.3 48.5 272.2 48.4 271.1
  48.5 270.1 48.5 269.0 48.6 267.9 48.9 266.9 49.1 265.9 49.4 264.9 49.7 263.9
  50.0 262.9 50.4 262.2 50.7 261.4 51.1 260.6 51.4 259.8 51.6 259.1 51.8 258.3
  52.0 257.5 52.3 257.0 52.4 256.6 52.6 256.1 52.8 255.6 53.0 255.0 53.2 254.5
  53.4 254.0 53.6 253.5 53.8 253.0 54.0 252.5 54.3 252.7 54.6 253.0 54.9 253.2
  55.2 253.4 55.5 253.7 55.9 253.9 56.3 254.1 56.8 254.8 57.2 255.5 57.7 256.2
  58.0 256.9 58.2 257.5 58.5 258.1 58.8 258.6 59.1 259.0 59.4 259.4 59.7 259.7
  60.0 260.0 60.3 260.2 60.6 260.4 60.9 260.5 61.2 260.5 61.6 260.6 61.9 260.5
  62.2 260.4 62.6 260.4 63.0 260.3 63.4 260.2 63.8 260.0 64.2 259.8 64.7 259.7
  65.1 259.7 65.5 259.6 65.9 259.5 66.3 259.3 66.7 259.4 67.1 259.3 67.6 259.3
  68.0 259.2 68.4 259.0 68.8 258.7 69.2 258.4 69.7 257.9 70.1 257.4 70.5 256.6
  70.9 255.6 71.2 254.6 71.5 253.4 71.8 252.2 72.0 250.8 72.3 249.2 72.5 247.4
  72.7 245.5 72.8 243.5 72.9 241.4 73.0 239.2 73.1 236.9 73.1 234.7 73.1 232.5
  73.1 230.3 73.0 228.2 72.9 226.2 72.8 224.3 72.7 222.4 72.6 220.6 72.4 219.0
  72.2 217.4 72.0 215.9 71.7 214.8 71.5 213.7 71.3 212.7 71.0 211.7 70.7 210.8
  70.4 209.9 70.1 209.1 69.8 208.4 69.5 207.9 69.2 207.4 68.9 207.0 68.6 206.5
  68.3 206.2 68.0 205.8 67.7 205.5 67.4 205.1 67.2 204.7 66.9 204.3 66.6 203.9
  66.3 203.5 66.0 203.0 65.7 202.5 65.4 201.9 65.1 201.3 64.8 200.7 64.6 200.1
  64.3 199.5 64.0 198.8 63.8 198.1 63.5 197.5 63.3 196.8 63.1 196.1 62.9 195.4
  62.8 194.6 62.7 193.8 62.6 193.1 62.6 192.2 62.5 191.4 62.5 190.5 62.5 189.6
  62.5 188.6 62.5 187.6 62.5 186.6 62.5 185.6 62.5 184.6 62.5 183.5 62.6 182.4
  62.7 181.3 62.8 180.2 62.8 179.1
   8 14 51  0.0
  72.5 321.4 72.3 320.7 72.2 320.0 72.0 319.3 71.8 318.8 71.6 318.3 71.4 317.9
  71.2 317.4 71.1 317.0 70.9 316.5 70.7 316.1 70.5 315.7 70.3 315.3 70.1 314.9
  69.9 314.5 69.8 314.1 69.6 313.7 69.4 313.3 69.2 312.9 69.1 312.5 68.9 312.1
  68.7 311.7 68.4 311.3 68.2 311.0 67.9 310.6 67.7 310.3 67.4 310.0 67.2 309.7
  66.9 309.4 66.7 309.2 66.4 308.9 66.2 308.7 65.9 308.5 65.7 308.4 65.5 308.3
  65.2 308.2 65.0 308.1 64.8 308.1 64.6 308.0 64.3 308.0 64.1 307.9 63.8 307.8
  63.6 307.7 63.4 307.6 63.2 307.4 63.0 307.3 62.7 307.1 62.5 306.9 62.3 306.7
  62.1 306.5 61.8 306.3 61.6 306.0 61.4 305.7 61.1 305.4 60.9 305.1 60.6 304.8
  60.4 304.6 60.1 304.3 59.8 304.0 59.6 303.8 59.4 303.6 59.3 303.4 59.2 303.2
  59.0 303.0 58.9 302.7 58.7 302.5 58.5 302.2 58.3 302.0 58.1 301.7 57.9 301.4
  57.6 301.0 57.4 300.7 57.1 300.3 56.9 299.9 56.7 299.5 56.6 299.1 56.4 298.7
  56.3 298.3 56.1 297.9 55.9 297.5 55.7 297.0 55.4 296.4 55.2 295.9 55.1 295.3
  55.0 294.8 54.9 294.2 54.8 293.6 54.7 293.1 54.6 292.5 54.5 292.0 54.5 291.4
  54.5 290.9 54.4 290.3 54.4 289.7 54.3 289.1 54.2 288.5 54.1 287.9 54.1 287.3
  54.0 286.6 53.9 285.8 53.7 285.0 53.6 284.2 53.4 283.3 53.3 282.4 53.1 281.4
  52.9 280.4 52.7 279.3 52.5 278.3 52.3 277.2 52.1 276.1 51.9 275.1 51.8 274.0
  51.7 272.9 51.7 271.8 51.8 270.8 51.9 269.8 52.1 268.8 52.3 268.1 52.4 267.4
  52.8 266.8 53.1 266.2 53.4 265.6 53.8 265.0 54.2 264.5 54.5 264.3 54.9 264.1
  55.3 264.0 55.7 263.9 56.1 263.7 56.4 264.0 56.8 264.2 57.2 264.4 57.6 264.6
  57.9 264.9 58.3 265.1 58.7 265.4 59.0 265.7 59.3 266.0 59.6 266.3 59.9 266.5
  60.2 266.8 60.5 266.9 60.8 267.1 61.1 267.2 61.4 267.4 61.7 267.6 62.0 267.7
  62.2 267.9 62.5 268.0 62.8 268.1 63.2 268.2 63.5 268.4 63.9 268.5 64.2 268.7
  64.6 268.6 65.1 268.5 65.5 268.4 65.9 268.4 66.4 268.4 66.9 268.2 67.4 268.0
  67.9 267.8 68.3 267.7 68.8 267.5 69.2 267.4 69.7 267.2 70.1 267.1 70.6 267.0
  71.0 266.9 71.4 266.8 71.8 266.7 72.2 266.6 72.5 266.3 72.9 266.1 73.2 265.9
  73.5 265.6 73.7 265.3 74.0 265.0 74.2 264.6 74.4 264.1 74.6 263.6 74.8 262.9
  75.0 262.2 75.1 261.5 75.3 260.6 75.4 259.6 75.5 258.5 75.6 257.3 75.7 256.0
  75.8 254.5 75.9 253.0 75.9 251.2 76.0 249.4 76.1 247.7 76.1 245.8 76.2 243.9
  76.3 241.8 76.3 239.6 76.3 237.4 76.4 235.1 76.4 232.8 76.5 230.4 76.5 228.1
  76.5 225.7 76.5 223.4 76.5 221.3 76.5 219.4 76.5 217.6 76.5 215.9 76.4 214.3
  76.4 212.9 76.3 211.6 76.2 210.4 76.1 209.3 75.9 208.3 75.8 207.1 75.6 205.9
  75.4 204.9 75.2 204.0 75.0 203.2 74.7 202.5 74.4 201.8 74.1 201.2 73.7 200.7
  73.4 200.1 73.1 199.6 72.7 199.1 72.3 198.7 71.8 198.3 71.4 198.0 71.0 197.6
  70.6 197.3 70.1 197.0 69.7 196.7 69.3 196.4 68.9 196.0 68.5 195.6 68.1 195.3
  67.8 194.9 67.4 194.3 67.1 193.7
   8 15 51  0.0
  72.5 321.4 72.5 320.6 72.4 319.7 72.3 318.9 72.2 318.0 72.1 317.1 72.0 316.2
  71.9 315.6 71.7 315.1 71.5 314.6 71.2 314.2 70.9 313.7 70.7 313.3 70.3 312.9
  70.0 312.6 69.7 312.2 69.3 312.3 69.0 312.3 68.6 312.4 68.2 312.4 67.8 312.4
  67.4 312.4 67.0 312.4 66.6 312.4 66.2 312.3 65.8 312.3 65.5 312.0 65.0 311.7
  64.6 311.4 64.2 311.0 63.8 310.7 63.4 310.3 63.1 309.8 62.8 309.3 62.5 308.8
  62.2 308.3 61.9 307.9 61.5 307.3 61.1 306.8 60.8 306.3 60.4 305.8 60.0 305.3
  59.6 304.8 59.3 304.2 59.0 303.6 58.6 303.0 58.2 302.4 57.8 301.8 57.5 301.1
  57.1 300.3 56.8 299.6 56.4 298.8 56.0 298.0 55.6 297.2 55.3 296.3 55.0 295.3
  54.6 294.3 54.2 293.3 53.8 292.3 53.4 291.3 53.0 290.2 52.6 289.2 52.2 288.1
  51.8 287.0 51.5 285.9 51.3 284.8 51.0 283.7 50.9 282.6 50.8 281.5 50.7 280.4
  50.5 279.4 50.5 278.4 50.5 277.4 50.4 276.5 50.4 275.6 50.4 274.7 50.4 273.8
  50.3 273.0 50.3 272.2 50.3 271.4 50.3 270.6 50.2 269.8 50.2 269.0 50.2 268.3
  50.1 267.5 50.2 266.8 50.3 266.1 50.3 265.3 50.4 264.6 50.4 263.9 50.5 263.2
  50.7 262.4 50.9 261.7 51.0 261.0 51.2 260.2 51.3 259.5 51.6 258.8 51.8 258.1
  52.1 257.4 52.3 256.7 52.6 256.0 52.9 255.3 53.1 254.6 53.4 253.9 53.6 253.2
  53.9 252.5 54.2 251.9 54.4 251.5 54.6 251.1 54.8 250.7 55.0 250.3 55.3 250.0
  55.5 249.7 55.8 249.5 56.0 249.2 56.2 249.0 56.5 249.1 56.8 249.1 57.1 249.2
  57.3 249.3 57.6 249.4 57.9 249.5 58.2 249.6 58.5 249.7 58.7 249.8 59.0 249.9
  59.3 250.0 59.5 250.0 59.8 250.1 60.0 250.2 60.2 250.1 60.5 250.1 60.7 250.0
  60.9 249.9 61.1 249.8 61.3 249.7 61.5 249.6 61.7 249.6 61.9 249.5 62.2 249.4
  62.4 249.2 62.7 249.0 62.9 248.7 63.2 248.5 63.4 248.3 63.7 248.0 64.0 247.8
  64.3 247.6 64.6 247.3 65.0 247.1 65.3 246.9 65.6 246.6 66.0 246.4 66.3 246.1
  66.7 245.7 67.0 245.4 67.4 245.0 67.8 244.6 68.1 244.2 68.5 243.8 68.8 243.3
  69.1 242.8 69.3 242.3 69.6 241.8 69.8 241.3 70.1 240.7 70.3 240.0 70.5 239.3
  70.6 238.6 70.8 237.8 70.9 237.0 71.0 236.2 71.1 235.4 71.1 234.6 71.1 233.8
  71.0 233.0 71.0 232.1 71.0 231.3 70.9 230.5 70.8 229.7 70.7 228.9 70.6 228.2
  70.5 227.4 70.4 226.6 70.3 225.7 70.2 224.9 70.1 224.0 69.9 223.1 69.8 222.6
  69.6 222.0 69.5 221.5 69.3 220.9 69.2 220.4 69.0 219.8 68.8 219.3 68.5 218.7
  68.3 218.2 68.0 217.6 67.7 217.4 67.4 217.2 67.1 216.9 66.8 216.7 66.5 216.5
  66.2 216.2 65.8 216.0 65.4 215.9 65.1 215.7 64.8 215.6 64.4 215.5 64.1 215.4
  63.8 215.3 63.5 215.5 63.2 215.6 63.0 215.7 62.7 215.9 62.4 216.1 62.2 216.3
  61.9 216.5 61.7 216.6 61.5 216.7 61.2 216.8 61.0 216.9 60.7 217.1 60.5 217.2
  60.2 217.3 59.9 217.5 59.6 217.3 59.3 217.0 59.0 216.8 58.7 216.5 58.3 216.3
  58.0 216.1 57.8 215.9 57.3 215.4 56.9 215.0 56.5 214.5 56.2 214.1 55.8 213.7
  55.5 213.2 55.2 212.7 54.9 212.3
   8 16 51  0.0
  72.5 321.4 72.5 320.8 72.6 320.3 72.6 319.8 72.6 319.3 72.6 318.8 72.7 318.3
  72.7 317.8 72.7 317.4 72.8 317.0 72.8 316.5 72.9 316.1 72.9 315.7 73.0 315.3
  73.0 314.9 73.1 314.4 73.1 314.0 73.1 313.5 73.1 313.0 73.1 312.5 73.0 311.9
  73.0 311.4 72.9 310.8 72.8 310.3 72.7 309.7 72.6 309.2 72.5 308.6 72.3 308.0
  72.1 307.5 72.0 306.9 71.8 306.8 71.6 306.8 71.4 306.7 71.1 306.7 70.8 306.6
  70.5 306.6 70.2 306.6 69.9 306.5 69.5 307.4 69.2 308.1 68.7 308.7 68.2 309.2
  67.7 309.6 67.2 309.9 66.6 310.2 66.0 310.4 65.4 310.5 64.9 310.3 64.4 310.1
  63.8 309.9 63.4 309.5 62.9 309.1 62.5 308.7 62.1 308.3 61.7 307.9 61.2 307.3
  60.8 306.7 60.4 306.2 59.9 305.7 59.5 305.1 59.1 304.6 58.6 304.1 58.2 303.5
  57.7 303.0 57.2 302.4 56.7 301.7 56.3 301.1 55.8 300.4 55.4 299.7 55.1 298.9
  54.7 298.1 54.4 297.2 54.1 296.3 53.8 295.4 53.5 294.3 53.2 293.3 52.9 292.2
  52.7 291.2 52.4 290.1 52.1 289.0 51.8 287.8 51.6 286.7 51.3 285.5 51.1 284.3
  50.8 283.1 50.7 281.9 50.6 280.7 50.5 279.6 50.5 278.5 50.5 277.4 50.6 276.4
  50.6 275.4 50.6 274.4 50.7 273.4 50.8 272.5 50.8 271.6 50.9 270.7 51.0 269.8
  51.1 269.0 51.1 268.2 51.2 267.3 51.3 266.6 51.4 265.8 51.5 265.0 51.6 264.3
  51.7 263.6 51.9 262.9 52.1 262.2 52.3 261.5 52.5 260.8 52.7 260.1 52.9 259.4
  53.2 258.7 53.5 258.0 53.8 257.3 54.2 256.7 54.5 256.1 54.8 255.5 55.2 254.9
  55.5 254.3 55.8 253.8 56.2 253.3 56.6 252.9 57.0 252.5 57.5 252.2 58.0 251.9
  58.4 251.7 58.8 251.5 59.3 251.3 59.8 251.2 60.3 251.1 60.8 251.0 61.4 250.9
  61.9 250.9 62.5 250.8 63.0 250.7 63.5 250.6 63.9 250.5 64.4 250.4 64.8 250.3
  65.2 250.3 65.6 250.2 66.0 250.1 66.4 250.0 66.7 249.9 67.1 249.7 67.5 249.6
  67.9 249.4 68.3 249.3 68.7 248.9 69.1 248.6 69.5 248.2 69.8 247.9 70.2 247.5
  70.6 246.8 71.0 246.1 71.4 245.4 71.7 244.7 72.1 243.9 72.4 242.7 72.6 241.4
  72.9 240.1 73.1 238.8 73.2 237.4 73.4 236.0 73.5 234.6 73.6 233.2 73.6 231.8
  73.6 230.4 73.6 229.0 73.5 227.6 73.4 226.2 73.3 224.9 73.2 223.6 73.0 222.4
  72.8 221.1 72.7 220.0 72.4 218.8 72.2 217.7 71.9 216.6 71.7 215.9 71.4 215.2
  71.1 214.6 70.8 213.9 70.4 213.2 70.1 212.5 69.8 211.8 69.4 211.6 69.0 211.3
  68.6 211.1 68.2 210.8 67.8 210.6 67.4 210.5 67.0 210.4 66.7 210.4 66.3 210.3
  65.9 210.2 65.6 210.2 65.2 210.2 64.9 210.2 64.5 210.2 64.2 210.2 63.8 210.3
  63.4 210.4 63.1 210.5 62.7 210.6 62.4 210.7 62.0 210.8 61.7 210.9 61.3 211.1
  61.0 211.2 60.7 211.4 60.4 211.5 60.1 211.6 59.8 211.7 59.6 211.9 59.3 212.1
  59.1 212.3 58.9 212.4 58.7 212.5 58.5 212.6 58.3 212.7 58.2 212.7 58.0 212.7
  57.9 212.7 57.8 212.5 57.6 212.4 57.5 212.2 57.4 211.9 57.1 211.7 56.8 211.5
  56.4 211.2 56.0 211.0 55.6 210.8 55.2 210.4 54.8 210.0 54.4 209.6 54.0 209.2
  53.6 208.7 53.2 208.2 52.8 207.7
   8 17 51  0.0
  72.5 321.4 72.5 320.7 72.6 320.1 72.6 319.4 72.6 318.8 72.6 318.3 72.6 317.7
  72.6 317.2 72.6 316.7 72.5 316.3 72.5 315.9 72.4 315.5 72.2 315.2 72.1 314.9
  71.9 314.6 71.7 314.4 71.6 314.2 71.5 314.0 71.3 313.8 71.2 313.6 71.1 313.5
  70.9 313.3 70.8 313.0 70.7 312.8 70.6 312.6 70.5 312.4 70.4 312.2 70.3 312.0
  70.2 311.8 70.0 311.6 69.9 311.4 69.8 311.3 69.7 311.2 69.6 311.0 69.5 310.9
  69.4 310.8 69.3 310.6 69.2 310.5 69.0 310.4 68.9 310.3 68.8 310.2 68.6 310.2
  68.4 310.2 68.1 310.2 67.8 310.2 67.5 310.5 67.2 310.8 66.8 311.1 66.4 311.3
  66.0 311.6 65.5 311.9 65.0 312.1 64.6 312.3 64.1 312.5 63.6 312.7 63.2 312.8
  62.7 312.8 62.2 312.9 61.8 312.9 61.3 312.8 60.9 312.7 60.4 312.6 60.0 312.5
  59.6 312.1 59.2 311.8 58.9 311.4 58.5 310.9 58.2 310.5 57.9 310.0 57.6 309.4
  57.4 308.7 57.1 308.0 56.9 307.4 56.6 306.7 56.2 306.0 55.9 305.3 55.6 304.6
  55.3 303.8 54.9 303.0 54.5 302.3 54.1 301.5 53.7 300.8 53.3 299.9 53.1 298.9
  52.8 298.0 52.5 297.0 52.3 295.9 52.2 294.8 52.1 293.7 52.0 292.5 51.9 291.3
  51.8 290.0 51.8 288.7 51.7 287.5 51.7 286.2 51.7 284.9 51.6 283.7 51.6 282.4
  51.7 281.2 51.7 280.0 51.7 278.9 51.7 277.7 51.8 276.6 51.9 275.5 52.0 274.5
  52.2 273.4 52.4 272.4 52.5 271.3 52.8 270.2 53.0 269.2 53.2 268.1 53.5 267.1
  53.7 266.2 54.0 265.2 54.4 264.4 54.7 263.5 55.1 262.7 55.5 261.9 55.9 261.2
  56.3 260.5 56.8 259.8 57.2 259.1 57.7 258.4 58.1 257.7 58.6 257.1 59.1 256.5
  59.6 255.9 60.0 255.3 60.5 254.8 61.1 254.3 61.6 253.7 62.1 253.2 62.7 252.7
  63.3 252.3 63.9 251.8 64.4 251.4 65.0 251.1 65.6 250.8 66.2 250.5 66.7 250.1
  67.3 249.8 67.8 249.4 68.2 249.1 68.7 248.5 69.1 247.9 69.5 247.3 69.8 246.6
  70.2 245.9 70.5 244.8 70.8 243.7 71.0 242.6 71.2 241.4 71.4 240.2 71.5 238.8
  71.6 237.5 71.7 236.1 71.8 234.7 71.8 233.3 71.8 231.8 71.8 230.3 71.8 228.9
  71.7 227.4 71.6 226.0 71.5 224.6 71.4 223.2 71.2 221.9 71.0 220.6 70.8 219.3
  70.6 218.0 70.3 216.8 70.0 215.6 69.7 214.4 69.4 213.5 69.1 212.6 68.8 211.6
  68.4 210.8 68.0 209.9 67.6 209.1 67.3 208.4 66.9 207.7 66.5 206.9 66.0 206.2
  65.5 205.6 65.1 205.0 64.7 204.4 64.3 203.8 63.7 203.2 63.2 202.6 62.7 201.9
  62.2 201.1 61.8 200.4 61.4 199.6 60.9 198.7 60.5 197.8 60.0 196.8 59.7 195.7
  59.2 194.7 58.8 193.7 58.4 192.6 58.0 191.4 57.6 190.3 57.2 189.4 56.9 188.5
  56.5 187.6 56.2 186.6 55.9 185.7 55.7 184.9 55.4 184.1 55.2 183.3 55.1 182.5
  55.0 181.6 54.9 180.8 54.7 180.0 54.7 179.2 54.6 178.4 54.5 177.6 54.4 176.8
  54.3 176.0 54.2 175.2 54.1 174.5 54.0 173.7 54.0 173.0 53.9 172.4 53.8 171.7
  53.8 171.1 53.8 170.4 53.8 169.7 53.7 169.0 53.7 168.3 53.7 167.6 53.8 166.8
  53.9 166.1 54.0 165.3 54.1 164.6 54.2 164.0 54.4 163.3 54.6 162.7 54.9 162.1
  55.2 161.5 55.5 161.0 55.8 160.4
   8 18 51  0.0
  72.5 321.4 72.6 320.8 72.8 320.2 72.9 319.5 73.0 318.9 73.1 318.2 73.2 317.5
  73.3 316.8 73.4 316.1 73.5 315.4 73.6 314.6 73.7 313.8 73.8 313.0 73.9 312.2
  74.0 311.3 74.1 310.5 74.2 309.4 74.2 308.3 74.3 307.3 74.3 306.3 74.4 305.4
  74.4 304.6 74.4 303.9 74.4 303.2 74.4 302.7 74.3 302.2 74.3 301.8 74.2 301.6
  74.2 301.4 74.1 301.3 74.0 301.4 73.8 301.5 73.7 301.7 73.5 301.9 73.4 302.2
  73.2 302.5 72.9 302.9 72.7 303.3 72.4 303.6 72.1 303.9 71.9 304.2 71.7 304.4
  71.5 304.5 71.3 304.7 71.1 304.8 70.9 304.9 70.7 305.0 70.5 305.1 70.3 305.2
  70.1 305.2 69.9 305.3 69.8 305.4 69.6 305.5 69.4 305.6 69.3 305.7 69.1 305.7
  69.0 305.8 68.8 305.9 68.6 305.9 68.5 306.0 68.3 306.0 68.2 306.1 68.0 306.1
  67.8 306.4 67.6 306.7 67.3 307.0 67.1 307.3 66.8 307.6 66.5 307.9 66.1 308.2
  65.8 308.6 65.4 309.0 64.9 309.3 64.5 309.6 64.0 309.9 63.5 310.1 63.0 310.2
  62.4 310.3 61.9 310.4 61.4 310.3 60.9 310.1 60.4 309.9 60.0 309.6 59.6 309.1
  59.2 308.6 58.8 308.0 58.5 307.4 58.2 306.8 57.9 306.1 57.7 305.3 57.5 304.5
  57.2 303.7 57.0 302.8 56.7 302.0 56.5 301.2 56.2 300.4 56.0 299.5 55.7 298.6
  55.5 297.7 55.2 296.7 55.0 295.8 54.9 294.7 54.7 293.7 54.6 292.6 54.5 291.5
  54.5 290.4 54.6 289.2 54.6 288.0 54.6 286.8 54.8 285.5 55.0 284.3 55.2 283.0
  55.4 281.8 55.7 280.7 55.9 279.6 56.1 278.5 56.3 277.6 56.6 276.8 56.8 276.0
  57.0 275.2 57.2 274.4 57.4 273.6 57.7 272.9 57.9 272.1 58.1 271.3 58.4 270.9
  58.7 270.5 59.0 270.1 59.4 269.6 59.7 269.2 60.0 268.8 60.3 269.0 60.7 269.1
  61.0 269.3 61.3 269.5 61.6 269.6 61.9 269.7 62.1 269.8 62.4 270.2 62.6 270.6
  62.8 270.9 63.0 271.3 63.2 271.6 63.4 271.8 63.5 272.1 63.5 272.3 63.4 272.5
  63.4 272.6 63.3 272.7 63.2 272.8 63.1 272.9 63.0 272.9 62.8 272.9 62.6 272.9
  62.4 272.8 62.2 272.7 62.0 272.6 61.7 272.3 61.4 271.9 61.4 271.6 61.4 271.3
  61.3 271.0 61.3 270.8 61.2 270.6 61.2 270.4 61.2 270.2 61.1 270.1 61.1 270.0
  61.1 269.9 61.1 269.9 61.0 269.8 61.0 269.9 61.0 269.9 61.0 270.0 61.0 270.0
  60.9 270.1 60.9 270.3 60.9 270.4 60.9 270.6 60.9 270.8 60.9 271.0 60.9 271.2
  60.9 271.4 61.0 271.6 61.0 271.9 61.1 272.1 61.0 272.3 60.9 272.5 60.9 272.8
  60.8 273.0 60.8 273.2 60.8 273.4 60.8 273.7 60.9 273.9 61.0 274.2 61.0 274.4
  61.2 274.7 61.3 275.0 61.5 275.2 61.7 275.5 61.9 275.9 62.1 276.2 62.2 276.7
  62.3 277.2 62.4 277.6 62.5 278.1 62.6 278.4 62.8 278.8 63.0 279.0 63.2 279.3
  63.4 279.5 63.6 279.6 63.9 279.8 64.2 279.9 64.5 279.6 64.8 279.3 65.2 279.0
  65.6 278.7 65.9 278.4 66.3 278.1 66.7 277.6 67.1 277.2 67.5 276.7 68.0 276.2
  68.4 275.7 68.8 275.5 69.2 275.4 69.6 275.3 70.0 275.2 70.5 275.6 70.9 276.1
  71.2 276.6 71.6 277.1 71.9 277.6 72.2 278.3 72.5 279.5 72.8 280.7 73.0 282.1
  73.2 283.5 73.3 285.0 73.4 286.6
   8 19 51  0.0
  72.5 321.4 72.6 321.5 72.8 321.6 72.9 321.6 73.0 321.5 73.2 321.4 73.3 321.3
  73.5 321.1 73.7 320.9 73.8 320.6 74.0 320.2 74.1 319.8 74.3 319.1 74.4 318.4
  74.6 317.6 74.8 316.8 74.9 316.1 75.1 315.3 75.2 314.5 75.3 313.6 75.4 312.8
  75.5 311.9 75.6 311.0 75.7 310.1 75.8 309.1 75.9 308.1 76.0 307.1 76.1 305.9
  76.2 304.7 76.3 303.3 76.4 302.0 76.5 300.5 76.6 299.0 76.7 297.3 76.7 295.6
  76.8 293.9 76.9 292.0 77.0 290.0 77.0 288.1 77.1 286.3 77.1 284.5 77.2 282.9
  77.2 281.3 77.2 279.8 77.3 278.3 77.3 276.9 77.3 275.5 77.3 274.1 77.3 272.7
  77.4 271.4 77.4 270.1 77.4 268.7 77.4 267.4 77.4 266.1 77.4 264.8 77.4 263.4
  77.5 262.0 77.5 260.6 77.5 259.1 77.5 257.6 77.6 256.1 77.6 254.5 77.6 252.9
  77.6 251.2 77.7 249.3 77.7 247.4 77.7 245.4 77.7 243.3 77.7 241.1 77.7 238.9
  77.8 236.7 77.8 234.5 77.7 232.3 77.7 230.1 77.7 227.9 77.6 225.7 77.6 223.5
  77.5 221.4 77.4 219.4 77.2 217.4 77.1 215.4 76.9 213.4 76.7 211.5 76.5 209.5
  76.3 207.6 76.1 205.6 75.8 203.7 75.6 201.7 75.3 199.7 75.1 197.7 74.8 195.7
  74.6 193.6 74.3 191.6 74.1 189.6 73.9 187.5 73.8 185.7 73.7 183.8 73.6 181.9
  73.5 180.0 73.5 178.0 73.4 175.8 73.4 173.6 73.4 171.3 73.4 169.0 73.4 166.6
  73.4 164.2 73.4 161.7 73.3 159.3 73.2 156.9 73.1 154.5 73.0 152.2 72.9 150.0
  72.7 148.0 72.5 146.0 72.4 144.2 72.2 142.4 72.0 140.7 71.8 139.2 71.7 137.7
  71.5 136.2 71.4 134.8 71.2 133.4 71.1 132.0 71.0 130.6 70.9 129.2 70.8 127.8
  70.7 126.4 70.6 125.0 70.5 123.5 70.4 122.1 70.3 120.6 70.2 119.1 70.1 117.6
  69.9 116.1 69.8 114.9 69.7 113.7 69.6 112.6 69.5 111.5 69.3 110.4 69.2 109.4
  69.1 108.4 68.9 107.4 68.8 106.4 68.7 105.5 68.6 104.5 68.5 103.6 68.4 102.7
  68.3 101.8 68.2 101.0 68.2 100.1 68.1  99.3 68.1  98.4 68.1  97.6 68.1  96.8
  68.2  96.0 68.3  95.2 68.4  94.4 68.5  93.7 68.6  92.9 68.7  92.1 68.9  91.3
  69.1  90.5 69.3  89.7 69.5  88.9 69.7  88.0 69.9  87.1 70.2  86.2 70.4  85.0
  70.7  83.8 70.9  82.5 71.1  81.1 71.3  79.7 71.4  79.2 71.5  78.7 71.7  78.2
  71.8  77.7 71.9  77.2 72.0  76.7 72.0  76.2 72.1  75.6 72.2  75.0 72.2  74.4
  72.2  73.9 72.2  73.3 72.3  72.7 72.4  72.2 72.4  71.6 72.5  71.1 72.6  70.6
  72.7  70.1 72.8  69.6 72.9  69.1 73.0  68.6 73.2  68.1 73.3  67.7 73.5  67.2
  73.7  66.7 73.9  66.3 74.1  65.8 74.3  65.4 74.5  64.9 74.8  64.4 75.0  63.9
  75.3  63.5 75.5  63.0 75.7  62.5 76.0  62.1 76.2  61.6 76.4  61.1 76.6  60.7
  76.9  60.2 77.1  59.8 77.3  59.3 77.5  58.9 77.7  58.4 77.8  58.0 78.0  57.6
  78.2  57.3 78.4  56.9 78.6  56.6 78.8  56.3 78.9  56.0 79.1  55.7 79.3  55.4
  79.5  55.1 79.7  54.9 79.8  54.6 80.0  54.3 80.3  54.2 80.5  54.2 80.7  54.1
  80.9  54.1 81.1  54.0 81.2  53.9 81.4  53.8 81.6  53.7 81.8  53.7 81.9  53.6
  82.1  53.5 82.2  53.5 82.4  53.5
   8 20 51  0.0
  72.5 321.4 72.5 322.1 72.6 322.7 72.7 323.4 72.7 324.1 72.8 324.7 72.9 325.4
  73.0 326.1 73.0 326.8 73.1 327.5 73.2 328.2 73.2 328.9 73.2 329.6 73.3 330.2
  73.3 330.9 73.3 331.4 73.4 331.9 73.5 332.4 73.5 332.8 73.6 333.1 73.6 333.4
  73.7 333.7 73.8 333.9 73.9 334.0 74.1 334.1 74.2 333.8 74.4 333.5 74.6 333.1
  74.8 332.7 75.1 332.2 75.3 331.7 75.5 331.1 75.8 330.4 76.1 329.7 76.4 328.8
  76.7 327.9 77.0 327.0 77.3 325.9 77.6 324.8 77.9 323.7 78.1 322.5 78.4 321.4
  78.7 320.3 79.0 319.2 79.2 318.0 79.4 316.8 79.6 315.5 79.8 314.2 80.0 312.8
  80.1 311.4 80.3 310.3 80.5 309.2 80.6 308.0 80.7 306.8 80.8 305.6 80.9 304.3
  80.9 303.1 81.0 301.8 81.1 300.5 81.1 299.2 81.1 297.9 81.1 296.5 81.2 295.2
  81.2 293.8 81.2 292.4 81.2 291.0 81.2 289.7 81.2 288.3 81.1 286.9 81.1 285.6
  81.1 284.3 81.0 283.0 80.9 281.8 80.8 280.5 80.7 279.4 80.6 278.3 80.4 277.2
  80.3 276.2 80.1 275.2 80.0 274.2 79.8 273.3 79.7 272.5 79.6 271.7 79.4 270.9
  79.3 270.2 79.2 269.5 79.1 268.8 79.0 268.0 78.9 267.2 78.8 266.3 78.8 265.4
  78.7 264.4 78.6 263.4 78.6 262.3 78.6 261.1 78.6 259.9 78.6 258.6 78.6 257.3
  78.6 255.8 78.5 254.4 78.5 252.8 78.5 251.3 78.5 249.7 78.5 248.1 78.5 246.4
  78.5 244.7 78.5 242.9 78.4 241.2 78.4 239.3 78.3 237.5 78.3 235.6 78.2 233.7
  78.1 231.8 77.9 230.0 77.8 228.1 77.7 226.2 77.5 224.4 77.3 222.5 77.2 220.5
  77.0 218.6 76.7 216.6 76.5 214.5 76.3 212.4 76.1 210.3 75.8 208.1 75.6 205.8
  75.4 203.4 75.1 200.9 74.9 198.3 74.6 195.6 74.3 192.9 74.1 190.1 73.8 187.3
  73.6 185.0 73.4 182.7 73.3 180.4 73.1 178.2 73.0 176.0 73.0 173.8 73.0 171.6
  73.0 169.5 73.0 167.3 73.1 165.2 73.2 163.0 73.2 160.8 73.3 158.6 73.4 156.5
  73.5 154.3 73.6 152.2 73.7 150.0 73.8 147.9 73.9 145.8 74.0 143.8 74.0 141.7
  74.1 139.5 74.1 137.4 74.2 135.2 74.3 133.0 74.3 130.8 74.3 128.7 74.3 126.6
  74.2 124.6 74.2 122.7 74.1 120.8 74.0 119.0 73.9 117.3 73.8 115.7 73.6 114.2
  73.5 112.7 73.4 111.3 73.2 109.9 73.0 108.6 72.9 107.3 72.7 106.1 72.6 105.0
  72.4 103.9 72.3 102.9 72.2 101.9 72.1 100.9 72.0 100.0 71.9  99.1 71.9  98.3
  71.9  97.4 71.9  96.6 71.9  95.7 72.0  94.8 72.1  93.7 72.2  92.6 72.3  91.5
  72.4  90.2 72.5  89.0 72.7  87.6 72.8  86.1 73.0  84.6 73.1  82.9 73.2  81.2
  73.4  79.4 73.4  78.8 73.5  78.3 73.6  77.7 73.7  77.2 73.7  76.6 73.8  76.0
  73.8  75.4 73.9  74.9 73.9  74.3 73.9  73.7 73.9  73.1 74.0  72.6 74.0  72.0
  74.1  71.5 74.2  71.0 74.3  70.4 74.4  69.9 74.5  69.4 74.6  68.9 74.7  68.4
  74.8  67.9 75.0  67.4 75.2  66.9 75.3  66.4 75.5  65.9 75.7  65.4 75.9  65.0
  76.1  64.5 76.3  64.0 76.5  63.6 76.7  63.1 76.9  62.6 77.1  62.2 77.3  61.7
  77.5  61.3 77.7  60.8 77.8  60.3 78.0  59.9 78.2  59.6 78.4  59.2 78.6  58.9
  78.8  58.6 78.9  58.3 79.1  58.0
   8 21 51  0.0
  72.5 321.4 72.4 322.2 72.3 323.0 72.2 323.8 72.1 324.5 72.1 325.3 72.2 326.0
  72.2 326.7 72.3 327.5 72.3 328.2 72.4 329.0 72.6 329.8 72.7 330.6 72.9 331.5
  73.0 332.4 73.1 333.4 73.2 334.4 73.3 335.4 73.4 336.4 73.4 337.4 73.4 338.4
  73.4 339.3 73.4 340.3 73.3 341.2 73.2 342.0 73.1 342.8 73.0 343.5 72.9 344.2
  72.7 344.8 72.5 345.4 72.3 345.8 72.0 346.2 71.8 346.5 71.6 347.4 71.3 348.2
  71.1 349.0 70.8 349.7 70.5 350.4 70.2 351.0 69.9 351.6 69.7 352.8 69.3 353.8
  69.0 354.7 68.6 355.4 68.2 356.0 67.7 356.4 67.2 356.9 66.6 357.2 65.9 357.3
  65.3 357.3 64.6 357.2 63.9 357.0 63.2 356.7 62.5 356.3 61.7 355.9 61.0 355.4
  60.3 355.0 59.5 354.6 58.8 354.2 58.0 353.9 57.2 353.5 56.5 353.1 55.7 352.6
  55.0 351.7 54.4 350.7 53.9 349.8 53.3 348.4 52.8 346.9 52.3 345.4 51.9 343.9
  51.5 342.2 51.2 340.4 50.8 338.7 50.6 337.0 50.5 335.3 50.4 333.5 50.3 331.8
  50.4 330.1 50.3 328.5 50.3 326.8 50.3 325.2 50.3 323.5 50.4 321.9 50.5 320.3
  50.6 318.7 50.8 317.2 51.0 315.7 51.1 314.3 51.3 313.0 51.4 311.8 51.4 310.6
  51.5 309.5 51.5 308.5 51.4 307.4 51.3 306.4 51.2 305.3 51.1 304.2 51.0 303.1
  51.0 302.0 51.0 300.9 51.0 299.7 51.2 298.5 51.5 297.2 51.7 295.8 52.1 294.4
  52.6 293.4 53.1 292.3 53.6 291.2 54.1 290.1 54.8 289.7 55.4 289.3 56.0 288.9
  56.7 288.9 57.3 288.8 57.9 288.8 58.4 288.7 59.0 288.9 59.5 289.1 59.9 289.3
  60.4 289.5 60.9 289.7 61.3 290.0 61.8 290.3 62.3 290.6 62.7 290.9 63.2 291.2
  63.7 291.6 64.1 292.0 64.6 292.3 64.9 292.8 65.2 293.3 65.4 293.9 65.7 294.5
  66.0 295.2 66.2 295.9 66.5 296.6 66.5 297.2 66.5 297.9 66.5 298.5 66.5 299.1
  66.5 299.8 66.5 300.4 66.2 301.1 66.0 301.7 65.8 302.4 65.5 302.8 65.3 303.2
  65.1 303.6 64.8 304.0 64.6 304.3 64.1 304.7 63.5 305.0 63.0 304.8 62.4 304.6
  61.9 304.3 61.4 303.5 61.2 302.6 61.0 301.6 60.7 300.7 60.5 299.7 60.5 298.8
  60.4 297.9 60.3 297.1 60.2 296.4 60.0 295.7 60.0 294.8 59.9 294.0 59.8 293.2
  59.8 292.5 59.7 291.8 59.7 291.1 59.8 290.4 59.9 289.8 59.9 289.1 60.0 288.5
  60.0 287.9 60.2 287.3 60.5 287.1 60.8 287.0 61.0 286.9 61.2 286.8 61.4 286.7
  61.6 286.6 61.8 286.6 62.0 286.5 62.1 286.4 62.3 286.7 62.4 286.9 62.5 287.2
  62.6 287.4 62.7 287.7 62.8 287.9 62.9 288.2 62.8 288.4 62.6 288.7 62.4 288.9
  62.2 289.2 62.0 289.4 61.8 289.6 61.6 289.6 61.3 289.5 61.1 289.5 60.8 289.5
  60.5 289.5 60.1 289.4 59.7 289.4 59.4 288.9 59.0 288.4 58.7 287.9 58.5 287.4
  58.3 287.0 58.0 286.6 57.8 286.2 57.6 285.4 57.4 284.8 57.2 284.1 57.0 283.5
  56.8 282.9 56.7 282.2 56.5 281.6 56.4 281.0 56.2 280.4 56.1 279.7 55.9 279.1
  55.8 278.3 55.6 277.5 55.4 276.7 55.3 275.9 55.1 275.1 55.0 274.2 54.8 273.3
  54.7 272.4 54.5 271.5 54.4 270.5 54.3 269.5 54.2 268.5 54.1 267.5 54.1 266.5
  54.2 265.5 54.2 264.5 54.2 263.6
   8 22 51  0.0
  72.5 321.4 72.3 322.0 72.1 322.7 71.9 323.3 71.7 323.8 71.4 324.2 71.2 324.7
  71.0 325.1 70.8 325.5 70.5 325.9 70.3 326.3 70.0 326.8 69.8 327.2 69.5 327.3
  69.3 327.3 69.1 327.4 68.9 327.5 68.7 327.6 68.5 327.7 68.4 327.8 68.3 327.9
  68.2 328.0 68.1 328.1 68.2 328.3 68.2 328.4 68.2 328.5 68.3 328.7 68.4 328.8
  68.5 329.0 68.6 329.2 68.8 329.3 68.9 329.5 69.1 329.8 69.3 330.0 69.5 330.2
  69.7 330.5 70.0 330.8 70.2 331.1 70.5 331.7 70.7 332.3 70.9 332.9 71.0 333.7
  71.2 334.4 71.3 335.2 71.4 336.1 71.5 336.9 71.5 337.8 71.5 338.8 71.5 339.7
  71.4 340.7 71.3 341.6 71.2 342.6 71.0 343.5 70.9 344.4 70.7 345.3 70.4 346.1
  70.2 346.9 69.9 347.7 69.7 349.2 69.4 350.6 69.1 352.0 68.7 353.4 68.2 354.6
  67.8 355.5 67.3 356.6 66.7 357.5 66.0 358.1 65.3 358.5 64.6 358.8 63.8 358.9
  63.0 358.6 62.3 358.4 61.4 358.1 60.6 357.6 59.9 357.2 59.1 356.7 58.3 356.2
  57.5 355.8 56.8 355.2 56.2 354.6 55.5 354.1 54.8 353.2 54.1 352.3 53.4 351.4
  52.9 350.0 52.3 348.6 51.7 347.1 51.2 345.3 50.7 343.5 50.3 341.7 49.9 340.0
  49.9 338.2 49.8 336.4 49.7 334.7 49.8 333.1 49.9 331.5 50.1 329.8 50.2 328.2
  50.3 326.7 50.4 325.1 50.5 323.5 50.7 322.0 50.8 320.5 51.0 319.0 51.2 317.5
  51.4 316.0 51.7 314.7 51.9 313.3 52.2 312.1 52.6 311.2 52.8 310.3 53.1 309.4
  53.3 308.7 53.5 307.9 53.6 307.2 53.6 306.5 53.6 305.8 53.7 305.1 53.6 304.4
  53.6 303.7 53.7 303.0 53.7 302.3 53.7 301.6 53.7 300.8 53.7 300.1 53.7 299.3
  53.9 298.5 54.1 297.6 54.4 297.2 54.6 296.9 54.8 296.6 55.1 296.2 55.3 295.9
  55.9 295.5 56.3 295.2 56.8 295.4 57.3 295.7 57.7 295.9 58.0 296.1 58.2 296.6
  58.3 297.0 58.4 297.5 58.4 297.9 58.5 298.3 58.5 298.6 58.6 299.0 58.6 299.3
  58.6 299.6 58.6 299.8 58.6 300.1 58.5 300.3 58.3 300.4 58.2 300.6 58.0 300.7
  57.9 300.8 57.7 300.3 57.5 299.9 57.4 299.4 57.2 298.9 57.0 298.4 56.9 297.9
  56.7 297.4 56.5 296.9 56.4 296.4 56.2 295.8 56.3 295.2 56.4 294.7 56.4 294.0
  56.5 293.4 56.5 292.7 56.6 292.1 56.6 291.4 56.9 290.6 57.1 289.9 57.3 289.2
  57.5 288.5 57.7 287.7 58.1 287.0 58.5 286.4 58.9 285.9 59.3 285.4 59.6 284.8
  60.0 284.2 60.4 283.7 60.9 283.4 61.4 283.1 61.8 282.8 62.3 282.6 62.8 282.5
  63.3 282.5 63.8 282.5 64.2 282.5 64.7 282.6 65.2 282.7 65.6 282.8 66.1 283.0
  66.6 283.1 67.0 283.2 67.5 283.3 68.0 283.3 68.4 283.4 68.9 283.5 69.4 283.7
  69.9 283.8 70.3 283.9 70.8 284.1 71.1 284.3 71.4 284.4 71.6 284.6 71.9 284.7
  72.1 284.9 72.3 285.2 72.5 285.5 72.7 285.9 72.9 286.2 73.0 286.6 73.1 287.1
  73.2 287.6 73.3 288.1 73.2 288.6 73.2 289.1 73.1 289.7 73.0 290.2 72.9 290.8
  72.8 291.3 72.6 291.9 72.5 292.5 72.1 293.0 71.7 293.5 71.3 293.4 70.9 293.4
  70.5 293.3 70.0 293.3 69.6 293.2 69.2 292.8 68.8 292.3 68.4 291.9 68.2 291.4
  68.0 291.0 67.8 290.1 67.6 289.2
   8 23 51  0.0
  72.5 321.4 72.3 321.6 72.1 321.8 71.9 322.1 71.7 322.4 71.6 322.6 71.4 322.9
  71.2 323.2 71.0 323.5 70.8 323.8 70.6 324.1 70.4 324.3 70.2 324.6 69.9 324.8
  69.7 325.1 69.4 325.4 69.2 325.6 68.9 325.8 68.5 326.0 68.2 326.2 67.8 326.3
  67.5 326.4 67.1 326.4 66.7 326.4 66.4 326.4 66.0 326.3 65.6 326.3 65.3 325.9
  65.0 325.6 64.6 325.2 64.3 324.8 64.0 324.5 63.7 323.7 63.4 323.0 63.1 322.3
  62.8 321.6 62.5 320.8 62.2 320.1 61.8 319.5 61.5 318.5 61.1 317.7 60.7 316.9
  60.2 316.2 59.8 315.6 59.4 314.5 59.0 313.5 58.6 312.5 58.2 311.6 58.0 310.7
  57.7 309.3 57.5 307.9 57.6 306.5 57.7 305.1 57.8 303.8 58.1 302.5 58.3 301.6
  58.6 300.6 58.8 299.6 58.9 298.6 58.9 297.5 58.9 296.4 59.0 295.2 59.1 294.1
  59.2 293.0 59.3 291.9 59.6 290.9 59.9 289.9 60.2 289.0 60.6 288.6 60.9 288.2
  61.3 287.8 61.9 287.4 62.5 287.0 63.1 286.8 63.7 286.7 64.2 286.5 64.8 286.0
  65.3 285.5 65.7 285.0 66.1 284.5 66.5 283.9 67.0 283.3 67.4 282.7 67.8 282.1
  68.1 281.4 68.4 281.3 68.7 281.1 69.0 281.0 69.2 280.9 69.5 280.8 69.7 280.7
  70.0 280.6 70.2 280.5 70.5 280.8 70.7 281.2 70.9 281.5 71.2 281.8 71.4 282.1
  71.6 282.5 71.8 282.8 72.0 283.2 72.2 283.5 72.4 284.0 72.6 284.4 72.7 284.8
  72.9 285.1 73.0 285.5 73.2 285.8 73.3 286.0 73.5 286.3 73.6 286.4 73.8 286.6
  73.9 286.6 74.0 286.6 74.1 286.4 74.3 286.0 74.4 285.6 74.5 285.0 74.6 284.4
  74.8 283.8 74.9 283.0 75.0 282.1 75.1 281.2 75.2 280.1 75.3 279.0 75.4 277.7
  75.5 276.4 75.6 275.0 75.7 273.4 75.8 271.7 75.9 269.9 75.9 267.9 76.0 265.7
  76.0 263.4 76.1 261.0 76.2 258.6 76.2 256.1 76.3 253.6 76.3 251.0 76.3 248.4
  76.3 245.8 76.4 243.2 76.4 240.5 76.4 237.9 76.4 235.3 76.3 232.8 76.3 230.4
  76.3 228.0 76.2 225.6 76.2 223.5 76.1 221.5 76.0 219.7 75.9 218.0 75.8 216.4
  75.7 214.9 75.6 213.5 75.4 212.2 75.3 211.1 75.1 210.1 74.9 209.0 74.8 208.1
  74.5 207.1 74.3 206.2 74.1 205.3 73.9 204.4 73.7 203.7 73.5 202.9 73.4 202.0
  73.2 201.2 73.0 200.4 72.8 199.5 72.6 198.6 72.5 197.6 72.3 196.6 72.1 195.6
  71.9 194.6 71.8 193.7 71.6 192.8 71.4 191.8 71.3 190.9 71.2 189.9 71.0 188.9
  70.9 187.9 70.9 186.9 70.9 185.8 70.8 184.8 70.8 183.7 70.8 182.6 70.9 181.5
  70.9 180.4 70.9 179.2 71.0 178.0 71.1 176.7 71.1 175.3 71.2 173.9 71.3 172.4
  71.4 170.9 71.5 169.3 71.5 167.7 71.5 165.9 71.5 164.2 71.5 162.5 71.5 160.7
  71.4 159.0 71.3 157.3 71.2 155.7 71.1 154.0 70.9 152.5 70.8 151.0 70.6 149.5
  70.5 148.0 70.3 146.5 70.1 145.1 70.0 143.6 69.8 142.5 69.7 141.3 69.6 140.2
  69.5 139.0 69.4 137.8 69.3 136.6 69.2 135.4 69.1 134.2 69.0 132.9 69.0 131.7
  68.9 130.5 68.8 129.2 68.8 127.9 68.7 126.7 68.7 125.4 68.6 124.1 68.6 122.8
  68.5 121.7 68.4 120.5 68.3 119.5 68.2 118.4 68.1 117.4 68.0 116.5 67.9 115.8
  67.8 115.2 67.7 114.5 67.6 113.9
   8 24 51  0.0
  72.5 321.4 72.4 321.6 72.3 321.7 72.2 321.9 72.0 322.0 71.9 322.2 71.7 322.4
  71.6 322.6 71.4 322.8 71.3 323.0 71.1 323.2 70.9 323.4 70.8 323.6 70.6 323.8
  70.4 324.1 70.2 324.3 70.0 324.6 69.8 324.8 69.7 325.0 69.5 325.3 69.4 325.5
  69.2 325.8 69.0 326.1 68.9 326.3 68.7 326.6 68.5 326.9 68.3 327.1 68.1 327.3
  67.9 327.6 67.6 327.6 67.3 327.6 67.1 327.6 66.7 327.7 66.4 327.7 66.0 327.8
  65.6 327.8 65.2 327.5 64.7 327.1 64.1 326.8 63.6 326.5 63.1 325.7 62.6 325.0
  62.2 324.2 61.8 323.4 61.5 322.3 61.2 321.1 61.0 320.0 60.9 318.8 60.7 317.7
  60.6 316.6 60.4 315.5 60.3 314.5 60.2 313.5 60.0 312.5 59.8 311.2 59.6 310.0
  59.5 308.9 59.3 307.8 59.2 306.7 59.2 305.7 59.2 304.8 59.2 303.9 59.3 303.0
  59.5 302.1 59.6 301.2 59.8 300.3 59.9 299.3 60.1 298.3 60.3 297.3 60.4 296.4
  60.6 295.4 60.9 294.4 61.3 293.4 61.6 292.5 61.9 291.6 62.4 290.8 63.0 290.2
  63.6 289.7 64.1 289.2 64.7 288.5 65.3 287.7 66.1 286.9 67.0 286.1 67.8 285.2
  68.6 284.2 69.5 283.9 70.3 283.6 71.2 284.1 71.8 284.6 72.2 285.1 72.7 286.6
  73.1 288.3 73.2 290.1 73.4 292.0 73.3 294.0 73.2 295.8 73.1 297.6 72.9 299.2
  72.7 300.7 72.5 302.1 72.3 303.3 72.1 304.5 71.9 305.5 71.8 306.1 71.7 306.7
  71.5 307.2 71.4 307.7 71.4 308.2 71.3 308.7 71.3 309.2 71.3 309.6 71.3 310.0
  71.3 310.4 71.3 310.8 71.3 311.1 71.3 311.4 71.3 311.7 71.3 312.0 71.4 312.2
  71.4 312.5 71.4 312.7 71.5 312.9 71.5 313.0 71.6 313.2 71.6 313.3 71.6 313.4
  71.7 313.5 71.7 313.5 71.7 313.6 71.8 313.6 71.8 313.6 71.8 313.6 71.9 313.5
  71.9 313.4 71.9 313.4 72.0 313.3 72.0 313.2 72.0 312.7 72.1 312.3 72.1 311.9
  72.2 311.4 72.2 311.0 72.3 310.5 72.3 310.0 72.4 309.5 72.4 308.9 72.5 308.3
  72.6 307.8 72.7 307.1 72.8 306.5 72.8 305.8 72.9 305.1 73.0 304.3 73.1 303.5
  73.2 302.6 73.3 301.7 73.5 300.7 73.6 299.7 73.7 298.7 73.7 297.8 73.8 297.0
  73.9 296.2 73.9 295.5 73.9 294.9 74.0 294.3 74.0 293.9 74.0 293.5 74.0 293.2
  74.0 293.0 73.9 292.9 73.9 292.9 73.9 292.9 73.8 293.1 73.8 293.3 73.7 293.6
  73.6 294.0 73.6 294.5 73.5 295.0 73.3 295.6 73.2 296.2 73.0 296.9 72.8 297.6
  72.6 298.3 72.3 298.8 72.1 299.4 71.9 299.9 71.7 300.2 71.5 300.4 71.3 300.7
  71.1 300.9 71.0 301.2 70.8 301.4 70.6 301.6 70.4 301.8 70.3 302.0 70.1 302.1
  70.0 302.3 69.8 302.5 69.7 302.7 69.6 302.9 69.5 303.1 69.4 303.3 69.3 303.4
  69.2 303.6 69.1 303.8 69.0 303.9 68.9 304.1 68.7 304.3 68.5 304.6 68.3 304.8
  68.1 305.1 67.8 305.4 67.6 305.9 67.3 306.3 67.0 306.8 66.6 307.2 66.2 307.7
  65.8 308.1 65.3 308.5 64.8 308.8 64.3 309.1 63.7 309.3 63.1 309.3 62.5 309.3
  61.9 309.3 61.3 308.9 60.8 308.6 60.3 308.1 59.8 307.5 59.5 306.9 59.1 306.2
  58.8 305.4 58.5 304.6 58.2 303.8 58.0 303.0 57.8 302.1 57.5 301.2 57.3 300.4
  57.0 299.5 56.8 298.6 56.6 297.8
   8 25 51  0.0
  72.5 321.4 72.5 321.8 72.6 322.2 72.7 322.5 72.7 322.9 72.8 323.2 72.8 323.5
  72.9 323.8 72.9 324.1 73.0 324.4 73.0 324.6 73.0 324.8 73.1 325.1 73.1 325.3
  73.1 325.5 73.1 325.6 73.1 325.8 73.1 326.0 73.1 326.2 73.0 326.4 73.0 326.5
  72.9 326.7 72.8 326.8 72.8 327.0 72.6 327.1 72.5 327.3 72.4 327.4 72.3 327.6
  72.1 327.7 71.9 327.8 71.8 328.1 71.6 328.5 71.4 328.8 71.2 329.2 71.0 329.6
  70.8 330.0 70.6 330.4 70.4 330.9 70.2 331.4 70.0 331.8 69.8 332.3 69.6 332.8
  69.4 333.4 69.2 333.8 69.0 334.3 68.7 334.7 68.5 335.0 68.3 335.3 68.1 335.6
  67.9 335.8 67.7 335.6 67.5 335.5 67.3 335.2 67.0 335.0 66.8 334.7 66.5 334.3
  66.3 334.0 66.0 333.6 65.7 332.9 65.4 332.4 65.0 331.8 64.4 331.3 63.8 330.9
  63.3 330.1 62.8 329.3 62.2 328.6 61.8 327.9 61.4 326.8 61.0 325.7 60.6 324.7
  60.2 323.6 60.0 322.5 59.7 321.1 59.5 319.7 59.3 318.3 59.1 316.9 58.9 315.5
  58.7 314.2 58.4 312.9 58.2 311.6 57.9 310.5 57.6 309.1 57.3 307.7 57.2 306.5
  57.1 305.3 57.0 304.1 56.9 303.0 57.0 301.9 57.2 300.8 57.4 299.7 57.6 298.7
  57.8 297.5 58.0 296.4 58.3 295.3 58.6 294.2 58.9 293.2 59.2 292.1 59.4 291.0
  59.9 289.9 60.3 288.9 60.8 288.2 61.3 287.5 62.1 286.9 62.9 286.5 63.7 286.2
  64.5 285.9 65.4 285.1 66.2 284.3 67.1 283.4 68.1 282.4 69.1 282.0 69.9 281.6
  70.7 281.1 71.5 281.3 72.1 281.5 72.8 282.6 73.3 283.8 73.7 285.2 73.9 286.7
  74.1 288.4 74.2 290.3 74.3 292.3 74.2 294.2 74.1 296.2 74.0 298.0 73.8 299.5
  73.7 300.9 73.6 302.2 73.5 303.3 73.4 304.4 73.3 305.4 73.3 306.3 73.2 307.2
  73.2 308.0 73.2 308.8 73.2 309.5 73.3 310.2 73.3 310.8 73.3 311.4 73.3 311.9
  73.3 312.3 73.4 312.7 73.5 313.1 73.5 313.4 73.6 313.6 73.7 313.8 73.7 313.9
  73.8 314.0 73.9 314.1 74.0 314.0 74.1 314.0 74.2 313.7 74.3 313.4 74.4 313.0
  74.5 312.6 74.6 312.1 74.7 311.6 74.7 311.0 74.8 310.4 74.9 309.8 75.0 309.2
  75.1 308.5 75.2 307.9 75.3 307.2 75.3 306.5 75.4 305.7 75.5 305.0 75.6 304.1
  75.7 303.3 75.8 302.3 75.9 301.4 75.9 300.3 76.0 299.2 76.1 297.9 76.2 296.5
  76.3 295.1 76.4 293.5 76.4 291.9 76.5 290.2 76.6 288.4 76.7 286.5 76.8 284.5
  76.8 282.6 76.9 280.7 76.9 278.9 77.0 277.1 77.0 275.4 77.0 273.7 77.1 272.0
  77.1 270.3 77.1 268.6 77.2 266.9 77.2 265.2 77.2 263.5 77.3 261.7 77.3 259.9
  77.3 258.0 77.4 256.1 77.4 254.1 77.4 252.1 77.4 250.1 77.4 248.0 77.5 245.8
  77.5 243.5 77.5 241.2 77.6 238.9 77.6 236.6 77.6 234.2 77.7 231.9 77.7 229.6
  77.6 227.3 77.6 225.1 77.6 222.9 77.6 220.8 77.6 218.8 77.5 216.9 77.4 215.1
  77.3 213.3 77.2 211.6 77.0 209.9 76.9 208.2 76.7 206.5 76.5 204.9 76.3 203.2
  76.1 201.6 75.9 199.9 75.7 198.2 75.4 196.5 75.2 194.7 75.0 193.0 74.8 191.3
  74.6 189.5 74.4 187.7 74.3 185.9 74.2 184.0 74.1 182.0 74.1 179.9 74.1 177.7
  74.0 175.5 74.1 173.1 74.1 170.6
   8 26 51  0.0
  72.5 321.4 72.5 321.6 72.5 321.8 72.5 322.0 72.5 322.2 72.5 322.5 72.5 322.9
  72.5 323.2 72.6 323.6 72.6 324.0 72.6 324.5 72.7 325.0 72.7 325.5 72.8 326.1
  72.8 326.6 72.9 327.2 72.9 327.7 73.0 328.2 73.0 328.7 73.0 329.2 73.0 329.7
  73.0 330.1 73.0 330.6 73.0 331.0 73.0 331.4 73.0 331.8 73.0 332.2 73.0 332.5
  72.9 332.8 72.9 333.1 72.8 333.4 72.8 333.6 72.7 333.8 72.7 334.0 72.6 334.2
  72.6 334.3 72.6 334.4 72.5 334.5 72.5 334.6 72.4 334.6 72.3 334.7 72.3 334.8
  72.2 334.8 72.1 334.9 72.0 335.0 71.9 335.3 71.8 335.6 71.7 336.0 71.5 336.3
  71.4 336.7 71.2 337.0 71.1 337.4 70.9 337.7 70.8 338.0 70.6 338.4 70.4 338.7
  70.2 339.0 70.0 339.4 69.8 339.9 69.6 340.5 69.4 341.0 69.2 341.5 69.0 341.9
  68.8 342.3 68.6 342.7 68.4 343.0 68.2 343.3 68.0 343.5 67.8 343.5 67.6 343.5
  67.4 343.4 67.3 343.3 67.1 343.2 66.9 343.0 66.8 342.8 66.6 342.6 66.5 342.3
  66.4 342.1 66.3 341.7 66.2 341.3 66.1 340.9 66.1 340.5 66.0 339.9 65.9 339.4
  65.8 338.7 65.6 337.9 65.5 337.2 65.4 336.4 65.3 335.6 65.0 334.9 64.7 334.2
  64.3 333.6 63.9 333.1 63.6 332.4 63.3 331.7 62.9 331.0 62.5 330.4 62.2 329.7
  61.8 329.0 61.5 328.0 61.3 327.0 61.0 326.0 60.7 325.0 60.5 324.0 60.2 323.0
  59.9 321.9 59.7 320.6 59.4 319.2 59.0 317.9 58.6 316.6 58.1 315.4 57.7 314.2
  57.2 312.7 56.8 311.3 56.4 309.9 56.1 308.6 55.8 307.3 55.7 305.8 55.7 304.3
  55.6 302.8 55.8 301.4 56.0 300.0 56.1 298.7 56.3 297.5 56.5 296.3 56.6 295.0
  56.8 293.7 56.9 292.4 57.1 291.1 57.4 289.9 57.6 288.6 57.9 287.4 58.3 286.3
  58.8 285.5 59.4 284.8 60.0 284.1 60.6 283.5 61.4 283.2 62.2 282.9 63.0 282.7
  63.8 282.4 64.5 282.2 65.3 281.5 66.0 280.8 66.6 280.0 67.3 279.1 68.0 278.2
  68.6 277.3 69.2 276.9 69.8 276.5 70.4 276.0 71.0 276.1 71.5 276.2 72.0 276.3
  72.4 276.4 72.9 277.1 73.3 278.0 73.6 278.9 73.9 279.9 74.2 280.9 74.3 282.1
  74.5 283.2 74.6 284.3 74.6 285.4 74.7 286.4 74.7 287.4 74.8 288.4 74.8 289.4
  74.8 290.2 74.9 291.1 74.9 291.8 75.0 292.5 75.0 293.2 75.0 293.8 75.0 294.3
  75.1 294.7 75.1 295.1 75.2 295.4 75.2 295.6 75.3 295.8 75.4 295.9 75.5 295.9
  75.5 295.9 75.6 295.8 75.7 295.6 75.8 295.4 75.9 295.0 76.0 294.6 76.1 294.2
  76.2 293.4 76.3 292.6 76.4 291.7 76.5 290.7 76.6 289.6 76.7 288.5 76.8 287.2
  76.9 285.9 77.0 284.4 77.1 282.9 77.1 281.3 77.2 279.5 77.3 277.7 77.3 275.7
  77.4 273.6 77.4 271.3 77.4 268.9 77.5 266.4 77.5 264.0 77.5 261.5 77.5 259.0
  77.5 256.4 77.5 253.8 77.5 251.1 77.5 248.4 77.5 245.7 77.5 242.9 77.5 240.1
  77.5 237.3 77.5 234.6 77.5 232.0 77.5 229.4 77.5 226.9 77.5 224.5 77.5 222.2
  77.5 220.2 77.5 218.3 77.6 216.5 77.6 215.0 77.5 213.5 77.5 212.1 77.5 210.9
  77.4 209.6 77.4 208.4 77.3 207.2 77.2 206.1 77.1 204.9 77.0 203.8 77.0 202.7
  76.9 201.5 76.7 200.3 76.6 199.1
   8 27 51  0.0
  72.5 321.4 72.3 321.3 72.2 321.1 72.0 321.0 71.9 320.8 71.8 320.7 71.6 320.6
  71.5 320.5 71.3 320.3 71.2 320.2 71.1 320.0 70.9 319.9 70.7 319.7 70.5 319.6
  70.2 319.4 70.0 319.3 69.8 319.2 69.6 319.1 69.5 318.9 69.3 318.7 69.2 318.6
  69.0 318.5 68.9 318.3 68.8 318.2 68.7 318.1 68.7 318.0 68.6 317.9 68.6 317.8
  68.6 317.6 68.6 317.5 68.6 317.4 68.6 317.3 68.7 317.3 68.7 317.2 68.8 317.1
  68.9 317.0 69.0 316.9 69.2 316.8 69.3 316.7 69.4 316.6 69.5 316.5 69.6 316.4
  69.7 316.4 69.8 316.3 69.9 316.3 69.9 316.3 70.0 316.3 70.1 316.5 70.2 316.7
  70.2 316.9 70.3 317.1 70.3 317.3 70.4 317.5 70.4 317.8 70.5 318.0 70.5 318.2
  70.6 318.4 70.6 318.7 70.7 318.9 70.7 319.2 70.7 319.4 70.7 319.6 70.8 319.9
  70.8 320.1 70.8 320.3 70.8 320.5 70.7 320.7 70.7 320.9 70.7 321.1 70.6 321.3
  70.6 321.5 70.5 321.7 70.4 321.9 70.4 322.1 70.3 322.3 70.2 322.5 70.1 322.7
  70.0 322.9 69.9 323.1 69.8 323.2 69.7 323.3 69.6 323.3 69.5 323.4 69.4 323.5
  69.3 323.6 69.2 323.7 69.1 323.8 69.0 323.9 68.9 324.0 68.9 324.1 68.8 324.3
  68.6 324.5 68.5 324.7 68.4 324.9 68.3 325.2 68.1 325.4 68.0 325.7 67.8 325.6
  67.6 325.6 67.4 325.6 67.2 325.6 66.9 325.7 66.7 325.7 66.4 325.8 66.0 325.9
  65.7 326.0 65.3 325.7 64.9 325.4 64.4 325.2 63.8 325.0 63.3 324.2 62.8 323.3
  62.5 322.5 62.3 321.8 62.0 321.1 61.7 320.4 61.5 319.2 61.4 318.0 61.3 316.8
  61.3 315.7 61.3 314.6 61.2 313.6 61.1 312.5 61.1 311.5 61.0 310.5 61.0 309.6
  60.9 308.7 60.8 307.9 60.8 307.2 60.8 306.4 60.8 305.7 60.8 305.0 60.8 304.3
  60.8 303.6 60.9 302.9 61.0 302.2 61.1 301.4 61.1 300.6 61.2 299.8 61.3 298.8
  61.4 297.9 61.5 296.9 61.6 295.9 62.0 294.9 62.3 294.0 62.7 293.2 63.0 292.5
  63.4 291.9 64.0 291.3 64.5 290.8 65.1 290.0 65.7 289.2 66.2 288.5 66.8 287.7
  67.6 286.8 68.4 286.0 69.3 285.8 70.0 285.7 70.8 286.3 71.4 287.1 71.9 287.9
  72.4 288.8 72.6 290.7 72.8 292.6 72.7 294.6 72.6 296.5 72.4 298.2 72.2 299.9
  71.9 301.4 71.7 302.2 71.4 303.0 71.2 303.7 71.0 304.4 70.7 305.1 70.6 305.7
  70.4 306.2 70.2 306.8 70.0 307.3 69.9 307.8 69.8 307.8 69.7 307.9 69.7 308.0
  69.7 308.1 69.6 308.2 69.6 308.3 69.6 308.3 69.6 308.4 69.6 308.5 69.6 308.5
  69.6 308.6 69.6 308.6 69.5 308.7 69.5 308.7 69.5 308.8 69.5 308.8 69.5 308.9
  69.5 308.9 69.5 309.0 69.5 309.0 69.4 309.1 69.4 309.1 69.4 309.2 69.4 309.2
  69.4 309.3 69.4 309.3 69.4 309.3 69.4 309.4 69.4 309.4 69.4 309.5 69.4 309.5
  69.4 309.5 69.4 309.6 69.4 309.6 69.5 309.6 69.5 309.7 69.5 309.7 69.5 309.7
  69.6 309.7 69.6 309.8 69.7 309.8 69.7 309.8 69.8 309.8 69.9 309.8 70.0 309.8
  70.1 309.8 70.2 309.6 70.3 309.3 70.4 309.0 70.5 308.7 70.6 308.4 70.8 308.0
  70.9 307.7 70.9 307.5 71.0 307.2 71.1 307.0 71.1 306.8 71.1 306.6 71.1 306.4
  71.1 306.2 71.1 306.1 71.0 306.0
   8 28 51  0.0
  72.5 321.4 72.4 321.2 72.3 321.1 72.1 320.9 72.0 320.8 71.9 320.7 71.7 320.6
  71.6 320.6 71.5 320.6 71.3 320.6 71.2 320.6 71.1 320.6 70.9 320.6 70.7 320.7
  70.6 320.7 70.4 320.8 70.3 320.8 70.1 320.8 69.9 320.8 69.8 321.0 69.7 321.1
  69.5 321.2 69.4 321.2 69.2 321.3 69.0 321.3 68.9 321.3 68.7 321.3 68.5 321.2
  68.4 321.2 68.2 321.1 68.0 321.0 67.8 320.9 67.7 320.8 67.5 320.7 67.3 320.5
  67.1 320.3 67.0 320.2 66.8 319.9 66.5 319.7 66.3 319.5 66.1 319.3 65.9 319.1
  65.7 318.8 65.6 318.5 65.5 318.2 65.4 317.9 65.4 317.5 65.3 317.2 65.3 316.7
  65.3 316.3 65.4 315.8 65.4 315.3 65.4 314.7 65.5 314.1 65.6 313.4 65.7 312.7
  65.8 311.9 65.9 311.0 65.9 310.1 66.0 309.2 66.1 308.5 66.3 307.8 66.2 307.1
  66.1 306.4 66.1 305.7 66.1 305.1 66.1 304.4 66.1 303.8 66.0 303.1 65.9 301.9
  65.9 300.8 65.9 299.6 65.9 298.4 65.9 297.2 65.9 296.0 65.9 294.8 65.9 293.6
  65.9 292.4 66.0 291.1 66.0 289.8 66.0 288.5 65.9 287.2 65.9 285.9 65.8 284.6
  65.7 283.3 65.5 282.1 65.4 280.9 65.3 279.8 65.3 278.8 65.4 277.8 65.4 276.8
  65.5 276.0 65.6 275.1 65.7 274.3 65.8 273.5 65.9 272.7 66.1 272.0 66.1 271.4
  66.2 270.9 66.2 270.3 66.3 269.8 66.4 269.2 66.4 268.7 66.5 268.1 66.6 267.5
  66.5 266.9 66.5 266.3 66.4 265.6 66.4 265.0 66.3 264.3 66.3 263.6 66.2 262.9
  66.2 262.2 66.1 261.4 66.1 260.5 66.1 259.7 66.1 258.8 66.1 257.9 66.2 256.9
  66.2 255.9 66.2 254.9 66.2 253.9 66.2 252.9 66.2 251.9 66.1 250.9 66.1 249.9
  66.0 248.9 66.0 247.9 65.9 247.2 65.8 246.6 65.7 246.0 65.5 245.4 65.4 244.9
  65.2 244.5 65.0 244.0 64.8 243.7 64.6 243.3 64.4 243.0 64.1 242.7 63.8 242.4
  63.6 242.4 63.3 242.5 63.0 242.5 62.7 242.6 62.3 242.6 62.0 242.6 61.6 242.6
  61.3 242.6 60.9 242.6 60.6 242.6 60.2 242.5 59.8 242.4 59.5 242.1 59.1 241.8
  58.7 241.4 58.4 241.0 58.0 240.6 57.6 239.8 57.3 239.0 56.9 238.3 56.6 237.6
  56.3 236.9 55.9 236.3 55.6 235.4 55.4 234.5 55.1 233.7 54.9 232.9 54.6 232.1
  54.3 231.3 54.1 230.5 53.9 229.8 53.7 228.9 53.5 228.0 53.3 227.1 53.1 226.2
  52.9 225.4 52.6 224.5 52.4 223.6 52.1 222.8 51.9 221.9 51.6 221.1 51.3 220.2
  51.0 219.3 50.7 218.5 50.4 217.6 50.1 216.8 49.7 216.0 49.4 215.2 49.1 214.4
  48.7 213.6 48.3 212.8 48.0 212.0 47.6 211.1 47.4 210.2 47.2 209.3 47.0 208.4
  46.8 207.5 46.9 206.6 47.0 205.7 47.2 204.8 47.3 204.0 47.6 203.2 47.9 202.4
  48.3 201.7 48.7 201.0 49.1 200.4 49.5 199.8 49.8 199.2 50.1 198.6 50.4 198.1
  50.8 197.6 51.1 197.2 51.4 196.8 51.7 196.4 52.1 196.0 52.4 195.8 52.7 195.6
  53.0 195.4 53.4 195.3 53.7 195.2 54.0 195.1 54.4 195.1 54.8 195.1 55.1 195.1
  55.5 195.2 55.8 195.3 56.2 195.4 56.6 195.4 57.0 195.5 57.3 195.5 57.7 195.5
  58.0 195.6 58.4 195.3 58.8 195.0 59.1 194.7 59.5 194.5 59.8 194.2 60.1 193.9
  60.5 193.4 60.8 192.9 61.2 192.4
   8 29 51  0.0
  72.5 321.4 72.5 320.8 72.4 320.1 72.4 319.5 72.3 318.9 72.3 318.3 72.2 317.7
  72.2 317.1 72.2 316.6 72.1 316.0 72.1 315.5 72.1 315.0 72.0 314.4 72.0 313.9
  72.0 313.4 72.0 312.9 72.0 312.4 72.0 311.9 72.0 311.3 71.9 310.7 71.9 310.1
  71.9 309.5 71.8 308.9 71.8 308.3 71.8 307.8 71.7 307.3 71.7 306.7 71.6 306.3
  71.5 305.8 71.5 305.3 71.4 304.9 71.4 304.5 71.3 304.1 71.3 303.7 71.1 303.4
  70.9 303.0 70.7 302.7 70.5 302.5 70.3 302.2 70.1 302.0 70.0 301.8 69.8 301.6
  69.7 301.3 69.5 301.1 69.4 300.9 69.3 300.7 69.2 300.5 69.0 300.3 68.9 300.2
  68.8 300.1 68.7 300.0 68.7 299.9 68.6 299.9 68.6 299.9 68.6 299.9 68.7 299.9
  68.8 300.0 68.8 300.1 68.8 300.2 68.7 300.3 68.7 300.4 68.6 300.6 68.6 300.8
  68.5 300.9 68.5 301.0 68.4 301.1 68.3 301.2 68.2 301.3 68.1 301.4 68.0 301.4
  67.9 301.5 67.8 301.0 67.7 300.4 67.6 299.9 67.6 299.3 67.6 298.7 67.5 298.1
  67.4 297.6 67.3 297.0 67.2 296.4 67.1 295.8 67.1 295.3 67.0 294.7 67.0 294.1
  66.9 293.5 66.8 292.9 66.7 292.3 66.6 291.6 66.7 291.0 66.7 290.2 66.7 289.5
  66.7 288.7 66.7 287.9 66.8 287.1 66.9 286.2 66.9 285.3 66.9 284.4 67.0 283.4
  67.0 282.5 67.1 281.5 67.1 280.5 67.1 279.5 67.2 278.6 67.3 277.6 67.4 276.7
  67.4 275.9 67.5 275.1 67.6 274.3 67.7 273.5 67.8 272.9 67.9 272.2 68.0 271.6
  68.0 271.0 68.1 270.5 68.2 270.1 68.2 269.6 68.3 269.2 68.3 268.7 68.4 268.3
  68.5 267.8 68.4 267.3 68.4 266.9 68.3 266.4 68.3 265.9 68.2 265.3 68.2 264.8
  68.1 264.3 68.0 263.7 67.9 263.2 67.8 262.4 67.7 261.7 67.5 260.9 67.4 260.1
  67.3 259.3 67.2 258.4 67.1 257.5 67.1 256.6 67.0 255.6 67.0 254.7 66.9 253.7
  66.9 252.7 66.9 251.7 66.8 250.7 66.8 249.7 66.8 248.8 66.7 247.8 66.7 246.8
  66.7 245.9 66.6 245.0 66.6 244.0 66.5 243.2 66.4 242.3 66.3 241.5 66.1 240.7
  66.0 239.9 65.9 239.6 65.7 239.3 65.5 239.1 65.4 238.8 65.2 238.6 65.0 238.4
  64.8 238.2 64.6 238.0 64.4 237.8 64.2 237.7 64.0 237.5 63.8 237.4 63.6 237.5
  63.4 237.6 63.2 237.7 62.9 237.8 62.7 237.9 62.5 238.0 62.2 238.1 62.0 238.2
  61.7 238.2 61.4 238.1 61.2 238.0 60.9 238.0 60.6 237.9 60.2 237.7 59.9 237.6
  59.5 237.2 59.2 236.8 58.9 236.3 58.5 236.0 58.3 235.6 58.1 235.2 57.8 234.8
  57.5 234.2 57.3 233.6 57.0 233.1 56.7 232.5 56.4 231.9 56.2 231.4 56.0 230.9
  55.8 230.1 55.5 229.4 55.2 228.6 55.0 227.9 54.7 227.1 54.5 226.4 54.2 225.6
  53.9 224.9 53.5 224.0 53.2 223.1 52.9 222.3 52.6 221.4 52.2 220.6 51.9 219.8
  51.6 219.0 51.2 218.2 50.8 217.3 50.4 216.6 50.0 215.8 49.6 215.0 49.2 214.2
  48.8 213.4 48.3 212.6 47.8 211.7 47.6 210.8 47.4 209.8 47.2 208.9 47.0 207.9
  47.1 207.0 47.3 206.0 47.4 205.1 47.6 204.3 47.7 203.4 48.1 202.6 48.5 202.0
  48.8 201.3 49.2 200.7 49.5 200.0 49.8 199.4 50.1 198.8 50.4 198.4 50.7 197.9
  51.0 197.5 51.3 197.1 51.6 196.8
   8 30 51  0.0
  72.5 321.4 72.5 320.5 72.5 319.5 72.4 318.4 72.4 317.4 72.3 316.3 72.3 315.2
  72.1 314.0 72.0 312.9 71.9 311.7 71.7 310.6 71.5 309.6 71.4 308.5 71.2 307.4
  70.9 306.4 70.7 305.3 70.4 304.3 70.2 303.4 69.9 302.4 69.6 301.8 69.3 301.1
  69.0 300.4 68.8 299.8 68.5 299.1 68.2 298.5 67.9 297.9 67.6 297.4 67.3 297.0
  67.1 296.5 66.8 296.0 66.5 295.6 66.2 295.1 66.0 294.6 65.7 294.2 65.5 293.7
  65.2 293.3 65.0 292.8 64.7 292.3 64.4 291.8 64.2 291.3 63.9 290.8 63.7 290.2
  63.4 289.5 63.1 288.9 62.9 288.1 62.6 287.4 62.5 286.6 62.4 285.8 62.3 285.0
  62.2 284.1 62.1 283.3 62.1 282.4 62.1 281.5 62.2 280.6 62.3 279.6 62.5 278.6
  62.7 277.7 62.9 276.7 63.2 275.7 63.4 274.8 63.7 273.9 64.0 273.0 64.4 271.8
  64.5 270.7 64.6 269.7 64.7 268.8 64.8 268.0 64.8 267.2 64.8 266.6 64.8 266.0
  64.8 265.5 64.8 265.0 64.8 264.6 64.7 264.3 64.6 264.0 64.5 263.7 64.4 263.5
  64.2 263.3 64.1 263.1 63.9 263.0 63.7 263.2 63.6 263.3 63.4 263.4 63.2 263.5
  63.0 263.6 62.7 263.7 62.5 263.8 62.3 263.8 62.0 263.8 61.8 263.8 61.6 263.8
  61.4 263.7 61.2 263.7 60.9 263.6 60.7 263.4 60.5 263.3 60.3 263.1 60.1 262.9
  59.9 262.7 59.7 262.4 59.6 262.1 59.4 261.8 59.2 261.5 59.0 261.1 58.9 260.8
  58.7 260.4 58.6 260.0 58.4 259.6 58.2 259.2 58.0 258.7 57.8 258.4 57.6 258.0
  57.3 257.7 57.1 257.3 56.9 256.9 56.7 256.5 56.5 256.2 56.3 255.8 56.0 255.4
  55.8 255.0 55.6 254.7 55.4 254.3 55.2 253.9 55.0 253.6 54.8 253.2 54.7 252.8
  54.5 252.3 54.3 251.9 54.2 251.5 54.1 251.1 54.0 250.6 53.9 250.1 53.8 249.7
  53.7 249.2 53.6 248.8 53.5 248.4 53.4 247.9 53.4 247.5 53.4 247.1 53.4 246.7
  53.3 246.3 53.3 245.9 53.2 245.5 53.1 245.1 53.1 244.8 53.0 244.4 52.8 244.1
  52.7 243.8 52.8 243.5 52.9 243.2 53.0 242.9 53.0 242.7 53.1 242.5 53.2 242.3
  53.2 242.1 53.3 241.9 53.4 241.8 53.4 241.7 53.5 241.5 53.5 241.4 53.5 241.2
  53.5 240.9 53.5 240.7 53.4 240.4 53.3 240.1 53.2 239.8 53.4 239.5 53.6 239.1
  53.7 238.7 53.8 238.3 53.9 237.9 54.0 237.4 54.1 237.1 54.1 236.8 54.2 236.5
  54.2 236.1 54.2 235.7 54.6 235.4 54.9 234.9 55.3 234.5 55.6 234.0 55.9 233.5
  56.2 233.0 56.5 232.8 56.7 232.6 57.0 232.4 57.2 232.2 57.3 231.9 57.7 231.6
  58.0 231.2 58.3 231.1 58.6 230.9 58.8 230.7 59.1 230.5 59.3 230.3 59.5 230.1
  59.6 229.8 59.8 229.6 59.9 229.3 60.1 229.0 60.2 228.8 60.3 228.6 60.4 228.4
  60.5 228.2 60.5 227.9 60.8 227.7 61.0 227.5 61.2 227.2 61.4 227.0 61.5 226.7
  61.6 226.5 61.7 226.2 61.7 226.0 61.8 225.8 61.8 225.5 61.8 225.3 61.7 225.1
  61.6 224.9 61.5 224.7 61.4 224.5 61.3 224.4 61.1 224.2 60.9 224.1 60.7 224.0
  60.6 223.9 60.4 223.8 60.2 223.7 60.0 223.7 59.8 223.4 59.5 223.0 59.2 222.7
  59.0 222.4 58.7 222.1 58.4 221.8 58.2 221.5 57.9 221.1 57.6 220.6 57.3 220.1
  57.0 219.7 56.7 219.2 56.4 218.8
   8 31 51  0.0
  72.5 321.4 72.5 320.5 72.5 319.6 72.5 318.6 72.4 317.6 72.4 316.6 72.3 315.6
  72.2 314.5 72.1 313.4 72.0 312.2 71.9 311.1 71.8 310.3 71.6 309.5 71.5 308.7
  71.3 307.9 71.1 307.0 70.9 306.2 70.6 305.3 70.4 304.4 70.2 303.6 69.8 302.7
  69.5 302.3 69.2 301.9 68.9 301.4 68.6 301.0 68.3 300.5 67.9 300.1 67.6 300.0
  67.3 299.9 66.9 299.8 66.6 299.7 66.2 299.5 65.8 299.4 65.4 299.5 65.0 299.6
  64.6 299.7 64.2 299.8 63.8 299.9 63.5 300.2 63.1 300.4 62.7 300.6 62.4 300.7
  62.0 300.8 61.7 300.8 61.3 300.8 61.0 300.8 60.6 300.8 60.3 300.7 60.0 300.6
  59.7 300.4 59.4 300.3 59.1 300.1 58.8 299.8 58.5 299.5 58.2 299.2 57.8 298.9
  57.5 298.6 57.2 298.2 56.9 297.8 56.6 297.4 56.3 297.0 56.0 296.5 55.7 296.1
  55.5 295.7 55.2 295.2 55.0 294.7 54.8 294.2 54.6 293.7 54.4 293.2 54.2 292.7
  54.0 292.1 53.8 291.6 53.7 291.2 53.5 290.9 53.4 290.6 53.2 290.3 53.1 290.0
  52.9 289.8 52.7 289.5 52.5 289.3 52.3 289.0 52.1 288.8 51.9 288.6 51.7 288.7
  51.5 288.9 51.3 289.0 51.0 289.1 50.8 289.2 50.5 289.3 50.3 289.3 50.0 289.4
  49.8 289.4 49.5 289.5 49.3 289.5 49.1 289.6 48.9 289.6 48.6 289.6 48.4 289.6
  48.2 289.6 48.1 289.5 47.9 289.5 47.7 289.5 47.6 289.6 47.5 289.7 47.3 289.7
  47.2 289.7 47.2 289.8 47.1 289.8 47.1 289.8 47.0 289.8 47.0 289.8 47.0 289.7
  47.0 289.7 47.0 289.7 46.9 289.7 46.9 289.6 46.9 289.6 46.9 289.6 47.0 289.5
  47.0 289.5 47.0 289.4 47.0 289.3 47.0 289.3 47.1 289.2 47.1 289.2 47.1 289.1
  47.2 289.0 47.2 289.0 47.3 288.9 47.3 288.8 47.4 288.7 47.5 288.7 47.6 288.6
  47.7 288.5 47.8 288.5 47.8 288.4 47.9 288.3 48.0 288.3 48.1 288.2 48.1 288.0
  48.4 287.7 48.6 287.5 48.8 287.3 49.1 287.1 49.3 287.0 49.6 286.8 49.9 286.7
  50.1 286.6 50.4 286.4 50.7 286.2 51.0 286.0 51.2 285.9 51.5 285.8 51.8 285.7
  52.0 285.6 52.3 285.3 52.6 284.9 52.8 284.6 53.1 284.3 53.3 284.0 53.5 283.6
  53.6 283.3 53.8 282.9 53.9 282.6 54.1 282.2 54.3 281.4 54.5 280.5 54.6 279.6
  54.7 278.7 54.7 277.8 54.8 276.9 54.8 276.0 54.9 275.1 54.8 274.3 54.8 273.4
  54.7 272.6 54.7 271.8 54.5 271.1 54.4 270.4 54.2 269.7 54.1 269.0 53.9 268.4
  53.8 267.8 53.6 267.3 53.5 266.7 53.4 266.1 53.2 265.6 53.1 265.0 53.0 264.4
  53.0 263.8 52.9 263.3 52.8 262.7 52.8 262.1 52.7 261.6 52.7 261.0 52.7 260.4
  52.8 259.8 52.7 259.2 52.7 258.6 52.6 257.9 52.6 257.3 52.7 256.6 52.7 255.9
  52.5 255.2 52.3 254.5 52.1 253.7 51.9 252.9 51.8 252.2 51.7 251.5 51.3 250.8
  50.9 250.0 50.6 249.3 50.3 248.5 50.1 247.8 49.7 247.0 49.4 246.5 49.1 246.1
  48.9 245.6 48.6 245.1 48.4 244.7 48.2 244.2 48.1 243.8 47.9 243.4 47.8 243.2
  47.7 243.0 47.7 242.8 47.6 242.6 47.6 242.5 47.5 242.4 47.5 242.2 47.5 242.1
  47.5 242.0 47.5 241.8 47.5 241.7 47.6 241.5 47.6 241.4 47.6 241.2 47.6 241.0
  47.7 240.9 47.7 240.7 47.8 240.5
