   5  1 51  0.0
  72.5 321.4 72.2 319.9 71.7 318.4 71.3 317.5 70.7 316.7 70.1 316.0 69.4 315.4
  68.7 315.0 68.0 314.8 67.2 314.4 66.5 314.0 65.8 313.6 65.2 313.1 64.5 312.5
  63.9 311.8 63.4 310.8 62.8 309.9 62.2 309.0 61.7 308.1 61.1 307.2 60.5 306.4
  59.9 305.5 59.3 305.0 58.8 304.5 58.2 303.9 57.7 303.3 57.2 302.9 56.8 302.5
  56.4 302.1 55.9 301.6 55.6 301.3 55.2 300.9 54.9 300.5 54.6 300.0 54.3 299.5
  54.1 299.0 53.9 298.3 53.8 297.5 53.6 296.7 53.5 295.8 53.5 294.9 53.5 293.9
  53.5 292.9 53.5 291.8 53.7 290.8 53.9 289.7 54.1 288.6 54.4 287.5 54.7 286.3
  55.0 285.2 55.3 284.0 55.6 282.9 55.8 281.8 56.1 280.7 56.3 279.6 56.4 278.6
  56.4 277.7 56.5 276.8 56.5 275.9 56.5 275.1 56.6 274.3 56.6 273.5 56.6 272.8
  56.7 272.0 56.8 271.2 57.0 270.4 57.3 269.6 57.5 268.7 57.8 267.9 58.0 267.0
  58.3 266.0 58.5 265.0 58.8 264.0 59.0 263.0 59.1 262.0 59.3 261.1 59.4 260.1
  59.5 259.2 59.4 258.4 59.3 257.5 59.2 256.7 59.1 256.0 59.0 255.3 58.8 254.6
  58.6 254.0 58.4 253.3 58.2 252.7 58.0 252.1 57.8 251.5 57.6 250.9 57.5 250.3
  57.3 249.6 57.2 249.0 57.1 248.4 57.0 247.7 56.7 247.1 56.5 246.5 56.3 245.9
  56.1 245.4 55.9 244.9 55.7 244.3 55.5 243.7 55.1 243.1 54.8 242.6 54.5 242.1
  54.2 241.6 53.9 241.1 53.5 240.5 53.2 239.9 52.9 239.3 52.6 238.6 52.3 238.0
  52.0 237.3 51.7 236.6 51.5 235.9 51.2 235.2 51.0 234.5 50.7 233.8 50.5 233.0
  50.2 232.3 50.0 231.6 49.7 230.9 49.4 230.1 49.1 229.4 48.8 228.6 48.6 227.8
  48.2 227.0 47.8 226.1 47.5 225.2 47.1 224.1 46.8 223.0 46.5 221.8 46.2 220.6
  46.0 219.2 45.9 217.9 45.9 216.7 45.9 215.4 46.0 214.1 46.1 212.7 46.2 211.4
  46.2 210.1 46.2 208.9 46.1 207.6 45.9 206.4 45.7 205.1 45.5 203.9 45.2 202.7
  44.8 201.4 44.5 200.1 44.1 198.9 43.7 197.5 43.3 196.3 42.9 195.0 42.5 193.7
  42.1 192.4 41.7 191.1 41.5 189.8 41.4 188.6 41.2 187.4 41.1 186.2 41.0 185.0
  40.9 183.8 40.8 182.7 40.7 181.5 40.6 180.3 40.5 179.1 40.5 177.9 40.5 176.7
  40.4 175.5 40.5 174.3 40.6 173.1 40.7 172.0 40.9 170.8 41.1 169.7 41.4 168.5
  41.6 167.4 41.9 166.2 42.1 165.0 42.4 163.9 42.4 162.7 42.5 161.6 42.6 160.4
  42.7 159.3 42.5 158.2 42.3 157.2 42.1 156.2 41.9 155.3 41.5 154.2 41.1 153.2
  40.8 152.2 40.4 151.1 40.1 150.1 39.9 149.1 39.6 147.9 39.5 146.8 39.5 145.7
  39.5 144.5 39.5 143.5 39.5 142.4 39.6 141.4 39.6 140.3 39.6 139.3 39.3 138.3
  39.0 137.3 38.7 136.3 38.4 135.2 38.1 134.2 37.9 133.1 37.7 131.9 37.8 130.7
  37.9 129.5 38.0 128.3 38.1 127.1 38.3 126.0 38.5 125.0 38.7 123.9 39.0 122.9
  39.3 121.8 39.6 120.8 39.9 119.8 40.3 118.9 40.7 118.0 41.1 117.2 41.4 116.3
  41.8 115.4 42.1 114.5 42.4 113.7 42.8 112.8 43.1 111.9 43.3 111.0 43.6 110.1
  43.9 109.2 44.2 108.3 44.5 107.4 44.7 106.5 45.1 105.7 45.4 104.8 45.7 104.0
  46.1 103.2 46.5 102.5 46.9 101.9
   5  2 51  0.0
  72.5 321.4 72.6 319.7 72.5 317.9 72.4 316.1 72.3 314.3 72.0 312.7 71.6 311.3
  71.0 310.0 70.4 308.9 69.7 307.9 68.9 307.3 68.0 306.7 67.0 306.3 65.9 306.0
  64.8 306.0 63.8 306.0 62.8 306.2 61.9 306.4 61.0 306.7 60.2 307.0 59.3 307.2
  58.5 307.6 57.7 308.0 57.0 308.5 56.3 308.9 55.5 309.3 54.8 309.5 54.1 309.7
  53.3 309.9 52.5 309.8 51.8 309.7 51.0 309.3 50.3 308.9 49.6 308.4 49.0 307.6
  48.0 306.8 47.2 305.8 46.5 304.6 45.9 303.2 45.3 301.9 44.8 300.6 44.4 299.1
  44.2 297.6 44.1 296.1 44.0 294.6 44.1 293.3 44.2 291.8 44.5 290.3 44.7 288.9
  45.0 287.6 45.4 286.4 45.9 285.2 46.3 284.1 46.7 283.1 47.2 282.1 47.6 281.2
  48.0 280.3 48.4 279.5 48.9 278.7 49.3 278.0 49.8 277.3 50.3 276.6 50.8 276.0
  51.2 275.3 51.7 274.7 52.2 274.1 52.6 273.5 53.1 272.8 53.5 272.2 53.9 271.5
  54.3 270.9 54.7 270.2 55.1 269.5 55.5 268.8 55.9 268.2 56.2 267.5 56.6 266.8
  56.9 266.0 57.3 265.3 57.6 264.5 58.0 263.8 58.2 263.1 58.5 262.2 58.8 261.4
  59.2 260.5 59.5 259.6 59.6 258.7 59.8 257.8 59.9 256.9 60.0 256.0 60.1 255.1
  60.0 254.2 59.9 253.3 59.8 252.6 59.7 251.9 59.4 251.3 59.2 250.7 58.9 250.1
  58.6 249.5 58.3 248.9 58.0 248.3 57.7 247.7 57.4 247.1 57.1 246.4 56.7 245.7
  56.4 245.0 56.1 244.3 55.8 243.6 55.5 242.8 55.1 242.0 54.8 241.2 54.4 240.4
  54.1 239.7 53.6 239.0 53.2 238.3 52.8 237.6 52.4 236.9 51.9 236.2 51.6 235.5
  51.1 234.7 50.7 233.9 50.4 233.2 50.0 232.4 49.7 231.6 49.3 230.7 49.1 229.9
  48.8 229.0 48.5 228.0 48.3 227.1 48.0 226.1 47.8 225.2 47.6 224.2 47.4 223.2
  47.2 222.2 47.0 221.1 46.7 220.0 46.5 218.9 46.3 217.6 46.1 216.4 45.9 215.1
  45.7 213.8 45.5 212.4 45.4 211.0 45.2 209.6 45.0 208.1 44.9 206.7 44.7 205.2
  44.6 203.6 44.4 202.0 44.2 200.4 44.0 198.8 43.7 197.2 43.4 195.7 43.0 194.1
  42.6 192.4 42.1 190.8 41.7 189.1 41.2 187.5 40.7 185.9 40.2 184.3 39.7 182.6
  39.2 181.1 38.7 179.6 38.3 178.2 37.8 176.7 37.4 175.3 37.1 174.0 36.8 172.6
  36.5 171.2 36.3 169.8 36.1 168.4 35.9 166.9 35.6 165.5 35.4 164.1 35.1 162.6
  34.6 161.0 34.1 159.4 33.5 157.7 32.8 155.9 32.3 154.0 31.8 151.9 31.6 150.0
  31.5 148.0 31.7 146.0 31.8 144.1 32.0 142.2 32.4 140.3 32.7 138.5 33.1 136.9
  33.5 135.3 33.8 133.8 34.1 132.4 34.4 131.1 34.5 129.8 34.6 128.5 34.7 127.3
  34.8 126.1 34.9 125.0 35.0 123.8 35.3 122.7 35.5 121.6 35.8 120.5 36.2 119.4
  36.6 118.5 37.0 117.5 37.4 116.6 37.9 115.8 38.2 114.9 38.5 114.2 38.8 113.5
  39.1 112.9 39.4 112.2 39.7 111.5 39.8 110.9 39.9 110.3 40.0 109.6 40.1 109.0
  40.1 108.4 40.2 107.8 40.2 107.2 40.2 106.6 40.1 106.0 40.1 105.4 40.0 104.9
  40.0 104.3 39.9 103.8 39.9 103.3 39.8 102.8 39.7 102.4 39.6 101.9 39.5 101.5
  39.5 101.1 39.4 100.7 39.3 100.3 39.3  99.8 39.3  99.4 39.3  99.0 39.3  98.6
  39.3  98.3 39.4  97.9 39.4  97.5
   5  3 51  0.0
  72.5 321.4 72.6 320.0 72.8 318.7 72.8 317.3 72.9 316.0 72.9 314.6 72.9 313.2
  72.8 311.9 72.7 310.6 72.6 309.3 72.4 308.0 72.2 306.8 72.0 305.7 71.7 304.5
  71.3 303.5 71.0 302.5 70.6 301.7 70.2 301.0 69.7 300.4 69.3 299.9 69.0 299.5
  68.7 299.1 68.3 298.8 68.0 298.6 67.6 298.5 67.3 298.4 66.9 298.4 66.5 298.4
  66.1 298.4 65.6 298.5 65.2 298.6 64.7 298.8 64.2 298.9 63.6 299.1 63.1 299.2
  62.6 299.4 62.2 299.5 61.7 299.7 61.3 299.9 60.9 300.2 60.2 300.4 59.5 300.6
  58.8 301.1 58.2 301.5 57.6 302.0 57.0 302.6 56.4 303.1 55.8 303.7 55.2 304.3
  54.4 304.9 53.5 305.4 52.5 305.6 51.5 305.7 50.5 305.4 49.5 305.1 48.5 304.2
  47.6 303.2 46.9 301.8 46.2 300.2 45.6 298.4 45.4 296.8 45.1 295.1 45.3 293.5
  45.4 291.8 46.0 290.3 46.5 288.8 47.0 287.5 47.9 286.2 48.7 285.1 49.6 284.2
  50.5 283.2 51.3 282.4 52.2 281.5 53.0 280.7 53.9 279.8 54.6 279.0 55.4 278.1
  56.2 277.2 57.1 276.3 57.9 275.4 58.6 274.4 59.4 273.5 60.2 272.6 61.0 271.8
  61.6 270.9 62.1 270.1 62.7 269.4 63.3 268.6 63.8 267.8 64.1 267.0 64.4 266.3
  64.7 265.5 64.9 264.8 65.2 264.0 65.2 263.2 65.2 262.5 65.2 261.7 65.3 261.0
  65.3 260.3 65.4 259.5 65.4 258.8 65.4 258.1 65.4 257.4 65.4 256.6 65.5 255.9
  65.4 255.1 65.4 254.4 65.5 253.7 65.5 252.9 65.5 252.2 65.6 251.4 65.6 250.7
  65.5 250.0 65.5 249.3 65.4 248.7 65.4 248.1 65.3 247.5 65.2 246.9 65.1 246.4
  64.9 245.8 64.8 245.4 64.6 244.9 64.5 244.5 64.3 244.0 64.2 243.6 64.0 243.3
  63.8 243.0 63.6 242.8 63.3 242.6 63.1 242.4 62.9 242.2 62.7 242.0 62.4 241.9
  62.1 241.8 61.9 241.6 61.6 241.3 61.4 241.0 61.2 240.8 60.9 240.5 60.7 240.2
  60.4 240.0 60.2 239.7 59.9 239.5 59.6 239.2 59.3 238.9 59.0 238.6 58.7 238.4
  58.3 238.1 58.0 237.9 57.6 237.6 57.3 237.2 56.9 236.9 56.5 236.6 56.2 236.4
  55.8 236.1 55.4 235.6 55.1 235.1 54.8 234.6 54.5 234.1 54.2 233.6 53.9 233.1
  53.6 232.3 53.4 231.6 53.1 230.8 52.8 230.1 52.5 229.4 52.2 228.7 51.9 228.0
  51.5 227.2 51.2 226.4 50.8 225.6 50.3 224.8 49.9 224.0 49.5 223.0 49.1 222.0
  48.8 220.9 48.4 219.8 48.2 218.6 48.1 217.5 48.0 216.2 47.8 214.8 47.9 213.3
  48.0 211.8 48.0 210.4 47.9 209.0 47.9 207.5 47.7 206.1 47.5 204.7 47.3 203.3
  47.0 201.9 46.7 200.5 46.3 199.0 45.9 197.6 45.5 196.2 45.0 194.7 44.6 193.2
  44.1 191.7 43.8 190.2 43.5 188.8 43.3 187.3 43.2 185.9 43.1 184.5 43.0 183.1
  42.9 181.7 42.9 180.4 42.9 179.1 42.9 177.8 42.9 176.5 42.9 175.2 43.0 174.0
  43.0 172.8 43.1 171.6 43.1 170.5 43.2 169.4 43.2 168.3 43.3 167.3 43.3 166.3
  43.3 165.2 43.3 164.2 43.3 163.1 43.1 162.1 42.9 161.0 42.8 160.0 42.4 158.9
  42.1 157.9 41.7 156.9 41.4 155.9 40.7 154.9 40.1 154.0 39.4 153.0 38.8 151.9
  38.1 150.8 37.4 149.6 36.8 148.3 36.3 146.9 35.9 145.5 35.6 144.0 35.6 142.4
  35.5 140.9 35.5 139.4 35.6 138.0
   5  4 51  0.0
  72.5 321.4 72.7 320.9 72.9 320.4 73.1 319.8 73.3 319.2 73.5 318.6 73.7 318.0
  73.8 317.4 74.0 316.7 74.2 316.3 74.4 315.8 74.6 315.2 74.8 314.7 75.0 314.1
  75.2 313.5 75.3 312.8 75.5 312.2 75.7 311.4 75.8 310.7 76.0 309.9 76.1 309.1
  76.3 308.4 76.4 307.6 76.6 306.9 76.6 306.1 76.7 305.2 76.8 304.4 76.9 303.5
  76.9 302.7 76.9 301.8 76.9 300.9 76.9 300.0 76.8 299.1 76.7 298.2 76.6 297.3
  76.5 296.4 76.4 295.5 76.2 294.6 76.0 293.7 75.9 292.8 75.8 292.1 75.6 291.4
  75.5 290.7 75.5 290.0 75.4 289.2 75.4 288.5 75.3 287.7 75.3 286.9 75.4 286.1
  75.4 285.2 75.4 284.3 75.5 283.3 75.6 282.2 75.7 281.0 75.8 279.7 75.8 278.3
  75.9 276.8 76.0 275.3 76.0 273.6 76.1 272.0 76.2 270.4 76.2 268.8 76.3 267.1
  76.3 265.3 76.3 263.5 76.3 261.7 76.2 259.9 76.2 258.1 76.1 256.2 76.1 254.4
  76.0 252.5 75.9 250.5 75.8 248.5 75.7 246.5 75.6 244.6 75.5 242.6 75.4 240.7
  75.3 238.8 75.2 237.0 75.0 235.2 74.9 233.4 74.8 231.7 74.7 230.0 74.7 228.3
  74.6 226.7 74.5 225.0 74.5 223.4 74.5 221.7 74.4 220.1 74.4 218.5 74.4 216.9
  74.3 215.3 74.2 213.8 74.2 212.3 74.1 210.9 74.0 209.5 73.9 208.4 73.8 207.4
  73.6 206.5 73.5 205.6 73.4 204.8 73.2 204.1 73.1 203.4 73.0 202.8 72.9 202.3
  72.8 201.8 72.7 201.3 72.6 200.9 72.6 200.6 72.5 200.2 72.4 199.9 72.4 199.7
  72.3 199.5 72.1 199.3 72.0 199.2 71.9 199.1 71.7 199.2 71.5 199.3 71.4 199.4
  71.2 199.5 70.9 199.6 70.7 199.8 70.4 199.9 70.2 200.0 69.9 200.1 69.6 200.4
  69.4 200.7 69.2 200.9 68.9 201.2 68.7 201.5 68.4 201.7 68.2 202.0 67.9 202.3
  67.7 202.8 67.5 203.3 67.2 203.7 67.0 204.1 66.7 204.5 66.5 204.8 66.2 205.1
  65.9 205.3 65.7 205.7 65.4 206.1 65.1 206.5 64.9 206.8 64.6 207.1 64.3 207.4
  64.0 207.6 63.7 208.3 63.5 208.9 63.2 209.4 63.0 210.0 62.7 210.5 62.4 211.0
  62.1 211.5 61.9 211.9 61.6 212.5 61.3 213.0 60.9 213.5 60.6 214.0 60.2 214.5
  59.9 214.9 59.5 215.3 59.1 215.6 58.8 215.9 58.4 216.1 58.0 216.4 57.6 216.5
  57.2 216.5 56.8 216.5 56.3 216.5 55.9 216.5 55.5 216.2 55.1 215.8 54.7 215.5
  54.4 215.1 54.0 214.7 53.6 213.8 53.2 212.9 52.8 212.1 52.4 211.2 52.0 210.3
  51.6 209.4 51.2 208.2 50.8 207.0 50.5 205.8 50.2 204.6 49.8 203.4 49.5 202.0
  49.3 200.5 49.0 199.0 48.7 197.5 48.4 196.1 48.1 194.6 47.8 193.2 47.4 191.6
  47.1 190.0 46.7 188.5 46.3 187.1 45.9 185.7 45.5 184.1 45.0 182.4 44.5 180.9
  43.9 179.3 43.4 177.6 42.9 176.0 42.4 174.5 42.0 173.0 41.7 171.6 41.5 170.2
  41.3 168.9 41.1 167.7 41.0 166.4 40.8 165.3 40.7 164.1 40.5 163.0 40.1 161.9
  39.8 160.8 39.4 159.5 38.9 158.1 38.4 156.8 37.9 155.4 37.5 153.8 37.1 152.1
  36.6 150.4 36.6 148.7 36.5 147.0 37.0 145.3 37.4 143.8 38.2 142.2 38.9 141.2
  39.6 140.3 40.2 139.3 40.9 138.8 41.6 138.2 42.2 137.7 42.8 137.5 43.4 137.3
  43.9 137.2 44.4 137.0 44.8 137.1
   5  5 51  0.0
  72.5 321.4 72.7 321.5 72.9 321.6 73.1 321.7 73.3 321.8 73.6 321.8 73.8 321.9
  74.1 321.9 74.4 322.4 74.7 322.8 75.1 323.2 75.4 323.7 75.8 324.1 76.1 324.5
  76.5 325.1 76.8 325.6 77.2 326.1 77.6 326.5 77.9 326.9 78.3 327.3 78.7 327.8
  79.0 328.3 79.4 328.7 79.8 329.1 80.2 329.5 80.6 330.3 81.0 331.2 81.5 332.2
  81.8 333.2 82.2 334.4 82.6 336.3 83.0 338.6 83.4 341.4 83.7 344.6 83.9 348.4
  84.1 352.7 84.3 358.0 84.5   3.8 84.6   4.4 84.6   4.9 84.7   5.5 84.8   6.0
  84.9   6.6 84.9   7.1 85.0   7.6 85.1   8.1 85.1   8.6 85.2   9.1 85.2   9.6
  85.3  10.1 85.3  10.5 85.4  11.0 85.5  11.4 85.6  11.8 85.6  12.3 85.7  12.7
  85.8  13.1 85.9  13.5 86.0  13.9 86.1  14.2 86.3  14.5 86.5  14.7 86.7  15.0
  86.9  15.2 87.0  15.4 87.2  15.7 87.4  15.9 87.6  16.1 87.7  16.3 87.9  16.4
  88.1  16.6 88.3  16.7 88.5  16.9 88.8  17.0 89.0  17.2 89.2  17.3 89.4  17.4
  89.6  17.5 89.8  17.6 89.9  17.7 89.9 197.7 89.6 286.9 89.6 306.0 89.7 318.3
  89.8 324.0 89.8 325.3 89.9 329.3 90.0 332.4 89.9 332.0 90.0 342.2 89.9 338.0
  89.9 338.0 89.9 339.4 89.9 340.9 89.8 342.0 89.8 343.1 89.7 344.1 89.7 344.9
  89.6 345.7 89.5 346.4 89.5 347.0 89.4 347.6 89.3 348.1 89.2 348.6 89.0 349.0
  88.9 349.4 88.8 349.7 88.6 350.1 88.4 350.4 88.2 350.6 88.0 350.9 87.8 351.3
  87.6 351.6 87.4 352.0 87.2 352.3 87.0 352.7 86.8 353.1 86.6 353.5 86.4 354.0
  86.1 354.4 85.8 354.8 85.7 354.4 85.5 354.0 85.3 353.8 85.1 353.5 84.9 353.4
  84.7 353.2 84.5 353.1 84.3 353.1 84.0 353.1 83.8 353.1 83.6 352.5 83.4 351.9
  83.2 351.5 83.0 351.0 82.8 350.4 82.6 349.9 82.3 349.4 82.1 348.9 81.8 348.3
  81.6 347.4 81.4 346.5 81.2 345.6 80.9 344.8 80.7 343.9 80.4 343.2 80.1 342.4
  79.8 341.6 79.6 340.7 79.4 339.8 79.1 339.0 78.8 338.2 78.5 337.3 78.3 336.5
  78.0 335.8 77.7 335.0 77.4 334.2 77.1 333.4 76.8 332.7 76.5 331.9 76.2 331.1
  75.8 330.3 75.5 329.4 75.2 328.4 74.9 327.5 74.5 326.5 74.1 325.5 73.7 324.6
  73.4 323.6 72.9 322.6 72.5 321.6 72.0 320.7 71.5 320.0 70.9 319.3 70.3 318.7
  69.6 318.1 68.9 317.9 68.2 317.6 67.4 317.4 66.7 317.6 66.1 317.9 65.4 318.1
  64.8 318.6 64.2 319.1 63.6 319.5 63.1 319.9 62.5 320.3 61.9 320.6 61.3 320.6
  60.6 320.6 60.0 320.5 59.4 320.3 58.8 320.1 58.1 320.0 57.5 319.9 56.9 319.7
  56.3 319.7 55.6 319.6 55.0 319.7 54.3 319.8 53.6 319.9 52.9 320.0 52.3 320.2
  51.4 320.4 50.6 320.4 49.8 320.5 49.0 320.4 48.2 320.3 47.4 320.3 46.7 319.9
  46.3 319.6 45.9 319.2 45.5 318.6 45.2 318.0 45.0 317.3 44.7 316.6 44.5 315.9
  44.5 315.1 44.5 314.2 44.5 313.3 44.4 312.3 44.4 311.2 44.4 310.0 44.3 308.8
  44.2 307.6 44.2 306.3 44.1 304.9 44.1 303.5 44.2 302.1 44.3 300.7 44.4 299.3
  44.5 297.9 44.7 296.5 44.8 295.2 44.9 293.8 45.0 292.5 45.1 291.1 45.2 289.8
  45.3 288.4 45.4 287.0 45.5 285.6
   5  6 51  0.0
  72.5 321.4 72.4 321.6 72.4 321.8 72.3 322.0 72.3 322.2 72.3 322.4 72.2 322.6
  72.2 322.8 72.2 323.0 72.2 323.2 72.2 323.4 72.2 323.6 72.2 323.9 72.3 324.1
  72.4 324.3 72.5 324.4 72.6 324.6 72.7 324.8 72.8 325.0 73.0 325.2 73.1 325.3
  73.3 325.5 73.4 325.6 73.6 325.8 73.8 325.9 74.0 326.0 74.2 326.1 74.4 326.7
  74.6 327.2 74.9 327.7 75.2 328.3 75.4 328.8 75.7 329.3 75.9 329.8 76.2 330.3
  76.5 331.0 76.8 331.8 77.2 332.6 77.5 333.3 77.8 333.9 78.1 334.5 78.5 335.3
  78.9 336.0 79.2 336.7 79.6 337.4 79.9 338.1 80.2 338.8 80.6 340.0 81.0 341.4
  81.4 342.8 81.7 344.3 82.0 346.0 82.2 347.8 82.6 350.8 82.8 354.2 83.0 358.0
  83.2   2.0 83.3   2.5 83.4   3.0 83.5   3.6 83.6   4.1 83.7   4.7 83.8   5.2
  83.8   5.7 83.9   6.3 84.0   6.8 84.0   7.3 84.1   7.8 84.2   8.4 84.3   8.9
  84.3   9.4 84.4   9.9 84.4  10.3 84.5  10.8 84.5  11.3 84.6  11.7 84.7  12.2
  84.7  12.6 84.8  13.0 84.9  13.4 84.9  13.8 85.0  14.2 85.1  14.6 85.2  15.0
  85.3  15.4 85.4  15.7 85.5  16.0 85.6  16.4 85.8  16.7 85.9  17.0 86.0  17.2
  86.1  17.5 86.3  17.7 86.5  17.9 86.7  18.0 86.9  18.2 87.1  18.4 87.3  18.5
  87.5  18.6 87.6  18.8 87.8  18.9 88.0  19.0 88.1  19.1 88.3  19.1 88.5  19.2
  88.7  19.3 88.9  19.3 89.1  19.4 89.2  19.4 89.4  19.5 89.5  19.5 89.6  19.5
  89.7  19.5 89.7  19.5 89.8  19.6 89.8  19.6 89.8  19.6 89.8  19.6 89.9  19.6
  89.9  19.7 89.9  19.7 89.8  19.7 89.8  19.7 89.8  19.7 89.8  19.7 89.8  19.7
  89.8  19.7 89.7  19.7 89.7  19.7 89.7  19.7 89.7  19.7 89.6  19.7 89.6  19.7
  89.6  19.7 89.5  19.7 89.5  19.7 89.5  19.7 89.5  19.7 89.5  19.7 89.5  19.7
  89.5  19.7 89.5  19.7 89.5  19.7 89.5  19.7 89.5  19.7 89.5  19.7 89.5  19.7
  89.5  19.7 89.6  19.7 89.6  19.7 89.6  19.8 89.6  19.8 89.6  19.8 89.7  19.8
  89.7  19.8 89.7  19.9 89.8  19.9 89.8  19.9 89.8  19.9 89.9  19.9 89.9  19.9
  89.9  19.9 90.0  19.9 90.0  19.9 90.0 199.9 89.7 243.3 89.4 283.1 89.3 316.2
  89.3 331.2 89.2 337.6 89.1 340.7 89.0 342.0 88.9 342.6 88.8 342.6 88.6 342.3
  88.4 341.8 88.3 341.2 88.1 340.5 87.8 339.8 87.7 339.0 87.5 338.2 87.3 337.4
  87.1 336.7 86.9 336.2 86.7 335.9 86.4 335.6 86.2 335.3 85.9 335.2 85.7 334.1
  85.5 333.2 85.3 332.3 85.1 331.6 84.9 330.9 84.7 330.3 84.4 329.7 84.2 329.2
  83.9 328.7 83.7 327.7 83.5 326.7 83.2 325.9 83.0 325.0 82.7 324.2 82.4 323.5
  82.1 322.8 81.7 322.2 81.4 321.1 81.1 320.1 80.8 319.3 80.4 318.5 80.0 317.9
  79.6 316.6 79.2 315.5 78.7 314.5 78.2 313.5 77.6 312.7 77.1 311.3 76.6 310.1
  75.9 308.9 75.4 307.5 74.8 306.2 74.2 304.9 73.5 303.8 72.9 302.6 72.2 301.6
  71.5 300.6 70.8 299.9 70.0 299.3 69.2 298.7 68.4 298.6 67.5 298.6 66.7 298.7
  65.8 298.8 65.0 298.8 64.2 298.8 63.3 298.8 62.6 298.6 61.9 298.3 61.3 297.8
  60.7 297.3 60.2 296.7 59.8 296.2
   5  7 51  0.0
  72.5 321.4 72.3 321.5 72.2 321.6 72.0 321.8 71.9 321.9 71.7 321.4 71.6 321.0
  71.4 320.5 71.3 320.1 71.2 319.7 70.9 319.3 70.7 318.9 70.4 318.6 70.2 318.3
  69.9 317.9 69.7 317.2 69.5 316.4 69.2 315.7 68.9 315.0 68.6 314.4 68.2 313.7
  67.9 313.1 67.6 312.4 67.2 311.8 66.9 311.2 66.5 310.6 66.2 310.0 65.8 309.4
  65.5 309.1 65.1 308.7 64.7 308.4 64.4 308.1 64.0 307.8 63.8 307.4 63.6 307.5
  63.4 307.6 63.2 307.7 63.0 307.8 62.8 307.9 62.6 308.0 62.3 308.1 62.1 308.3
  61.8 308.4 61.6 308.8 61.4 309.3 61.2 309.7 61.0 310.1 60.9 310.5 60.7 310.9
  60.6 311.2 60.5 311.5 60.3 311.8 60.2 312.1 60.0 312.3 59.7 312.5 59.4 312.6
  59.1 312.7 58.9 312.8 58.6 312.8 58.3 312.8 58.0 312.7 57.7 312.8 57.4 312.9
  57.1 313.0 56.8 313.2 56.5 313.4 56.2 313.6 55.9 313.8 55.6 314.2 55.2 314.7
  54.9 315.1 54.6 315.5 54.2 315.9 53.8 316.3 53.6 316.7 53.5 317.1 53.3 317.4
  53.1 317.8 52.9 318.1 52.8 318.4 52.6 318.8 52.4 319.1 52.3 319.4 52.2 319.8
  52.1 320.1 51.9 320.4 51.8 320.4 51.7 320.3 51.5 320.3 51.4 320.3 51.2 320.3
  51.0 320.3 50.8 320.4 50.5 320.4 50.3 320.5 50.0 320.6 49.7 320.7 49.4 320.7
  49.1 320.6 48.8 320.6 48.4 320.6 48.0 320.7 47.7 320.7 47.3 320.6 46.9 320.5
  46.5 320.4 46.0 320.3 45.6 320.3 45.1 320.0 44.4 319.7 43.7 319.3 43.1 318.7
  42.5 318.1 42.0 317.5 41.5 316.7 41.1 315.9 40.6 315.0 40.1 314.1 39.7 313.1
  39.3 312.2 38.9 311.1 38.5 310.1 38.2 308.9 37.8 307.6 37.7 306.6 37.5 305.5
  37.4 304.5 37.3 303.4 37.4 302.3 37.6 301.3 37.8 300.3 38.1 299.4 38.4 298.0
  38.8 296.7 39.1 295.5 39.7 294.4 40.2 293.3 40.7 292.1 41.3 290.9 41.9 289.8
  42.5 288.8 43.1 287.7 43.7 286.8 44.3 285.9 45.0 285.0 45.8 284.2 46.7 283.5
  47.4 282.8 48.3 282.2 49.2 281.5 50.1 280.9 51.2 280.2 52.3 279.4 52.9 278.7
  53.7 277.9 54.4 277.1 55.2 276.3 56.0 275.3 56.4 274.4 56.9 273.4 57.4 272.4
  58.0 271.4 58.2 270.4 58.6 269.4 58.9 268.4 59.2 267.4 59.4 266.4 59.5 265.5
  59.7 264.6 59.9 263.7 59.8 262.8 59.8 262.0 59.7 261.1 59.6 260.3 59.6 259.5
  59.3 258.7 58.9 257.9 58.6 257.1 58.3 256.3 57.9 255.5 57.4 254.8 57.0 254.2
  56.5 253.5 56.0 252.9 55.5 252.3 55.1 252.0 54.6 251.7 54.1 251.4 53.5 251.1
  53.0 251.1 52.5 251.1 51.9 251.0 51.4 251.1 50.9 251.1 50.3 251.1 49.8 251.0
  49.3 250.9 48.8 250.8 48.3 250.6 47.8 250.4 47.4 250.2 46.9 249.9 46.5 249.5
  46.1 249.2 45.6 248.7 45.2 248.3 44.9 247.9 44.3 247.4 43.8 247.0 43.4 246.5
  42.9 246.1 42.5 245.6 42.1 245.2 41.8 244.7 41.4 244.2 41.1 243.7 40.7 243.2
  40.4 242.7 40.1 242.1 39.9 241.6 39.7 241.1 39.5 240.6 39.3 240.1 39.2 239.6
  39.2 239.1 39.2 238.6 39.2 238.1 39.2 237.5 39.3 237.0 39.4 236.4 39.5 235.9
  39.6 235.3 39.7 234.7 39.7 234.0 39.8 233.4 39.9 232.7 40.0 232.0 40.1 231.3
  40.1 230.4 40.2 229.6 40.2 228.7
   5  8 51  0.0
  72.5 321.4 72.1 321.1 71.8 320.8 71.4 320.1 71.1 319.4 70.8 318.8 70.4 318.2
  70.1 317.6 69.7 317.1 69.4 316.3 69.1 315.6 68.7 315.0 68.3 314.3 67.9 313.8
  67.5 313.5 67.1 313.3 66.6 313.1 66.2 312.9 65.7 312.6 65.2 313.1 64.6 313.4
  64.1 313.7 63.5 314.0 62.8 314.6 62.2 315.2 61.5 315.7 60.8 316.0 60.0 316.3
  59.3 316.6 58.6 316.5 57.9 316.4 57.2 316.1 56.5 315.7 55.6 315.4 54.7 315.0
  53.8 314.6 52.8 314.2 51.8 313.8 50.8 313.1 49.9 312.3 49.0 311.5 48.0 310.6
  47.1 309.7 46.2 308.7 45.3 307.6 44.6 306.4 44.0 305.1 43.4 303.7 43.2 302.5
  42.9 301.2 42.6 300.0 42.3 298.8 42.2 297.6 42.1 296.5 42.0 295.5 41.9 294.5
  41.7 293.8 41.6 293.0 41.4 292.3 41.3 291.6 41.2 290.9 41.1 290.2 41.0 289.5
  40.9 288.9 40.9 288.2 40.8 287.5 40.9 286.8 41.0 286.1 41.1 285.4 41.1 284.7
  41.2 284.0 41.4 283.4 41.5 282.7 41.6 282.1 41.7 281.4 41.8 280.8 41.9 280.2
  42.0 279.6 42.1 279.3 42.1 278.9 42.1 278.5 42.1 278.1 42.1 277.8 42.1 277.4
  42.1 277.1 42.1 276.8 42.1 276.5 42.1 276.2 42.2 275.9 42.3 275.6 42.4 275.3
  42.5 275.1 42.6 274.8 42.6 274.6 42.7 274.3 42.7 274.1 42.8 273.9 42.8 273.7
  42.8 273.5 42.8 273.3 42.8 273.2 42.7 273.0 42.6 272.9 42.5 272.7 42.4 272.6
  42.3 272.5 42.1 272.3 41.9 272.2 41.7 271.9 41.6 271.5 41.4 271.2 41.2 270.8
  41.0 270.5 40.7 270.2 40.4 269.9 40.1 269.6 39.8 269.3 39.5 268.6 39.2 268.0
  39.1 267.3 38.9 266.6 38.7 265.9 38.4 265.2 38.1 264.5 37.9 263.7 37.5 262.9
  37.2 262.2 36.8 261.4 36.3 260.7 35.8 260.0 35.4 259.1 34.9 258.3 34.4 257.5
  33.8 256.6 33.3 255.6 33.2 254.6 33.1 253.6 33.0 252.6 32.9 251.5 33.2 250.5
  33.6 249.6 34.0 248.6 34.4 247.8 34.9 247.0 35.4 246.3 35.8 245.5 36.3 244.8
  36.8 244.1 37.2 243.4 37.5 242.6 37.9 241.9 38.2 241.2 38.6 240.5 38.9 239.7
  39.2 239.0 39.5 238.2 39.8 237.5 40.2 236.7 40.5 235.9 40.7 235.2 40.9 234.4
  41.1 233.7 41.3 232.9 41.5 232.1 41.7 231.2 41.7 230.3 41.8 229.4 41.8 228.4
  41.9 227.4 41.9 226.3 41.9 225.2 42.0 224.1 42.1 223.1 42.2 222.0 42.3 221.0
  42.4 219.9 42.5 218.9 42.6 217.8 42.6 216.8 42.7 215.9 42.7 214.9 42.7 214.0
  42.7 213.1 42.7 212.1 42.7 211.2 42.7 210.3 42.6 209.4 42.5 208.4 42.4 207.5
  42.2 206.6 42.0 205.6 41.8 204.6 41.6 203.7 41.3 202.8 41.0 201.9 40.7 200.9
  40.4 199.9 40.0 198.9 39.6 197.9 39.2 197.0 38.8 196.0 38.4 195.0 37.9 194.0
  37.4 193.1 36.9 192.2 36.4 191.2 35.9 190.2 35.5 189.3 35.1 188.4 34.7 187.4
  34.4 186.5 34.2 185.5 33.9 184.5 33.6 183.6 33.5 182.7 33.4 181.7 33.2 180.7
  33.1 179.8 33.1 178.7 33.0 177.7 32.9 176.7 32.9 175.7 32.9 174.6 32.9 173.5
  32.9 172.5 32.8 171.3 33.0 170.2 33.1 169.2 33.2 168.1 33.3 167.0 33.6 166.0
  33.9 165.1 34.2 164.3 34.5 163.4 34.9 162.5 35.3 161.7 35.8 160.9 36.2 160.2
  36.6 159.4 37.0 158.7 37.4 157.9
   5  9 51  0.0
  72.5 321.4 72.2 320.7 71.8 320.1 71.5 319.1 71.1 318.2 70.7 317.4 70.2 316.6
  69.8 315.8 69.3 315.0 68.9 314.2 68.4 313.4 67.9 312.7 67.4 312.1 66.9 311.6
  66.5 311.0 66.0 310.5 65.6 310.0 65.1 309.7 64.7 309.4 64.3 309.2 63.8 309.1
  63.4 309.2 62.9 309.4 62.4 309.6 61.9 310.0 61.4 310.2 60.8 310.5 60.2 310.8
  59.5 311.2 58.8 311.0 58.1 310.8 57.3 310.7 56.4 310.0 55.6 309.3 54.8 308.3
  54.0 307.2 53.6 306.0 53.2 304.6 52.7 303.3 52.6 302.1 52.4 301.1 52.2 300.2
  52.0 299.4 52.1 298.7 52.3 298.1 52.5 297.6 52.7 297.1 52.9 296.7 53.1 296.3
  53.4 296.0 53.7 295.8 54.2 295.5 54.7 295.7 55.2 296.0 55.7 296.3 56.1 296.6
  56.5 297.4 56.9 298.3 57.3 299.2 57.7 300.3 57.7 301.4 57.7 302.6 57.7 303.8
  57.8 305.0 57.4 306.1 57.0 307.1 56.6 308.0 56.2 308.8 55.5 309.5 54.7 310.0
  53.8 310.4 53.0 310.3 52.1 310.2 51.1 310.2 50.1 309.5 49.2 308.9 48.2 307.9
  47.4 306.8 46.7 305.3 46.0 303.7 45.7 302.1 45.4 300.5 45.0 298.9 45.1 297.3
  45.2 296.0 45.4 294.8 45.7 293.7 46.0 292.9 46.3 292.1 46.8 291.7 47.2 291.4
  47.7 291.1 48.2 290.8 48.8 291.0 49.4 291.2 50.1 291.4 50.7 292.2 51.5 292.9
  52.2 293.7 52.9 295.0 53.4 296.4 53.7 297.9 54.0 299.7 54.2 301.6 54.0 303.4
  53.7 305.3 53.1 307.0 52.3 308.6 51.4 309.9 50.5 310.9 49.4 311.7 48.3 311.8
  47.1 311.9 45.9 311.3 44.8 310.4 43.8 309.5 42.8 308.3 41.9 307.1 41.2 305.8
  40.5 304.4 39.8 302.9 39.3 301.5 38.7 300.1 38.2 298.6 38.0 296.9 37.8 295.5
  38.1 294.0 38.4 292.1 38.8 290.2 39.4 288.5 40.1 286.9 41.0 285.4 41.9 284.0
  42.7 282.8 43.5 281.8 44.3 280.9 45.3 280.4 46.3 279.9 46.8 279.7 47.3 279.5
  47.9 279.3 48.4 279.0 49.0 279.0 49.5 278.9 50.0 278.8 50.6 278.7 51.1 278.6
  51.6 278.5 52.1 278.3 52.6 278.2 53.1 277.9 53.6 277.7 54.2 277.4 54.7 277.1
  55.3 276.8 55.9 276.5 56.6 276.2 57.3 276.0 57.9 275.8 58.5 275.6 59.0 275.6
  59.6 275.6 60.1 275.5 60.6 275.6 61.0 275.7 61.5 275.7 61.9 275.6 62.3 275.6
  62.7 275.4 63.1 275.3 63.5 275.1 63.8 274.8 64.1 274.5 64.5 274.0 64.8 273.4
  65.1 272.8 65.4 272.1 65.7 271.5 65.7 270.8 65.7 270.2 65.8 269.6 65.8 268.9
  65.8 268.3 65.9 267.7 65.8 267.1 65.7 266.4 65.6 265.8 65.5 265.2 65.5 264.6
  65.4 264.0 65.3 263.3 65.3 262.7 65.2 262.0 65.2 261.4 65.1 260.7 65.1 260.0
  65.1 259.3 65.0 258.6 65.0 257.9 65.0 257.1 65.0 256.4 65.0 255.6 64.9 254.9
  64.8 254.1 64.7 253.3 64.7 252.5 64.6 251.7 64.4 251.0 64.2 250.3 64.0 249.6
  63.8 249.1 63.5 248.5 63.3 248.0 63.0 247.5 62.7 247.1 62.3 246.6 62.0 246.1
  61.6 245.7 61.3 245.3 60.9 244.9 60.6 244.5 60.2 244.0 59.8 243.6 59.4 243.2
  59.0 242.9 58.6 242.5 58.1 242.1 57.7 241.6 57.2 241.4 56.8 241.1 56.3 240.9
  55.8 240.6 55.3 240.6 54.8 240.6 54.3 240.6 53.8 240.6 53.3 240.7 52.8 240.8
  52.3 240.8 51.7 240.8 51.2 240.8
   5 10 51  0.0
  72.5 321.4 72.4 320.6 72.2 319.9 72.0 319.1 71.8 318.3 71.6 317.5 71.4 316.7
  71.2 315.9 70.9 315.1 70.5 314.3 70.2 313.4 69.9 312.5 69.6 311.5 69.1 310.5
  68.7 309.5 68.2 308.6 67.7 307.7 67.2 306.8 66.7 306.0 66.2 305.2 65.7 304.4
  65.2 303.6 64.8 302.8 64.4 302.0 64.0 301.2 63.6 300.5 63.3 299.8 63.0 299.2
  62.7 298.6 62.4 298.0 62.1 297.4 61.8 296.8 61.5 296.4 61.3 296.0 61.0 295.6
  60.8 295.3 60.6 294.9 60.4 294.6 60.2 294.3 60.0 294.1 59.9 293.9 59.8 293.8
  59.7 293.7 59.6 293.6 59.6 293.5 59.6 293.4 59.7 293.4 59.7 293.4 59.8 293.4
  59.9 293.3 60.1 293.4 60.3 293.6 60.5 293.8 60.7 294.1 60.9 294.5 61.2 294.9
  61.4 295.4 61.6 296.1 61.8 296.8 62.0 297.7 62.2 298.6 62.5 299.7 62.6 300.9
  62.6 302.2 62.6 303.5 62.6 304.9 62.2 306.3 61.9 307.6 61.6 308.7 61.0 309.7
  60.4 310.6 59.7 311.4 59.0 311.6 58.3 311.8 57.5 312.0 56.6 311.8 55.8 311.7
  54.9 311.3 54.0 311.0 53.0 310.4 52.0 309.8 51.0 309.3 50.1 308.4 49.0 307.6
  48.2 306.6 47.4 305.7 46.6 304.6 45.9 303.4 45.7 302.2 45.5 300.9 45.3 299.5
  45.5 298.2 45.7 297.0 45.9 295.8 46.1 294.7 46.4 293.7 46.7 292.9 47.1 292.3
  47.6 291.7 48.0 291.3 48.4 290.9 49.0 290.9 49.5 290.9 50.1 290.9 50.8 291.4
  51.5 291.9 52.2 292.5 53.1 293.4 54.0 294.4 54.8 295.6 55.5 296.7 56.1 298.0
  56.7 299.1 57.1 300.2 57.3 301.5 57.5 302.7 57.7 304.0 57.7 305.3 57.7 306.5
  57.6 307.5 57.6 308.5 57.3 309.3 57.0 310.0 56.7 310.6 56.4 311.2 56.1 311.6
  55.7 312.0 55.3 312.5 54.8 312.9 54.4 313.4 53.9 313.7 53.3 314.2 52.8 314.7
  52.1 315.1 51.5 315.5 50.7 315.8 49.9 316.0 49.1 315.8 48.2 315.6 47.3 315.5
  46.5 315.0 45.7 314.5 44.9 313.7 44.2 312.9 43.6 312.1 43.0 311.3 42.1 310.4
  41.4 309.4 40.7 308.5 40.0 307.5 39.3 306.5 38.7 305.4 38.1 304.4 37.5 303.2
  37.0 302.1 36.6 300.9 36.1 299.6 36.1 298.1 36.0 296.6 36.0 295.3 36.3 294.1
  36.7 292.6 37.1 291.2 37.7 290.0 38.4 288.9 39.1 287.4 39.8 286.1 40.5 285.0
  41.2 283.8 41.9 282.7 42.6 281.8 43.5 281.1 44.4 280.5 45.4 280.1 46.6 279.8
  47.2 279.6 47.9 279.3 48.5 279.1 49.2 278.8 49.8 278.5 50.4 278.1 51.1 277.6
  51.7 277.1 52.3 276.6 52.9 276.1 53.5 275.6 53.8 275.2 54.1 274.8 54.4 274.4
  54.8 274.0 55.2 273.6 55.6 273.2 55.9 272.9 56.3 272.5 56.8 272.1 57.2 271.7
  57.3 271.3 57.3 270.8 57.4 270.4 57.4 269.9 57.5 269.4 57.5 269.0 57.5 268.5
  57.6 267.9 57.3 267.4 57.0 266.9 56.7 266.4 56.4 265.9 56.0 265.4 55.7 265.0
  55.4 264.7 55.1 264.5 54.8 264.2 54.4 264.0 54.1 263.8 53.5 263.6 52.9 263.6
  52.3 263.6 51.7 263.6 51.0 263.8 50.4 264.0 49.9 264.2 49.4 264.4 48.9 264.7
  48.4 264.9 47.9 265.1 47.3 265.3 46.8 265.5 46.2 265.7 45.7 265.9 45.1 266.0
  44.5 266.1 43.9 266.1 43.4 266.1 42.8 266.1 42.2 266.0 41.7 266.0 41.1 265.9
  40.6 265.7 40.1 265.6 39.5 265.4
   5 11 51  0.0
  72.5 321.4 72.3 320.7 72.1 320.0 71.8 319.2 71.5 319.1 71.2 318.9 70.9 318.8
  70.6 318.6 70.2 318.5 69.8 318.3 69.5 318.8 69.1 319.3 68.7 319.7 68.3 320.2
  67.8 320.5 67.3 321.2 66.8 321.6 66.3 322.0 65.7 322.2 65.2 322.5 64.7 322.6
  64.2 322.7 63.7 322.8 63.3 322.7 62.8 322.6 62.3 322.6 61.9 322.4 61.4 322.3
  61.0 322.2 60.5 322.0 60.1 321.9 59.6 321.8 59.1 321.7 58.7 321.7 58.2 321.6
  57.7 321.6 57.1 321.6 56.6 321.6 56.0 321.6 55.4 321.5 54.8 321.2 54.2 320.9
  53.6 320.5 53.1 320.1 52.5 319.6 52.0 319.1 51.5 318.6 51.0 318.2 50.5 317.8
  49.9 317.4 49.4 317.1 48.8 316.7 48.1 316.5 47.5 316.2 46.8 315.8 46.3 315.3
  45.7 314.9 45.1 314.1 44.6 313.3 44.0 312.4 43.4 311.1 43.0 309.8 42.5 308.6
  42.1 307.3 41.5 306.2 40.9 305.1 40.3 304.0 39.7 303.0 39.1 302.0 38.6 301.1
  38.0 300.2 37.5 299.3 37.1 298.3 36.7 297.4 36.3 296.5 35.9 295.6 35.7 294.6
  35.5 293.6 35.3 292.6 35.1 291.6 35.0 290.6 34.9 289.6 34.8 288.5 34.7 287.4
  34.9 286.4 35.0 285.3 35.1 284.2 35.2 283.2 35.5 282.2 35.8 281.2 36.1 280.2
  36.4 279.5 36.7 278.7 36.9 278.0 37.1 277.2 37.3 276.5 37.5 275.7 37.8 274.8
  38.0 274.0 38.2 273.5 38.5 273.0 38.7 272.5 38.8 271.9 39.3 271.4 39.8 270.8
  40.3 270.2 40.7 270.1 41.1 270.1 41.5 270.1 41.8 270.1 42.1 270.1 42.5 270.6
  42.8 271.0 43.0 271.4 43.3 271.8 43.5 272.1 43.7 272.4 43.9 272.6 44.0 272.8
  44.2 273.2 44.3 273.6 44.4 274.0 44.5 274.3 44.6 274.5 44.7 274.8 44.8 275.0
  44.8 275.2 44.8 275.3 44.8 275.5 44.8 275.6 44.8 275.7 44.8 275.7 44.7 275.7
  44.7 275.8 44.6 275.8 44.6 275.8 44.6 275.8 44.6 275.9 44.6 275.9 44.7 276.0
  44.7 276.0 44.7 276.1 44.7 276.1 44.7 276.2 44.8 276.3 44.8 276.4 44.9 276.5
  44.9 276.6 45.0 276.6 45.1 276.7 45.2 276.8 45.3 276.9 45.4 277.0 45.5 277.1
  45.7 277.2 45.8 277.3 46.0 277.4 46.2 277.8 46.4 278.1 46.7 278.5 47.0 278.7
  47.2 279.0 47.6 279.2 47.9 279.4 48.2 279.5 48.6 279.8 49.0 280.1 49.7 280.4
  50.5 280.7 51.2 281.0 51.9 281.4 52.5 281.9 53.1 282.4 53.6 283.0 54.1 283.6
  54.5 284.4 55.2 285.2 55.7 286.1 56.2 287.2 56.6 288.2 57.1 289.5 57.6 290.8
  58.0 292.4 58.3 293.5 58.5 294.7 58.7 295.9 58.9 297.2 58.9 298.4 59.0 299.6
  59.0 300.8 58.9 301.9 58.8 302.9 58.7 304.0 58.6 304.9 58.4 305.9 58.2 306.8
  58.0 307.6 57.8 308.8 57.5 310.0 57.2 311.1 56.9 312.1 56.6 313.1 56.3 314.0
  55.9 314.9 55.5 315.8 55.0 316.7 54.6 317.5 54.1 318.2 53.5 318.8 52.9 319.3
  52.3 319.8 51.7 320.3 51.3 320.6 50.9 320.9 50.6 321.2 50.2 321.5 49.9 321.8
  49.6 322.0 49.3 322.1 49.0 322.2 48.7 322.4 48.5 322.5 48.3 322.6 48.1 322.7
  47.9 322.8 47.8 322.8 47.7 322.7 47.6 322.6 47.5 322.5 47.4 322.4 47.4 322.3
  47.3 322.2 47.2 322.1 47.2 321.9 47.1 321.8 47.0 321.7 46.9 321.5 46.8 321.3
  46.7 321.2 46.5 321.0 46.4 320.8
   5 12 51  0.0
  72.5 321.4 72.3 320.5 72.0 319.7 71.7 318.9 71.4 318.7 71.2 318.4 70.9 318.2
  70.6 318.0 70.3 317.9 70.1 317.7 69.8 317.6 69.6 317.9 69.4 318.2 69.2 318.5
  69.0 318.8 68.8 319.2 68.6 319.5 68.4 319.9 68.1 320.2 67.9 320.6 67.7 321.1
  67.5 321.6 67.2 322.1 66.9 322.6 66.6 323.1 66.2 323.6 65.8 324.0 65.4 324.3
  64.9 324.7 64.4 325.0 63.8 325.3 63.2 325.3 62.6 325.3 61.9 325.3 61.2 325.1
  60.5 324.8 59.8 324.7 59.0 324.1 58.3 323.5 57.8 323.0 57.3 322.3 56.7 321.7
  56.2 321.1 55.7 320.5 55.2 319.9 54.8 319.3 54.5 318.7 54.1 318.2 53.7 317.6
  53.4 317.0 53.0 316.3 52.6 315.7 52.4 315.0 52.2 314.4 52.1 313.8 51.9 313.2
  51.7 312.5 51.6 311.9 51.4 311.3 51.2 310.8 51.0 310.3 50.8 309.8 50.7 309.3
  50.4 308.9 50.2 308.5 50.0 308.1 49.7 307.5 49.3 307.0 49.0 306.4 48.6 305.8
  48.3 305.2 48.0 304.6 47.7 303.8 47.5 303.0 47.3 302.2 47.1 301.3 46.9 300.5
  46.7 299.7 46.6 298.9 46.5 298.1 46.3 297.3 46.2 296.5 46.1 295.8 46.0 295.1
  45.9 294.4 45.9 293.7 45.8 293.0 45.8 292.3 45.7 291.5 45.8 290.8 46.0 290.1
  46.1 289.4 46.1 288.6 46.2 287.9 46.5 287.2 46.8 286.4 47.1 285.6 47.3 284.9
  47.6 284.1 47.8 283.3 48.2 282.6 48.7 281.8 49.1 281.1 49.5 280.4 49.9 279.7
  50.6 279.0 51.3 278.4 52.0 277.9 52.8 277.6 53.5 277.2 54.2 276.9 55.0 276.7
  55.7 276.5 56.3 276.4 57.0 276.1 57.6 275.9 58.2 275.7 58.7 275.3 59.2 274.9
  59.7 274.4 60.1 274.0 60.5 273.4 60.9 272.7 61.3 272.0 61.6 271.3 61.9 270.5
  62.2 269.8 62.4 268.9 62.7 268.0 63.0 267.1 63.2 266.2 63.5 265.2 63.7 264.3
  64.0 263.2 64.2 262.2 64.5 261.0 64.7 259.7 64.9 258.3 65.0 257.0 65.1 255.7
  65.1 254.3 65.1 253.0 65.1 251.6 65.0 250.3 64.9 248.9 64.7 247.6 64.6 246.4
  64.4 245.1 64.2 243.9 63.9 242.8 63.7 241.8 63.5 240.8 63.3 239.8 63.1 238.8
  62.8 237.9 62.6 237.0 62.3 236.1 62.0 235.3 61.7 234.5 61.4 234.0 61.1 233.6
  60.8 233.2 60.5 232.8 60.1 232.4 59.7 232.1 59.4 232.0 59.0 231.8 58.7 231.7
  58.4 231.5 58.0 231.3 57.7 231.1 57.3 231.0 57.0 230.9 56.7 230.8 56.3 230.6
  56.0 230.5 55.6 230.3 55.3 230.2 54.9 230.0 54.5 229.8 54.2 229.6 53.8 229.3
  53.4 229.2 53.0 229.1 52.7 229.0 52.3 228.9 52.0 228.8 51.6 228.8 51.3 228.8
  51.0 228.8 50.7 228.8 50.5 228.7 50.2 228.7 50.0 228.6 49.8 228.9 49.5 229.3
  49.3 229.6 49.1 230.0 48.9 230.3 48.7 230.6 48.5 231.0 48.3 231.3 48.0 231.7
  47.8 232.0 47.6 232.8 47.3 233.6 47.0 234.3 46.7 234.9 46.3 235.4 46.0 235.9
  45.6 236.3 45.2 236.6 44.7 236.9 44.2 237.1 43.7 237.3 43.2 237.3 42.7 237.3
  42.2 237.3 41.7 237.2 41.1 237.0 40.7 236.7 40.2 236.5 39.7 236.2 39.3 235.7
  38.6 235.2 37.8 234.8 37.1 234.1 36.3 233.5 35.5 232.8 34.8 232.0 34.1 231.1
  33.3 230.3 32.6 229.2 32.0 227.9 32.0 226.6 32.0 225.2 32.1 223.9 32.5 222.5
  33.0 221.2 33.4 220.0 33.8 218.9
   5 13 51  0.0
  72.5 321.4 72.2 320.6 71.9 319.8 71.6 318.9 71.2 318.2 70.8 317.5 70.4 316.9
  69.9 316.4 69.5 316.0 69.0 315.7 68.4 315.5 67.8 315.3 67.2 315.2 66.6 315.2
  65.9 315.3 65.3 315.1 64.7 315.0 64.1 315.0 63.5 314.9 63.0 314.6 62.4 314.4
  61.9 314.1 61.3 313.7 60.8 313.4 60.3 313.1 59.8 312.8 59.2 312.5 58.7 312.2
  58.1 312.0 57.6 311.8 57.1 311.6 56.6 311.5 56.0 311.4 55.4 311.4 54.8 311.4
  54.1 311.4 53.4 311.5 52.7 311.5 51.9 311.4 51.1 310.8 50.4 310.3 49.6 309.7
  48.9 308.4 48.2 307.1 48.1 305.8 47.9 304.5 47.7 303.0 47.7 301.5 47.7 300.0
  48.0 298.5 48.3 297.3 48.6 296.2 48.9 295.2 49.3 294.2 49.7 293.3 50.2 292.4
  50.6 291.8 51.1 291.2 51.6 290.7 52.0 290.2 52.5 289.8 53.0 289.4 53.4 289.0
  53.8 288.6 54.2 288.3 54.6 287.9 54.9 287.5 55.2 287.1 55.6 286.7 55.9 286.3
  56.2 286.0 56.5 285.6 56.7 285.2 57.0 284.9 57.3 284.6 57.5 284.3 57.8 284.0
  58.1 283.8 58.4 283.3 58.8 282.9 59.1 282.5 59.4 282.1 59.7 281.7 60.0 281.4
  60.3 280.7 60.6 279.9 61.0 279.2 61.3 278.5 61.7 277.8 62.0 277.1 62.3 276.4
  62.7 275.4 63.1 274.4 63.5 273.5 63.9 272.6 64.4 271.7 64.8 270.4 65.2 269.2
  65.7 267.9 66.1 266.7 66.6 265.5 67.2 264.4 67.7 263.2 68.3 262.1 68.9 261.2
  69.5 260.3 70.1 259.4 70.7 258.6 71.3 257.8 71.9 256.9 72.5 256.0 73.0 255.2
  73.5 254.3 74.0 253.4 74.5 252.6 75.0 251.7 75.4 250.6 75.7 249.5 76.0 248.2
  76.3 246.9 76.6 245.4 76.8 243.7 76.9 241.9 77.0 239.9 77.1 237.8 77.1 235.5
  77.1 233.1 77.1 230.7 77.0 228.1 76.9 225.4 76.8 222.7 76.6 220.0 76.5 217.3
  76.3 214.7 76.1 212.3 75.8 210.0 75.6 207.7 75.3 205.6 75.0 203.5 74.7 201.6
  74.3 199.8 74.0 198.2 73.6 196.6 73.2 195.2 72.8 193.8 72.4 192.6 71.9 191.6
  71.5 190.3 71.2 189.1 70.8 188.1 70.4 187.1 70.1 186.2 69.9 185.3 69.7 184.3
  69.5 183.4 69.5 182.5 69.4 181.8 69.4 181.1 69.4 180.5 69.4 180.0 69.5 179.5
  69.7 179.2 69.8 178.9 70.0 178.7 70.1 178.6 70.3 178.4 70.5 178.2 70.6 178.0
  70.8 177.8 70.9 177.8 71.1 177.7 71.2 177.7 71.3 177.7 71.4 177.8 71.5 177.9
  71.6 178.1 71.7 178.4 71.8 178.7 71.9 179.0 72.0 179.4 72.0 179.9 72.1 179.8
  72.1 179.7 72.1 179.7 72.1 179.6 72.1 179.6 72.1 179.6 72.0 179.6 71.9 179.6
  71.9 180.0 71.8 180.5 71.7 180.9 71.6 181.3 71.5 181.6 71.3 182.0 71.2 182.3
  71.0 182.6 70.7 182.9 70.5 183.2 70.3 183.4 70.0 183.7 69.7 184.0 69.4 184.2
  69.1 184.4 68.8 184.6 68.4 184.8 68.1 185.0 67.8 185.3 67.5 185.7 67.3 186.3
  67.1 186.9 66.8 187.5 66.6 188.2 66.4 189.0 66.1 189.8 65.9 190.6 65.7 191.6
  65.4 192.7 65.1 193.7 64.7 194.7 64.4 195.6 64.0 196.5 63.5 197.2 62.9 197.9
  62.3 198.4 61.7 198.9 61.1 199.4 60.4 199.8 59.6 200.1 58.9 200.5 58.2 200.8
  57.5 201.2 56.8 201.3 56.1 201.3 55.4 201.4 54.8 201.1 54.1 200.8 53.5 200.5
  52.9 199.8 52.3 199.1 51.7 198.4
   5 14 51  0.0
  72.5 321.4 72.2 320.7 71.9 320.0 71.6 318.9 71.3 317.9 70.8 317.0 70.4 316.2
  69.9 315.4 69.4 314.2 68.8 313.2 68.2 312.2 67.6 311.3 67.0 310.3 66.5 309.3
  65.9 308.4 65.3 307.7 64.9 306.9 64.4 306.3 63.9 305.7 63.5 305.0 63.0 304.4
  62.5 303.8 62.1 303.3 61.6 302.7 61.2 301.9 60.7 301.2 60.2 300.5 59.7 299.8
  59.1 298.9 58.6 297.9 58.0 297.0 57.4 296.0 56.9 294.9 56.4 293.9 55.8 292.8
  55.3 291.7 54.9 290.7 54.5 289.6 54.1 288.5 53.7 287.5 53.6 286.5 53.5 285.5
  53.3 284.5 53.2 283.4 53.3 282.4 53.4 281.2 53.6 280.1 53.7 278.9 54.0 277.7
  54.3 276.4 54.6 275.0 55.0 273.6 55.4 272.2 55.8 270.8 56.2 269.3 56.7 268.0
  57.2 266.8 57.8 265.5 58.4 264.2 59.0 263.1 59.7 262.1 60.5 260.9 61.2 260.0
  61.8 258.8 62.5 257.6 63.1 256.4 63.7 255.2 64.2 253.9 64.8 252.8 65.4 251.8
  65.9 250.9 66.5 249.9 67.1 249.5 67.6 249.1 68.2 248.8 68.8 248.8 69.4 249.0
  70.0 249.2 70.5 249.6 71.1 249.9 71.6 250.3 72.1 250.8 72.7 251.2 73.2 251.6
  73.7 252.0 74.2 252.4 74.8 252.7 75.4 253.1 75.9 253.5 76.4 254.0 76.9 254.8
  77.3 255.7 77.7 256.7 78.1 257.9 78.5 259.0 78.9 260.3 79.2 261.8 79.5 263.5
  79.8 265.3 80.1 267.4 80.3 268.7 80.6 270.1 80.8 271.5 81.0 273.1 81.2 274.7
  81.4 276.4 81.6 278.2 81.7 280.1 81.8 282.0 81.9 283.9 82.1 285.7 82.2 286.2
  82.4 286.6 82.5 287.0 82.7 287.4 82.9 287.8 83.0 288.1 83.2 288.5 83.3 288.9
  83.5 289.3 83.7 289.7 83.8 290.0 84.0 290.4 84.1 290.8 84.3 290.2 84.5 289.6
  84.7 288.9 84.9 288.2 85.1 287.4 85.2 286.6 85.4 285.6 85.6 284.6 85.7 283.4
  85.8 282.0 86.0 280.1 86.0 277.6 86.1 274.5 86.2 270.9 86.2 266.9 86.2 262.6
  86.1 258.2 86.0 253.9 85.9 248.4 85.7 243.1 85.6 238.0 85.4 233.2 85.2 228.8
  85.0 224.8 84.8 221.3 84.6 218.0 84.4 215.0 84.2 212.2 84.1 209.6 83.9 207.0
  83.9 203.8 83.8 200.8 83.8 197.8 83.8 194.8 83.8 191.9 83.8 189.2 83.9 186.7
  84.0 184.3 84.2 182.0 84.4 179.7 84.6 177.5 84.9 175.3 85.1 173.1 85.3 171.0
  85.5 168.8 85.8 166.6 86.0 164.4 86.1 162.0 86.4 159.1 86.7 156.0 87.0 152.6
  87.2 148.8 87.4 144.5 87.6 139.8 87.7 134.3 87.9 128.1 88.0 121.1 88.1 113.4
  88.2 104.5 88.3  95.1 88.5  85.0 88.8  74.0 89.0  73.7 89.3  73.5 89.7  73.3
  89.9 253.1 89.8 152.7 89.6 140.0 89.4 122.8 89.4  98.9 89.7  48.3 89.7  48.1
  89.8  47.9 89.8  47.8 89.7  47.6 89.7  47.5 89.7  47.3 89.7  47.2 89.7  47.0
  89.7  46.9 89.7  46.7 89.7  46.6 89.7  46.5 89.7  46.4 89.7  46.3 89.7  46.2
  89.7  46.1 89.7  46.1 89.7  46.0 89.7  46.0 89.7  46.0 89.7  45.9 89.8  45.9
  89.8  45.9 89.8  45.9 89.9  46.0 89.9  46.0 90.0 226.0 89.9  22.7 89.8  22.8
  89.7  22.9 89.7  23.0 89.6  23.2 89.5  23.3 89.5  23.5 89.5  23.7 89.4  23.9
  89.4  24.1 89.4  24.3 89.4  24.6 89.5  24.8 89.5  25.1 89.6  25.3 89.7  25.6
  89.8  25.9 89.9  26.2 89.9 206.5
   5 15 51  0.0
  72.5 321.4 72.1 321.0 71.7 320.7 71.4 320.0 71.0 319.4 70.5 318.7 70.0 318.1
  69.6 317.4 69.1 316.5 68.6 315.6 68.0 314.7 67.3 313.6 66.7 312.5 66.0 311.5
  65.2 310.6 64.3 309.8 63.5 309.1 62.6 308.7 61.7 308.2 60.9 307.8 60.1 307.4
  59.4 307.0 58.7 306.3 58.0 305.6 57.3 305.0 56.5 304.2 55.8 303.4 55.2 302.5
  54.6 301.6 54.0 300.7 53.3 299.8 52.8 298.9 52.2 298.1 51.5 297.3 50.9 296.5
  50.1 295.7 49.6 295.0 49.1 294.2 48.5 293.5 48.0 292.7 47.4 291.9 47.3 291.0
  47.2 290.1 47.0 289.2 46.8 288.3 46.7 287.5 46.8 286.6 47.0 285.7 47.2 284.9
  47.3 284.0 47.3 283.2 47.7 282.3 48.0 281.5 48.2 280.6 48.5 279.8 49.0 278.9
  49.5 278.0 50.0 277.1 50.4 276.1 50.9 275.2 51.5 274.3 52.1 273.4 52.6 272.5
  53.2 271.5 53.8 270.5 54.4 269.5 55.0 268.4 55.6 267.3 56.2 266.2 56.8 265.1
  57.5 264.0 58.1 262.9 58.8 261.8 59.4 260.7 60.1 259.6 60.8 258.5 61.5 257.3
  62.1 256.2 62.8 254.9 63.4 253.6 63.9 252.2 64.5 250.8 65.0 249.4 65.4 247.9
  65.8 246.4 66.2 245.0 66.6 243.7 67.0 242.4 67.3 241.2 67.7 240.0 68.0 238.8
  68.4 238.1 68.8 237.4 69.2 236.7 69.6 236.1 70.0 235.5 70.4 234.9 70.8 234.7
  71.3 234.6 71.7 234.4 72.1 234.3 72.5 234.2 72.9 234.1 73.3 233.9 73.7 233.7
  74.1 233.5 74.5 233.1 74.9 232.6 75.3 232.0 75.6 231.3 75.9 230.6 76.2 229.8
  76.6 229.0 76.9 228.1 77.1 227.2 77.3 226.2 77.5 225.2 77.7 224.1 77.9 222.9
  78.0 221.6 78.1 220.3 78.1 218.9 78.2 217.4 78.2 215.9 78.2 214.3 78.1 212.6
  78.1 210.9 78.0 209.1 78.0 207.2 77.8 205.0 77.7 202.7 77.6 200.4 77.4 197.9
  77.3 195.4 77.1 192.8 76.9 190.2 76.7 187.5 76.5 184.7 76.4 182.0 76.2 179.3
  76.0 176.7 75.8 174.1 75.6 171.5 75.4 169.1 75.2 166.9 75.1 164.7 74.9 162.7
  74.7 160.7 74.5 158.9 74.4 157.2 74.2 155.6 74.0 154.1 73.9 152.7 73.7 151.5
  73.5 150.4 73.4 149.4 73.2 148.5 73.1 147.6 72.9 146.8 72.7 146.0 72.5 145.3
  72.3 144.6 72.2 144.0 72.0 143.4 71.8 142.9 71.6 142.5 71.5 142.1 71.3 141.7
  71.1 141.4 70.9 141.1 70.7 140.9 70.5 140.7 70.3 140.5 70.0 140.4 69.8 140.4
  69.5 140.4 69.3 140.5 69.0 140.6 68.7 140.8 68.4 141.0 68.1 141.2 67.8 141.4
  67.5 141.6 67.1 141.8 66.8 141.9 66.4 142.0 66.0 142.1 65.6 142.1 65.2 142.1
  64.9 142.1 64.5 142.1 64.1 142.1 63.8 142.0 63.4 142.0 63.1 142.0 62.8 141.9
  62.5 141.9 62.3 141.9 62.0 141.9 61.8 141.8 61.6 141.8 61.4 141.8 61.3 141.8
  61.1 141.8 61.0 141.8 61.0 141.8 60.9 141.9 60.8 141.9 60.8 141.9 60.7 142.0
  60.7 142.0 60.7 142.1 60.6 142.1 60.6 142.2 60.6 142.2 60.6 142.3 60.6 142.3
  60.6 142.4 60.6 142.5 60.6 142.6 60.6 142.6 60.6 142.7 60.6 142.8 60.6 142.9
  60.6 142.9 60.6 143.0 60.7 143.1 60.7 143.2 60.7 143.3 60.8 143.3 60.8 143.4
  60.8 143.4 60.8 143.4 60.8 143.4 60.9 143.4 60.9 143.3 60.9 143.2 60.9 143.1
  60.9 142.9 60.9 142.8 60.9 142.6
   5 16 51  0.0
  72.5 321.4 72.0 321.5 71.5 321.6 71.0 321.7 70.5 321.9 70.0 321.9 69.5 322.0
  69.0 322.0 68.5 321.9 68.1 321.8 67.6 321.7 67.2 321.2 66.8 320.7 66.3 320.1
  65.9 319.6 65.5 318.5 65.1 317.4 64.6 316.4 64.2 315.5 63.6 314.6 63.0 313.8
  62.4 313.1 61.6 312.4 60.9 311.9 60.1 311.5 59.2 311.1 58.3 310.7 57.3 310.4
  56.4 309.9 55.3 309.5 54.3 308.8 53.3 308.1 52.3 306.9 51.6 305.6 50.8 304.2
  50.0 302.7 49.5 301.3 49.0 299.6 49.0 297.8 48.9 296.1 48.9 294.5 49.0 292.9
  49.1 291.3 49.5 289.8 50.0 288.4 50.4 287.0 51.1 285.6 51.7 284.2 52.3 282.8
  53.0 281.3 53.7 279.8 54.2 278.3 54.7 276.7 55.2 275.1 55.7 273.5 56.2 271.9
  56.7 270.2 57.2 268.5 57.6 266.6 58.1 264.8 58.7 262.9 59.2 261.0 59.7 259.2
  60.2 257.4 60.7 255.8 61.1 254.3 61.5 252.8 61.9 251.3 62.1 249.9 62.3 248.4
  62.6 246.9 62.7 245.4 62.8 244.0 63.0 242.6 63.0 241.3 63.0 240.0 63.0 238.7
  63.0 237.5 63.0 236.5 63.0 235.5 62.9 234.5 62.8 233.6 62.7 232.8 62.6 231.9
  62.6 231.2 62.5 230.4 62.4 229.7 62.4 229.1 62.3 228.4 62.2 227.8 62.2 227.3
  62.2 226.7 62.2 226.2 62.2 225.6 62.2 225.1 62.2 224.6 62.2 224.2 62.1 223.7
  62.2 223.3 62.2 222.8 62.2 222.5 62.2 222.1 62.2 221.7 62.2 221.4 62.2 221.1
  62.2 220.9 62.2 220.6 62.2 220.4 62.2 220.2 62.2 220.0 62.2 219.9 62.2 219.8
  62.3 219.7 62.3 219.6 62.4 219.5 62.4 219.5 62.4 219.5 62.5 219.5 62.5 219.6
  62.5 219.6 62.6 219.7 62.6 219.8 62.6 219.9 62.6 220.0 62.6 220.2 62.5 220.4
  62.5 220.5 62.4 220.7 62.3 220.9 62.3 221.1 62.2 221.3 62.1 221.5 62.0 221.8
  61.9 222.2 61.8 222.7 61.6 223.1 61.5 223.4 61.4 223.7 61.2 224.0 61.1 224.3
  60.9 224.5 60.7 224.7 60.5 224.9 60.3 225.1 60.1 225.3 59.8 225.4 59.6 225.7
  59.3 226.0 59.1 226.3 58.8 226.5 58.5 226.7 58.2 227.0 57.8 227.1 57.5 227.4
  57.2 227.6 56.9 227.8 56.6 228.0 56.3 228.1 55.9 228.3 55.5 228.4 55.1 228.6
  54.7 228.7 54.3 228.9 53.8 229.0 53.4 229.1 53.0 229.2 52.5 229.3 52.1 229.5
  51.7 229.6 51.3 229.6 50.9 229.7 50.5 229.7 50.0 229.8 49.6 229.8 49.3 229.7
  48.9 229.6 48.5 229.4 48.2 229.3 47.8 229.3 47.5 229.0 47.2 228.7 46.9 228.4
  46.6 228.1 46.3 227.9 45.9 227.6 45.5 227.2 45.1 226.8 44.7 226.5 44.3 226.1
  44.0 225.7 43.6 225.2 43.3 224.6 43.0 224.0 42.6 223.4 42.2 222.7 41.9 222.0
  41.6 221.2 41.3 220.3 41.0 219.3 40.7 218.3 40.4 217.2 40.1 216.0 39.8 214.8
  39.6 213.6 39.3 212.4 39.1 211.2 38.9 209.9 38.6 208.6 38.4 207.3 38.3 206.0
  38.2 204.6 38.1 203.3 38.2 202.0 38.3 200.7 38.3 199.4 38.4 198.1 38.5 196.9
  38.6 195.8 38.8 194.6 39.1 193.5 39.3 192.4 39.5 191.3 39.8 190.2 40.1 189.1
  40.4 188.0 40.7 186.8 41.1 185.6 41.4 184.4 41.8 183.2 42.3 182.0 42.7 180.9
  43.2 179.8 43.6 178.8 43.9 177.7 44.2 176.7 44.6 175.6 44.6 174.5 44.7 173.4
  44.8 172.3 44.9 171.2 44.9 170.1
   5 17 51  0.0
  72.5 321.4 72.1 321.6 71.7 321.8 71.3 321.8 70.9 321.9 70.4 322.0 69.9 322.1
  69.4 322.2 68.9 322.4 68.4 322.7 67.9 323.0 67.4 323.6 67.0 324.2 66.2 324.9
  65.5 325.5 64.8 326.1 64.1 326.5 63.3 326.8 62.6 326.6 62.0 326.4 61.3 325.8
  60.7 325.1 60.0 324.4 59.3 323.5 58.9 322.6 58.4 321.8 58.0 320.9 57.5 320.0
  56.9 319.2 56.4 318.3 55.9 317.6 55.3 316.7 54.6 315.8 53.9 314.9 53.1 313.7
  52.3 312.4 51.6 311.0 51.3 308.9 51.0 306.7 51.1 304.3 51.1 302.0 51.4 299.8
  51.7 297.7 52.1 295.7 52.5 294.0 52.8 292.3 53.2 290.7 53.6 289.0 54.0 287.3
  54.4 285.5 54.9 283.9 55.4 282.2 55.9 280.4 56.4 278.5 56.9 276.9 57.5 275.3
  58.0 273.8 58.5 272.2 59.0 271.0 59.3 269.7 59.6 268.4 59.9 267.0 60.0 265.7
  60.2 264.3 60.4 262.9 60.5 261.5 60.7 260.1 60.9 258.7 61.1 257.2 61.4 255.8
  61.6 254.3 61.9 252.9 62.2 251.4 62.4 250.1 62.7 248.7 62.9 247.3 63.1 245.9
  63.3 244.6 63.4 243.2 63.5 241.9 63.6 240.7 63.7 239.4 63.7 238.3 63.7 237.1
  63.8 236.0 63.8 235.0 63.7 234.0 63.7 233.0 63.7 232.0 63.6 231.1 63.6 230.1
  63.6 229.3 63.5 228.4 63.5 227.6 63.5 226.8 63.5 226.0 63.5 225.2 63.5 224.5
  63.6 223.7 63.6 223.0 63.7 222.3 63.7 221.7 63.8 221.0 63.8 220.4 63.9 219.8
  64.0 219.3 64.0 218.7 64.1 218.0 64.1 217.4 64.2 216.8 64.3 216.3 64.4 215.8
  64.5 215.4 64.6 215.0 64.8 214.6 64.9 214.3 65.1 214.0 65.2 213.7 65.4 213.4
  65.6 213.2 65.8 213.0 66.0 212.8 66.2 212.7 66.4 212.3 66.6 212.0 66.8 211.7
  67.0 211.4 67.3 211.2 67.5 210.9 67.7 210.7 67.9 210.6 68.2 210.4 68.4 210.1
  68.7 209.9 68.9 209.6 69.2 209.3 69.4 209.0 69.6 208.7 69.8 208.4 70.0 208.1
  70.3 207.6 70.4 207.1 70.6 206.6 70.7 206.0 70.9 205.5 71.0 204.9 71.2 204.3
  71.3 203.6 71.4 203.0 71.5 202.4 71.6 201.7 71.7 201.0 71.7 200.3 71.8 199.6
  71.9 198.9 71.9 198.1 71.9 197.4 71.9 196.6 71.9 195.8 71.9 195.0 71.9 194.2
  71.9 193.4 71.8 192.6 71.8 191.8 71.7 190.9 71.7 190.0 71.6 189.2 71.6 188.3
  71.5 187.4 71.4 186.5 71.3 185.7 71.2 184.8 71.1 183.9 70.9 183.0 70.8 182.1
  70.6 181.3 70.5 180.4 70.4 179.5 70.2 178.7 70.0 177.9 69.8 177.7 69.7 177.6
  69.5 177.4 69.3 177.2 69.1 177.0 68.9 176.8 68.7 176.6 68.5 176.4 68.2 176.2
  68.0 175.9 67.7 176.2 67.5 176.4 67.2 176.7 67.0 176.9 66.7 177.1 66.5 177.3
  66.2 177.5 66.0 177.7 65.8 178.2 65.5 178.8 65.3 179.3 65.1 179.9 64.9 180.4
  64.6 181.0 64.4 181.6 64.2 182.2 64.0 182.7 63.8 183.3 63.6 183.8 63.3 184.3
  63.1 184.8 62.9 185.1 62.7 185.5 62.5 185.8 62.2 186.1 62.0 186.4 61.8 186.7
  61.5 187.0 61.3 187.3 61.1 187.6 60.9 187.9 60.6 188.1 60.5 188.4 60.3 188.6
  60.2 188.8 60.0 189.1 59.8 189.4 59.7 189.7 59.6 190.0 59.4 190.3 59.3 190.6
  59.1 190.9 59.0 191.2 58.8 191.6 58.6 191.9 58.4 192.3 58.4 192.7 58.3 193.1
  58.2 193.5 58.2 193.9 58.1 194.4
   5 18 51  0.0
  72.5 321.4 72.2 321.5 71.8 321.6 71.5 321.4 71.1 321.1 70.8 320.9 70.5 320.7
  70.1 320.5 69.8 320.3 69.5 319.7 69.1 319.0 68.8 318.4 68.5 317.7 68.1 317.1
  67.8 316.5 67.4 315.7 67.1 315.0 66.8 314.3 66.5 313.7 66.2 313.2 65.9 312.6
  65.7 312.0 65.5 311.5 65.3 310.9 65.2 310.4 65.1 309.8 65.1 309.3 65.0 308.7
  65.0 308.1 65.0 307.5 64.9 306.9 64.9 306.3 64.9 305.7 64.9 305.1 65.0 304.4
  65.0 303.7 65.0 303.1 64.9 302.4 64.9 301.8 64.8 301.2 64.8 300.6 64.7 300.0
  64.6 299.4 64.6 298.8 64.5 298.1 64.5 297.5 64.4 296.9 64.4 296.3 64.3 295.6
  64.5 294.9 64.7 294.2 64.8 293.4 65.0 292.6 65.2 291.6 65.5 290.7 65.8 289.7
  66.0 288.6 66.4 287.6 66.8 286.6 67.2 285.6 67.7 284.5 68.1 283.3 68.6 282.9
  69.2 282.5 69.7 282.1 70.2 281.6 70.8 282.0 71.3 282.4 71.8 282.8 72.3 283.2
  72.8 284.6 73.1 286.2 73.4 287.9 73.7 289.7 73.8 291.7 74.0 293.7 73.9 295.6
  73.8 297.5 73.6 299.2 73.3 300.7 72.8 302.1 72.4 303.3 71.8 304.3 71.1 304.4
  70.4 304.5 69.5 304.5 68.7 303.9 68.0 303.2 67.3 302.4 66.6 301.7 66.0 300.9
  65.4 300.3 64.8 299.6 64.4 299.0 64.1 298.4 63.7 297.7 63.3 297.3 63.0 296.9
  62.6 296.5 62.3 296.0 61.9 295.6 61.6 295.2 61.2 294.8 60.9 294.3 60.5 293.9
  60.2 293.4 59.8 293.0 59.4 292.4 59.0 291.8 58.7 291.1 58.5 290.5 58.3 289.8
  58.1 289.0 57.9 288.2 57.7 287.4 57.7 286.5 57.7 285.5 57.7 284.5 57.7 283.5
  57.9 282.4 58.0 281.3 58.2 280.2 58.4 279.2 58.8 278.1 59.1 277.0 59.5 275.8
  60.0 274.7 60.5 273.6 61.0 272.6 61.4 271.5 62.0 270.5 62.6 269.5 63.1 268.6
  63.6 267.5 64.1 266.4 64.6 265.4 65.1 264.4 65.5 263.2 65.9 261.9 66.3 260.5
  66.7 259.2 67.2 257.7 67.6 256.2 67.9 254.5 68.3 252.7 68.7 251.6 69.1 250.5
  69.5 249.3 69.9 248.0 70.3 246.7 70.7 246.5 71.1 246.3 71.5 246.0 71.9 245.7
  72.4 245.3 72.8 246.1 73.3 246.9 73.7 247.7 74.2 248.5 74.7 250.1 75.2 251.6
  75.7 253.2 76.2 254.8 76.8 256.8 77.2 258.8 77.7 260.9 78.1 263.2 78.5 265.3
  78.9 267.5 79.3 269.8 79.5 272.2 79.7 274.8 79.9 277.4 80.0 280.1 80.1 281.7
  80.1 283.2 80.1 284.8 80.1 286.2 80.0 287.6 80.0 288.8 79.9 291.0 79.8 293.1
  79.7 294.9 79.5 296.6 79.4 298.1 79.3 299.5 79.1 300.7 79.0 301.9 78.9 302.9
  78.7 303.9 78.6 304.8 78.5 305.7 78.4 306.5 78.3 307.3 78.1 308.0 78.1 308.7
  78.0 309.4 77.9 310.1 77.8 310.8 77.7 311.4 77.6 312.0 77.5 312.6 77.5 313.1
  77.4 313.7 77.3 314.2 77.2 314.7 77.1 315.2 77.0 315.6 76.9 316.0 76.7 316.2
  76.6 316.5 76.4 316.7 76.3 316.8 76.0 316.9 75.8 317.0 75.6 316.8 75.4 316.6
  75.1 316.3 74.8 316.1 74.5 315.9 74.1 315.7 73.8 315.5 73.4 315.0 73.1 314.6
  72.7 314.2 72.3 313.8 71.8 313.5 71.4 312.9 71.0 312.3 70.6 311.8 70.2 311.4
  69.8 310.9 69.4 310.3 69.0 309.8 68.6 309.3 68.1 308.8 67.7 308.3 67.2 308.0
  66.9 307.6 66.5 307.3 66.0 307.0
   5 19 51  0.0
  72.5 321.4 72.1 321.2 71.8 321.0 71.4 320.8 71.1 320.7 70.7 320.6 70.3 320.4
  69.9 320.3 69.5 320.2 69.1 320.2 68.7 320.1 68.4 320.0 68.0 319.9 67.6 320.1
  67.2 320.1 66.9 320.2 66.5 320.1 66.2 320.1 65.8 320.0 65.5 320.0 65.2 320.0
  64.9 319.9 64.6 319.8 64.3 319.6 63.9 319.4 63.6 319.4 63.3 319.3 63.0 319.2
  62.6 319.0 62.2 318.7 61.8 318.5 61.4 318.6 61.0 318.6 60.5 318.6 60.0 318.6
  59.5 318.5 58.9 318.6 58.2 318.7 57.6 318.8 57.0 319.0 56.4 319.1 55.8 319.1
  55.3 318.8 54.9 318.5 54.5 318.2 54.1 317.7 53.8 317.2 53.5 316.2 53.3 315.2
  53.2 314.1 53.1 313.0 53.1 311.9 53.0 310.7 53.0 309.5 52.9 308.3 52.8 307.0
  52.5 305.7 52.2 304.3 51.9 302.9 51.4 301.1 50.9 299.0 50.6 296.8 50.3 294.4
  50.5 292.1 50.6 289.8 51.1 287.7 51.7 285.8 52.3 284.1 53.0 282.7 53.5 281.3
  54.1 280.1 54.6 278.7 55.0 277.4 55.3 276.1 55.7 274.8 55.9 273.5 56.0 272.2
  56.2 271.0 56.3 269.7 56.4 268.5 56.5 267.3 56.5 266.1 56.6 264.9 56.7 263.8
  56.8 262.7 56.9 261.7 57.0 260.7 57.1 259.9 57.3 259.0 57.5 258.3 57.7 257.6
  57.9 256.9 58.1 256.2 58.3 255.6 58.6 254.9 58.9 254.3 59.1 253.6 59.4 252.9
  59.7 252.2 59.9 251.4 60.1 250.7 60.4 249.7 60.6 248.6 60.8 247.6 61.0 246.5
  61.1 245.3 61.3 244.2 61.4 243.1 61.6 241.9 61.7 240.8 61.8 239.7 61.8 238.7
  61.8 237.7 61.8 236.8 61.9 235.8 61.8 234.9 61.7 234.1 61.7 233.2 61.6 232.4
  61.5 231.6 61.4 230.8 61.3 230.0 61.2 229.2 61.1 228.4 61.0 227.7 60.9 226.9
  60.8 226.2 60.7 225.5 60.7 224.7 60.6 224.0 60.5 223.3 60.4 222.6 60.3 222.0
  60.3 221.3 60.2 220.7 60.1 220.1 60.1 219.5 59.9 218.9 59.8 218.6 59.7 218.2
  59.6 217.9 59.5 217.6 59.4 217.3 59.2 217.1 59.1 216.8 59.0 216.6 58.9 216.4
  58.7 216.2 58.6 216.0 58.5 215.9 58.4 215.7 58.2 215.6 58.1 215.4 58.0 215.3
  57.9 215.2 57.8 215.1 57.7 214.9 57.6 214.8 57.5 214.7 57.5 214.6 57.4 214.5
  57.4 214.4 57.3 214.3 57.3 214.2 57.3 214.1 57.2 214.1 57.2 214.0 57.2 213.9
  57.2 213.9 57.2 213.9 57.2 213.9 57.2 213.8 57.2 213.9 57.2 213.9 57.2 213.9
  57.2 213.9 57.3 214.0 57.3 214.1 57.3 214.1 57.3 214.2 57.4 214.3 57.4 214.5
  57.5 214.6 57.5 214.8 57.6 215.0 57.6 215.2 57.7 215.5 57.8 215.8 57.9 216.2
  57.9 216.5 57.8 217.0 57.8 217.4 57.8 217.9 57.7 218.4 57.7 219.0 57.6 219.6
  57.6 220.2 57.3 220.9 57.0 221.6 56.7 222.2 56.4 222.9 56.0 223.5 55.6 224.2
  55.1 224.7 54.4 225.3 53.8 225.9 53.1 226.3 52.5 226.6 51.9 226.9 51.3 227.0
  50.7 227.1 50.1 227.1 49.5 227.2 48.9 227.0 48.4 226.8 47.8 226.6 47.3 226.2
  46.7 225.7 46.2 225.2 45.7 224.7 45.2 224.1 44.6 223.4 44.3 222.8 44.0 222.1
  43.6 221.3 43.2 220.5 42.8 219.6 42.6 218.8 42.4 217.9 42.2 217.0 41.9 216.1
  41.7 215.2 41.6 214.2 41.6 213.2 41.5 212.2 41.5 211.2 41.5 210.2 41.6 209.2
  41.6 208.2 41.7 207.1 41.9 206.1
   5 20 51  0.0
  72.5 321.4 72.0 321.2 71.5 321.1 71.1 321.3 70.7 321.5 70.2 321.7 69.8 321.8
  69.4 322.4 69.0 322.9 68.6 323.4 68.3 323.9 67.9 324.3 67.5 325.3 67.2 326.2
  66.8 327.0 66.4 327.8 66.0 328.5 65.5 329.2 65.1 330.3 64.5 331.4 64.0 332.3
  63.3 333.2 62.6 334.3 61.9 335.2 61.1 336.2 60.3 337.1 59.4 337.8 58.6 338.4
  57.7 339.0 56.8 339.3 55.9 339.5 55.0 339.3 54.2 339.1 53.4 338.9 52.7 338.3
  52.0 337.6 51.4 336.9 50.9 336.0 50.4 335.1 49.8 334.1 49.3 333.2 48.8 332.3
  48.4 331.3 48.0 330.3 47.6 329.2 47.3 328.2 47.0 327.1 46.8 325.9 46.5 324.6
  46.3 323.2 46.2 321.7 46.1 320.0 46.1 318.0 46.1 316.0 46.2 313.8 46.1 311.5
  46.1 309.2 46.1 306.9 46.4 304.7 46.7 302.7 47.0 300.8 47.4 299.1 47.5 297.5
  47.7 295.9 47.8 294.4 47.8 292.9 47.9 291.4 48.0 289.9 48.2 288.4 48.4 287.0
  48.7 285.6 49.1 284.3 49.5 283.0 49.9 281.8 50.3 280.7 50.7 279.7 51.1 278.7
  51.5 277.7 51.9 276.8 52.3 276.0 52.5 275.2 52.7 274.4 53.0 273.7 53.3 273.0
  53.5 272.4 53.8 271.8 54.0 271.2 54.1 270.5 54.2 269.8 54.3 269.0 54.4 268.3
  54.5 267.5 54.6 266.7 54.6 265.9 54.7 265.1 54.7 264.2 54.8 263.4 54.8 262.5
  54.8 261.7 54.8 260.8 54.9 260.0 54.9 259.1 54.9 258.3 55.0 257.4 55.0 256.7
  55.0 255.9 55.1 255.2 55.3 254.6 55.4 253.9 55.6 253.4 55.7 252.8 55.9 252.3
  56.0 251.9 56.3 251.6 56.5 251.2 56.7 250.9 56.9 250.5 57.1 250.2 57.3 249.8
  57.5 249.4 57.7 248.9 57.9 248.4 58.1 248.0 58.2 247.3 58.4 246.6 58.5 245.8
  58.6 245.0 58.7 244.2 58.9 243.4 58.9 242.5 58.9 241.7 58.9 240.8 59.0 239.9
  58.9 239.1 58.9 238.3 58.8 237.5 58.8 236.7 58.7 236.0 58.6 235.2 58.5 234.5
  58.4 233.8 58.3 233.1 58.2 232.4 58.1 231.7 58.0 231.0 57.9 230.4 57.8 229.7
  57.7 229.1 57.6 228.4 57.5 227.7 57.4 227.0 57.3 226.4 57.1 225.7 57.0 225.1
  56.9 224.5 56.8 223.9 56.6 223.3 56.4 222.7 56.2 222.2 56.0 221.8 55.8 221.4
  55.6 221.0 55.4 220.7 55.2 220.4 55.0 220.1 54.8 219.9 54.5 219.6 54.3 219.4
  54.1 219.2 53.9 219.0 53.7 218.7 53.5 218.4 53.3 218.1 53.2 217.8 53.1 217.5
  52.9 217.1 52.9 216.8 52.8 216.5 52.7 216.2 52.7 215.9 52.7 215.5 52.7 215.2
  52.7 214.8 52.7 214.5 52.8 214.2 52.8 213.9 52.9 213.5 52.9 213.2 53.0 212.9
  53.0 212.6 53.1 212.3 53.2 211.9 53.2 211.6 53.2 211.3 53.2 211.0 53.2 210.7
  53.2 210.4 53.3 210.1 53.3 209.8 53.3 209.6 53.3 209.3 53.4 209.0 53.4 208.7
  53.4 208.5 53.5 208.2 53.5 208.0 53.4 207.7 53.3 207.5 53.2 207.3 53.1 207.1
  53.0 206.9 53.0 206.7 52.9 206.5 52.8 206.4 52.7 206.2 52.7 206.1 52.6 206.0
  52.6 205.9 52.5 205.8 52.5 205.7 52.4 205.6 52.4 205.5 52.4 205.5 52.4 205.4
  52.4 205.4 52.4 205.4 52.4 205.4 52.4 205.3 52.4 205.3 52.5 205.3 52.5 205.3
  52.6 205.3 52.7 205.3 52.8 205.3 52.9 205.3 53.0 205.3 53.1 205.3 53.2 205.3
  53.3 205.3 53.5 205.3 53.6 205.2
   5 21 51  0.0
  72.5 321.4 72.0 321.0 71.5 321.2 71.0 321.4 70.4 321.6 69.9 321.9 69.4 322.7
  68.9 323.5 68.4 324.3 67.9 325.1 67.4 326.3 67.0 327.5 66.5 328.8 66.1 330.0
  65.7 331.3 65.3 332.7 65.0 334.1 64.7 335.5 64.3 336.8 64.0 338.1 63.6 339.4
  63.2 340.6 62.9 341.7 62.5 342.7 62.1 343.7 61.6 344.6 61.2 345.5 60.8 346.4
  60.4 347.3 59.9 348.1 59.5 349.1 59.0 350.0 58.5 350.9 58.1 351.8 57.6 352.7
  57.2 353.5 56.7 354.4 56.3 355.3 55.9 356.1 55.5 356.8 55.2 357.4 54.8 358.1
  54.5 358.8 54.2 359.5 53.9   0.2 53.6   0.5 53.3   0.8 53.0   1.1 52.8   1.4
  52.5   1.8 52.3   2.1 52.1   2.5 52.0   2.9 51.8   3.3 51.7   3.6 51.5   4.0
  51.4   4.4 51.2   4.8 51.0   5.3 50.9   5.7 50.7   6.1 50.6   6.5 50.5   6.9
  50.3   7.4 50.2   7.8 50.0   8.2 49.8   8.6 49.6   8.8 49.3   9.1 49.1   9.3
  48.8   9.5 48.5   9.7 48.2   9.9 47.9  10.1 47.6  10.1 47.4  10.2 47.1  10.2
  46.8  10.2 46.5  10.2 46.2  10.2 45.9  10.2 45.6  10.0 45.4   9.8 45.2   9.5
  45.0   9.3 44.8   9.1 44.6   8.8 44.5   8.5 44.4   8.3 44.3   8.0 44.2   7.7
  44.2   7.4 44.3   7.0 44.3   6.7 44.3   6.4 44.4   6.0 44.4   5.7 44.5   5.3
  44.6   5.0 44.7   4.6 44.8   4.3 44.9   3.9 45.2   3.5 45.4   3.2 45.7   2.8
  45.9   2.4 46.1   2.1 46.4   1.9 46.6   1.6 46.9   1.4 47.2   1.2 47.5   1.0
  47.8   0.8 48.1   0.6 48.4   0.6 48.8   0.7 49.2   0.7 49.6   0.7 50.1   0.7
  50.5   0.9 51.1   1.1 51.6   1.2 52.2   1.3 52.9   1.4 53.6   1.5 54.3   1.5
  55.0   1.4 55.8   1.3 56.5   1.1 57.3   0.9 58.1   0.6 58.9   0.3 59.8 360.0
  60.5 359.3 61.2 358.8 61.8 358.2 62.4 357.6 63.0 356.9 63.5 356.2 64.0 355.3
  64.3 354.3 64.5 353.2 64.9 352.0 65.0 350.7 65.2 349.4 65.4 348.1 65.6 346.7
  65.7 345.3 65.9 343.9 66.0 342.4 66.0 340.9 66.1 339.7 66.1 338.6 66.1 337.4
  66.1 336.1 66.1 334.8 66.0 333.6 65.8 332.0 65.7 330.5 65.5 329.0 65.3 327.5
  65.1 326.1 64.8 324.7 64.4 323.4 64.0 322.1 63.6 320.8 63.1 319.7 62.4 318.6
  61.7 317.6 61.0 316.7 60.3 315.9 59.5 315.0 58.7 314.0 58.0 312.9 57.3 311.7
  56.5 310.5 55.8 309.3 55.2 308.1 54.6 306.9 53.9 305.7 53.2 304.7 52.5 303.7
  51.7 302.7 51.0 301.8 50.2 301.0 49.4 300.2 48.7 299.4 48.0 298.6 47.3 297.8
  46.6 297.1 45.9 296.2 45.3 295.4 44.8 294.5 44.2 293.6 43.8 292.7 43.3 291.8
  43.0 290.9 42.6 290.0 42.3 289.1 41.9 288.1 41.5 287.3 41.2 286.4 40.9 285.6
  40.6 284.7 40.2 283.9 40.0 283.1 39.9 282.3 39.7 281.5 39.5 280.8 39.3 280.0
  39.0 279.2 39.0 278.5 39.0 277.8 39.0 277.1 38.9 276.4 38.8 275.7 38.8 275.0
  38.8 274.3 38.8 273.6 38.8 272.9 38.7 272.3 38.5 271.6 38.8 270.9 39.0 270.2
  39.2 269.5 39.5 268.8 39.7 268.2 40.0 267.5 40.6 266.8 41.2 266.7 41.8 266.5
  42.4 266.4 42.9 266.6 43.4 266.8 43.8 267.0 44.1 267.2 44.5 267.5 44.8 267.7
  45.1 268.0 45.3 268.3 45.5 268.6
   5 22 51  0.0
  72.5 321.4 72.1 320.6 71.8 319.7 71.4 319.4 71.0 319.1 70.6 318.8 70.3 318.5
  69.9 318.2 69.6 318.5 69.2 318.7 68.9 319.0 68.6 319.4 68.3 319.8 68.0 320.2
  67.7 320.6 67.4 321.5 67.2 322.3 66.9 323.2 66.6 324.1 66.3 325.0 66.0 325.9
  65.7 327.0 65.4 328.1 65.0 329.3 64.7 330.5 64.4 331.7 64.1 332.9 63.8 334.2
  63.5 335.5 63.2 336.8 62.9 338.1 62.6 339.4 62.3 340.6 62.0 341.9 61.7 343.1
  61.4 344.2 61.1 345.2 60.7 346.2 60.4 347.1 60.0 348.0 59.6 348.8 59.1 349.5
  58.7 350.3 58.2 351.0 57.7 351.8 57.2 352.4 56.8 353.1 56.3 353.7 55.8 354.4
  55.3 354.8 54.8 355.3 54.4 355.8 53.9 356.3 53.5 356.4 53.0 356.6 52.6 356.8
  52.2 357.0 51.8 357.2 51.5 357.2 51.1 357.2 50.8 357.2 50.6 357.2 50.3 357.3
  50.1 357.4 49.9 357.5 49.8 357.7 49.6 357.8 49.5 358.0 49.3 358.3 49.2 358.6
  49.1 359.0 49.0 359.3 48.9 359.8 48.8   0.2 48.6   0.5 48.4   0.9 48.2   1.2
  48.0   1.6 47.9   2.0 47.7   2.2 47.5   2.5 47.3   2.7 47.1   3.0 46.9   3.2
  46.6   3.5 46.3   3.7 46.1   3.9 45.8   4.1 45.5   4.0 45.2   3.8 45.0   3.7
  44.8   3.5 44.6   3.3 44.4   3.1 44.2   2.9 44.1   2.7 44.0   2.5 43.9   1.9
  43.8   1.4 43.8   0.9 43.8   0.4 43.8 359.9 44.2 359.2 44.6 358.7 45.1 358.2
  45.6 357.8 46.2 357.3 46.9 357.1 47.6 356.9 48.4 356.7 49.3 356.9 50.0 357.1
  50.8 357.9 51.5 358.8 52.2 359.7 52.9   0.8 53.3   1.5 53.8   2.1 54.3   2.6
  54.9   3.2 55.4   3.7 56.0   4.2 56.4   4.7 56.9   5.1 57.4   5.6 57.8   6.0
  58.3   6.5 58.9   6.8 59.4   7.1 59.9   7.5 60.4   7.8 60.9   7.9 61.4   7.9
  61.9   8.0 62.4   8.1 63.0   7.8 63.5   7.6 64.0   7.4 64.5   7.2 65.0   6.8
  65.5   6.4 66.0   6.1 66.5   5.6 67.0   5.1 67.4   4.7 67.9   4.2 68.3   3.8
  68.6   3.4 69.0   2.9 69.3   2.4 69.6   2.0 69.9   1.6 70.1   1.2 70.4   0.7
  70.6   0.3 70.8 359.9 71.0 358.7 71.1 357.5 71.3 356.3 71.5 355.0 71.6 353.7
  71.8 352.5 72.0 351.1 72.1 349.8 72.3 348.7 72.6 347.6 72.7 346.4 72.9 345.2
  73.1 344.0 73.2 342.7 73.3 341.4 73.4 340.1 73.5 338.8 73.5 337.5 73.6 336.1
  73.6 334.8 73.6 333.5 73.6 332.2 73.6 330.9 73.6 329.6 73.5 328.3 73.4 327.1
  73.3 325.9 73.1 324.8 73.0 323.7 72.7 322.7 72.4 321.8 72.2 321.0 71.9 320.2
  71.6 319.1 71.2 318.1 70.7 317.1 70.3 316.3 69.8 315.5 69.2 314.3 68.6 313.3
  68.0 312.3 67.4 311.2 66.7 310.2 66.1 309.3 65.5 308.3 64.8 307.6 64.4 306.8
  63.9 306.0 63.5 305.3 63.1 304.6 62.7 303.9 62.3 303.2 61.9 302.6 61.5 301.8
  61.1 301.1 60.7 300.4 60.3 299.7 59.7 299.0 59.2 298.2 58.7 297.3 58.1 296.5
  57.6 295.7 57.1 294.8 56.6 293.9 56.1 293.0 55.6 292.0 55.1 291.1 54.8 290.1
  54.5 289.1 54.1 288.1 53.7 287.2 53.6 286.3 53.4 285.5 53.2 284.6 53.0 283.8
  53.1 282.9 53.2 282.0 53.3 281.0 53.4 280.0 53.5 279.0 53.8 278.0 54.2 276.8
  54.5 275.6 55.0 274.4 55.4 273.1
   5 23 51  0.0
  72.5 321.4 72.2 320.2 71.9 319.0 71.6 318.4 71.3 317.7 71.0 317.0 70.7 316.4
  70.4 315.7 70.1 315.0 69.7 314.3 69.4 313.9 69.1 313.5 68.8 313.2 68.5 312.7
  68.2 312.4 67.8 312.0 67.4 311.9 67.0 311.8 66.6 311.8 66.2 311.8 65.8 311.8
  65.5 312.0 65.2 312.2 64.9 312.4 64.7 312.6 64.5 312.9 64.3 313.1 64.1 313.4
  63.9 313.8 63.8 314.1 63.6 314.4 63.5 314.8 63.4 315.2 63.2 315.6 63.1 316.1
  63.0 316.6 63.0 317.1 62.9 317.7 62.8 318.3 62.7 318.9 62.6 319.6 62.5 320.3
  62.4 321.0 62.3 321.8 62.2 322.6 62.1 323.5 62.0 324.4 61.8 325.4 61.6 326.5
  61.5 327.5 61.3 328.6 61.1 329.8 60.9 330.9 60.7 332.1 60.4 333.3 60.1 334.5
  59.9 335.7 59.6 336.8 59.3 337.9 59.0 338.9 58.7 340.0 58.3 340.9 57.9 341.8
  57.5 342.5 57.0 343.1 56.6 343.7 56.1 344.3 55.7 345.0 55.3 345.3 54.9 345.6
  54.4 346.0 54.0 346.3 53.6 346.7 53.2 346.7 52.8 346.7 52.4 346.7 52.0 346.7
  51.7 346.6 51.3 346.4 50.9 346.1 50.5 345.8 50.2 345.5 49.8 345.2 49.5 344.8
  49.2 344.3 48.8 343.8 48.6 343.3 48.4 342.8 48.3 342.3 48.1 341.8 48.0 341.2
  47.8 340.5 47.7 339.9 47.6 339.2 47.5 338.5 47.3 337.7 47.2 337.0 47.1 336.2
  47.0 335.4 46.8 334.6 46.6 333.7 46.5 332.8 46.3 331.8 46.1 330.8 45.9 329.6
  45.8 328.5 45.6 327.3 45.5 326.0 45.3 324.6 45.2 323.1 45.1 321.6 45.1 320.0
  45.1 318.4 45.2 316.8 45.2 315.1 45.2 313.5 45.2 311.9 45.3 310.2 45.4 308.6
  45.4 307.0 45.6 305.5 45.8 304.0 46.1 302.6 46.4 301.0 46.7 299.5 47.0 298.0
  47.2 296.6 47.4 295.2 47.5 293.8 47.7 292.5 47.7 291.2 47.9 289.9 48.0 288.8
  48.1 287.6 48.4 286.5 48.7 285.4 49.0 284.3 49.3 283.2 49.7 282.2 50.1 281.2
  50.6 280.2 51.0 279.3 51.4 278.4 51.8 277.5 52.2 276.6 52.6 275.8 52.8 274.9
  53.1 274.2 53.3 273.4 53.6 272.7 53.9 272.0 54.0 271.3 54.1 270.7 54.2 270.0
  54.4 269.3 54.5 268.7 54.6 268.1 54.8 267.5 54.9 266.9 55.0 266.3 55.1 265.6
  55.2 265.0 55.2 264.3 55.3 263.6 55.4 262.8 55.4 262.1 55.5 261.3 55.5 260.6
  55.5 259.8 55.6 259.0 55.6 258.2 55.7 257.4 55.7 256.6 55.8 255.9 55.9 255.2
  56.0 254.5 56.2 254.0 56.3 253.5 56.5 253.1 56.7 252.8 56.9 252.5 57.2 252.2
  57.4 252.0 57.7 251.7 57.9 251.4 58.1 251.1 58.3 250.7 58.6 250.3 58.8 249.8
  59.0 249.3 59.2 248.8 59.5 248.2 59.7 247.6 59.8 247.0 59.9 246.3 60.0 245.6
  60.2 244.7 60.3 243.7 60.3 242.7 60.4 241.7 60.4 240.7 60.4 239.8 60.4 238.8
  60.4 237.9 60.4 236.9 60.3 236.0 60.3 235.1 60.2 234.3 60.1 233.4 60.0 232.6
  59.9 231.9 59.7 231.1 59.6 230.4 59.5 229.7 59.4 229.0 59.2 228.3 59.1 227.6
  59.0 226.9 58.8 226.3 58.7 225.6 58.6 224.9 58.4 224.3 58.3 223.6 58.1 223.0
  58.0 222.4 57.8 221.9 57.6 221.3 57.5 220.9 57.3 220.4 57.1 220.0 56.9 219.6
  56.6 219.3 56.3 219.0 56.1 218.7 55.8 218.4 55.6 218.2 55.3 218.0 55.1 217.8
  54.9 217.6 54.7 217.4 54.4 217.2
   5 24 51  0.0
  72.5 321.4 72.2 319.8 71.9 318.1 71.7 317.4 71.4 316.7 71.2 315.9 70.9 315.1
  70.6 314.3 70.4 313.5 70.1 312.7 69.9 311.9 69.6 311.8 69.4 311.7 69.1 311.6
  68.9 311.5 68.6 311.4 68.3 311.2 68.1 311.1 67.8 310.9 67.5 311.2 67.3 311.5
  67.0 311.7 66.7 311.9 66.4 312.1 66.2 312.3 66.0 312.4 65.8 312.5 65.6 312.8
  65.4 313.1 65.2 313.3 65.0 313.6 64.8 313.7 64.6 313.9 64.4 314.1 64.2 314.2
  63.9 314.3 63.7 314.5 63.5 314.7 63.3 314.9 63.1 315.1 62.9 315.3 62.8 315.6
  62.6 315.9 62.4 316.1 62.4 316.4 62.4 316.7 62.3 317.1 62.3 317.4 62.2 317.8
  62.2 318.2 62.1 318.7 62.1 319.1 62.1 319.6 62.0 320.1 62.0 320.7 62.0 321.3
  62.0 321.9 62.0 322.6 62.0 323.3 62.0 324.1 61.9 324.9 61.8 325.8 61.7 326.8
  61.6 327.8 61.5 328.8 61.3 329.8 61.0 330.8 60.8 331.9 60.6 333.0 60.3 334.1
  60.0 335.2 59.8 336.3 59.5 337.3 59.2 338.4 58.8 339.4 58.5 340.4 58.2 341.4
  57.8 342.3 57.5 343.0 57.1 343.6 56.7 344.3 56.3 344.9 55.9 345.5 55.5 345.8
  55.1 346.1 54.7 346.5 54.3 346.8 53.9 347.2 53.6 347.3 53.2 347.4 52.9 347.5
  52.5 347.5 52.2 347.6 51.8 347.7 51.5 347.5 51.1 347.3 50.8 347.0 50.5 346.8
  50.2 346.6 49.8 346.3 49.5 345.9 49.2 345.5 48.9 345.0 48.6 344.6 48.3 344.1
  48.0 343.6 47.8 342.9 47.6 342.1 47.4 341.4 47.3 340.6 47.1 339.8 47.0 339.0
  46.9 338.2 46.8 337.3 46.7 336.5 46.6 335.7 46.5 334.8 46.4 333.9 46.3 332.9
  46.2 331.9 46.1 330.9 46.1 329.8 46.0 328.6 45.8 327.4 45.8 326.1 45.7 324.8
  45.6 323.3 45.7 321.9 45.7 320.3 45.7 318.8 45.7 317.2 45.8 315.6 45.9 314.1
  45.9 312.7 46.0 311.2 46.1 309.8 46.2 308.3 46.4 306.8 46.6 305.3 46.9 303.8
  47.3 302.4 47.6 301.0 48.0 299.6 48.4 298.2 48.7 296.7 49.0 295.3 49.3 293.8
  49.5 292.4 49.8 291.1 50.0 289.8 50.3 288.6 50.6 287.5 51.0 286.4 51.4 285.4
  51.8 284.4 52.2 283.5 52.7 282.6 53.1 281.8 53.6 280.9 54.1 280.0 54.6 279.1
  55.0 278.1 55.4 277.2 55.8 276.2 56.2 275.2 56.5 274.2 56.9 273.2 57.2 272.2
  57.5 271.2 57.7 270.2 57.9 269.3 58.1 268.3 58.3 267.3 58.4 266.2 58.5 265.1
  58.6 264.0 58.7 262.9 58.7 261.8 58.7 260.7 58.7 259.5 58.6 258.4 58.5 257.1
  58.4 255.9 58.3 254.8 58.2 253.7 58.1 252.6 58.1 251.7 58.0 250.8 58.0 249.9
  58.0 249.2 58.0 248.5 58.1 247.8 58.1 247.2 58.2 246.7 58.2 246.2 58.3 245.7
  58.3 245.2 58.4 244.8 58.5 244.4 58.5 243.9 58.5 243.5 58.5 243.1 58.5 242.7
  58.4 242.3 58.4 241.9 58.4 241.5 58.4 241.1 58.4 240.6 58.4 240.0 58.3 239.5
  58.2 238.9 58.1 238.3 58.0 237.7 57.9 237.1 57.8 236.4 57.7 235.8 57.6 235.1
  57.4 234.5 57.3 233.8 57.2 233.1 57.1 232.5 56.9 231.8 56.8 231.1 56.6 230.4
  56.5 229.7 56.3 228.9 56.2 228.2 56.1 227.4 55.8 226.6 55.6 225.9 55.3 225.1
  55.1 224.4 54.9 223.8 54.5 223.1 54.1 222.5 53.8 221.9 53.4 221.4 53.0 220.9
  52.6 220.4 52.3 219.9 51.8 219.5
   5 25 51  0.0
  72.5 321.4 72.1 319.8 71.8 318.2 71.5 317.6 71.2 316.9 71.0 316.3 70.7 315.6
  70.5 314.9 70.2 314.1 70.0 313.4 69.8 313.6 69.6 313.8 69.4 314.1 69.2 314.3
  69.0 314.5 68.8 314.6 68.6 314.8 68.4 315.0 68.2 315.1 68.1 315.3 67.9 315.4
  67.7 316.1 67.6 316.8 67.4 317.5 67.3 318.1 67.1 318.8 67.0 319.4 66.8 320.0
  66.7 320.6 66.6 321.2 66.4 321.8 66.3 322.4 66.1 323.0 66.0 323.6 65.9 324.1
  65.8 324.8 65.6 325.4 65.5 326.0 65.4 326.6 65.3 327.2 65.2 327.8 65.1 328.4
  64.9 328.9 64.8 329.5 64.7 330.1 64.6 330.7 64.6 331.2 64.5 331.8 64.4 332.4
  64.4 333.1 64.3 333.7 64.2 334.3 64.1 335.0 64.1 335.7 64.1 336.4 63.9 337.2
  63.8 338.0 63.7 338.9 63.6 339.7 63.5 340.6 63.3 341.5 63.1 342.4 62.9 343.3
  62.7 344.1 62.5 345.0 62.3 345.8 62.0 346.6 61.8 347.4 61.5 348.3 61.3 349.2
  61.1 350.1 60.9 350.9 60.6 351.8 60.4 352.6 60.2 353.4 60.0 354.2 59.8 355.0
  59.6 356.0 59.4 357.1 59.2 358.0 59.0 359.0 58.7 359.9 58.5   0.8 58.3   1.3
  58.0   1.7 57.7   2.1 57.5   2.4 57.2   2.8 56.8   3.1 56.5   3.3 56.1   3.6
  55.7   3.8 55.3   4.0 54.8   4.1 54.5   4.2 54.2   4.3 53.8   4.4 53.5   4.4
  53.2   4.4 52.9   4.4 52.6   4.4 52.3   4.4 52.1   4.4 51.8   4.4 51.6   4.3
  51.3   4.3 51.1   4.2 50.9   4.1 50.7   4.1 50.5   4.1 50.3   4.0 50.1   4.0
  49.9   4.0 49.7   4.0 49.4   3.9 49.0   3.9 48.7   3.9 48.4   3.9 48.1   3.9
  47.8   3.9 47.6   3.9 47.3   3.9 47.1   4.0 46.9   4.0 46.7   4.1 46.4   4.2
  46.1   4.3 45.8   4.4 45.5   4.5 45.2   4.6 44.9   4.6 44.6   4.7 44.3   4.9
  43.9   5.0 43.6   4.9 43.2   4.8 42.9   4.6 42.5   4.5 42.1   4.3 41.7   4.1
  41.3   3.6 41.2   3.1 41.0   2.6 40.9   2.0 40.7   1.4 40.5   0.9 40.2   0.3
  40.0 359.6 40.1 358.5 40.3 357.7 40.4 356.8 40.5 355.9 40.9 355.0 41.4 354.2
  41.9 353.4 42.4 352.6 42.9 352.1 43.5 351.6 44.2 351.2 44.8 351.0 45.5 350.9
  46.1 350.7 46.7 350.9 47.2 351.1 47.8 351.3 48.2 351.5 48.7 351.9 49.1 352.4
  49.6 352.8 50.1 353.2 50.6 353.8 51.1 354.5 51.6 355.2 52.0 355.9 52.5 356.8
  52.9 357.8 53.4 358.9 53.8   0.1 54.1   0.9 54.5   1.5 54.9   2.2 55.2   2.9
  55.6   3.6 56.0   4.3 56.3   4.8 56.7   5.3 57.0   5.9 57.4   6.4 57.8   6.9
  58.2   7.3 58.7   7.7 59.1   8.0 59.5   8.3 60.0   8.7 60.5   9.0 61.0   9.1
  61.5   9.1 62.0   9.2 62.6   8.9 63.1   8.7 63.6   8.4 64.1   8.2 64.7   7.6
  65.1   7.1 65.6   6.5 66.0   6.0 66.5   5.3 67.0   4.7 67.4   4.0 67.9   3.4
  68.3   2.8 68.7   2.2 69.1   1.6 69.4   0.9 69.8   0.3 70.1 359.8 70.4 358.1
  70.6 356.3 70.9 354.6 71.0 352.9 71.2 351.2 71.2 349.6 71.3 348.0 71.3 346.5
  71.3 345.0 71.2 343.7 71.1 342.5 71.0 341.4 70.8 340.4 70.7 339.4 70.4 338.5
  70.2 337.6 69.9 336.8 69.7 336.2 69.5 335.5 69.1 334.9 68.8 334.2 68.4 333.6
  68.1 332.9 67.7 332.2 67.4 331.3
   5 26 51  0.0
  72.5 321.4 72.1 320.1 71.7 318.7 71.3 318.3 71.0 317.8 70.6 317.4 70.2 317.0
  69.9 316.5 69.5 317.0 69.2 317.4 68.9 317.9 68.5 318.3 68.2 318.7 67.9 319.2
  67.6 320.3 67.3 321.5 67.0 322.5 66.7 323.6 66.5 324.6 66.2 325.6 66.0 326.6
  65.7 327.8 65.5 328.9 65.3 330.0 65.1 331.1 64.9 332.2 64.6 333.3 64.4 334.3
  64.1 335.3 63.9 336.4 63.6 337.4 63.3 338.5 63.0 339.5 62.7 340.6 62.4 341.6
  62.0 342.5 61.6 343.6 61.2 344.6 60.8 345.6 60.3 346.6 59.9 347.6 59.4 348.7
  59.0 349.8 58.6 350.8 58.3 351.9 57.9 352.9 57.6 353.8 57.2 354.6 56.9 355.4
  56.6 356.1 56.2 356.7 55.9 357.3 55.6 357.4 55.2 357.4 54.9 357.4 54.5 357.4
  54.2 357.4 53.8 357.4 53.4 356.9 53.1 356.4 52.7 356.0 52.1 355.5 51.5 355.1
  51.0 354.6 50.4 354.1 49.7 353.6 49.2 353.2 48.6 352.8 48.0 352.4 47.5 352.0
  46.9 351.6 46.2 351.1 45.5 350.6 44.9 349.9 44.2 349.2 43.6 348.5 42.9 347.7
  42.1 346.8 41.3 345.9 40.6 344.8 39.9 343.8 39.2 342.5 38.5 341.2 37.9 339.9
  37.5 338.4 37.2 337.0 36.8 335.4 36.8 333.8 36.8 332.1 36.8 330.5 37.2 329.0
  37.5 327.5 38.1 326.1 38.7 324.7 39.3 323.5 40.0 322.3 40.6 321.2 41.3 320.1
  42.0 319.0 42.7 317.8 43.4 316.6 44.2 315.5 44.9 314.2 45.7 312.9 46.5 311.7
  47.2 310.4 47.9 309.2 48.7 308.1 49.5 306.9 50.0 305.8 50.5 304.7 51.0 303.6
  51.3 302.5 51.5 301.4 51.8 300.3 52.2 299.2 52.3 298.1 52.5 297.0 52.7 295.8
  52.7 294.7 52.8 293.5 52.8 292.4 52.9 291.2 52.9 290.1 52.8 288.9 52.8 287.8
  52.9 286.6 53.0 285.5 53.0 284.4 53.1 283.3 53.3 282.2 53.4 281.1 53.6 280.1
  53.8 279.2 53.8 278.3 53.9 277.4 53.9 276.7 53.9 275.9 53.6 275.3 53.3 274.6
  53.0 274.0 52.7 273.4 52.4 272.8 52.1 272.2 51.8 271.7 51.3 271.2 50.9 270.8
  50.4 270.3 49.9 269.9 49.5 269.5 49.1 269.1 48.6 268.7 48.1 268.4 47.7 268.0
  47.2 267.7 46.8 267.5 46.3 267.2 45.9 266.9 45.4 266.7 45.0 266.5 44.6 266.2
  44.2 266.0 43.9 265.7 43.5 265.5 43.1 265.2 42.8 265.0 42.4 264.8 42.0 264.6
  41.7 264.4 41.3 264.2 41.0 264.0 40.7 263.8 40.5 263.6 40.3 263.5 40.0 263.4
  39.7 263.2 39.5 263.0 39.2 262.9 38.9 262.7 38.6 262.5 38.3 262.4 38.0 262.2
  37.7 262.1 37.4 261.8 37.0 261.4 36.7 261.1 36.3 260.7 35.9 260.3 35.5 259.8
  35.3 259.2 35.1 258.6 34.8 258.1 34.5 257.5 34.2 256.9 33.8 256.4 33.4 255.7
  33.3 254.9 33.2 254.2 33.1 253.5 33.0 252.9 32.8 252.2 32.6 251.6 32.8 251.1
  33.0 250.5 33.2 250.0 33.4 249.6 33.7 249.1 33.9 248.7 34.0 248.3 34.2 248.1
  34.4 247.9 34.8 247.7 35.1 247.5 35.5 247.3 35.9 247.1 36.2 246.9 36.6 246.9
  37.0 247.0 37.3 247.0 37.6 247.1 38.0 247.2 38.3 247.2 38.7 247.6 39.0 247.9
  39.4 248.2 39.3 248.6 39.3 248.9 39.2 249.2 39.1 249.5 39.0 249.8 38.9 250.0
  38.7 250.3 38.6 250.5 38.4 250.8 38.2 251.0 38.0 251.2 37.7 251.2 37.5 251.3
  37.2 251.3 36.9 251.4 36.6 251.4
   5 27 51  0.0
  72.5 321.4 72.1 320.1 71.8 318.8 71.5 318.5 71.2 318.2 70.9 317.8 70.6 317.5
  70.3 317.2 69.9 316.8 69.6 317.2 69.3 317.6 69.0 318.0 68.7 318.3 68.4 318.7
  68.1 319.0 67.8 319.3 67.5 320.2 67.2 321.2 66.9 322.1 66.5 323.0 66.2 323.9
  65.9 324.8 65.6 326.0 65.2 327.2 64.9 328.4 64.5 329.5 64.2 330.6 63.8 331.7
  63.5 332.8 63.1 333.8 62.8 334.8 62.5 335.9 62.1 336.9 61.8 337.9 61.4 338.8
  61.1 339.8 60.8 340.8 60.4 341.8 60.0 342.8 59.6 343.8 59.3 344.8 58.9 345.9
  58.5 346.9 58.1 348.0 57.7 349.1 57.4 350.1 57.0 351.1 56.7 352.1 56.3 353.2
  55.9 354.2 55.5 354.7 55.1 355.1 54.7 355.6 54.2 356.0 53.6 356.4 52.9 356.1
  52.2 355.8 51.6 355.6 51.0 355.0 50.3 354.4 49.5 353.9 48.8 353.4 48.0 352.9
  47.3 352.4 46.5 351.9 45.9 351.3 45.2 350.5 44.6 349.6 44.0 348.7 43.4 347.7
  42.8 346.6 42.3 345.4 41.7 344.3 41.1 343.1 40.7 341.9 40.4 340.7 40.0 339.5
  39.9 338.2 39.8 336.8 39.8 335.5 40.0 334.1 40.2 332.8 40.5 331.6 41.1 330.5
  41.8 329.5 42.5 328.5 43.3 327.8 44.2 327.0 45.1 326.3 46.0 325.6 46.8 324.9
  47.7 324.2 48.5 323.6 49.1 323.1 49.7 322.6 50.3 322.2 50.9 321.9 51.4 321.7
  51.9 321.5 52.4 321.3 52.9 321.4 53.4 321.4 53.8 321.5 54.2 321.6 54.6 321.9
  55.0 322.2 55.3 322.5 55.7 322.9 56.0 323.3 56.4 323.7 56.7 324.1 57.0 324.6
  57.4 325.1 57.7 325.6 57.9 326.2 58.2 326.9 58.4 327.5 58.6 328.2 58.7 328.9
  58.8 329.6 58.9 330.4 58.9 331.2 58.9 332.0 58.8 332.9 58.7 333.7 58.6 334.6
  58.5 335.5 58.3 336.5 58.1 337.4 57.8 338.4 57.6 339.1 57.4 339.9 57.1 340.7
  56.9 341.5 56.6 342.4 56.4 343.2 56.1 344.0 55.8 344.7 55.5 345.1 55.2 345.5
  54.9 345.9 54.6 346.3 54.3 346.6 53.9 346.9 53.6 347.0 53.2 347.1 52.9 347.1
  52.5 347.2 52.2 347.3 51.8 347.4 51.5 347.3 51.2 347.3 50.8 347.2 50.5 347.1
  50.2 347.0 49.9 346.8 49.6 346.4 49.4 346.0 49.1 345.5 48.8 345.1 48.5 344.7
  48.2 344.2 47.9 343.8 47.7 343.1 47.5 342.4 47.4 341.7 47.2 340.9 47.0 340.2
  46.8 339.4 46.6 338.7 46.5 337.9 46.3 337.1 46.2 336.2 46.0 335.3 46.0 334.4
  45.9 333.3 45.9 332.2 45.8 331.0 45.9 329.9 45.9 328.7 46.0 327.5 46.1 326.2
  46.2 324.9 46.3 323.6 46.5 322.1 46.6 320.6 46.8 319.1 47.0 317.5 47.2 315.9
  47.4 314.2 47.7 312.6 47.9 311.0 48.3 309.3 48.7 307.7 49.1 306.1 49.5 304.6
  50.0 303.2 50.4 301.7 50.8 300.4 51.2 299.2 51.7 297.9 52.1 296.6 52.5 295.4
  52.9 294.1 53.3 292.7 53.7 291.4 54.1 290.0 54.5 288.7 54.9 287.5 55.3 286.2
  55.8 285.0 56.2 283.9 56.6 282.7 57.0 281.6 57.4 280.4 57.8 279.3 58.1 278.2
  58.4 277.0 58.8 275.9 59.0 274.7 59.2 273.6 59.5 272.4 59.7 271.2 59.8 270.0
  59.9 268.8 60.0 267.6 60.1 266.4 60.1 265.2 60.2 264.0 60.2 262.7 60.1 261.5
  60.1 260.2 60.1 258.9 60.1 257.6 60.1 256.3 60.0 255.1 60.0 253.8 60.0 252.6
  60.0 251.4 60.0 250.5 60.0 249.6
   5 28 51  0.0
  72.5 321.4 72.1 320.8 71.7 320.1 71.4 320.2 71.0 320.3 70.6 320.4 70.3 320.4
  69.9 320.4 69.5 321.2 69.1 322.0 68.7 322.7 68.3 323.4 68.0 324.1 67.5 325.1
  67.1 326.0 66.6 326.9 66.1 327.7 65.6 328.4 65.0 328.9 64.4 329.5 63.8 330.0
  63.2 330.4 62.6 330.8 61.9 331.2 61.3 331.3 60.7 331.5 60.1 331.8 59.6 332.0
  59.2 332.0 58.7 331.9 58.3 331.9 57.9 331.9 57.5 331.6 57.2 331.2 56.9 330.9
  56.7 330.5 56.4 330.1 56.2 329.6 56.0 329.2 55.9 328.7 55.8 327.7 55.7 326.8
  55.7 325.8 55.6 324.7 55.6 323.5 55.5 322.4 55.5 321.1 55.4 319.9 55.2 318.6
  55.0 317.2 54.8 315.9 54.6 314.5 54.3 313.1 54.1 311.7 53.8 310.3 53.7 308.9
  53.5 307.7 53.2 306.5 52.9 305.3 52.7 304.1 52.4 303.0 52.0 301.9 51.6 300.9
  51.2 299.8 50.9 298.7 50.7 297.5 50.4 296.2 50.2 294.9 50.3 293.4 50.4 291.9
  50.6 290.3 50.7 288.6 50.9 287.0 51.2 285.4 51.4 284.0 51.8 282.6 52.2 281.4
  52.7 280.1 53.3 278.8 53.8 277.7 54.4 276.6 55.1 275.5 55.6 274.3 56.2 273.2
  56.8 272.2 57.5 271.1 57.9 270.1 58.2 269.0 58.6 268.2 59.0 267.3 59.1 266.4
  59.2 265.4 59.3 264.5 59.4 263.6 59.2 262.6 59.1 261.7 59.1 260.7 59.0 259.8
  58.8 258.8 58.6 257.9 58.4 257.0 58.3 256.1 58.2 255.2 58.0 254.3 57.8 253.4
  57.7 252.6 57.5 251.8 57.2 251.0 57.0 250.3 56.7 249.6 56.3 249.0 56.0 248.4
  55.8 247.8 55.3 247.2 54.8 246.6 54.4 246.0 53.9 245.5 53.4 244.9 53.0 244.3
  52.5 243.7 51.9 243.2 51.4 242.5 50.8 241.8 50.3 241.1 49.8 240.4 49.3 239.6
  48.8 238.8 48.2 238.0 47.7 237.3 47.2 236.6 46.8 235.8 46.2 235.1 45.7 234.4
  45.2 233.9 44.7 233.3 44.3 232.7 43.9 232.0 43.5 231.5 43.1 230.9 42.7 230.3
  42.3 229.7 41.9 229.1 41.5 228.5 41.2 227.9 40.8 227.3 40.4 226.7 40.1 226.1
  39.7 225.4 39.3 224.8 39.0 224.2 38.7 223.6 38.4 223.0 38.2 222.3 37.9 221.6
  37.7 221.0 37.5 220.4 37.3 219.7 37.2 219.0 37.2 218.2 37.1 217.4 37.0 216.6
  37.0 215.7 36.8 214.7 36.7 213.7 36.6 212.6 36.4 211.5 36.3 210.3 36.1 209.1
  35.9 207.9 35.9 206.9 35.9 205.9 35.8 204.8 35.7 203.8 35.7 202.7 35.8 201.6
  35.8 200.5 35.8 199.4 35.8 198.3 35.9 197.2 35.9 196.2 35.9 195.2 36.1 194.2
  36.3 193.3 36.5 192.4 36.7 191.6 36.9 190.7 37.0 189.8 37.2 188.9 37.3 188.0
  37.4 187.1 37.5 186.1 37.5 185.2 37.6 184.2 37.6 183.2 37.6 182.3 37.6 181.3
  37.6 180.3 37.7 179.4 37.6 178.4 37.6 177.5 37.6 176.5 37.6 175.6 37.6 174.7
  37.5 173.8 37.5 172.9 37.5 172.0 37.4 171.1 37.4 170.2 37.4 169.3 37.4 168.3
  37.4 167.4 37.4 166.5 37.4 165.5 37.4 164.5 37.4 163.6 37.4 162.6 37.4 161.7
  37.4 160.7 37.4 159.8 37.2 158.9 37.1 157.9 36.9 157.0 36.8 156.1 36.7 155.2
  36.4 154.3 36.1 153.4 35.8 152.6 35.5 151.8 35.1 150.9 34.7 150.1 34.3 149.2
  34.0 148.3 33.7 147.4 33.4 146.4 33.2 145.4 33.0 144.4 32.8 143.3 32.7 142.2
  32.6 141.1 32.5 139.9 32.4 138.7
   5 29 51  0.0
  72.5 321.4 72.2 321.3 71.9 321.1 71.6 321.3 71.3 321.4 71.0 321.6 70.6 321.8
  70.2 322.0 69.7 322.2 69.3 322.7 68.8 323.3 68.2 323.8 67.7 324.4 66.9 324.8
  66.1 325.3 65.3 325.7 64.5 325.7 63.7 325.8 62.8 325.4 62.0 325.0 61.2 324.4
  60.3 323.9 59.7 323.3 59.1 322.4 58.4 321.5 57.8 320.7 57.1 319.5 56.7 318.3
  56.3 317.2 55.9 316.1 55.5 314.9 55.3 313.7 55.2 312.5 55.1 311.4 55.2 310.4
  55.3 309.5 55.5 308.6 55.6 307.9 55.8 307.2 56.0 306.5 56.2 306.2 56.4 305.9
  56.5 305.6 56.6 305.3 56.8 305.1 56.8 304.8 56.9 304.6 56.9 304.3 57.0 304.1
  56.9 303.8 57.0 303.6 57.1 303.3 57.1 303.1 57.2 302.8 57.2 302.5 57.2 302.3
  57.2 302.0 57.2 301.7 57.1 301.4 57.1 301.1 57.0 300.8 57.0 300.5 56.9 300.1
  56.8 299.8 57.0 299.4 57.2 299.1 57.4 298.7 57.6 298.3 57.7 297.9 57.7 297.5
  57.8 297.1 57.8 296.6 57.7 296.2 57.6 295.7 57.7 295.3 57.7 294.8 57.7 294.2
  57.6 293.7 57.5 293.1 57.3 292.4 57.1 291.7 57.2 291.0 57.3 290.2 57.3 289.3
  57.3 288.4 57.2 287.5 57.6 286.5 58.0 285.6 58.5 285.5 58.9 285.5 59.4 285.4
  59.8 285.3 60.2 285.2 60.6 285.9 61.0 286.6 61.3 287.4 61.7 288.2 61.6 288.9
  61.6 289.7 61.6 290.5 61.5 291.4 61.5 292.2 61.2 293.0 61.0 293.8 60.7 294.6
  60.5 295.3 60.2 296.1 59.7 296.9 59.3 296.9 58.8 297.0 58.4 297.0 58.0 297.1
  57.6 296.5 57.2 295.9 57.1 295.2 57.0 294.6 56.9 294.0 56.8 293.3 56.7 292.6
  56.6 292.0 56.8 291.3 56.9 290.6 57.1 289.9 57.3 289.2 57.4 288.5 57.5 287.8
  57.9 287.0 58.2 286.3 58.5 285.9 58.7 285.5 59.0 285.1 59.2 284.6 59.5 284.1
  59.7 283.6 60.0 283.0 60.3 282.4 60.5 281.9 60.8 281.3 61.0 280.7 61.2 279.9
  61.4 279.1 61.6 278.1 61.8 277.1 62.0 276.0 62.2 274.8 62.4 273.8 62.6 272.6
  62.8 271.5 63.1 270.3 63.3 269.1 63.6 267.9 63.9 266.6 64.3 265.4 64.6 264.6
  64.9 263.8 65.3 262.9 65.7 262.0 66.1 261.1 66.5 260.4 66.8 259.7 67.2 258.9
  67.6 258.1 68.0 257.2 68.4 256.5 68.9 255.9 69.3 255.1 69.7 254.4 70.1 253.6
  70.5 253.1 70.9 252.5 71.4 252.0 71.8 251.3 72.2 250.7 72.6 250.3 73.0 249.9
  73.4 249.4 73.8 248.9 74.2 248.4 74.7 248.2 75.1 247.9 75.5 247.6 75.8 247.2
  76.2 246.9 76.5 246.9 76.8 246.9 77.1 246.9 77.4 246.9 77.6 246.9 77.9 246.9
  78.0 246.9 78.3 247.3 78.4 247.7 78.6 248.2 78.8 248.6 78.9 249.1 79.0 249.6
  79.1 250.2 79.2 250.7 79.3 251.3 79.4 251.9 79.5 252.6 79.5 253.2 79.5 253.9
  79.6 254.7 79.6 255.4 79.6 256.2 79.6 257.1 79.5 257.9 79.5 258.8 79.5 259.6
  79.5 260.6 79.4 261.5 79.4 262.4 79.3 263.4 79.2 264.4 79.2 265.4 79.1 266.5
  79.0 267.5 78.9 268.6 78.8 269.7 78.7 270.8 78.6 271.9 78.5 273.1 78.4 274.2
  78.2 275.4 78.1 276.6 77.9 277.8 77.8 279.3 77.7 280.9 77.5 282.6 77.3 284.4
  77.1 286.2 76.9 288.1 76.6 290.0 76.3 291.9 76.0 293.7 75.6 295.8 75.2 297.7
  74.7 299.3 74.2 300.8 73.5 302.1
   5 30 51  0.0
  72.5 321.4 72.5 321.2 72.6 320.9 72.6 320.7 72.6 320.5 72.6 320.2 72.6 320.0
  72.6 319.8 72.6 319.6 72.6 319.4 72.7 319.2 72.7 318.9 72.7 318.7 72.7 318.5
  72.7 318.3 72.7 318.1 72.6 318.0 72.6 317.8 72.5 317.7 72.4 317.5 72.4 317.4
  72.2 317.3 72.1 317.2 72.0 317.2 71.9 317.2 71.7 317.3 71.6 317.4 71.4 317.5
  71.2 317.7 71.0 317.9 70.8 318.2 70.6 318.4 70.3 318.8 70.0 319.1 69.8 319.5
  69.5 320.2 69.0 320.9 68.4 321.6 67.8 322.3 67.3 322.9 66.7 323.4 66.1 324.0
  65.5 324.5 64.7 324.8 63.9 325.0 63.1 324.7 62.3 324.5 61.4 324.3 60.6 323.8
  59.9 323.4 59.3 322.5 58.6 321.5 57.9 320.7 57.3 319.4 56.9 318.2 56.5 317.0
  56.1 315.9 56.0 314.8 55.9 313.8 55.8 312.6 55.8 311.5 56.0 310.4 56.1 309.5
  56.3 308.9 56.4 308.4 56.6 308.0 56.7 307.6 56.9 307.2 57.0 306.8 57.1 306.4
  57.2 306.1 57.3 305.8 57.3 305.5 57.3 305.1 57.2 304.8 57.2 304.5 57.1 304.2
  56.9 303.9 57.0 303.6 57.0 303.3 57.0 303.0 56.9 302.7 56.9 302.4 56.8 302.1
  56.8 301.8 56.7 301.4 56.6 301.1 56.5 300.7 56.4 300.4 56.2 300.0 56.4 299.6
  56.5 299.2 56.6 298.8 56.7 298.4 56.7 297.9 56.7 297.5 56.6 297.0 56.5 296.6
  56.4 296.1 56.2 295.6 56.2 295.1 56.2 294.6 56.1 294.0 56.0 293.4 55.8 292.1
  55.6 290.6 55.7 289.0 55.8 287.4 56.1 285.6 56.5 284.7 57.0 283.8 57.7 282.9
  58.4 281.9 59.1 281.8 59.8 281.7 60.5 281.5 61.2 281.9 61.8 282.4 62.3 282.9
  62.9 283.9 63.3 285.0 63.6 286.2 63.8 287.5 64.0 288.8 63.9 290.3 63.9 291.6
  63.8 293.0 63.6 294.4 63.3 295.8 63.0 297.1 62.6 298.4 62.1 299.7 61.6 300.9
  61.0 301.7 60.4 302.4 59.9 303.1 59.3 303.3 58.7 303.4 58.2 303.6 57.7 303.7
  57.2 303.2 56.7 302.7 56.3 302.2 55.8 301.7 55.4 300.6 55.0 299.5 54.7 298.4
  54.5 297.2 54.2 296.2 53.9 295.1 53.8 293.8 53.7 292.5 53.6 291.4 53.6 290.3
  53.7 289.2 53.8 288.3 53.8 287.4 54.1 286.6 54.3 285.9 54.6 285.1 54.9 284.4
  55.1 283.8 55.5 283.1 55.9 282.4 56.3 281.8 56.7 281.1 57.0 280.5 57.4 279.8
  57.7 279.2 58.0 278.5 58.3 277.8 58.5 276.8 58.7 275.8 58.9 274.7 59.1 273.5
  59.3 272.4 59.4 271.2 59.6 270.0 59.8 268.7 59.9 267.5 60.1 266.3 60.3 265.0
  60.5 263.8 60.8 262.6 61.1 261.5 61.5 260.3 61.8 259.2 62.2 258.1 62.6 257.0
  62.9 256.0 63.3 254.9 63.7 253.8 64.0 252.7 64.4 251.7 64.7 250.8 65.0 249.8
  65.3 248.9 65.7 247.9 65.9 247.1 66.2 246.2 66.5 245.4 66.9 244.6 67.2 243.8
  67.4 243.0 67.7 242.2 68.0 241.5 68.3 240.7 68.6 239.9 68.8 239.1 69.0 238.3
  69.2 237.5 69.5 236.8 69.7 236.1 69.9 235.4 70.1 234.7 70.3 233.9 70.4 233.0
  70.6 232.1 70.8 231.3 70.9 230.4 70.9 229.6 71.0 228.7 71.1 227.9 71.1 227.1
  71.1 226.3 71.1 225.5 71.1 224.6 71.1 223.8 71.1 222.9 71.0 222.1 71.0 221.2
  70.9 220.4 70.9 219.5 70.8 218.7 70.7 217.9 70.6 217.1 70.5 216.4 70.4 215.6
  70.3 214.9 70.1 214.2 70.0 213.5
   5 31 51  0.0
  72.5 321.4 72.7 321.0 72.9 320.6 73.1 320.2 73.3 319.9 73.4 319.5 73.6 319.2
  73.7 318.8 73.9 318.5 74.0 318.2 74.2 318.0 74.3 317.9 74.5 317.7 74.7 317.5
  74.8 317.4 75.0 317.2 75.1 317.1 75.3 316.9 75.4 316.8 75.6 316.6 75.7 316.5
  75.8 316.3 75.9 316.2 76.1 316.0 76.2 315.8 76.3 315.6 76.4 315.4 76.5 315.2
  76.6 315.0 76.7 314.8 76.8 314.6 76.9 314.4 76.9 314.3 77.0 314.1 77.1 313.9
  77.1 313.7 77.2 313.5 77.2 313.3 77.2 313.1 77.3 312.9 77.3 312.7 77.3 312.5
  77.3 312.3 77.3 312.1 77.3 311.8 77.3 311.6 77.2 311.4 77.2 311.2 77.2 311.0
  77.1 310.7 77.1 310.5 77.1 310.3 77.0 310.1 76.9 309.8 76.9 309.6 76.8 309.4
  76.7 309.1 76.6 308.9 76.5 308.7 76.4 308.4 76.3 308.2 76.2 308.0 76.1 307.7
  75.9 307.2 75.8 306.7 75.7 306.1 75.6 305.3 75.5 304.4 75.3 303.4 75.2 302.3
  75.1 301.1 75.0 299.8 74.9 298.3 74.8 296.7 74.7 295.0 74.7 293.2 74.6 291.4
  74.6 289.5 74.5 287.6 74.5 285.7 74.5 283.8 74.5 281.9 74.5 280.1 74.5 278.2
  74.6 276.3 74.7 274.5 74.8 272.7 74.9 271.0 75.1 269.3 75.2 267.8 75.3 266.3
  75.5 264.9 75.6 263.6 75.8 262.4 75.9 261.2 76.0 260.1 76.2 259.2 76.4 258.3
  76.5 257.5 76.7 256.6 76.9 255.9 77.1 255.1 77.3 254.4 77.5 253.7 77.6 253.0
  77.8 252.4 78.1 251.8 78.3 251.5 78.5 251.2 78.7 250.9 78.9 250.7 79.2 250.5
  79.4 250.3 79.6 250.1 79.8 249.9 80.0 249.8 80.3 250.0 80.6 250.2 80.8 250.4
  81.1 250.6 81.3 251.0 81.5 251.3 81.7 251.8 81.9 252.3 82.2 252.8 82.6 253.9
  82.9 255.1 83.2 256.5 83.5 258.1 83.8 260.0 84.0 262.2 84.3 266.2 84.6 270.8
  84.8 276.1 84.9 282.0 85.1 288.6 85.0 295.6 84.9 302.6 84.7 309.2 84.4 315.0
  83.9 320.0 83.4 321.7 82.8 323.0 82.1 324.0 81.4 324.9 80.7 323.9 79.9 323.0
  79.3 320.4 78.6 318.0 78.0 315.7 77.4 312.6 76.8 309.5 76.3 306.4 75.8 303.5
  75.4 300.3 75.0 297.2 74.7 294.3 74.4 291.7 74.1 289.3 73.9 287.2 73.7 285.7
  73.4 284.3 73.2 282.9 72.9 281.7 72.7 280.6 72.4 279.6 72.2 278.7 71.9 277.9
  71.6 277.4 71.4 276.9 71.1 276.5 70.9 276.2 70.6 275.8 70.4 275.5 70.2 275.2
  70.0 274.9 69.8 274.8 69.6 274.7 69.4 274.6 69.2 274.6 69.0 274.6 68.8 274.6
  68.7 274.6 68.5 274.6 68.4 274.7 68.3 274.7 68.2 274.8 68.1 274.8 68.1 274.9
  68.0 275.0 68.0 275.1 68.0 275.2 67.9 275.3 67.9 275.3 67.9 275.4 67.9 275.5
  67.9 275.6 68.0 275.7 68.0 275.8 68.0 275.9 68.1 276.1 68.0 276.4 67.9 276.7
  67.9 276.8 67.9 277.0 67.9 277.1 67.8 277.2 67.8 277.2 67.8 277.1 67.8 277.0
  67.8 276.7 67.8 276.4 67.8 276.0 67.8 275.6 68.0 275.0 68.1 274.4 68.2 274.1
  68.4 273.8 68.5 273.4 68.6 272.9 68.8 272.4 68.9 271.8 69.2 271.2 69.5 270.5
  69.7 269.8 70.0 269.0 70.4 268.8 70.7 268.6 71.0 268.3 71.4 268.0 71.7 267.7
  72.1 267.4 72.5 267.8 72.8 268.2 73.1 268.7 73.3 269.2 73.5 269.7 73.6 270.3
  73.8 270.8 73.9 271.4 74.0 271.9
