   3  1 70  0.0
  72.5 321.4 72.9 321.2 73.3 320.9 73.7 320.5 74.2 320.0 74.7 319.9 75.1 319.7
  75.5 319.4 75.9 319.0 76.4 318.5 76.9 318.3 77.4 318.1 77.8 317.9 78.2 317.6
  78.6 317.4 78.9 317.2 79.2 317.0 79.4 316.8 79.5 316.8 79.6 316.8 79.7 316.8
  79.7 317.0 79.7 317.2 79.7 317.5 79.7 317.9 79.6 318.4 79.5 318.8 79.5 319.0
  79.4 319.2 79.3 319.2 79.2 319.1 79.1 318.9 78.9 318.6 78.8 318.2 78.6 317.7
  78.5 317.1 78.3 316.5 78.1 315.8 77.9 315.0 77.7 314.8 77.5 314.6 77.2 314.5
  76.9 314.3 76.6 314.2 76.3 314.1 75.9 314.0 75.6 314.4 75.2 314.9 74.7 315.3
  74.2 315.7 73.7 316.0 73.2 316.6 72.6 317.0 72.1 317.5 71.4 318.0 70.8 318.4
  70.2 318.8 69.5 319.3 68.8 319.5 68.0 319.7 67.2 320.0 66.4 320.1 65.6 320.3
  64.8 320.6 63.9 320.9 63.1 321.2 62.2 321.6 61.2 322.1 60.2 322.4 59.1 322.7
  58.1 322.8 56.9 323.0 55.8 322.9 54.7 322.5 53.6 322.2 52.5 321.6 51.4 321.1
  50.4 320.2 49.3 319.4 48.4 318.1 47.5 316.8 46.5 315.0 45.7 313.2 44.9 311.4
  44.8 309.5 44.7 307.6 45.1 305.7 45.4 303.9 45.8 302.1 46.1 300.4 46.5 299.2
  46.8 297.9 47.2 296.8 47.6 295.6 48.0 294.5 48.4 293.3 49.0 292.5 49.6 291.7
  49.8 290.8 50.1 290.0 50.5 289.4 50.8 288.9 51.2 288.4 51.6 288.0 51.9 287.6
  52.2 287.1 52.6 286.9 53.0 286.7 53.4 286.6 53.9 286.4 54.2 286.3 54.6 286.2
  54.9 286.2 55.3 286.2 55.6 286.3 55.9 286.5 56.2 286.8 56.6 287.0 56.9 287.4
  57.3 287.8 57.6 288.2 58.2 288.8 58.9 289.0 59.5 289.2 60.2 289.6 60.8 289.9
  61.4 290.2 62.0 290.6 62.6 290.9 63.2 291.3 63.7 291.7 64.1 292.1 64.6 292.4
  65.1 292.6 65.5 292.9 65.8 293.4 66.2 293.9 66.5 294.5 66.8 295.2 67.0 296.0
  67.2 296.9 67.4 298.0 67.5 299.2 67.6 300.6 67.5 302.1 67.5 303.9 67.4 305.8
  67.3 307.8 67.1 309.8 66.8 311.8 66.6 313.7 66.3 315.5 66.0 317.2 65.7 318.9
  65.5 320.5 65.3 321.9 65.1 323.3 64.9 324.5 64.7 325.7 64.5 326.7 64.3 327.7
  64.2 328.6 64.1 329.4 64.0 330.2 63.9 330.9 63.8 331.5 63.8 332.1 63.7 332.7
  63.7 333.3 63.7 333.9 63.7 334.5 63.7 335.0 63.7 335.5 63.7 336.0 63.7 336.4
  63.7 336.8 63.7 337.1 63.7 337.4 63.7 337.7 63.7 338.0 63.7 338.2 63.7 338.3
  63.7 338.4 63.8 338.4 63.8 338.4 63.9 338.4 64.0 338.2 64.1 338.3 64.3 338.3
  64.4 338.2 64.6 338.1 64.7 337.9 64.9 337.7 65.1 337.3 65.3 337.0 65.5 336.8
  65.7 336.5 65.8 336.3 66.0 336.1 66.2 336.1 66.4 336.1 66.6 336.2 66.8 336.3
  67.0 336.4 67.2 336.6 67.3 336.8 67.5 337.1 67.6 337.5 67.8 337.9 67.9 338.4
  67.9 338.9 68.0 339.5 68.1 340.5 68.0 341.4 67.9 342.4 67.9 343.3 67.8 344.1
  67.6 345.0 67.4 345.9 67.2 346.7 67.0 347.6 66.8 348.4 66.6 349.2 66.3 349.9
  65.9 350.7 65.6 351.1 65.3 351.6 65.0 352.1 64.6 352.6 64.1 353.1 63.7 353.5
  63.2 353.5 62.8 353.5 62.3 353.5 61.8 353.4 61.3 352.8 60.9 352.2 60.4 351.6
  59.9 351.0 59.5 349.7 59.0 348.5
   3  2 70  0.0
  72.5 321.4 72.4 320.1 72.2 318.9 72.0 317.8 71.7 315.9 71.4 314.1 71.1 312.5
  70.7 310.9 70.3 309.6 69.8 308.4 69.3 306.7 68.7 305.1 68.1 303.7 67.5 302.3
  66.9 300.7 66.3 299.3 65.8 297.9 65.3 296.6 64.8 295.4 64.4 294.3 64.1 293.2
  63.7 292.2 63.3 291.3 63.1 290.5 62.8 289.6 62.5 288.8 62.2 288.0 61.9 287.3
  61.8 286.6 61.7 285.9 61.5 285.3 61.3 284.6 61.2 284.0 61.2 283.3 61.1 282.7
  61.1 282.1 61.1 281.4 61.1 280.8 61.1 280.2 61.1 279.6 61.4 279.1 61.7 278.5
  62.0 278.0 62.3 277.4 62.6 277.2 62.9 277.0 63.2 276.8 63.6 276.6 63.9 276.4
  64.2 276.3 64.5 276.4 64.9 276.4 65.2 276.6 65.5 276.7 65.8 276.9 66.1 277.1
  66.5 277.4 66.8 277.7 67.2 278.1 67.5 278.5 67.9 279.0 68.3 279.4 68.7 280.1
  68.8 280.8 69.0 281.5 69.2 282.3 69.4 283.1 69.6 284.0 69.7 285.0 69.8 286.0
  70.0 287.0 70.1 288.1 70.1 289.4 70.2 290.8 70.2 292.2 70.1 293.7 69.9 295.3
  69.8 296.6 69.5 298.0 69.3 299.3 69.0 300.7 68.5 302.1 68.1 303.4 67.6 304.7
  67.0 305.5 66.4 306.2 65.8 307.0 65.2 307.4 64.6 307.9 64.0 308.6 63.3 309.4
  62.7 309.9 62.0 310.5 61.4 310.6 60.8 310.9 60.3 311.2 59.7 311.7 59.3 311.4
  58.9 311.3 58.4 311.3 57.9 311.5 57.5 311.2 57.0 311.1 56.5 311.1 56.1 311.2
  55.6 311.5 55.2 311.4 54.8 311.3 54.4 311.4 54.0 311.6 53.5 311.5 53.1 311.5
  52.6 311.6 52.1 311.8 51.7 312.1 50.4 312.0 50.0 312.0 49.5 311.3 49.0 310.7
  48.5 310.2 47.9 309.7 47.3 308.5 46.6 307.5 46.4 306.5 46.1 305.7 45.7 304.9
  45.3 303.6 45.4 302.3 45.5 301.0 45.5 299.8 45.8 298.5 46.1 297.2 46.2 296.4
  46.3 295.4 46.9 294.5 47.3 293.4 47.7 292.3 48.0 291.1 48.7 289.8 49.3 289.0
  49.9 288.2 50.3 287.3 51.0 286.9 51.6 286.6 52.2 286.2 52.6 286.5 53.1 286.7
  53.5 286.9 53.8 287.1 54.2 287.3 54.5 287.9 54.9 288.5 55.2 289.0 55.6 289.5
  55.9 289.9 56.3 290.2 56.8 291.1 57.3 291.9 57.8 292.7 58.2 293.3 58.8 294.4
  59.3 295.5 60.0 296.5 60.5 297.4 61.0 298.8 61.5 300.2 61.8 301.7 62.2 303.2
  62.5 305.2 62.5 307.2 62.4 309.3 62.1 311.3 61.8 313.3 61.2 314.7 60.6 316.0
  59.9 317.3 59.2 317.7 58.4 318.1 57.5 318.4 56.7 317.8 55.7 317.3 54.6 316.2
  53.5 315.3 52.5 314.0 51.4 312.8 50.5 311.2 49.8 309.5 49.2 307.6 48.8 305.5
  48.4 303.6 48.2 301.6 48.0 299.8 48.0 297.9 48.1 296.1 48.2 294.3 48.6 292.4
  49.1 290.5 49.8 288.7 50.4 286.9 51.2 285.3 52.0 283.8 52.9 282.4 53.7 281.1
  54.6 279.7 55.4 278.3 56.3 277.0 57.2 275.8 58.1 274.5 59.0 273.5 59.8 272.4
  60.6 271.3 61.4 270.2 62.2 269.2 63.0 268.1 63.8 267.0 64.5 265.8 65.3 264.3
  66.0 262.6 66.7 260.7 67.4 258.6 67.9 256.4 68.5 254.1 69.1 251.8 69.6 249.4
  70.2 246.9 70.9 244.6 71.5 242.1 72.1 239.5 72.7 237.2 73.3 234.7 73.8 232.4
  74.3 230.1 74.8 228.1 75.4 226.1 76.0 224.1 76.6 222.0 77.2 220.0 77.8 217.8
  78.5 215.5 79.3 213.3 80.1 210.8
   3  3 70  0.0
  72.5 321.4 72.6 320.2 72.6 319.0 72.6 317.7 72.5 316.5 72.4 315.3 72.2 314.1
  72.0 313.0 71.8 311.9 71.6 310.8 71.3 309.9 71.1 309.0 70.8 308.2 70.4 307.6
  70.2 306.8 69.9 306.0 69.6 304.9 69.3 303.8 69.1 302.7 68.8 301.5 68.5 300.2
  68.1 299.0 67.8 297.7 67.5 296.8 67.1 295.9 66.7 295.1 66.3 294.3 65.8 293.5
  65.4 293.1 65.0 292.6 64.6 292.1 64.2 291.5 63.9 290.9 63.6 290.5 63.3 290.1
  63.0 289.6 62.7 289.0 62.5 288.4 62.2 287.8 61.9 287.1 61.7 286.7 61.5 286.3
  61.3 285.9 61.1 285.5 60.9 285.0 60.8 284.5 60.6 284.0 60.4 283.5 60.4 283.0
  60.4 282.5 60.4 281.9 60.3 281.4 60.3 280.8 60.3 280.2 60.3 279.6 60.4 279.1
  60.5 278.5 60.6 277.9 60.8 277.2 61.0 276.6 61.2 276.0 61.5 275.4 61.8 274.7
  62.1 274.1 62.4 273.5 62.8 273.0 63.1 272.4 63.4 271.9 63.7 271.3 64.0 270.8
  64.3 270.4 64.7 270.0 65.1 269.5 65.4 269.1 65.8 268.7 66.2 268.3 66.6 268.1
  67.0 267.8 67.5 267.7 67.9 267.5 68.4 267.4 68.9 267.4 69.4 267.4 69.8 267.4
  70.3 267.5 70.8 267.6 71.3 267.7 71.7 267.8 72.0 268.1 72.4 268.2 72.8 268.4
  73.1 268.6 73.3 268.9 73.6 269.2 73.8 269.5 74.0 269.9 74.1 270.3 74.3 270.4
  74.4 270.4 74.5 270.4 74.6 270.4 74.6 270.4 74.6 270.3 74.6 270.1 74.6 270.0
  74.5 269.8 74.4 269.5 74.3 269.3 74.1 269.0 74.0 268.6 73.8 268.4 73.7 268.1
  73.5 267.8 73.5 267.5 73.5 267.2 73.4 266.9 73.3 266.5 73.3 266.1 73.2 265.7
  73.1 265.3 73.1 264.9 73.0 264.5 72.9 264.0 73.0 263.5 73.0 262.9 73.1 262.3
  73.2 261.7 73.2 261.0 73.3 260.2 73.4 259.4 73.6 258.5 73.8 257.6 73.9 256.5
  74.1 255.4 74.3 254.4 74.5 253.5 74.7 252.5 74.9 251.5 75.1 250.5 75.3 249.5
  75.5 248.5 75.7 247.4 75.9 246.4 76.2 245.3 76.4 244.4 76.6 243.6 76.8 242.7
  77.0 241.6 77.2 240.5 77.4 239.2 77.5 237.8 77.6 236.3 77.7 234.6 77.8 232.8
  77.9 230.9 78.0 228.8 78.0 226.6 78.0 224.3 78.0 221.9 78.0 219.4 78.0 216.8
  78.0 214.2 77.9 211.7 77.9 209.2 77.8 206.7 77.7 204.3 77.7 202.0 77.6 199.8
  77.5 197.7 77.3 195.7 77.2 193.9 77.1 192.3 76.9 190.9 76.9 189.6 76.8 188.4
  76.7 187.2 76.7 186.2 76.7 185.2 76.7 184.3 76.7 183.4 76.8 182.5 76.9 181.7
  77.0 180.9 77.1 180.2 77.3 179.5 77.5 178.8 77.7 178.2 78.0 177.5 78.2 176.9
  78.5 176.1 78.8 175.3 79.2 174.5 79.6 173.8 79.9 173.0 80.3 172.3 80.7 171.3
  81.2 170.2 81.6 169.1 82.0 167.8 82.5 166.3 83.0 164.5 83.4 162.5 83.8 160.3
  84.1 157.6 84.5 155.2 84.9 152.4 85.2 149.1 85.4 145.3 85.6 141.0 85.8 136.2
  85.9 131.0 86.0 125.8 86.0 120.4 86.2 116.9 86.3 113.0 86.4 108.8 86.6 104.1
  86.7  98.8 86.8  93.4 86.8  88.0 86.8  82.8 86.8  77.9 86.7  77.7 86.7  77.4
  86.6  77.2 86.5  76.9 86.4  76.7 86.3  76.4 86.1  76.2 85.9  76.0 85.8  75.7
  85.7  75.5 85.5  75.2 85.3  75.0 85.2  74.8 84.9  74.6 84.7  74.4 84.4  74.3
  84.2  74.1 83.8  74.0 83.6  73.8
   3  4 70  0.0
  72.5 321.4 72.8 321.6 73.0 321.8 73.3 322.0 73.5 322.0 73.7 322.1 74.0 322.0
  74.2 321.9 74.4 321.9 74.6 321.9 74.8 321.8 74.9 321.6 75.1 321.3 75.3 321.0
  75.4 320.5 75.5 320.0 75.6 319.4 75.6 318.7 75.7 317.9 75.7 317.1 75.7 316.2
  75.7 315.2 75.6 314.1 75.5 313.0 75.4 311.9 75.3 310.7 75.1 309.5 75.0 308.4
  74.8 307.3 74.7 306.2 74.5 305.2 74.3 304.3 74.2 303.3 74.0 302.4 73.9 301.6
  73.8 300.8 73.7 300.0 73.6 299.3 73.5 298.5 73.4 297.7 73.3 296.8 73.2 296.0
  73.0 295.1 72.9 294.2 72.7 293.3 72.6 292.4 72.3 291.6 72.2 290.8 72.0 290.0
  71.7 288.5 71.5 287.2 71.4 286.1 71.2 285.2 71.1 284.4 70.9 283.7 70.9 283.1
  70.8 282.6 70.8 282.2 70.7 281.9 70.8 281.7 70.8 281.5 70.8 281.4 70.9 281.3
  70.9 281.3 71.0 281.3 71.0 281.3 71.0 281.4 71.0 281.5 70.9 281.6 70.9 281.8
  70.9 282.0 70.8 282.3 70.7 282.6 70.7 283.0 70.6 283.3 70.5 283.7 70.4 284.0
  70.4 284.3 70.2 284.6 70.1 284.8 70.0 285.1 69.9 285.3 69.8 285.5 69.7 285.8
  69.6 286.1 69.5 286.3 69.4 286.6 69.4 286.9 69.3 287.3 69.2 287.6 69.1 287.9
  69.1 288.2 69.0 288.6 68.9 288.9 68.9 289.2 68.8 289.5 68.7 289.8 68.7 290.1
  68.6 290.4 68.5 290.7 68.4 291.0 68.3 291.3 68.2 291.7 68.1 292.0 67.9 292.4
  67.7 292.9 67.4 293.5 67.1 294.0 66.9 294.6 66.5 295.2 66.2 295.7 65.9 296.3
  65.5 296.8 65.1 297.4 64.6 297.9 64.2 298.5 63.7 299.1 63.2 299.6 62.8 300.1
  62.0 300.7 61.1 301.0 60.2 301.3 59.1 301.6 58.1 301.4 56.8 301.2 55.6 300.5
  54.2 299.5 53.3 298.6 52.2 297.5 51.0 296.5 49.7 295.1 48.9 293.4 48.1 291.9
  47.9 290.6 47.7 288.7 47.4 286.9 47.7 285.3 48.0 283.7 48.6 282.6 49.1 281.6
  49.7 280.6 50.3 279.5 51.0 278.7 51.8 278.0 52.6 277.2 53.4 276.6 54.1 276.1
  54.8 275.6 55.7 275.1 56.5 274.7 57.3 274.3 58.0 274.0 58.8 273.9 59.5 273.9
  60.3 273.8 61.0 274.1 61.7 274.4 62.4 274.8 63.1 275.5 63.7 276.3 64.2 277.1
  64.6 278.2 65.1 279.3 65.5 280.5 65.9 281.8 66.3 283.1 66.7 284.6 66.9 286.3
  67.2 288.0 67.4 289.9 67.6 291.8 67.7 293.7 67.7 295.5 67.7 297.3 67.5 299.0
  67.3 300.6 66.9 302.0 66.4 303.4 66.0 304.7 65.4 305.8 64.8 306.4 64.2 307.0
  63.5 307.5 62.9 307.5 62.2 307.5 61.5 307.6 60.9 307.2 60.2 306.9 59.5 306.6
  58.9 306.0 58.2 305.4 57.5 304.9 56.9 304.3 56.2 303.7 55.7 303.1 55.2 302.3
  54.7 301.6 54.1 300.9 53.6 300.2 53.0 299.4 52.7 298.6 52.4 297.8 52.0 296.9
  51.7 296.1 51.3 295.1 51.1 294.1 50.8 293.2 50.5 292.2 50.3 291.4 50.2 290.5
  50.0 289.6 49.9 288.8 49.8 287.9 49.9 286.9 50.0 285.9 50.0 284.8 50.0 284.0
  50.2 283.1 50.4 282.2 50.6 281.3 50.7 280.3 50.9 279.3 51.4 278.2 51.9 277.1
  52.4 275.9 53.1 274.9 53.7 273.8 54.3 272.6 54.9 271.5 55.6 270.4 56.2 269.2
  56.9 267.9 57.7 266.7 58.4 265.4 59.2 264.0 59.9 262.6 60.7 261.1 61.4 259.5
  62.2 257.8 63.0 256.0 63.7 254.1
   3  5 70  0.0
  72.5 321.4 72.4 321.8 72.4 322.1 72.4 322.5 72.4 322.8 72.5 323.1 72.5 323.4
  72.6 323.7 72.7 324.0 72.8 324.3 73.0 324.5 73.2 324.8 73.4 325.0 73.6 325.3
  73.8 325.6 74.0 325.9 74.2 326.6 74.4 327.4 74.7 328.3 74.9 329.1 75.1 330.1
  75.3 331.0 75.5 332.0 75.8 333.0 76.0 334.1 76.2 335.1 76.4 336.5 76.7 337.9
  76.9 339.3 77.1 340.7 77.3 342.1 77.4 343.6 77.6 345.1 77.7 346.7 77.8 348.3
  77.9 349.9 78.0 351.7 78.0 353.5 78.0 355.8 78.0 357.8 77.9 359.8 77.8   1.8
  77.6   2.2 77.4   2.6 77.3   3.0 77.2   3.4 77.0   3.8 76.9   4.2 76.7   4.6
  76.6   4.9 76.4   5.3 76.3   5.7 76.3   6.1 76.3   6.5 76.4   6.9 76.4   7.3
  76.6   7.8 76.7   8.3 76.7   8.8 76.7   9.3 76.8   9.8 76.9  10.3 76.9  10.9
  77.0  11.5 77.1  12.1 77.0  12.7 77.0  13.4 76.9  14.0 76.8  14.7 76.8  15.4
  76.8  16.1 76.7  16.8 76.6  17.6 76.5  18.3 76.4  19.1 76.3  19.8 76.1  20.5
  75.9  21.1 75.6  21.8 75.4  22.4 75.1  23.0 74.8  23.6 74.4  24.2 73.9  24.8
  73.4  25.1 72.9  25.5 72.2  25.8 71.6  26.1 70.9  26.1 70.3  26.0 69.6  25.9
  69.0  25.6 68.5  25.2 68.0  24.7 67.6  24.3 67.3  23.6 66.9  23.0 66.7  22.3
  66.5  21.5 66.3  20.8 66.3  20.1 66.2  19.4 66.0  18.7 65.9  18.0 65.9  17.4
  65.9  16.7 66.0  16.1 66.1  15.5 66.2  14.8 66.3  14.2 66.4  13.5 66.6  12.8
  66.8  12.1 66.9  11.4 67.0  10.6 67.1   9.9 67.3   9.1 67.4   8.4 67.6   7.6
  67.7   6.8 67.8   5.9 68.0   5.1 68.2   4.4 68.5   3.8 68.7   3.1 68.9   2.4
  69.1   1.8 69.3   1.1 69.6   0.5 69.9 359.9 69.9 358.0 70.0 356.1 70.0 354.1
  69.9 352.1 69.8 350.0 69.7 347.9 69.5 345.8 69.3 343.8 69.1 341.9 68.9 340.2
  68.6 338.6 68.2 337.2 67.8 335.9 67.3 335.0 66.8 334.2 66.2 333.5 65.7 332.8
  65.2 332.2 64.7 331.5 64.1 330.9 63.6 330.3 63.0 330.0 62.4 329.7 61.7 329.4
  61.0 329.5 60.3 329.7 59.5 329.9 58.7 330.4 57.8 330.8 57.0 331.0 56.2 331.2
  55.4 331.4 54.6 331.2 53.8 331.0 52.9 330.4 52.1 329.8 51.1 329.3 50.2 328.5
  49.2 327.8 48.2 327.0 47.3 326.1 46.5 324.9 45.7 323.7 45.1 322.4 44.5 320.9
  43.9 319.3 43.1 317.9 42.2 316.5 41.3 314.8 40.6 313.4 39.9 311.7 39.8 309.9
  39.7 308.1 39.5 306.2 39.6 304.3 39.6 302.5 39.8 300.7 40.0 298.9 40.2 297.2
  40.5 295.1 40.7 293.2 41.0 291.3 41.3 289.5 41.6 287.8 42.0 286.2 42.3 284.7
  42.7 282.9 43.0 281.1 43.2 279.4 43.5 277.6 43.8 276.0 44.1 274.5 44.5 272.7
  45.0 271.1 45.5 269.8 46.0 268.6 46.5 267.6 47.0 266.2 47.6 264.9 48.1 263.8
  48.6 262.4 49.1 261.2 49.6 260.1 50.2 259.2 50.8 258.1 51.4 257.1 52.1 256.2
  52.8 255.1 53.5 254.0 54.1 252.9 54.9 251.7 55.4 250.6 56.0 249.5 56.6 248.5
  57.3 247.5 57.7 246.4 58.3 245.5 58.9 244.4 59.5 243.4 59.9 242.4 60.3 241.5
  60.8 240.3 61.3 239.2 61.7 238.1 62.1 237.0 62.5 235.7 62.8 234.5 63.1 233.3
  63.4 232.1 63.8 230.9 64.0 229.7
   3  6 70  0.0
  72.5 321.4 72.2 321.1 72.0 320.9 71.8 320.3 71.6 319.8 71.3 319.2 71.0 318.7
  70.7 318.1 70.4 317.5 70.1 317.0 69.8 316.4 69.5 315.7 69.2 315.0 68.8 314.4
  68.5 313.8 68.1 313.2 67.8 312.7 67.5 312.0 67.2 311.4 66.9 310.8 66.6 310.2
  66.3 309.7 66.0 309.3 65.7 308.9 65.4 308.3 65.1 307.9 64.7 307.4 64.3 307.0
  63.9 306.6 63.4 306.1 62.9 305.7 62.3 305.3 61.7 304.9 61.0 304.4 60.3 304.0
  59.6 303.6 58.9 303.1 58.2 302.6 57.4 302.1 56.8 301.4 56.1 300.8 55.5 300.1
  54.8 299.6 54.4 299.1 54.0 298.6 53.5 298.3 53.1 298.0 52.6 297.7 52.2 297.4
  51.7 297.0 51.3 296.8 50.8 296.6 50.4 296.4 50.0 296.2 49.6 296.0 49.2 295.8
  49.3 295.5 49.3 295.3 49.4 295.1 49.4 294.8 49.4 294.5 49.4 294.3 49.3 294.0
  49.3 293.7 49.2 293.4 49.1 293.0 49.0 292.7 48.9 292.3 48.7 291.9 49.0 291.5
  49.3 291.1 49.6 290.7 49.8 290.2 49.9 289.6 50.0 289.0 50.1 288.4 50.2 287.8
  50.5 287.1 50.8 286.4 51.1 285.6 51.3 284.8 51.5 283.9 51.8 283.0 52.2 282.1
  52.5 281.3 52.7 280.5 52.9 279.5 53.2 278.6 53.5 277.6 53.7 276.6 53.9 275.6
  54.2 274.6 54.5 273.8 54.7 273.0 54.9 272.3 55.1 271.7 55.5 271.1 55.9 270.5
  56.3 270.0 56.6 269.4 56.9 268.8 57.1 268.1 57.2 267.5 57.5 266.8 57.8 266.1
  58.0 265.4 58.1 264.8 58.3 264.2 58.4 263.7 58.7 263.2 59.1 262.7 59.4 262.2
  59.6 261.7 59.9 261.2 60.2 260.6 60.5 260.2 60.8 259.8 61.2 259.3 61.7 258.9
  62.1 258.4 62.6 258.1 63.1 257.7 63.6 257.3 64.1 256.9 64.7 256.7 65.2 256.3
  65.7 256.0 66.3 255.6 67.0 255.3 67.6 255.1 68.3 254.7 69.0 254.5 69.7 254.2
  70.3 253.8 71.0 253.3 71.6 252.7 72.2 252.0 72.9 251.0 73.6 249.9 74.2 248.7
  74.9 247.1 75.6 245.3 76.3 243.2 77.0 240.9 77.7 238.2 78.3 235.3 78.9 232.3
  79.5 229.1 80.0 225.6 80.4 221.9 80.8 218.4 81.2 214.6 81.5 210.5 81.7 206.1
  81.9 201.6 82.0 196.8 82.2 192.7 82.2 188.4 82.2 184.3 82.1 180.4 81.9 176.8
  81.7 172.8 81.6 169.0 81.4 165.5 81.2 162.0 81.0 158.7 80.8 155.3 80.7 151.9
  80.6 148.5 80.4 144.9 80.3 141.6 80.1 138.4 79.8 135.5 79.6 132.1 79.3 128.8
  79.0 125.8 78.7 123.1 78.3 120.5 78.0 118.2 77.7 115.0 77.5 112.0 77.3 109.3
  77.2 106.8 77.1 104.6 77.1 102.6 77.0 100.8 77.0  99.3 77.2  98.0 77.3  96.7
  77.5  95.7 77.7  94.7 77.9  93.9 78.1  93.2 78.3  92.8 78.6  92.3 78.8  91.9
  79.1  91.5 79.5  91.2 79.8  90.8 80.2  90.5 80.6  90.7 81.0  91.0 81.5  91.3
  81.9  91.8 82.3  92.3 82.8  94.1 83.2  95.9 83.6  97.5 83.9  99.0 84.2 100.2
  84.5 102.2 84.8 103.9 85.2 105.4 85.4 106.5 85.7 107.2 86.0 107.6 86.5 110.1
  87.0 112.8 87.4 116.4 87.7 120.9 87.9 126.6 88.2 133.6 88.4 142.3 88.6 152.9
  88.6 164.9 88.6 177.3 88.4 188.6 88.1 198.2 87.8 205.7 87.5 211.9 87.2 216.6
  86.8 220.0 86.3 222.5 85.9 224.4 85.6 223.6 85.3 222.9 85.0 222.1 84.8 221.3
  84.6 220.4 84.4 219.6 84.3 218.6
   3  7 70  0.0
  72.5 321.4 72.2 321.0 72.0 320.7 71.7 319.6 71.4 318.5 71.0 317.4 70.7 316.4
  70.3 315.5 69.9 314.5 69.6 313.2 69.2 312.0 69.0 310.8 68.7 309.6 68.5 308.5
  68.2 307.5 68.2 306.5 68.1 305.6 68.0 304.7 68.0 303.9 68.0 303.2 68.1 302.6
  68.2 302.0 68.2 301.5 68.3 301.1 68.3 300.7 68.4 300.4 68.4 300.1 68.5 299.8
  68.7 299.6 69.0 299.4 69.2 299.2 69.5 299.1 69.8 298.9 70.1 298.8 70.4 298.3
  70.7 297.8 71.0 297.3 71.3 296.9 71.6 296.4 71.8 296.0 72.2 295.5 72.5 295.0
  72.8 294.4 73.0 293.9 73.3 293.5 73.5 293.0 73.7 292.6 73.8 292.2 73.9 291.9
  74.0 291.6 74.1 291.4 74.2 291.1 74.3 290.9 74.3 290.6 74.4 290.4 74.4 290.1
  74.4 289.8 74.4 289.5 74.4 289.2 74.4 288.9 74.3 288.6 74.3 288.3 74.2 288.0
  74.1 287.6 74.1 287.3 74.0 286.8 73.9 286.4 73.8 285.9 73.7 285.5 73.6 285.0
  73.4 284.6 73.3 284.1 73.2 283.7 73.0 283.3 72.8 282.9 72.6 282.4 72.4 282.0
  72.2 281.6 72.0 281.2 71.8 280.8 71.7 280.8 71.5 280.8 71.3 280.9 71.1 281.0
  71.0 281.1 70.8 281.2 70.6 281.4 70.4 281.5 70.1 281.5 69.9 281.5 69.7 281.8
  69.5 282.0 69.3 282.1 69.1 282.3 68.9 282.4 68.7 282.4 68.4 282.5 68.2 282.5
  67.9 282.5 67.7 282.6 67.4 282.8 67.1 283.0 66.9 283.2 66.6 283.4 66.2 283.6
  65.9 283.9 65.6 284.1 65.3 284.4 64.9 284.7 64.5 285.0 64.1 285.3 63.7 285.5
  63.4 285.6 63.0 285.7 62.6 285.7 62.2 285.8 61.8 285.9 61.5 285.8 61.2 285.7
  60.8 285.7 60.5 285.6 60.3 285.6 60.0 285.5 59.7 285.3 59.5 285.1 59.3 284.9
  59.0 284.7 58.8 284.5 58.6 284.3 58.4 284.1 58.2 283.9 57.9 283.7 57.7 283.5
  57.6 283.3 57.4 283.1 57.2 282.9 57.1 282.7 57.0 282.4 56.9 282.1 56.8 281.8
  56.7 281.4 56.7 281.1 56.6 280.7 56.6 280.4 56.6 280.0 56.6 279.6 56.7 279.1
  56.7 278.7 56.8 278.1 56.9 277.6 57.0 277.0 57.0 276.4 57.1 275.8 57.3 275.2
  57.4 274.6 57.6 274.0 57.8 273.4 58.0 272.8 58.2 272.2 58.5 271.7 58.8 271.2
  59.0 270.7 59.3 270.2 59.6 269.7 60.0 269.2 60.3 268.7 60.7 268.2 61.2 267.7
  61.5 267.2 61.9 266.7 62.4 266.3 62.8 265.9 63.3 265.5 63.7 265.2 64.2 264.8
  64.7 264.6 65.2 264.5 65.8 264.4 66.3 264.3 66.9 264.3 67.4 264.3 68.0 264.4
  68.6 264.4 69.1 264.4 69.6 264.5 70.1 264.6 70.5 264.6 70.9 264.7 71.3 264.8
  71.6 265.0 71.9 265.3 72.2 265.6 72.4 265.8 72.7 265.9 72.9 266.0 73.1 266.1
  73.2 266.1 73.3 266.2 73.4 266.1 73.5 266.0 73.6 265.9 73.6 265.7 73.7 265.5
  73.7 265.2 73.6 264.9 73.6 264.5 73.6 264.1 73.5 263.6 73.6 263.2 73.6 262.7
  73.7 262.2 73.7 261.7 73.7 261.2 73.7 260.7 73.7 260.2 73.7 259.6 73.8 259.0
  73.8 258.4 73.9 257.8 73.9 257.1 74.0 256.3 74.1 255.7 74.3 255.1 74.5 254.4
  74.7 253.6 74.8 252.7 75.0 251.7 75.2 250.6 75.3 249.4 75.5 248.1 75.7 246.8
  75.8 245.5 76.0 244.2 76.1 242.8 76.3 241.7 76.5 240.5 76.6 239.3 76.8 238.1
  76.9 236.9 77.0 235.6 77.0 234.4
   3  8 70  0.0
  72.5 321.4 72.3 320.5 72.2 319.7 71.9 318.9 71.7 317.1 71.4 315.3 71.2 313.7
  70.9 312.2 70.5 310.8 70.2 309.5 69.8 308.3 69.5 306.6 69.2 305.0 68.9 303.4
  68.7 301.9 68.6 300.4 68.4 299.1 68.4 297.8 68.5 296.5 68.5 295.3 68.6 294.2
  68.8 293.0 69.0 292.0 69.2 290.9 69.5 289.9 69.8 289.0 70.1 288.2 70.5 287.3
  70.9 286.5 71.3 285.8 71.8 285.2 72.2 284.6 72.8 284.2 73.3 283.7 73.8 283.3
  74.2 282.9 74.8 282.7 75.3 282.3 75.7 281.9 76.1 281.3 76.6 281.0 77.0 280.6
  77.3 280.1 77.7 279.5 77.9 278.8 78.1 278.0 78.4 277.9 78.7 277.8 78.9 277.7
  79.1 277.7 79.3 277.6 79.4 277.5 79.6 277.5 79.7 277.4 79.8 277.3 79.9 277.2
  80.0 277.1 80.0 277.0 80.1 278.1 80.2 279.2 80.2 280.5 80.3 281.8 80.4 283.3
  80.4 284.8 80.4 286.4 80.4 288.0 80.3 289.7 80.2 291.4 80.0 293.0 79.9 294.7
  79.7 295.6 79.6 296.5 79.4 297.4 79.2 298.3 79.0 299.1 78.8 300.0 78.6 301.0
  78.4 302.0 78.2 303.0 78.0 304.0 77.9 305.1 77.7 305.7 77.6 306.2 77.4 306.8
  77.3 307.4 77.2 308.0 77.2 308.5 77.1 309.1 77.0 309.6 77.0 310.1 77.0 310.6
  76.9 311.1 76.9 311.5 76.9 312.0 76.9 312.4 77.0 312.9 77.0 313.3 77.1 313.7
  77.1 314.1 77.2 314.5 77.2 314.9 77.2 315.2 77.3 315.5 77.3 315.8 77.4 316.1
  77.4 316.3 77.5 316.5 77.5 316.6 77.6 316.7 77.7 316.7 77.7 316.7 77.7 316.6
  77.7 316.4 77.7 316.1 77.7 315.7 77.6 315.3 77.6 314.8 77.5 314.2 77.4 313.6
  77.3 312.9 77.1 312.1 77.0 311.2 76.8 310.4 76.6 309.5 76.5 308.7 76.3 307.9
  76.1 307.0 75.9 306.2 75.8 305.2 75.6 304.2 75.4 303.3 75.3 302.4 75.1 301.5
  75.0 300.6 74.8 299.8 74.7 299.1 74.6 298.4 74.4 297.8 74.2 297.2 74.0 296.7
  73.8 296.3 73.6 295.3 73.5 294.3 73.3 293.3 73.1 292.4 72.8 291.5 72.6 290.8
  72.5 290.2 72.3 289.8 72.1 289.5 72.0 289.3 71.8 288.4 71.7 287.7 71.6 287.1
  71.6 286.7 71.6 286.3 71.6 286.0 71.6 285.9 71.5 285.7 71.5 285.7 71.5 285.7
  71.4 285.7 71.4 285.8 71.3 286.0 71.2 286.2 71.1 286.5 71.0 286.8 70.9 287.2
  70.8 287.7 70.7 288.2 70.5 288.8 70.3 289.3 70.2 289.8 70.0 290.2 69.9 290.5
  69.7 290.7 69.6 291.0 69.4 291.2 69.3 291.5 69.2 291.8 69.0 292.1 68.8 292.4
  68.6 292.6 68.4 292.9 68.2 293.1 68.0 293.3 67.8 293.5 67.7 293.6 67.5 293.7
  67.4 293.9 67.2 294.0 67.0 294.2 66.8 294.3 66.7 294.5 66.5 294.7 66.2 295.0
  66.0 295.2 65.7 295.3 65.4 295.4 65.1 295.6 64.8 295.8 64.4 296.1 64.0 296.3
  63.6 296.3 63.1 296.4 62.6 296.5 62.1 296.7 61.5 296.9 61.0 296.7 60.4 296.6
  59.8 296.6 59.2 296.0 58.6 295.6 58.4 295.3 58.2 295.0 58.0 294.8 57.9 294.7
  57.8 294.2 57.6 293.8 57.5 293.4 57.3 293.1 57.1 292.8 56.9 292.5 56.6 292.3
  56.4 292.2 56.1 292.1 55.8 292.0 55.4 291.9 55.4 291.8 55.4 291.7 55.4 291.7
  55.4 291.7 55.3 291.6 55.2 291.6 55.1 291.5 55.0 291.4 54.9 291.3 54.7 291.3
  54.5 291.2 54.3 291.1 54.0 291.0
   3  9 70  0.0
  72.5 321.4 72.6 319.9 72.7 318.4 72.7 316.8 72.8 315.3 72.8 313.8 72.7 312.3
  72.7 310.8 72.6 309.4 72.5 308.1 72.3 306.9 72.2 305.7 72.1 304.7 71.9 303.8
  71.9 302.2 71.9 300.7 71.9 299.4 72.0 298.2 72.1 297.7 72.3 297.3 72.4 297.0
  72.5 296.8 72.6 296.6 72.7 296.5 72.8 296.4 72.9 296.4 73.0 296.5 73.1 296.5
  73.2 296.6 73.3 296.7 73.5 296.8 73.6 296.9 73.8 297.0 73.9 297.2 74.1 297.4
  74.2 298.8 74.4 300.3 74.5 301.8 74.5 303.2 74.6 304.7 74.5 306.0 74.4 307.2
  74.2 308.4 73.9 309.4 73.7 309.0 73.4 308.7 73.2 308.4 72.9 308.1 72.7 307.7
  72.5 307.4 72.4 307.1 72.3 306.9 72.2 306.6 72.1 306.5 72.0 306.3 71.9 305.4
  71.8 304.5 71.7 303.6 71.9 302.8 72.2 302.0 72.4 302.1 72.7 302.2 73.0 302.3
  73.2 302.3 73.5 302.2 73.7 302.1 73.9 301.8 74.0 301.5 74.2 301.9 74.3 302.2
  74.4 302.4 74.5 302.5 74.6 302.5 74.6 302.3 74.7 302.2 74.7 302.0 74.8 301.7
  74.8 301.5 74.9 301.2 74.9 300.9 75.0 300.5 75.0 300.1 75.1 299.7 75.2 299.2
  75.4 298.7 75.6 298.1 75.7 297.6 75.8 297.0 75.9 296.5 76.0 296.1 76.0 295.6
  76.2 295.7 76.3 295.8 76.4 296.0 76.4 296.2 76.3 296.4 76.3 296.6 76.2 296.9
  76.2 297.2 76.1 297.4 76.1 297.7 76.0 298.0 75.9 298.1 75.9 298.1 75.8 298.1
  75.8 298.1 75.7 298.0 75.7 298.0 75.6 297.9 75.6 297.8 75.5 297.7 75.5 297.6
  75.4 297.4 75.4 297.2 75.3 296.9 75.3 296.7 75.3 296.3 75.3 296.0 75.2 295.6
  75.2 295.1 75.2 294.7 75.2 294.2 75.1 293.6 75.1 293.0 75.1 292.5 75.1 291.8
  75.0 291.2 74.9 290.6 74.9 289.9 74.8 289.3 74.8 288.6 74.7 287.9 74.6 287.2
  74.5 286.5 74.3 285.8 74.2 285.1 74.1 284.4 73.9 283.7 73.8 283.2 73.6 282.6
  73.4 282.1 73.2 281.6 73.0 281.0 72.9 280.5 72.7 279.9 72.4 279.4 72.1 278.9
  71.8 278.4 71.6 278.3 71.3 278.2 71.0 278.1 70.7 278.0 70.4 277.9 70.1 277.8
  69.7 277.8 69.4 278.1 69.1 278.4 68.7 278.7 68.4 278.9 68.0 279.0 67.6 279.1
  67.3 279.3 66.9 279.5 66.5 279.6 66.1 279.6 65.7 279.6 65.3 279.6 64.9 279.6
  64.5 279.5 64.0 279.5 63.6 279.3 63.2 279.2 62.8 279.0 62.4 278.8 62.0 278.5
  61.6 278.2 61.3 277.8 60.9 277.5 60.6 277.1 60.2 276.7 59.8 276.2 59.5 275.8
  59.2 275.3 59.0 274.8 58.8 274.2 58.6 273.7 58.4 273.1 58.3 272.5 58.2 271.8
  58.0 271.1 57.9 270.4 57.8 269.8 57.6 269.1 57.5 268.4 57.4 267.7 57.4 267.1
  57.3 266.4 57.3 265.8 57.3 265.2 57.3 264.6 57.3 264.0 57.4 263.4 57.5 262.8
  57.6 262.2 57.7 261.5 57.7 260.9 57.8 260.3 58.0 259.6 58.2 259.0 58.4 258.5
  58.6 258.0 58.8 257.5 59.1 257.0 59.3 256.5 59.6 256.1 59.8 255.7 60.1 255.3
  60.5 255.0 60.8 254.7 61.1 254.4 61.5 254.1 61.8 253.8 62.2 253.5 62.6 253.2
  63.0 252.9 63.4 252.7 63.9 252.4 64.2 252.2 64.7 252.0 65.0 251.8 65.3 251.5
  65.7 251.3 66.0 251.1 66.4 250.8 66.7 250.4 67.1 250.1 67.4 249.7 67.7 249.4
  68.1 249.0 68.4 248.6 68.7 248.3
   3 10 70  0.0
  72.5 321.4 72.7 320.7 72.8 319.8 73.0 318.9 73.1 317.8 73.3 316.7 73.5 315.4
  73.6 313.9 73.8 312.4 73.9 310.7 74.1 308.9 74.2 308.0 74.4 307.0 74.6 305.9
  74.7 304.8 74.9 303.7 75.0 302.6 75.1 301.4 75.2 300.2 75.3 299.1 75.5 297.9
  75.6 296.7 75.7 295.6 75.8 294.4 75.8 293.3 75.9 292.1 76.0 291.1 76.2 290.7
  76.3 290.3 76.5 290.0 76.7 289.7 76.9 289.5 77.1 289.2 77.3 289.0 77.5 288.8
  77.7 288.6 77.9 288.5 78.1 288.3 78.3 288.6 78.5 288.9 78.7 289.3 78.8 289.9
  79.0 290.6 79.1 291.4 79.2 292.4 79.3 293.5 79.3 294.7 79.4 296.1 79.4 297.7
  79.4 299.4 79.4 301.3 79.5 303.4 79.6 305.5 79.7 307.7 79.7 309.9 79.8 312.2
  79.9 314.5 79.9 316.8 80.0 319.1 80.1 321.3 80.1 323.0 80.2 324.7 80.3 326.4
  80.4 328.1 80.4 329.8 80.4 331.4 80.5 333.0 80.5 334.5 80.5 335.9 80.5 337.3
  80.5 338.7 80.5 340.0 80.6 341.2 80.6 342.4 80.6 343.6 80.7 344.8 80.7 346.1
  80.8 347.3 80.8 348.6 80.9 350.0 80.9 351.4 80.9 352.8 80.9 354.4 80.9 356.0
  80.9 357.6 80.9 359.4 80.9   1.2 80.9   1.5 80.9   1.8 80.9   2.1 80.9   2.4
  80.9   2.8 80.9   3.1 80.9   3.5 80.9   3.9 81.0   4.3 81.0   4.7 81.1   5.1
  81.1   5.5 81.1   5.9 81.2   6.4 81.2   6.8 81.2   7.2 81.2   7.7 81.2   8.1
  81.2   8.6 81.2   9.0 81.1   9.5 81.1  10.0 81.1  10.4 81.0  10.9 81.0  11.3
  80.9  11.8 80.8  12.3 80.7  12.7 80.6  13.2 80.4  13.6 80.3  14.0 80.1  14.5
  79.9  14.9 79.7  15.5 79.5  16.0 79.3  16.6 79.0  17.2 78.7  17.7 78.5  18.2
  78.2  18.8 77.8  19.3 77.6  19.9 77.3  20.4 76.9  21.0 76.6  21.5 76.2  22.1
  75.8  22.6 75.5  23.1 75.0  23.5 74.5  24.0 74.0  24.4 73.5  24.8 72.9  25.2
  72.3  25.6 71.7  26.0 71.0  26.3 70.3  26.7 69.6  27.1 68.9  27.3 68.1  27.5
  67.3  27.7 66.5  27.8 65.7  27.9 64.9  28.0 64.1  28.1 63.4  28.2 62.7  28.2
  62.0  28.3 61.3  28.3 60.6  28.3 60.0  28.3 59.3  28.2 58.7  28.2 58.1  28.1
  57.5  28.0 56.9  27.9 56.3  27.8 55.6  27.7 55.0  27.6 54.5  27.5 54.0  27.4
  53.5  27.3 53.1  27.3 52.7  27.2 52.3  27.0 52.0  26.9 51.7  26.8 51.5  26.6
  51.3  26.5 51.1  26.3 50.9  26.1 50.7  26.0 50.6  25.8 50.5  25.6 50.4  25.4
  50.3  25.3 50.2  25.1 50.2  24.9 50.1  24.8 50.1  24.6 50.1  24.5 50.1  24.4
  50.1  24.3 50.1  24.2 50.1  24.2 50.1  24.1 50.1  24.1 50.1  24.1 50.1  24.1
  50.1  24.2 50.1  24.2 50.1  24.3 50.0  24.3 49.9  24.4 49.9  24.4 49.8  24.5
  49.7  24.5 49.6  24.6 49.4  24.6 49.3  24.6 49.2  24.7 49.0  24.7 48.9  24.7
  48.7  24.7 48.6  24.7 48.4  24.8 48.2  24.8 48.1  24.8 47.9  24.8 47.7  24.7
  47.6  24.7 47.4  24.6 47.2  24.5 47.0  24.3 46.9  24.2 46.7  24.1 46.5  24.0
  46.5  23.8 46.5  23.7 46.4  23.6 46.4  23.4 46.4  23.3 46.3  23.1 46.3  23.0
  46.2  22.9 46.2  22.8 46.1  22.7 46.0  22.7 46.0  22.7 45.9  22.6 45.8  22.5
  45.6  22.5 45.5  22.4 45.4  22.4
   3 11 70  0.0
  72.5 321.4 72.2 320.9 72.0 320.4 71.7 319.0 71.4 317.7 71.2 316.3 70.9 314.8
  70.7 313.3 70.5 311.7 70.3 310.2 70.2 308.6 70.1 307.0 70.1 305.3 70.1 303.6
  70.3 301.8 70.5 300.0 70.8 298.1 71.0 296.2 71.3 294.2 71.5 292.1 71.7 289.9
  71.9 287.8 72.1 285.5 72.2 284.1 72.3 282.7 72.4 281.3 72.5 280.0 72.6 278.9
  72.7 277.9 72.9 276.9 73.1 276.1 73.2 275.4 73.5 274.7 73.7 274.1 73.9 273.6
  74.2 273.2 74.5 273.0 74.8 272.8 75.1 272.6 75.4 272.4 75.7 272.1 76.1 271.8
  76.5 271.5 76.9 271.3 77.3 270.9 77.8 270.6 78.1 270.2 78.6 270.0 79.0 269.7
  79.4 269.5 79.8 269.1 80.1 268.7 80.5 268.4 80.9 268.2 81.2 267.9 81.5 267.5
  81.7 267.1 81.9 266.6 82.1 266.0 82.3 266.2 82.5 266.4 82.7 266.8 82.9 267.1
  83.0 267.5 83.1 268.0 83.2 268.5 83.2 269.1 83.3 269.7 83.3 270.4 83.3 271.1
  83.2 271.8 83.2 272.6 83.1 273.4 83.0 274.2 83.0 274.9 82.9 275.5 82.8 276.1
  82.7 276.5 82.6 276.9 82.5 277.3 82.5 277.6 82.4 277.8 82.3 277.9 82.3 278.0
  82.2 278.0 82.2 277.9 82.2 277.9 82.1 277.9 82.0 278.0 82.0 278.1 81.9 278.5
  81.8 279.0 81.8 279.7 81.7 280.4 81.7 281.3 81.7 282.3 81.7 283.5 81.7 284.9
  81.7 286.4 81.7 287.9 81.7 289.5 81.7 291.2 81.6 292.9 81.6 294.7 81.6 296.5
  81.6 298.4 81.5 300.3 81.4 302.3 81.4 304.2 81.3 306.1 81.2 308.0 81.0 310.0
  80.8 312.0 80.6 314.0 80.3 315.9 80.0 317.8 79.7 319.6 79.3 321.3 79.0 322.8
  78.6 324.3 78.2 325.7 77.8 327.0 77.4 327.6 77.1 328.3 76.8 328.9 76.5 329.5
  76.2 330.2 76.0 330.8 75.7 331.3 75.5 331.7 75.4 332.3 75.4 332.9 75.4 333.6
  75.4 334.3 75.4 335.2 75.5 336.1 75.6 337.2 75.7 338.4 75.8 339.8 75.9 341.3
  76.0 342.9 76.2 344.9 76.3 347.0 76.5 349.3 76.6 351.7 76.6 354.2 76.7 356.9
  76.6 359.7 76.6   2.5 76.4   3.2 76.3   3.9 76.1   4.5 75.9   5.2 75.6   5.9
  75.4   6.5 75.1   7.2 74.9   7.8 74.6   8.5 74.2   9.2 73.8   9.8 73.4  10.4
  73.1  11.0 72.7  11.5 72.3  12.1 71.7  12.7 71.2  13.2 70.7  13.7 70.1  14.2
  69.5  14.7 68.9  15.1 68.4  15.4 67.9  15.8 67.4  15.9 66.9  15.9 66.4  16.0
  65.8  16.1 65.2  16.2 64.6  16.2 64.0  16.3 63.5  16.3 62.9  16.3 62.4  16.3
  61.9  16.4 61.4  16.3 60.9  16.2 60.4  16.2 60.0  16.1 59.5  15.9 59.4  15.8
  59.3  15.6 59.2  15.4 59.1  15.3 59.0  15.1 59.0  15.0 58.9  14.8 58.9  14.7
  58.8  14.6 58.8  14.4 58.8  14.3 58.8  14.1 58.8  14.0 58.8  13.8 58.9  13.7
  58.9  13.6 58.9  13.4 59.0  13.3 59.0  13.1 59.0  12.9 59.0  12.7 58.9  12.4
  58.8  12.1 58.6  11.7 58.7  11.3 58.8  10.9 58.9  10.4 58.9   9.9 58.9   9.4
  58.9   8.8 58.9   8.2 58.9   7.5 59.2   6.7 59.4   5.9 59.7   5.0 59.9   4.0
  60.3   2.9 60.8   1.8 61.2   0.7 61.5 359.5 62.1 356.6 62.7 354.3 63.5 351.7
  64.3 348.9 65.2 346.8 66.1 344.3 66.9 342.4 67.6 340.2 68.2 337.5 68.8 335.7
  69.4 333.8 69.9 331.7 70.4 329.4
   3 12 70  0.0
  72.5 321.4 72.4 320.5 72.3 319.7 72.1 319.0 72.0 318.3 71.7 316.3 71.5 314.3
  71.3 312.4 71.1 310.6 71.1 308.8 71.0 307.1 71.1 305.4 71.2 303.6 71.8 301.8
  72.4 300.1 73.0 300.0 73.6 299.8 74.3 299.7 75.0 300.8 75.5 302.0 75.8 303.3
  76.2 304.7 76.4 306.4 76.6 308.1 76.6 309.8 76.6 311.3 76.6 312.8 76.4 314.1
  76.1 315.3 75.9 316.4 75.6 316.8 75.3 317.2 75.0 317.6 74.6 318.0 74.3 318.4
  73.9 318.7 73.5 318.3 73.2 317.8 72.9 317.3 72.6 316.8 72.3 316.2 72.1 315.5
  72.1 314.8 72.0 313.9 72.0 313.0 72.1 311.9 72.1 310.7 72.2 309.3 72.3 307.8
  72.4 306.0 72.4 304.1 72.5 302.2 72.6 300.2 72.6 298.3 72.7 296.5 72.7 294.7
  72.8 293.0 72.8 291.4 72.9 290.0 72.9 288.6 73.0 287.4 73.1 286.3 73.1 285.2
  73.2 284.2 73.3 283.2 73.4 282.2 73.5 281.3 73.6 280.4 73.8 279.5 74.0 278.6
  74.2 277.7 74.5 277.0 74.8 276.3 75.1 275.6 75.4 274.9 75.8 274.2 76.1 273.4
  76.5 272.8 76.9 272.2 77.2 271.5 77.6 270.6 77.9 269.7 78.2 268.6 78.6 267.7
  78.9 266.7 79.1 265.6 79.4 264.4 79.6 263.2 79.8 261.9 80.0 260.6 80.1 259.2
  80.3 258.6 80.5 258.0 80.6 257.4 80.7 256.8 80.8 256.1 80.9 255.5 80.9 254.9
  81.0 254.2 81.0 253.5 81.0 252.6 81.1 251.7 81.1 250.7 81.1 249.7 81.1 248.7
  81.1 247.7 81.0 246.6 80.9 245.6 80.9 244.7 80.8 243.7 80.6 242.8 80.5 242.1
  80.3 241.4 80.1 240.8 79.9 240.3 79.7 239.4 79.4 238.5 79.2 237.6 78.9 236.8
  78.7 235.9 78.4 235.1 78.1 234.2 77.8 233.5 77.5 232.8 77.1 232.2 76.8 231.7
  76.3 231.3 75.9 231.0 75.4 230.5 75.0 230.0 74.6 229.5 74.1 228.9 73.7 228.3
  73.3 227.3 72.8 226.3 72.3 225.4 71.7 224.6 71.3 223.6 70.7 222.5 70.1 221.3
  69.5 220.1 69.0 218.5 68.4 216.9 67.8 215.1 67.2 213.4 66.6 211.6 66.0 209.8
  65.5 208.5 64.9 207.2 64.4 205.8 64.0 204.5 63.5 203.5 63.1 202.5 62.7 201.5
  62.3 200.5 61.9 199.5 61.7 198.7 61.4 198.0 61.2 197.2 61.0 196.4 60.8 195.6
  60.9 194.9 61.0 194.1 61.0 193.3 61.1 192.6 61.2 191.9 61.6 191.2 61.9 190.6
  62.3 190.0 62.7 189.0 63.2 188.0 63.7 187.1 64.3 186.3 64.8 185.2 65.3 184.1
  65.9 183.1 66.4 182.0 66.9 180.8 67.4 179.4 67.9 178.1 68.3 176.8 68.8 175.3
  69.3 173.9 69.7 172.5 70.1 171.1 70.5 169.7 70.9 168.4 71.2 167.0 71.5 165.7
  71.7 164.4 72.0 163.1 72.1 161.9 72.2 160.7 72.3 159.6 72.4 158.5 72.4 157.4
  72.4 156.3 72.5 155.2 72.5 154.2 72.5 153.1 72.5 152.1 72.5 151.1 72.5 150.1
  72.5 149.1 72.5 148.1 72.4 147.1 72.4 146.1 72.4 145.1 72.4 144.2 72.4 143.3
  72.3 142.5 72.3 141.7 72.3 140.9 72.2 140.1 72.2 139.3 72.1 138.6 72.1 137.8
  72.0 137.1 71.9 136.6 71.8 136.0 71.7 135.4 71.6 134.7 71.4 133.9 71.3 133.2
  71.1 132.4 71.0 131.6 70.7 130.8 70.5 129.9 70.2 129.1 69.9 128.3 69.6 127.8
  69.3 127.4 69.0 127.1 68.7 127.0 68.4 126.9 68.1 126.9 67.8 127.0 67.5 127.4
  67.2 127.9 66.9 128.3 66.5 128.9
   3 13 70  0.0
  72.5 321.4 72.5 319.6 72.5 318.0 72.5 316.5 72.5 315.1 72.5 313.8 72.4 312.7
  72.4 311.6 72.4 310.6 72.3 309.6 72.3 308.8 72.3 308.0 72.3 307.2 72.4 306.5
  72.5 305.8 72.6 305.2 72.7 304.7 72.9 304.1 73.0 303.6 73.4 303.1 73.7 302.6
  74.1 302.1 74.5 302.4 74.9 302.7 75.3 302.9 75.7 303.2 76.1 303.6 76.5 304.5
  76.8 305.7 77.1 307.1 77.4 308.8 77.5 310.7 77.6 312.8 77.6 314.9 77.6 317.0
  77.4 318.9 77.2 320.6 76.9 322.2 76.6 323.5 76.3 324.6 75.9 325.6 75.6 326.0
  75.3 326.4 74.9 326.7 74.6 326.9 74.2 327.1 73.9 327.3 73.6 326.9 73.4 326.5
  73.2 326.1 73.0 325.7 72.8 325.3 72.6 324.9 72.4 324.6 72.2 324.2 72.0 323.9
  71.7 322.9 71.5 322.0 71.3 321.0 71.1 319.9 70.9 318.8 70.7 317.6 70.5 316.3
  70.4 314.7 70.4 313.1 70.3 311.4 70.3 309.6 70.4 307.7 70.5 305.6 70.5 303.5
  70.7 301.2 70.7 298.9 70.8 296.5 70.8 294.0 70.8 291.5 70.8 289.3 70.8 287.2
  70.8 285.2 70.8 283.4 70.7 281.7 70.7 280.2 70.7 278.9 70.8 277.6 70.8 276.6
  70.9 275.6 70.9 274.8 71.0 274.0 71.1 273.3 71.2 272.7 71.3 272.1 71.4 271.6
  71.6 271.1 71.7 270.7 71.9 270.3 72.1 270.0 72.3 269.6 72.5 269.1 72.8 268.6
  73.0 268.2 73.3 267.8 73.6 267.4 73.9 267.1 74.2 266.8 74.6 266.1 75.0 265.4
  75.3 264.6 75.7 263.8 76.0 262.9 76.4 261.6 76.7 260.2 77.1 258.6 77.4 257.1
  77.6 255.6 77.8 254.0 78.0 252.5 78.1 250.9 78.2 249.5 78.3 248.1 78.4 246.7
  78.5 245.3 78.5 244.0 78.4 242.7 78.3 241.5 78.2 240.3 78.0 239.3 77.8 238.3
  77.6 237.9 77.3 237.6 77.1 237.4 76.8 237.2 76.5 237.1 76.2 237.1 75.9 237.1
  75.6 237.9 75.3 238.5 75.0 239.0 74.7 239.4 74.4 239.7 74.1 239.9 73.8 240.0
  73.5 240.8 73.3 241.5 73.0 242.2 72.8 242.7 72.5 243.2 72.3 243.6 72.1 244.0
  71.8 244.3 71.6 245.2 71.3 246.0 71.0 246.7 70.8 247.4 70.5 248.1 70.2 248.7
  69.9 249.4 69.6 250.4 69.4 251.6 69.1 252.8 68.8 254.1 68.6 255.4 68.3 256.8
  67.9 258.3 67.6 260.3 67.1 262.3 66.6 264.2 66.1 266.0 65.5 267.7 64.9 269.6
  64.3 271.3 63.6 272.9 63.1 274.6 62.5 276.0 62.0 277.3 61.4 278.3 60.8 279.2
  60.2 279.9 59.5 280.6 59.1 280.9 58.6 281.2 58.0 281.5 57.4 281.7 56.8 281.6
  56.2 281.5 55.5 281.4 54.9 281.0 54.3 280.7 53.6 280.4 53.0 279.9 52.2 279.3
  51.5 278.8 50.8 278.2 50.1 277.6 49.4 277.0 48.8 276.4 48.2 275.7 47.8 275.0
  47.3 274.3 46.9 273.5 46.5 272.7 46.1 271.8 45.8 270.9 45.5 270.1 45.1 269.2
  44.8 268.4 44.4 267.5 44.1 266.5 43.8 265.6 43.5 264.8 43.3 264.0 43.1 263.1
  43.0 262.3 42.8 261.4 42.6 260.6 42.4 259.7 42.3 258.7 42.2 257.8 42.1 256.9
  41.9 255.9 42.0 255.1 42.0 254.4 42.0 253.7 42.0 252.9 42.0 252.2 41.9 251.4
  42.0 250.7 42.0 250.0 42.0 249.0 42.0 248.0 42.2 246.9 42.4 245.9 42.6 244.9
  42.7 243.8 43.0 242.8 43.3 241.7 43.5 240.6 43.8 239.6 44.3 238.6 44.8 237.5
  45.3 236.5 45.8 235.4 46.5 234.4
   3 14 70  0.0
  72.5 321.4 72.3 318.7 72.1 316.1 71.8 313.8 71.6 312.0 71.3 310.2 71.1 308.7
  70.8 307.2 70.6 305.9 70.3 304.7 70.0 303.6 69.8 302.7 69.6 302.0 69.3 301.3
  69.1 300.6 68.8 300.1 68.5 299.6 68.4 299.1 68.3 298.8 68.2 298.5 68.1 298.2
  68.0 298.0 68.0 297.9 67.9 298.1 67.8 298.2 67.7 298.4 67.6 298.5 67.5 298.6
  67.4 298.6 67.3 298.6 67.2 298.5 67.2 298.4 67.1 298.3 67.0 298.2 66.9 298.0
  66.9 297.8 66.8 297.5 66.8 297.3 66.7 297.0 66.7 296.7 66.7 296.4 66.8 296.1
  66.9 295.8 67.1 295.5 67.4 295.2 67.7 294.8 68.1 294.4 68.5 293.6 68.9 292.8
  69.3 291.9 69.9 291.0 70.5 289.9 71.1 288.9 71.8 287.8 72.5 286.6 73.2 285.6
  73.9 284.6 74.6 283.4 75.2 282.4 75.9 281.3 76.5 280.1 77.1 279.0 77.4 277.9
  77.7 276.8 78.0 275.6 78.2 274.3 78.4 273.4 78.6 272.3 78.8 271.3 78.9 270.2
  79.0 269.0 79.1 267.9 79.1 266.7 79.1 265.6 79.1 264.4 79.1 263.4 79.1 262.4
  79.1 261.4 79.0 260.6 79.0 259.7 78.9 259.0 78.8 258.3 78.7 257.6 78.6 257.0
  78.6 256.4 78.5 255.9 78.3 255.4 78.1 255.0 78.0 254.7 77.9 254.4 77.9 254.4
  77.8 254.4 77.8 254.5 77.8 254.7 77.9 255.0 77.9 255.3 78.0 255.7 78.1 255.7
  78.3 255.7 78.4 255.7 78.5 255.5 78.7 255.3 78.8 255.0 78.9 254.6 79.1 254.1
  79.2 253.5 79.4 252.9 79.6 252.1 79.7 251.3 79.8 250.4 79.9 249.5 80.1 248.5
  80.2 247.3 80.3 246.0 80.3 244.7 80.4 243.4 80.4 242.1 80.5 240.8 80.5 239.4
  80.4 238.1 80.4 236.8 80.4 235.5 80.2 234.3 80.1 233.2 80.0 232.1 79.9 231.8
  79.7 231.4 79.5 231.1 79.2 230.7 79.0 230.4 78.7 230.1 78.4 229.7 78.1 229.4
  77.7 229.1 77.4 229.2 77.1 229.3 76.7 229.3 76.3 229.4 75.9 229.4 75.5 230.2
  75.1 230.9 74.7 231.5 74.2 232.0 73.7 232.5 73.2 233.5 72.8 234.4 72.3 235.3
  71.8 236.2 71.4 237.4 71.0 238.6 70.7 239.8 70.3 241.0 69.9 242.2 69.6 243.3
  69.3 244.4 69.0 245.5 68.8 246.6 68.5 247.7 68.2 248.8 68.0 250.1 67.8 251.4
  67.6 252.7 67.4 254.1 67.3 255.6 67.1 257.3 66.9 259.0 66.7 260.7 66.4 262.5
  66.1 264.2 65.8 265.8 65.6 267.6 65.3 269.4 65.0 271.0 64.6 272.6 64.4 274.1
  64.2 275.5 63.9 276.9 63.7 278.1 63.4 279.4 63.1 280.5 62.9 281.7 62.6 282.8
  62.3 283.8 62.0 284.7 61.8 285.5 61.6 285.9 61.4 286.2 61.2 286.5 61.0 286.8
  60.8 287.0 60.6 287.2 60.5 287.4 60.3 287.5 60.1 287.6 60.0 287.7 59.8 287.4
  59.7 287.1 59.5 286.9 59.4 286.6 59.2 286.4 59.1 286.2 58.9 285.9 58.8 285.7
  58.6 285.5 58.5 285.3 58.3 285.2 58.2 285.0 58.1 284.8 58.0 284.6 58.0 284.4
  58.0 284.1 58.0 283.7 57.5 283.5 57.1 283.2 56.6 282.9 56.1 282.7 55.5 282.4
  55.0 282.0 54.4 281.7 53.9 281.3 53.4 280.9 53.0 280.4 52.6 280.0 52.2 279.6
  51.4 279.2 50.7 278.9 50.0 278.5 49.4 278.2 48.7 277.8 48.2 277.4 47.6 277.0
  47.1 276.5 46.7 276.0 46.3 275.6 45.7 275.1 45.1 274.6 44.6 274.1 44.0 273.7
  43.5 273.2 42.9 272.7 42.3 272.3
   3 15 70  0.0
  72.5 321.4 71.9 319.3 71.4 318.3 71.0 317.2 70.5 316.1 70.0 314.9 69.6 313.7
  69.3 313.2 68.9 312.6 68.5 311.9 68.2 311.3 67.8 310.6 67.5 310.7 67.1 310.9
  66.7 311.1 66.3 311.1 65.9 311.1 65.6 311.9 65.2 312.5 64.6 313.0 63.9 313.4
  63.2 314.1 62.5 314.6 61.8 315.1 61.0 315.6 60.1 316.1 59.2 316.4 58.3 316.8
  57.3 317.1 56.3 317.3 55.3 317.5 54.3 317.6 53.3 317.7 52.3 317.6 51.3 317.6
  50.4 317.3 49.4 317.1 48.4 316.7 47.6 316.3 46.8 315.7 46.0 315.1 45.2 314.4
  44.6 313.5 44.0 312.6 43.5 311.7 43.0 310.7 42.6 309.6 42.2 308.3 41.9 306.9
  41.6 305.4 41.4 303.8 41.4 301.9 41.4 300.0 41.4 298.0 41.6 296.1 41.8 294.3
  42.2 292.6 42.6 291.0 42.9 289.4 43.3 288.0 43.5 286.6 43.8 285.3 44.1 284.1
  44.4 282.8 44.6 281.7 44.8 280.6 45.0 279.6 45.0 278.6 44.9 277.7 44.9 276.8
  45.0 275.8 44.8 274.9 44.7 274.0 44.6 273.1 44.5 272.1 44.5 271.2 44.3 270.2
  44.2 269.2 44.0 268.1 43.9 267.0 43.7 266.1 43.5 265.2 43.4 264.3 43.1 263.3
  43.1 262.4 43.0 261.6 43.0 260.7 42.9 259.9 43.0 259.1 43.1 258.4 43.2 257.7
  43.3 257.1 43.3 256.5 43.3 255.9 43.5 255.4 43.6 254.9 43.7 254.4 43.9 254.0
  44.0 253.6 44.2 253.0 44.4 252.4 44.6 251.9 44.9 251.4 45.2 250.9 45.5 250.5
  45.9 250.1 46.2 249.7 46.6 249.3 47.0 248.8 47.4 248.4 47.8 248.1 48.3 247.8
  48.7 247.5 49.1 247.2 49.6 247.0 50.0 246.8 50.5 246.6 51.0 246.3 51.5 246.1
  51.9 245.9 52.4 245.7 52.9 245.4 53.5 245.1 54.0 244.9 54.5 244.6 55.0 244.2
  55.6 243.8 56.0 243.3 56.6 242.7 57.1 242.0 57.5 241.4 58.0 240.7 58.5 240.0
  58.9 239.3 59.2 238.5 59.6 237.8 59.9 237.0 60.2 236.2 60.5 235.4 60.6 234.6
  60.7 233.8 60.8 232.9 60.9 232.0 60.8 231.0 60.7 229.9 60.6 228.9 60.5 227.9
  60.2 226.9 59.9 225.9 59.6 225.0 59.3 224.2 59.0 223.4 58.4 222.6 57.8 221.8
  57.1 221.5 56.3 221.2 55.5 220.8 54.6 220.9 53.7 220.9 52.7 220.8 51.8 220.6
  50.9 220.2 50.0 219.8 49.3 219.2 48.6 218.6 48.0 218.0 47.4 217.3 46.9 216.6
  46.4 215.9 45.7 215.2 45.0 214.3 44.5 213.3 43.9 212.4 43.5 211.1 43.0 209.9
  42.5 208.6 42.1 207.2 41.6 205.8 41.0 204.3 40.5 202.8 40.1 201.2 39.6 199.5
  39.5 197.7 39.3 195.9 39.2 194.1 39.0 192.2 38.9 190.3 38.9 188.4 39.0 186.4
  39.2 184.5 39.5 182.5 39.3 180.6 39.2 178.6 38.6 176.8 38.0 175.0 37.3 173.3
  36.8 171.5 36.3 169.6 35.9 167.5 35.5 165.5 35.2 163.4 34.8 161.3 34.4 159.1
  34.0 156.7 33.5 154.5 33.3 152.0 33.0 149.5 32.7 146.8 32.3 144.1 31.9 141.5
  31.9 139.1 32.1 136.8 32.3 134.4 32.6 132.2 32.8 130.2 33.2 128.4 33.6 126.8
  33.9 125.3 34.2 123.9 34.4 122.5 34.7 121.1 34.9 119.9 35.1 118.7 35.3 117.6
  35.5 116.6 35.7 115.7 35.7 114.9 35.8 114.1 35.8 113.4 35.8 112.7 35.8 112.0
  35.9 111.3 36.0 110.6 36.1 109.9 36.2 109.2 36.3 108.4 36.4 107.7 36.5 107.0
  36.6 106.2 36.7 105.5 36.7 104.8
   3 16 70  0.0
  72.5 321.4 72.3 320.6 72.2 319.8 72.1 319.1 72.0 318.3 71.9 317.3 71.8 316.4
  71.7 315.5 71.6 314.6 71.6 313.7 71.6 312.7 71.6 311.7 71.6 310.7 71.7 309.6
  71.7 308.5 71.7 307.4 71.7 306.2 71.7 305.0 71.6 303.8 71.7 302.6 71.6 301.3
  71.6 300.0 71.6 298.6 71.6 297.3 71.6 295.9 71.6 294.5 71.7 293.1 71.7 291.7
  71.9 290.4 72.2 289.0 72.4 287.9 72.7 286.8 73.0 285.7 73.3 284.7 73.5 283.6
  73.9 282.4 74.2 281.3 74.5 280.1 74.8 278.9 75.1 277.6 75.5 276.2 75.8 274.8
  76.1 273.2 76.5 271.7 76.8 270.1 77.2 268.6 77.5 266.9 77.8 265.3 78.1 263.7
  78.4 261.8 78.8 259.9 79.1 258.0 79.4 256.1 79.7 254.2 80.0 252.3 80.4 249.9
  80.7 247.5 81.0 245.1 81.3 242.6 81.6 240.0 81.8 237.4 82.1 234.8 82.5 231.5
  82.9 227.9 83.3 223.9 83.7 219.7 84.1 214.9 84.6 208.8 85.0 201.6 85.3 193.3
  85.4 184.0 85.4 174.2 85.3 164.8 85.1 156.1 84.9 148.8 84.5 143.0 84.0 138.5
  83.5 135.1 83.1 132.4 82.6 130.1 82.1 128.3 81.5 126.8 81.0 125.4 80.6 124.1
  80.1 122.9 79.6 121.8 79.2 121.0 78.9 120.1 78.6 119.4 78.4 118.7 78.3 118.1
  78.2 117.5 78.1 117.0 78.1 116.5 78.1 116.0 78.1 115.6 78.2 115.2 78.4 114.8
  78.5 114.3 78.6 113.9 78.8 113.3 79.0 112.8 79.1 112.2 79.3 111.5 79.5 110.7
  79.7 109.9 79.8 109.1 80.0 108.2 80.3 107.7 80.4 107.2 80.6 106.8 80.8 106.4
  81.0 106.1 81.2 105.8 81.3 105.7 81.5 105.6 81.7 105.7 81.8 105.8 82.0 106.0
  82.1 106.4 82.3 107.8 82.5 109.2 82.6 110.7 82.8 112.3 83.0 113.9 83.1 115.5
  83.2 117.2 83.4 118.9 83.5 120.7 83.6 122.5 83.7 124.3 83.8 126.3 83.9 128.2
  84.0 130.3 84.2 133.2 84.3 136.0 84.5 138.8 84.6 141.6 84.7 144.4 84.8 147.4
  84.9 150.4 84.9 153.6 84.9 156.8 84.9 160.1 84.8 163.2 84.7 166.4 84.6 169.5
  84.5 172.4 84.3 175.2 84.1 177.7 83.8 180.1 83.6 183.6 83.3 186.9 83.0 189.8
  82.7 192.3 82.3 194.6 81.8 196.4 81.4 198.8 81.0 200.9 80.5 202.6 80.0 204.1
  79.5 205.6 79.1 207.0 78.6 208.2 78.1 209.3 77.7 210.3 77.3 211.3 76.8 212.2
  76.5 213.1 76.1 214.0 75.7 214.8 75.3 215.7 74.9 216.7 74.6 217.6 74.3 218.5
  74.0 219.4 73.7 220.2 73.4 220.9 73.1 221.7 72.8 222.5 72.5 223.3 72.3 224.1
  71.9 225.0 71.6 225.5 71.3 226.1 71.0 226.7 70.8 227.4 70.5 228.1 70.2 228.8
  69.9 229.6 69.6 230.1 69.4 230.6 69.1 231.2 68.9 231.7 68.7 232.2 68.5 232.8
  68.3 233.4 68.1 234.1 67.9 234.8 67.8 235.1 67.7 235.4 67.5 235.6 67.4 235.9
  67.3 236.2 67.1 236.5 67.0 236.7 66.8 237.0 66.7 237.4 66.6 237.7 66.5 238.2
  66.5 238.6 66.4 239.2 66.4 239.8 66.4 240.4 66.4 241.1 66.4 241.9 66.4 242.8
  66.5 243.9 66.6 245.0 66.6 246.1 66.6 247.3 66.7 248.5 66.7 249.8 66.7 251.3
  66.7 252.8 66.6 254.5 66.4 256.2 66.2 258.0 66.0 259.9 65.8 262.2 65.4 264.4
  65.0 266.5 64.6 268.5 64.1 270.4 63.5 272.2 63.1 273.9 62.6 275.5 62.0 276.9
  61.6 278.2 61.0 279.1 60.5 280.0
   3 17 70  0.0
  72.5 321.4 72.5 321.4 72.5 321.4 72.5 321.2 72.5 321.0 72.4 320.7 72.3 320.3
  72.2 319.9 72.1 319.4 72.0 318.8 71.9 318.2 71.7 317.4 71.6 316.6 71.3 315.9
  71.2 315.1 71.1 314.4 71.0 313.6 70.9 312.8 70.8 312.1 70.7 311.3 70.7 310.5
  70.8 309.6 70.8 308.8 70.8 307.9 70.9 307.0 71.0 306.0 71.1 305.0 71.2 304.0
  71.3 303.0 71.5 301.9 71.6 300.8 71.8 299.7 72.0 298.5 72.1 297.3 72.3 296.0
  72.5 294.7 72.7 293.4 73.0 292.0 73.2 290.6 73.5 289.2 73.8 287.8 74.1 286.4
  74.4 284.8 74.7 283.2 75.1 281.6 75.5 279.9 75.9 278.1 76.3 276.2 76.7 273.9
  77.2 271.5 77.6 269.0 78.0 266.6 78.3 264.2 78.8 261.2 79.2 258.3 79.5 255.4
  79.9 252.6 80.2 250.0 80.6 246.7 81.0 243.4 81.3 240.2 81.7 236.9 82.0 233.8
  82.3 230.6 82.7 226.1 83.2 221.3 83.6 216.2 84.0 210.4 84.5 202.9 84.8 194.4
  85.0 185.0 85.1 175.2 85.1 165.5 84.9 156.3 84.7 148.1 84.4 141.0 84.1 135.0
  83.7 130.0 83.3 126.7 83.0 123.9 82.6 121.5 82.2 119.4 81.8 117.6 81.5 116.5
  81.1 115.6 80.8 114.7 80.5 113.8 80.1 113.0 79.7 112.3 79.4 111.7 79.1 111.2
  78.8 110.8 78.4 110.3 78.1 109.9 77.7 109.5 77.4 109.4 77.1 109.3 76.8 109.2
  76.5 109.1 76.2 108.9 75.9 108.7 75.7 108.6 75.5 108.5 75.4 108.3 75.2 108.0
  75.1 107.7 75.0 107.3 74.9 106.8 74.8 106.3 74.8 105.6 74.8 105.0 74.7 104.3
  74.8 103.6 74.8 102.9 74.8 102.2 74.8 101.5 74.9 100.7 75.0 100.0 75.0  99.3
  75.0  98.6 75.0  97.9 75.1  97.2 75.2  96.5 75.2  95.8 75.3  95.0 75.4  94.2
  75.4  93.3 75.5  92.4 75.6  91.4 75.6  90.3 75.7  89.2 75.7  88.0 75.8  86.7
  75.8  85.3 75.8  83.9 75.7  82.6 75.7  81.2 75.7  79.9 75.7  79.5 75.7  79.2
  75.6  78.8 75.6  78.5 75.6  78.2 75.6  77.9 75.6  77.6 75.6  77.3 75.6  76.9
  75.6  76.6 75.6  76.2 75.6  75.8 75.6  75.4 75.6  75.0 75.6  74.6 75.6  74.1
  75.5  73.7 75.5  73.2 75.6  72.7 75.6  72.1 75.5  71.6 75.5  71.1 75.4  70.6
  75.3  70.2 75.2  69.7 75.2  69.3 75.1  68.9 75.0  68.5 74.9  68.1 74.8  67.8
  74.8  67.4 74.7  67.1 74.7  66.7 74.7  66.3 74.7  66.0 74.7  65.6 74.8  65.2
  74.8  64.8 74.9  64.3 74.9  63.9 75.0  63.4 75.2  62.9 75.3  62.4 75.4  61.9
  75.6  61.4 75.7  61.0 75.9  60.5 76.0  60.1 76.2  59.7 76.4  59.3 76.6  59.0
  76.9  58.7 77.1  58.4 77.4  58.1 77.6  57.9 77.8  57.7 78.0  57.4 78.2  57.3
  78.4  57.1 78.5  56.9 78.6  56.8 78.6  56.6 78.7  56.5 78.7  56.3 78.7  56.2
  78.6  56.0 78.6  55.9 78.6  55.8 78.7  55.7 78.7  55.6 78.7  55.4 78.7  55.3
  78.8  55.2 78.8  55.1 78.8  55.0 78.7  54.9 78.7  54.8 78.7  54.8 78.7  54.7
  78.6  54.6 78.6  54.5 78.5  54.5 78.5  54.4 78.5  54.3 78.5  54.2 78.4  54.2
  78.4  54.1 78.4  54.0 78.4  53.9 78.5  53.9 78.5  53.8 78.5  53.7 78.5  53.6
  78.5  53.6 78.5  53.6 78.5  53.5 78.4  53.5 78.4  53.5 78.4  53.6 78.3  53.6
  78.3  53.6 78.2  53.7 78.1  53.8
   3 18 70  0.0
  72.5 321.4 72.5 321.9 72.4 322.4 72.4 322.8 72.4 323.3 72.4 323.8 72.3 324.3
  72.3 324.8 72.2 325.3 72.2 325.8 72.1 326.3 72.1 326.9 72.0 327.5 72.0 328.2
  71.9 328.5 71.9 328.9 71.8 329.3 71.8 329.7 71.7 330.1 71.6 330.4 71.5 330.8
  71.4 331.1 71.3 331.4 71.2 331.7 71.1 331.9 70.9 332.2 70.7 332.2 70.4 332.2
  70.2 332.0 70.0 331.7 69.8 331.4 69.6 330.9 69.5 330.3 69.3 329.7 69.0 328.9
  68.8 328.1 68.5 327.2 68.1 326.3 67.7 325.4 67.3 324.9 66.9 324.2 66.5 323.5
  66.1 322.7 65.7 321.9 65.3 321.1 64.9 320.2 64.4 319.4 64.1 318.5 63.7 317.7
  63.3 316.9 62.9 316.1 62.5 315.3 62.2 314.5 61.9 313.7 61.6 313.0 61.3 312.2
  60.9 311.5 60.8 310.8 60.6 310.1 60.4 309.4 60.2 308.8 59.9 308.2 59.7 307.7
  59.6 307.2 59.5 306.6 59.4 306.1 59.3 305.6 59.2 305.1 59.1 304.6 58.9 304.2
  58.8 303.7 58.8 303.3 58.8 302.9 58.8 302.5 58.8 302.2 58.8 301.9 58.9 301.7
  58.9 301.6 59.0 301.4 59.2 301.4 59.3 301.3 59.5 301.3 59.7 301.3 59.9 301.4
  60.2 301.5 60.5 302.3 60.8 303.1 61.0 303.9 61.2 304.8 61.1 305.7 61.0 306.7
  60.8 307.7 60.7 308.6 60.1 309.6 59.5 310.5 58.8 311.2 58.1 312.0 57.3 312.7
  56.2 313.2 55.1 313.6 54.0 313.6 52.9 313.3 51.9 313.1 50.8 312.4 49.9 311.7
  49.2 310.7 48.5 309.6 47.9 308.5 47.3 307.1 47.3 305.5 47.1 303.8 47.3 302.1
  47.5 300.4 47.6 298.7 47.9 297.0 48.3 295.3 48.9 294.0 49.5 292.7 50.2 291.3
  50.9 290.4 51.7 289.5 52.5 288.7 53.3 288.2 54.0 287.9 54.8 287.9 55.6 288.0
  56.4 288.1 57.2 288.5 58.0 289.0 58.7 289.6 59.5 290.3 60.3 291.1 61.1 291.8
  61.9 292.6 62.3 293.6 62.8 294.3 63.2 295.1 63.6 295.9 64.0 296.9 64.1 297.3
  64.1 297.6 64.3 297.9 64.4 298.2 64.5 298.5 64.7 298.8 64.9 299.1 65.0 299.3
  65.2 299.3 65.4 299.3 65.6 299.1 65.8 298.9 65.9 298.5 66.1 298.1 66.3 296.6
  66.6 295.2 67.0 293.8 67.4 292.4 67.9 291.1 68.5 289.9 69.2 288.5 69.9 287.1
  70.6 285.7 71.4 284.5 72.2 283.2 73.0 282.4 73.7 281.5 74.5 280.6 75.2 279.9
  75.6 279.2 76.0 278.5 76.4 277.9 76.8 277.2 77.2 276.6 77.6 276.0 77.8 275.3
  78.1 274.7 78.4 274.2 78.7 273.7 79.1 273.1 79.4 272.7 79.7 272.2 80.0 271.8
  80.3 271.3 80.6 270.8 80.9 270.4 81.2 270.2 81.4 270.0 81.7 269.9 81.9 270.0
  82.2 270.2 82.5 270.3 82.7 270.6 83.0 270.9 83.3 271.4 83.5 272.0 83.7 272.4
  84.0 272.9 84.2 273.4 84.5 273.2 84.8 272.9 85.0 272.6 85.3 272.2 85.5 271.7
  85.7 271.2 85.9 270.5 86.1 269.7 86.4 267.5 86.6 265.0 86.8 262.4 87.0 259.6
  87.2 256.6 87.3 253.4 87.4 250.1 87.5 246.6 87.6 243.0 87.7 239.4 87.8 235.8
  87.8 232.1 87.9 228.6 87.9 225.2 88.0 222.0 88.0 219.1 88.0 216.3 88.1 213.7
  88.1 211.3 88.2 209.2 88.2 207.2 88.3 205.3 88.4 203.6 88.4 202.1 88.5 201.0
  88.5 200.4 88.5 200.4 88.6 201.0 88.6 202.2 88.7 204.0 88.7 206.5 88.7 209.6
  88.7 213.4 88.7 217.7 88.7 222.5
   3 19 70  0.0
  72.5 321.4 72.6 321.1 72.7 320.8 72.8 320.5 72.8 320.2 72.9 320.0 72.9 319.7
  73.0 319.5 73.0 319.4 73.0 319.2 73.1 319.1 73.1 319.0 73.1 318.9 73.1 318.9
  73.2 318.9 73.2 318.9 73.2 319.0 73.3 319.2 73.3 319.4 73.3 319.6 73.3 319.9
  73.4 320.2 73.4 320.6 73.4 321.0 73.4 321.5 73.4 322.0 73.3 322.5 73.3 322.9
  73.3 323.4 73.3 323.9 73.2 324.4 73.2 325.0 73.1 325.5 73.0 326.1 73.0 326.6
  72.9 327.2 72.8 327.9 72.7 328.6 72.7 329.2 72.6 329.8 72.5 330.4 72.4 330.9
  72.3 331.4 72.2 331.9 72.1 332.3 71.9 332.7 71.7 333.0 71.5 333.3 71.3 333.5
  71.1 333.7 70.9 333.8 70.6 333.7 70.4 333.5 70.2 333.2 69.9 332.8 69.7 332.3
  69.6 331.7 69.4 331.0 69.1 330.2 68.9 329.3 68.7 328.4 68.4 327.4 68.0 326.4
  67.6 325.8 67.2 325.1 66.8 324.3 66.4 323.5 66.0 322.6 65.6 321.8 65.2 320.9
  64.7 320.0 64.3 319.1 63.9 318.2 63.5 317.4 63.2 316.6 62.7 315.7 62.5 314.9
  62.2 314.2 61.9 313.4 61.6 312.6 61.3 311.8 61.1 311.1 61.0 310.4 60.8 309.7
  60.6 309.1 60.4 308.5 60.2 307.9 60.1 307.4 60.1 306.9 60.0 306.4 59.9 305.8
  59.9 305.3 59.8 304.8 59.7 304.3 59.6 303.9 59.6 303.4 59.7 303.0 59.7 302.6
  59.8 302.3 59.9 302.0 60.0 301.8 60.2 301.9 60.4 302.1 60.6 302.4 60.8 302.8
  61.0 303.2 61.3 303.8 61.5 304.4 61.6 305.1 61.7 306.0 61.7 306.9 61.7 307.8
  61.6 308.7 61.2 309.7 60.8 310.6 60.3 311.5 59.7 312.3 58.9 312.8 57.9 313.3
  57.0 313.5 55.9 313.8 54.8 313.7 53.7 313.7 52.7 313.3 51.7 312.9 50.7 312.0
  49.8 311.2 49.2 310.0 48.6 308.7 48.0 307.4 47.9 306.1 47.8 304.4 47.7 302.7
  47.9 300.9 48.1 299.2 48.5 297.6 48.9 296.1 49.3 294.7 49.8 293.3 50.4 292.0
  51.0 291.0 51.7 290.0 52.3 289.0 53.1 288.5 53.8 287.9 54.5 287.5 55.3 287.4
  56.0 287.3 56.9 287.5 57.7 287.8 58.5 288.1 59.2 288.5 59.9 289.0 60.6 289.6
  61.3 290.2 62.0 290.9 62.8 291.3 63.5 291.7 64.1 292.3 64.5 292.4 64.8 292.5
  65.1 292.7 65.4 292.9 65.7 293.1 66.0 293.3 66.3 292.9 66.7 292.6 67.0 292.2
  67.4 291.8 67.9 291.5 68.4 291.0 69.0 290.0 69.6 289.0 70.2 287.9 70.9 286.8
  71.6 285.6 72.3 284.4 73.1 283.3 73.8 282.1 74.5 280.8 75.2 279.5 75.6 278.1
  76.0 276.7 76.3 275.2 76.6 274.0 76.8 272.8 77.0 271.6 77.2 270.4 77.3 269.1
  77.4 267.8 77.4 266.6 77.4 265.3 77.4 264.1 77.3 262.9 77.2 261.8 77.1 260.9
  77.0 260.0 76.9 259.3 76.8 258.6 76.6 258.0 76.5 257.4 76.4 257.0 76.2 256.5
  76.1 256.2 76.0 255.9 75.8 255.6 75.7 255.3 75.6 255.1 75.5 254.9 75.4 254.8
  75.4 254.7 75.4 254.7 75.4 254.7 75.4 254.7 75.5 254.8 75.6 254.9 75.7 255.1
  75.9 255.3 76.1 255.5 76.2 255.8 76.4 256.1 76.7 256.3 76.9 256.5 77.2 256.6
  77.4 256.7 77.7 256.8 77.9 256.7 78.2 256.6 78.5 255.9 78.7 255.1 78.9 254.2
  79.1 253.3 79.3 252.4 79.5 251.4 79.6 250.4 79.8 249.3 79.9 248.2 80.1 247.0
  80.2 245.7 80.3 244.4 80.5 243.0
   3 20 70  0.0
  72.5 321.4 72.3 320.8 72.1 320.2 71.9 319.6 71.7 319.1 71.5 318.5 71.4 317.9
  71.2 317.4 71.0 316.8 70.7 316.3 70.5 315.8 70.2 315.3 70.0 314.9 69.7 314.3
  69.4 313.8 69.1 313.3 68.9 312.9 68.7 312.4 68.5 312.0 68.3 311.6 68.1 311.2
  68.0 310.9 67.9 310.7 67.8 310.5 67.7 310.3 67.6 310.2 67.6 310.1 67.5 309.8
  67.4 309.6 67.4 309.3 67.3 309.0 67.2 308.7 67.1 308.3 66.9 307.9 66.9 307.5
  66.8 307.1 66.7 306.7 66.6 306.3 66.5 305.8 66.4 305.4 66.3 305.0 66.2 304.5
  66.0 304.1 65.9 303.7 65.8 303.0 65.7 302.2 65.5 301.5 65.4 300.8 65.2 300.0
  65.0 299.3 64.9 298.6 64.8 298.0 64.7 297.3 64.6 296.7 64.5 296.0 64.4 295.4
  64.4 294.8 64.4 294.1 64.4 293.5 64.4 292.8 64.3 292.2 64.3 291.5 64.3 290.8
  64.3 290.2 64.3 289.5 64.3 288.8 64.2 288.2 64.2 287.5 64.3 286.9 64.5 286.2
  64.6 285.6 64.7 284.9 64.8 284.2 64.8 283.5 65.0 282.8 65.2 282.1 65.4 281.4
  65.5 280.7 65.6 280.0 65.9 279.3 66.1 278.5 66.3 277.8 66.5 277.1 66.7 276.3
  66.9 275.6 67.0 274.8 67.2 274.0 67.4 273.2 67.5 272.3 67.6 271.4 67.8 270.5
  68.0 269.6 68.1 268.6 68.2 267.6 68.4 266.6 68.6 265.5 68.8 264.4 68.9 263.3
  69.1 262.1 69.3 260.8 69.4 259.5 69.6 258.2 69.8 256.9 70.0 255.6 70.2 254.3
  70.5 253.0 70.7 251.6 70.8 250.3 71.0 248.9 71.2 247.5 71.3 246.1 71.5 244.7
  71.6 243.2 71.7 241.8 71.8 240.3 71.8 238.8 71.9 237.4 71.9 235.9 71.9 234.5
  71.9 233.1 71.8 231.8 71.7 230.5 71.6 229.3 71.5 228.2 71.3 227.2 71.1 226.2
  70.8 225.3 70.6 224.6 70.3 223.9 70.0 223.2 69.7 222.7 69.4 221.8 69.1 220.9
  68.8 220.1 68.5 219.3 68.3 218.6 68.0 218.0 67.8 217.5 67.6 216.7 67.4 216.0
  67.2 215.4 67.1 214.9 66.9 214.4 66.8 214.1 66.7 213.8 66.5 213.6 66.4 213.4
  66.3 213.2 66.2 213.1 66.1 213.0 66.0 212.9 65.9 212.5 65.8 212.2 65.7 211.9
  65.6 211.7 65.6 211.4 65.5 211.3 65.5 211.1 65.5 211.1 65.5 211.1 65.5 211.1
  65.7 211.2 65.8 211.4 66.0 211.6 66.2 211.9 66.6 212.4 67.0 213.0 67.5 213.6
  68.0 214.3 68.7 215.4 69.3 216.5 69.7 217.6 70.1 218.8 70.5 219.9 70.9 220.9
  71.0 221.8 71.2 222.6 71.3 223.2 71.4 223.7 71.5 224.0 71.4 224.2 71.3 224.3
  71.3 224.2 71.2 224.1 71.0 223.9 71.0 223.7 71.0 223.3 71.0 222.9 70.9 222.4
  70.9 221.9 70.8 221.3 70.7 220.6 70.5 219.9 70.5 219.1 70.4 218.3 70.4 217.5
  70.3 216.7 70.2 215.9 70.2 215.0 70.2 214.2 70.2 213.3 70.1 212.5 70.1 211.6
  70.1 210.8 70.1 210.0 70.2 209.2 70.2 208.4 70.1 207.6 70.1 206.9 70.1 206.3
  70.1 205.6 70.0 205.0 69.9 204.5 69.9 203.7 69.8 203.0 69.7 202.4 69.5 201.8
  69.4 201.2 69.2 200.8 69.1 200.4 68.9 200.1 68.7 200.0 68.6 199.8 68.5 199.8
  68.5 199.8 68.4 199.8 68.4 199.9 68.4 200.1 68.2 200.3 68.0 200.5 67.8 200.8
  67.7 200.8 67.5 200.9 67.3 201.0 67.2 201.0 67.0 201.1 66.8 201.2 66.7 201.3
  66.5 201.4 66.4 201.5 66.2 201.6
   3 21 70  0.0
  72.5 321.4 72.3 320.6 72.2 319.8 72.0 319.1 71.9 318.4 71.8 317.8 71.6 317.2
  71.5 316.7 71.4 316.2 71.3 315.7 71.1 315.2 71.0 314.8 70.9 314.4 70.8 314.0
  70.7 313.6 70.6 313.3 70.5 312.9 70.3 312.6 70.2 312.3 70.0 311.9 69.9 311.6
  69.9 311.3 69.8 310.9 69.7 310.6 69.6 310.2 69.5 309.9 69.4 309.5 69.3 309.2
  69.2 308.8 69.0 308.5 68.9 308.1 68.7 307.8 68.6 307.4 68.4 307.0 68.3 306.7
  68.1 306.3 67.9 305.9 67.7 305.3 67.5 304.8 67.3 304.3 67.1 303.9 67.0 303.4
  66.9 303.0 66.8 302.6 66.7 302.1 66.6 301.7 66.5 301.3 66.4 300.9 66.3 300.5
  66.3 300.2 66.2 299.8 66.2 299.4 66.1 299.0 66.1 298.5 66.2 298.1 66.2 297.7
  66.3 297.3 66.4 296.9 66.6 296.6 66.7 296.3 66.9 296.0 67.2 295.7 67.5 295.5
  67.8 295.2 68.0 294.9 68.2 294.7 68.4 294.5 68.6 294.3 68.8 294.2 69.0 294.1
  69.2 294.1 69.3 294.1 69.5 294.1 69.7 294.2 69.8 294.2 69.9 294.2 70.1 294.1
  70.2 294.2 70.4 294.3 70.5 294.4 70.6 294.5 70.8 294.6 70.9 294.6 71.0 294.6
  71.2 294.7 71.3 294.7 71.5 294.6 71.6 294.6 71.8 294.5 71.9 294.3 72.0 294.2
  72.2 294.3 72.3 294.3 72.5 294.3 72.6 294.3 72.8 294.1 72.9 294.0 73.0 293.7
  73.1 293.5 73.3 293.2 73.5 292.9 73.6 292.6 73.8 292.3 74.0 291.9 74.2 291.6
  74.4 291.2 74.6 290.7 74.7 290.3 74.9 289.9 75.1 289.4 75.3 288.9 75.5 288.3
  75.7 287.5 75.8 286.7 76.0 285.7 76.1 284.7 76.3 283.2 76.5 281.6 76.6 279.8
  76.7 277.8 76.7 275.6 76.7 273.3 76.7 270.8 76.7 268.3 76.6 265.6 76.6 262.9
  76.4 260.2 76.3 257.5 76.2 254.8 76.1 252.0 76.1 249.2 76.0 246.3 76.1 243.5
  76.1 240.6 76.1 237.9 76.2 235.5 76.3 233.3 76.4 231.3 76.5 229.4 76.7 227.8
  76.8 226.4 77.0 225.3 77.1 224.4 77.3 223.8 77.5 223.4 77.7 223.1 77.9 223.0
  78.2 222.9 78.4 221.6 78.7 220.5 79.0 219.4 79.3 218.3 79.7 217.3 80.0 216.3
  80.3 215.3 80.7 212.7 81.1 210.1 81.5 207.2 81.9 204.1 82.3 200.6 82.6 195.3
  82.9 189.6 83.1 183.4 83.2 177.2 83.2 171.0 83.1 165.1 82.9 159.6 82.7 154.6
  82.4 150.1 82.1 145.9 81.8 142.2 81.5 139.9 81.2 137.9 80.8 136.1 80.5 134.5
  80.2 133.0 79.8 131.6 79.5 130.8 79.2 130.0 78.9 129.2 78.6 128.5 78.3 127.8
  77.9 127.1 77.6 126.6 77.3 126.1 77.0 125.7 76.6 125.4 76.3 125.2 75.9 125.0
  75.6 125.3 75.3 125.6 74.9 126.1 74.6 126.5 74.3 127.0 73.9 127.5 73.6 128.4
  73.3 129.2 72.9 130.0 72.6 130.7 72.2 131.4 71.8 132.0 71.5 133.0 71.1 134.0
  70.7 135.0 70.3 135.9 69.9 136.7 69.5 138.0 69.1 139.1 68.7 140.2 68.2 141.2
  67.7 142.1 67.1 143.2 66.5 144.2 65.8 145.1 65.1 146.1 64.4 147.1 63.6 148.0
  62.8 148.8 62.3 149.7 61.7 150.4 61.2 151.1 60.7 151.7 60.2 152.3 60.0 152.9
  59.8 153.4 59.7 153.8 59.5 154.3 59.4 154.7 59.2 155.2 59.1 155.7 59.0 156.1
  59.0 156.6 59.1 157.0 59.1 157.5 59.1 158.0 59.0 158.4 59.0 158.9 58.9 159.4
  58.8 159.9 58.7 160.5 58.8 161.0
   3 22 70  0.0
  72.5 321.4 72.2 321.5 71.9 321.6 71.7 321.1 71.5 320.7 71.3 320.3 71.0 320.0
  70.7 319.6 70.4 319.4 70.1 319.1 69.8 318.9 69.6 318.4 69.4 317.9 69.2 317.5
  69.0 317.1 68.8 316.7 68.7 316.3 68.5 315.9 68.2 315.4 67.9 315.0 67.7 314.5
  67.5 313.9 67.3 313.4 67.1 312.8 66.9 312.3 66.7 311.8 66.5 311.3 66.4 310.7
  66.2 310.2 66.1 309.6 65.9 309.0 65.8 308.3 65.7 307.6 65.7 306.9 65.7 306.1
  65.7 305.3 65.7 304.5 65.7 303.7 65.8 302.9 65.9 302.1 66.0 301.3 66.1 300.7
  66.3 300.0 66.4 299.3 66.6 298.6 66.8 297.9 67.0 297.2 67.2 296.4 67.4 295.5
  67.6 294.7 67.8 293.8 68.0 292.8 68.2 291.7 68.3 290.6 68.4 289.4 68.5 288.2
  68.7 286.8 68.8 285.4 68.9 283.8 69.0 282.0 69.2 279.9 69.2 277.5 69.2 274.8
  69.1 271.8 68.8 268.6 68.6 265.2 68.3 261.6 68.0 258.0 67.9 254.2 67.9 250.6
  67.9 247.0 67.9 243.4 67.9 239.8 67.8 236.6 67.8 233.9 67.8 231.5 67.8 229.2
  67.9 227.2 68.0 225.4 68.1 223.1 68.2 221.0 68.2 219.0 68.2 217.2 68.2 215.4
  68.1 213.8 68.0 212.3 67.9 211.7 67.8 211.1 67.6 210.5 67.5 210.0 67.3 209.4
  67.1 208.8 66.9 208.3 66.7 207.7 66.3 207.1 66.0 206.5 65.6 205.9 65.3 205.3
  64.9 204.8 64.4 204.3 64.0 203.7 63.6 203.5 63.1 203.2 62.7 202.9 62.2 202.6
  61.8 202.3 61.4 202.3 61.0 202.4 60.6 202.4 60.3 202.4 59.9 202.4 59.6 202.6
  59.3 202.8 58.9 202.9 58.5 203.0 58.2 203.1 57.8 203.1 57.4 203.5 56.9 203.9
  56.3 204.2 55.7 204.5 55.0 205.0 54.2 205.3 53.3 205.4 52.4 205.1 51.5 204.8
  50.6 203.9 49.8 203.1 48.9 201.9 48.1 200.9 47.2 199.9 46.2 199.3 45.0 198.8
  43.8 198.5 42.5 198.2 41.3 197.7 40.1 197.0 38.9 196.3 37.8 195.3 36.6 194.1
  35.4 192.7 34.5 191.2 33.4 189.5 32.4 187.7 31.5 185.6 30.6 183.8 30.3 181.9
  30.1 179.8 30.1 177.7 30.1 175.4 30.0 173.0 29.9 170.4 29.8 168.3 29.8 166.2
  30.1 164.2 30.5 162.0 31.0 160.0 31.4 158.1 31.8 156.4 32.2 154.9 32.5 153.3
  32.8 151.8 33.0 150.4 33.2 149.0 33.5 147.7 33.7 146.4 33.8 145.1 34.0 143.9
  34.1 142.4 34.1 141.1 34.2 139.9 34.2 138.8 34.2 137.7 34.2 136.5 34.3 135.4
  34.4 134.3 34.4 133.2 34.5 132.2 34.6 131.2 34.7 130.3 34.7 129.4 34.8 128.7
  34.9 127.9 34.7 127.2 34.6 126.4 34.5 125.6 34.4 124.7 34.5 123.9 34.4 123.0
  34.3 122.1 34.3 121.2 34.2 120.4 34.3 119.6 34.0 118.8 33.8 118.0 33.7 117.3
  33.5 116.7 33.4 116.0 33.3 115.4 33.2 114.7 33.1 114.0 33.1 113.4 33.0 112.7
  33.0 112.1 33.0 111.6 32.8 111.0 32.7 110.5 32.6 110.0 32.5 109.4 32.4 108.9
  32.3 108.4 32.2 107.9 32.0 107.4 31.9 106.9 31.9 106.3 31.8 105.7 31.8 105.0
  31.7 104.4 31.7 103.7 31.9 103.1 32.0 102.5 32.2 102.1 32.3 101.6 32.5 101.2
  32.6 100.8 32.8 100.4 33.0 100.0 33.0  99.6 33.1  99.1 33.2  98.7 33.2  98.3
  33.3  97.8 33.3  97.2 33.3  96.6 33.4  96.0 33.4  95.3 33.6  94.6 33.8  93.9
  34.0  93.2 34.2  92.4 34.5  91.8
   3 23 70  0.0
  72.5 321.4 71.8 320.8 71.1 319.3 70.2 318.0 69.3 316.8 68.5 314.8 67.4 313.1
  66.3 311.1 65.0 309.4 63.9 307.5 62.7 305.6 61.6 303.7 60.7 301.6 59.8 299.5
  59.2 297.2 58.6 295.0 58.3 292.7 57.9 290.4 57.7 288.3 57.5 286.2 57.4 284.0
  57.5 281.7 57.7 279.5 58.0 277.2 58.5 274.9 59.1 272.6 59.7 270.3 60.4 268.2
  61.2 266.1 61.9 264.2 62.6 262.3 63.3 260.6 64.0 258.9 64.6 257.3 65.3 255.9
  66.0 254.5 66.7 253.0 67.4 251.5 68.0 250.0 68.7 248.7 69.5 247.4 70.1 245.9
  70.9 244.7 71.6 243.4 72.2 241.9 72.9 240.6 73.5 239.0 74.2 237.3 74.8 235.8
  75.4 234.1 76.1 232.2 76.7 230.8 77.4 229.3 78.0 227.5 78.7 226.2 79.4 224.8
  80.1 223.2 80.8 221.8 81.5 220.2 82.1 218.3 82.8 216.2 83.4 213.6 83.9 210.5
  84.3 206.6 84.7 201.9 85.1 196.2 85.3 189.7 85.3 182.5 85.3 175.1 85.1 167.9
  84.9 161.2 84.6 155.2 84.1 150.2 83.6 146.0 83.2 142.4 82.7 139.3 82.3 136.5
  81.7 134.0 81.3 132.1 80.9 130.3 80.4 128.7 79.9 127.1 79.5 125.9 79.1 124.7
  78.7 123.6 78.3 122.5 77.8 121.4 77.5 120.6 77.1 119.7 76.8 118.9 76.5 118.2
  76.2 117.4 75.8 116.8 75.5 116.1 75.2 115.5 75.0 114.9 74.7 114.3 74.4 113.7
  74.2 113.1 73.9 112.5 73.7 111.9 73.6 111.2 73.5 110.6 73.5 109.9 73.4 109.2
  73.4 108.5 73.3 107.8 73.4 107.1 73.4 106.4 73.4 105.7 73.5 105.0 73.5 104.5
  73.5 104.1 73.5 103.8 73.5 103.6 73.6 103.5 73.6 103.6 73.6 103.8 73.6 104.2
  73.5 104.7 73.4 105.3 73.3 106.1 73.2 106.9 73.1 107.8 73.0 108.8 72.8 109.7
  72.5 110.7 72.3 111.6 72.1 112.6 71.7 113.5 71.4 114.2 71.2 114.9 70.9 115.5
  70.6 116.2 70.2 116.9 70.0 117.7 69.7 118.3 69.5 118.9 69.2 119.6 69.0 120.4
  68.9 121.1 68.7 122.0 68.5 122.8 68.4 123.8 68.2 124.8 68.1 125.8 67.9 126.9
  67.7 127.7 67.5 128.6 67.3 129.6 67.0 130.5 66.8 131.4 66.5 132.4 66.2 133.4
  65.9 134.5 65.6 135.3 65.3 136.3 64.9 137.3 64.6 138.2 64.2 139.2 63.9 140.1
  63.5 140.9 63.2 141.7 62.9 142.5 62.5 143.2 62.2 144.0 61.9 144.8 61.6 145.5
  61.3 146.2 61.1 146.9 60.8 147.5 60.5 148.2 60.2 148.8 59.9 149.5 59.7 150.0
  59.4 150.5 59.2 151.0 58.9 151.6 58.7 152.1 58.5 152.7 58.3 153.3 58.1 153.9
  57.9 154.5 57.8 155.0 57.6 155.5 57.5 156.0 57.3 156.4 57.2 156.9 57.2 157.3
  57.2 157.8 57.1 158.2 57.1 158.6 57.1 159.0 57.1 159.4 57.1 159.8 57.1 160.3
  57.2 160.8 57.3 161.3 57.3 161.8 57.4 162.4 57.5 163.0 57.6 163.7 57.6 164.4
  57.8 165.1 57.9 165.8 58.0 166.5 58.1 167.3 58.2 168.0 58.3 168.8 58.4 169.7
  58.4 170.5 58.5 171.4 58.5 172.2 58.4 173.1 58.3 174.0 58.2 174.8 58.1 175.5
  58.0 176.3 57.7 177.0 57.5 177.7 57.2 178.4 56.8 179.1 56.5 179.7 56.1 180.5
  55.6 181.2 55.1 181.9 54.6 182.6 54.0 183.3 53.4 184.0 52.9 184.6 52.3 185.1
  51.7 185.5 51.1 185.8 50.6 186.0 50.0 186.1 49.4 185.9 48.8 185.7 48.2 185.4
  47.6 185.1 47.0 184.6 46.3 184.0
   3 24 70  0.0
  72.5 321.4 71.9 320.9 71.3 319.6 70.8 318.3 70.2 317.2 69.6 316.1 68.9 314.3
  68.3 312.5 67.6 310.8 67.1 308.5 66.6 306.2 66.2 303.9 65.9 301.7 65.7 299.2
  65.7 296.6 65.6 294.0 65.8 291.4 66.2 288.8 66.6 286.6 67.3 284.6 68.0 282.7
  68.8 280.9 69.8 279.7 70.6 278.5 71.5 278.1 72.3 277.6 73.1 278.6 73.8 279.8
  74.3 281.3 74.8 283.3 75.2 285.7 75.4 288.3 75.5 291.0 75.6 293.8 75.6 296.4
  75.5 298.7 75.4 300.7 75.2 302.2 75.0 303.6 74.8 304.8 74.5 305.8 74.1 306.8
  73.8 307.8 73.4 308.9 72.8 309.9 72.2 310.8 71.5 311.7 70.7 311.8 69.8 312.1
  69.1 311.1 68.0 310.4 67.0 309.8 66.0 308.3 65.1 306.0 64.0 303.8 62.9 301.5
  61.8 298.9 60.8 296.1 59.9 293.1 59.0 290.4 58.1 287.4 57.4 284.2 56.9 281.3
  56.6 278.3 56.4 275.2 56.5 272.2 56.6 269.3 56.9 266.7 57.4 264.2 57.9 261.8
  58.3 259.6 58.7 257.1 59.2 254.9 59.7 252.9 60.2 251.2 60.7 249.4 61.3 247.7
  61.7 246.2 62.2 244.7 62.8 243.3 63.2 241.9 63.7 240.7 64.2 239.5 64.7 238.3
  65.2 237.2 65.7 236.2 66.3 235.2 66.8 234.1 67.3 233.1 67.8 232.0 68.4 230.9
  68.9 229.9 69.4 228.9 70.0 227.8 70.4 226.7 70.8 225.8 71.3 224.9 71.8 224.0
  72.2 223.0 72.7 222.3 73.2 221.6 73.8 220.9 74.5 220.2 75.2 220.0 75.8 219.8
  76.4 219.6 77.0 219.8 77.6 220.0 78.3 220.3 79.1 221.5 79.8 222.8 80.4 224.6
  81.1 227.2 81.7 230.6 82.2 235.1 82.7 239.6 83.0 245.0 83.1 251.1 83.2 257.4
  83.0 263.4 82.8 269.0 82.4 273.8 81.9 277.7 81.3 281.5 80.8 284.5 80.2 286.7
  79.5 288.5 78.9 289.7 78.2 290.6 77.4 291.4 76.8 291.4 76.1 291.5 75.3 291.4
  74.7 290.7 74.1 290.1 73.6 289.4 73.2 288.5 72.9 287.6 72.5 286.7 72.2 285.7
  72.0 284.7 71.8 283.8 71.6 282.8 71.4 281.8 71.3 280.7 71.2 279.5 70.9 278.2
  70.7 276.9 70.5 275.3 70.2 273.7 70.0 271.8 69.6 269.9 69.3 267.9 68.9 265.7
  68.5 263.3 68.0 260.7 67.6 258.0 67.2 255.7 66.9 253.3 66.6 251.0 66.4 248.7
  66.1 246.4 66.0 244.2 65.8 242.9 65.8 241.7 65.7 240.5 65.7 239.3 65.7 238.2
  65.7 237.0 65.7 235.9 65.8 234.7 65.9 233.6 66.0 232.5 66.1 230.7 66.2 229.0
  66.3 227.4 66.4 225.8 66.5 224.3 66.5 223.0 66.6 221.7 66.6 220.4 66.6 219.2
  66.6 218.1 66.6 217.0 66.6 215.9 66.4 215.0 66.3 214.0 66.2 213.2 66.1 212.4
  65.9 211.7 65.8 211.3 65.7 210.9 65.6 210.6 65.5 210.3 65.4 210.0 65.3 209.7
  65.2 209.5 65.0 209.2 64.9 208.9 64.7 208.6 64.6 208.4 64.4 208.1 64.2 207.9
  64.1 207.7 64.0 207.5 63.9 207.3 63.8 207.7 63.7 208.2 63.5 208.7 63.2 209.1
  63.0 209.6 62.7 210.0 62.5 210.4 62.2 210.8 62.0 211.2 61.7 211.8 61.5 212.4
  61.0 212.9 60.6 213.3 60.1 213.7 59.6 214.1 59.1 214.6 58.6 215.1 58.1 215.6
  57.6 216.1 57.0 216.6 56.3 217.1 55.6 217.5 54.9 217.8 54.2 218.0 53.5 218.2
  52.9 218.0 52.2 217.9 51.6 217.7 51.1 217.2 50.5 216.8 50.0 216.3 49.5 215.8
  49.2 215.1 48.9 214.2 48.7 213.4
   3 25 70  0.0
  72.5 321.4 73.3 322.1 74.0 322.9 74.7 324.5 75.1 326.3 75.5 328.3 75.7 330.5
  75.9 332.6 75.8 334.7 75.8 336.6 75.5 338.4 75.2 339.9 74.8 341.2 74.2 342.2
  73.6 343.0 73.0 342.4 72.3 341.7 71.5 340.9 70.8 339.0 70.1 337.2 69.3 335.4
  68.6 333.0 67.8 330.7 67.0 328.2 66.0 326.0 65.1 323.9 64.3 321.7 63.6 319.6
  63.1 317.3 62.5 315.2 62.1 313.0 61.6 310.9 61.3 308.9 60.9 307.0 60.7 305.2
  60.4 303.5 60.2 301.9 60.0 300.4 59.7 298.8 59.7 297.1 59.6 295.4 59.6 293.6
  59.7 291.8 59.7 290.0 59.7 288.3 59.7 286.5 59.7 284.7 59.7 282.9 59.7 281.1
  59.8 279.3 60.0 277.4 60.2 275.6 60.4 274.0 60.7 272.4 61.0 270.8 61.2 269.2
  61.5 267.6 61.7 265.9 62.0 264.2 62.2 262.4 62.5 260.8 62.8 259.2 63.1 257.6
  63.5 256.0 63.8 254.5 64.2 253.0 64.7 251.6 65.1 250.3 65.6 248.9 66.1 247.4
  66.6 246.0 67.1 244.6 67.6 243.0 68.0 241.4 68.4 239.9 68.9 238.4 69.3 236.8
  69.7 235.3 70.2 233.7 70.6 232.3 71.1 230.7 71.5 229.1 71.9 227.5 72.2 225.8
  72.5 224.2 72.8 222.4 73.1 220.7 73.3 218.9 73.6 217.2 73.8 215.5 74.0 213.9
  74.3 212.5 74.6 211.2 74.8 209.9 75.1 208.7 75.3 207.4 75.6 206.3 75.8 205.1
  76.0 204.1 76.3 203.0 76.5 202.0 76.8 200.9 77.1 199.9 77.3 199.0 77.5 198.1
  77.8 197.2 78.0 196.3 78.2 195.5 78.5 193.9 78.7 192.4 79.0 190.9 79.2 189.4
  79.4 188.0 79.5 186.6 79.7 185.3 79.8 184.0 79.9 182.7 80.0 181.5 80.0 180.2
  80.1 177.8 80.1 175.3 80.0 172.8 79.9 171.4 79.8 169.9 79.7 168.3 79.7 166.7
  79.5 165.0 79.4 163.2 79.2 161.4 79.0 159.6 78.7 157.8 78.4 155.9 78.1 154.1
  77.7 152.4 77.4 151.4 77.0 150.5 76.6 149.6 76.2 148.8 75.8 148.0 75.5 147.9
  75.1 147.8 74.8 147.7 74.5 147.7 74.2 147.6 74.0 147.5 73.8 148.0 73.7 148.6
  73.6 149.2 73.6 149.9 73.5 150.6 73.5 151.4 73.4 152.3 73.5 153.2 73.6 154.2
  73.7 155.2 73.7 156.4 73.9 157.7 74.1 159.1 74.3 159.9 74.5 160.7 74.8 161.6
  75.1 162.4 75.3 163.2 75.6 164.0 75.9 164.7 76.2 165.4 76.6 165.1 77.0 164.7
  77.5 164.2 77.9 163.7 78.2 163.2 78.5 161.4 78.9 159.6 79.2 157.7 79.4 155.8
  79.6 154.0 79.7 152.2 79.9 150.4 80.0 148.7 80.1 147.2 80.1 144.4 80.1 141.7
  79.9 139.2 79.7 138.4 79.5 137.7 79.3 137.1 79.1 136.7 78.9 136.2 78.6 135.9
  78.3 135.7 78.0 135.5 77.7 135.3 77.5 136.2 77.2 137.1 76.9 137.9 76.7 138.5
  76.4 139.1 76.1 139.5 75.8 139.9 75.6 141.0 75.3 142.0 75.1 142.9 74.9 143.7
  74.7 144.4 74.5 145.0 74.3 145.5 74.1 146.0 73.8 146.4 73.6 147.5 73.4 148.6
  73.2 149.6 73.1 150.6 72.9 151.5 72.8 152.4 72.7 153.3 72.7 154.2 72.7 155.1
  72.7 156.0 72.8 156.9 72.9 157.9 73.0 158.9 73.1 159.9 73.1 161.1 73.2 162.2
  73.4 163.4 73.4 164.7 73.6 166.1 73.8 167.4 74.0 168.9 74.2 170.4 74.5 170.4
  74.7 170.4 75.0 170.5 75.2 170.6 75.4 170.8 75.6 171.1 75.7 171.4 75.8 171.8
  76.0 172.3 76.1 172.8 76.3 172.1
   3 26 70  0.0
  72.5 321.4 72.9 320.6 73.2 319.9 73.5 319.2 73.8 318.6 74.0 317.9 74.4 317.6
  74.7 317.4 75.0 317.3 75.3 317.3 75.6 317.3 75.9 317.5 76.2 317.8 76.5 318.4
  76.8 319.2 77.1 320.1 77.4 321.2 77.7 322.5 78.1 324.1 78.4 325.4 78.8 327.0
  79.1 328.8 79.4 331.0 79.7 333.4 80.0 336.1 80.1 338.9 80.3 340.5 80.3 342.1
  80.3 343.6 80.3 345.0 80.1 346.2 80.0 347.3 79.8 348.9 79.5 350.2 79.2 351.2
  78.9 351.8 78.4 352.2 77.9 352.4 77.5 352.6 76.9 352.6 76.3 352.6 75.7 352.5
  75.0 351.5 74.4 350.5 73.7 349.5 73.1 347.3 72.5 345.1 71.9 342.9 71.2 339.9
  70.5 337.1 69.7 334.5 68.9 331.8 68.0 329.4 67.1 326.9 66.2 324.5 65.2 322.3
  64.4 320.0 63.5 317.8 62.7 315.8 62.0 313.8 61.2 311.9 60.7 310.1 60.0 308.3
  59.3 306.6 58.8 305.0 58.2 303.4 57.9 301.7 57.5 300.1 57.2 298.5 57.0 296.9
  56.9 295.3 56.8 293.6 56.7 291.9 56.6 290.1 56.5 288.4 56.4 286.5 56.4 284.7
  56.4 282.8 56.5 280.9 56.5 279.1 56.7 277.3 56.8 275.5 57.0 273.8 57.1 272.2
  57.3 270.6 57.5 269.1 57.7 267.6 57.9 266.2 58.2 264.9 58.5 263.3 58.8 261.8
  59.1 260.4 59.4 258.9 59.6 257.6 59.9 256.3 60.2 255.0 60.6 253.6 61.0 252.3
  61.5 250.9 61.9 249.6 62.4 248.4 62.9 247.0 63.3 245.7 63.7 244.4 64.2 243.1
  64.6 241.6 65.0 240.2 65.4 238.8 65.8 237.3 66.3 235.9 66.6 234.5 67.0 233.1
  67.4 231.8 67.7 230.5 68.0 229.3 68.2 228.1 68.6 226.8 68.8 225.6 69.0 224.5
  69.2 223.3 69.3 222.3 69.4 221.3 69.5 220.3 69.6 219.4 69.6 218.5 69.7 217.6
  69.7 216.8 69.7 216.0 69.7 215.2 69.7 214.4 69.7 213.7 69.7 212.9 69.6 212.2
  69.6 211.5 69.5 210.8 69.5 210.2 69.4 209.7 69.4 209.2 69.4 208.7 69.3 208.3
  69.3 207.9 69.3 207.6 69.2 207.3 69.2 207.1 69.2 206.9 69.1 206.7 69.1 206.5
  69.1 206.3 69.1 206.1 69.1 205.9 69.0 205.7 69.0 205.5 69.0 205.3 69.0 205.0
  68.9 204.8 68.9 204.5 68.9 204.3 68.9 204.1 68.9 203.8 68.8 203.6 68.8 203.3
  68.7 203.1 68.7 202.8 68.7 202.6 68.6 202.4 68.6 202.1 68.6 201.9 68.5 201.6
  68.5 201.4 68.5 201.1 68.5 200.9 68.4 200.7 68.4 200.5 68.3 200.2 68.2 200.1
  68.1 199.9 67.9 199.7 67.8 200.0 67.5 200.2 67.4 200.4 67.2 200.7 66.9 201.0
  66.7 201.2 66.4 201.4 66.2 201.5 65.9 201.6 65.6 201.8 65.3 202.0 64.9 202.1
  64.6 202.1 64.2 202.1 63.8 201.9 63.4 201.8 62.9 201.6 62.4 201.4 62.0 201.2
  61.5 201.3 61.1 201.4 60.6 201.5 60.2 201.6 59.7 201.7 59.3 202.1 58.9 202.5
  58.5 202.8 58.1 203.1 57.7 203.4 57.2 203.8 56.7 204.1 56.1 204.3 55.3 204.6
  54.5 204.8 53.5 204.9 52.4 204.8 51.0 204.8 49.6 204.3 48.0 203.1 46.5 201.6
  44.9 200.0 43.4 198.5 41.9 197.1 40.3 195.6 38.9 194.2 37.5 192.6 36.1 190.7
  35.2 188.7 34.3 186.2 33.8 183.5 33.6 180.8 33.3 178.3 33.7 176.2 34.0 174.2
  34.7 172.3 35.4 170.4 36.2 168.7 37.1 167.3 38.0 165.9 38.8 164.5 39.6 163.1
  40.2 161.7 40.7 160.2 41.3 158.6
   3 27 70  0.0
  72.5 321.4 72.3 319.3 72.1 317.4 72.0 315.5 71.8 313.7 71.6 312.0 71.4 310.4
  71.2 308.8 71.0 307.2 70.9 305.7 70.7 304.2 70.5 302.7 70.3 301.3 70.2 299.8
  70.0 298.5 69.9 297.3 69.7 296.6 69.6 295.9 69.5 295.1 69.3 294.4 69.2 293.7
  69.0 293.0 68.9 292.3 68.7 291.5 68.5 290.8 68.2 290.1 68.0 289.5 67.8 289.2
  67.5 288.9 67.3 288.6 67.0 288.3 66.7 288.0 66.4 287.7 66.0 287.4 65.6 287.2
  65.1 286.9 64.7 286.6 64.2 286.3 63.6 286.0 63.1 285.6 62.6 285.2 62.2 284.8
  61.7 284.4 61.2 284.1 60.8 283.8 60.4 283.5 60.0 283.1 59.7 282.7 59.3 282.5
  59.1 282.2 58.8 281.9 58.5 281.6 58.3 281.3 58.1 280.9 57.8 280.5 57.6 280.3
  57.4 280.1 57.2 279.8 57.1 279.5 56.9 279.2 56.8 278.9 56.7 278.5 56.5 278.1
  56.4 277.5 56.2 277.0 56.0 276.3 55.9 275.6 55.7 275.1 55.5 274.6 55.3 274.1
  55.0 273.5 54.7 272.9 54.4 272.3 54.1 271.7 53.8 271.1 53.6 270.8 53.3 270.4
  53.0 270.1 52.8 269.7 52.5 269.3 52.3 269.0 52.1 268.6 51.8 268.2 51.6 267.9
  51.5 267.5 51.4 267.2 51.3 266.8 51.2 266.4 51.1 266.0 51.0 265.6 50.9 265.2
  50.9 264.8 50.8 264.4 50.8 263.9 50.9 263.5 50.9 263.0 51.0 262.6 51.1 262.1
  51.2 261.6 51.2 261.1 51.3 260.6 51.4 260.2 51.4 259.7 51.6 259.2 51.8 258.8
  52.0 258.4 52.2 257.8 52.4 257.3 52.7 256.8 52.9 256.4 53.2 255.9 53.4 255.5
  53.7 255.0 53.9 254.6 54.2 254.1 54.4 253.4 54.7 252.7 54.9 252.1 55.2 251.4
  55.5 250.8 55.9 250.3 56.3 249.8 56.6 248.9 57.0 248.2 57.3 247.4 57.6 246.6
  57.9 245.9 58.2 245.2 58.5 244.3 58.8 243.5 59.2 242.6 59.5 241.8 59.9 240.9
  60.3 240.1 60.7 239.1 61.0 238.1 61.4 237.1 61.7 236.2 62.1 235.3 62.4 234.3
  62.7 233.4 63.0 232.4 63.3 231.5 63.6 230.6 63.8 229.7 64.1 228.7 64.4 227.8
  64.5 226.8 64.7 225.9 64.8 225.0 65.0 224.1 65.2 223.2 65.3 222.3 65.3 221.4
  65.5 220.5 65.6 219.5 65.6 218.6 65.6 217.6 65.6 216.6 65.7 215.6 65.6 214.7
  65.5 213.7 65.4 212.8 65.4 212.0 65.2 211.2 65.0 210.4 64.9 209.7 64.7 209.0
  64.5 208.4 64.4 207.8 64.1 207.3 63.8 206.8 63.6 206.1 63.3 205.4 63.0 204.9
  62.7 204.3 62.4 203.9 62.1 203.5 61.8 203.2 61.5 202.7 61.3 202.2 61.0 201.7
  60.8 201.3 60.5 201.0 60.3 200.7 60.1 200.4 59.9 200.2 59.7 199.5 59.5 199.0
  59.4 198.5 59.2 198.0 59.1 197.5 59.0 197.1 59.0 196.7 58.9 196.3 58.9 196.0
  58.9 195.7 58.8 195.5 58.8 195.3 58.8 195.2 58.8 195.1 58.8 195.1 58.8 195.1
  58.8 195.1 58.9 195.2 58.9 195.4 59.0 195.6 59.0 195.8 59.0 196.0 59.0 196.2
  58.9 196.5 58.8 196.9 58.6 197.2 58.4 197.6 58.2 198.0 58.0 198.5 57.7 199.2
  57.4 200.1 56.8 200.9 56.2 201.6 55.5 202.3 54.9 202.9 54.1 203.3 53.3 203.7
  52.4 203.7 51.3 203.7 50.2 203.3 48.9 203.0 47.5 202.4 46.0 201.7 44.4 201.0
  42.8 200.0 41.2 198.8 39.9 197.3 38.6 195.6 37.6 193.8 36.6 191.9 36.2 189.8
  35.6 187.7 35.9 185.3 36.0 182.8
   3 28 70  0.0
  72.5 321.4 72.4 320.1 72.3 318.8 72.2 317.6 72.1 316.4 72.0 315.2 71.9 314.1
  71.7 313.0 71.5 312.0 71.4 311.0 71.3 310.0 71.1 309.1 70.9 308.2 70.7 307.4
  70.5 306.5 70.4 305.7 70.2 304.8 70.0 304.0 69.8 303.4 69.7 302.9 69.5 302.4
  69.3 301.8 69.2 301.3 69.0 300.8 68.7 300.3 68.5 299.9 68.3 299.4 68.1 298.9
  67.9 298.4 67.8 298.5 67.6 298.6 67.4 298.7 67.2 298.8 66.9 298.9 66.7 299.0
  66.5 299.1 66.2 299.2 66.0 299.3 65.7 299.9 65.4 300.4 65.1 300.9 64.8 301.2
  64.5 301.5 64.2 301.6 63.9 301.8 63.6 302.3 63.3 302.7 62.9 303.1 62.6 303.4
  62.2 303.6 61.8 303.8 61.4 304.3 61.0 304.8 60.5 305.1 60.0 305.4 59.4 306.0
  58.8 306.4 58.2 306.8 57.4 307.1 56.7 307.6 55.8 308.1 54.9 308.6 53.9 309.0
  53.0 309.2 52.1 309.3 51.1 309.4 50.2 309.5 49.3 309.5 48.4 309.4 47.5 309.3
  46.7 309.1 46.0 308.9 45.3 308.3 44.6 307.7 43.7 307.1 42.9 306.4 42.2 305.8
  41.5 305.2 40.9 304.5 40.4 303.9 39.5 303.3 38.6 302.6 37.9 301.9 37.2 300.9
  36.7 299.7 35.8 298.5 35.1 297.2 34.4 295.7 33.6 294.1 32.9 292.6 32.3 290.9
  31.6 289.2 31.0 287.5 30.4 285.8 29.8 284.0 29.5 282.3 29.1 280.6 28.8 278.7
  28.7 276.8 28.6 275.0 28.7 273.3 28.8 271.7 28.9 270.2 29.0 268.7 29.1 267.4
  29.3 266.1 29.4 264.9 29.6 263.8 29.9 262.7 30.2 261.8 30.5 260.9 30.9 260.1
  31.4 259.3 31.7 258.6 32.0 257.9 32.4 257.1 32.7 256.3 33.1 255.6 33.4 254.9
  33.8 254.2 34.1 253.6 34.6 253.0 35.0 252.5 35.6 252.0 36.0 251.5 36.4 251.0
  36.8 250.5 37.3 250.0 37.8 249.5 38.3 248.9 38.9 248.4 39.5 247.8 39.9 247.2
  40.2 246.6 40.7 246.1 41.2 245.6 41.7 245.2 42.3 244.7 42.9 244.3 43.5 243.9
  43.9 243.4 44.3 243.0 44.7 242.4 45.1 241.7 45.4 241.1 45.8 240.3 46.2 239.6
  46.5 238.8 46.8 237.9 47.2 237.2 47.6 236.4 48.0 235.6 48.2 234.9 48.4 234.2
  48.6 233.4 48.7 232.7 48.8 232.0 48.6 231.2 48.5 230.5 48.4 229.7 48.3 228.9
  48.3 228.1 48.3 227.3 48.1 226.6 47.9 225.8 47.7 225.1 47.4 224.4 47.2 223.8
  46.7 223.1 46.3 222.4 45.9 221.7 45.6 221.0 45.3 220.2 45.1 219.4 44.8 218.6
  44.6 217.8 44.4 216.9 44.2 216.0 44.0 215.1 43.8 214.3 43.6 213.6 43.3 212.8
  43.2 212.0 42.9 211.2 42.7 210.3 42.6 209.4 42.4 208.6 42.3 207.7 42.1 206.8
  41.9 205.9 41.8 205.1 41.7 204.3 41.5 203.5 41.2 202.7 41.0 201.9 40.7 201.0
  40.5 200.1 40.3 199.1 40.0 198.0 39.8 196.9 39.6 195.9 39.3 194.8 39.0 193.6
  38.7 192.5 38.5 191.3 38.1 190.0 37.7 188.8 37.4 187.8 37.0 186.7 36.7 185.5
  36.4 184.3 36.1 182.9 35.9 181.5 35.7 180.5 35.5 179.3 35.2 178.2 35.0 176.9
  34.7 175.6 34.3 174.2 33.8 172.7 33.5 171.3 33.1 169.7 32.7 168.1 32.3 166.2
  31.8 164.3 31.4 162.8 30.9 161.1 30.4 159.4 30.0 157.7 29.6 156.3 29.2 154.9
  28.7 153.3 28.4 151.7 28.1 150.1 27.8 148.4 27.5 147.1 27.2 145.8 27.0 144.6
  26.7 143.3 26.5 141.9 26.2 140.6
   3 29 70  0.0
  72.5 321.4 72.8 320.2 73.2 319.1 73.4 317.9 73.7 316.7 73.9 315.6 74.2 314.4
  74.4 313.6 74.6 312.7 74.8 312.0 75.0 311.2 75.2 310.5 75.4 309.9 75.6 309.3
  75.7 308.7 75.9 308.1 76.1 307.4 76.2 306.9 76.3 306.4 76.5 305.9 76.6 305.4
  76.7 304.9 76.8 304.4 76.9 303.9 77.0 303.3 77.1 302.8 77.2 302.3 77.3 301.8
  77.5 301.3 77.6 300.9 77.7 300.4 77.8 300.0 78.0 299.6 78.2 299.2 78.4 298.7
  78.6 298.2 78.8 297.7 79.0 297.2 79.3 296.6 79.5 296.1 79.8 295.5 80.1 294.9
  80.4 293.7 80.7 292.5 81.1 291.1 81.4 289.6 81.7 287.9 82.0 286.1 82.4 283.4
  82.8 280.3 83.1 277.0 83.4 273.4 83.6 269.7 83.8 265.7 84.0 261.5 84.1 257.0
  84.2 252.1 84.3 247.0 84.3 241.7 84.2 236.4 84.0 231.5 83.7 227.1 83.4 223.7
  83.0 220.6 82.6 217.8 82.1 215.4 81.6 213.2 81.1 212.1 80.6 211.0 80.1 210.1
  79.5 209.2 79.0 209.0 78.5 208.9 77.9 208.8 77.5 209.0 77.1 209.3 76.6 209.5
  76.2 209.8 75.7 210.0 75.4 210.3 75.0 210.6 74.6 210.9 74.3 211.3 73.9 211.7
  73.6 211.6 73.3 211.5 73.0 211.5 72.7 211.5 72.4 211.5 72.1 211.6 71.8 211.7
  71.6 211.5 71.3 211.4 71.1 211.3 70.8 211.3 70.6 211.4 70.3 211.4 70.1 211.6
  69.9 211.7 69.7 211.3 69.5 211.0 69.3 210.7 69.2 210.4 69.0 210.2 68.8 210.1
  68.7 209.9 68.5 209.8 68.4 209.8 68.2 209.8 68.1 209.8 68.0 209.8 67.9 209.4
  67.8 209.0 67.8 208.7 67.8 208.4 67.8 208.2 67.8 208.0 67.8 207.8 67.8 207.6
  67.8 207.5 67.8 207.4 67.9 207.3 68.0 207.2 68.1 207.1 68.2 207.2 68.4 207.3
  68.6 207.5 68.8 207.6 69.0 207.7 69.3 207.7 69.5 207.8 69.8 207.9 70.1 207.9
  70.5 208.0 70.8 208.1 71.1 208.1 71.5 208.1 71.8 208.0 72.1 207.9 72.5 207.6
  72.9 207.3 73.3 206.9 73.7 206.5 74.1 206.0 74.5 205.3 74.9 204.5 75.4 203.7
  75.7 202.8 76.0 201.9 76.4 200.6 76.7 199.2 77.0 197.7 77.3 196.2 77.5 194.5
  77.7 192.8 77.9 191.0 78.0 189.1 78.1 186.7 78.2 184.3 78.2 181.9 78.2 179.5
  78.1 177.2 78.0 174.9 77.9 172.8 77.8 171.2 77.6 169.6 77.5 168.2 77.4 166.8
  77.2 165.4 77.0 164.2 76.9 163.0 76.7 161.9 76.6 160.9 76.4 160.0 76.2 159.1
  76.1 158.4 75.9 157.7 75.7 157.9 75.6 158.1 75.4 158.4 75.3 158.7 75.1 159.1
  75.0 159.5 74.8 159.9 74.7 160.2 74.6 160.5 74.5 160.7 74.4 160.9 74.3 161.1
  74.2 161.3 74.2 161.5 74.2 161.6 74.1 161.7 74.1 161.9 74.1 162.0 74.1 162.2
  74.2 162.5 74.2 162.8 74.2 163.1 74.2 163.5 74.3 164.0 74.3 164.5 74.3 165.0
  74.3 165.6 74.3 166.2 74.4 166.9 74.4 167.6 74.4 168.2 74.4 168.9 74.5 169.5
  74.5 170.1 74.6 170.7 74.6 171.3 74.7 172.0 74.8 172.7 74.8 173.4 74.9 174.2
  75.0 174.9 75.1 175.8 75.3 176.6 75.4 177.5 75.6 178.4 75.8 179.3 76.1 180.2
  76.4 180.4 76.8 180.5 77.1 180.8 77.5 181.0 77.9 181.2 78.3 181.5 78.8 180.8
  79.3 180.1 79.7 179.2 80.1 178.3 80.5 176.4 80.9 174.3 81.1 171.9 81.3 169.4
  81.5 166.6 81.6 163.8 81.5 160.8
   3 30 70  0.0
  72.5 321.4 72.9 320.3 73.4 319.1 73.6 318.0 73.9 316.8 74.2 315.6 74.5 314.3
  74.7 313.1 75.0 311.9 75.1 310.7 75.3 309.5 75.5 308.3 75.7 307.2 75.8 306.1
  76.0 305.0 76.2 303.9 76.3 302.8 76.5 301.8 76.6 300.7 76.8 299.6 76.9 298.5
  77.0 297.4 77.1 296.4 77.3 295.3 77.4 294.2 77.5 293.1 77.6 292.1 77.7 291.2
  77.8 290.3 77.9 289.5 78.0 288.7 78.1 287.9 78.2 286.6 78.3 285.3 78.4 284.0
  78.6 282.6 78.7 281.2 78.8 279.7 78.9 278.3 79.0 276.9 79.1 275.5 79.2 274.1
  79.3 272.7 79.4 271.3 79.5 269.9 79.6 268.5 79.6 267.1 79.7 265.7 79.8 264.3
  79.8 262.9 79.8 261.4 79.8 259.9 79.8 258.3 79.7 256.6 79.7 254.9 79.6 253.2
  79.5 251.5 79.4 249.7 79.2 247.9 79.0 246.1 78.9 244.3 78.7 242.5 78.4 240.8
  78.1 239.2 77.8 237.7 77.5 236.5 77.2 235.2 76.9 234.0 76.6 232.8 76.2 231.6
  75.9 230.5 75.6 229.4 75.3 228.4 74.9 227.3 74.6 226.3 74.3 225.3 73.9 224.3
  73.6 223.4 73.3 222.5 73.0 221.5 72.7 220.5 72.3 219.6 71.9 218.6 71.6 217.6
  71.2 216.7 70.8 215.7 70.3 214.8 69.9 213.8 69.4 213.0 69.0 212.2 68.6 211.3
  68.1 210.4 67.6 209.5 67.2 208.6 66.7 207.8 66.2 206.9 65.6 206.0 65.0 205.4
  64.4 204.9 63.8 204.3 63.3 204.1 62.7 203.8 62.1 203.5 61.5 203.0 61.0 202.7
  60.4 202.3 59.8 201.8 59.3 201.4 58.8 201.0 58.3 200.5 57.8 200.0 57.4 199.8
  57.1 199.6 56.8 199.4 56.6 199.2 56.4 199.0 56.4 198.9 56.4 198.7 56.4 198.5
  56.5 198.4 56.7 198.2 56.9 197.9 57.0 197.7 57.2 197.5 57.2 197.3 57.3 197.2
  57.3 197.0 57.2 196.8 57.1 196.7 57.1 196.6 56.9 196.5 56.8 196.4 56.6 196.4
  56.5 196.4 56.3 196.3 56.1 196.1 55.9 195.8 55.8 195.9 55.7 195.9 55.6 195.8
  55.5 195.6 55.3 195.3 55.1 194.9 54.8 194.4 54.6 193.8 54.2 193.1 53.9 192.5
  53.6 192.3 53.3 192.1 53.0 191.9 52.7 191.6 52.4 191.2 52.1 190.9 51.7 190.4
  51.4 190.3 51.0 190.0 50.5 189.7 50.0 189.3 49.5 188.9 48.9 188.7 48.3 188.4
  47.6 188.1 46.9 187.9 46.1 187.6 45.3 187.3 44.4 186.9 43.5 186.5 42.7 185.9
  41.8 185.3 40.9 184.5 40.0 183.6 39.6 182.5 39.1 181.2 38.6 179.7 38.4 178.2
  38.0 176.7 37.6 175.2 37.2 173.7 36.7 172.2 36.2 170.6 35.8 169.0 35.3 167.0
  35.3 164.8 35.2 162.4 35.2 159.9 35.2 157.3 35.3 154.9 35.4 152.5 35.6 150.2
  35.6 147.9 35.4 145.7 35.3 143.6 35.2 141.5 35.2 139.5 35.1 137.6 35.1 135.7
  35.0 133.8 35.0 132.0 35.0 130.2 35.0 128.5 35.0 126.9 34.9 125.4 34.8 124.0
  34.9 122.5 34.9 121.2 35.0 119.9 35.2 118.6 35.4 117.3 35.5 116.1 35.7 114.9
  35.8 113.8 36.0 112.7 36.1 111.6 36.2 110.2 36.4 108.9 36.5 107.6 36.7 106.4
  36.8 105.3 37.0 104.3 37.2 103.4 37.4 102.6 37.7 101.8 38.0 101.1 38.3 100.5
  38.7  99.7 38.9  98.9 39.2  98.3 39.5  97.6 39.8  97.0 40.2  96.5 40.6  95.8
  40.8  95.1 41.1  94.5 41.4  93.9 41.8  93.2 42.1  92.6 42.5  92.0 43.0  91.5
  43.3  91.0 43.7  90.5 44.1  90.0
   3 31 70  0.0
  72.5 321.4 72.7 320.4 72.8 319.3 72.8 318.2 72.8 317.2 72.9 316.1 72.9 315.1
  72.8 314.2 72.6 313.3 72.5 312.4 72.3 311.7 72.1 311.0 71.7 310.4 71.4 309.9
  71.1 309.4 70.8 309.1 70.5 308.7 70.1 308.5 69.8 308.3 69.4 308.2 69.0 308.2
  68.5 308.2 68.0 308.3 67.5 308.4 66.9 308.3 66.2 308.3 65.5 308.2 64.9 308.2
  64.2 308.1 63.4 308.1 62.7 308.3 61.9 308.4 61.1 308.8 60.2 309.1 59.3 309.4
  58.4 309.7 57.4 310.0 56.5 310.2 55.6 310.4 54.7 310.4 53.8 310.5 53.0 310.5
  52.3 310.4 51.6 310.3 50.9 310.1 50.3 309.9 49.8 309.6 49.3 309.2 48.8 308.8
  48.4 308.3 48.1 307.8 47.8 307.3 47.5 306.8 47.3 306.3 47.1 305.8 46.8 305.3
  46.6 304.9 46.4 304.4 46.2 304.0 46.0 303.7 45.5 303.3 44.9 303.0 44.4 302.7
  43.9 302.3 43.5 301.6 43.0 300.9 42.6 300.0 42.1 299.1 41.8 298.0 41.5 296.7
  41.1 295.3 40.8 293.9 40.5 292.4 40.1 291.0 39.6 289.5 39.1 288.1 38.6 286.6
  38.3 284.9 38.0 283.3 37.9 281.7 37.8 280.2 37.7 278.8 37.6 277.5 37.4 276.2
  37.2 274.9 36.9 273.7 36.7 272.4 36.5 271.2 36.5 269.9 36.6 268.7 36.7 267.5
  36.8 266.4 37.0 265.3 37.1 264.4 37.3 263.5 37.2 262.6 37.2 261.8 37.1 261.0
  37.1 260.2 37.2 259.4 37.3 258.6 37.5 257.8 37.7 257.0 38.0 256.3 38.4 255.7
  38.5 255.1 38.6 254.5 38.8 253.9 39.0 253.3 39.2 252.6 39.5 252.0 39.8 251.3
  40.1 250.7 40.5 250.1 40.9 249.5 41.3 248.8 41.8 248.3 42.3 247.7 42.7 247.2
  43.2 246.7 43.7 246.2 44.2 245.7 44.7 245.1 45.2 244.6 45.8 244.0 46.3 243.4
  46.8 242.8 47.4 242.2 47.9 241.6 48.4 241.0 48.9 240.4 49.5 239.7 49.8 239.1
  50.2 238.5 50.5 237.7 50.8 236.9 51.2 236.1 51.6 235.2 51.7 234.3 51.9 233.4
  52.1 232.5 52.4 231.5 52.3 230.6 52.4 229.7 52.4 228.8 52.5 227.9 52.2 227.0
  51.9 226.0 51.6 225.0 51.4 223.9 50.8 222.9 50.3 221.8 49.8 220.8 49.3 219.9
  48.4 219.1 47.5 218.3 46.7 217.6 45.8 216.9 45.1 216.2 44.4 215.5 43.5 214.7
  42.7 213.9 42.1 213.2 41.4 212.3 40.9 211.6 40.3 210.8 39.6 210.0 39.1 209.3
  38.5 208.6 38.0 207.8 37.3 207.3 36.7 206.7 36.1 206.0 35.6 205.4 35.2 204.9
  34.9 204.3 34.5 203.8 33.7 203.2 32.9 202.7 32.1 202.2 31.3 201.7 30.5 201.0
  29.9 200.2 29.4 199.6 29.2 199.0 29.1 198.4 29.0 197.9 29.0 197.3 29.0 196.9
  29.1 196.5 29.2 196.3 29.4 196.1 29.6 196.0 29.9 196.0 30.1 196.0 30.4 195.9
  30.3 195.7 30.2 195.4 30.1 195.1 30.1 194.8 30.1 194.4 30.0 194.0 30.0 193.5
  30.0 193.1 30.0 192.6 30.0 192.2 30.1 191.8 29.9 191.3 29.8 191.0 29.7 190.7
  29.6 190.4 29.5 190.1 29.4 189.7 29.4 189.4 29.3 189.0 29.2 188.6 29.2 188.2
  29.1 187.9 28.8 187.5 28.6 187.1 28.4 186.7 28.2 186.2 28.0 185.8 27.9 185.4
  27.8 185.2 27.7 185.0 27.7 184.8 27.6 184.6 27.6 184.4 27.6 184.2 27.7 184.0
  27.5 183.7 27.3 183.5 27.1 183.3 26.9 183.1 26.8 182.8 26.7 182.6 26.5 182.4
  26.4 182.1 26.3 181.9 26.2 181.6
